3500.000	0.0000
3500.900	0.0000
3501.800	0.0000
3502.700	0.0000
3503.600	0.0000
3504.500	0.0000
3505.400	0.0000
3506.300	0.0000
3507.200	0.0000
3508.100	0.0000
3509.000	0.0000
3509.900	0.0000
3510.800	0.0000
3511.700	0.0000
3512.600	0.0000
3513.500	0.0000
3514.400	0.0000
3515.300	0.0000
3516.200	0.0000
3517.100	0.0000
3518.000	0.0000
3518.900	0.0000
3519.800	0.0000
3520.700	0.0000
3521.600	0.0000
3522.500	0.0000
3523.400	0.0000
3524.300	0.0000
3525.200	0.0000
3526.100	0.0000
3527.000	0.0000
3527.900	0.0000
3528.800	0.0000
3529.700	0.0000
3530.600	0.0000
3531.500	0.0000
3532.400	0.0000
3533.300	0.0000
3534.200	-0.0011
3535.100	0.0128
3536.000	0.2385
3536.900	0.3081
3537.800	0.3158
3538.700	0.3276
3539.600	0.3412
3540.500	0.3413
3541.400	0.3201
3542.300	0.3019
3543.200	0.3046
3544.100	0.3138
3545.000	0.3150
3545.900	0.3141
3546.800	0.3086
3547.700	0.3001
3548.600	0.3020
3549.500	0.3081
3550.400	0.3085
3551.300	0.3007
3552.200	0.2907
3553.100	0.2809
3554.000	0.2739
3554.900	0.2829
3555.800	0.3023
3556.700	0.3109
3557.600	0.3001
3558.500	0.2809
3559.400	0.2721
3560.300	0.2744
3561.200	0.2805
3562.100	0.2927
3563.000	0.3088
3563.900	0.3034
3564.800	0.2615
3565.700	0.2157
3566.600	0.2039
3567.500	0.2222
3568.400	0.2340
3569.300	0.2178
3570.200	0.1959
3571.100	0.1915
3572.000	0.2153
3572.900	0.2444
3573.800	0.2601
3574.700	0.2634
3575.600	0.2639
3576.500	0.2689
3577.400	0.2742
3578.300	0.2729
3579.200	0.2554
3580.100	0.2361
3581.000	0.2073
3581.900	0.1593
3582.800	0.1395
3583.700	0.1670
3584.600	0.1933
3585.500	0.1843
3586.400	0.1616
3587.300	0.1527
3588.200	0.1635
3589.100	0.1752
3590.000	0.1812
3590.900	0.2046
3591.800	0.2553
3592.700	0.3037
3593.600	0.3101
3594.500	0.2992
3595.400	0.3072
3596.300	0.3279
3597.200	0.3577
3598.100	0.3797
3599.000	0.3805
3599.900	0.3723
3600.800	0.3760
3601.700	0.3807
3602.600	0.3506
3603.500	0.3012
3604.400	0.2805
3605.300	0.2823
3606.200	0.2803
3607.100	0.2938
3608.000	0.3144
3608.900	0.2958
3609.800	0.2463
3610.700	0.2209
3611.600	0.2456
3612.500	0.2873
3613.400	0.2975
3614.300	0.2799
3615.200	0.2888
3616.100	0.3294
3617.000	0.3494
3617.900	0.3173
3618.800	0.2475
3619.700	0.1955
3620.600	0.2026
3621.500	0.2562
3622.400	0.3217
3623.300	0.3638
3624.200	0.3582
3625.100	0.3374
3626.000	0.3519
3626.900	0.3915
3627.800	0.4175
3628.700	0.4182
3629.600	0.4048
3630.500	0.3672
3631.400	0.2876
3632.300	0.2244
3633.200	0.2380
3634.100	0.2798
3635.000	0.2883
3635.900	0.2871
3636.800	0.3004
3637.700	0.3095
3638.600	0.3195
3639.500	0.3511
3640.400	0.3923
3641.300	0.4055
3642.200	0.3863
3643.100	0.3563
3644.000	0.3337
3644.900	0.3145
3645.800	0.2899
3646.700	0.2859
3647.600	0.2895
3648.500	0.2775
3649.400	0.2832
3650.300	0.3112
3651.200	0.3306
3652.100	0.3424
3653.000	0.3686
3653.900	0.3959
3654.800	0.3948
3655.700	0.3826
3656.600	0.3892
3657.500	0.4061
3658.400	0.4166
3659.300	0.4248
3660.200	0.4264
3661.100	0.4181
3662.000	0.4141
3662.900	0.4167
3663.800	0.4033
3664.700	0.3833
3665.600	0.3815
3666.500	0.3882
3667.400	0.3909
3668.300	0.3954
3669.200	0.3891
3670.100	0.3609
3671.000	0.3491
3671.900	0.3814
3672.800	0.4215
3673.700	0.4298
3674.600	0.4159
3675.500	0.4173
3676.400	0.4256
3677.300	0.4021
3678.200	0.3661
3679.100	0.3508
3680.000	0.3412
3680.900	0.3340
3681.800	0.3536
3682.700	0.3788
3683.600	0.3893
3684.500	0.4005
3685.400	0.3919
3686.300	0.3534
3687.200	0.3152
3688.100	0.2954
3689.000	0.3098
3689.900	0.3529
3690.800	0.3970
3691.700	0.4356
3692.600	0.4486
3693.500	0.4120
3694.400	0.3713
3695.300	0.3763
3696.200	0.4015
3697.100	0.4016
3698.000	0.3917
3698.900	0.4110
3699.800	0.4557
3700.700	0.4914
3701.600	0.4984
3702.500	0.4833
3703.400	0.4519
3704.300	0.3889
3705.200	0.3237
3706.100	0.2945
3707.000	0.3064
3707.900	0.3263
3708.800	0.3165
3709.700	0.3051
3710.600	0.3299
3711.500	0.3715
3712.400	0.3972
3713.300	0.4279
3714.200	0.4798
3715.100	0.5184
3716.000	0.5074
3716.900	0.4825
3717.800	0.4781
3718.700	0.4496
3719.600	0.3686
3720.500	0.2761
3721.400	0.2243
3722.300	0.2224
3723.200	0.2572
3724.100	0.3216
3725.000	0.3786
3725.900	0.4188
3726.800	0.4389
3727.700	0.3940
3728.600	0.3441
3729.500	0.3743
3730.400	0.4079
3731.300	0.3857
3732.200	0.3653
3733.100	0.3456
3734.000	0.2870
3734.900	0.2194
3735.800	0.1862
3736.700	0.1928
3737.600	0.2171
3738.500	0.2618
3739.400	0.3282
3740.300	0.3881
3741.200	0.4241
3742.100	0.4243
3743.000	0.3890
3743.900	0.3436
3744.800	0.3191
3745.700	0.2970
3746.600	0.2732
3747.500	0.2795
3748.400	0.2712
3749.300	0.2164
3750.200	0.1856
3751.100	0.2360
3752.000	0.3295
3752.900	0.3924
3753.800	0.4170
3754.700	0.4432
3755.600	0.4738
3756.500	0.4846
3757.400	0.4348
3758.300	0.3289
3759.200	0.2563
3760.100	0.2659
3761.000	0.3101
3761.900	0.3430
3762.800	0.3687
3763.700	0.3645
3764.600	0.3480
3765.500	0.3849
3766.400	0.4136
3767.300	0.3701
3768.200	0.3392
3769.100	0.3781
3770.000	0.4157
3770.900	0.3993
3771.800	0.3859
3772.700	0.4170
3773.600	0.4559
3774.500	0.4657
3775.400	0.4487
3776.300	0.4296
3777.200	0.4237
3778.100	0.4157
3779.000	0.4101
3779.900	0.4321
3780.800	0.4721
3781.700	0.4864
3782.600	0.4709
3783.500	0.4687
3784.400	0.4850
3785.300	0.4881
3786.200	0.4413
3787.100	0.3718
3788.000	0.3432
3788.900	0.3374
3789.800	0.3166
3790.700	0.3057
3791.600	0.3352
3792.500	0.3702
3793.400	0.3662
3794.300	0.3422
3795.200	0.3268
3796.100	0.3229
3797.000	0.3212
3797.900	0.3006
3798.800	0.2740
3799.700	0.2780
3800.600	0.3190
3801.500	0.3671
3802.400	0.3907
3803.300	0.4120
3804.200	0.4376
3805.100	0.4453
3806.000	0.4319
3806.900	0.3921
3807.800	0.3475
3808.700	0.3414
3809.600	0.3723
3810.500	0.4059
3811.400	0.4215
3812.300	0.4175
3813.200	0.3927
3814.100	0.3536
3815.000	0.3214
3815.900	0.2910
3816.800	0.2763
3817.700	0.3107
3818.600	0.3536
3819.500	0.3359
3820.400	0.2598
3821.300	0.2148
3822.200	0.2556
3823.100	0.3193
3824.000	0.3263
3824.900	0.2751
3825.800	0.2177
3826.700	0.1994
3827.600	0.2159
3828.500	0.2358
3829.400	0.2517
3830.300	0.2673
3831.200	0.2812
3832.100	0.2689
3833.000	0.2255
3833.900	0.1987
3834.800	0.2066
3835.700	0.2361
3836.600	0.2702
3837.500	0.2807
3838.400	0.2482
3839.300	0.2163
3840.200	0.2168
3841.100	0.2145
3842.000	0.2360
3842.900	0.3075
3843.800	0.3629
3844.700	0.3724
3845.600	0.3587
3846.500	0.3386
3847.400	0.3343
3848.300	0.3423
3849.200	0.3292
3850.100	0.2920
3851.000	0.2651
3851.900	0.2885
3852.800	0.3276
3853.700	0.3278
3854.600	0.3078
3855.500	0.3019
3856.400	0.3004
3857.300	0.2964
3858.200	0.2936
3859.100	0.2629
3860.000	0.2153
3860.900	0.1960
3861.800	0.2293
3862.700	0.3011
3863.600	0.3583
3864.500	0.3649
3865.400	0.3456
3866.300	0.3275
3867.200	0.3125
3868.100	0.2966
3869.000	0.2769
3869.900	0.2534
3870.800	0.2240
3871.700	0.1956
3872.600	0.1869
3873.500	0.2151
3874.400	0.2764
3875.300	0.3392
3876.200	0.3675
3877.100	0.3507
3878.000	0.3017
3878.900	0.2608
3879.800	0.2662
3880.700	0.2820
3881.600	0.2570
3882.500	0.2163
3883.400	0.2333
3884.300	0.3261
3885.200	0.3950
3886.100	0.3672
3887.000	0.3221
3887.900	0.3386
3888.800	0.3624
3889.700	0.3492
3890.600	0.3527
3891.500	0.3992
3892.400	0.4475
3893.300	0.4627
3894.200	0.4512
3895.100	0.4223
3896.000	0.3950
3896.900	0.4134
3897.800	0.4509
3898.700	0.4511
3899.600	0.4299
3900.500	0.4238
3901.400	0.4427
3902.300	0.4501
3903.200	0.4272
3904.100	0.4316
3905.000	0.4464
3905.900	0.4045
3906.800	0.3596
3907.700	0.3753
3908.600	0.4219
3909.500	0.4605
3910.400	0.4639
3911.300	0.4625
3912.200	0.4982
3913.100	0.5226
3914.000	0.4949
3914.900	0.4638
3915.800	0.4580
3916.700	0.4485
3917.600	0.4442
3918.500	0.4545
3919.400	0.4462
3920.300	0.4092
3921.200	0.3555
3922.100	0.3320
3923.000	0.3502
3923.900	0.3720
3924.800	0.3847
3925.700	0.3716
3926.600	0.3376
3927.500	0.3021
3928.400	0.2520
3929.300	0.1991
3930.200	0.1655
3931.100	0.1382
3932.000	0.1107
3932.900	0.0859
3933.800	0.0684
3934.700	0.0617
3935.600	0.0701
3936.500	0.0958
3937.400	0.1283
3938.300	0.1638
3939.200	0.2089
3940.100	0.2553
3941.000	0.2845
3941.900	0.2974
3942.800	0.3106
3943.700	0.3148
3944.600	0.3053
3945.500	0.3306
3946.400	0.4046
3947.300	0.4564
3948.200	0.4490
3949.100	0.4320
3950.000	0.4529
3950.900	0.4962
3951.800	0.5081
3952.700	0.4672
3953.600	0.4384
3954.500	0.4847
3955.400	0.5400
3956.300	0.5240
3957.200	0.4784
3958.100	0.4693
3959.000	0.4972
3959.900	0.5211
3960.800	0.4911
3961.700	0.3980
3962.600	0.3093
3963.500	0.2770
3964.400	0.2692
3965.300	0.2433
3966.200	0.1958
3967.100	0.1445
3968.000	0.1032
3968.900	0.0780
3969.800	0.0768
3970.700	0.1022
3971.600	0.1424
3972.500	0.1838
3973.400	0.2222
3974.300	0.2612
3975.200	0.3115
3976.100	0.3673
3977.000	0.4055
3977.900	0.4349
3978.800	0.4726
3979.700	0.5133
3980.600	0.5498
3981.500	0.5558
3982.400	0.5254
3983.300	0.4991
3984.200	0.5029
3985.100	0.5321
3986.000	0.5620
3986.900	0.5670
3987.800	0.5723
3988.700	0.6007
3989.600	0.6094
3990.500	0.5848
3991.400	0.5827
3992.300	0.6125
3993.200	0.6334
3994.100	0.6275
3995.000	0.6013
3995.900	0.5775
3996.800	0.5653
3997.700	0.5496
3998.600	0.5417
3999.500	0.5716
4000.400	0.6178
4001.300	0.6317
4002.200	0.6299
4003.100	0.6588
4004.000	0.6844
4004.900	0.6371
4005.800	0.5332
4006.700	0.4881
4007.600	0.5305
4008.500	0.5935
4009.400	0.6256
4010.300	0.6324
4011.200	0.6387
4012.100	0.6425
4013.000	0.6377
4013.900	0.6343
4014.800	0.6334
4015.700	0.6486
4016.600	0.6621
4017.500	0.6375
4018.400	0.6069
4019.300	0.6214
4020.200	0.6457
4021.100	0.6353
4022.000	0.6232
4022.900	0.6321
4023.800	0.6393
4024.700	0.6242
4025.600	0.6121
4026.500	0.6369
4027.400	0.6755
4028.300	0.7007
4029.200	0.7133
4030.100	0.6890
4031.000	0.6159
4031.900	0.5579
4032.800	0.5488
4033.700	0.5543
4034.600	0.5635
4035.500	0.5860
4036.400	0.6246
4037.300	0.6743
4038.200	0.7130
4039.100	0.7220
4040.000	0.7007
4040.900	0.6621
4041.800	0.6465
4042.700	0.6757
4043.600	0.6932
4044.500	0.6413
4045.400	0.5382
4046.300	0.4638
4047.200	0.5016
4048.100	0.6098
4049.000	0.6719
4049.900	0.6752
4050.800	0.6799
4051.700	0.6946
4052.600	0.6864
4053.500	0.6571
4054.400	0.6294
4055.300	0.6103
4056.200	0.6105
4057.100	0.6175
4058.000	0.6037
4058.900	0.5885
4059.800	0.6102
4060.700	0.6619
4061.600	0.6965
4062.500	0.6704
4063.400	0.5840
4064.300	0.5136
4065.200	0.5339
4066.100	0.5902
4067.000	0.5996
4067.900	0.5964
4068.800	0.6392
4069.700	0.7015
4070.600	0.7165
4071.500	0.6607
4072.400	0.6045
4073.300	0.6292
4074.200	0.6847
4075.100	0.6873
4076.000	0.6391
4076.900	0.5696
4077.800	0.5144
4078.700	0.5162
4079.600	0.5734
4080.500	0.6454
4081.400	0.7043
4082.300	0.7257
4083.200	0.6974
4084.100	0.6550
4085.000	0.6314
4085.900	0.6322
4086.800	0.6595
4087.700	0.7126
4088.600	0.7695
4089.500	0.7953
4090.400	0.7849
4091.300	0.7614
4092.200	0.7373
4093.100	0.7174
4094.000	0.7361
4094.900	0.7537
4095.800	0.7149
4096.700	0.6645
4097.600	0.6549
4098.500	0.6728
4099.400	0.6860
4100.300	0.6663
4101.200	0.5923
4102.100	0.5193
4103.000	0.5284
4103.900	0.5923
4104.800	0.6398
4105.700	0.6688
4106.600	0.6983
4107.500	0.7180
4108.400	0.7178
4109.300	0.6981
4110.200	0.6702
4111.100	0.6572
4112.000	0.6637
4112.900	0.6818
4113.800	0.7079
4114.700	0.7299
4115.600	0.7379
4116.500	0.7406
4117.400	0.7423
4118.300	0.7182
4119.200	0.6707
4120.100	0.6554
4121.000	0.6855
4121.900	0.7076
4122.800	0.6961
4123.700	0.6784
4124.600	0.6833
4125.500	0.7051
4126.400	0.7102
4127.300	0.6937
4128.200	0.6692
4129.100	0.6498
4130.000	0.6450
4130.900	0.6558
4131.800	0.6573
4132.700	0.6243
4133.600	0.5895
4134.500	0.5843
4135.400	0.6168
4136.300	0.6785
4137.200	0.7210
4138.100	0.7312
4139.000	0.7423
4139.900	0.7569
4140.800	0.7548
4141.700	0.7271
4142.600	0.6596
4143.500	0.5744
4144.400	0.5420
4145.300	0.5913
4146.200	0.6653
4147.100	0.7049
4148.000	0.7157
4148.900	0.7092
4149.800	0.6746
4150.700	0.6425
4151.600	0.6463
4152.500	0.6587
4153.400	0.6588
4154.300	0.6482
4155.200	0.6386
4156.100	0.6360
4157.000	0.6346
4157.900	0.6492
4158.800	0.6784
4159.700	0.7039
4160.600	0.7104
4161.500	0.6998
4162.400	0.7088
4163.300	0.7341
4164.200	0.7273
4165.100	0.7044
4166.000	0.7056
4166.900	0.7042
4167.800	0.6733
4168.700	0.6624
4169.600	0.6887
4170.500	0.7104
4171.400	0.6923
4172.300	0.6257
4173.200	0.5579
4174.100	0.5484
4175.000	0.5914
4175.900	0.6396
4176.800	0.6588
4177.700	0.6388
4178.600	0.6139
4179.500	0.6254
4180.400	0.6587
4181.300	0.6704
4182.200	0.6526
4183.100	0.6399
4184.000	0.6480
4184.900	0.6736
4185.800	0.6988
4186.700	0.6826
4187.600	0.6333
4188.500	0.6184
4189.400	0.6492
4190.300	0.6730
4191.200	0.6665
4192.100	0.6594
4193.000	0.6911
4193.900	0.7322
4194.800	0.7247
4195.700	0.6678
4196.600	0.6156
4197.500	0.6013
4198.400	0.6028
4199.300	0.6028
4200.200	0.6212
4201.100	0.6294
4202.000	0.6091
4202.900	0.6009
4203.800	0.6228
4204.700	0.6335
4205.600	0.6275
4206.500	0.6426
4207.400	0.6792
4208.300	0.7146
4209.200	0.7279
4210.100	0.7131
4211.000	0.6947
4211.900	0.6983
4212.800	0.7127
4213.700	0.7182
4214.600	0.6974
4215.500	0.6417
4216.400	0.5950
4217.300	0.6205
4218.200	0.6854
4219.100	0.7251
4220.000	0.7463
4220.900	0.7803
4221.800	0.8036
4222.700	0.7776
4223.600	0.7197
4224.500	0.6624
4225.400	0.5996
4226.300	0.5087
4227.200	0.4322
4228.100	0.4702
4229.000	0.6087
4229.900	0.7146
4230.800	0.7440
4231.700	0.7504
4232.600	0.7396
4233.500	0.7115
4234.400	0.7061
4235.300	0.7095
4236.200	0.6697
4237.100	0.6155
4238.000	0.6110
4238.900	0.6381
4239.800	0.6552
4240.700	0.6763
4241.600	0.7137
4242.500	0.7210
4243.400	0.6896
4244.300	0.6929
4245.200	0.7413
4246.100	0.7624
4247.000	0.7251
4247.900	0.6634
4248.800	0.6191
4249.700	0.6014
4250.600	0.6065
4251.500	0.6422
4252.400	0.6973
4253.300	0.7219
4254.200	0.6945
4255.100	0.6476
4256.000	0.6348
4256.900	0.6826
4257.800	0.7315
4258.700	0.7105
4259.600	0.6472
4260.500	0.5972
4261.400	0.5817
4262.300	0.6181
4263.200	0.6905
4264.100	0.7359
4265.000	0.7409
4265.900	0.7516
4266.800	0.7642
4267.700	0.7366
4268.600	0.6969
4269.500	0.6850
4270.400	0.6669
4271.300	0.6070
4272.200	0.5504
4273.100	0.5588
4274.000	0.5810
4274.900	0.5728
4275.800	0.5864
4276.700	0.6491
4277.600	0.7147
4278.500	0.7481
4279.400	0.7249
4280.300	0.6470
4281.200	0.6002
4282.100	0.6289
4283.000	0.6793
4283.900	0.7122
4284.800	0.6982
4285.700	0.6326
4286.600	0.5827
4287.500	0.5965
4288.400	0.6247
4289.300	0.6011
4290.200	0.5487
4291.100	0.5349
4292.000	0.5769
4292.900	0.6507
4293.800	0.6976
4294.700	0.6808
4295.600	0.6458
4296.500	0.6198
4297.400	0.5834
4298.300	0.5411
4299.200	0.4821
4300.100	0.4126
4301.000	0.3949
4301.900	0.4269
4302.800	0.4388
4303.700	0.4280
4304.600	0.4296
4305.500	0.4442
4306.400	0.4660
4307.300	0.4694
4308.200	0.4264
4309.100	0.3778
4310.000	0.3702
4310.900	0.3865
4311.800	0.4070
4312.700	0.4429
4313.600	0.4978
4314.500	0.5576
4315.400	0.6361
4316.300	0.7560
4317.200	0.8576
4318.100	0.8904
4319.000	0.8836
4319.900	0.8688
4320.800	0.8384
4321.700	0.7977
4322.600	0.7579
4323.500	0.6784
4324.400	0.5717
4325.300	0.5042
4326.200	0.5016
4327.100	0.5739
4328.000	0.6914
4328.900	0.7848
4329.800	0.8087
4330.700	0.7836
4331.600	0.7736
4332.500	0.7970
4333.400	0.8106
4334.300	0.8089
4335.200	0.8275
4336.100	0.8481
4337.000	0.8101
4337.900	0.7132
4338.800	0.6312
4339.700	0.5829
4340.600	0.5414
4341.500	0.5495
4342.400	0.6334
4343.300	0.7096
4344.200	0.7291
4345.100	0.7502
4346.000	0.7895
4346.900	0.7965
4347.800	0.7753
4348.700	0.7873
4349.600	0.8301
4350.500	0.8227
4351.400	0.7289
4352.300	0.6270
4353.200	0.6169
4354.100	0.6809
4355.000	0.7284
4355.900	0.7383
4356.800	0.7572
4357.700	0.7870
4358.600	0.7751
4359.500	0.7277
4360.400	0.7186
4361.300	0.7712
4362.200	0.8188
4363.100	0.8116
4364.000	0.7944
4364.900	0.8196
4365.800	0.8468
4366.700	0.8160
4367.600	0.7546
4368.500	0.7300
4369.400	0.7482
4370.300	0.7576
4371.200	0.7501
4372.100	0.7500
4373.000	0.7456
4373.900	0.7100
4374.800	0.6544
4375.700	0.6297
4376.600	0.6645
4377.500	0.7318
4378.400	0.7852
4379.300	0.7982
4380.200	0.7840
4381.100	0.7781
4382.000	0.7665
4382.900	0.6837
4383.800	0.5550
4384.700	0.4899
4385.600	0.5385
4386.500	0.6444
4387.400	0.7168
4388.300	0.7329
4389.200	0.7201
4390.100	0.6943
4391.000	0.6761
4391.900	0.6959
4392.800	0.7409
4393.700	0.7625
4394.600	0.7370
4395.500	0.7052
4396.400	0.7261
4397.300	0.7857
4398.200	0.8214
4399.100	0.8050
4400.000	0.7475
4400.900	0.6942
4401.800	0.7100
4402.700	0.7819
4403.600	0.8038
4404.500	0.7320
4405.400	0.6682
4406.300	0.6966
4407.200	0.7443
4408.100	0.7332
4409.000	0.7029
4409.900	0.7255
4410.800	0.7918
4411.700	0.8460
4412.600	0.8763
4413.500	0.8841
4414.400	0.8395
4415.300	0.7595
4416.200	0.7231
4417.100	0.7424
4418.000	0.7709
4418.900	0.8091
4419.800	0.8562
4420.700	0.8716
4421.600	0.8400
4422.500	0.7932
4423.400	0.7767
4424.300	0.7955
4425.200	0.8136
4426.100	0.8129
4427.000	0.8072
4427.900	0.8120
4428.800	0.8335
4429.700	0.8322
4430.600	0.7953
4431.500	0.7835
4432.400	0.8132
4433.300	0.8227
4434.200	0.7840
4435.100	0.7282
4436.000	0.7073
4436.900	0.7527
4437.800	0.8271
4438.700	0.8812
4439.600	0.8985
4440.500	0.8799
4441.400	0.8403
4442.300	0.7949
4443.200	0.7551
4444.100	0.7443
4445.000	0.7867
4445.900	0.8511
4446.800	0.8709
4447.700	0.8549
4448.600	0.8578
4449.500	0.8665
4450.400	0.8451
4451.300	0.8267
4452.200	0.8398
4453.100	0.8513
4454.000	0.8272
4454.900	0.7724
4455.800	0.7364
4456.700	0.7499
4457.600	0.7759
4458.500	0.7802
4459.400	0.7694
4460.300	0.7617
4461.200	0.7481
4462.100	0.7305
4463.000	0.7524
4463.900	0.8076
4464.800	0.8354
4465.700	0.8350
4466.600	0.8373
4467.500	0.8410
4468.400	0.8295
4469.300	0.7993
4470.200	0.7836
4471.100	0.7985
4472.000	0.8306
4472.900	0.8680
4473.800	0.9060
4474.700	0.9309
4475.600	0.9300
4476.500	0.9282
4477.400	0.9461
4478.300	0.9562
4479.200	0.9267
4480.100	0.8668
4481.000	0.8132
4481.900	0.7876
4482.800	0.7983
4483.700	0.8466
4484.600	0.9043
4485.500	0.9382
4486.400	0.9501
4487.300	0.9428
4488.200	0.9063
4489.100	0.8522
4490.000	0.8163
4490.900	0.8276
4491.800	0.8724
4492.700	0.9117
4493.600	0.9088
4494.500	0.8705
4495.400	0.8356
4496.300	0.8245
4497.200	0.8437
4498.100	0.8873
4499.000	0.9237
4499.900	0.9300
4500.800	0.9077
4501.700	0.8818
4502.600	0.8967
4503.500	0.9509
4504.400	0.9961
4505.300	1.0066
4506.200	0.9937
4507.100	0.9761
4508.000	0.9642
4508.900	0.9621
4509.800	0.9694
4510.700	0.9804
4511.600	0.9783
4512.500	0.9567
4513.400	0.9327
4514.300	0.9157
4515.200	0.9120
4516.100	0.9227
4517.000	0.9247
4517.900	0.9001
4518.800	0.8821
4519.700	0.8987
4520.600	0.9348
4521.500	0.9561
4522.400	0.9300
4523.300	0.8857
4524.200	0.8726
4525.100	0.8769
4526.000	0.8629
4526.900	0.8342
4527.800	0.8087
4528.700	0.7907
4529.600	0.7886
4530.500	0.7995
4531.400	0.8207
4532.300	0.8508
4533.200	0.8576
4534.100	0.8270
4535.000	0.7879
4535.900	0.7823
4536.800	0.8389
4537.700	0.9224
4538.600	0.9617
4539.500	0.9489
4540.400	0.9193
4541.300	0.8986
4542.200	0.9029
4543.100	0.9233
4544.000	0.9180
4544.900	0.8831
4545.800	0.8662
4546.700	0.8791
4547.600	0.8928
4548.500	0.8785
4549.400	0.8353
4550.300	0.8234
4551.200	0.8625
4552.100	0.8910
4553.000	0.8883
4553.900	0.8739
4554.800	0.8542
4555.700	0.8448
4556.600	0.8722
4557.500	0.9237
4558.400	0.9568
4559.300	0.9619
4560.200	0.9570
4561.100	0.9577
4562.000	0.9642
4562.900	0.9501
4563.800	0.9087
4564.700	0.8652
4565.600	0.8486
4566.500	0.8774
4567.400	0.9272
4568.300	0.9545
4569.200	0.9580
4570.100	0.9514
4571.000	0.9158
4571.900	0.8706
4572.800	0.8829
4573.700	0.9372
4574.600	0.9614
4575.500	0.9543
4576.400	0.9481
4577.300	0.9500
4578.200	0.9444
4579.100	0.9189
4580.000	0.8776
4580.900	0.8446
4581.800	0.8440
4582.700	0.8654
4583.600	0.8745
4584.500	0.8734
4585.400	0.8704
4586.300	0.8682
4587.200	0.8907
4588.100	0.9348
4589.000	0.9620
4589.900	0.9594
4590.800	0.9396
4591.700	0.9069
4592.600	0.8775
4593.500	0.8732
4594.400	0.8856
4595.300	0.8906
4596.200	0.8908
4597.100	0.8995
4598.000	0.9094
4598.900	0.9214
4599.800	0.9173
4600.700	0.8882
4601.600	0.8783
4602.500	0.8951
4603.400	0.9153
4604.300	0.9279
4605.200	0.9251
4606.100	0.9196
4607.000	0.9276
4607.900	0.9501
4608.800	0.9806
4609.700	0.9968
4610.600	0.9823
4611.500	0.9587
4612.400	0.9478
4613.300	0.9356
4614.200	0.9354
4615.100	0.9497
4616.000	0.9463
4616.900	0.9338
4617.800	0.9377
4618.700	0.9364
4619.600	0.9268
4620.500	0.9395
4621.400	0.9655
4622.300	0.9709
4623.200	0.9619
4624.100	0.9638
4625.000	0.9642
4625.900	0.9549
4626.800	0.9535
4627.700	0.9641
4628.600	0.9631
4629.500	0.9432
4630.400	0.9385
4631.300	0.9610
4632.200	0.9756
4633.100	0.9599
4634.000	0.9431
4634.900	0.9421
4635.800	0.9415
4636.700	0.9315
4637.600	0.9144
4638.500	0.9054
4639.400	0.9035
4640.300	0.9097
4641.200	0.9364
4642.100	0.9685
4643.000	0.9776
4643.900	0.9687
4644.800	0.9553
4645.700	0.9275
4646.600	0.8883
4647.500	0.8629
4648.400	0.8710
4649.300	0.9015
4650.200	0.9306
4651.100	0.9410
4652.000	0.9426
4652.900	0.9520
4653.800	0.9469
4654.700	0.9129
4655.600	0.8817
4656.500	0.8723
4657.400	0.8897
4658.300	0.9369
4659.200	0.9880
4660.100	1.0123
4661.000	1.0026
4661.900	0.9680
4662.800	0.9302
4663.700	0.9113
4664.600	0.9194
4665.500	0.9267
4666.400	0.8903
4667.300	0.8217
4668.200	0.7855
4669.100	0.8113
4670.000	0.8615
4670.900	0.9063
4671.800	0.9366
4672.700	0.9431
4673.600	0.9318
4674.500	0.9245
4675.400	0.9358
4676.300	0.9624
4677.200	0.9776
4678.100	0.9596
4679.000	0.9244
4679.900	0.8977
4680.800	0.8834
4681.700	0.8798
4682.600	0.8921
4683.500	0.9214
4684.400	0.9462
4685.300	0.9514
4686.200	0.9465
4687.100	0.9384
4688.000	0.9357
4688.900	0.9413
4689.800	0.9432
4690.700	0.9320
4691.600	0.9236
4692.500	0.9338
4693.400	0.9490
4694.300	0.9565
4695.200	0.9659
4696.100	0.9785
4697.000	0.9788
4697.900	0.9480
4698.800	0.9059
4699.700	0.8945
4700.600	0.9084
4701.500	0.9158
4702.400	0.9022
4703.300	0.8818
4704.200	0.8855
4705.100	0.9152
4706.000	0.9369
4706.900	0.9222
4707.800	0.8880
4708.700	0.8643
4709.600	0.8631
4710.500	0.8929
4711.400	0.9368
4712.300	0.9656
4713.200	0.9652
4714.100	0.9389
4715.000	0.9160
4715.900	0.9302
4716.800	0.9661
4717.700	0.9859
4718.600	0.9898
4719.500	0.9958
4720.400	1.0009
4721.300	0.9936
4722.200	0.9777
4723.100	0.9776
4724.000	0.9948
4724.900	1.0091
4725.800	1.0076
4726.700	0.9803
4727.600	0.9304
4728.500	0.8955
4729.400	0.8963
4730.300	0.9089
4731.200	0.9175
4732.100	0.9294
4733.000	0.9407
4733.900	0.9485
4734.800	0.9651
4735.700	0.9676
4736.600	0.9411
4737.500	0.9311
4738.400	0.9605
4739.300	0.9841
4740.200	0.9726
4741.100	0.9525
4742.000	0.9571
4742.900	0.9798
4743.800	0.9933
4744.700	0.9888
4745.600	0.9836
4746.500	0.9948
4747.400	1.0104
4748.300	1.0122
4749.200	1.0084
4750.100	1.0093
4751.000	1.0091
4751.900	0.9994
4752.800	0.9855
4753.700	0.9727
4754.600	0.9653
4755.500	0.9604
4756.400	0.9558
4757.300	0.9604
4758.200	0.9725
4759.100	0.9867
4760.000	1.0000
4760.900	0.9952
4761.800	0.9581
4762.700	0.9180
4763.600	0.9073
4764.500	0.9123
4765.400	0.9117
4766.300	0.9148
4767.200	0.9342
4768.100	0.9571
4769.000	0.9816
4769.900	1.0058
4770.800	1.0026
4771.700	0.9770
4772.600	0.9595
4773.500	0.9737
4774.400	1.0093
4775.300	1.0291
4776.200	1.0219
4777.100	1.0203
4778.000	1.0298
4778.900	1.0237
4779.800	1.0040
4780.700	0.9969
4781.600	1.0044
4782.500	0.9986
4783.400	0.9784
4784.300	0.9785
4785.200	0.9868
4786.100	0.9626
4787.000	0.9390
4787.900	0.9492
4788.800	0.9550
4789.700	0.9494
4790.600	0.9593
4791.500	0.9710
4792.400	0.9743
4793.300	0.9933
4794.200	1.0267
4795.100	1.0432
4796.000	1.0385
4796.900	1.0265
4797.800	1.0017
4798.700	0.9656
4799.600	0.9456
4800.500	0.9534
4801.400	0.9825
4802.300	1.0135
4803.200	1.0273
4804.100	1.0136
4805.000	0.9816
4805.900	0.9683
4806.800	0.9705
4807.700	0.9677
4808.600	0.9676
4809.500	0.9820
4810.400	0.9935
4811.300	0.9961
4812.200	1.0000
4813.100	1.0027
4814.000	1.0053
4814.900	1.0131
4815.800	1.0249
4816.700	1.0382
4817.600	1.0407
4818.500	1.0402
4819.400	1.0410
4820.300	1.0349
4821.200	1.0332
4822.100	1.0285
4823.000	0.9931
4823.900	0.9561
4824.800	0.9642
4825.700	0.9977
4826.600	1.0250
4827.500	1.0302
4828.400	1.0135
4829.300	0.9982
4830.200	1.0034
4831.100	0.9998
4832.000	0.9813
4832.900	0.9784
4833.800	0.9985
4834.700	1.0167
4835.600	1.0185
4836.500	1.0152
4837.400	1.0199
4838.300	1.0075
4839.200	0.9750
4840.100	0.9453
4841.000	0.9451
4841.900	0.9665
4842.800	0.9751
4843.700	0.9747
4844.600	0.9919
4845.500	1.0180
4846.400	1.0308
4847.300	1.0204
4848.200	0.9931
4849.100	0.9778
4850.000	0.9962
4850.900	1.0169
4851.800	1.0161
4852.700	1.0136
4853.600	1.0106
4854.500	0.9764
4855.400	0.9214
4856.300	0.9104
4857.200	0.9494
4858.100	0.9755
4859.000	0.9448
4859.900	0.8550
4860.800	0.7302
4861.700	0.6693
4862.600	0.7461
4863.500	0.8595
4864.400	0.9128
4865.300	0.9297
4866.200	0.9502
4867.100	0.9673
4868.000	0.9698
4868.900	0.9759
4869.800	0.9754
4870.700	0.9322
4871.600	0.8781
4872.500	0.8781
4873.400	0.9215
4874.300	0.9535
4875.200	0.9549
4876.100	0.9526
4877.000	0.9625
4877.900	0.9660
4878.800	0.9851
4879.700	1.0226
4880.600	1.0246
4881.500	0.9828
4882.400	0.9619
4883.300	0.9791
4884.200	0.9839
4885.100	0.9555
4886.000	0.9271
4886.900	0.9262
4887.800	0.9429
4888.700	0.9534
4889.600	0.9501
4890.500	0.9257
4891.400	0.9046
4892.300	0.9384
4893.200	1.0029
4894.100	1.0505
4895.000	1.0750
4895.900	1.0826
4896.800	1.0796
4897.700	1.0780
4898.600	1.0659
4899.500	1.0303
4900.400	1.0034
4901.300	1.0127
4902.200	1.0230
4903.100	1.0063
4904.000	0.9892
4904.900	1.0050
4905.800	1.0412
4906.700	1.0579
4907.600	1.0419
4908.500	1.0103
4909.400	0.9703
4910.300	0.9322
4911.200	0.9253
4912.100	0.9523
4913.000	0.9833
4913.900	1.0011
4914.800	1.0257
4915.700	1.0535
4916.600	1.0536
4917.500	1.0096
4918.400	0.9402
4919.300	0.8823
4920.200	0.8538
4921.100	0.8633
4922.000	0.9129
4922.900	0.9575
4923.800	0.9584
4924.700	0.9446
4925.600	0.9625
4926.500	0.9975
4927.400	1.0155
4928.300	1.0239
4929.200	1.0404
4930.100	1.0509
4931.000	1.0521
4931.900	1.0449
4932.800	1.0027
4933.700	0.9444
4934.600	0.9395
4935.500	0.9827
4936.400	1.0016
4937.300	0.9719
4938.200	0.9203
4939.100	0.8909
4940.000	0.9215
4940.900	0.9908
4941.800	1.0333
4942.700	1.0405
4943.600	1.0483
4944.500	1.0506
4945.400	1.0275
4946.300	1.0073
4947.200	1.0207
4948.100	1.0496
4949.000	1.0597
4949.900	1.0526
4950.800	1.0504
4951.700	1.0520
4952.600	1.0438
4953.500	1.0369
4954.400	1.0428
4955.300	1.0487
4956.200	1.0144
4957.100	0.9282
4958.000	0.8824
4958.900	0.9411
4959.800	1.0291
4960.700	1.0689
4961.600	1.0624
4962.500	1.0521
4963.400	1.0561
4964.300	1.0453
4965.200	1.0128
4966.100	0.9902
4967.000	0.9892
4967.900	0.9883
4968.800	0.9861
4969.700	0.9885
4970.600	0.9921
4971.500	1.0075
4972.400	1.0261
4973.300	1.0339
4974.200	1.0426
4975.100	1.0458
4976.000	1.0343
4976.900	1.0193
4977.800	1.0033
4978.700	0.9897
4979.600	0.9883
4980.500	0.9854
4981.400	0.9578
4982.300	0.9090
4983.200	0.8762
4984.100	0.8816
4985.000	0.9046
4985.900	0.9339
4986.800	0.9789
4987.700	1.0169
4988.600	1.0207
4989.500	1.0053
4990.400	0.9822
4991.300	0.9685
4992.200	0.9832
4993.100	0.9962
4994.000	0.9945
4994.900	1.0091
4995.800	1.0241
4996.700	1.0134
4997.600	0.9988
4998.500	0.9857
4999.400	0.9638
5000.300	0.9473
5001.200	0.9447
5002.100	0.9513
5003.000	0.9604
5003.900	0.9650
5004.800	0.9450
5005.700	0.9028
5006.600	0.8856
5007.500	0.9252
5008.400	0.9862
5009.300	1.0132
5010.200	1.0026
5011.100	0.9723
5012.000	0.9302
5012.900	0.8880
5013.800	0.8628
5014.700	0.8724
5015.600	0.9123
5016.500	0.9403
5017.400	0.9296
5018.300	0.9100
5019.200	0.9215
5020.100	0.9537
5021.000	0.9661
5021.900	0.9467
5022.800	0.9320
5023.700	0.9507
5024.600	0.9751
5025.500	0.9807
5026.400	0.9690
5027.300	0.9454
5028.200	0.9483
5029.100	0.9800
5030.000	0.9975
5030.900	0.9970
5031.800	1.0088
5032.700	1.0317
5033.600	1.0414
5034.500	1.0171
5035.400	0.9552
5036.300	0.9125
5037.200	0.9271
5038.100	0.9467
5039.000	0.9261
5039.900	0.8749
5040.800	0.8138
5041.700	0.8049
5042.600	0.8802
5043.500	0.9634
5044.400	1.0029
5045.300	1.0265
5046.200	1.0497
5047.100	1.0444
5048.000	0.9983
5048.900	0.9510
5049.800	0.9378
5050.700	0.9440
5051.600	0.9476
5052.500	0.9614
5053.400	0.9935
5054.300	1.0247
5055.200	1.0410
5056.100	1.0442
5057.000	1.0415
5057.900	1.0426
5058.800	1.0438
5059.700	1.0349
5060.600	1.0354
5061.500	1.0507
5062.400	1.0612
5063.300	1.0429
5064.200	0.9854
5065.100	0.9376
5066.000	0.9470
5066.900	0.9814
5067.800	0.9931
5068.700	0.9883
5069.600	1.0005
5070.500	1.0178
5071.400	0.9994
5072.300	0.9648
5073.200	0.9660
5074.100	0.9898
5075.000	0.9976
5075.900	0.9952
5076.800	1.0033
5077.700	1.0046
5078.600	0.9532
5079.500	0.8748
5080.400	0.8533
5081.300	0.8992
5082.200	0.9453
5083.100	0.9516
5084.000	0.9550
5084.900	0.9845
5085.800	1.0116
5086.700	1.0107
5087.600	0.9994
5088.500	1.0042
5089.400	1.0175
5090.300	1.0199
5091.200	1.0179
5092.100	1.0288
5093.000	1.0451
5093.900	1.0508
5094.800	1.0455
5095.700	1.0321
5096.600	1.0026
5097.500	0.9582
5098.400	0.9097
5099.300	0.8905
5100.200	0.9286
5101.100	0.9907
5102.000	1.0229
5102.900	1.0146
5103.800	0.9962
5104.700	0.9884
5105.600	0.9858
5106.500	0.9704
5107.400	0.9411
5108.300	0.9355
5109.200	0.9485
5110.100	0.9480
5111.000	0.9623
5111.900	0.9971
5112.800	1.0169
5113.700	1.0198
5114.600	1.0184
5115.500	1.0164
5116.400	1.0250
5117.300	1.0441
5118.200	1.0565
5119.100	1.0511
5120.000	1.0313
5120.900	1.0090
5121.800	0.9874
5122.700	0.9610
5123.600	0.9296
5124.500	0.9151
5125.400	0.9258
5126.300	0.9454
5127.200	0.9522
5128.100	0.9474
5129.000	0.9417
5129.900	0.9479
5130.800	0.9594
5131.700	0.9672
5132.600	0.9758
5133.500	0.9852
5134.400	1.0014
5135.300	1.0180
5136.200	1.0039
5137.100	0.9666
5138.000	0.9413
5138.900	0.9251
5139.800	0.9306
5140.700	0.9599
5141.600	0.9528
5142.500	0.9117
5143.400	0.9163
5144.300	0.9590
5145.200	0.9743
5146.100	0.9574
5147.000	0.9403
5147.900	0.9401
5148.800	0.9662
5149.700	0.9893
5150.600	0.9745
5151.500	0.9454
5152.400	0.9397
5153.300	0.9493
5154.200	0.9576
5155.100	0.9706
5156.000	0.9937
5156.900	1.0184
5157.800	1.0336
5158.700	1.0366
5159.600	1.0395
5160.500	1.0432
5161.400	1.0289
5162.300	1.0014
5163.200	0.9927
5164.100	0.9846
5165.000	0.9402
5165.900	0.8644
5166.800	0.7750
5167.700	0.7233
5168.600	0.7537
5169.500	0.8475
5170.400	0.9128
5171.300	0.8647
5172.200	0.7450
5173.100	0.7050
5174.000	0.8076
5174.900	0.9434
5175.800	1.0078
5176.700	1.0188
5177.600	1.0281
5178.500	1.0389
5179.400	1.0363
5180.300	1.0258
5181.200	1.0020
5182.100	0.9219
5183.000	0.7737
5183.900	0.6811
5184.800	0.7498
5185.700	0.8895
5186.600	0.9790
5187.500	0.9967
5188.400	0.9788
5189.300	0.9826
5190.200	1.0031
5191.100	0.9758
5192.000	0.9126
5192.900	0.8937
5193.800	0.9291
5194.700	0.9480
5195.600	0.9423
5196.500	0.9528
5197.400	0.9742
5198.300	0.9896
5199.200	1.0056
5200.100	1.0221
5201.000	1.0248
5201.900	1.0099
5202.800	0.9983
5203.700	0.9860
5204.600	0.9482
5205.500	0.9131
5206.400	0.9182
5207.300	0.9352
5208.200	0.9210
5209.100	0.9169
5210.000	0.9435
5210.900	0.9752
5211.800	1.0050
5212.700	1.0299
5213.600	1.0370
5214.500	1.0143
5215.400	0.9714
5216.300	0.9409
5217.200	0.9415
5218.100	0.9672
5219.000	0.9984
5219.900	1.0189
5220.800	1.0327
5221.700	1.0394
5222.600	1.0307
5223.500	1.0049
5224.400	0.9635
5225.300	0.9110
5226.200	0.8528
5227.100	0.8299
5228.000	0.8843
5228.900	0.9623
5229.800	0.9992
5230.700	1.0154
5231.600	1.0240
5232.500	0.9993
5233.400	0.9675
5234.300	0.9555
5235.200	0.9589
5236.100	0.9834
5237.000	1.0164
5237.900	1.0326
5238.800	1.0305
5239.700	1.0255
5240.600	1.0317
5241.500	1.0392
5242.400	1.0317
5243.300	1.0240
5244.200	1.0373
5245.100	1.0521
5246.000	1.0296
5246.900	0.9786
5247.800	0.9581
5248.700	0.9735
5249.600	0.9702
5250.500	0.9488
5251.400	0.9545
5252.300	0.9795
5253.200	0.9909
5254.100	0.9817
5255.000	0.9625
5255.900	0.9721
5256.800	1.0132
5257.700	1.0490
5258.600	1.0614
5259.500	1.0533
5260.400	1.0291
5261.300	0.9855
5262.200	0.9310
5263.100	0.8901
5264.000	0.8658
5264.900	0.8458
5265.800	0.8373
5266.700	0.8736
5267.600	0.9280
5268.500	0.9170
5269.400	0.8443
5270.300	0.8247
5271.200	0.8991
5272.100	0.9684
5273.000	0.9728
5273.900	0.9565
5274.800	0.9428
5275.700	0.9369
5276.600	0.9710
5277.500	1.0270
5278.400	1.0573
5279.300	1.0488
5280.200	1.0198
5281.100	0.9919
5282.000	0.9731
5282.900	0.9569
5283.800	0.9454
5284.700	0.9684
5285.600	1.0226
5286.500	1.0612
5287.400	1.0638
5288.300	1.0501
5289.200	1.0470
5290.100	1.0572
5291.000	1.0678
5291.900	1.0644
5292.800	1.0512
5293.700	1.0424
5294.600	1.0401
5295.500	1.0262
5296.400	0.9836
5297.300	0.9276
5298.200	0.9041
5299.100	0.9401
5300.000	0.9901
5300.900	1.0020
5301.800	0.9929
5302.700	1.0021
5303.600	1.0331
5304.500	1.0619
5305.400	1.0675
5306.300	1.0506
5307.200	1.0318
5308.100	1.0352
5309.000	1.0591
5309.900	1.0779
5310.800	1.0791
5311.700	1.0728
5312.600	1.0669
5313.500	1.0623
5314.400	1.0570
5315.300	1.0418
5316.200	1.0149
5317.100	1.0061
5318.000	1.0267
5318.900	1.0453
5319.800	1.0464
5320.700	1.0408
5321.600	1.0330
5322.500	1.0221
5323.400	1.0047
5324.300	0.9879
5325.200	0.9938
5326.100	1.0013
5327.000	0.9597
5327.900	0.8732
5328.800	0.8385
5329.700	0.9051
5330.600	0.9911
5331.500	1.0228
5332.400	1.0102
5333.300	1.0034
5334.200	1.0256
5335.100	1.0484
5336.000	1.0448
5336.900	1.0292
5337.800	1.0297
5338.700	1.0290
5339.600	0.9979
5340.500	0.9578
5341.400	0.9585
5342.300	0.9987
5343.200	1.0340
5344.100	1.0466
5345.000	1.0392
5345.900	1.0231
5346.800	1.0210
5347.700	1.0187
5348.600	0.9998
5349.500	0.9908
5350.400	1.0126
5351.300	1.0455
5352.200	1.0556
5353.100	1.0484
5354.000	1.0515
5354.900	1.0712
5355.800	1.0855
5356.700	1.0859
5357.600	1.0849
5358.500	1.0876
5359.400	1.0901
5360.300	1.0837
5361.200	1.0633
5362.100	1.0415
5363.000	1.0310
5363.900	1.0270
5364.800	1.0159
5365.700	1.0142
5366.600	1.0270
5367.500	1.0326
5368.400	1.0276
5369.300	1.0038
5370.200	0.9639
5371.100	0.9397
5372.000	0.9590
5372.900	1.0142
5373.800	1.0594
5374.700	1.0786
5375.600	1.0857
5376.500	1.0826
5377.400	1.0749
5378.300	1.0689
5379.200	1.0613
5380.100	1.0462
5381.000	1.0357
5381.900	1.0337
5382.800	1.0300
5383.700	1.0323
5384.600	1.0534
5385.500	1.0728
5386.400	1.0708
5387.300	1.0632
5388.200	1.0569
5389.100	1.0454
5390.000	1.0332
5390.900	1.0241
5391.800	1.0149
5392.700	1.0072
5393.600	1.0036
5394.500	1.0050
5395.400	1.0006
5396.300	0.9756
5397.200	0.9525
5398.100	0.9679
5399.000	1.0047
5399.900	1.0228
5400.800	1.0258
5401.700	1.0368
5402.600	1.0379
5403.500	1.0019
5404.400	0.9494
5405.300	0.9196
5406.200	0.9272
5407.100	0.9660
5408.000	0.9992
5408.900	0.9936
5409.800	0.9686
5410.700	0.9709
5411.600	1.0110
5412.500	1.0460
5413.400	1.0508
5414.300	1.0372
5415.200	1.0288
5416.100	1.0384
5417.000	1.0498
5417.900	1.0465
5418.800	1.0317
5419.700	1.0187
5420.600	1.0170
5421.500	1.0280
5422.400	1.0369
5423.300	1.0186
5424.200	0.9911
5425.100	0.9961
5426.000	1.0341
5426.900	1.0649
5427.800	1.0567
5428.700	1.0051
5429.600	0.9525
5430.500	0.9586
5431.400	1.0011
5432.300	1.0140
5433.200	0.9947
5434.100	0.9720
5435.000	0.9590
5435.900	0.9659
5436.800	0.9924
5437.700	1.0315
5438.600	1.0608
5439.500	1.0704
5440.400	1.0706
5441.300	1.0687
5442.200	1.0695
5443.100	1.0684
5444.000	1.0519
5444.900	1.0151
5445.800	0.9680
5446.700	0.9391
5447.600	0.9623
5448.500	1.0234
5449.400	1.0658
5450.300	1.0755
5451.200	1.0705
5452.100	1.0645
5453.000	1.0566
5453.900	1.0319
5454.800	0.9902
5455.700	0.9665
5456.600	0.9950
5457.500	1.0475
5458.400	1.0774
5459.300	1.0762
5460.200	1.0586
5461.100	1.0372
5462.000	1.0077
5462.900	0.9803
5463.800	0.9853
5464.700	1.0178
5465.600	1.0391
5466.500	1.0383
5467.400	1.0396
5468.300	1.0486
5469.200	1.0501
5470.100	1.0440
5471.000	1.0403
5471.900	1.0370
5472.800	1.0253
5473.700	1.0128
5474.600	1.0065
5475.500	0.9802
5476.400	0.9344
5477.300	0.9254
5478.200	0.9725
5479.100	1.0199
5480.000	1.0218
5480.900	0.9932
5481.800	0.9726
5482.700	0.9776
5483.600	1.0007
5484.500	1.0318
5485.400	1.0506
5486.300	1.0411
5487.200	1.0167
5488.100	1.0053
5489.000	1.0124
5489.900	1.0190
5490.800	1.0226
5491.700	1.0295
5492.600	1.0260
5493.500	1.0167
5494.400	1.0240
5495.300	1.0400
5496.200	1.0362
5497.100	1.0164
5498.000	1.0162
5498.900	1.0421
5499.800	1.0538
5500.700	1.0315
5501.600	1.0041
5502.500	1.0029
5503.400	1.0185
5504.300	1.0286
5505.200	1.0196
5506.100	0.9975
5507.000	0.9936
5507.900	1.0155
5508.800	1.0340
5509.700	1.0322
5510.600	1.0234
5511.500	1.0047
5512.400	0.9786
5513.300	0.9694
5514.200	0.9846
5515.100	1.0095
5516.000	1.0285
5516.900	1.0386
5517.800	1.0468
5518.700	1.0552
5519.600	1.0613
5520.500	1.0620
5521.400	1.0594
5522.300	1.0547
5523.200	1.0517
5524.100	1.0487
5525.000	1.0372
5525.900	1.0171
5526.800	0.9918
5527.700	0.9681
5528.600	0.9679
5529.500	0.9991
5530.400	1.0354
5531.300	1.0502
5532.200	1.0452
5533.100	1.0367
5534.000	1.0238
5534.900	1.0123
5535.800	1.0152
5536.700	1.0316
5537.600	1.0401
5538.500	1.0398
5539.400	1.0476
5540.300	1.0621
5541.200	1.0684
5542.100	1.0579
5543.000	1.0388
5543.900	1.0286
5544.800	1.0314
5545.700	1.0388
5546.600	1.0441
5547.500	1.0568
5548.400	1.0719
5549.300	1.0784
5550.200	1.0801
5551.100	1.0782
5552.000	1.0674
5552.900	1.0469
5553.800	1.0266
5554.700	1.0211
5555.600	1.0328
5556.500	1.0477
5557.400	1.0522
5558.300	1.0504
5559.200	1.0517
5560.100	1.0515
5561.000	1.0445
5561.900	1.0273
5562.800	1.0085
5563.700	1.0065
5564.600	1.0187
5565.500	1.0295
5566.400	1.0340
5567.300	1.0344
5568.200	1.0294
5569.100	1.0232
5570.000	1.0226
5570.900	1.0272
5571.800	1.0195
5572.700	1.0060
5573.600	1.0128
5574.500	1.0278
5575.400	1.0266
5576.300	1.0194
5577.200	1.0259
5578.100	1.0436
5579.000	1.0564
5579.900	1.0606
5580.800	1.0543
5581.700	1.0441
5582.600	1.0420
5583.500	1.0455
5584.400	1.0431
5585.300	1.0260
5586.200	0.9925
5587.100	0.9556
5588.000	0.9387
5588.900	0.9488
5589.800	0.9765
5590.700	1.0062
5591.600	1.0176
5592.500	1.0073
5593.400	0.9910
5594.300	0.9847
5595.200	1.0090
5596.100	1.0390
5597.000	1.0343
5597.900	1.0052
5598.800	0.9909
5599.700	0.9951
5600.600	0.9901
5601.500	0.9740
5602.400	0.9687
5603.300	0.9922
5604.200	1.0365
5605.100	1.0643
5606.000	1.0685
5606.900	1.0703
5607.800	1.0777
5608.700	1.0820
5609.600	1.0777
5610.500	1.0772
5611.400	1.0829
5612.300	1.0847
5613.200	1.0728
5614.100	1.0315
5615.000	0.9804
5615.900	0.9718
5616.800	1.0096
5617.700	1.0440
5618.600	1.0467
5619.500	1.0382
5620.400	1.0419
5621.300	1.0537
5622.200	1.0509
5623.100	1.0232
5624.000	0.9906
5624.900	0.9899
5625.800	1.0215
5626.700	1.0475
5627.600	1.0493
5628.500	1.0500
5629.400	1.0669
5630.300	1.0820
5631.200	1.0822
5632.100	1.0752
5633.000	1.0620
5633.900	1.0475
5634.800	1.0341
5635.700	1.0240
5636.600	1.0192
5637.500	1.0190
5638.400	1.0276
5639.300	1.0331
5640.200	1.0185
5641.100	1.0011
5642.000	1.0081
5642.900	1.0289
5643.800	1.0401
5644.700	1.0421
5645.600	1.0460
5646.500	1.0548
5647.400	1.0603
5648.300	1.0533
5649.200	1.0417
5650.100	1.0395
5651.000	1.0506
5651.900	1.0640
5652.800	1.0638
5653.700	1.0483
5654.600	1.0326
5655.500	1.0288
5656.400	1.0178
5657.300	0.9724
5658.200	0.9308
5659.100	0.9481
5660.000	1.0004
5660.900	1.0196
5661.800	0.9984
5662.700	0.9854
5663.600	1.0047
5664.500	1.0319
5665.400	1.0373
5666.300	1.0279
5667.200	1.0193
5668.100	1.0185
5669.000	1.0246
5669.900	1.0374
5670.800	1.0529
5671.700	1.0623
5672.600	1.0676
5673.500	1.0683
5674.400	1.0590
5675.300	1.0536
5676.200	1.0619
5677.100	1.0654
5678.000	1.0558
5678.900	1.0506
5679.800	1.0520
5680.700	1.0458
5681.600	1.0238
5682.500	1.0015
5683.400	1.0007
5684.300	1.0148
5685.200	1.0273
5686.100	1.0277
5687.000	1.0154
5687.900	1.0054
5688.800	1.0073
5689.700	1.0166
5690.600	1.0302
5691.500	1.0439
5692.400	1.0527
5693.300	1.0474
5694.200	1.0416
5695.100	1.0503
5696.000	1.0597
5696.900	1.0540
5697.800	1.0389
5698.700	1.0288
5699.600	1.0206
5700.500	1.0039
5701.400	0.9924
5702.300	1.0015
5703.200	1.0256
5704.100	1.0355
5705.000	1.0230
5705.900	1.0028
5706.800	0.9859
5707.700	0.9680
5708.600	0.9487
5709.500	0.9416
5710.400	0.9480
5711.300	0.9622
5712.200	0.9918
5713.100	1.0296
5714.000	1.0504
5714.900	1.0517
5715.800	1.0493
5716.700	1.0477
5717.600	1.0422
5718.500	1.0428
5719.400	1.0543
5720.300	1.0646
5721.200	1.0695
5722.100	1.0723
5723.000	1.0739
5723.900	1.0729
5724.800	1.0675
5725.700	1.0534
5726.600	1.0382
5727.500	1.0389
5728.400	1.0584
5729.300	1.0699
5730.200	1.0562
5731.100	1.0366
5732.000	1.0353
5732.900	1.0484
5733.800	1.0581
5734.700	1.0605
5735.600	1.0631
5736.500	1.0634
5737.400	1.0613
5738.300	1.0598
5739.200	1.0575
5740.100	1.0518
5741.000	1.0497
5741.900	1.0554
5742.800	1.0593
5743.700	1.0580
5744.600	1.0595
5745.500	1.0640
5746.400	1.0605
5747.300	1.0405
5748.200	1.0231
5749.100	1.0291
5750.000	1.0478
5750.900	1.0573
5751.800	1.0485
5752.700	1.0387
5753.600	1.0319
5754.500	1.0247
5755.400	1.0272
5756.300	1.0412
5757.200	1.0540
5758.100	1.0555
5759.000	1.0500
5759.900	1.0421
5760.800	1.0282
5761.700	1.0107
5762.600	1.0004
5763.500	1.0145
5764.400	1.0450
5765.300	1.0651
5766.200	1.0665
5767.100	1.0610
5768.000	1.0580
5768.900	1.0550
5769.800	1.0513
5770.700	1.0500
5771.600	1.0457
5772.500	1.0395
5773.400	1.0368
5774.300	1.0383
5775.200	1.0466
5776.100	1.0532
5777.000	1.0537
5777.900	1.0453
5778.800	1.0285
5779.700	1.0056
5780.600	0.9837
5781.500	0.9719
5782.400	0.9733
5783.300	0.9811
5784.200	0.9855
5785.100	0.9913
5786.000	1.0072
5786.900	1.0242
5787.800	1.0343
5788.700	1.0398
5789.600	1.0427
5790.500	1.0355
5791.400	1.0282
5792.300	1.0291
5793.200	1.0345
5794.100	1.0433
5795.000	1.0504
5795.900	1.0492
5796.800	1.0387
5797.700	1.0295
5798.600	1.0343
5799.500	1.0510
5800.400	1.0660
5801.300	1.0706
5802.200	1.0623
5803.100	1.0467
5804.000	1.0343
5804.900	1.0310
5805.800	1.0329
5806.700	1.0361
5807.600	1.0415
5808.500	1.0465
5809.400	1.0538
5810.300	1.0642
5811.200	1.0690
5812.100	1.0676
5813.000	1.0652
5813.900	1.0669
5814.800	1.0598
5815.700	1.0453
5816.600	1.0417
5817.500	1.0547
5818.400	1.0689
5819.300	1.0739
5820.200	1.0767
5821.100	1.0783
5822.000	1.0762
5822.900	1.0690
5823.800	1.0612
5824.700	1.0612
5825.600	1.0655
5826.500	1.0656
5827.400	1.0613
5828.300	1.0606
5829.200	1.0665
5830.100	1.0720
5831.000	1.0705
5831.900	1.0624
5832.800	1.0579
5833.700	1.0614
5834.600	1.0642
5835.500	1.0636
5836.400	1.0624
5837.300	1.0597
5838.200	1.0582
5839.100	1.0601
5840.000	1.0669
5840.900	1.0758
5841.800	1.0779
5842.700	1.0696
5843.600	1.0599
5844.500	1.0595
5845.400	1.0624
5846.300	1.0577
5847.200	1.0474
5848.100	1.0470
5849.000	1.0577
5849.900	1.0670
5850.800	1.0605
5851.700	1.0414
5852.600	1.0228
5853.500	1.0147
5854.400	1.0222
5855.300	1.0272
5856.200	1.0124
5857.100	0.9952
5858.000	1.0002
5858.900	1.0229
5859.800	1.0401
5860.700	1.0459
5861.600	1.0426
5862.500	1.0405
5863.400	1.0535
5864.300	1.0667
5865.200	1.0592
5866.100	1.0368
5867.000	1.0233
5867.900	1.0305
5868.800	1.0447
5869.700	1.0585
5870.600	1.0710
5871.500	1.0740
5872.400	1.0667
5873.300	1.0590
5874.200	1.0650
5875.100	1.0729
5876.000	1.0676
5876.900	1.0541
5877.800	1.0455
5878.700	1.0433
5879.600	1.0398
5880.500	1.0375
5881.400	1.0414
5882.300	1.0404
5883.200	1.0285
5884.100	1.0190
5885.000	1.0219
5885.900	1.0213
5886.800	0.9983
5887.700	0.9487
5888.600	0.8828
5889.500	0.8408
5890.400	0.8642
5891.300	0.9289
5892.200	0.9674
5893.100	0.9597
5894.000	0.9348
5894.900	0.9076
5895.800	0.8932
5896.700	0.9214
5897.600	0.9745
5898.500	1.0074
5899.400	1.0194
5900.300	1.0327
5901.200	1.0446
5902.100	1.0478
5903.000	1.0472
5903.900	1.0471
5904.800	1.0385
5905.700	1.0235
5906.600	1.0217
5907.500	1.0349
5908.400	1.0506
5909.300	1.0556
5910.200	1.0517
5911.100	1.0470
5912.000	1.0405
5912.900	1.0272
5913.800	1.0102
5914.700	1.0020
5915.600	1.0039
5916.500	1.0103
5917.400	1.0239
5918.300	1.0397
5919.200	1.0472
5920.100	1.0436
5921.000	1.0340
5921.900	1.0303
5922.800	1.0390
5923.700	1.0509
5924.600	1.0525
5925.500	1.0445
5926.400	1.0382
5927.300	1.0351
5928.200	1.0275
5929.100	1.0090
5930.000	0.9994
5930.900	1.0181
5931.800	1.0434
5932.700	1.0534
5933.600	1.0424
5934.500	1.0271
5935.400	1.0271
5936.300	1.0397
5937.200	1.0448
5938.100	1.0378
5939.000	1.0350
5939.900	1.0381
5940.800	1.0385
5941.700	1.0373
5942.600	1.0361
5943.500	1.0397
5944.400	1.0472
5945.300	1.0531
5946.200	1.0484
5947.100	1.0330
5948.000	1.0169
5948.900	1.0171
5949.800	1.0339
5950.700	1.0429
5951.600	1.0300
5952.500	1.0137
5953.400	1.0184
5954.300	1.0357
5955.200	1.0386
5956.100	1.0246
5957.000	1.0169
5957.900	1.0246
5958.800	1.0412
5959.700	1.0574
5960.600	1.0650
5961.500	1.0607
5962.400	1.0534
5963.300	1.0481
5964.200	1.0425
5965.100	1.0369
5966.000	1.0392
5966.900	1.0510
5967.800	1.0588
5968.700	1.0562
5969.600	1.0508
5970.500	1.0443
5971.400	1.0461
5972.300	1.0539
5973.200	1.0557
5974.100	1.0464
5975.000	1.0313
5975.900	1.0235
5976.800	1.0247
5977.700	1.0305
5978.600	1.0378
5979.500	1.0434
5980.400	1.0452
5981.300	1.0401
5982.200	1.0278
5983.100	1.0085
5984.000	0.9954
5984.900	1.0028
5985.800	1.0233
5986.700	1.0389
5987.600	1.0444
5988.500	1.0478
5989.400	1.0481
5990.300	1.0410
5991.200	1.0327
5992.100	1.0349
5993.000	1.0471
5993.900	1.0541
5994.800	1.0479
5995.700	1.0393
5996.600	1.0324
5997.500	1.0292
5998.400	1.0349
5999.300	1.0466
6000.200	1.0570
6001.100	1.0567
6002.000	1.0411
6002.900	1.0266
6003.800	1.0308
6004.700	1.0415
6005.600	1.0410
6006.500	1.0255
6007.400	1.0044
6008.300	0.9984
6009.200	1.0184
6010.100	1.0423
6011.000	1.0455
6011.900	1.0333
6012.800	1.0236
6013.700	1.0259
6014.600	1.0340
6015.500	1.0330
6016.400	1.0265
6017.300	1.0281
6018.200	1.0331
6019.100	1.0249
6020.000	1.0096
6020.900	1.0093
6021.800	1.0220
6022.700	1.0292
6023.600	1.0264
6024.500	1.0248
6025.400	1.0305
6026.300	1.0302
6027.200	1.0286
6028.100	1.0396
6029.000	1.0544
6029.900	1.0629
6030.800	1.0638
6031.700	1.0658
6032.600	1.0669
6033.500	1.0633
6034.400	1.0587
6035.300	1.0561
6036.200	1.0579
6037.100	1.0585
6038.000	1.0513
6038.900	1.0420
6039.800	1.0408
6040.700	1.0454
6041.600	1.0431
6042.500	1.0406
6043.400	1.0449
6044.300	1.0506
6045.200	1.0526
6046.100	1.0514
6047.000	1.0510
6047.900	1.0510
6048.800	1.0510
6049.700	1.0513
6050.600	1.0482
6051.500	1.0420
6052.400	1.0368
6053.300	1.0356
6054.200	1.0363
6055.100	1.0311
6056.000	1.0301
6056.900	1.0407
6057.800	1.0538
6058.700	1.0567
6059.600	1.0518
6060.500	1.0485
6061.400	1.0474
6062.300	1.0437
6063.200	1.0339
6064.100	1.0199
6065.000	1.0092
6065.900	1.0142
6066.800	1.0342
6067.700	1.0465
6068.600	1.0482
6069.500	1.0500
6070.400	1.0587
6071.300	1.0668
6072.200	1.0684
6073.100	1.0651
6074.000	1.0595
6074.900	1.0561
6075.800	1.0555
6076.700	1.0517
6077.600	1.0378
6078.500	1.0234
6079.400	1.0221
6080.300	1.0300
6081.200	1.0352
6082.100	1.0357
6083.000	1.0338
6083.900	1.0290
6084.800	1.0227
6085.700	1.0253
6086.600	1.0349
6087.500	1.0363
6088.400	1.0301
6089.300	1.0226
6090.200	1.0217
6091.100	1.0259
6092.000	1.0320
6092.900	1.0358
6093.800	1.0388
6094.700	1.0435
6095.600	1.0443
6096.500	1.0457
6097.400	1.0548
6098.300	1.0626
6099.200	1.0599
6100.100	1.0458
6101.000	1.0205
6101.900	0.9870
6102.800	0.9709
6103.700	0.9903
6104.600	1.0226
6105.500	1.0407
6106.400	1.0427
6107.300	1.0385
6108.200	1.0410
6109.100	1.0501
6110.000	1.0525
6110.900	1.0430
6111.800	1.0357
6112.700	1.0409
6113.600	1.0451
6114.500	1.0364
6115.400	1.0203
6116.300	1.0201
6117.200	1.0383
6118.100	1.0513
6119.000	1.0443
6119.900	1.0262
6120.800	1.0038
6121.700	0.9864
6122.600	0.9925
6123.500	1.0165
6124.400	1.0316
6125.300	1.0317
6126.200	1.0289
6127.100	1.0264
6128.000	1.0194
6128.900	1.0191
6129.800	1.0286
6130.700	1.0378
6131.600	1.0419
6132.500	1.0443
6133.400	1.0457
6134.300	1.0339
6135.200	0.9989
6136.100	0.9525
6137.000	0.9308
6137.900	0.9598
6138.800	1.0110
6139.700	1.0352
6140.600	1.0200
6141.500	0.9964
6142.400	1.0011
6143.300	1.0291
6144.200	1.0533
6145.100	1.0609
6146.000	1.0579
6146.900	1.0476
6147.800	1.0328
6148.700	1.0259
6149.600	1.0283
6150.500	1.0339
6151.400	1.0424
6152.300	1.0525
6153.200	1.0593
6154.100	1.0487
6155.000	1.0286
6155.900	1.0194
6156.800	1.0230
6157.700	1.0324
6158.600	1.0420
6159.500	1.0367
6160.400	0.9993
6161.300	0.9459
6162.200	0.9190
6163.100	0.9366
6164.000	0.9750
6164.900	1.0055
6165.800	1.0201
6166.700	1.0243
6167.600	1.0113
6168.500	0.9788
6169.400	0.9579
6170.300	0.9763
6171.200	1.0103
6172.100	1.0242
6173.000	1.0211
6173.900	1.0194
6174.800	1.0193
6175.700	1.0129
6176.600	1.0071
6177.500	1.0131
6178.400	1.0249
6179.300	1.0270
6180.200	1.0221
6181.100	1.0276
6182.000	1.0407
6182.900	1.0459
6183.800	1.0401
6184.700	1.0349
6185.600	1.0337
6186.500	1.0294
6187.400	1.0256
6188.300	1.0229
6189.200	1.0168
6190.100	0.9967
6191.000	0.9720
6191.900	0.9762
6192.800	1.0089
6193.700	1.0350
6194.600	1.0392
6195.500	1.0365
6196.400	1.0396
6197.300	1.0401
6198.200	1.0273
6199.100	1.0026
6200.000	0.9891
6200.900	1.0005
6201.800	1.0218
6202.700	1.0346
6203.600	1.0371
6204.500	1.0390
6205.400	1.0424
6206.300	1.0435
6207.200	1.0443
6208.100	1.0469
6209.000	1.0497
6209.900	1.0483
6210.800	1.0407
6211.700	1.0278
6212.600	1.0053
6213.500	0.9858
6214.400	0.9820
6215.300	0.9930
6216.200	1.0139
6217.100	1.0256
6218.000	1.0147
6218.900	0.9977
6219.800	0.9978
6220.700	1.0134
6221.600	1.0262
6222.500	1.0312
6223.400	1.0307
6224.300	1.0295
6225.200	1.0299
6226.100	1.0363
6227.000	1.0410
6227.900	1.0289
6228.800	0.9956
6229.700	0.9618
6230.600	0.9525
6231.500	0.9655
6232.400	0.9880
6233.300	1.0140
6234.200	1.0365
6235.100	1.0471
6236.000	1.0429
6236.900	1.0290
6237.800	1.0170
6238.700	1.0116
6239.600	1.0102
6240.500	1.0112
6241.400	1.0114
6242.300	1.0008
6243.200	0.9840
6244.100	0.9755
6245.000	0.9702
6245.900	0.9642
6246.800	0.9720
6247.700	0.9988
6248.600	1.0278
6249.500	1.0375
6250.400	1.0261
6251.300	0.9993
6252.200	0.9734
6253.100	0.9624
6254.000	0.9665
6254.900	0.9773
6255.800	0.9805
6256.700	0.9726
6257.600	0.9625
6258.500	0.9655
6259.400	0.9853
6260.300	1.0084
6261.200	1.0241
6262.100	1.0335
6263.000	1.0367
6263.900	1.0272
6264.800	1.0127
6265.700	1.0110
6266.600	1.0217
6267.500	1.0282
6268.400	1.0218
6269.300	1.0095
6270.200	1.0040
6271.100	1.0101
6272.000	1.0241
6272.900	1.0337
6273.800	1.0320
6274.700	1.0206
6275.600	1.0110
6276.500	1.0078
6277.400	1.0044
6278.300	0.9914
6279.200	0.9706
6280.100	0.9614
6281.000	0.9741
6281.900	0.9947
6282.800	1.0104
6283.700	1.0180
6284.600	1.0211
6285.500	1.0230
6286.400	1.0308
6287.300	1.0401
6288.200	1.0452
6289.100	1.0426
6290.000	1.0309
6290.900	1.0220
6291.800	1.0195
6292.700	1.0138
6293.600	1.0101
6294.500	1.0138
6295.400	1.0081
6296.300	0.9876
6297.200	0.9750
6298.100	0.9837
6299.000	0.9932
6299.900	0.9855
6300.800	0.9700
6301.700	0.9680
6302.600	0.9793
6303.500	0.9914
6304.400	1.0040
6305.300	1.0169
6306.200	1.0242
6307.100	1.0199
6308.000	1.0104
6308.900	1.0056
6309.800	1.0025
6310.700	1.0030
6311.600	1.0070
6312.500	1.0097
6313.400	0.9999
6314.300	0.9790
6315.200	0.9666
6316.100	0.9653
6317.000	0.9588
6317.900	0.9523
6318.800	0.9608
6319.700	0.9827
6320.600	0.9920
6321.500	0.9852
6322.400	0.9863
6323.300	1.0035
6324.200	1.0202
6325.100	1.0206
6326.000	1.0091
6326.900	1.0020
6327.800	1.0054
6328.700	1.0099
6329.600	1.0086
6330.500	1.0109
6331.400	1.0222
6332.300	1.0299
6333.200	1.0225
6334.100	0.9985
6335.000	0.9727
6335.900	0.9628
6336.800	0.9692
6337.700	0.9781
6338.600	0.9844
6339.500	0.9947
6340.400	1.0093
6341.300	1.0154
6342.200	1.0061
6343.100	0.9900
6344.000	0.9815
6344.900	0.9895
6345.800	0.9995
6346.700	1.0030
6347.600	1.0045
6348.500	1.0061
6349.400	1.0096
6350.300	1.0155
6351.200	1.0214
6352.100	1.0197
6353.000	1.0079
6353.900	0.9972
6354.800	0.9943
6355.700	0.9941
6356.600	0.9877
6357.500	0.9775
6358.400	0.9736
6359.300	0.9782
6360.200	0.9845
6361.100	0.9851
6362.000	0.9835
6362.900	0.9865
6363.800	0.9908
6364.700	0.9936
6365.600	0.9975
6366.500	1.0050
6367.400	1.0145
6368.300	1.0196
6369.200	1.0209
6370.100	1.0175
6371.000	1.0139
6371.900	1.0125
6372.800	1.0125
6373.700	1.0137
6374.600	1.0162
6375.500	1.0175
6376.400	1.0145
6377.300	1.0094
6378.200	1.0060
6379.100	1.0019
6380.000	0.9968
6380.900	0.9972
6381.800	1.0100
6382.700	1.0240
6383.600	1.0316
6384.500	1.0348
6385.400	1.0325
6386.300	1.0265
6387.200	1.0231
6388.100	1.0252
6389.000	1.0279
6389.900	1.0260
6390.800	1.0186
6391.700	1.0018
6392.600	0.9809
6393.500	0.9744
6394.400	0.9853
6395.300	0.9983
6396.200	1.0048
6397.100	1.0077
6398.000	0.9956
6398.900	0.9653
6399.800	0.9455
6400.700	0.9617
6401.600	0.9941
6402.500	1.0120
6403.400	1.0178
6404.300	1.0212
6405.200	1.0161
6406.100	0.9976
6407.000	0.9734
6407.900	0.9668
6408.800	0.9808
6409.700	0.9931
6410.600	0.9887
6411.500	0.9843
6412.400	0.9950
6413.300	1.0059
6414.200	1.0084
6415.100	1.0087
6416.000	1.0089
6416.900	1.0086
6417.800	1.0059
6418.700	0.9953
6419.600	0.9767
6420.500	0.9646
6421.400	0.9738
6422.300	0.9998
6423.200	1.0223
6424.100	1.0274
6425.000	1.0261
6425.900	1.0288
6426.800	1.0302
6427.700	1.0227
6428.600	1.0038
6429.500	0.9838
6430.400	0.9739
6431.300	0.9817
6432.200	1.0017
6433.100	1.0215
6434.000	1.0334
6434.900	1.0337
6435.800	1.0244
6436.700	1.0080
6437.600	0.9859
6438.500	0.9724
6439.400	0.9841
6440.300	1.0111
6441.200	1.0264
6442.100	1.0239
6443.000	1.0156
6443.900	1.0149
6444.800	1.0198
6445.700	1.0222
6446.600	1.0142
6447.500	0.9854
6448.400	0.9427
6449.300	0.9165
6450.200	0.9308
6451.100	0.9729
6452.000	1.0068
6452.900	1.0115
6453.800	0.9935
6454.700	0.9707
6455.600	0.9634
6456.500	0.9768
6457.400	0.9999
6458.300	1.0142
6459.200	1.0129
6460.100	0.9969
6461.000	0.9647
6461.900	0.9321
6462.800	0.9273
6463.700	0.9555
6464.600	0.9886
6465.500	1.0005
6466.400	0.9966
6467.300	0.9890
6468.200	0.9880
6469.100	0.9871
6470.000	0.9781
6470.900	0.9664
6471.800	0.9638
6472.700	0.9754
6473.600	0.9880
6474.500	0.9907
6475.400	0.9914
6476.300	0.9997
6477.200	1.0120
6478.100	1.0180
6479.000	1.0132
6479.900	0.9961
6480.800	0.9723
6481.700	0.9596
6482.600	0.9697
6483.500	0.9918
6484.400	1.0092
6485.300	1.0190
6486.200	1.0233
6487.100	1.0186
6488.000	1.0065
6488.900	0.9945
6489.800	0.9855
6490.700	0.9812
6491.600	0.9737
6492.500	0.9512
6493.400	0.9142
6494.300	0.8861
6495.200	0.8831
6496.100	0.8988
6497.000	0.9182
6497.900	0.9300
6498.800	0.9373
6499.700	0.9502
6500.600	0.9694
6501.500	0.9857
6502.400	0.9954
6503.300	0.9978
6504.200	0.9973
6505.100	1.0002
6506.000	1.0031
6506.900	1.0022
6507.800	1.0003
6508.700	1.0008
6509.600	1.0020
6510.500	0.9991
6511.400	0.9948
6512.300	0.9911
6513.200	0.9882
6514.100	0.9858
6515.000	0.9829
6515.900	0.9785
6516.800	0.9738
6517.700	0.9741
6518.600	0.9801
6519.500	0.9864
6520.400	0.9886
6521.300	0.9895
6522.200	0.9956
6523.100	1.0025
6524.000	1.0041
6524.900	0.9995
6525.800	0.9856
6526.700	0.9727
6527.600	0.9706
6528.500	0.9812
6529.400	0.9932
6530.300	0.9974
6531.200	0.9926
6532.100	0.9828
6533.000	0.9765
6533.900	0.9782
6534.800	0.9862
6535.700	0.9954
6536.600	1.0005
6537.500	1.0047
6538.400	1.0083
6539.300	1.0077
6540.200	1.0005
6541.100	0.9926
6542.000	0.9894
6542.900	0.9883
6543.800	0.9805
6544.700	0.9627
6545.600	0.9472
6546.500	0.9525
6547.400	0.9738
6548.300	0.9868
6549.200	0.9822
6550.100	0.9731
6551.000	0.9738
6551.900	0.9772
6552.800	0.9725
6553.700	0.9576
6554.600	0.9459
6555.500	0.9497
6556.400	0.9647
6557.300	0.9705
6558.200	0.9555
6559.100	0.9271
6560.000	0.8729
6560.900	0.7654
6561.800	0.6427
6562.700	0.6154
6563.600	0.7218
6564.500	0.8611
6565.400	0.9423
6566.300	0.9678
6567.200	0.9721
6568.100	0.9679
6569.000	0.9612
6569.900	0.9615
6570.800	0.9643
6571.700	0.9606
6572.600	0.9499
6573.500	0.9375
6574.400	0.9357
6575.300	0.9543
6576.200	0.9818
6577.100	0.9979
6578.000	0.9983
6578.900	0.9922
6579.800	0.9841
6580.700	0.9815
6581.600	0.9867
6582.500	0.9921
6583.400	0.9922
6584.300	0.9862
6585.200	0.9801
6586.100	0.9817
6587.000	0.9927
6587.900	1.0053
6588.800	1.0068
6589.700	0.9959
6590.600	0.9727
6591.500	0.9415
6592.400	0.9166
6593.300	0.9175
6594.200	0.9420
6595.100	0.9653
6596.000	0.9728
6596.900	0.9703
6597.800	0.9697
6598.700	0.9747
6599.600	0.9844
6600.500	0.9953
6601.400	1.0025
6602.300	0.9990
6603.200	0.9822
6604.100	0.9655
6605.000	0.9629
6605.900	0.9677
6606.800	0.9662
6607.700	0.9580
6608.600	0.9522
6609.500	0.9560
6610.400	0.9667
6611.300	0.9780
6612.200	0.9844
6613.100	0.9891
6614.000	0.9908
6614.900	0.9902
6615.800	0.9911
6616.700	0.9945
6617.600	0.9959
6618.500	0.9925
6619.400	0.9920
6620.300	0.9955
6621.200	0.9955
6622.100	0.9901
6623.000	0.9798
6623.900	0.9720
6624.800	0.9720
6625.700	0.9812
6626.600	0.9905
6627.500	0.9929
6628.400	0.9893
6629.300	0.9810
6630.200	0.9755
6631.100	0.9712
6632.000	0.9586
6632.900	0.9444
6633.800	0.9439
6634.700	0.9602
6635.600	0.9789
6636.500	0.9855
6637.400	0.9813
6638.300	0.9751
6639.200	0.9756
6640.100	0.9820
6641.000	0.9846
6641.900	0.9711
6642.800	0.9497
6643.700	0.9441
6644.600	0.9579
6645.500	0.9743
6646.400	0.9831
6647.300	0.9883
6648.200	0.9937
6649.100	0.9938
6650.000	0.9899
6650.900	0.9866
6651.800	0.9868
6652.700	0.9884
6653.600	0.9874
6654.500	0.9862
6655.400	0.9894
6656.300	0.9977
6657.200	1.0065
6658.100	1.0085
6659.000	1.0021
6659.900	0.9923
6660.800	0.9801
6661.700	0.9645
6662.600	0.9542
6663.500	0.9602
6664.400	0.9758
6665.300	0.9835
6666.200	0.9797
6667.100	0.9757
6668.000	0.9791
6668.900	0.9886
6669.800	0.9956
6670.700	0.9941
6671.600	0.9891
6672.500	0.9865
6673.400	0.9867
6674.300	0.9866
6675.200	0.9812
6676.100	0.9651
6677.000	0.9422
6677.900	0.9344
6678.800	0.9522
6679.700	0.9772
6680.600	0.9872
6681.500	0.9871
6682.400	0.9909
6683.300	0.9948
6684.200	0.9956
6685.100	0.9952
6686.000	0.9989
6686.900	1.0038
6687.800	1.0032
6688.700	1.0006
6689.600	0.9990
6690.500	0.9957
6691.400	0.9910
6692.300	0.9880
6693.200	0.9876
6694.100	0.9809
6695.000	0.9662
6695.900	0.9567
6696.800	0.9598
6697.700	0.9662
6698.600	0.9677
6699.500	0.9682
6700.400	0.9721
6701.300	0.9751
6702.200	0.9727
6703.100	0.9657
6704.000	0.9614
6704.900	0.9644
6705.800	0.9717
6706.700	0.9763
6707.600	0.9735
6708.500	0.9701
6709.400	0.9722
6710.300	0.9797
6711.200	0.9836
6712.100	0.9818
6713.000	0.9784
6713.900	0.9724
6714.800	0.9628
6715.700	0.9494
6716.600	0.9385
6717.500	0.9423
6718.400	0.9593
6719.300	0.9728
6720.200	0.9746
6721.100	0.9742
6722.000	0.9749
6722.900	0.9792
6723.800	0.9828
6724.700	0.9817
6725.600	0.9793
6726.500	0.9783
6727.400	0.9806
6728.300	0.9849
6729.200	0.9870
6730.100	0.9862
6731.000	0.9828
6731.900	0.9778
6732.800	0.9737
6733.700	0.9723
6734.600	0.9764
6735.500	0.9799
6736.400	0.9770
6737.300	0.9682
6738.200	0.9606
6739.100	0.9586
6740.000	0.9593
6740.900	0.9609
6741.800	0.9620
6742.700	0.9637
6743.600	0.9662
6744.500	0.9656
6745.400	0.9660
6746.300	0.9696
6747.200	0.9752
6748.100	0.9724
6749.000	0.9615
6749.900	0.9554
6750.800	0.9596
6751.700	0.9700
6752.600	0.9779
6753.500	0.9824
6754.400	0.9867
6755.300	0.9883
6756.200	0.9858
6757.100	0.9818
6758.000	0.9812
6758.900	0.9832
6759.800	0.9832
6760.700	0.9812
6761.600	0.9805
6762.500	0.9814
6763.400	0.9798
6764.300	0.9770
6765.200	0.9732
6766.100	0.9623
6767.000	0.9483
6767.900	0.9460
6768.800	0.9561
6769.700	0.9619
6770.600	0.9540
6771.500	0.9471
6772.400	0.9509
6773.300	0.9616
6774.200	0.9722
6775.100	0.9805
6776.000	0.9868
6776.900	0.9894
6777.800	0.9899
6778.700	0.9900
6779.600	0.9895
6780.500	0.9846
6781.400	0.9737
6782.300	0.9619
6783.200	0.9591
6784.100	0.9637
6785.000	0.9666
6785.900	0.9698
6786.800	0.9753
6787.700	0.9798
6788.600	0.9829
6789.500	0.9850
6790.400	0.9875
6791.300	0.9869
6792.200	0.9817
6793.100	0.9772
6794.000	0.9714
6794.900	0.9642
6795.800	0.9560
6796.700	0.9537
6797.600	0.9578
6798.500	0.9634
6799.400	0.9685
6800.300	0.9725
6801.200	0.9768
6802.100	0.9768
6803.000	0.9708
6803.900	0.9660
6804.800	0.9632
6805.700	0.9640
6806.600	0.9684
6807.500	0.9753
6808.400	0.9767
6809.300	0.9710
6810.200	0.9669
6811.100	0.9667
6812.000	0.9661
6812.900	0.9637
6813.800	0.9615
6814.700	0.9621
6815.600	0.9684
6816.500	0.9794
6817.400	0.9864
6818.300	0.9818
6819.200	0.9737
6820.100	0.9720
6821.000	0.9767
6821.900	0.9812
6822.800	0.9841
6823.700	0.9859
6824.600	0.9842
6825.500	0.9779
6826.400	0.9666
6827.300	0.9570
6828.200	0.9594
6829.100	0.9717
6830.000	0.9834
6830.900	0.9880
6831.800	0.9886
6832.700	0.9852
6833.600	0.9839
6834.500	0.9848
6835.400	0.9817
6836.300	0.9738
6837.200	0.9643
6838.100	0.9558
6839.000	0.9467
6839.900	0.9375
6840.800	0.9291
6841.700	0.9257
6842.600	0.9287
6843.500	0.9376
6844.400	0.9488
6845.300	0.9564
6846.200	0.9604
6847.100	0.9621
6848.000	0.9603
6848.900	0.9583
6849.800	0.9604
6850.700	0.9687
6851.600	0.9748
6852.500	0.9687
6853.400	0.9531
6854.300	0.9417
6855.200	0.9445
6856.100	0.9545
6857.000	0.9566
6857.900	0.9549
6858.800	0.9576
6859.700	0.9606
6860.600	0.9568
6861.500	0.9501
6862.400	0.9455
6863.300	0.9460
6864.200	0.9564
6865.100	0.9655
6866.000	0.9586
6866.900	0.9457
6867.800	0.9413
6868.700	0.9447
6869.600	0.9491
6870.500	0.9471
6871.400	0.9402
6872.300	0.9396
6873.200	0.9488
6874.100	0.9556
6875.000	0.9523
6875.900	0.9500
6876.800	0.9547
6877.700	0.9590
6878.600	0.9579
6879.500	0.9511
6880.400	0.9412
6881.300	0.9313
6882.200	0.9296
6883.100	0.9400
6884.000	0.9459
6884.900	0.9447
6885.800	0.9545
6886.700	0.9674
6887.600	0.9662
6888.500	0.9668
6889.400	0.9771
6890.300	0.9767
6891.200	0.9601
6892.100	0.9514
6893.000	0.9537
6893.900	0.9521
6894.800	0.9418
6895.700	0.9378
6896.600	0.9499
6897.500	0.9623
6898.400	0.9557
6899.300	0.9433
6900.200	0.9483
6901.100	0.9705
6902.000	0.9793
6902.900	0.9650
6903.800	0.9473
6904.700	0.9469
6905.600	0.9626
6906.500	0.9736
6907.400	0.9711
6908.300	0.9631
6909.200	0.9596
6910.100	0.9626
6911.000	0.9650
6911.900	0.9593
6912.800	0.9417
6913.700	0.9205
6914.600	0.9124
6915.500	0.9202
6916.400	0.9338
6917.300	0.9459
6918.200	0.9539
6919.100	0.9561
6920.000	0.9643
6920.900	0.9758
6921.800	0.9723
6922.700	0.9545
6923.600	0.9354
6924.500	0.9277
6925.400	0.9355
6926.300	0.9463
6927.200	0.9502
6928.100	0.9497
6929.000	0.9529
6929.900	0.9574
6930.800	0.9558
6931.700	0.9464
6932.600	0.9384
6933.500	0.9418
6934.400	0.9509
6935.300	0.9524
6936.200	0.9435
6937.100	0.9347
6938.000	0.9356
6938.900	0.9437
6939.800	0.9514
6940.700	0.9546
6941.600	0.9506
6942.500	0.9354
6943.400	0.9113
6944.300	0.8924
6945.200	0.8954
6946.100	0.9183
6947.000	0.9399
6947.900	0.9484
6948.800	0.9454
6949.700	0.9345
6950.600	0.9257
6951.500	0.9214
6952.400	0.9234
6953.300	0.9262
6954.200	0.9253
6955.100	0.9252
6956.000	0.9285
6956.900	0.9307
6957.800	0.9293
6958.700	0.9299
6959.600	0.9354
6960.500	0.9433
6961.400	0.9496
6962.300	0.9501
6963.200	0.9491
6964.100	0.9480
6965.000	0.9485
6965.900	0.9520
6966.800	0.9552
6967.700	0.9584
6968.600	0.9624
6969.500	0.9662
6970.400	0.9662
6971.300	0.9626
6972.200	0.9610
6973.100	0.9582
6974.000	0.9500
6974.900	0.9410
6975.800	0.9299
6976.700	0.9128
6977.600	0.8939
6978.500	0.8917
6979.400	0.9108
6980.300	0.9333
6981.200	0.9463
6982.100	0.9500
6983.000	0.9487
6983.900	0.9466
6984.800	0.9480
6985.700	0.9514
6986.600	0.9483
6987.500	0.9411
6988.400	0.9396
6989.300	0.9508
6990.200	0.9643
6991.100	0.9668
6992.000	0.9607
6992.900	0.9527
6993.800	0.9438
6994.700	0.9375
6995.600	0.9396
6996.500	0.9425
6997.400	0.9336
6998.300	0.9180
6999.200	0.9091
7000.100	0.9101
7001.000	0.9155
7001.900	0.9191
7002.800	0.9182
7003.700	0.9153
7004.600	0.9131
7005.500	0.9105
7006.400	0.9103
7007.300	0.9154
7008.200	0.9268
7009.100	0.9372
7010.000	0.9358
7010.900	0.9254
7011.800	0.9192
7012.700	0.9205
7013.600	0.9179
7014.500	0.9002
7015.400	0.8803
7016.300	0.8789
7017.200	0.8992
7018.100	0.9222
7019.000	0.9339
7019.900	0.9366
7020.800	0.9311
7021.700	0.9167
7022.600	0.8972
7023.500	0.8862
7024.400	0.8914
7025.300	0.9084
7026.200	0.9256
7027.100	0.9347
7028.000	0.9373
7028.900	0.9347
7029.800	0.9279
7030.700	0.9220
7031.600	0.9197
7032.500	0.9197
7033.400	0.9175
7034.300	0.9169
7035.200	0.9231
7036.100	0.9274
7037.000	0.9242
7037.900	0.9241
7038.800	0.9344
7039.700	0.9485
7040.600	0.9557
7041.500	0.9553
7042.400	0.9518
7043.300	0.9494
7044.200	0.9501
7045.100	0.9513
7046.000	0.9525
7046.900	0.9543
7047.800	0.9558
7048.700	0.9516
7049.600	0.9459
7050.500	0.9386
7051.400	0.9268
7052.300	0.9143
7053.200	0.9108
7054.100	0.9178
7055.000	0.9243
7055.900	0.9268
7056.800	0.9303
7057.700	0.9326
7058.600	0.9287
7059.500	0.9211
7060.400	0.9224
7061.300	0.9301
7062.200	0.9358
7063.100	0.9356
7064.000	0.9295
7064.900	0.9204
7065.800	0.9118
7066.700	0.9049
7067.600	0.9006
7068.500	0.9059
7069.400	0.9205
7070.300	0.9331
7071.200	0.9399
7072.100	0.9443
7073.000	0.9450
7073.900	0.9450
7074.800	0.9431
7075.700	0.9405
7076.600	0.9383
7077.500	0.9386
7078.400	0.9430
7079.300	0.9444
7080.200	0.9392
7081.100	0.9314
7082.000	0.9228
7082.900	0.9096
7083.800	0.8948
7084.700	0.8950
7085.600	0.9078
7086.500	0.9194
7087.400	0.9216
7088.300	0.9153
7089.200	0.9047
7090.100	0.9002
7091.000	0.9064
7091.900	0.9147
7092.800	0.9209
7093.700	0.9240
7094.600	0.9201
7095.500	0.9129
7096.400	0.9110
7097.300	0.9160
7098.200	0.9270
7099.100	0.9395
7100.000	0.9471
7100.900	0.9469
7101.800	0.9417
7102.700	0.9350
7103.600	0.9319
7104.500	0.9318
7105.400	0.9271
7106.300	0.9214
7107.200	0.9238
7108.100	0.9322
7109.000	0.9354
7109.900	0.9283
7110.800	0.9197
7111.700	0.9142
7112.600	0.9149
7113.500	0.9225
7114.400	0.9313
7115.300	0.9331
7116.200	0.9312
7117.100	0.9336
7118.000	0.9364
7118.900	0.9358
7119.800	0.9294
7120.700	0.9185
7121.600	0.9079
7122.500	0.9064
7123.400	0.9181
7124.300	0.9385
7125.200	0.9499
7126.100	0.9524
7127.000	0.9483
7127.900	0.9436
7128.800	0.9357
7129.700	0.9234
7130.600	0.9156
7131.500	0.9202
7132.400	0.9356
7133.300	0.9497
7134.200	0.9587
7135.100	0.9614
7136.000	0.9644
7136.900	0.9671
7137.800	0.9616
7138.700	0.9521
7139.600	0.9493
7140.500	0.9547
7141.400	0.9601
7142.300	0.9609
7143.200	0.9609
7144.100	0.9604
7145.000	0.9556
7145.900	0.9348
7146.800	0.9077
7147.700	0.8997
7148.600	0.9150
7149.500	0.9343
7150.400	0.9420
7151.300	0.9424
7152.200	0.9466
7153.100	0.9525
7154.000	0.9512
7154.900	0.9441
7155.800	0.9403
7156.700	0.9397
7157.600	0.9357
7158.500	0.9293
7159.400	0.9268
7160.300	0.9314
7161.200	0.9351
7162.100	0.9259
7163.000	0.9019
7163.900	0.8812
7164.800	0.8811
7165.700	0.8969
7166.600	0.9164
7167.500	0.9300
7168.400	0.9290
7169.300	0.9230
7170.200	0.9276
7171.100	0.9368
7172.000	0.9336
7172.900	0.9254
7173.800	0.9250
7174.700	0.9273
7175.600	0.9210
7176.500	0.9119
7177.400	0.9089
7178.300	0.9059
7179.200	0.8873
7180.100	0.8614
7181.000	0.8582
7181.900	0.8763
7182.800	0.8970
7183.700	0.9160
7184.600	0.9178
7185.500	0.8934
7186.400	0.8651
7187.300	0.8564
7188.200	0.8701
7189.100	0.8838
7190.000	0.8889
7190.900	0.8920
7191.800	0.8891
7192.700	0.8831
7193.600	0.8903
7194.500	0.9069
7195.400	0.9111
7196.300	0.9038
7197.200	0.9132
7198.100	0.9364
7199.000	0.9363
7199.900	0.9139
7200.800	0.8926
7201.700	0.8846
7202.600	0.9017
7203.500	0.9321
7204.400	0.9389
7205.300	0.9126
7206.200	0.8772
7207.100	0.8635
7208.000	0.8809
7208.900	0.9121
7209.800	0.9319
7210.700	0.9340
7211.600	0.9240
7212.500	0.9128
7213.400	0.9084
7214.300	0.9082
7215.200	0.9112
7216.100	0.9156
7217.000	0.9179
7217.900	0.9173
7218.800	0.9126
7219.700	0.9150
7220.600	0.9212
7221.500	0.9156
7222.400	0.8983
7223.300	0.8904
7224.200	0.9000
7225.100	0.9104
7226.000	0.9124
7226.900	0.9075
7227.800	0.8973
7228.700	0.8902
7229.600	0.8935
7230.500	0.9031
7231.400	0.9182
7232.300	0.9327
7233.200	0.9328
7234.100	0.9157
7235.000	0.8931
7235.900	0.8790
7236.800	0.8869
7237.700	0.9063
7238.600	0.9071
7239.500	0.9007
7240.400	0.9091
7241.300	0.9202
7242.200	0.9172
7243.100	0.9025
7244.000	0.8882
7244.900	0.8896
7245.800	0.9051
7246.700	0.9147
7247.600	0.9079
7248.500	0.8971
7249.400	0.8991
7250.300	0.9065
7251.200	0.9078
7252.100	0.9096
7253.000	0.9126
7253.900	0.9153
7254.800	0.9148
7255.700	0.9165
7256.600	0.9228
7257.500	0.9284
7258.400	0.9263
7259.300	0.9086
7260.200	0.8807
7261.100	0.8688
7262.000	0.8919
7262.900	0.9271
7263.800	0.9409
7264.700	0.9380
7265.600	0.9357
7266.500	0.9408
7267.400	0.9434
7268.300	0.9386
7269.200	0.9420
7270.100	0.9500
7271.000	0.9427
7271.900	0.9244
7272.800	0.9128
7273.700	0.9179
7274.600	0.9295
7275.500	0.9332
7276.400	0.9301
7277.300	0.9250
7278.200	0.9233
7279.100	0.9216
7280.000	0.9147
7280.900	0.8992
7281.800	0.8818
7282.700	0.8719
7283.600	0.8732
7284.500	0.8841
7285.400	0.8953
7286.300	0.8950
7287.200	0.8830
7288.100	0.8686
7289.000	0.8633
7289.900	0.8604
7290.800	0.8551
7291.700	0.8569
7292.600	0.8736
7293.500	0.8949
7294.400	0.9117
7295.300	0.9239
7296.200	0.9288
7297.100	0.9250
7298.000	0.9146
7298.900	0.9035
7299.800	0.9014
7300.700	0.9129
7301.600	0.9286
7302.500	0.9348
7303.400	0.9309
7304.300	0.9221
7305.200	0.9096
7306.100	0.8994
7307.000	0.8973
7307.900	0.9011
7308.800	0.9027
7309.700	0.8967
7310.600	0.8888
7311.500	0.8916
7312.400	0.9053
7313.300	0.9131
7314.200	0.9113
7315.100	0.9088
7316.000	0.9085
7316.900	0.9101
7317.800	0.9131
7318.700	0.9139
7319.600	0.9099
7320.500	0.9086
7321.400	0.9123
7322.300	0.9094
7323.200	0.9007
7324.100	0.8914
7325.000	0.8796
7325.900	0.8750
7326.800	0.8879
7327.700	0.9068
7328.600	0.9135
7329.500	0.9103
7330.400	0.9076
7331.300	0.9063
7332.200	0.9036
7333.100	0.9010
7334.000	0.9071
7334.900	0.9205
7335.800	0.9308
7336.700	0.9354
7337.600	0.9384
7338.500	0.9395
7339.400	0.9315
7340.300	0.9215
7341.200	0.9178
7342.100	0.9117
7343.000	0.8982
7343.900	0.8890
7344.800	0.8941
7345.700	0.9062
7346.600	0.9136
7347.500	0.9135
7348.400	0.9078
7349.300	0.9022
7350.200	0.8965
7351.100	0.8930
7352.000	0.8904
7352.900	0.8889
7353.800	0.8814
7354.700	0.8647
7355.600	0.8538
7356.500	0.8621
7357.400	0.8822
7358.300	0.8950
7359.200	0.8970
7360.100	0.8948
7361.000	0.8884
7361.900	0.8817
7362.800	0.8796
7363.700	0.8814
7364.600	0.8879
7365.500	0.8970
7366.400	0.8995
7367.300	0.8914
7368.200	0.8862
7369.100	0.8934
7370.000	0.9018
7370.900	0.9018
7371.800	0.8976
7372.700	0.8955
7373.600	0.8961
7374.500	0.8978
7375.400	0.9029
7376.300	0.9048
7377.200	0.9030
7378.100	0.8988
7379.000	0.8960
7379.900	0.8932
7380.800	0.8890
7381.700	0.8886
7382.600	0.8881
7383.500	0.8806
7384.400	0.8676
7385.300	0.8570
7386.200	0.8527
7387.100	0.8496
7388.000	0.8420
7388.900	0.8376
7389.800	0.8451
7390.700	0.8572
7391.600	0.8576
7392.500	0.8473
7393.400	0.8430
7394.300	0.8513
7395.200	0.8647
7396.100	0.8737
7397.000	0.8765
7397.900	0.8761
7398.800	0.8711
7399.700	0.8616
7400.600	0.8540
7401.500	0.8566
7402.400	0.8661
7403.300	0.8748
7404.200	0.8747
7405.100	0.8669
7406.000	0.8594
7406.900	0.8554
7407.800	0.8492
7408.700	0.8364
7409.600	0.8277
7410.500	0.8289
7411.400	0.8309
7412.300	0.7083
7413.200	0.3511
7414.100	0.0671
7415.000	-0.0020
7415.900	-0.0009
7416.800	0.0000
7417.700	0.0000
7418.600	0.0000
7419.500	0.0000
7420.400	0.0000
7421.300	0.0000
7422.200	0.0000
7423.100	0.0000
7424.000	0.0000
7424.900	0.0000
7425.800	0.0000
7426.700	0.0000
7427.600	0.0000
7428.500	0.0000
