3500.0000 0
3500.9000 0
3501.8000 0
3502.7000 0
3503.6000 0
3504.5000 0
3505.4000 0
3506.3000 0
3507.2000 0
3508.1000 0
3509.0000 0
3509.9000 0
3510.8000 0
3511.7000 0
3512.6000 0
3513.5000 0
3514.4000 0
3515.3000 0
3516.2000 0
3517.1000 0
3518.0000 0
3518.9000 0
3519.8000 0
3520.7000 0
3521.6000 0
3522.5000 0
3523.4000 0
3524.3000 0
3525.2000 0
3526.1000 0
3527.0000 0
3527.9000 0
3528.8000 0
3529.7000 0
3530.6000 0
3531.5000 0
3532.4000 0
3533.3000 0
3534.2000 0.00000643
3535.1000 0.02200339
3536.0000 0.22517471
3536.9000 0.24133547
3537.8000 0.24656452
3538.7000 0.26090109
3539.6000 0.2607618
3540.5000 0.2376353
3541.4000 0.21784361
3542.3000 0.22097637
3543.2000 0.23679195
3544.1000 0.24808346
3545.0000 0.252619
3545.9000 0.24929142
3546.8000 0.23522992
3547.7000 0.22353879
3548.6000 0.23484971
3549.5000 0.24825323
3550.4000 0.24133173
3551.3000 0.22741134
3552.2000 0.20956282
3553.1000 0.18707997
3554.0000 0.17829074
3554.9000 0.1915217
3555.8000 0.2075675
3556.7000 0.20641945
3557.6000 0.19434486
3558.5000 0.18602854
3559.4000 0.19090827
3560.3000 0.20291397
3561.2000 0.21438421
3562.1000 0.22756301
3563.0000 0.22924875
3563.9000 0.19779025
3564.8000 0.14899004
3565.7000 0.12488844
3566.6000 0.13630319
3567.5000 0.15334864
3568.4000 0.1449398
3569.3000 0.12050173
3570.2000 0.11385857
3571.1000 0.14386584
3572.0000 0.17740656
3572.9000 0.19486538
3573.8000 0.19749774
3574.7000 0.20155287
3575.6000 0.21212152
3576.5000 0.21009412
3577.4000 0.17888421
3578.3000 0.13873602
3579.2000 0.11411199
3580.1000 0.09885015
3581.0000 0.09359971
3581.9000 0.10309776
3582.8000 0.11093141
3583.7000 0.1033868
3584.6000 0.09284971
3585.5000 0.09485587
3586.4000 0.10308486
3587.3000 0.11089298
3588.2000 0.12295232
3589.1000 0.15122084
3590.0000 0.20775467
3590.9000 0.25685588
3591.8000 0.24695711
3592.7000 0.2060874
3593.6000 0.20557475
3594.5000 0.25330582
3595.4000 0.2986649
3596.3000 0.30884156
3597.2000 0.29621428
3598.1000 0.29092813
3599.0000 0.30911413
3599.9000 0.32943407
3600.8000 0.31499723
3601.7000 0.26512635
3602.6000 0.21418482
3603.5000 0.19213437
3604.4000 0.18589026
3605.3000 0.18599153
3606.2000 0.19212794
3607.1000 0.18130429
3608.0000 0.14478493
3608.9000 0.12654911
3609.8000 0.15433064
3610.7000 0.19507301
3611.6000 0.21452647
3612.5000 0.21812396
3613.4000 0.23578067
3614.3000 0.26774505
3615.2000 0.28177771
3616.1000 0.25751469
3617.0000 0.19703777
3617.9000 0.13659726
3618.8000 0.12567976
3619.7000 0.16453698
3620.6000 0.21327032
3621.5000 0.2493837
3622.4000 0.26093403
3623.3000 0.251941
3624.2000 0.26492721
3625.1000 0.31119642
3626.0000 0.34845576
3626.9000 0.35269919
3627.8000 0.33909583
3628.7000 0.30362758
3629.6000 0.23140216
3630.5000 0.16272537
3631.4000 0.15078679
3632.3000 0.18221985
3633.2000 0.20367296
3634.1000 0.20943202
3635.0000 0.22659554
3635.9000 0.25246325
3636.8000 0.27809593
3637.7000 0.30900693
3638.6000 0.3347446
3639.5000 0.33462906
3640.4000 0.31492579
3641.3000 0.29600409
3642.2000 0.27738911
3643.1000 0.24842311
3644.0000 0.2275559
3644.9000 0.22588558
3645.8000 0.21744546
3646.7000 0.18705909
3647.6000 0.16638862
3648.5000 0.18362498
3649.4000 0.2219597
3650.3000 0.2574839
3651.2000 0.29506406
3652.1000 0.33356249
3653.0000 0.34954414
3653.9000 0.3481417
3654.8000 0.35443997
3655.7000 0.37479532
3656.6000 0.38949209
3657.5000 0.40531012
3658.4000 0.42463014
3659.3000 0.41731378
3660.2000 0.40218675
3661.1000 0.3932392
3662.0000 0.36540127
3662.9000 0.33183441
3663.8000 0.33454776
3664.7000 0.35904175
3665.6000 0.35856634
3666.5000 0.33980677
3667.4000 0.32504696
3668.3000 0.30583459
3669.2000 0.29346138
3670.1000 0.31978428
3671.0000 0.36974725
3671.9000 0.3894648
3672.8000 0.36514276
3673.7000 0.34917
3674.6000 0.35561237
3675.5000 0.33941641
3676.4000 0.30185264
3677.3000 0.2738615
3678.2000 0.25137526
3679.1000 0.23002565
3680.0000 0.23430182
3680.9000 0.26432404
3681.8000 0.29081467
3682.7000 0.30347109
3683.6000 0.300217
3684.5000 0.27962133
3685.4000 0.24683458
3686.3000 0.2116563
3687.2000 0.19912699
3688.1000 0.22741698
3689.0000 0.28193846
3689.9000 0.34275728
3690.8000 0.38947341
3691.7000 0.38682267
3692.6000 0.33860943
3693.5000 0.30486423
3694.4000 0.30896312
3695.3000 0.32066298
3696.2000 0.33433563
3697.1000 0.36227557
3698.0000 0.39602879
3698.9000 0.41312769
3699.8000 0.40063763
3700.7000 0.37786502
3701.6000 0.36572084
3702.5000 0.34012431
3703.4000 0.27694207
3704.3000 0.21170036
3705.2000 0.18973102
3706.1000 0.19994813
3707.0000 0.20115019
3707.9000 0.19229925
3708.8000 0.2134919
3709.7000 0.27590966
3710.6000 0.3436338
3711.5000 0.39713782
3712.4000 0.43668786
3713.3000 0.45094302
3714.2000 0.42065415
3715.1000 0.35591072
3716.0000 0.30617091
3716.9000 0.27820104
3717.8000 0.23057127
3718.7000 0.16589437
3719.6000 0.12517771
3720.5000 0.12138261
3721.4000 0.14145452
3722.3000 0.18387246
3723.2000 0.2418306
3724.1000 0.29492
3725.0000 0.3156749
3725.9000 0.27924287
3726.8000 0.23058464
3727.7000 0.2400189
3728.6000 0.2830199
3729.5000 0.28818628
3730.4000 0.2599242
3731.3000 0.22856344
3732.2000 0.18202749
3733.1000 0.13025489
3734.0000 0.10097969
3734.9000 0.09667562
3735.8000 0.10576197
3736.7000 0.12712747
3737.6000 0.16693492
3738.5000 0.21944049
3739.4000 0.2754994
3740.3000 0.30751148
3741.2000 0.28482684
3742.1000 0.2273196
3743.0000 0.18000197
3743.9000 0.15517727
3744.8000 0.14108306
3745.7000 0.1388135
3746.6000 0.14187047
3747.5000 0.12633446
3748.4000 0.11074334
3749.3000 0.13525066
3750.2000 0.19616084
3751.1000 0.25176781
3752.0000 0.27886662
3752.9000 0.30453891
3753.8000 0.34783223
3754.7000 0.37278575
3755.6000 0.33880123
3756.5000 0.25490066
3757.4000 0.17927229
3758.3000 0.16606438
3759.2000 0.2058097
3760.1000 0.24809808
3761.0000 0.26093745
3761.9000 0.24005497
3762.8000 0.21083301
3763.7000 0.21488065
3764.6000 0.23617552
3765.5000 0.22377008
3766.4000 0.20169558
3767.3000 0.22730038
3768.2000 0.28559852
3769.1000 0.32223126
3770.0000 0.33332676
3770.9000 0.34727141
3771.8000 0.36172178
3772.7000 0.35688841
3773.6000 0.33233088
3774.5000 0.31203794
3775.4000 0.31484985
3776.3000 0.32708505
3777.2000 0.32762659
3778.1000 0.33193362
3779.0000 0.35293248
3779.9000 0.36836982
3780.8000 0.36442491
3781.7000 0.35947123
3782.6000 0.37401545
3783.5000 0.39178836
3784.4000 0.36003152
3785.3000 0.27928483
3786.2000 0.22754781
3787.1000 0.21620746
3788.0000 0.20804304
3788.9000 0.20530702
3789.8000 0.22607817
3790.7000 0.26255843
3791.6000 0.27627504
3792.5000 0.25236487
3793.4000 0.2214389
3794.3000 0.20818754
3795.2000 0.21654981
3796.1000 0.22371222
3797.0000 0.20688477
3797.9000 0.18488519
3798.8000 0.19688891
3799.7000 0.24251248
3800.6000 0.27231258
3801.5000 0.27608556
3802.4000 0.28919831
3803.3000 0.30803207
3804.2000 0.3100931
3805.1000 0.28472489
3806.0000 0.2437752
3806.9000 0.22914876
3807.8000 0.25492549
3808.7000 0.28765044
3809.6000 0.30495921
3810.5000 0.30216581
3811.4000 0.27440006
3812.3000 0.23084442
3813.2000 0.19393753
3814.1000 0.16925062
3815.0000 0.15048961
3815.9000 0.15276398
3816.8000 0.17771937
3817.7000 0.18936855
3818.6000 0.16328715
3819.5000 0.12525901
3820.4000 0.12171671
3821.3000 0.15179768
3822.2000 0.16969478
3823.1000 0.15332414
3824.0000 0.12428622
3824.9000 0.10900589
3825.8000 0.11304091
3826.7000 0.12484069
3827.6000 0.13262397
3828.5000 0.13583478
3829.4000 0.13928702
3830.3000 0.1413404
3831.2000 0.13511866
3832.1000 0.12418883
3833.0000 0.12086812
3833.9000 0.1348324
3834.8000 0.1598946
3835.7000 0.17061523
3836.6000 0.1547613
3837.5000 0.13125758
3838.4000 0.12011412
3839.3000 0.11882262
3840.2000 0.12670597
3841.1000 0.15641931
3842.0000 0.19440746
3842.9000 0.212605
3843.8000 0.21266083
3844.7000 0.20530663
3845.6000 0.19816053
3846.5000 0.19920027
3847.4000 0.19869365
3848.3000 0.18213204
3849.2000 0.159931
3850.1000 0.16185002
3851.0000 0.18645474
3851.9000 0.1964353
3852.8000 0.18314387
3853.7000 0.17186542
3854.6000 0.16627462
3855.5000 0.15761495
3856.4000 0.15060915
3857.3000 0.14085364
3858.2000 0.1237151
3859.1000 0.1128922
3860.0000 0.12427127
3860.9000 0.16196671
3861.8000 0.20686643
3862.7000 0.22638229
3863.6000 0.21515217
3864.5000 0.19755714
3865.4000 0.19225265
3866.3000 0.1942002
3867.2000 0.18741252
3868.1000 0.17514369
3869.0000 0.15741551
3869.9000 0.13829061
3870.8000 0.13216855
3871.7000 0.14494453
3872.6000 0.17873664
3873.5000 0.23085284
3874.4000 0.27147192
3875.3000 0.27163622
3876.2000 0.23610322
3877.1000 0.18733533
3878.0000 0.16476455
3878.9000 0.18702511
3879.8000 0.20646559
3880.7000 0.18702666
3881.6000 0.17178749
3882.5000 0.21241508
3883.4000 0.27291498
3884.3000 0.26946378
3885.2000 0.20927991
3886.1000 0.17812331
3887.0000 0.196008
3887.9000 0.22356154
3888.8000 0.26012474
3889.7000 0.31807432
3890.6000 0.37045312
3891.5000 0.38783231
3892.4000 0.37510175
3893.3000 0.35249498
3894.2000 0.32339463
3895.1000 0.31124935
3896.0000 0.33847842
3896.9000 0.35747963
3897.8000 0.33016369
3898.7000 0.29637459
3899.6000 0.30348325
3900.5000 0.33449155
3901.4000 0.32750672
3902.3000 0.28860909
3903.2000 0.27263373
3904.1000 0.26651132
3905.0000 0.25480691
3905.9000 0.27642983
3906.8000 0.33359751
3907.7000 0.37999067
3908.6000 0.39421138
3909.5000 0.39277652
3910.4000 0.39785868
3911.3000 0.41289979
3912.2000 0.4206979
3913.1000 0.41983315
3914.0000 0.42390177
3914.9000 0.41527069
3915.8000 0.3901805
3916.7000 0.37872854
3917.6000 0.36895397
3918.5000 0.3312
3919.4000 0.27935377
3920.3000 0.24734895
3921.2000 0.24625191
3922.1000 0.26110065
3923.0000 0.28943431
3923.9000 0.31302062
3924.8000 0.30383363
3925.7000 0.27633238
3926.6000 0.24268511
3927.5000 0.20272668
3928.4000 0.17286924
3929.3000 0.15577915
3930.2000 0.13903122
3931.1000 0.12004022
3932.0000 0.10332023
3932.9000 0.09560096
3933.8000 0.09720501
3934.7000 0.10979919
3935.6000 0.13530494
3936.5000 0.1697142
3937.4000 0.20897038
3938.3000 0.24657808
3939.2000 0.27385131
3940.1000 0.2802783
3941.0000 0.27674413
3941.9000 0.26606908
3942.8000 0.23431796
3943.7000 0.2194593
3944.6000 0.26840958
3945.5000 0.34073552
3946.4000 0.3642343
3947.3000 0.35065833
3948.2000 0.36110148
3949.1000 0.40283322
3950.0000 0.4345037
3950.9000 0.42434186
3951.8000 0.38745245
3952.7000 0.38673735
3953.6000 0.42626682
3954.5000 0.42498222
3955.4000 0.37799883
3956.3000 0.35347977
3957.2000 0.37316251
3958.1000 0.40575451
3959.0000 0.39708251
3959.9000 0.31854632
3960.8000 0.22735699
3961.7000 0.19921291
3962.6000 0.22187728
3963.5000 0.2371553
3964.4000 0.22036065
3965.3000 0.18166415
3966.2000 0.14278987
3967.1000 0.11429305
3968.0000 0.10116888
3968.9000 0.10967168
3969.8000 0.13988708
3970.7000 0.18032265
3971.6000 0.21396519
3972.5000 0.23686333
3973.4000 0.26552606
3974.3000 0.30598277
3975.2000 0.33776972
3976.1000 0.35736173
3977.0000 0.38667437
3977.9000 0.42903489
3978.8000 0.46813121
3979.7000 0.48740524
3980.6000 0.48070517
3981.5000 0.46414095
3982.4000 0.45263505
3983.3000 0.44772905
3984.2000 0.45731038
3985.1000 0.46994102
3986.0000 0.47155651
3986.9000 0.4915728
3987.8000 0.52285248
3988.7000 0.5164085
3989.6000 0.49668583
3990.5000 0.50682068
3991.4000 0.53110611
3992.3000 0.54548252
3993.2000 0.539038
3994.1000 0.52207315
3995.0000 0.50993603
3995.9000 0.48937404
3996.8000 0.46296814
3997.7000 0.47483087
3998.6000 0.53314966
3999.5000 0.57331586
4000.4000 0.56584126
4001.3000 0.56568539
4002.2000 0.592287
4003.1000 0.58080089
4004.0000 0.49491853
4004.9000 0.41006032
4005.8000 0.41303414
4006.7000 0.48164189
4007.6000 0.54310817
4008.5000 0.55637932
4009.4000 0.54512513
4010.3000 0.54976058
4011.2000 0.56614041
4012.1000 0.57690096
4013.0000 0.57790822
4013.9000 0.57989836
4014.8000 0.58787346
4015.7000 0.57479787
4016.6000 0.54110473
4017.5000 0.5415712
4018.4000 0.58555698
4019.3000 0.6073401
4020.2000 0.5915426
4021.1000 0.58010107
4022.0000 0.58173692
4022.9000 0.57774621
4023.8000 0.55780578
4024.7000 0.5505693
4025.6000 0.57181859
4026.5000 0.59741074
4027.4000 0.61672229
4028.3000 0.6079455
4029.2000 0.53555757
4030.1000 0.44103199
4031.0000 0.40281627
4031.9000 0.39496368
4032.8000 0.38094112
4033.7000 0.39333788
4034.6000 0.44065428
4035.5000 0.51632738
4036.4000 0.5959745
4037.3000 0.63650072
4038.2000 0.62744445
4039.1000 0.59060425
4040.0000 0.56063712
4040.9000 0.56738734
4041.8000 0.59391195
4042.7000 0.56378996
4043.6000 0.44931895
4044.5000 0.32154822
4045.4000 0.27529624
4046.3000 0.34551674
4047.2000 0.46387047
4048.1000 0.5450229
4049.0000 0.58974063
4049.9000 0.62289572
4050.8000 0.62308437
4051.7000 0.5893231
4052.6000 0.55651712
4053.5000 0.53170174
4054.4000 0.51403856
4055.3000 0.51053667
4056.2000 0.49321073
4057.1000 0.44874123
4058.0000 0.43174848
4058.9000 0.47930959
4059.8000 0.53763068
4060.7000 0.53430587
4061.6000 0.45503318
4062.5000 0.35470062
4063.4000 0.32298824
4064.3000 0.38489753
4065.2000 0.45301303
4066.1000 0.46780318
4067.0000 0.48264626
4067.9000 0.54028773
4068.8000 0.58337748
4069.7000 0.53428888
4070.6000 0.42317441
4071.5000 0.38086733
4072.4000 0.45357165
4073.3000 0.53752923
4074.2000 0.55015785
4075.1000 0.50793982
4076.0000 0.45368257
4076.9000 0.42889804
4077.8000 0.45479706
4078.7000 0.51378244
4079.6000 0.57985729
4080.5000 0.62811297
4081.4000 0.62930787
4082.3000 0.58937013
4083.2000 0.54725242
4084.1000 0.52712184
4085.0000 0.53981078
4085.9000 0.58397239
4086.8000 0.63779068
4087.7000 0.67286116
4088.6000 0.67490762
4089.5000 0.6520862
4090.4000 0.62143493
4091.3000 0.59582096
4092.2000 0.59316009
4093.1000 0.61327291
4094.0000 0.60267186
4094.9000 0.54718882
4095.8000 0.50133067
4096.7000 0.49352628
4097.6000 0.50893003
4098.5000 0.52286476
4099.4000 0.50378859
4100.3000 0.45343956
4101.2000 0.42985004
4102.1000 0.45914015
4103.0000 0.49421403
4103.9000 0.51416546
4104.8000 0.54430884
4105.7000 0.58025342
4106.6000 0.59235525
4107.5000 0.58128464
4108.4000 0.56597596
4109.3000 0.55221903
4110.2000 0.54002434
4111.1000 0.53733528
4112.0000 0.55629301
4112.9000 0.59342432
4113.8000 0.61697829
4114.7000 0.62399673
4115.6000 0.63411766
4116.5000 0.63061023
4117.4000 0.586963
4118.3000 0.53529626
4119.2000 0.53550494
4120.1000 0.56621557
4121.0000 0.57615882
4121.9000 0.56866091
4122.8000 0.56996161
4123.7000 0.5909822
4124.6000 0.60281652
4125.5000 0.58102143
4126.4000 0.5552876
4127.3000 0.54424685
4128.2000 0.54888755
4129.1000 0.55419421
4130.0000 0.53155935
4130.9000 0.4779537
4131.8000 0.42982486
4132.7000 0.42874655
4133.6000 0.45106781
4134.5000 0.49442697
4135.4000 0.55722511
4136.3000 0.58278942
4137.2000 0.58075833
4138.1000 0.59143734
4139.0000 0.60052729
4139.9000 0.59662783
4140.8000 0.57015103
4141.7000 0.49579492
4142.6000 0.4035303
4143.5000 0.37647465
4144.4000 0.43489814
4145.3000 0.50449592
4146.2000 0.53310156
4147.1000 0.53695846
4148.0000 0.52691054
4148.9000 0.50044847
4149.8000 0.47847477
4150.7000 0.47854787
4151.6000 0.48897532
4152.5000 0.4914521
4153.4000 0.47469884
4154.3000 0.45588279
4155.2000 0.45439672
4156.1000 0.45390061
4157.0000 0.46262178
4157.9000 0.4980582
4158.8000 0.53961647
4159.7000 0.56070852
4160.6000 0.56860459
4161.5000 0.59182346
4162.4000 0.61264133
4163.3000 0.5972358
4164.2000 0.56881738
4165.1000 0.54372513
4166.0000 0.50335014
4166.9000 0.47159594
4167.8000 0.49619445
4168.7000 0.54965615
4169.6000 0.57159501
4170.5000 0.54592466
4171.4000 0.48904535
4172.3000 0.44515729
4173.2000 0.44890067
4174.1000 0.47818252
4175.0000 0.49346387
4175.9000 0.4866015
4176.8000 0.47128737
4177.7000 0.4711034
4178.6000 0.49174649
4179.5000 0.50398642
4180.4000 0.48797908
4181.3000 0.46859139
4182.2000 0.47612271
4183.1000 0.50786918
4184.0000 0.55034989
4184.9000 0.5683971
4185.8000 0.51755315
4186.7000 0.43977749
4187.6000 0.43213144
4188.5000 0.49831992
4189.4000 0.55313659
4190.3000 0.54808986
4191.2000 0.5295217
4192.1000 0.55316776
4193.0000 0.58067298
4193.9000 0.55395883
4194.8000 0.48782393
4195.7000 0.43854347
4196.6000 0.42502037
4197.5000 0.42303875
4198.4000 0.43211636
4199.3000 0.46386945
4200.2000 0.47811988
4201.1000 0.45931479
4202.0000 0.46110603
4202.9000 0.50665188
4203.8000 0.55458879
4204.7000 0.58994728
4205.6000 0.61515653
4206.5000 0.62804008
4207.4000 0.63380134
4208.3000 0.61475903
4209.2000 0.56821346
4210.1000 0.54314631
4211.0000 0.57064962
4211.9000 0.60091817
4212.8000 0.58501661
4213.7000 0.52744627
4214.6000 0.45979112
4215.5000 0.45248318
4216.4000 0.52880496
4217.3000 0.60677987
4218.2000 0.63544834
4219.1000 0.64744163
4220.0000 0.66723222
4220.9000 0.66265368
4221.8000 0.6198535
4222.7000 0.56594127
4223.6000 0.50518847
4224.5000 0.42098835
4225.4000 0.31578779
4226.3000 0.25135589
4227.2000 0.30921704
4228.1000 0.45539841
4229.0000 0.57312655
4229.9000 0.63376153
4230.8000 0.66122413
4231.7000 0.63662893
4232.6000 0.57706857
4233.5000 0.55111891
4234.4000 0.54588699
4235.3000 0.51272595
4236.2000 0.50097126
4237.1000 0.53031343
4238.0000 0.54481739
4238.9000 0.54602373
4239.8000 0.5764659
4240.7000 0.62862021
4241.6000 0.64754081
4242.5000 0.63682312
4243.4000 0.66408718
4244.3000 0.71049809
4245.2000 0.70501405
4246.1000 0.64852041
4247.0000 0.58304471
4247.9000 0.53650284
4248.8000 0.49167618
4249.7000 0.44602302
4250.6000 0.46413198
4251.5000 0.54578805
4252.4000 0.58216625
4253.3000 0.52688718
4254.2000 0.46989787
4255.1000 0.5079512
4256.0000 0.60717458
4256.9000 0.65955579
4257.8000 0.61500669
4258.7000 0.52013391
4259.6000 0.44026026
4260.5000 0.42592555
4261.4000 0.50617933
4262.3000 0.61794543
4263.2000 0.67724651
4264.1000 0.68591666
4265.0000 0.68967712
4265.9000 0.68507862
4266.8000 0.65068501
4267.7000 0.61009479
4268.6000 0.57365614
4269.5000 0.50902611
4270.4000 0.41421226
4271.3000 0.35348436
4272.2000 0.3776139
4273.1000 0.42448598
4274.0000 0.43128312
4274.9000 0.456523
4275.8000 0.53939545
4276.7000 0.62674451
4277.6000 0.67590874
4278.5000 0.66900063
4279.4000 0.6066128
4280.3000 0.55428165
4281.2000 0.55352312
4282.1000 0.57837188
4283.0000 0.61027288
4283.9000 0.61578786
4284.8000 0.57727993
4285.7000 0.55287588
4286.6000 0.5740239
4287.5000 0.57904828
4288.4000 0.51477045
4289.3000 0.44066018
4290.2000 0.44249162
4291.1000 0.50930291
4292.0000 0.5730235
4292.9000 0.58198994
4293.8000 0.55067319
4294.7000 0.54380381
4295.6000 0.55781984
4296.5000 0.53655744
4297.4000 0.47679809
4298.3000 0.4017159
4299.2000 0.34299022
4300.1000 0.3422612
4301.0000 0.37866074
4301.9000 0.39473972
4302.8000 0.3957718
4303.7000 0.40707973
4304.6000 0.4092468
4305.5000 0.39050412
4306.4000 0.35444868
4307.3000 0.30835095
4308.2000 0.29014722
4309.1000 0.31495234
4310.0000 0.35430983
4310.9000 0.39227962
4311.8000 0.43813521
4312.7000 0.49587905
4313.6000 0.54954582
4314.5000 0.61095518
4315.4000 0.70588142
4316.3000 0.78119689
4317.2000 0.78599334
4318.1000 0.75884026
4319.0000 0.7428726
4319.9000 0.72773266
4320.8000 0.71015912
4321.7000 0.6804927
4322.6000 0.59453624
4323.5000 0.47403899
4324.4000 0.37903875
4325.3000 0.34654683
4326.2000 0.42089096
4327.1000 0.57134235
4328.0000 0.6967811
4328.9000 0.74169993
4329.8000 0.7228502
4330.7000 0.70253664
4331.6000 0.7130506
4332.5000 0.73352391
4333.4000 0.75229079
4334.3000 0.76982868
4335.2000 0.76537728
4336.1000 0.70066744
4337.0000 0.59910011
4337.9000 0.53243095
4338.8000 0.49577478
4339.7000 0.46726972
4340.6000 0.49293363
4341.5000 0.57810479
4342.4000 0.63975632
4343.3000 0.64586765
4344.2000 0.66087651
4345.1000 0.69970936
4346.0000 0.71111691
4346.9000 0.70505005
4347.8000 0.72906601
4348.7000 0.77248794
4349.6000 0.75720257
4350.5000 0.64242023
4351.4000 0.5240804
4352.3000 0.51566088
4353.2000 0.58968949
4354.1000 0.63901341
4355.0000 0.65139312
4355.9000 0.67976052
4356.8000 0.71420848
4357.7000 0.70225757
4358.6000 0.65935516
4359.5000 0.66113275
4360.4000 0.72344154
4361.3000 0.76901382
4362.2000 0.75033861
4363.1000 0.73215032
4364.0000 0.76929247
4364.9000 0.80824214
4365.8000 0.77938819
4366.7000 0.70740551
4367.6000 0.66969341
4368.5000 0.6851784
4369.4000 0.70054239
4370.3000 0.69257629
4371.2000 0.69021142
4372.1000 0.68811601
4373.0000 0.65017712
4373.9000 0.59209895
4374.8000 0.56277746
4375.7000 0.58710647
4376.6000 0.64739984
4377.5000 0.69652653
4378.4000 0.70414799
4379.3000 0.67981428
4380.2000 0.64834887
4381.1000 0.59619141
4382.0000 0.4858582
4382.9000 0.3545379
4383.8000 0.31712687
4384.7000 0.40888166
4385.6000 0.54369307
4386.5000 0.62323612
4387.4000 0.62975562
4388.3000 0.61011356
4389.2000 0.59429747
4390.1000 0.59242582
4391.0000 0.61179793
4391.9000 0.6387502
4392.8000 0.64883721
4393.7000 0.63705891
4394.6000 0.62919897
4395.5000 0.65984786
4396.4000 0.72575271
4397.3000 0.77186137
4398.2000 0.76097369
4399.1000 0.70360297
4400.0000 0.64313787
4400.9000 0.63398874
4401.8000 0.66081077
4402.7000 0.62945086
4403.6000 0.51705509
4404.5000 0.4382768
4405.4000 0.47877976
4406.3000 0.5635621
4407.2000 0.59534848
4408.1000 0.60814112
4409.0000 0.66245908
4409.9000 0.73260069
4410.8000 0.77708644
4411.7000 0.79875696
4412.6000 0.78492242
4413.5000 0.70193213
4414.4000 0.58863437
4415.3000 0.5552026
4416.2000 0.61809492
4417.1000 0.69461972
4418.0000 0.75344664
4418.9000 0.79959673
4419.8000 0.81095588
4420.7000 0.7676453
4421.6000 0.69325852
4422.5000 0.64978844
4423.4000 0.66654742
4424.3000 0.69392395
4425.2000 0.69108671
4426.1000 0.6855886
4427.0000 0.71197176
4427.9000 0.75636715
4428.8000 0.75787044
4429.7000 0.70465076
4430.6000 0.68181765
4431.5000 0.71647203
4432.4000 0.7270596
4433.3000 0.67637569
4434.2000 0.60897273
4435.1000 0.58458394
4436.0000 0.63249391
4436.9000 0.71747553
4437.8000 0.78598475
4438.7000 0.81463432
4439.6000 0.79065353
4440.5000 0.72564775
4441.4000 0.66283208
4442.3000 0.64060402
4443.2000 0.67316002
4444.1000 0.74700123
4445.0000 0.81455803
4445.9000 0.82245106
4446.8000 0.78634822
4447.7000 0.7771095
4448.6000 0.79965782
4449.5000 0.80275422
4450.4000 0.78474253
4451.3000 0.77273279
4452.2000 0.7579217
4453.1000 0.70949638
4454.0000 0.6310854
4454.9000 0.5820331
4455.8000 0.59944332
4456.7000 0.63398468
4457.6000 0.63374448
4458.5000 0.61891109
4459.4000 0.6193254
4460.3000 0.61338687
4461.2000 0.59844452
4462.1000 0.62791091
4463.0000 0.7017411
4463.9000 0.74652308
4464.8000 0.74479574
4465.7000 0.73407668
4466.6000 0.73744333
4467.5000 0.74566823
4468.4000 0.72366107
4469.3000 0.6955294
4470.2000 0.71230686
4471.1000 0.76118708
4472.0000 0.80257732
4472.9000 0.82391155
4473.8000 0.82054836
4474.7000 0.79594374
4475.6000 0.78894687
4476.5000 0.82015932
4477.4000 0.85283399
4478.3000 0.8341372
4479.2000 0.76621139
4480.1000 0.69660705
4481.0000 0.66067606
4481.9000 0.6690312
4482.8000 0.72400987
4483.7000 0.7941196
4484.6000 0.83997947
4485.5000 0.85740578
4486.4000 0.84989566
4487.3000 0.81373376
4488.2000 0.75899923
4489.1000 0.71795958
4490.0000 0.71901184
4490.9000 0.76124853
4491.8000 0.80479306
4492.7000 0.79821879
4493.6000 0.73403615
4494.5000 0.67555869
4495.4000 0.68189931
4496.3000 0.7306025
4497.2000 0.78220254
4498.1000 0.81694496
4499.0000 0.8309682
4499.9000 0.82041395
4500.8000 0.78769875
4501.7000 0.78637451
4502.6000 0.84355843
4503.5000 0.89947248
4504.4000 0.91235137
4505.3000 0.90395164
4506.2000 0.89105064
4507.1000 0.8747108
4508.0000 0.86692387
4508.9000 0.87511629
4509.8000 0.88869739
4510.7000 0.88621569
4511.6000 0.85625643
4512.5000 0.81757504
4513.4000 0.79088116
4514.3000 0.78406614
4515.2000 0.80304033
4516.1000 0.81777906
4517.0000 0.80318522
4517.9000 0.79584396
4518.8000 0.82587677
4519.7000 0.86299348
4520.6000 0.87783861
4521.5000 0.86422843
4522.4000 0.83467007
4523.3000 0.82145691
4524.2000 0.80159724
4525.1000 0.74971271
4526.0000 0.69739282
4526.9000 0.66208118
4527.8000 0.6400128
4528.7000 0.63714367
4529.6000 0.65985513
4530.5000 0.68711984
4531.4000 0.71786082
4532.3000 0.74378371
4533.2000 0.73153645
4534.1000 0.6958068
4535.0000 0.67610127
4535.9000 0.72190666
4536.8000 0.82053608
4537.7000 0.87680948
4538.6000 0.8587234
4539.5000 0.81222028
4540.4000 0.78047425
4541.3000 0.78849685
4542.2000 0.81925607
4543.1000 0.82987839
4544.0000 0.80884224
4544.9000 0.78170121
4545.8000 0.7752772
4546.7000 0.78401881
4547.6000 0.78405654
4548.5000 0.7593329
4549.4000 0.73909152
4550.3000 0.76159763
4551.2000 0.79254663
4552.1000 0.79368144
4553.0000 0.78573608
4553.9000 0.7793377
4554.8000 0.77033085
4555.7000 0.78114069
4556.6000 0.82066721
4557.5000 0.86333466
4558.4000 0.88049781
4559.3000 0.87394941
4560.2000 0.869847
4561.1000 0.88018984
4562.0000 0.87837064
4562.9000 0.83842164
4563.8000 0.77897125
4564.7000 0.74290919
4565.6000 0.75940937
4566.5000 0.81971675
4567.4000 0.87033659
4568.3000 0.87492889
4569.2000 0.8545202
4570.1000 0.82570171
4571.0000 0.79182661
4571.9000 0.794056
4572.8000 0.83819729
4573.7000 0.86628854
4574.6000 0.86333877
4575.5000 0.85962802
4576.4000 0.86160696
4577.3000 0.85277915
4578.2000 0.82108337
4579.1000 0.76991779
4580.0000 0.72362679
4580.9000 0.71524453
4581.8000 0.75033987
4582.7000 0.78754997
4583.6000 0.79012024
4584.5000 0.7626009
4585.4000 0.73453552
4586.3000 0.74458617
4587.2000 0.79451078
4588.1000 0.84522873
4589.0000 0.86860502
4589.9000 0.85738492
4590.8000 0.81825167
4591.7000 0.77976489
4592.6000 0.77036273
4593.5000 0.77780265
4594.4000 0.77114034
4595.3000 0.75455844
4596.2000 0.75211352
4597.1000 0.76046699
4598.0000 0.77274138
4598.9000 0.78336889
4599.8000 0.77536839
4600.7000 0.76996493
4601.6000 0.78627133
4602.5000 0.79792333
4603.4000 0.79018629
4604.3000 0.77348268
4605.2000 0.77290666
4606.1000 0.80257469
4607.0000 0.84746069
4607.9000 0.89019901
4608.8000 0.90915167
4609.7000 0.8860833
4610.6000 0.84316665
4611.5000 0.81861234
4612.4000 0.81263202
4613.3000 0.81853271
4614.2000 0.84507537
4615.1000 0.86804807
4616.0000 0.86656731
4616.9000 0.8599689
4617.8000 0.84732211
4618.7000 0.8268736
4619.6000 0.83357722
4620.5000 0.86040604
4621.4000 0.86126012
4622.3000 0.84578443
4623.2000 0.84911156
4624.1000 0.85357344
4625.0000 0.83874065
4625.9000 0.83335352
4626.8000 0.85622382
4627.7000 0.87843239
4628.6000 0.86957967
4629.5000 0.85370022
4630.4000 0.86347157
4631.3000 0.87150294
4632.2000 0.84906495
4633.1000 0.82513952
4634.0000 0.8279267
4634.9000 0.84202272
4635.8000 0.83706951
4636.7000 0.8028118
4637.6000 0.76787978
4638.5000 0.75436968
4639.4000 0.75023925
4640.3000 0.76499176
4641.2000 0.80083495
4642.1000 0.81835234
4643.0000 0.79855734
4643.9000 0.76974344
4644.8000 0.7429412
4645.7000 0.70482504
4646.6000 0.67217672
4647.5000 0.67007184
4648.4000 0.69748801
4649.3000 0.74015099
4650.2000 0.78071886
4651.1000 0.80883157
4652.0000 0.83099163
4652.9000 0.82980084
4653.8000 0.78910381
4654.7000 0.75221914
4655.6000 0.74981177
4656.5000 0.77403015
4657.4000 0.81776679
4658.3000 0.86402643
4659.2000 0.89184386
4660.1000 0.88574702
4661.0000 0.85093987
4661.9000 0.80752569
4662.8000 0.77197784
4663.7000 0.75661302
4664.6000 0.74777937
4665.5000 0.70441115
4666.4000 0.62710309
4667.3000 0.58065623
4668.2000 0.61439973
4669.1000 0.70347375
4670.0000 0.78311878
4670.9000 0.81091017
4671.8000 0.78940237
4672.7000 0.75744998
4673.6000 0.75331312
4674.5000 0.77568096
4675.4000 0.80234754
4676.3000 0.81318069
4677.2000 0.78901529
4678.1000 0.7453568
4679.0000 0.7241773
4679.9000 0.72607815
4680.8000 0.72879738
4681.7000 0.74156523
4682.6000 0.7689867
4683.5000 0.78532422
4684.4000 0.78074217
4685.3000 0.78022552
4686.2000 0.78785855
4687.1000 0.78410786
4688.0000 0.76911169
4688.9000 0.76275033
4689.8000 0.76124299
4690.7000 0.74964702
4691.6000 0.74005985
4692.5000 0.7425729
4693.4000 0.75166309
4694.3000 0.76778972
4695.2000 0.78620768
4696.1000 0.78807664
4697.0000 0.76283181
4697.9000 0.72227341
4698.8000 0.70110238
4699.7000 0.71153414
4700.6000 0.7120446
4701.5000 0.6794157
4702.4000 0.63943958
4703.3000 0.64773834
4704.2000 0.70692354
4705.1000 0.75148147
4706.0000 0.74918932
4706.9000 0.72094822
4707.8000 0.70583165
4708.7000 0.71187174
4709.6000 0.73165202
4710.5000 0.76721233
4711.4000 0.78990149
4712.3000 0.77462167
4713.2000 0.73421252
4714.1000 0.70007622
4715.0000 0.71975315
4715.9000 0.7852245
4716.8000 0.8302027
4717.7000 0.84321713
4718.6000 0.86082661
4719.5000 0.87832266
4720.4000 0.87517029
4721.3000 0.85680151
4722.2000 0.83686042
4723.1000 0.8351661
4724.0000 0.85537487
4724.9000 0.87099975
4725.8000 0.85146481
4726.7000 0.78895748
4727.6000 0.72602725
4728.5000 0.70451218
4729.4000 0.71127647
4730.3000 0.72631174
4731.2000 0.75462991
4732.1000 0.78540552
4733.0000 0.79796845
4733.9000 0.79621893
4734.8000 0.78512692
4735.7000 0.7504409
4736.6000 0.72816086
4737.5000 0.77243179
4738.4000 0.83866513
4739.3000 0.84893364
4740.2000 0.82040739
4741.1000 0.81469285
4742.0000 0.83872622
4742.9000 0.85579854
4743.8000 0.84569609
4744.7000 0.82921451
4745.6000 0.84143662
4746.5000 0.86795747
4747.4000 0.8696028
4748.3000 0.85669643
4749.2000 0.85615736
4750.1000 0.85668975
4751.0000 0.83988786
4751.9000 0.81254059
4752.8000 0.78970444
4753.7000 0.77150232
4754.6000 0.76719141
4755.5000 0.78045923
4756.4000 0.7977789
4757.3000 0.8177942
4758.2000 0.8392027
4759.1000 0.85672712
4760.0000 0.85586369
4760.9000 0.8233881
4761.8000 0.78639752
4762.7000 0.78081286
4763.6000 0.78311586
4764.5000 0.75766438
4765.4000 0.72497642
4766.3000 0.72549105
4767.2000 0.76191002
4768.1000 0.80731213
4769.0000 0.84568095
4769.9000 0.85687095
4770.8000 0.83036566
4771.7000 0.80661136
4772.6000 0.82132041
4773.5000 0.86247683
4774.4000 0.89397353
4775.3000 0.88547432
4776.2000 0.86826593
4777.1000 0.88222212
4778.0000 0.90097862
4778.9000 0.89763623
4779.8000 0.88788754
4780.7000 0.88233238
4781.6000 0.86172372
4782.5000 0.82254303
4783.4000 0.80445856
4784.3000 0.82833648
4785.2000 0.8408953
4786.1000 0.81675941
4787.0000 0.80987448
4787.9000 0.8281346
4788.8000 0.82826519
4789.7000 0.81891948
4790.6000 0.82636195
4791.5000 0.84258801
4792.4000 0.86420095
4793.3000 0.90186238
4794.2000 0.94072872
4795.1000 0.94813192
4796.0000 0.92485797
4796.9000 0.8942548
4797.8000 0.8648181
4798.7000 0.83654374
4799.6000 0.82036227
4800.5000 0.83514863
4801.4000 0.87668741
4802.3000 0.90563869
4803.2000 0.90505165
4804.1000 0.88433158
4805.0000 0.86344606
4805.9000 0.85536689
4806.8000 0.83969092
4807.7000 0.81974143
4808.6000 0.82444769
4809.5000 0.85116297
4810.4000 0.87593222
4811.3000 0.88296586
4812.2000 0.87322646
4813.1000 0.86348152
4814.0000 0.86745989
4814.9000 0.882016
4815.8000 0.89841747
4816.7000 0.90760577
4817.6000 0.91083473
4818.5000 0.92064536
4819.4000 0.92816526
4820.3000 0.91807544
4821.2000 0.89892644
4822.1000 0.86354589
4823.0000 0.81183827
4823.9000 0.79862827
4824.8000 0.8416639
4825.7000 0.88322014
4826.6000 0.88837802
4827.5000 0.87032878
4828.4000 0.85086811
4829.3000 0.84854251
4830.2000 0.85291022
4831.1000 0.83712184
4832.0000 0.82197988
4832.9000 0.8363809
4833.8000 0.8614338
4834.7000 0.87467641
4835.6000 0.87776548
4836.5000 0.8799715
4837.4000 0.87410641
4838.3000 0.84925675
4839.2000 0.81925452
4840.1000 0.80952126
4841.0000 0.82217318
4841.9000 0.82753932
4842.8000 0.8170644
4843.7000 0.82959962
4844.6000 0.87293863
4845.5000 0.90354282
4846.4000 0.89750457
4847.3000 0.86552757
4848.2000 0.8366943
4849.1000 0.84169596
4850.0000 0.86918288
4850.9000 0.87767822
4851.8000 0.86595148
4852.7000 0.85604382
4853.6000 0.83131093
4854.5000 0.78070003
4855.4000 0.74740016
4856.3000 0.76221114
4857.2000 0.7866978
4858.1000 0.76948738
4859.0000 0.70445645
4859.9000 0.61827755
4860.8000 0.55659038
4861.7000 0.5675652
4862.6000 0.6387977
4863.5000 0.70616698
4864.4000 0.74970096
4865.3000 0.78460366
4866.2000 0.80515045
4867.1000 0.80558652
4868.0000 0.80309528
4868.9000 0.79854953
4869.8000 0.74954933
4870.7000 0.65654981
4871.6000 0.61273992
4872.5000 0.66726542
4873.4000 0.74958223
4874.3000 0.78767008
4875.2000 0.79281348
4876.1000 0.79853129
4877.0000 0.7981596
4877.9000 0.80168831
4878.8000 0.83930111
4879.7000 0.87254429
4880.6000 0.85200524
4881.5000 0.8201921
4882.4000 0.82927746
4883.3000 0.84248698
4884.2000 0.81249934
4885.1000 0.75950152
4886.0000 0.73119187
4886.9000 0.74160975
4887.8000 0.76272565
4888.7000 0.75995415
4889.6000 0.71111667
4890.5000 0.63360155
4891.4000 0.62213904
4892.3000 0.71955371
4893.2000 0.8414979
4894.1000 0.91290039
4895.0000 0.92789334
4895.9000 0.91154647
4896.8000 0.89596248
4897.7000 0.8937732
4898.6000 0.88846684
4899.5000 0.87470788
4900.4000 0.86951798
4901.3000 0.86369491
4902.2000 0.83497876
4903.1000 0.80556124
4904.0000 0.81763029
4904.9000 0.8641603
4905.8000 0.89920348
4906.7000 0.89500731
4907.6000 0.86206973
4908.5000 0.81602341
4909.4000 0.76747078
4910.3000 0.7465021
4911.2000 0.76846802
4912.1000 0.80922699
4913.0000 0.84193736
4913.9000 0.86618352
4914.8000 0.88786298
4915.7000 0.8891924
4916.6000 0.84707481
4917.5000 0.75596958
4918.4000 0.64385462
4919.3000 0.56471717
4920.2000 0.55993783
4921.1000 0.63102609
4922.0000 0.72644931
4922.9000 0.77846819
4923.8000 0.77667868
4924.7000 0.77940488
4925.6000 0.8185963
4926.5000 0.85256863
4927.4000 0.86009103
4928.3000 0.8741532
4929.2000 0.89467233
4930.1000 0.89896101
4931.0000 0.89742881
4931.9000 0.88013059
4932.8000 0.82859838
4933.7000 0.79625803
4934.6000 0.81974125
4935.5000 0.83975452
4936.4000 0.80765462
4937.3000 0.74238712
4938.2000 0.68811971
4939.1000 0.69519073
4940.0000 0.77046818
4940.9000 0.84729409
4941.8000 0.87947202
4942.7000 0.89587897
4943.6000 0.90979797
4944.5000 0.89150351
4945.4000 0.85171896
4946.3000 0.84047401
4947.2000 0.86710548
4948.1000 0.89085734
4949.0000 0.88687742
4949.9000 0.87481266
4950.8000 0.87610108
4951.7000 0.87621045
4952.6000 0.8647967
4953.5000 0.85494184
4954.4000 0.85128099
4955.3000 0.82507563
4956.2000 0.72841048
4957.1000 0.61560071
4958.0000 0.62621313
4958.9000 0.75724667
4959.8000 0.87130874
4960.7000 0.90587157
4961.6000 0.90089244
4962.5000 0.9024905
4963.4000 0.90383565
4964.3000 0.87084383
4965.2000 0.81835657
4966.1000 0.79747212
4967.0000 0.80909866
4967.9000 0.82028133
4968.8000 0.82350588
4969.7000 0.82233876
4970.6000 0.83282137
4971.5000 0.85897124
4972.4000 0.87705249
4973.3000 0.88584018
4974.2000 0.89303297
4975.1000 0.887196
4976.0000 0.87181056
4976.9000 0.84911889
4977.8000 0.81097144
4978.7000 0.78584242
4979.6000 0.79467493
4980.5000 0.79675162
4981.4000 0.7439549
4982.3000 0.66295654
4983.2000 0.63102818
4984.1000 0.66152811
4985.0000 0.71156031
4985.9000 0.77044171
4986.8000 0.83255655
4987.7000 0.86128169
4988.6000 0.85473412
4989.5000 0.84017211
4990.4000 0.81942302
4991.3000 0.81163985
4992.2000 0.83467972
4993.1000 0.84967905
4994.0000 0.84406096
4994.9000 0.84676152
4995.8000 0.84950936
4996.7000 0.84413946
4997.6000 0.83896667
4998.5000 0.81930596
4999.4000 0.78403169
5000.3000 0.75366306
5001.2000 0.73547155
5002.1000 0.73481029
5003.0000 0.75318593
5003.9000 0.75685346
5004.8000 0.71208113
5005.7000 0.65414399
5006.6000 0.65777546
5007.5000 0.73136902
5008.4000 0.80387354
5009.3000 0.82146829
5010.2000 0.80405217
5011.1000 0.76975751
5012.0000 0.72426271
5012.9000 0.68782401
5013.8000 0.67226839
5014.7000 0.69073099
5015.6000 0.72764736
5016.5000 0.73526299
5017.4000 0.71335292
5018.3000 0.71078956
5019.2000 0.74052691
5020.1000 0.7640844
5021.0000 0.75376755
5021.9000 0.73174673
5022.8000 0.74180323
5023.7000 0.77400672
5024.6000 0.78880072
5025.5000 0.78310007
5026.4000 0.75916153
5027.3000 0.73108625
5028.2000 0.74663162
5029.1000 0.79242027
5030.0000 0.81909257
5030.9000 0.82996541
5031.8000 0.84710807
5032.7000 0.86920106
5033.6000 0.86936355
5034.5000 0.82183123
5035.4000 0.75577426
5036.3000 0.73880857
5037.2000 0.7649377
5038.1000 0.76561922
5039.0000 0.72616547
5039.9000 0.66416633
5040.8000 0.6108672
5041.7000 0.6362794
5042.6000 0.73176366
5043.5000 0.80485505
5044.4000 0.83871591
5045.3000 0.86516672
5046.2000 0.87297487
5047.1000 0.83151209
5048.0000 0.7612263
5048.9000 0.72077101
5049.8000 0.72465438
5050.7000 0.73803473
5051.6000 0.74377
5052.5000 0.7611196
5053.4000 0.79469222
5054.3000 0.82504845
5055.2000 0.83288658
5056.1000 0.8264879
5057.0000 0.83044577
5057.9000 0.84403831
5058.8000 0.85009497
5059.7000 0.85547626
5060.6000 0.87232214
5061.5000 0.88547057
5062.4000 0.88161194
5063.3000 0.84621209
5064.2000 0.77875531
5065.1000 0.74078918
5066.0000 0.75897288
5066.9000 0.77489674
5067.8000 0.76450396
5068.7000 0.76446259
5069.6000 0.79381108
5070.5000 0.80986309
5071.4000 0.78084326
5072.3000 0.75297606
5073.2000 0.76706862
5074.1000 0.78339916
5075.0000 0.7779206
5075.9000 0.78236908
5076.8000 0.80438167
5077.7000 0.79889613
5078.6000 0.72895253
5079.5000 0.65466762
5080.4000 0.65100229
5081.3000 0.69732118
5082.2000 0.72782129
5083.1000 0.72958428
5084.0000 0.74468732
5084.9000 0.78189349
5085.8000 0.8095001
5086.7000 0.81443435
5087.6000 0.80796421
5088.5000 0.80474758
5089.4000 0.81114066
5090.3000 0.8173722
5091.2000 0.8236872
5092.1000 0.84361738
5093.0000 0.86130178
5093.9000 0.85387903
5094.8000 0.82603383
5095.7000 0.79274029
5096.6000 0.75514746
5097.5000 0.71141797
5098.4000 0.67266417
5099.3000 0.67785203
5100.2000 0.74067038
5101.1000 0.80497402
5102.0000 0.82728314
5102.9000 0.81366122
5103.8000 0.78922158
5104.7000 0.77634931
5105.6000 0.77421153
5106.5000 0.7594018
5107.4000 0.73526549
5108.3000 0.7293762
5109.2000 0.72951597
5110.1000 0.73275423
5111.0000 0.76596326
5111.9000 0.80518562
5112.8000 0.81669319
5113.7000 0.81743151
5114.6000 0.81778502
5115.5000 0.81659311
5116.4000 0.82979518
5117.3000 0.85013223
5118.2000 0.85514474
5119.1000 0.84605616
5120.0000 0.82387757
5120.9000 0.79308307
5121.8000 0.77209252
5122.7000 0.7513665
5123.6000 0.72158605
5124.5000 0.70379233
5125.4000 0.70757431
5126.3000 0.72282773
5127.2000 0.73099953
5128.1000 0.7264052
5129.0000 0.72510529
5129.9000 0.74577284
5130.8000 0.77862835
5131.7000 0.79385656
5132.6000 0.78102756
5133.5000 0.76527482
5134.4000 0.78254151
5135.3000 0.80780053
5136.2000 0.79200649
5137.1000 0.75076395
5138.0000 0.71259379
5138.9000 0.68429106
5139.8000 0.70126086
5140.7000 0.74695534
5141.6000 0.74319375
5142.5000 0.7140798
5143.4000 0.73344952
5144.3000 0.77027148
5145.2000 0.76889801
5146.1000 0.73974478
5147.0000 0.71496564
5147.9000 0.71515709
5148.8000 0.73789024
5149.7000 0.75665945
5150.6000 0.75620902
5151.5000 0.75353217
5152.4000 0.75444061
5153.3000 0.74709225
5154.2000 0.74304301
5155.1000 0.75584328
5156.0000 0.77721488
5156.9000 0.79755205
5157.8000 0.80545902
5158.7000 0.80114692
5159.6000 0.79886478
5160.5000 0.79080647
5161.4000 0.75262505
5162.3000 0.70408314
5163.2000 0.67911404
5164.1000 0.65413898
5165.0000 0.59914815
5165.9000 0.52108544
5166.8000 0.44479397
5167.7000 0.42979622
5168.6000 0.509794
5169.5000 0.61839598
5170.4000 0.62988847
5171.3000 0.51356816
5172.2000 0.39880976
5173.1000 0.40812349
5174.0000 0.53215063
5174.9000 0.66576618
5175.8000 0.73372215
5176.7000 0.75291651
5177.6000 0.76323104
5178.5000 0.7669574
5179.4000 0.74917793
5180.3000 0.70079464
5181.2000 0.61822295
5182.1000 0.50114286
5183.0000 0.39032853
5183.9000 0.37224427
5184.8000 0.47299904
5185.7000 0.61240011
5186.6000 0.7077207
5187.5000 0.7393117
5188.4000 0.7431041
5189.3000 0.76467931
5190.2000 0.76727986
5191.1000 0.69961429
5192.0000 0.6339702
5192.9000 0.65567136
5193.8000 0.71156305
5194.7000 0.71980405
5195.6000 0.70796657
5196.5000 0.72689801
5197.4000 0.7622419
5198.3000 0.79031646
5199.2000 0.81222826
5200.1000 0.82115328
5201.0000 0.80969578
5201.9000 0.79162753
5202.8000 0.77719575
5203.7000 0.74200207
5204.6000 0.67787337
5205.5000 0.63595575
5206.4000 0.63886505
5207.3000 0.64015901
5208.2000 0.62404895
5209.1000 0.64534116
5210.0000 0.70738113
5210.9000 0.76654673
5211.8000 0.80992317
5212.7000 0.8300463
5213.6000 0.8175993
5214.5000 0.76988542
5215.4000 0.71529543
5216.3000 0.7002331
5217.2000 0.73148286
5218.1000 0.78395432
5219.0000 0.82629168
5219.9000 0.84217268
5220.8000 0.84122431
5221.7000 0.83159322
5222.6000 0.81219471
5223.5000 0.78138471
5224.4000 0.73843026
5225.3000 0.68128109
5226.2000 0.61811626
5227.1000 0.60098875
5228.0000 0.66711879
5228.9000 0.75075668
5229.8000 0.78844267
5230.7000 0.79663521
5231.6000 0.77422303
5232.5000 0.72169399
5233.4000 0.70376974
5234.3000 0.73610789
5235.2000 0.77342373
5236.1000 0.80953014
5237.0000 0.84445149
5237.9000 0.85904831
5238.8000 0.85487717
5239.7000 0.8529135
5240.6000 0.86032784
5241.5000 0.85691005
5242.4000 0.8360641
5243.3000 0.83208823
5244.2000 0.86109555
5245.1000 0.88031948
5246.0000 0.8520692
5246.9000 0.80764097
5247.8000 0.7963264
5248.7000 0.80404705
5249.6000 0.78912222
5250.5000 0.77188772
5251.4000 0.78759426
5252.3000 0.81292003
5253.2000 0.81242347
5254.1000 0.78756869
5255.0000 0.77309835
5255.9000 0.80531061
5256.8000 0.86144799
5257.7000 0.89168113
5258.6000 0.89238763
5259.5000 0.87661928
5260.4000 0.84063721
5261.3000 0.78185934
5262.2000 0.71663815
5263.1000 0.66715771
5264.0000 0.63706803
5264.9000 0.60889602
5265.8000 0.588467
5266.7000 0.61661363
5267.6000 0.65690082
5268.5000 0.61473554
5269.4000 0.5265286
5270.3000 0.53019893
5271.2000 0.63625753
5272.1000 0.72716153
5273.0000 0.75312859
5273.9000 0.74967211
5274.8000 0.73441011
5275.7000 0.73751062
5276.6000 0.7930252
5277.5000 0.85477704
5278.4000 0.87230283
5279.3000 0.85020489
5280.2000 0.80829722
5281.1000 0.76601982
5282.0000 0.73714501
5282.9000 0.71618408
5283.8000 0.71327484
5284.7000 0.7620697
5285.6000 0.84018856
5286.5000 0.88661623
5287.4000 0.88764435
5288.3000 0.87738675
5289.2000 0.88532895
5290.1000 0.90696019
5291.0000 0.91769934
5291.9000 0.90353286
5292.8000 0.87653357
5293.7000 0.86102438
5294.6000 0.85880238
5295.5000 0.83980846
5296.4000 0.7823388
5297.3000 0.71428782
5298.2000 0.69893479
5299.1000 0.75064641
5300.0000 0.8025955
5300.9000 0.80632806
5301.8000 0.79387343
5302.7000 0.81225598
5303.6000 0.85765254
5304.5000 0.89452398
5305.4000 0.90663642
5306.3000 0.89664155
5307.2000 0.8807146
5308.1000 0.88319343
5309.0000 0.90410227
5309.9000 0.91996634
5310.8000 0.91945273
5311.7000 0.90773875
5312.6000 0.89353919
5313.5000 0.88677102
5314.4000 0.88536847
5315.3000 0.87435246
5316.2000 0.85484678
5317.1000 0.85087568
5318.0000 0.86655182
5318.9000 0.87642789
5319.8000 0.87009078
5320.7000 0.86085159
5321.6000 0.85236907
5322.5000 0.8243773
5323.4000 0.76752603
5324.3000 0.72969252
5325.2000 0.75068474
5326.1000 0.76261103
5327.0000 0.68937993
5327.9000 0.59142798
5328.8000 0.59565312
5329.7000 0.70572233
5330.6000 0.80717933
5331.5000 0.8385036
5332.4000 0.83125865
5333.3000 0.83792704
5334.2000 0.86758208
5335.1000 0.8894242
5336.0000 0.88978016
5336.9000 0.88144875
5337.8000 0.86755294
5338.7000 0.82892001
5339.6000 0.76413763
5340.5000 0.72510648
5341.4000 0.75742012
5342.3000 0.82169735
5343.2000 0.85726303
5344.1000 0.85837889
5345.0000 0.83819968
5345.9000 0.81941062
5346.8000 0.82063782
5347.7000 0.81842697
5348.6000 0.79962707
5349.5000 0.79576433
5350.4000 0.82533693
5351.3000 0.85992879
5352.2000 0.86859608
5353.1000 0.86540151
5354.0000 0.88064456
5354.9000 0.90794814
5355.8000 0.92463672
5356.7000 0.93146789
5357.6000 0.93154162
5358.5000 0.92321527
5359.4000 0.91342801
5360.3000 0.90372998
5361.2000 0.88705939
5362.1000 0.87011492
5363.0000 0.85980457
5363.9000 0.84215117
5364.8000 0.81653005
5365.7000 0.80740833
5366.6000 0.80839109
5367.5000 0.80008096
5368.4000 0.7845667
5369.3000 0.74545079
5370.2000 0.68692803
5371.1000 0.66179734
5372.0000 0.70905679
5372.9000 0.79902458
5373.8000 0.86854935
5374.7000 0.90184939
5375.6000 0.90761548
5376.5000 0.88995129
5377.4000 0.87038481
5378.3000 0.86912251
5379.2000 0.87460911
5380.1000 0.86984551
5381.0000 0.85860658
5381.9000 0.83524507
5382.8000 0.80508119
5383.7000 0.80959296
5384.6000 0.85111231
5385.5000 0.87999767
5386.4000 0.87967408
5387.3000 0.86857766
5388.2000 0.85328496
5389.1000 0.82958704
5390.0000 0.80761987
5390.9000 0.79600191
5391.8000 0.78696007
5392.7000 0.77922958
5393.6000 0.78259587
5394.5000 0.79566747
5395.4000 0.79350376
5396.3000 0.75326598
5397.2000 0.71774101
5398.1000 0.74052262
5399.0000 0.78170919
5399.9000 0.79518288
5400.8000 0.80377185
5401.7000 0.82548165
5402.6000 0.82066917
5403.5000 0.75943869
5404.4000 0.68200803
5405.3000 0.64491946
5406.2000 0.67035097
5407.1000 0.73657936
5408.0000 0.78361708
5408.9000 0.77352458
5409.8000 0.74142545
5410.7000 0.74756926
5411.6000 0.79135156
5412.5000 0.82555377
5413.4000 0.82282281
5414.3000 0.79982907
5415.2000 0.79602802
5416.1000 0.82921839
5417.0000 0.86545342
5417.9000 0.87285429
5418.8000 0.85610175
5419.7000 0.82751381
5420.6000 0.8081153
5421.5000 0.81732559
5422.4000 0.82046843
5423.3000 0.78169805
5424.2000 0.7514773
5425.1000 0.78822732
5426.0000 0.85375786
5426.9000 0.88552302
5427.8000 0.85691327
5428.7000 0.77597129
5429.6000 0.71949255
5430.5000 0.75163341
5431.4000 0.80693913
5432.3000 0.80439973
5433.2000 0.76799458
5434.1000 0.74093777
5435.0000 0.73991597
5435.9000 0.76389515
5436.8000 0.80163461
5437.7000 0.84700751
5438.6000 0.88493878
5439.5000 0.90165299
5440.4000 0.8959071
5441.3000 0.88434863
5442.2000 0.88236928
5443.1000 0.87707031
5444.0000 0.84586221
5444.9000 0.79055589
5445.8000 0.73192894
5446.7000 0.70456511
5447.6000 0.74751794
5448.5000 0.8281697
5449.4000 0.87884831
5450.3000 0.89028209
5451.2000 0.88391286
5452.1000 0.87121922
5453.0000 0.85145891
5453.9000 0.81262434
5454.8000 0.75506532
5455.7000 0.73209774
5456.6000 0.78334123
5457.5000 0.85676938
5458.4000 0.89401525
5459.3000 0.89427066
5460.2000 0.87459505
5461.1000 0.84329861
5462.0000 0.79764676
5462.9000 0.7613163
5463.8000 0.77793837
5464.7000 0.82589561
5465.6000 0.84459728
5466.5000 0.83632648
5467.4000 0.84066957
5468.3000 0.85486329
5469.2000 0.85229313
5470.1000 0.83783245
5471.0000 0.83635503
5471.9000 0.84088349
5472.8000 0.8281951
5473.7000 0.81534886
5474.6000 0.80910397
5475.5000 0.769485
5476.4000 0.71082222
5477.3000 0.71196198
5478.2000 0.77767885
5479.1000 0.8288129
5480.0000 0.81722379
5480.9000 0.77673298
5481.8000 0.76662707
5482.7000 0.79146886
5483.6000 0.82897472
5484.5000 0.8675397
5485.4000 0.88154912
5486.3000 0.85125703
5487.2000 0.80344433
5488.1000 0.7882539
5489.0000 0.80842221
5489.9000 0.83107257
5490.8000 0.84676224
5491.7000 0.85318553
5492.6000 0.84054077
5493.5000 0.82187963
5494.4000 0.82265496
5495.3000 0.83593631
5496.2000 0.82950586
5497.1000 0.80972719
5498.0000 0.81935704
5498.9000 0.85414505
5499.8000 0.86469781
5500.7000 0.83855349
5501.6000 0.80981088
5502.5000 0.80310547
5503.4000 0.81184602
5504.3000 0.82124388
5505.2000 0.81319356
5506.1000 0.79427171
5507.0000 0.80171168
5507.9000 0.83109003
5508.8000 0.84239411
5509.7000 0.83333695
5510.6000 0.82043672
5511.5000 0.79736471
5512.4000 0.77137804
5513.3000 0.76689208
5514.2000 0.78386223
5515.1000 0.80779666
5516.0000 0.82465452
5516.9000 0.83554518
5517.8000 0.85240769
5518.7000 0.8646149
5519.6000 0.86212963
5520.5000 0.85669619
5521.4000 0.8566587
5522.3000 0.8577531
5523.2000 0.8580361
5524.1000 0.85686582
5525.0000 0.84977651
5525.9000 0.8296923
5526.8000 0.78553873
5527.7000 0.72950506
5528.6000 0.71726638
5529.5000 0.76978296
5530.4000 0.82808191
5531.3000 0.84568441
5532.2000 0.83961481
5533.1000 0.8377986
5534.0000 0.83504564
5534.9000 0.82338625
5535.8000 0.82150185
5536.7000 0.82839352
5537.6000 0.82710469
5538.5000 0.8252815
5539.4000 0.83364028
5540.3000 0.84962863
5541.2000 0.86177671
5542.1000 0.85469151
5543.0000 0.834934
5543.9000 0.83129066
5544.8000 0.84230477
5545.7000 0.84173125
5546.6000 0.83799183
5547.5000 0.85356832
5548.4000 0.87521172
5549.3000 0.88290095
5550.2000 0.88134915
5551.1000 0.87216979
5552.0000 0.85628784
5552.9000 0.8387869
5553.8000 0.82348907
5554.7000 0.82519007
5555.6000 0.84723306
5556.5000 0.86325181
5557.4000 0.85620999
5558.3000 0.84548509
5559.2000 0.84267628
5560.1000 0.84211963
5561.0000 0.83330053
5561.9000 0.81225771
5562.8000 0.79911536
5563.7000 0.80645657
5564.6000 0.80831611
5565.5000 0.79358482
5566.4000 0.79207271
5567.3000 0.80504018
5568.2000 0.7987563
5569.1000 0.77607471
5570.0000 0.78518236
5570.9000 0.81092894
5571.8000 0.7856828
5572.7000 0.75153536
5573.6000 0.78216237
5574.5000 0.82557261
5575.4000 0.8230201
5576.3000 0.81661946
5577.2000 0.83418554
5578.1000 0.84342861
5579.0000 0.84241784
5579.9000 0.84769851
5580.8000 0.84179175
5581.7000 0.82272923
5582.6000 0.82077944
5583.5000 0.82652271
5584.4000 0.80526024
5585.3000 0.75982672
5586.2000 0.70566887
5587.1000 0.67348546
5588.0000 0.6797443
5588.9000 0.70513523
5589.8000 0.74235541
5590.7000 0.78257322
5591.6000 0.80210239
5592.5000 0.79692417
5593.4000 0.77819324
5594.3000 0.76993972
5595.2000 0.80689323
5596.1000 0.85572124
5597.0000 0.84981859
5597.9000 0.80300409
5598.8000 0.78463477
5599.7000 0.78755385
5600.6000 0.76881099
5601.5000 0.7477935
5602.4000 0.74433267
5603.3000 0.77561992
5604.2000 0.83503777
5605.1000 0.87628734
5606.0000 0.89249498
5606.9000 0.89299458
5607.8000 0.88236421
5608.7000 0.87720197
5609.6000 0.87874019
5610.5000 0.88167542
5611.4000 0.88530642
5612.3000 0.88167399
5613.2000 0.85080594
5614.1000 0.77587205
5615.0000 0.69393343
5615.9000 0.68977648
5616.8000 0.76088357
5617.7000 0.81765431
5618.6000 0.82792157
5619.5000 0.82398474
5620.4000 0.83385986
5621.3000 0.85229933
5622.2000 0.85261899
5623.1000 0.81501991
5624.0000 0.76004279
5624.9000 0.74708366
5625.8000 0.78561759
5626.7000 0.82253551
5627.6000 0.83677459
5628.5000 0.8518405
5629.4000 0.8700372
5630.3000 0.87425029
5631.2000 0.86951488
5632.1000 0.86176378
5633.0000 0.84572536
5633.9000 0.82639855
5634.8000 0.81612331
5635.7000 0.81085473
5636.6000 0.80308312
5637.5000 0.80128729
5638.4000 0.8151207
5639.3000 0.83233392
5640.2000 0.82525027
5641.1000 0.80341202
5642.0000 0.80280131
5642.9000 0.81820595
5643.8000 0.82642263
5644.7000 0.83245748
5645.6000 0.84147859
5646.5000 0.85076094
5647.4000 0.85522187
5648.3000 0.84610397
5649.2000 0.82847697
5650.1000 0.82287848
5651.0000 0.83987039
5651.9000 0.85955077
5652.8000 0.85305995
5653.7000 0.81787479
5654.6000 0.78841227
5655.5000 0.79981416
5656.4000 0.82231081
5657.3000 0.79458427
5658.2000 0.74146384
5659.1000 0.74217349
5660.0000 0.78708369
5660.9000 0.80684125
5661.8000 0.79453552
5662.7000 0.79246247
5663.6000 0.8166073
5664.5000 0.84325337
5665.4000 0.84794509
5666.3000 0.83342344
5667.2000 0.82259667
5668.1000 0.82945478
5669.0000 0.83965641
5669.9000 0.84087527
5670.8000 0.84348512
5671.7000 0.85955423
5672.6000 0.87835842
5673.5000 0.87846994
5674.4000 0.85696226
5675.3000 0.83879781
5676.2000 0.85049015
5677.1000 0.86972421
5678.0000 0.86562014
5678.9000 0.85306883
5679.8000 0.85085922
5680.7000 0.84186584
5681.6000 0.80819952
5682.5000 0.78149235
5683.4000 0.79213953
5684.3000 0.81777382
5685.2000 0.82531434
5686.1000 0.80589747
5687.0000 0.78148663
5687.9000 0.77780467
5688.8000 0.79669404
5689.7000 0.82169479
5690.6000 0.83774585
5691.5000 0.84966904
5692.4000 0.85764563
5693.3000 0.85516816
5694.2000 0.84962595
5695.1000 0.85197133
5696.0000 0.86031365
5696.9000 0.85606337
5697.8000 0.83328706
5698.7000 0.81873065
5699.6000 0.81538713
5700.5000 0.8013345
5701.4000 0.79031157
5702.3000 0.80146438
5703.2000 0.82208014
5704.1000 0.82933843
5705.0000 0.8117255
5705.9000 0.78375262
5706.8000 0.76586598
5707.7000 0.75135607
5708.6000 0.73283482
5709.5000 0.72858655
5710.4000 0.73690385
5711.3000 0.74503964
5712.2000 0.77130622
5713.1000 0.81035805
5714.0000 0.82836872
5714.9000 0.82984078
5715.8000 0.83585215
5716.7000 0.84059989
5717.6000 0.83892322
5718.5000 0.84387034
5719.4000 0.85459173
5720.3000 0.86089832
5721.2000 0.86706191
5722.1000 0.87509125
5723.0000 0.88061649
5723.9000 0.88248807
5724.8000 0.87966287
5725.7000 0.86904705
5726.6000 0.85495943
5727.5000 0.85427547
5728.4000 0.86767769
5729.3000 0.87290615
5730.2000 0.85662514
5731.1000 0.83304161
5732.0000 0.83202809
5732.9000 0.85364574
5733.8000 0.87277198
5734.7000 0.88013601
5735.6000 0.87661171
5736.5000 0.86593801
5737.4000 0.85846311
5738.3000 0.85932398
5739.2000 0.86567038
5740.1000 0.87166619
5741.0000 0.87233192
5741.9000 0.86599714
5742.8000 0.85893846
5743.7000 0.86199242
5744.6000 0.87126887
5745.5000 0.87346947
5746.4000 0.85939848
5747.3000 0.83277625
5748.2000 0.82479602
5749.1000 0.84832573
5750.0000 0.87047029
5750.9000 0.86329854
5751.8000 0.83118039
5752.7000 0.79449314
5753.6000 0.77531773
5754.5000 0.79200208
5755.4000 0.83183581
5756.3000 0.85969836
5757.2000 0.86921787
5758.1000 0.86724252
5759.0000 0.85448474
5759.9000 0.83732253
5760.8000 0.81913185
5761.7000 0.79700136
5762.6000 0.78589445
5763.5000 0.81234401
5764.4000 0.85547125
5765.3000 0.87627476
5766.2000 0.88153124
5767.1000 0.88433027
5768.0000 0.8814829
5768.9000 0.87624103
5769.8000 0.87218392
5770.7000 0.86344576
5771.6000 0.84748518
5772.5000 0.83959299
5773.4000 0.84000695
5774.3000 0.8365342
5775.2000 0.84131753
5776.1000 0.85720676
5777.0000 0.86685461
5777.9000 0.86528349
5778.8000 0.85034913
5779.7000 0.81129092
5780.6000 0.76769692
5781.5000 0.75561297
5782.4000 0.7718659
5783.3000 0.78031951
5784.2000 0.76227528
5785.1000 0.74846953
5786.0000 0.77306247
5786.9000 0.81327862
5787.8000 0.83685958
5788.7000 0.84983313
5789.6000 0.84627938
5790.5000 0.82521778
5791.4000 0.82034981
5792.3000 0.83291811
5793.2000 0.84428513
5794.1000 0.86050689
5795.0000 0.87388182
5795.9000 0.86671478
5796.8000 0.84319335
5797.7000 0.82695335
5798.6000 0.83971471
5799.5000 0.86548769
5800.4000 0.87855417
5801.3000 0.88290137
5802.2000 0.88067001
5803.1000 0.85884565
5804.0000 0.82922524
5804.9000 0.81881863
5805.8000 0.82402492
5806.7000 0.83330327
5807.6000 0.84276187
5808.5000 0.84336132
5809.4000 0.84456044
5810.3000 0.85690546
5811.2000 0.8687129
5812.1000 0.87321711
5813.0000 0.87103176
5813.9000 0.8607046
5814.8000 0.84170914
5815.7000 0.82097936
5816.6000 0.82173043
5817.5000 0.850214
5818.4000 0.87928063
5819.3000 0.89159107
5820.2000 0.89284265
5821.1000 0.88683146
5822.0000 0.87912095
5822.9000 0.87705606
5823.8000 0.87931877
5824.7000 0.88404781
5825.6000 0.8835023
5826.5000 0.87698483
5827.4000 0.87474239
5828.3000 0.88191867
5829.2000 0.89120865
5830.1000 0.88953316
5831.0000 0.87984091
5831.9000 0.87549728
5832.8000 0.87439084
5833.7000 0.86715794
5834.6000 0.86047632
5835.5000 0.864667
5836.4000 0.87040216
5837.3000 0.86363751
5838.2000 0.85630226
5839.1000 0.86318845
5840.0000 0.8767333
5840.9000 0.88594353
5841.8000 0.88857543
5842.7000 0.88671142
5843.6000 0.88283378
5844.5000 0.87826669
5845.4000 0.87197447
5846.3000 0.86123163
5847.2000 0.84947437
5848.1000 0.84770316
5849.0000 0.8582961
5849.9000 0.86903453
5850.8000 0.86759132
5851.7000 0.85602397
5852.6000 0.84253091
5853.5000 0.83759087
5854.4000 0.8416692
5855.3000 0.83560038
5856.2000 0.80693752
5857.1000 0.77218252
5858.0000 0.77026415
5858.9000 0.79749733
5859.8000 0.82432008
5860.7000 0.84103757
5861.6000 0.83846939
5862.5000 0.83451372
5863.4000 0.84590197
5864.3000 0.85901958
5865.2000 0.85884309
5866.1000 0.84378958
5867.0000 0.83878374
5867.9000 0.85474604
5868.8000 0.8704282
5869.7000 0.87680131
5870.6000 0.87800682
5871.5000 0.87626916
5872.4000 0.86952937
5873.3000 0.86464745
5874.2000 0.86935711
5875.1000 0.86977816
5876.0000 0.86455518
5876.9000 0.86156547
5877.8000 0.8566916
5878.7000 0.84990513
5879.6000 0.84215695
5880.5000 0.84095776
5881.4000 0.84678614
5882.3000 0.84483188
5883.2000 0.83051908
5884.1000 0.82341802
5885.0000 0.8301245
5885.9000 0.82548398
5886.8000 0.79286128
5887.7000 0.7181505
5888.6000 0.59041846
5889.5000 0.46887201
5890.4000 0.46444282
5891.3000 0.56756377
5892.2000 0.66384953
5893.1000 0.70885062
5894.0000 0.68982893
5894.9000 0.59481698
5895.8000 0.51871073
5896.7000 0.56823152
5897.6000 0.68120587
5898.5000 0.75232661
5899.4000 0.78510135
5900.3000 0.81376415
5901.2000 0.83369929
5902.1000 0.84077817
5903.0000 0.84826761
5903.9000 0.85281193
5904.8000 0.84196961
5905.7000 0.82888448
5906.6000 0.82990724
5907.5000 0.84137714
5908.4000 0.84990734
5909.3000 0.84883684
5910.2000 0.85071152
5911.1000 0.86097628
5912.0000 0.86466295
5912.9000 0.84584624
5913.8000 0.81475395
5914.7000 0.80451775
5915.6000 0.81240302
5916.5000 0.82494646
5917.4000 0.83901477
5918.3000 0.8429305
5919.2000 0.84568793
5920.1000 0.85270059
5921.0000 0.85263568
5921.9000 0.84590799
5922.8000 0.84301311
5923.7000 0.84839576
5924.6000 0.86044443
5925.5000 0.86998385
5926.4000 0.86779404
5927.3000 0.85647285
5928.2000 0.84134763
5929.1000 0.82096553
5930.0000 0.80922621
5930.9000 0.82652283
5931.8000 0.85211545
5932.7000 0.85716641
5933.6000 0.84032667
5934.5000 0.82604373
5935.4000 0.83982491
5936.3000 0.86406386
5937.2000 0.8726967
5938.1000 0.87173569
5939.0000 0.86832732
5939.9000 0.85453475
5940.8000 0.83292741
5941.7000 0.82254434
5942.6000 0.83123189
5943.5000 0.84765434
5944.4000 0.8628062
5945.3000 0.86823881
5946.2000 0.8618232
5947.1000 0.84236127
5948.0000 0.81186104
5948.9000 0.79840678
5949.8000 0.82134426
5950.7000 0.84901011
5951.6000 0.84411865
5952.5000 0.82131749
5953.4000 0.82386136
5954.3000 0.84901297
5955.2000 0.86068124
5956.1000 0.84688026
5957.0000 0.8285262
5957.9000 0.82491678
5958.8000 0.8342067
5959.7000 0.84823626
5960.6000 0.85715473
5961.5000 0.85918641
5962.4000 0.86046088
5963.3000 0.86498368
5964.2000 0.8641153
5965.1000 0.85065287
5966.0000 0.84132129
5966.9000 0.84714115
5967.8000 0.85476434
5968.7000 0.85789818
5969.6000 0.8625502
5970.5000 0.86940479
5971.4000 0.87442654
5972.3000 0.87525439
5973.2000 0.86882299
5974.1000 0.85419798
5975.0000 0.83461779
5975.9000 0.81655318
5976.8000 0.80918574
5977.7000 0.81543446
5978.6000 0.83060694
5979.5000 0.85223025
5980.4000 0.86742592
5981.3000 0.86372733
5982.2000 0.84512341
5983.1000 0.81389165
5984.0000 0.78466135
5984.9000 0.78565997
5985.8000 0.80835581
5986.7000 0.82113612
5987.6000 0.82655281
5988.5000 0.83703655
5989.4000 0.84720695
5990.3000 0.84820521
5991.2000 0.84265852
5992.1000 0.84400672
5993.0000 0.85461211
5993.9000 0.86498779
5994.8000 0.86446756
5995.7000 0.84801322
5996.6000 0.82061958
5997.5000 0.80183703
5998.4000 0.80992246
5999.3000 0.82910699
6000.2000 0.84348226
6001.1000 0.84591055
6002.0000 0.82841372
6002.9000 0.81115729
6003.8000 0.81822234
6004.7000 0.83163542
6005.6000 0.83093166
6006.5000 0.8164624
6007.4000 0.7909615
6008.3000 0.78199446
6009.2000 0.80980158
6010.1000 0.84211767
6011.0000 0.84733784
6011.9000 0.82660842
6012.8000 0.80020112
6013.7000 0.79904747
6014.6000 0.81980419
6015.5000 0.82248825
6016.4000 0.80694121
6017.3000 0.81338477
6018.2000 0.82714975
6019.1000 0.81159443
6020.0000 0.78610152
6020.9000 0.77947193
6021.8000 0.78743345
6022.7000 0.79795247
6023.6000 0.79617941
6024.5000 0.79847229
6025.4000 0.81844068
6026.3000 0.8270523
6027.2000 0.82469672
6028.1000 0.83259606
6029.0000 0.84320694
6029.9000 0.84524989
6030.8000 0.84626067
6031.7000 0.85070264
6032.6000 0.85214072
6033.5000 0.84956521
6034.4000 0.84934938
6035.3000 0.85290039
6036.2000 0.85713911
6037.1000 0.86111176
6038.0000 0.8620646
6038.9000 0.85911983
6039.8000 0.85286033
6040.7000 0.84333313
6041.6000 0.83318877
6042.5000 0.83441436
6043.4000 0.84759009
6044.3000 0.85703993
6045.2000 0.85537249
6046.1000 0.85170096
6047.0000 0.85252118
6047.9000 0.85266173
6048.8000 0.85143161
6049.7000 0.85397708
6050.6000 0.85653239
6051.5000 0.852862
6052.4000 0.84167302
6053.3000 0.830926
6054.2000 0.82738835
6055.1000 0.81907266
6056.0000 0.81066144
6056.9000 0.81902736
6057.8000 0.83316869
6058.7000 0.84407032
6059.6000 0.84994537
6060.5000 0.84817201
6061.4000 0.84197754
6062.3000 0.8319971
6063.2000 0.82129067
6064.1000 0.80545247
6065.0000 0.78772026
6065.9000 0.7961666
6066.8000 0.82715589
6067.7000 0.8504132
6068.6000 0.85867351
6069.5000 0.85763055
6070.4000 0.85284382
6071.3000 0.8520565
6072.2000 0.85718787
6073.1000 0.85961068
6074.0000 0.85608894
6074.9000 0.85161722
6075.8000 0.84631282
6076.7000 0.83283877
6077.6000 0.80736601
6078.5000 0.78778315
6079.4000 0.79651809
6080.3000 0.81422514
6081.2000 0.81362313
6082.1000 0.80718982
6083.0000 0.81256968
6083.9000 0.81913304
6084.8000 0.81603825
6085.7000 0.81132567
6086.6000 0.81340635
6087.5000 0.82134986
6088.4000 0.82466048
6089.3000 0.81087452
6090.2000 0.79394525
6091.1000 0.79002333
6092.0000 0.79430759
6092.9000 0.80001289
6093.8000 0.8089304
6094.7000 0.82423985
6095.6000 0.83052307
6096.5000 0.82087517
6097.4000 0.81580603
6098.3000 0.82136548
6099.2000 0.83137989
6100.1000 0.83508861
6101.0000 0.80808103
6101.9000 0.74617058
6102.8000 0.70792639
6103.7000 0.74490112
6104.6000 0.80617666
6105.5000 0.83332747
6106.4000 0.83276927
6107.3000 0.82213449
6108.2000 0.81806248
6109.1000 0.82970291
6110.0000 0.83818942
6110.9000 0.82981616
6111.8000 0.82264948
6112.7000 0.83131933
6113.6000 0.84414279
6114.5000 0.84654903
6115.4000 0.83276302
6116.3000 0.81480819
6117.2000 0.81407285
6118.1000 0.82162011
6119.0000 0.81981635
6119.9000 0.807684
6120.8000 0.77794707
6121.7000 0.73470348
6122.6000 0.72928965
6123.5000 0.77514386
6124.4000 0.81290048
6125.3000 0.82061875
6126.2000 0.81854993
6127.1000 0.81437343
6128.0000 0.80764014
6128.9000 0.80531919
6129.8000 0.81020021
6130.7000 0.81605375
6131.6000 0.81964576
6132.5000 0.82781231
6133.4000 0.83360803
6134.3000 0.82081199
6135.2000 0.78062171
6136.1000 0.71616417
6137.0000 0.67269331
6137.9000 0.700674
6138.8000 0.77281928
6139.7000 0.82041198
6140.6000 0.81787491
6141.5000 0.79316235
6142.4000 0.79410076
6143.3000 0.81842297
6144.2000 0.8294403
6145.1000 0.82471198
6146.0000 0.82419658
6146.9000 0.82437575
6147.8000 0.81558609
6148.7000 0.81110275
6149.6000 0.81092232
6150.5000 0.80841625
6151.4000 0.80872256
6152.3000 0.81491506
6153.2000 0.81197816
6154.1000 0.79010236
6155.0000 0.77830952
6155.9000 0.79264241
6156.8000 0.807724
6157.7000 0.81399524
6158.6000 0.81930906
6159.5000 0.80330294
6160.4000 0.74458426
6161.3000 0.67174637
6162.2000 0.64135396
6163.1000 0.67374367
6164.0000 0.7348305
6164.9000 0.77690095
6165.8000 0.79044962
6166.7000 0.79962349
6167.6000 0.79706061
6168.5000 0.75541466
6169.4000 0.7104286
6170.3000 0.72091758
6171.2000 0.77301735
6172.1000 0.80573887
6173.0000 0.80801046
6173.9000 0.8096264
6174.8000 0.80982965
6175.7000 0.80231923
6176.6000 0.79709977
6177.5000 0.80634093
6178.4000 0.82174742
6179.3000 0.82295048
6180.2000 0.81943125
6181.1000 0.83023041
6182.0000 0.83946341
6182.9000 0.83404869
6183.8000 0.82976747
6184.7000 0.82708484
6185.6000 0.81115651
6186.5000 0.79492241
6187.4000 0.7928704
6188.3000 0.7989251
6189.2000 0.80343503
6190.1000 0.78474849
6191.0000 0.74819219
6191.9000 0.74991715
6192.8000 0.79091895
6193.7000 0.81748426
6194.6000 0.82016444
6195.5000 0.82320917
6196.4000 0.83415562
6197.3000 0.84040958
6198.2000 0.83056659
6199.1000 0.80444115
6200.0000 0.78584588
6200.9000 0.79675013
6201.8000 0.82044619
6202.7000 0.83234781
6203.6000 0.83088636
6204.5000 0.82642531
6205.4000 0.8285504
6206.3000 0.83244038
6207.2000 0.82965547
6208.1000 0.82172376
6209.0000 0.82034308
6209.9000 0.8250581
6210.8000 0.82251602
6211.7000 0.81242096
6212.6000 0.79436928
6213.5000 0.77029073
6214.4000 0.75582427
6215.3000 0.75561655
6216.2000 0.76962698
6217.1000 0.79051352
6218.0000 0.79386741
6218.9000 0.77423441
6219.8000 0.76201975
6220.7000 0.77506745
6221.6000 0.79905802
6222.5000 0.81386048
6223.4000 0.81200957
6224.3000 0.80661559
6225.2000 0.80690658
6226.1000 0.80350167
6227.0000 0.79961967
6227.9000 0.79981726
6228.8000 0.78419977
6229.7000 0.74599195
6230.6000 0.71876544
6231.5000 0.73032367
6232.4000 0.75552249
6233.3000 0.78241026
6234.2000 0.81302947
6235.1000 0.82630527
6236.0000 0.8177256
6236.9000 0.80015206
6237.8000 0.79521811
6238.7000 0.80174422
6239.6000 0.79660296
6240.5000 0.78909051
6241.4000 0.79153585
6242.3000 0.77987003
6243.2000 0.75576788
6244.1000 0.74727231
6245.0000 0.74723929
6245.9000 0.74461335
6246.8000 0.76470822
6247.7000 0.80149746
6248.6000 0.81769812
6249.5000 0.8146407
6250.4000 0.80539894
6251.3000 0.78026938
6252.2000 0.74987423
6253.1000 0.73821431
6254.0000 0.7392478
6254.9000 0.74638116
6255.8000 0.74944055
6256.7000 0.7470066
6257.6000 0.74050224
6258.5000 0.73676211
6259.4000 0.75577599
6260.3000 0.77913821
6261.2000 0.79085368
6262.1000 0.80743653
6263.0000 0.81987703
6263.9000 0.8083688
6264.8000 0.7867732
6265.7000 0.78605711
6266.6000 0.80361772
6267.5000 0.81344283
6268.4000 0.81068605
6269.3000 0.80257249
6270.2000 0.7926771
6271.1000 0.78785163
6272.0000 0.79263008
6272.9000 0.80316645
6273.8000 0.81080717
6274.7000 0.81601143
6275.6000 0.81991518
6276.5000 0.81683898
6277.4000 0.80873138
6278.3000 0.80012941
6279.2000 0.78745168
6280.1000 0.77711183
6281.0000 0.78191918
6281.9000 0.79218507
6282.8000 0.80161995
6283.7000 0.81257445
6284.6000 0.81251532
6285.5000 0.80498326
6286.4000 0.80436677
6287.3000 0.81031322
6288.2000 0.8211475
6289.1000 0.82509601
6290.0000 0.80733997
6290.9000 0.78760755
6291.8000 0.78735071
6292.7000 0.79446286
6293.6000 0.80170953
6294.5000 0.80848819
6295.4000 0.80381978
6296.3000 0.7863369
6297.2000 0.76936483
6298.1000 0.7654705
6299.0000 0.77202356
6299.9000 0.7714175
6300.8000 0.74719483
6301.7000 0.7228896
6302.6000 0.73498458
6303.5000 0.76886356
6304.4000 0.79369938
6305.3000 0.80400902
6306.2000 0.8097409
6307.1000 0.81309277
6308.0000 0.81137031
6308.9000 0.80758631
6309.8000 0.79826254
6310.7000 0.7841177
6311.6000 0.77860433
6312.5000 0.78467363
6313.4000 0.78093565
6314.3000 0.75572783
6315.2000 0.737176
6316.1000 0.74353856
6317.0000 0.74112898
6317.9000 0.71659273
6318.8000 0.71161783
6319.7000 0.74199879
6320.6000 0.77752805
6321.5000 0.78403795
6322.4000 0.77570319
6323.3000 0.78212965
6324.2000 0.79834402
6325.1000 0.80479771
6326.0000 0.80191249
6326.9000 0.79705274
6327.8000 0.79898739
6328.7000 0.8035413
6329.6000 0.7959618
6330.5000 0.78540927
6331.4000 0.78761911
6332.3000 0.79868937
6333.2000 0.80327684
6334.1000 0.78564835
6335.0000 0.75111914
6335.9000 0.72724885
6336.8000 0.73045105
6337.7000 0.74742842
6338.6000 0.75661343
6339.5000 0.76814801
6340.4000 0.78560454
6341.3000 0.78517669
6342.2000 0.76486039
6343.1000 0.74096429
6344.0000 0.73384315
6344.9000 0.75128216
6345.8000 0.77043706
6346.7000 0.77963889
6347.6000 0.78840226
6348.5000 0.79462838
6349.4000 0.79351389
6350.3000 0.79154813
6351.2000 0.79536623
6352.1000 0.79897416
6353.0000 0.79451001
6353.9000 0.77979064
6354.8000 0.76595235
6355.7000 0.77153307
6356.6000 0.78096062
6357.5000 0.76970583
6358.4000 0.74900854
6359.3000 0.74042207
6360.2000 0.73745704
6361.1000 0.72518206
6362.0000 0.71344566
6362.9000 0.71758687
6363.8000 0.73384607
6364.7000 0.75309402
6365.6000 0.76659924
6366.5000 0.77505827
6367.4000 0.78551459
6368.3000 0.79394102
6369.2000 0.79391408
6370.1000 0.78899866
6371.0000 0.78777778
6371.9000 0.79488021
6372.8000 0.80417991
6373.7000 0.8076449
6374.6000 0.8034265
6375.5000 0.79873168
6376.4000 0.79727024
6377.3000 0.79254454
6378.2000 0.78743422
6379.1000 0.78788048
6380.0000 0.78677529
6380.9000 0.7848987
6381.8000 0.7904976
6382.7000 0.79722345
6383.6000 0.79510212
6384.5000 0.78969532
6385.4000 0.79236597
6386.3000 0.80131155
6387.2000 0.80701911
6388.1000 0.80795079
6389.0000 0.80867553
6389.9000 0.81084055
6390.8000 0.8075394
6391.7000 0.78679007
6392.6000 0.74885672
6393.5000 0.72609597
6394.4000 0.74426633
6395.3000 0.77849895
6396.2000 0.7993924
6397.1000 0.80379575
6398.0000 0.78599942
6398.9000 0.73920673
6399.8000 0.69838279
6400.7000 0.71561182
6401.6000 0.76745045
6402.5000 0.79878455
6403.4000 0.80444223
6404.3000 0.7988748
6405.2000 0.78730315
6406.1000 0.76830387
6407.0000 0.74199933
6407.9000 0.73140597
6408.8000 0.75362378
6409.7000 0.77013248
6410.6000 0.74782228
6411.5000 0.72743654
6412.4000 0.74504715
6413.3000 0.76792401
6414.2000 0.76930857
6415.1000 0.76721507
6416.0000 0.77401179
6416.9000 0.78115207
6417.8000 0.7799046
6418.7000 0.76306158
6419.6000 0.7365936
6420.5000 0.72478271
6421.4000 0.74183577
6422.3000 0.7744109
6423.2000 0.79581332
6424.1000 0.79617274
6425.0000 0.79122216
6425.9000 0.79317045
6426.8000 0.79910421
6427.7000 0.80302018
6428.6000 0.79826546
6429.5000 0.77753556
6430.4000 0.75077516
6431.3000 0.74719375
6432.2000 0.76550066
6433.1000 0.78156316
6434.0000 0.79255188
6434.9000 0.79997855
6435.8000 0.79797649
6436.7000 0.78277057
6437.6000 0.75014889
6438.5000 0.71490586
6439.4000 0.71732336
6440.3000 0.75628889
6441.2000 0.78857774
6442.1000 0.7969743
6443.0000 0.79399002
6443.9000 0.79225081
6444.8000 0.79578745
6445.7000 0.80297893
6446.6000 0.80426061
6447.5000 0.78683537
6448.4000 0.74247396
6449.3000 0.6933592
6450.2000 0.68895167
6451.1000 0.72912848
6452.0000 0.76888418
6452.9000 0.78813487
6453.8000 0.78562433
6454.7000 0.7654196
6455.6000 0.74796939
6456.5000 0.75308311
6457.4000 0.77281028
6458.3000 0.78693753
6459.2000 0.79200745
6460.1000 0.78847665
6461.0000 0.76312643
6461.9000 0.7185874
6462.8000 0.70192218
6463.7000 0.73076642
6464.6000 0.762757
6465.5000 0.77669442
6466.4000 0.78231585
6467.3000 0.78300756
6468.2000 0.77600771
6469.1000 0.76539075
6470.0000 0.75696862
6470.9000 0.74950218
6471.8000 0.75151789
6472.7000 0.76798421
6473.6000 0.77855474
6474.5000 0.77128929
6475.4000 0.76317346
6476.3000 0.77004766
6477.2000 0.78417486
6478.1000 0.7892006
6479.0000 0.78615952
6479.9000 0.77959812
6480.8000 0.76364583
6481.7000 0.74387062
6482.6000 0.73900658
6483.5000 0.7536667
6484.4000 0.77204543
6485.3000 0.78143221
6486.2000 0.784881
6487.1000 0.78667217
6488.0000 0.78599352
6488.9000 0.78114891
6489.8000 0.77156919
6490.7000 0.7615639
6491.6000 0.75159496
6492.5000 0.72524673
6493.4000 0.6733973
6494.3000 0.62687361
6495.2000 0.62398326
6496.1000 0.65711451
6497.0000 0.69592875
6497.9000 0.71786028
6498.8000 0.71949404
6499.7000 0.7269786
6500.6000 0.74671662
6501.5000 0.75966811
6502.4000 0.76550663
6503.3000 0.77114475
6504.2000 0.77858585
6505.1000 0.78530967
6506.0000 0.78548855
6506.9000 0.77848119
6507.8000 0.76853138
6508.7000 0.76348233
6509.6000 0.76793224
6510.5000 0.77566624
6511.4000 0.7789427
6512.3000 0.77897447
6513.2000 0.77675337
6514.1000 0.76710612
6515.0000 0.75149709
6515.9000 0.73936892
6516.8000 0.73310095
6517.7000 0.72846895
6518.6000 0.73054528
6519.5000 0.74513793
6520.4000 0.76178318
6521.3000 0.77053005
6522.2000 0.77137727
6523.1000 0.76960093
6524.0000 0.77117461
6524.9000 0.76901996
6525.8000 0.75379705
6526.7000 0.73795331
6527.6000 0.73766261
6528.5000 0.74994117
6529.4000 0.76099068
6530.3000 0.7621156
6531.2000 0.75492924
6532.1000 0.74529749
6533.0000 0.7390179
6533.9000 0.74284172
6534.8000 0.75591612
6535.7000 0.76597351
6536.6000 0.764763
6537.5000 0.76030815
6538.4000 0.76151961
6539.3000 0.76528364
6540.2000 0.76619285
6541.1000 0.76235855
6542.0000 0.75657648
6542.9000 0.75215518
6543.8000 0.74676615
6544.7000 0.73501909
6545.6000 0.71734148
6546.5000 0.71131653
6547.4000 0.72638255
6548.3000 0.7456407
6549.2000 0.75618196
6550.1000 0.75694525
6551.0000 0.75063688
6551.9000 0.74090785
6552.8000 0.73112267
6553.7000 0.71976388
6554.6000 0.70223582
6555.5000 0.68819273
6556.4000 0.69085723
6557.3000 0.70072126
6558.2000 0.7019363
6559.1000 0.69071347
6560.0000 0.66355628
6560.9000 0.60357422
6561.8000 0.50993925
6562.7000 0.45394376
6563.6000 0.50638545
6564.5000 0.61061597
6565.4000 0.67879397
6566.3000 0.70674008
6567.2000 0.71509814
6568.1000 0.70692116
6569.0000 0.69499689
6569.9000 0.70045108
6570.8000 0.71601778
6571.7000 0.71976823
6572.6000 0.71216071
6573.5000 0.70279974
6574.4000 0.69577754
6575.3000 0.70431274
6576.2000 0.72922474
6577.1000 0.7485711
6578.0000 0.75279605
6578.9000 0.74723685
6579.8000 0.7361477
6580.7000 0.7258302
6581.6000 0.72390372
6582.5000 0.7289899
6583.4000 0.73326844
6584.3000 0.73629224
6585.2000 0.73713499
6586.1000 0.73469293
6587.0000 0.7371583
6587.9000 0.74512351
6588.8000 0.75226015
6589.7000 0.75535804
6590.6000 0.74674362
6591.5000 0.71794641
6592.4000 0.68124568
6593.3000 0.66935182
6594.2000 0.69323534
6595.1000 0.72269982
6596.0000 0.73373032
6596.9000 0.73133904
6597.8000 0.72519177
6598.7000 0.72545087
6599.6000 0.73545521
6600.5000 0.74691319
6601.4000 0.7528646
6602.3000 0.75166279
6603.2000 0.74488783
6604.1000 0.73568887
6605.0000 0.73013669
6605.9000 0.73007452
6606.8000 0.72925472
6607.7000 0.71873575
6608.6000 0.70480126
6609.5000 0.70863277
6610.4000 0.72895962
6611.3000 0.74395591
6612.2000 0.74682009
6613.1000 0.74472278
6614.0000 0.74601066
6614.9000 0.75297695
6615.8000 0.75583023
6616.7000 0.75233918
6617.6000 0.75015128
6618.5000 0.75177443
6619.4000 0.75312877
6620.3000 0.75215238
6621.2000 0.7524212
6622.1000 0.7533052
6623.0000 0.74936265
6623.9000 0.73849463
6624.8000 0.7304188
6625.7000 0.73331708
6626.6000 0.73736513
6627.5000 0.73818821
6628.4000 0.73803765
6629.3000 0.73382682
6630.2000 0.72907245
6631.1000 0.7241708
6632.0000 0.71164918
6632.9000 0.68948805
6633.8000 0.67666233
6634.7000 0.69153291
6635.6000 0.71714741
6636.5000 0.73480523
6637.4000 0.74307376
6638.3000 0.73957986
6639.2000 0.73010838
6640.1000 0.7292403
6641.0000 0.73489678
6641.9000 0.73062897
6642.8000 0.7157101
6643.7000 0.71117246
6644.6000 0.72592992
6645.5000 0.73939866
6646.4000 0.73894995
6647.3000 0.73416114
6648.2000 0.7377581
6649.1000 0.74833298
6650.0000 0.7542668
6650.9000 0.7515381
6651.8000 0.7472524
6652.7000 0.74488455
6653.6000 0.74090421
6654.5000 0.7384823
6655.4000 0.73831141
6656.3000 0.73846376
6657.2000 0.74206632
6658.1000 0.74706656
6659.0000 0.7457
6659.9000 0.73572099
6660.8000 0.725851
6661.7000 0.71818447
6662.6000 0.7040928
6663.5000 0.69775021
6664.4000 0.71057564
6665.3000 0.72517771
6666.2000 0.73038799
6667.1000 0.72808582
6668.0000 0.72734541
6668.9000 0.734653
6669.8000 0.74470341
6670.7000 0.75114584
6671.6000 0.75176066
6672.5000 0.75047439
6673.4000 0.75045907
6674.3000 0.74977398
6675.2000 0.74833649
6676.1000 0.73585814
6677.0000 0.70518202
6677.9000 0.6843887
6678.8000 0.70015132
6679.7000 0.72890395
6680.6000 0.74286473
6681.5000 0.74585068
6682.4000 0.74699646
6683.3000 0.74856168
6684.2000 0.75085193
6685.1000 0.75209731
6686.0000 0.75063843
6686.9000 0.74914885
6687.8000 0.748514
6688.7000 0.74859911
6689.6000 0.74817115
6690.5000 0.74563444
6691.4000 0.74311221
6692.3000 0.74278307
6693.2000 0.7439155
6694.1000 0.73975194
6695.0000 0.72353584
6695.9000 0.70617539
6696.8000 0.70443833
6697.7000 0.71261233
6698.6000 0.72037417
6699.5000 0.7296738
6700.4000 0.73672223
6701.3000 0.73633343
6702.2000 0.72937304
6703.1000 0.7192052
6704.0000 0.71335745
6704.9000 0.71693349
6705.8000 0.72829598
6706.7000 0.73678815
6707.6000 0.73864889
6708.5000 0.73743474
6709.4000 0.73303354
6710.3000 0.73046315
6711.2000 0.73051804
6712.1000 0.72473037
6713.0000 0.71439689
6713.9000 0.70984727
6714.8000 0.70849109
6715.7000 0.70102018
6716.6000 0.68711835
6717.5000 0.68229127
6718.4000 0.69987696
6719.3000 0.72230268
6720.2000 0.72930276
6721.1000 0.72412449
6722.0000 0.72294694
6722.9000 0.73072106
6723.8000 0.73668033
6724.7000 0.73380679
6725.6000 0.72462434
6726.5000 0.7193312
6727.4000 0.72358006
6728.3000 0.73035818
6729.2000 0.73560172
6730.1000 0.74002147
6731.0000 0.74170911
6731.9000 0.73887074
6732.8000 0.7347526
6733.7000 0.73564178
6734.6000 0.74056917
6735.5000 0.74421889
6736.4000 0.74076277
6737.3000 0.72757035
6738.2000 0.7141034
6739.1000 0.71241856
6740.0000 0.72200209
6740.9000 0.72809875
6741.8000 0.7237286
6742.7000 0.71949637
6743.6000 0.72315466
6744.5000 0.72866958
6745.4000 0.72829485
6746.3000 0.72499275
6747.2000 0.72440225
6748.1000 0.7225787
6749.0000 0.71547049
6749.9000 0.70945436
6750.8000 0.71211958
6751.7000 0.71785575
6752.6000 0.72034514
6753.5000 0.72354984
6754.4000 0.72640949
6755.3000 0.72693104
6756.2000 0.72941035
6757.1000 0.73555738
6758.0000 0.7405833
6758.9000 0.74003786
6759.8000 0.73732495
6760.7000 0.73694134
6761.6000 0.7374981
6762.5000 0.7378847
6763.4000 0.73894465
6764.3000 0.74016565
6765.2000 0.7402209
6766.1000 0.73449332
6767.0000 0.7210297
6767.9000 0.71140367
6768.8000 0.71258456
6769.7000 0.71506035
6770.6000 0.71205872
6771.5000 0.70902145
6772.4000 0.71414989
6773.3000 0.72676325
6774.2000 0.73764509
6775.1000 0.73904884
6776.0000 0.73294789
6776.9000 0.72770834
6777.8000 0.72937852
6778.7000 0.73529679
6779.6000 0.73661751
6780.5000 0.73161012
6781.4000 0.72423428
6782.3000 0.71421099
6783.2000 0.70296794
6784.1000 0.69816208
6785.0000 0.70315474
6785.9000 0.71061236
6786.8000 0.71676117
6787.7000 0.72394472
6788.6000 0.72895795
6789.5000 0.73137736
6790.4000 0.73699301
6791.3000 0.74083823
6792.2000 0.7338677
6793.1000 0.72191042
6794.0000 0.71665931
6794.9000 0.71719998
6795.8000 0.71729249
6796.7000 0.71837306
6797.6000 0.72182471
6798.5000 0.72448975
6799.4000 0.72486585
6800.3000 0.72574687
6801.2000 0.72780508
6802.1000 0.72504026
6803.0000 0.71643919
6803.9000 0.71288139
6804.8000 0.71760523
6805.7000 0.71953082
6806.6000 0.71675378
6807.5000 0.71817589
6808.4000 0.72054672
6809.3000 0.71530181
6810.2000 0.71051472
6811.1000 0.71706927
6812.0000 0.72764528
6812.9000 0.72964835
6813.8000 0.72294438
6814.7000 0.71874809
6815.6000 0.72419119
6816.5000 0.73226845
6817.4000 0.73354369
6818.3000 0.72789395
6819.2000 0.71844083
6820.1000 0.7096979
6821.0000 0.70976025
6821.9000 0.7182827
6822.8000 0.72603476
6823.7000 0.73008472
6824.6000 0.73194027
6825.5000 0.73078877
6826.4000 0.72338915
6827.3000 0.71020037
6828.2000 0.70154393
6829.1000 0.70552993
6830.0000 0.7168721
6830.9000 0.72580159
6831.8000 0.72823441
6832.7000 0.72672981
6833.6000 0.7251696
6834.5000 0.724675
6835.4000 0.72209841
6836.3000 0.71608108
6837.2000 0.70754951
6838.1000 0.69487447
6839.0000 0.6799376
6839.9000 0.66880214
6840.8000 0.66030711
6841.7000 0.65551811
6842.6000 0.66120899
6843.5000 0.6785748
6844.4000 0.69947642
6845.3000 0.7106446
6846.2000 0.71147037
6847.1000 0.70867634
6848.0000 0.70663756
6848.9000 0.70737088
6849.8000 0.70967948
6850.7000 0.71216083
6851.6000 0.7139957
6852.5000 0.7128529
6853.4000 0.70361894
6854.3000 0.68446714
6855.2000 0.67054909
6856.1000 0.67226642
6857.0000 0.67741334
6857.9000 0.68312854
6858.8000 0.6932801
6859.7000 0.69455278
6860.6000 0.68231928
6861.5000 0.67442065
6862.4000 0.68444675
6863.3000 0.70269197
6864.2000 0.7122739
6865.1000 0.70869273
6866.0000 0.69449133
6866.9000 0.67798311
6867.8000 0.6774807
6868.7000 0.69585854
6869.6000 0.70365798
6870.5000 0.69406497
6871.4000 0.68252105
6872.3000 0.67729062
6873.2000 0.68176156
6874.1000 0.68489909
6875.0000 0.6823588
6875.9000 0.68376386
6876.8000 0.69292772
6877.7000 0.69979048
6878.6000 0.69757044
6879.5000 0.6956355
6880.4000 0.68990034
6881.3000 0.671556
6882.2000 0.6549629
6883.1000 0.6590634
6884.0000 0.67615604
6884.9000 0.68125969
6885.8000 0.67944163
6886.7000 0.68626803
6887.6000 0.69397157
6888.5000 0.6999113
6889.4000 0.70975298
6890.3000 0.71411449
6891.2000 0.70512307
6892.1000 0.69632101
6893.0000 0.69970137
6893.9000 0.70035225
6894.8000 0.68683821
6895.7000 0.68221259
6896.6000 0.6990962
6897.5000 0.70938927
6898.4000 0.70015466
6899.3000 0.69341856
6900.2000 0.7026825
6901.1000 0.71205068
6902.0000 0.7035265
6902.9000 0.69090456
6903.8000 0.68711126
6904.7000 0.68808395
6905.6000 0.68677658
6906.5000 0.68685478
6907.4000 0.69300234
6908.3000 0.70180768
6909.2000 0.71018291
6910.1000 0.71043688
6911.0000 0.70156735
6911.9000 0.69589245
6912.8000 0.69050348
6913.7000 0.6786322
6914.6000 0.67292923
6915.5000 0.6743772
6916.4000 0.66990137
6917.3000 0.67067921
6918.2000 0.68699598
6919.1000 0.70217592
6920.0000 0.70379972
6920.9000 0.70066959
6921.8000 0.69740939
6922.7000 0.69048613
6923.6000 0.67818278
6924.5000 0.66770327
6925.4000 0.66781044
6926.3000 0.67915642
6927.2000 0.69221461
6928.1000 0.69776267
6929.0000 0.69965178
6929.9000 0.70082664
6930.8000 0.69861442
6931.7000 0.6928317
6932.6000 0.6840533
6933.5000 0.68115407
6934.4000 0.68906546
6935.3000 0.69646966
6936.2000 0.69622618
6937.1000 0.68966764
6938.0000 0.68497872
6938.9000 0.68311661
6939.8000 0.68308163
6940.7000 0.68668073
6941.6000 0.68719196
6942.5000 0.68302095
6943.4000 0.67841208
6944.3000 0.67238456
6945.2000 0.66865045
6946.1000 0.67427135
6947.0000 0.68142486
6947.9000 0.68642741
6948.8000 0.69082493
6949.7000 0.68970567
6950.6000 0.68124455
6951.5000 0.67755109
6952.4000 0.68066776
6953.3000 0.68441528
6954.2000 0.68660617
6955.1000 0.68560678
6956.0000 0.68690455
6956.9000 0.6943332
6957.8000 0.69943833
6958.7000 0.69736117
6959.6000 0.69247878
6960.5000 0.69056696
6961.4000 0.69502139
6962.3000 0.69907624
6963.2000 0.69723874
6964.1000 0.6906836
6965.0000 0.68326962
6965.9000 0.68280041
6966.8000 0.69022387
6967.7000 0.70029509
6968.6000 0.70599687
6969.5000 0.70339513
6970.4000 0.69671994
6971.3000 0.69318706
6972.2000 0.69773871
6973.1000 0.70402128
6974.0000 0.70101041
6974.9000 0.6870206
6975.8000 0.66865236
6976.7000 0.65218818
6977.6000 0.63575643
6978.5000 0.627276
6979.4000 0.64194387
6980.3000 0.66933519
6981.2000 0.69066876
6982.1000 0.70462728
6983.0000 0.71288139
6983.9000 0.71233135
6984.8000 0.70456845
6985.7000 0.69669414
6986.6000 0.69473058
6987.5000 0.69410866
6988.4000 0.68875587
6989.3000 0.68685901
6990.2000 0.69551253
6991.1000 0.70401567
6992.0000 0.70346344
6992.9000 0.69735485
6993.8000 0.69337815
6994.7000 0.69752192
6995.6000 0.70558023
6996.5000 0.70891505
6997.4000 0.70259207
6998.3000 0.68557364
6999.2000 0.66734594
7000.1000 0.66295189
7001.0000 0.67477083
7001.9000 0.68491
7002.8000 0.67761719
7003.7000 0.66091973
7004.6000 0.64969468
7005.5000 0.64833325
7006.4000 0.65559715
7007.3000 0.66836035
7008.2000 0.68116593
7009.1000 0.68719184
7010.0000 0.68228209
7010.9000 0.6713205
7011.8000 0.66455567
7012.7000 0.66822308
7013.6000 0.67393339
7014.5000 0.66325557
7015.4000 0.63258326
7016.3000 0.61103046
7017.2000 0.62579656
7018.1000 0.66043955
7019.0000 0.68709892
7019.9000 0.70088506
7020.8000 0.70387173
7021.7000 0.69023025
7022.6000 0.66138619
7023.5000 0.63953847
7024.4000 0.64166003
7025.3000 0.65629745
7026.2000 0.66492045
7027.1000 0.66633928
7028.0000 0.66992444
7028.9000 0.67571491
7029.8000 0.67872578
7030.7000 0.67987657
7031.6000 0.67963421
7032.5000 0.67750955
7033.4000 0.67195112
7034.3000 0.66399944
7035.2000 0.66449869
7036.1000 0.6709798
7037.0000 0.66399336
7037.9000 0.64605331
7038.8000 0.64406031
7039.7000 0.66772759
7040.6000 0.69620895
7041.5000 0.70940465
7042.4000 0.70700818
7043.3000 0.6969316
7044.2000 0.68832535
7045.1000 0.68625641
7046.0000 0.68964815
7046.9000 0.69569701
7047.8000 0.70375371
7048.7000 0.71014023
7049.6000 0.70807004
7050.5000 0.69744295
7051.4000 0.68110001
7052.3000 0.66578585
7053.2000 0.66381401
7054.1000 0.67292607
7055.0000 0.68210375
7055.9000 0.68952507
7056.8000 0.69665009
7057.7000 0.69643766
7058.6000 0.68254393
7059.5000 0.66179925
7060.4000 0.65182453
7061.3000 0.65958059
7062.2000 0.67094219
7063.1000 0.67871952
7064.0000 0.68886322
7064.9000 0.6951654
7065.8000 0.68752271
7066.7000 0.66867632
7067.6000 0.64833999
7068.5000 0.64172775
7069.4000 0.6561811
7070.3000 0.67236328
7071.2000 0.6791212
7072.1000 0.68258899
7073.0000 0.68808585
7073.9000 0.69358909
7074.8000 0.69587892
7075.7000 0.69496417
7076.6000 0.6932621
7077.5000 0.69266927
7078.4000 0.69147319
7079.3000 0.69188493
7080.2000 0.69767457
7081.1000 0.70172697
7082.0000 0.69214797
7082.9000 0.66754633
7083.8000 0.6394943
7084.7000 0.62856025
7085.6000 0.64198357
7086.5000 0.66206449
7087.4000 0.67384839
7088.3000 0.67553884
7089.2000 0.66798663
7090.1000 0.65728265
7091.0000 0.65357327
7091.9000 0.65564966
7092.8000 0.65933532
7093.7000 0.66538167
7094.6000 0.66794741
7095.5000 0.66400254
7096.4000 0.66136849
7097.3000 0.66508931
7098.2000 0.67350972
7099.1000 0.68017882
7100.0000 0.68215919
7100.9000 0.68106264
7101.8000 0.67744553
7102.7000 0.67530996
7103.6000 0.67824382
7104.5000 0.68133658
7105.4000 0.677423
7106.3000 0.66872406
7107.2000 0.6644088
7108.1000 0.67044395
7109.0000 0.67710721
7109.9000 0.67063278
7110.8000 0.65518439
7111.7000 0.64592153
7112.6000 0.64731205
7113.5000 0.6550467
7114.4000 0.66303968
7115.3000 0.66856742
7116.2000 0.67134947
7117.1000 0.66876429
7118.0000 0.66537589
7118.9000 0.66539961
7119.8000 0.66320342
7120.7000 0.6553129
7121.6000 0.6435765
7122.5000 0.64404285
7123.4000 0.66272891
7124.3000 0.67678207
7125.2000 0.6772126
7126.1000 0.67030609
7127.0000 0.66935372
7127.9000 0.66855156
7128.8000 0.66866708
7129.7000 0.65678346
7130.6000 0.64242035
7131.5000 0.64824927
7132.4000 0.66514611
7133.3000 0.67767996
7134.2000 0.68689853
7135.1000 0.69037402
7136.0000 0.69192344
7136.9000 0.69676292
7137.8000 0.69777739
7138.7000 0.69139445
7139.6000 0.6855039
7140.5000 0.68691599
7141.4000 0.68837774
7142.3000 0.68629819
7143.2000 0.6884163
7144.1000 0.69043726
7145.0000 0.68747705
7145.9000 0.68629956
7146.8000 0.67384857
7147.7000 0.64781344
7148.6000 0.64109385
7149.5000 0.65922385
7150.4000 0.67596352
7151.3000 0.68506414
7152.2000 0.69643021
7153.1000 0.70480961
7154.0000 0.70060837
7154.9000 0.68972903
7155.8000 0.68976498
7156.7000 0.70408392
7157.6000 0.71064132
7158.5000 0.70546484
7159.4000 0.69878083
7160.3000 0.69185841
7161.2000 0.68802309
7162.1000 0.68533218
7163.0000 0.67209536
7163.9000 0.64132881
7164.8000 0.6181854
7165.7000 0.62858498
7166.6000 0.65856844
7167.5000 0.68483293
7168.4000 0.69721794
7169.3000 0.69187421
7170.2000 0.68306243
7171.1000 0.68557912
7172.0000 0.69162619
7172.9000 0.69375122
7173.8000 0.69207615
7174.7000 0.68306255
7175.6000 0.66708982
7176.5000 0.65855718
7177.4000 0.67042887
7178.3000 0.68289596
7179.2000 0.67604434
7180.1000 0.6539889
7181.0000 0.63342965
7181.9000 0.63737166
7182.8000 0.66072518
7183.7000 0.67973608
7184.6000 0.68157828
7185.5000 0.669137
7186.4000 0.65100259
7187.3000 0.63635004
7188.2000 0.63315946
7189.1000 0.63824403
7190.0000 0.6468057
7190.9000 0.65112114
7191.8000 0.64009219
7192.7000 0.61988896
7193.6000 0.61679226
7194.5000 0.63565868
7195.4000 0.65378213
7196.3000 0.656524
7197.2000 0.65765351
7198.1000 0.66765052
7199.0000 0.6785903
7199.9000 0.68249595
7200.8000 0.67640376
7201.7000 0.66269499
7202.6000 0.65871656
7203.5000 0.67296863
7204.4000 0.6895017
7205.3000 0.6839031
7206.2000 0.64920294
7207.1000 0.61424762
7208.0000 0.61456788
7208.9000 0.63892353
7209.8000 0.66413802
7210.7000 0.68207252
7211.6000 0.6871177
7212.5000 0.68077374
7213.4000 0.67227602
7214.3000 0.66527903
7215.2000 0.66333973
7216.1000 0.66766572
7217.0000 0.6751188
7217.9000 0.68027633
7218.8000 0.68096644
7219.7000 0.67794222
7220.6000 0.67307734
7221.5000 0.67102408
7222.4000 0.67123485
7223.3000 0.67302662
7224.2000 0.67993909
7225.1000 0.68545777
7226.0000 0.68618274
7226.9000 0.68554145
7227.8000 0.68069559
7228.7000 0.67454839
7229.6000 0.67761672
7230.5000 0.68775058
7231.4000 0.69360137
7232.3000 0.69376558
7233.2000 0.69176638
7234.1000 0.68498492
7235.0000 0.67424423
7235.9000 0.66870862
7236.8000 0.66992354
7237.7000 0.67086911
7238.6000 0.66476876
7239.5000 0.65598875
7240.4000 0.65917563
7241.3000 0.67039603
7242.2000 0.67805415
7243.1000 0.67615557
7244.0000 0.66048795
7244.9000 0.6447916
7245.8000 0.64684749
7246.7000 0.66288817
7247.6000 0.6781565
7248.5000 0.68339413
7249.4000 0.6766178
7250.3000 0.66245413
7251.2000 0.65437508
7252.1000 0.66337287
7253.0000 0.67968893
7253.9000 0.68394989
7254.8000 0.67984295
7255.7000 0.68056601
7256.6000 0.68890435
7257.5000 0.69440389
7258.4000 0.68959349
7259.3000 0.67892927
7260.2000 0.66163671
7261.1000 0.64077598
7262.0000 0.64048892
7262.9000 0.66273111
7263.8000 0.68308169
7264.7000 0.69414026
7265.6000 0.69631106
7266.5000 0.69311774
7267.4000 0.69203418
7268.3000 0.69131631
7269.2000 0.6873343
7270.1000 0.68228585
7271.0000 0.67782068
7271.9000 0.67533433
7272.8000 0.67558992
7273.7000 0.67822456
7274.6000 0.68010432
7275.5000 0.67992747
7276.4000 0.67955226
7277.3000 0.67523152
7278.2000 0.66941565
7279.1000 0.67244756
7280.0000 0.68193269
7280.9000 0.67854857
7281.8000 0.65381664
7282.7000 0.62945616
7283.6000 0.62405241
7284.5000 0.63063818
7285.4000 0.64304101
7286.3000 0.65816873
7287.2000 0.6568765
7288.1000 0.63210928
7289.0000 0.61321729
7289.9000 0.6178062
7290.8000 0.62261885
7291.7000 0.61448407
7292.6000 0.61151445
7293.5000 0.62566274
7294.4000 0.64938956
7295.3000 0.66994077
7296.2000 0.68271899
7297.1000 0.68511873
7298.0000 0.68168527
7298.9000 0.67747414
7299.8000 0.67156124
7300.7000 0.66960174
7301.6000 0.67458987
7302.5000 0.68043518
7303.4000 0.68474537
7304.3000 0.68708944
7305.2000 0.68477994
7306.1000 0.67531312
7307.0000 0.6615541
7307.9000 0.65369385
7308.8000 0.657511
7309.7000 0.65987664
7310.6000 0.64994693
7311.5000 0.64575768
7312.4000 0.65808469
7313.3000 0.67195576
7314.2000 0.67634392
7315.1000 0.67145473
7316.0000 0.66059017
7316.9000 0.65250993
7317.8000 0.65341485
7318.7000 0.65976804
7319.6000 0.66180336
7320.5000 0.66048455
7321.4000 0.66295516
7322.3000 0.66461796
7323.2000 0.66275394
7324.1000 0.65593201
7325.0000 0.64032859
7325.9000 0.62585914
7326.8000 0.63062835
7327.7000 0.64855653
7328.6000 0.65800309
7329.5000 0.65435147
7330.4000 0.64939862
7331.3000 0.65227443
7332.2000 0.66045308
7333.1000 0.66666412
7334.0000 0.66715324
7334.9000 0.66951233
7335.8000 0.67790419
7336.7000 0.68640637
7337.6000 0.68802977
7338.5000 0.68483537
7339.4000 0.6834541
7340.3000 0.68661481
7341.2000 0.68791336
7342.1000 0.68257731
7343.0000 0.6714415
7343.9000 0.66206801
7344.8000 0.66165644
7345.7000 0.66806418
7346.6000 0.67373013
7347.5000 0.67820048
7348.4000 0.6809414
7349.3000 0.67567837
7350.2000 0.66157693
7351.1000 0.65048051
7352.0000 0.65492779
7352.9000 0.66570938
7353.8000 0.66806257
7354.7000 0.65634185
7355.6000 0.63929325
7356.5000 0.63507175
7357.4000 0.64642912
7358.3000 0.6607151
7359.2000 0.66767448
7360.1000 0.66136819
7361.0000 0.64339399
7361.9000 0.62604332
7362.8000 0.62214452
7363.7000 0.62805259
7364.6000 0.63429266
7365.5000 0.63836151
7366.4000 0.64194238
7367.3000 0.64761341
7368.2000 0.65235174
7369.1000 0.65166229
7370.0000 0.65220094
7370.9000 0.65400904
7371.8000 0.64921105
7372.7000 0.64309549
7373.6000 0.64138895
7374.5000 0.63791078
7375.4000 0.62968528
7376.3000 0.62895519
7377.2000 0.64031017
7378.1000 0.65500182
7379.0000 0.66014391
7379.9000 0.65220171
7380.8000 0.63487709
7381.7000 0.61734706
7382.6000 0.61177945
7383.5000 0.61650479
7384.4000 0.6159358
7385.3000 0.59958076
7386.2000 0.57836968
7387.1000 0.56670862
7388.0000 0.56279314
7388.9000 0.5658589
7389.8000 0.58192825
7390.7000 0.60621411
7391.6000 0.62062871
7392.5000 0.61823285
7393.4000 0.61203533
7394.3000 0.61627811
7395.2000 0.62375802
7396.1000 0.62622815
7397.0000 0.6293717
7397.9000 0.63284314
7398.8000 0.63125634
7399.7000 0.62164003
7400.6000 0.61023915
7401.5000 0.60926312
7402.4000 0.62100852
7403.3000 0.63681537
7404.2000 0.64454114
7405.1000 0.63957483
7406.0000 0.63048398
7406.9000 0.6286912
7407.8000 0.62853843
7408.7000 0.61637336
7409.6000 0.59699064
7410.5000 0.58730662
7411.4000 0.5773356
7412.3000 0.4470081
7413.2000 0.15858655
7414.1000 0.01645868
7415.0000 0.00040001
7415.9000 0.00000208
7416.8000 0
7417.7000 0
7418.6000 0
7419.5000 0
7420.4000 0
7421.3000 0
7422.2000 0
7423.1000 0
7424.0000 0
7424.9000 0
7425.8000 0
7426.7000 0
7427.6000 0
7428.5000 0
7429.4000 0
