3500.000	0.0000
3500.900	0.0000
3501.800	0.0000
3502.700	0.0000
3503.600	0.0000
3504.500	0.0000
3505.400	0.0000
3506.300	0.0000
3507.200	0.0000
3508.100	0.0000
3509.000	0.0000
3509.900	0.0000
3510.800	0.0000
3511.700	0.0000
3512.600	0.0000
3513.500	0.0000
3514.400	0.0000
3515.300	0.0000
3516.200	0.0000
3517.100	0.0000
3518.000	0.0000
3518.900	0.0000
3519.800	0.0000
3520.700	0.0000
3521.600	0.0000
3522.500	0.0000
3523.400	0.0000
3524.300	0.0000
3525.200	0.0000
3526.100	0.0000
3527.000	0.0000
3527.900	0.0000
3528.800	0.0000
3529.700	0.0000
3530.600	0.0000
3531.500	0.0000
3532.400	0.0000
3533.300	0.0000
3534.200	0.0000
3535.100	0.0378
3536.000	1.1688
3536.900	1.2088
3537.800	1.2142
3538.700	1.2197
3539.600	1.2125
3540.500	1.2038
3541.400	1.2147
3542.300	1.2294
3543.200	1.2336
3544.100	1.2375
3545.000	1.2406
3545.900	1.2355
3546.800	1.2335
3547.700	1.2365
3548.600	1.2307
3549.500	1.2337
3550.400	1.2428
3551.300	1.2508
3552.200	1.2592
3553.100	1.2615
3554.000	1.2581
3554.900	1.2517
3555.800	1.2529
3556.700	1.2568
3557.600	1.2568
3558.500	1.2583
3559.400	1.2643
3560.300	1.2718
3561.200	1.2699
3562.100	1.2675
3563.000	1.2553
3563.900	1.2378
3564.800	1.2170
3565.700	1.2152
3566.600	1.2295
3567.500	1.2292
3568.400	1.2253
3569.300	1.2249
3570.200	1.2190
3571.100	1.2152
3572.000	1.2174
3572.900	1.2175
3573.800	1.2053
3574.700	1.1979
3575.600	1.1928
3576.500	1.1812
3577.400	1.1794
3578.300	1.1944
3579.200	1.2133
3580.100	1.2212
3581.000	1.2145
3581.900	1.2093
3582.800	1.2129
3583.700	1.2001
3584.600	1.1713
3585.500	1.1586
3586.400	1.1601
3587.300	1.1710
3588.200	1.1771
3589.100	1.1714
3590.000	1.1831
3590.900	1.2001
3591.800	1.1934
3592.700	1.1860
3593.600	1.1849
3594.500	1.1904
3595.400	1.1925
3596.300	1.1828
3597.200	1.1738
3598.100	1.1750
3599.000	1.1759
3599.900	1.1774
3600.800	1.1809
3601.700	1.1720
3602.600	1.1599
3603.500	1.1552
3604.400	1.1484
3605.300	1.1467
3606.200	1.1446
3607.100	1.1396
3608.000	1.1361
3608.900	1.1338
3609.800	1.1310
3610.700	1.1297
3611.600	1.1254
3612.500	1.1192
3613.400	1.1141
3614.300	1.1205
3615.200	1.1303
3616.100	1.1345
3617.000	1.1334
3617.900	1.1215
3618.800	1.1055
3619.700	1.1045
3620.600	1.1090
3621.500	1.1112
3622.400	1.1196
3623.300	1.1262
3624.200	1.1165
3625.100	1.1082
3626.000	1.1215
3626.900	1.1330
3627.800	1.1424
3628.700	1.1528
3629.600	1.1479
3630.500	1.1335
3631.400	1.1117
3632.300	1.0937
3633.200	1.1014
3634.100	1.1263
3635.000	1.1340
3635.900	1.1369
3636.800	1.1413
3637.700	1.1433
3638.600	1.1366
3639.500	1.1335
3640.400	1.1324
3641.300	1.1205
3642.200	1.1078
3643.100	1.1016
3644.000	1.0999
3644.900	1.1051
3645.800	1.1210
3646.700	1.1273
3647.600	1.1134
3648.500	1.1037
3649.400	1.1049
3650.300	1.1007
3651.200	1.0958
3652.100	1.0899
3653.000	1.0920
3653.900	1.0970
3654.800	1.1012
3655.700	1.1101
3656.600	1.1102
3657.500	1.1064
3658.400	1.1134
3659.300	1.1085
3660.200	1.0921
3661.100	1.0864
3662.000	1.0924
3662.900	1.0964
3663.800	1.0884
3664.700	1.0835
3665.600	1.0927
3666.500	1.0977
3667.400	1.0997
3668.300	1.0960
3669.200	1.0859
3670.100	1.0805
3671.000	1.0832
3671.900	1.0875
3672.800	1.0891
3673.700	1.0951
3674.600	1.1047
3675.500	1.1042
3676.400	1.0966
3677.300	1.0796
3678.200	1.0635
3679.100	1.0673
3680.000	1.0794
3680.900	1.0807
3681.800	1.0819
3682.700	1.0828
3683.600	1.0786
3684.500	1.0599
3685.400	1.0422
3686.300	1.0454
3687.200	1.0545
3688.100	1.0681
3689.000	1.0870
3689.900	1.0900
3690.800	1.0676
3691.700	1.0474
3692.600	1.0626
3693.500	1.0930
3694.400	1.1191
3695.300	1.1108
3696.200	1.0670
3697.100	1.0251
3698.000	1.0207
3698.900	1.0630
3699.800	1.1214
3700.700	1.1454
3701.600	1.1214
3702.500	1.0672
3703.400	1.0053
3704.300	0.9763
3705.200	0.9991
3706.100	1.0545
3707.000	1.1348
3707.900	1.1879
3708.800	1.1862
3709.700	1.1304
3710.600	1.0393
3711.500	0.9446
3712.400	0.8986
3713.300	0.9366
3714.200	1.0353
3715.100	1.1397
3716.000	1.2242
3716.900	1.2852
3717.800	1.2975
3718.700	1.2525
3719.600	1.1635
3720.500	1.0329
3721.400	0.9002
3722.300	0.8340
3723.200	0.8701
3724.100	0.9920
3725.000	1.1411
3725.900	1.2664
3726.800	1.3599
3727.700	1.4247
3728.600	1.4439
3729.500	1.4253
3730.400	1.3587
3731.300	1.2443
3732.200	1.1108
3733.100	0.9612
3734.000	0.8256
3734.900	0.7742
3735.800	0.8239
3736.700	0.9392
3737.600	1.0826
3738.500	1.2369
3739.400	1.3822
3740.300	1.5000
3741.200	1.5700
3742.100	1.5969
3743.000	1.5991
3743.900	1.5734
3744.800	1.5163
3745.700	1.4143
3746.600	1.2787
3747.500	1.1382
3748.400	0.9897
3749.300	0.8440
3750.200	0.7421
3751.100	0.7423
3752.000	0.8438
3752.900	0.9863
3753.800	1.1320
3754.700	1.2636
3755.600	1.3958
3756.500	1.5310
3757.400	1.6253
3758.300	1.6747
3759.200	1.7046
3760.100	1.7434
3761.000	1.7597
3761.900	1.7453
3762.800	1.7193
3763.700	1.6598
3764.600	1.5742
3765.500	1.4953
3766.400	1.4007
3767.300	1.2689
3768.200	1.1155
3769.100	0.9574
3770.000	0.8134
3770.900	0.7258
3771.800	0.7534
3772.700	0.8754
3773.600	1.0367
3774.500	1.1951
3775.400	1.3424
3776.300	1.4835
3777.200	1.6145
3778.100	1.7278
3779.000	1.8206
3779.900	1.9001
3780.800	1.9664
3781.700	2.0224
3782.600	2.0521
3783.500	2.0638
3784.400	2.0847
3785.300	2.0985
3786.200	2.0817
3787.100	2.0381
3788.000	1.9779
3788.900	1.9123
3789.800	1.8488
3790.700	1.7754
3791.600	1.6804
3792.500	1.5701
3793.400	1.4387
3794.300	1.2862
3795.200	1.1259
3796.100	0.9636
3797.000	0.8120
3797.900	0.7084
3798.800	0.6973
3799.700	0.7946
3800.600	0.9483
3801.500	1.1078
3802.400	1.2729
3803.300	1.4334
3804.200	1.5614
3805.100	1.6774
3806.000	1.8004
3806.900	1.8998
3807.800	1.9777
3808.700	2.0563
3809.600	2.1294
3810.500	2.1887
3811.400	2.2298
3812.300	2.2382
3813.200	2.2391
3814.100	2.2473
3815.000	2.2504
3815.900	2.2553
3816.800	2.2804
3817.700	2.2979
3818.600	2.3017
3819.500	2.2967
3820.400	2.2748
3821.300	2.2519
3822.200	2.2404
3823.100	2.2179
3824.000	2.1513
3824.900	2.0500
3825.800	1.9685
3826.700	1.9033
3827.600	1.8240
3828.500	1.7315
3829.400	1.6262
3830.300	1.5012
3831.200	1.3639
3832.100	1.2046
3833.000	1.0354
3833.900	0.8809
3834.800	0.7447
3835.700	0.6633
3836.600	0.6925
3837.500	0.8138
3838.400	0.9615
3839.300	1.1079
3840.200	1.2580
3841.100	1.3939
3842.000	1.5224
3842.900	1.6440
3843.800	1.7407
3844.700	1.8038
3845.600	1.8717
3846.500	1.9697
3847.400	2.0529
3848.300	2.1192
3849.200	2.1592
3850.100	2.1862
3851.000	2.2324
3851.900	2.2907
3852.800	2.3128
3853.700	2.3071
3854.600	2.3109
3855.500	2.2881
3856.400	2.2606
3857.300	2.2992
3858.200	2.3712
3859.100	2.4102
3860.000	2.4045
3860.900	2.3944
3861.800	2.3769
3862.700	2.3258
3863.600	2.3183
3864.500	2.3673
3865.400	2.3846
3866.300	2.3729
3867.200	2.3815
3868.100	2.3892
3869.000	2.3902
3869.900	2.3799
3870.800	2.3544
3871.700	2.3142
3872.600	2.2709
3873.500	2.2407
3874.400	2.2281
3875.300	2.2070
3876.200	2.1709
3877.100	2.1230
3878.000	2.0444
3878.900	1.9574
3879.800	1.8956
3880.700	1.8475
3881.600	1.7691
3882.500	1.6597
3883.400	1.5455
3884.300	1.4268
3885.200	1.2901
3886.100	1.1399
3887.000	0.9833
3887.900	0.8287
3888.800	0.6985
3889.700	0.6521
3890.600	0.7224
3891.500	0.8679
3892.400	1.0264
3893.300	1.1754
3894.200	1.3163
3895.100	1.4477
3896.000	1.5582
3896.900	1.6473
3897.800	1.7211
3898.700	1.8020
3899.600	1.8736
3900.500	1.9266
3901.400	1.9923
3902.300	2.0609
3903.200	2.0982
3904.100	2.1313
3905.000	2.1558
3905.900	2.1604
3906.800	2.1972
3907.700	2.2615
3908.600	2.3035
3909.500	2.3248
3910.400	2.3275
3911.300	2.3275
3912.200	2.3195
3913.100	2.2949
3914.000	2.2684
3914.900	2.2688
3915.800	2.2918
3916.700	2.3069
3917.600	2.2976
3918.500	2.2958
3919.400	2.2965
3920.300	2.2915
3921.200	2.2860
3922.100	2.2981
3923.000	2.3062
3923.900	2.2962
3924.800	2.2876
3925.700	2.2858
3926.600	2.2765
3927.500	2.2708
3928.400	2.2718
3929.300	2.2659
3930.200	2.2451
3931.100	2.2366
3932.000	2.2078
3932.900	2.0929
3933.800	1.9292
3934.700	1.9341
3935.600	2.1031
3936.500	2.2174
3937.400	2.2499
3938.300	2.2581
3939.200	2.2636
3940.100	2.2830
3941.000	2.3044
3941.900	2.3034
3942.800	2.2835
3943.700	2.2652
3944.600	2.2527
3945.500	2.2643
3946.400	2.2850
3947.300	2.2887
3948.200	2.2715
3949.100	2.2522
3950.000	2.2338
3950.900	2.2162
3951.800	2.2100
3952.700	2.2049
3953.600	2.1879
3954.500	2.1552
3955.400	2.1275
3956.300	2.0975
3957.200	2.0501
3958.100	1.9976
3959.000	1.9500
3959.900	1.8956
3960.800	1.8318
3961.700	1.7541
3962.600	1.6709
3963.500	1.5849
3964.400	1.4890
3965.300	1.3731
3966.200	1.2409
3967.100	1.0923
3968.000	0.9280
3968.900	0.7721
3969.800	0.6655
3970.700	0.6450
3971.600	0.7184
3972.500	0.8490
3973.400	0.9938
3974.300	1.1310
3975.200	1.2611
3976.100	1.3845
3977.000	1.4978
3977.900	1.6019
3978.800	1.6893
3979.700	1.7540
3980.600	1.8189
3981.500	1.8791
3982.400	1.9178
3983.300	1.9349
3984.200	1.9597
3985.100	2.0185
3986.000	2.0818
3986.900	2.1239
3987.800	2.1447
3988.700	2.1633
3989.600	2.1852
3990.500	2.1849
3991.400	2.1815
3992.300	2.2025
3993.200	2.2253
3994.100	2.2281
3995.000	2.2288
3995.900	2.2194
3996.800	2.2159
3997.700	2.2129
3998.600	2.2104
3999.500	2.2133
4000.400	2.2115
4001.300	2.2062
4002.200	2.1933
4003.100	2.1825
4004.000	2.1971
4004.900	2.2158
4005.800	2.2118
4006.700	2.2173
4007.600	2.2346
4008.500	2.2466
4009.400	2.2410
4010.300	2.2364
4011.200	2.2298
4012.100	2.1993
4013.000	2.1861
4013.900	2.2043
4014.800	2.2230
4015.700	2.2247
4016.600	2.2228
4017.500	2.2292
4018.400	2.2350
4019.300	2.2408
4020.200	2.2493
4021.100	2.2448
4022.000	2.2404
4022.900	2.2362
4023.800	2.2175
4024.700	2.1849
4025.600	2.1624
4026.500	2.1650
4027.400	2.1816
4028.300	2.1991
4029.200	2.2091
4030.100	2.2077
4031.000	2.2029
4031.900	2.2107
4032.800	2.2094
4033.700	2.1972
4034.600	2.1978
4035.500	2.2088
4036.400	2.2129
4037.300	2.2129
4038.200	2.2105
4039.100	2.2125
4040.000	2.2195
4040.900	2.2240
4041.800	2.2198
4042.700	2.2123
4043.600	2.1996
4044.500	2.1807
4045.400	2.1494
4046.300	2.1357
4047.200	2.1546
4048.100	2.1708
4049.000	2.1632
4049.900	2.1619
4050.800	2.1684
4051.700	2.1664
4052.600	2.1585
4053.500	2.1508
4054.400	2.1509
4055.300	2.1591
4056.200	2.1597
4057.100	2.1523
4058.000	2.1419
4058.900	2.1490
4059.800	2.1609
4060.700	2.1570
4061.600	2.1394
4062.500	2.1251
4063.400	2.1103
4064.300	2.1046
4065.200	2.1136
4066.100	2.1246
4067.000	2.1196
4067.900	2.1147
4068.800	2.1209
4069.700	2.1310
4070.600	2.1254
4071.500	2.1012
4072.400	2.0857
4073.300	2.0957
4074.200	2.1033
4075.100	2.0973
4076.000	2.0827
4076.900	2.0482
4077.800	2.0086
4078.700	2.0170
4079.600	2.0466
4080.500	2.0610
4081.400	2.0553
4082.300	2.0376
4083.200	2.0208
4084.100	2.0071
4085.000	1.9868
4085.900	1.9610
4086.800	1.9388
4087.700	1.9149
4088.600	1.8860
4089.500	1.8516
4090.400	1.7988
4091.300	1.7509
4092.200	1.6923
4093.100	1.6308
4094.000	1.5573
4094.900	1.4789
4095.800	1.3870
4096.700	1.2799
4097.600	1.1745
4098.500	1.0659
4099.400	0.9453
4100.300	0.8106
4101.200	0.6815
4102.100	0.6095
4103.000	0.6448
4103.900	0.7608
4104.800	0.8881
4105.700	1.0121
4106.600	1.1321
4107.500	1.2438
4108.400	1.3455
4109.300	1.4356
4110.200	1.5082
4111.100	1.5711
4112.000	1.6373
4112.900	1.7043
4113.800	1.7575
4114.700	1.8044
4115.600	1.8433
4116.500	1.8794
4117.400	1.9026
4118.300	1.9155
4119.200	1.9349
4120.100	1.9548
4121.000	1.9683
4121.900	1.9726
4122.800	1.9778
4123.700	1.9938
4124.600	2.0139
4125.500	2.0274
4126.400	2.0172
4127.300	1.9774
4128.200	1.9224
4129.100	1.9169
4130.000	1.9398
4130.900	1.9301
4131.800	1.9215
4132.700	1.9621
4133.600	2.0079
4134.500	2.0240
4135.400	2.0269
4136.300	2.0196
4137.200	2.0089
4138.100	2.0100
4139.000	2.0168
4139.900	2.0224
4140.800	2.0267
4141.700	2.0348
4142.600	2.0263
4143.500	2.0075
4144.400	1.9950
4145.300	1.9959
4146.200	2.0041
4147.100	2.0087
4148.000	2.0065
4148.900	1.9976
4149.800	1.9906
4150.700	1.9945
4151.600	2.0011
4152.500	2.0108
4153.400	2.0188
4154.300	2.0152
4155.200	2.0074
4156.100	2.0095
4157.000	2.0119
4157.900	2.0156
4158.800	2.0244
4159.700	2.0327
4160.600	2.0257
4161.500	2.0096
4162.400	2.0042
4163.300	1.9980
4164.200	1.9935
4165.100	2.0108
4166.000	2.0257
4166.900	2.0233
4167.800	2.0153
4168.700	2.0198
4169.600	2.0201
4170.500	2.0058
4171.400	1.9749
4172.300	1.9419
4173.200	1.9154
4174.100	1.9121
4175.000	1.9434
4175.900	1.9772
4176.800	1.9629
4177.700	1.9178
4178.600	1.8821
4179.500	1.8920
4180.400	1.9404
4181.300	1.9794
4182.200	1.9940
4183.100	1.9904
4184.000	1.9856
4184.900	1.9882
4185.800	1.9934
4186.700	1.9867
4187.600	1.9709
4188.500	1.9656
4189.400	1.9773
4190.300	1.9801
4191.200	1.9772
4192.100	1.9747
4193.000	1.9865
4193.900	1.9987
4194.800	1.9913
4195.700	1.9808
4196.600	1.9820
4197.500	1.9801
4198.400	1.9641
4199.300	1.9494
4200.200	1.9410
4201.100	1.9383
4202.000	1.9445
4202.900	1.9541
4203.800	1.9622
4204.700	1.9502
4205.600	1.9196
4206.500	1.9016
4207.400	1.9210
4208.300	1.9365
4209.200	1.9421
4210.100	1.9448
4211.000	1.9486
4211.900	1.9508
4212.800	1.9545
4213.700	1.9558
4214.600	1.9392
4215.500	1.9098
4216.400	1.9048
4217.300	1.9231
4218.200	1.9400
4219.100	1.9434
4220.000	1.9413
4220.900	1.9356
4221.800	1.9375
4222.700	1.9413
4223.600	1.9352
4224.500	1.9240
4225.400	1.9176
4226.300	1.9172
4227.200	1.9155
4228.100	1.9210
4229.000	1.9356
4229.900	1.9396
4230.800	1.9313
4231.700	1.9150
4232.600	1.8766
4233.500	1.8357
4234.400	1.8494
4235.300	1.8884
4236.200	1.9071
4237.100	1.9100
4238.000	1.9059
4238.900	1.8951
4239.800	1.8885
4240.700	1.8902
4241.600	1.8834
4242.500	1.8647
4243.400	1.8652
4244.300	1.8804
4245.200	1.8933
4246.100	1.9007
4247.000	1.9004
4247.900	1.8982
4248.800	1.9007
4249.700	1.8893
4250.600	1.8690
4251.500	1.8533
4252.400	1.8444
4253.300	1.8433
4254.200	1.8572
4255.100	1.8794
4256.000	1.8963
4256.900	1.8933
4257.800	1.8714
4258.700	1.8519
4259.600	1.8433
4260.500	1.8446
4261.400	1.8462
4262.300	1.8499
4263.200	1.8669
4264.100	1.8862
4265.000	1.8900
4265.900	1.8821
4266.800	1.8667
4267.700	1.8571
4268.600	1.8563
4269.500	1.8595
4270.400	1.8556
4271.300	1.8421
4272.200	1.8275
4273.100	1.8228
4274.000	1.8258
4274.900	1.8274
4275.800	1.8276
4276.700	1.8336
4277.600	1.8369
4278.500	1.8309
4279.400	1.8332
4280.300	1.8421
4281.200	1.8360
4282.100	1.8133
4283.000	1.7902
4283.900	1.7827
4284.800	1.7903
4285.700	1.8074
4286.600	1.8237
4287.500	1.8252
4288.400	1.8243
4289.300	1.8095
4290.200	1.7842
4291.100	1.7767
4292.000	1.7885
4292.900	1.7969
4293.800	1.7836
4294.700	1.7766
4295.600	1.7810
4296.500	1.7765
4297.400	1.7763
4298.300	1.7868
4299.200	1.7773
4300.100	1.7460
4301.000	1.7355
4301.900	1.7401
4302.800	1.7295
4303.700	1.7233
4304.600	1.7472
4305.500	1.7681
4306.400	1.7706
4307.300	1.7543
4308.200	1.7289
4309.100	1.7332
4310.000	1.7425
4310.900	1.7528
4311.800	1.7519
4312.700	1.7380
4313.600	1.7234
4314.500	1.7078
4315.400	1.7064
4316.300	1.7166
4317.200	1.7265
4318.100	1.7212
4319.000	1.7116
4319.900	1.7077
4320.800	1.6991
4321.700	1.6832
4322.600	1.6745
4323.500	1.6683
4324.400	1.6395
4325.300	1.5894
4326.200	1.5358
4327.100	1.5090
4328.000	1.5100
4328.900	1.5018
4329.800	1.4671
4330.700	1.4217
4331.600	1.3728
4332.500	1.3182
4333.400	1.2587
4334.300	1.1903
4335.200	1.1179
4336.100	1.0398
4337.000	0.9502
4337.900	0.8527
4338.800	0.7476
4339.700	0.6361
4340.600	0.5574
4341.500	0.5675
4342.400	0.6567
4343.300	0.7605
4344.200	0.8542
4345.100	0.9455
4346.000	1.0373
4346.900	1.1206
4347.800	1.1928
4348.700	1.2552
4349.600	1.3129
4350.500	1.3578
4351.400	1.3850
4352.300	1.4153
4353.200	1.4639
4354.100	1.5111
4355.000	1.5478
4355.900	1.5727
4356.800	1.5854
4357.700	1.5929
4358.600	1.6046
4359.500	1.6170
4360.400	1.6308
4361.300	1.6449
4362.200	1.6576
4363.100	1.6673
4364.000	1.6785
4364.900	1.6880
4365.800	1.6937
4366.700	1.6945
4367.600	1.6907
4368.500	1.6860
4369.400	1.6892
4370.300	1.6969
4371.200	1.7045
4372.100	1.7103
4373.000	1.7159
4373.900	1.7085
4374.800	1.6887
4375.700	1.6791
4376.600	1.6897
4377.500	1.7074
4378.400	1.7149
4379.300	1.7065
4380.200	1.6999
4381.100	1.7091
4382.000	1.7142
4382.900	1.6929
4383.800	1.6540
4384.700	1.6235
4385.600	1.6286
4386.500	1.6570
4387.400	1.6820
4388.300	1.6925
4389.200	1.6949
4390.100	1.6864
4391.000	1.6788
4391.900	1.6832
4392.800	1.6932
4393.700	1.6912
4394.600	1.6697
4395.500	1.6566
4396.400	1.6715
4397.300	1.6888
4398.200	1.6901
4399.100	1.6856
4400.000	1.6815
4400.900	1.6818
4401.800	1.6876
4402.700	1.6869
4403.600	1.6814
4404.500	1.6699
4405.400	1.6695
4406.300	1.6829
4407.200	1.6896
4408.100	1.6870
4409.000	1.6826
4409.900	1.6802
4410.800	1.6783
4411.700	1.6834
4412.600	1.6901
4413.500	1.6857
4414.400	1.6707
4415.300	1.6589
4416.200	1.6477
4417.100	1.6317
4418.000	1.6317
4418.900	1.6532
4419.800	1.6680
4420.700	1.6730
4421.600	1.6696
4422.500	1.6649
4423.400	1.6630
4424.300	1.6670
4425.200	1.6652
4426.100	1.6648
4427.000	1.6630
4427.900	1.6599
4428.800	1.6540
4429.700	1.6503
4430.600	1.6515
4431.500	1.6474
4432.400	1.6437
4433.300	1.6420
4434.200	1.6314
4435.100	1.6328
4436.000	1.6395
4436.900	1.6456
4437.800	1.6537
4438.700	1.6577
4439.600	1.6585
4440.500	1.6526
4441.400	1.6446
4442.300	1.6337
4443.200	1.6109
4444.100	1.5948
4445.000	1.6027
4445.900	1.6274
4446.800	1.6374
4447.700	1.6394
4448.600	1.6353
4449.500	1.6321
4450.400	1.6233
4451.300	1.6136
4452.200	1.6150
4453.100	1.6262
4454.000	1.6307
4454.900	1.6241
4455.800	1.6192
4456.700	1.6255
4457.600	1.6324
4458.500	1.6326
4459.400	1.6301
4460.300	1.6265
4461.200	1.6126
4462.100	1.6068
4463.000	1.6163
4463.900	1.6198
4464.800	1.6052
4465.700	1.6017
4466.600	1.6112
4467.500	1.6033
4468.400	1.5837
4469.300	1.5768
4470.200	1.5828
4471.100	1.5776
4472.000	1.5674
4472.900	1.5730
4473.800	1.5895
4474.700	1.6031
4475.600	1.6056
4476.500	1.6074
4477.400	1.6056
4478.300	1.5995
4479.200	1.5820
4480.100	1.5317
4481.000	1.4377
4481.900	1.3991
4482.800	1.4749
4483.700	1.5556
4484.600	1.5856
4485.500	1.5947
4486.400	1.5904
4487.300	1.5790
4488.200	1.5668
4489.100	1.5531
4490.000	1.5480
4490.900	1.5506
4491.800	1.5537
4492.700	1.5645
4493.600	1.5722
4494.500	1.5741
4495.400	1.5781
4496.300	1.5784
4497.200	1.5743
4498.100	1.5757
4499.000	1.5818
4499.900	1.5716
4500.800	1.5490
4501.700	1.5384
4502.600	1.5505
4503.500	1.5685
4504.400	1.5777
4505.300	1.5800
4506.200	1.5822
4507.100	1.5703
4508.000	1.5434
4508.900	1.5307
4509.800	1.5484
4510.700	1.5666
4511.600	1.5726
4512.500	1.5709
4513.400	1.5632
4514.300	1.5428
4515.200	1.5237
4516.100	1.5230
4517.000	1.5407
4517.900	1.5499
4518.800	1.5409
4519.700	1.5247
4520.600	1.5160
4521.500	1.5188
4522.400	1.5151
4523.300	1.5107
4524.200	1.5243
4525.100	1.5343
4526.000	1.5386
4526.900	1.5495
4527.800	1.5544
4528.700	1.5443
4529.600	1.5378
4530.500	1.5412
4531.400	1.5474
4532.300	1.5434
4533.200	1.5204
4534.100	1.4920
4535.000	1.4935
4535.900	1.5202
4536.800	1.5419
4537.700	1.5472
4538.600	1.5447
4539.500	1.5376
4540.400	1.5292
4541.300	1.5176
4542.200	1.5145
4543.100	1.5263
4544.000	1.5346
4544.900	1.5329
4545.800	1.5308
4546.700	1.5275
4547.600	1.5183
4548.500	1.4840
4549.400	1.4293
4550.300	1.4201
4551.200	1.4659
4552.100	1.5055
4553.000	1.5118
4553.900	1.4923
4554.800	1.4665
4555.700	1.4497
4556.600	1.4590
4557.500	1.4732
4558.400	1.4683
4559.300	1.4662
4560.200	1.4846
4561.100	1.5019
4562.000	1.5038
4562.900	1.4917
4563.800	1.4735
4564.700	1.4685
4565.600	1.4785
4566.500	1.4855
4567.400	1.4895
4568.300	1.4949
4569.200	1.4960
4570.100	1.4947
4571.000	1.4844
4571.900	1.4617
4572.800	1.4576
4573.700	1.4744
4574.600	1.4822
4575.500	1.4777
4576.400	1.4673
4577.300	1.4707
4578.200	1.4806
4579.100	1.4800
4580.000	1.4748
4580.900	1.4749
4581.800	1.4741
4582.700	1.4532
4583.600	1.4265
4584.500	1.4313
4585.400	1.4594
4586.300	1.4775
4587.200	1.4723
4588.100	1.4546
4589.000	1.4460
4589.900	1.4553
4590.800	1.4602
4591.700	1.4608
4592.600	1.4604
4593.500	1.4665
4594.400	1.4718
4595.300	1.4712
4596.200	1.4700
4597.100	1.4728
4598.000	1.4775
4598.900	1.4791
4599.800	1.4808
4600.700	1.4828
4601.600	1.4761
4602.500	1.4704
4603.400	1.4713
4604.300	1.4711
4605.200	1.4662
4606.100	1.4711
4607.000	1.4696
4607.900	1.4669
4608.800	1.4692
4609.700	1.4714
4610.600	1.4691
4611.500	1.4636
4612.400	1.4641
4613.300	1.4633
4614.200	1.4595
4615.100	1.4577
4616.000	1.4510
4616.900	1.4418
4617.800	1.4318
4618.700	1.4177
4619.600	1.4154
4620.500	1.4210
4621.400	1.4265
4622.300	1.4362
4623.200	1.4486
4624.100	1.4523
4625.000	1.4531
4625.900	1.4556
4626.800	1.4508
4627.700	1.4412
4628.600	1.4241
4629.500	1.4072
4630.400	1.4144
4631.300	1.4376
4632.200	1.4464
4633.100	1.4380
4634.000	1.4207
4634.900	1.4093
4635.800	1.4125
4636.700	1.4294
4637.600	1.4393
4638.500	1.4425
4639.400	1.4476
4640.300	1.4473
4641.200	1.4452
4642.100	1.4449
4643.000	1.4443
4643.900	1.4465
4644.800	1.4503
4645.700	1.4485
4646.600	1.4452
4647.500	1.4430
4648.400	1.4381
4649.300	1.4329
4650.200	1.4337
4651.100	1.4369
4652.000	1.4385
4652.900	1.4335
4653.800	1.4288
4654.700	1.4290
4655.600	1.4303
4656.500	1.4271
4657.400	1.4225
4658.300	1.4229
4659.200	1.4265
4660.100	1.4283
4661.000	1.4289
4661.900	1.4235
4662.800	1.4159
4663.700	1.4114
4664.600	1.4121
4665.500	1.4110
4666.400	1.4052
4667.300	1.3962
4668.200	1.3962
4669.100	1.4003
4670.000	1.4047
4670.900	1.4049
4671.800	1.4065
4672.700	1.4059
4673.600	1.4005
4674.500	1.3998
4675.400	1.4069
4676.300	1.4113
4677.200	1.4112
4678.100	1.4085
4679.000	1.4048
4679.900	1.4015
4680.800	1.4009
4681.700	1.3979
4682.600	1.3986
4683.500	1.4021
4684.400	1.4003
4685.300	1.3976
4686.200	1.3997
4687.100	1.4020
4688.000	1.4007
4688.900	1.3980
4689.800	1.3961
4690.700	1.3969
4691.600	1.3994
4692.500	1.3983
4693.400	1.3992
4694.300	1.4013
4695.200	1.4012
4696.100	1.3952
4697.000	1.3902
4697.900	1.3905
4698.800	1.3930
4699.700	1.3952
4700.600	1.3958
4701.500	1.3952
4702.400	1.3899
4703.300	1.3826
4704.200	1.3854
4705.100	1.3928
4706.000	1.3931
4706.900	1.3862
4707.800	1.3833
4708.700	1.3847
4709.600	1.3844
4710.500	1.3815
4711.400	1.3805
4712.300	1.3799
4713.200	1.3766
4714.100	1.3738
4715.000	1.3739
4715.900	1.3740
4716.800	1.3683
4717.700	1.3635
4718.600	1.3652
4719.500	1.3682
4720.400	1.3689
4721.300	1.3671
4722.200	1.3682
4723.100	1.3693
4724.000	1.3676
4724.900	1.3681
4725.800	1.3658
4726.700	1.3614
4727.600	1.3562
4728.500	1.3559
4729.400	1.3575
4730.300	1.3538
4731.200	1.3421
4732.100	1.3386
4733.000	1.3496
4733.900	1.3567
4734.800	1.3530
4735.700	1.3495
4736.600	1.3508
4737.500	1.3497
4738.400	1.3409
4739.300	1.3354
4740.200	1.3384
4741.100	1.3432
4742.000	1.3435
4742.900	1.3433
4743.800	1.3427
4744.700	1.3470
4745.600	1.3506
4746.500	1.3488
4747.400	1.3461
4748.300	1.3423
4749.200	1.3380
4750.100	1.3369
4751.000	1.3389
4751.900	1.3424
4752.800	1.3433
4753.700	1.3402
4754.600	1.3261
4755.500	1.3092
4756.400	1.3052
4757.300	1.3206
4758.200	1.3333
4759.100	1.3314
4760.000	1.3262
4760.900	1.3258
4761.800	1.3241
4762.700	1.3177
4763.600	1.3094
4764.500	1.2998
4765.400	1.2973
4766.300	1.3084
4767.200	1.3199
4768.100	1.3227
4769.000	1.3215
4769.900	1.3203
4770.800	1.3149
4771.700	1.3130
4772.600	1.3140
4773.500	1.3133
4774.400	1.3100
4775.300	1.3110
4776.200	1.3146
4777.100	1.3151
4778.000	1.3130
4778.900	1.3102
4779.800	1.3054
4780.700	1.3059
4781.600	1.3116
4782.500	1.3127
4783.400	1.3056
4784.300	1.2998
4785.200	1.2978
4786.100	1.2978
4787.000	1.2979
4787.900	1.3014
4788.800	1.3044
4789.700	1.3056
4790.600	1.3039
4791.500	1.2968
4792.400	1.2931
4793.300	1.2948
4794.200	1.2967
4795.100	1.2964
4796.000	1.2936
4796.900	1.2940
4797.800	1.2959
4798.700	1.2937
4799.600	1.2879
4800.500	1.2862
4801.400	1.2878
4802.300	1.2872
4803.200	1.2879
4804.100	1.2829
4805.000	1.2703
4805.900	1.2605
4806.800	1.2617
4807.700	1.2688
4808.600	1.2760
4809.500	1.2774
4810.400	1.2749
4811.300	1.2706
4812.200	1.2683
4813.100	1.2694
4814.000	1.2736
4814.900	1.2749
4815.800	1.2717
4816.700	1.2708
4817.600	1.2725
4818.500	1.2695
4819.400	1.2651
4820.300	1.2614
4821.200	1.2619
4822.100	1.2613
4823.000	1.2472
4823.900	1.2252
4824.800	1.2192
4825.700	1.2312
4826.600	1.2398
4827.500	1.2406
4828.400	1.2421
4829.300	1.2400
4830.200	1.2346
4831.100	1.2306
4832.000	1.2291
4832.900	1.2294
4833.800	1.2296
4834.700	1.2235
4835.600	1.2150
4836.500	1.2055
4837.400	1.2025
4838.300	1.2015
4839.200	1.1960
4840.100	1.1884
4841.000	1.1800
4841.900	1.1710
4842.800	1.1612
4843.700	1.1496
4844.600	1.1403
4845.500	1.1289
4846.400	1.1120
4847.300	1.0868
4848.200	1.0581
4849.100	1.0346
4850.000	1.0218
4850.900	1.0063
4851.800	0.9795
4852.700	0.9480
4853.600	0.9121
4854.500	0.8710
4855.400	0.8246
4856.300	0.7787
4857.200	0.7347
4858.100	0.6856
4859.000	0.6324
4859.900	0.5675
4860.800	0.4877
4861.700	0.4371
4862.600	0.4630
4863.500	0.5349
4864.400	0.6047
4865.300	0.6615
4866.200	0.7137
4867.100	0.7632
4868.000	0.8118
4868.900	0.8558
4869.800	0.8926
4870.700	0.9274
4871.600	0.9590
4872.500	0.9871
4873.400	1.0119
4874.300	1.0325
4875.200	1.0494
4876.100	1.0576
4877.000	1.0660
4877.900	1.0877
4878.800	1.1093
4879.700	1.1261
4880.600	1.1376
4881.500	1.1436
4882.400	1.1470
4883.300	1.1433
4884.200	1.1386
4885.100	1.1452
4886.000	1.1601
4886.900	1.1707
4887.800	1.1766
4888.700	1.1815
4889.600	1.1834
4890.500	1.1847
4891.400	1.1816
4892.300	1.1834
4893.200	1.1897
4894.100	1.1945
4895.000	1.1962
4895.900	1.1978
4896.800	1.1980
4897.700	1.1983
4898.600	1.1960
4899.500	1.1936
4900.400	1.1867
4901.300	1.1870
4902.200	1.1957
4903.100	1.1998
4904.000	1.1974
4904.900	1.2008
4905.800	1.2055
4906.700	1.2039
4907.600	1.2006
4908.500	1.2017
4909.400	1.1991
4910.300	1.1958
4911.200	1.1909
4912.100	1.1873
4913.000	1.1896
4913.900	1.1916
4914.800	1.1941
4915.700	1.1975
4916.600	1.1988
4917.500	1.1978
4918.400	1.1946
4919.300	1.1903
4920.200	1.1804
4921.100	1.1719
4922.000	1.1697
4922.900	1.1648
4923.800	1.1438
4924.700	1.1384
4925.600	1.1614
4926.500	1.1837
4927.400	1.1897
4928.300	1.1899
4929.200	1.1938
4930.100	1.1946
4931.000	1.1915
4931.900	1.1900
4932.800	1.1904
4933.700	1.1875
4934.600	1.1841
4935.500	1.1867
4936.400	1.1891
4937.300	1.1902
4938.200	1.1898
4939.100	1.1873
4940.000	1.1866
4940.900	1.1866
4941.800	1.1839
4942.700	1.1879
4943.600	1.1896
4944.500	1.1857
4945.400	1.1807
4946.300	1.1818
4947.200	1.1805
4948.100	1.1736
4949.000	1.1694
4949.900	1.1708
4950.800	1.1699
4951.700	1.1652
4952.600	1.1644
4953.500	1.1713
4954.400	1.1753
4955.300	1.1784
4956.200	1.1746
4957.100	1.1612
4958.000	1.1544
4958.900	1.1576
4959.800	1.1647
4960.700	1.1699
4961.600	1.1715
4962.500	1.1717
4963.400	1.1721
4964.300	1.1729
4965.200	1.1705
4966.100	1.1674
4967.000	1.1661
4967.900	1.1606
4968.800	1.1571
4969.700	1.1584
4970.600	1.1612
4971.500	1.1609
4972.400	1.1600
4973.300	1.1579
4974.200	1.1598
4975.100	1.1603
4976.000	1.1583
4976.900	1.1534
4977.800	1.1494
4978.700	1.1497
4979.600	1.1528
4980.500	1.1538
4981.400	1.1524
4982.300	1.1505
4983.200	1.1461
4984.100	1.1406
4985.000	1.1435
4985.900	1.1535
4986.800	1.1686
4987.700	1.1722
4988.600	1.1614
4989.500	1.1492
4990.400	1.1398
4991.300	1.1322
4992.200	1.1340
4993.100	1.1390
4994.000	1.1408
4994.900	1.1426
4995.800	1.1454
4996.700	1.1483
4997.600	1.1488
4998.500	1.1440
4999.400	1.1392
5000.300	1.1353
5001.200	1.1283
5002.100	1.1170
5003.000	1.1157
5003.900	1.1195
5004.800	1.1225
5005.700	1.1252
5006.600	1.1252
5007.500	1.1215
5008.400	1.1196
5009.300	1.1219
5010.200	1.1274
5011.100	1.1304
5012.000	1.1294
5012.900	1.1259
5013.800	1.1222
5014.700	1.1157
5015.600	1.1134
5016.500	1.1169
5017.400	1.1080
5018.300	1.0801
5019.200	1.0652
5020.100	1.0816
5021.000	1.1028
5021.900	1.1080
5022.800	1.1034
5023.700	1.1057
5024.600	1.1137
5025.500	1.1166
5026.400	1.1136
5027.300	1.1106
5028.200	1.1100
5029.100	1.1086
5030.000	1.1028
5030.900	1.0984
5031.800	1.0975
5032.700	1.0990
5033.600	1.1003
5034.500	1.1019
5035.400	1.0966
5036.300	1.0904
5037.200	1.0926
5038.100	1.0990
5039.000	1.1001
5039.900	1.0922
5040.800	1.0747
5041.700	1.0661
5042.600	1.0809
5043.500	1.0987
5044.400	1.1024
5045.300	1.0985
5046.200	1.0945
5047.100	1.0928
5048.000	1.0929
5048.900	1.0970
5049.800	1.0967
5050.700	1.0960
5051.600	1.0949
5052.500	1.0939
5053.400	1.0974
5054.300	1.0929
5055.200	1.0702
5056.100	1.0406
5057.000	1.0369
5057.900	1.0641
5058.800	1.0886
5059.700	1.0946
5060.600	1.0902
5061.500	1.0853
5062.400	1.0837
5063.300	1.0872
5064.200	1.0892
5065.100	1.0888
5066.000	1.0863
5066.900	1.0858
5067.800	1.0869
5068.700	1.0885
5069.600	1.0879
5070.500	1.0841
5071.400	1.0827
5072.300	1.0843
5073.200	1.0831
5074.100	1.0814
5075.000	1.0796
5075.900	1.0772
5076.800	1.0749
5077.700	1.0787
5078.600	1.0810
5079.500	1.0822
5080.400	1.0812
5081.300	1.0773
5082.200	1.0728
5083.100	1.0705
5084.000	1.0721
5084.900	1.0741
5085.800	1.0711
5086.700	1.0649
5087.600	1.0589
5088.500	1.0588
5089.400	1.0606
5090.300	1.0632
5091.200	1.0654
5092.100	1.0660
5093.000	1.0622
5093.900	1.0611
5094.800	1.0622
5095.700	1.0636
5096.600	1.0621
5097.500	1.0571
5098.400	1.0552
5099.300	1.0530
5100.200	1.0449
5101.100	1.0338
5102.000	1.0345
5102.900	1.0480
5103.800	1.0582
5104.700	1.0624
5105.600	1.0606
5106.500	1.0541
5107.400	1.0516
5108.300	1.0549
5109.200	1.0618
5110.100	1.0657
5111.000	1.0649
5111.900	1.0604
5112.800	1.0566
5113.700	1.0558
5114.600	1.0582
5115.500	1.0577
5116.400	1.0555
5117.300	1.0548
5118.200	1.0545
5119.100	1.0539
5120.000	1.0541
5120.900	1.0549
5121.800	1.0522
5122.700	1.0443
5123.600	1.0382
5124.500	1.0377
5125.400	1.0432
5126.300	1.0447
5127.200	1.0422
5128.100	1.0365
5129.000	1.0329
5129.900	1.0342
5130.800	1.0366
5131.700	1.0402
5132.600	1.0420
5133.500	1.0396
5134.400	1.0379
5135.300	1.0402
5136.200	1.0416
5137.100	1.0387
5138.000	1.0384
5138.900	1.0372
5139.800	1.0347
5140.700	1.0329
5141.600	1.0336
5142.500	1.0337
5143.400	1.0314
5144.300	1.0265
5145.200	1.0209
5146.100	1.0184
5147.000	1.0200
5147.900	1.0205
5148.800	1.0144
5149.700	1.0085
5150.600	1.0096
5151.500	1.0146
5152.400	1.0175
5153.300	1.0118
5154.200	1.0089
5155.100	1.0127
5156.000	1.0167
5156.900	1.0164
5157.800	1.0148
5158.700	1.0174
5159.600	1.0220
5160.500	1.0216
5161.400	1.0178
5162.300	1.0159
5163.200	1.0166
5164.100	1.0164
5165.000	1.0142
5165.900	1.0078
5166.800	0.9998
5167.700	0.9871
5168.600	0.9684
5169.500	0.9572
5170.400	0.9713
5171.300	0.9918
5172.200	0.9958
5173.100	0.9921
5174.000	1.0001
5174.900	1.0153
5175.800	1.0172
5176.700	1.0056
5177.600	0.9945
5178.500	0.9961
5179.400	1.0024
5180.300	1.0045
5181.200	1.0057
5182.100	1.0041
5183.000	0.9946
5183.900	0.9843
5184.800	0.9833
5185.700	0.9892
5186.600	0.9924
5187.500	0.9948
5188.400	0.9946
5189.300	0.9938
5190.200	0.9938
5191.100	0.9912
5192.000	0.9854
5192.900	0.9829
5193.800	0.9831
5194.700	0.9822
5195.600	0.9829
5196.500	0.9808
5197.400	0.9718
5198.300	0.9670
5199.200	0.9707
5200.100	0.9774
5201.000	0.9820
5201.900	0.9853
5202.800	0.9868
5203.700	0.9878
5204.600	0.9846
5205.500	0.9822
5206.400	0.9852
5207.300	0.9887
5208.200	0.9892
5209.100	0.9882
5210.000	0.9884
5210.900	0.9883
5211.800	0.9866
5212.700	0.9867
5213.600	0.9843
5214.500	0.9764
5215.400	0.9654
5216.300	0.9590
5217.200	0.9613
5218.100	0.9717
5219.000	0.9797
5219.900	0.9837
5220.800	0.9862
5221.700	0.9858
5222.600	0.9818
5223.500	0.9772
5224.400	0.9727
5225.300	0.9657
5226.200	0.9548
5227.100	0.9424
5228.000	0.9395
5228.900	0.9524
5229.800	0.9673
5230.700	0.9765
5231.600	0.9760
5232.500	0.9688
5233.400	0.9575
5234.300	0.9456
5235.200	0.9432
5236.100	0.9521
5237.000	0.9576
5237.900	0.9545
5238.800	0.9544
5239.700	0.9611
5240.600	0.9670
5241.500	0.9710
5242.400	0.9722
5243.300	0.9723
5244.200	0.9704
5245.100	0.9693
5246.000	0.9689
5246.900	0.9670
5247.800	0.9615
5248.700	0.9592
5249.600	0.9607
5250.500	0.9604
5251.400	0.9586
5252.300	0.9588
5253.200	0.9594
5254.100	0.9563
5255.000	0.9555
5255.900	0.9581
5256.800	0.9583
5257.700	0.9570
5258.600	0.9572
5259.500	0.9548
5260.400	0.9491
5261.300	0.9481
5262.200	0.9531
5263.100	0.9526
5264.000	0.9435
5264.900	0.9349
5265.800	0.9400
5266.700	0.9510
5267.600	0.9582
5268.500	0.9589
5269.400	0.9561
5270.300	0.9529
5271.200	0.9510
5272.100	0.9507
5273.000	0.9502
5273.900	0.9474
5274.800	0.9364
5275.700	0.9229
5276.600	0.9225
5277.500	0.9329
5278.400	0.9422
5279.300	0.9420
5280.200	0.9392
5281.100	0.9399
5282.000	0.9438
5282.900	0.9439
5283.800	0.9373
5284.700	0.9336
5285.600	0.9387
5286.500	0.9459
5287.400	0.9475
5288.300	0.9469
5289.200	0.9482
5290.100	0.9461
5291.000	0.9406
5291.900	0.9359
5292.800	0.9373
5293.700	0.9358
5294.600	0.9277
5295.500	0.9219
5296.400	0.9219
5297.300	0.9235
5298.200	0.9266
5299.100	0.9284
5300.000	0.9281
5300.900	0.9308
5301.800	0.9312
5302.700	0.9267
5303.600	0.9279
5304.500	0.9328
5305.400	0.9322
5306.300	0.9270
5307.200	0.9263
5308.100	0.9283
5309.000	0.9331
5309.900	0.9357
5310.800	0.9351
5311.700	0.9363
5312.600	0.9341
5313.500	0.9258
5314.400	0.9210
5315.300	0.9131
5316.200	0.8927
5317.100	0.8769
5318.000	0.8894
5318.900	0.9141
5319.800	0.9270
5320.700	0.9269
5321.600	0.9264
5322.500	0.9275
5323.400	0.9272
5324.300	0.9225
5325.200	0.9157
5326.100	0.9135
5327.000	0.9175
5327.900	0.9206
5328.800	0.9164
5329.700	0.9104
5330.600	0.9077
5331.500	0.9098
5332.400	0.9136
5333.300	0.9166
5334.200	0.9152
5335.100	0.9103
5336.000	0.9087
5336.900	0.9087
5337.800	0.9044
5338.700	0.9006
5339.600	0.8980
5340.500	0.8999
5341.400	0.9065
5342.300	0.9129
5343.200	0.9155
5344.100	0.9162
5345.000	0.9129
5345.900	0.9088
5346.800	0.9064
5347.700	0.9065
5348.600	0.9092
5349.500	0.9127
5350.400	0.9151
5351.300	0.9140
5352.200	0.9118
5353.100	0.9112
5354.000	0.9111
5354.900	0.9127
5355.800	0.9138
5356.700	0.9157
5357.600	0.9148
5358.500	0.9125
5359.400	0.9117
5360.300	0.9119
5361.200	0.9105
5362.100	0.9006
5363.000	0.8880
5363.900	0.8867
5364.800	0.8950
5365.700	0.9016
5366.600	0.9007
5367.500	0.9000
5368.400	0.9006
5369.300	0.8980
5370.200	0.8924
5371.100	0.8918
5372.000	0.8957
5372.900	0.8996
5373.800	0.9008
5374.700	0.8997
5375.600	0.8988
5376.500	0.8968
5377.400	0.8961
5378.300	0.8944
5379.200	0.8938
5380.100	0.8930
5381.000	0.8904
5381.900	0.8900
5382.800	0.8871
5383.700	0.8848
5384.600	0.8877
5385.500	0.8917
5386.400	0.8891
5387.300	0.8845
5388.200	0.8859
5389.100	0.8866
5390.000	0.8836
5390.900	0.8827
5391.800	0.8847
5392.700	0.8859
5393.600	0.8838
5394.500	0.8803
5395.400	0.8774
5396.300	0.8756
5397.200	0.8755
5398.100	0.8778
5399.000	0.8815
5399.900	0.8845
5400.800	0.8793
5401.700	0.8686
5402.600	0.8640
5403.500	0.8671
5404.400	0.8719
5405.300	0.8736
5406.200	0.8760
5407.100	0.8766
5408.000	0.8735
5408.900	0.8724
5409.800	0.8728
5410.700	0.8729
5411.600	0.8734
5412.500	0.8739
5413.400	0.8724
5414.300	0.8675
5415.200	0.8650
5416.100	0.8675
5417.000	0.8716
5417.900	0.8711
5418.800	0.8679
5419.700	0.8658
5420.600	0.8672
5421.500	0.8687
5422.400	0.8683
5423.300	0.8637
5424.200	0.8564
5425.100	0.8529
5426.000	0.8541
5426.900	0.8577
5427.800	0.8587
5428.700	0.8544
5429.600	0.8533
5430.500	0.8572
5431.400	0.8611
5432.300	0.8587
5433.200	0.8566
5434.100	0.8598
5435.000	0.8656
5435.900	0.8655
5436.800	0.8619
5437.700	0.8611
5438.600	0.8615
5439.500	0.8613
5440.400	0.8618
5441.300	0.8606
5442.200	0.8579
5443.100	0.8564
5444.000	0.8559
5444.900	0.8542
5445.800	0.8532
5446.700	0.8538
5447.600	0.8586
5448.500	0.8595
5449.400	0.8567
5450.300	0.8552
5451.200	0.8533
5452.100	0.8530
5453.000	0.8534
5453.900	0.8520
5454.800	0.8491
5455.700	0.8480
5456.600	0.8492
5457.500	0.8500
5458.400	0.8507
5459.300	0.8498
5460.200	0.8494
5461.100	0.8482
5462.000	0.8476
5462.900	0.8480
5463.800	0.8474
5464.700	0.8441
5465.600	0.8369
5466.500	0.8310
5467.400	0.8325
5468.300	0.8399
5469.200	0.8434
5470.100	0.8444
5471.000	0.8457
5471.900	0.8437
5472.800	0.8399
5473.700	0.8391
5474.600	0.8413
5475.500	0.8403
5476.400	0.8390
5477.300	0.8378
5478.200	0.8365
5479.100	0.8369
5480.000	0.8375
5480.900	0.8371
5481.800	0.8335
5482.700	0.8355
5483.600	0.8405
5484.500	0.8412
5485.400	0.8384
5486.300	0.8361
5487.200	0.8350
5488.100	0.8345
5489.000	0.8364
5489.900	0.8406
5490.800	0.8404
5491.700	0.8355
5492.600	0.8305
5493.500	0.8305
5494.400	0.8327
5495.300	0.8346
5496.200	0.8338
5497.100	0.8325
5498.000	0.8313
5498.900	0.8317
5499.800	0.8314
5500.700	0.8293
5501.600	0.8255
5502.500	0.8216
5503.400	0.8214
5504.300	0.8237
5505.200	0.8222
5506.100	0.8179
5507.000	0.8158
5507.900	0.8195
5508.800	0.8198
5509.700	0.8155
5510.600	0.8121
5511.500	0.8159
5512.400	0.8225
5513.300	0.8255
5514.200	0.8246
5515.100	0.8235
5516.000	0.8237
5516.900	0.8258
5517.800	0.8252
5518.700	0.8227
5519.600	0.8211
5520.500	0.8218
5521.400	0.8199
5522.300	0.8174
5523.200	0.8171
5524.100	0.8169
5525.000	0.8146
5525.900	0.8145
5526.800	0.8162
5527.700	0.8159
5528.600	0.8102
5529.500	0.8058
5530.400	0.8063
5531.300	0.8070
5532.200	0.8068
5533.100	0.8070
5534.000	0.8022
5534.900	0.7975
5535.800	0.7988
5536.700	0.8040
5537.600	0.8080
5538.500	0.8108
5539.400	0.8102
5540.300	0.8090
5541.200	0.8085
5542.100	0.8082
5543.000	0.8058
5543.900	0.8016
5544.800	0.7982
5545.700	0.7997
5546.600	0.8034
5547.500	0.8041
5548.400	0.8034
5549.300	0.8039
5550.200	0.8048
5551.100	0.8059
5552.000	0.8052
5552.900	0.8067
5553.800	0.8049
5554.700	0.8036
5555.600	0.8039
5556.500	0.8033
5557.400	0.8010
5558.300	0.7955
5559.200	0.7937
5560.100	0.7951
5561.000	0.7966
5561.900	0.7991
5562.800	0.8006
5563.700	0.7989
5564.600	0.7974
5565.500	0.7990
5566.400	0.7993
5567.300	0.7950
5568.200	0.7913
5569.100	0.7889
5570.000	0.7867
5570.900	0.7886
5571.800	0.7964
5572.700	0.7990
5573.600	0.7964
5574.500	0.7925
5575.400	0.7885
5576.300	0.7870
5577.200	0.7858
5578.100	0.7822
5579.000	0.7803
5579.900	0.7834
5580.800	0.7856
5581.700	0.7867
5582.600	0.7897
5583.500	0.7898
5584.400	0.7871
5585.300	0.7832
5586.200	0.7837
5587.100	0.7850
5588.000	0.7847
5588.900	0.7845
5589.800	0.7846
5590.700	0.7870
5591.600	0.7880
5592.500	0.7887
5593.400	0.7868
5594.300	0.7849
5595.200	0.7903
5596.100	0.7946
5597.000	0.7943
5597.900	0.7902
5598.800	0.7871
5599.700	0.7864
5600.600	0.7863
5601.500	0.7847
5602.400	0.7853
5603.300	0.7867
5604.200	0.7865
5605.100	0.7831
5606.000	0.7805
5606.900	0.7819
5607.800	0.7819
5608.700	0.7823
5609.600	0.7836
5610.500	0.7815
5611.400	0.7790
5612.300	0.7751
5613.200	0.7746
5614.100	0.7770
5615.000	0.7807
5615.900	0.7797
5616.800	0.7753
5617.700	0.7750
5618.600	0.7764
5619.500	0.7761
5620.400	0.7750
5621.300	0.7741
5622.200	0.7750
5623.100	0.7755
5624.000	0.7740
5624.900	0.7723
5625.800	0.7731
5626.700	0.7727
5627.600	0.7727
5628.500	0.7730
5629.400	0.7722
5630.300	0.7695
5631.200	0.7676
5632.100	0.7668
5633.000	0.7686
5633.900	0.7716
5634.800	0.7705
5635.700	0.7697
5636.600	0.7701
5637.500	0.7704
5638.400	0.7708
5639.300	0.7684
5640.200	0.7665
5641.100	0.7668
5642.000	0.7686
5642.900	0.7691
5643.800	0.7675
5644.700	0.7662
5645.600	0.7641
5646.500	0.7625
5647.400	0.7634
5648.300	0.7653
5649.200	0.7663
5650.100	0.7660
5651.000	0.7639
5651.900	0.7633
5652.800	0.7638
5653.700	0.7619
5654.600	0.7584
5655.500	0.7582
5656.400	0.7597
5657.300	0.7577
5658.200	0.7556
5659.100	0.7556
5660.000	0.7546
5660.900	0.7519
5661.800	0.7479
5662.700	0.7474
5663.600	0.7506
5664.500	0.7549
5665.400	0.7573
5666.300	0.7579
5667.200	0.7575
5668.100	0.7546
5669.000	0.7520
5669.900	0.7510
5670.800	0.7512
5671.700	0.7519
5672.600	0.7522
5673.500	0.7543
5674.400	0.7551
5675.300	0.7518
5676.200	0.7470
5677.100	0.7441
5678.000	0.7441
5678.900	0.7469
5679.800	0.7475
5680.700	0.7464
5681.600	0.7476
5682.500	0.7497
5683.400	0.7494
5684.300	0.7463
5685.200	0.7463
5686.100	0.7493
5687.000	0.7504
5687.900	0.7495
5688.800	0.7468
5689.700	0.7446
5690.600	0.7441
5691.500	0.7463
5692.400	0.7471
5693.300	0.7480
5694.200	0.7492
5695.100	0.7461
5696.000	0.7441
5696.900	0.7457
5697.800	0.7457
5698.700	0.7454
5699.600	0.7444
5700.500	0.7402
5701.400	0.7372
5702.300	0.7393
5703.200	0.7430
5704.100	0.7435
5705.000	0.7403
5705.900	0.7388
5706.800	0.7370
5707.700	0.7370
5708.600	0.7381
5709.500	0.7394
5710.400	0.7422
5711.300	0.7403
5712.200	0.7373
5713.100	0.7364
5714.000	0.7357
5714.900	0.7350
5715.800	0.7335
5716.700	0.7331
5717.600	0.7339
5718.500	0.7341
5719.400	0.7333
5720.300	0.7318
5721.200	0.7300
5722.100	0.7285
5723.000	0.7298
5723.900	0.7310
5724.800	0.7298
5725.700	0.7263
5726.600	0.7243
5727.500	0.7251
5728.400	0.7288
5729.300	0.7308
5730.200	0.7315
5731.100	0.7314
5732.000	0.7303
5732.900	0.7300
5733.800	0.7280
5734.700	0.7235
5735.600	0.7221
5736.500	0.7246
5737.400	0.7272
5738.300	0.7263
5739.200	0.7256
5740.100	0.7229
5741.000	0.7224
5741.900	0.7270
5742.800	0.7276
5743.700	0.7243
5744.600	0.7225
5745.500	0.7230
5746.400	0.7245
5747.300	0.7270
5748.200	0.7269
5749.100	0.7230
5750.000	0.7218
5750.900	0.7209
5751.800	0.7188
5752.700	0.7200
5753.600	0.7219
5754.500	0.7201
5755.400	0.7192
5756.300	0.7200
5757.200	0.7230
5758.100	0.7254
5759.000	0.7220
5759.900	0.7187
5760.800	0.7181
5761.700	0.7175
5762.600	0.7166
5763.500	0.7165
5764.400	0.7155
5765.300	0.7134
5766.200	0.7122
5767.100	0.7113
5768.000	0.7111
5768.900	0.7087
5769.800	0.7050
5770.700	0.7023
5771.600	0.7038
5772.500	0.7052
5773.400	0.7041
5774.300	0.7048
5775.200	0.7042
5776.100	0.7024
5777.000	0.7031
5777.900	0.7031
5778.800	0.6989
5779.700	0.6964
5780.600	0.6975
5781.500	0.6991
5782.400	0.6996
5783.300	0.6942
5784.200	0.6911
5785.100	0.6934
5786.000	0.6983
5786.900	0.7005
5787.800	0.6975
5788.700	0.6965
5789.600	0.6971
5790.500	0.6975
5791.400	0.6961
5792.300	0.6958
5793.200	0.6978
5794.100	0.6994
5795.000	0.6999
5795.900	0.6995
5796.800	0.7007
5797.700	0.7022
5798.600	0.6999
5799.500	0.7002
5800.400	0.7013
5801.300	0.7013
5802.200	0.6979
5803.100	0.6931
5804.000	0.6922
5804.900	0.6933
5805.800	0.6898
5806.700	0.6894
5807.600	0.6928
5808.500	0.6946
5809.400	0.6978
5810.300	0.6992
5811.200	0.6984
5812.100	0.6969
5813.000	0.6932
5813.900	0.6920
5814.800	0.6945
5815.700	0.6987
5816.600	0.6995
5817.500	0.7004
5818.400	0.7009
5819.300	0.6999
5820.200	0.7004
5821.100	0.6981
5822.000	0.6952
5822.900	0.6966
5823.800	0.6969
5824.700	0.6971
5825.600	0.6974
5826.500	0.6969
5827.400	0.6957
5828.300	0.6945
5829.200	0.6955
5830.100	0.6976
5831.000	0.6979
5831.900	0.6965
5832.800	0.6957
5833.700	0.6980
5834.600	0.6980
5835.500	0.6959
5836.400	0.6949
5837.300	0.6957
5838.200	0.6961
5839.100	0.6953
5840.000	0.6940
5840.900	0.6920
5841.800	0.6889
5842.700	0.6873
5843.600	0.6877
5844.500	0.6902
5845.400	0.6909
5846.300	0.6916
5847.200	0.6891
5848.100	0.6833
5849.000	0.6822
5849.900	0.6837
5850.800	0.6849
5851.700	0.6854
5852.600	0.6831
5853.500	0.6810
5854.400	0.6808
5855.300	0.6827
5856.200	0.6822
5857.100	0.6792
5858.000	0.6766
5858.900	0.6771
5859.800	0.6778
5860.700	0.6782
5861.600	0.6808
5862.500	0.6817
5863.400	0.6784
5864.300	0.6753
5865.200	0.6769
5866.100	0.6785
5867.000	0.6805
5867.900	0.6820
5868.800	0.6803
5869.700	0.6786
5870.600	0.6779
5871.500	0.6751
5872.400	0.6742
5873.300	0.6759
5874.200	0.6752
5875.100	0.6702
5876.000	0.6674
5876.900	0.6685
5877.800	0.6732
5878.700	0.6762
5879.600	0.6747
5880.500	0.6736
5881.400	0.6741
5882.300	0.6715
5883.200	0.6689
5884.100	0.6671
5885.000	0.6654
5885.900	0.6647
5886.800	0.6658
5887.700	0.6639
5888.600	0.6534
5889.500	0.6356
5890.400	0.6334
5891.300	0.6505
5892.200	0.6632
5893.100	0.6653
5894.000	0.6635
5894.900	0.6538
5895.800	0.6435
5896.700	0.6491
5897.600	0.6629
5898.500	0.6672
5899.400	0.6657
5900.300	0.6621
5901.200	0.6599
5902.100	0.6602
5903.000	0.6618
5903.900	0.6645
5904.800	0.6642
5905.700	0.6610
5906.600	0.6627
5907.500	0.6657
5908.400	0.6663
5909.300	0.6644
5910.200	0.6620
5911.100	0.6608
5912.000	0.6626
5912.900	0.6634
5913.800	0.6608
5914.700	0.6574
5915.600	0.6568
5916.500	0.6575
5917.400	0.6598
5918.300	0.6590
5919.200	0.6588
5920.100	0.6585
5921.000	0.6565
5921.900	0.6562
5922.800	0.6556
5923.700	0.6534
5924.600	0.6517
5925.500	0.6520
5926.400	0.6548
5927.300	0.6558
5928.200	0.6553
5929.100	0.6539
5930.000	0.6537
5930.900	0.6536
5931.800	0.6528
5932.700	0.6525
5933.600	0.6545
5934.500	0.6564
5935.400	0.6572
5936.300	0.6535
5937.200	0.6527
5938.100	0.6552
5939.000	0.6560
5939.900	0.6540
5940.800	0.6483
5941.700	0.6436
5942.600	0.6429
5943.500	0.6442
5944.400	0.6472
5945.300	0.6492
5946.200	0.6481
5947.100	0.6480
5948.000	0.6486
5948.900	0.6451
5949.800	0.6434
5950.700	0.6446
5951.600	0.6450
5952.500	0.6467
5953.400	0.6484
5954.300	0.6479
5955.200	0.6420
5956.100	0.6360
5957.000	0.6332
5957.900	0.6328
5958.800	0.6366
5959.700	0.6403
5960.600	0.6378
5961.500	0.6347
5962.400	0.6352
5963.300	0.6368
5964.200	0.6360
5965.100	0.6347
5966.000	0.6377
5966.900	0.6394
5967.800	0.6365
5968.700	0.6387
5969.600	0.6426
5970.500	0.6449
5971.400	0.6444
5972.300	0.6418
5973.200	0.6383
5974.100	0.6355
5975.000	0.6368
5975.900	0.6379
5976.800	0.6323
5977.700	0.6252
5978.600	0.6229
5979.500	0.6276
5980.400	0.6331
5981.300	0.6373
5982.200	0.6388
5983.100	0.6374
5984.000	0.6360
5984.900	0.6360
5985.800	0.6352
5986.700	0.6341
5987.600	0.6331
5988.500	0.6316
5989.400	0.6313
5990.300	0.6310
5991.200	0.6294
5992.100	0.6300
5993.000	0.6319
5993.900	0.6316
5994.800	0.6323
5995.700	0.6327
5996.600	0.6302
5997.500	0.6320
5998.400	0.6313
5999.300	0.6278
6000.200	0.6290
6001.100	0.6301
6002.000	0.6282
6002.900	0.6274
6003.800	0.6289
6004.700	0.6294
6005.600	0.6274
6006.500	0.6269
6007.400	0.6308
6008.300	0.6330
6009.200	0.6297
6010.100	0.6262
6011.000	0.6254
6011.900	0.6287
6012.800	0.6289
6013.700	0.6259
6014.600	0.6261
6015.500	0.6280
6016.400	0.6258
6017.300	0.6240
6018.200	0.6248
6019.100	0.6243
6020.000	0.6223
6020.900	0.6232
6021.800	0.6236
6022.700	0.6218
6023.600	0.6206
6024.500	0.6200
6025.400	0.6194
6026.300	0.6198
6027.200	0.6196
6028.100	0.6199
6029.000	0.6214
6029.900	0.6215
6030.800	0.6185
6031.700	0.6179
6032.600	0.6205
6033.500	0.6193
6034.400	0.6167
6035.300	0.6167
6036.200	0.6147
6037.100	0.6126
6038.000	0.6137
6038.900	0.6165
6039.800	0.6147
6040.700	0.6137
6041.600	0.6149
6042.500	0.6118
6043.400	0.6078
6044.300	0.6066
6045.200	0.6078
6046.100	0.6088
6047.000	0.6105
6047.900	0.6125
6048.800	0.6131
6049.700	0.6123
6050.600	0.6128
6051.500	0.6129
6052.400	0.6114
6053.300	0.6114
6054.200	0.6117
6055.100	0.6107
6056.000	0.6094
6056.900	0.6087
6057.800	0.6070
6058.700	0.6049
6059.600	0.6058
6060.500	0.6064
6061.400	0.6070
6062.300	0.6062
6063.200	0.6054
6064.100	0.6059
6065.000	0.6050
6065.900	0.6028
6066.800	0.6020
6067.700	0.6013
6068.600	0.5981
6069.500	0.5970
6070.400	0.5984
6071.300	0.5971
6072.200	0.5971
6073.100	0.5993
6074.000	0.6002
6074.900	0.5996
6075.800	0.5989
6076.700	0.5978
6077.600	0.5976
6078.500	0.6004
6079.400	0.6024
6080.300	0.6010
6081.200	0.5988
6082.100	0.5973
6083.000	0.5962
6083.900	0.5942
6084.800	0.5946
6085.700	0.5968
6086.600	0.5974
6087.500	0.5961
6088.400	0.5950
6089.300	0.5946
6090.200	0.5959
6091.100	0.5958
6092.000	0.5970
6092.900	0.5998
6093.800	0.5989
6094.700	0.5970
6095.600	0.5944
6096.500	0.5937
6097.400	0.5952
6098.300	0.5954
6099.200	0.5939
6100.100	0.5928
6101.000	0.5959
6101.900	0.5933
6102.800	0.5925
6103.700	0.5909
6104.600	0.5915
6105.500	0.5938
6106.400	0.5939
6107.300	0.5927
6108.200	0.5906
6109.100	0.5897
6110.000	0.5894
6110.900	0.5914
6111.800	0.5914
6112.700	0.5882
6113.600	0.5860
6114.500	0.5854
6115.400	0.5861
6116.300	0.5869
6117.200	0.5877
6118.100	0.5869
6119.000	0.5877
6119.900	0.5895
6120.800	0.5859
6121.700	0.5803
6122.600	0.5796
6123.500	0.5851
6124.400	0.5864
6125.300	0.5825
6126.200	0.5828
6127.100	0.5871
6128.000	0.5853
6128.900	0.5810
6129.800	0.5818
6130.700	0.5805
6131.600	0.5787
6132.500	0.5814
6133.400	0.5867
6134.300	0.5910
6135.200	0.5898
6136.100	0.5874
6137.000	0.5862
6137.900	0.5861
6138.800	0.5856
6139.700	0.5838
6140.600	0.5812
6141.500	0.5806
6142.400	0.5836
6143.300	0.5826
6144.200	0.5788
6145.100	0.5766
6146.000	0.5762
6146.900	0.5741
6147.800	0.5695
6148.700	0.5703
6149.600	0.5727
6150.500	0.5747
6151.400	0.5770
6152.300	0.5777
6153.200	0.5771
6154.100	0.5770
6155.000	0.5769
6155.900	0.5766
6156.800	0.5761
6157.700	0.5772
6158.600	0.5772
6159.500	0.5769
6160.400	0.5780
6161.300	0.5806
6162.200	0.5804
6163.100	0.5777
6164.000	0.5785
6164.900	0.5775
6165.800	0.5725
6166.700	0.5716
6167.600	0.5748
6168.500	0.5765
6169.400	0.5744
6170.300	0.5735
6171.200	0.5744
6172.100	0.5715
6173.000	0.5696
6173.900	0.5701
6174.800	0.5700
6175.700	0.5683
6176.600	0.5670
6177.500	0.5666
6178.400	0.5650
6179.300	0.5644
6180.200	0.5672
6181.100	0.5683
6182.000	0.5683
6182.900	0.5680
6183.800	0.5657
6184.700	0.5645
6185.600	0.5660
6186.500	0.5652
6187.400	0.5637
6188.300	0.5627
6189.200	0.5651
6190.100	0.5673
6191.000	0.5664
6191.900	0.5654
6192.800	0.5659
6193.700	0.5664
6194.600	0.5668
6195.500	0.5638
6196.400	0.5606
6197.300	0.5606
6198.200	0.5626
6199.100	0.5615
6200.000	0.5602
6200.900	0.5603
6201.800	0.5585
6202.700	0.5571
6203.600	0.5594
6204.500	0.5579
6205.400	0.5576
6206.300	0.5634
6207.200	0.5651
6208.100	0.5615
6209.000	0.5605
6209.900	0.5630
6210.800	0.5649
6211.700	0.5626
6212.600	0.5613
6213.500	0.5620
6214.400	0.5638
6215.300	0.5649
6216.200	0.5655
6217.100	0.5647
6218.000	0.5645
6218.900	0.5646
6219.800	0.5666
6220.700	0.5669
6221.600	0.5654
6222.500	0.5644
6223.400	0.5660
6224.300	0.5642
6225.200	0.5636
6226.100	0.5636
6227.000	0.5633
6227.900	0.5645
6228.800	0.5668
6229.700	0.5666
6230.600	0.5641
6231.500	0.5612
6232.400	0.5595
6233.300	0.5602
6234.200	0.5623
6235.100	0.5635
6236.000	0.5661
6236.900	0.5666
6237.800	0.5624
6238.700	0.5561
6239.600	0.5571
6240.500	0.5585
6241.400	0.5616
6242.300	0.5627
6243.200	0.5637
6244.100	0.5615
6245.000	0.5612
6245.900	0.5622
6246.800	0.5578
6247.700	0.5517
6248.600	0.5516
6249.500	0.5534
6250.400	0.5527
6251.300	0.5523
6252.200	0.5545
6253.100	0.5542
6254.000	0.5515
6254.900	0.5514
6255.800	0.5519
6256.700	0.5488
6257.600	0.5459
6258.500	0.5465
6259.400	0.5455
6260.300	0.5460
6261.200	0.5441
6262.100	0.5412
6263.000	0.5409
6263.900	0.5429
6264.800	0.5422
6265.700	0.5409
6266.600	0.5398
6267.500	0.5365
6268.400	0.5343
6269.300	0.5326
6270.200	0.5321
6271.100	0.5341
6272.000	0.5355
6272.900	0.5361
6273.800	0.5354
6274.700	0.5359
6275.600	0.5368
6276.500	0.5351
6277.400	0.5304
6278.300	0.5302
6279.200	0.5325
6280.100	0.5321
6281.000	0.5293
6281.900	0.5292
6282.800	0.5308
6283.700	0.5315
6284.600	0.5314
6285.500	0.5314
6286.400	0.5335
6287.300	0.5336
6288.200	0.5335
6289.100	0.5339
6290.000	0.5325
6290.900	0.5314
6291.800	0.5311
6292.700	0.5316
6293.600	0.5332
6294.500	0.5351
6295.400	0.5372
6296.300	0.5370
6297.200	0.5342
6298.100	0.5318
6299.000	0.5329
6299.900	0.5374
6300.800	0.5404
6301.700	0.5386
6302.600	0.5342
6303.500	0.5356
6304.400	0.5377
6305.300	0.5348
6306.200	0.5341
6307.100	0.5347
6308.000	0.5351
6308.900	0.5359
6309.800	0.5385
6310.700	0.5374
6311.600	0.5338
6312.500	0.5352
6313.400	0.5364
6314.300	0.5334
6315.200	0.5322
6316.100	0.5360
6317.000	0.5359
6317.900	0.5334
6318.800	0.5325
6319.700	0.5310
6320.600	0.5315
6321.500	0.5349
6322.400	0.5388
6323.300	0.5371
6324.200	0.5319
6325.100	0.5300
6326.000	0.5339
6326.900	0.5382
6327.800	0.5363
6328.700	0.5344
6329.600	0.5370
6330.500	0.5358
6331.400	0.5327
6332.300	0.5296
6333.200	0.5273
6334.100	0.5291
6335.000	0.5322
6335.900	0.5315
6336.800	0.5314
6337.700	0.5313
6338.600	0.5291
6339.500	0.5267
6340.400	0.5265
6341.300	0.5254
6342.200	0.5247
6343.100	0.5229
6344.000	0.5204
6344.900	0.5163
6345.800	0.5011
6346.700	0.4850
6347.600	0.4890
6348.500	0.5072
6349.400	0.5177
6350.300	0.5180
6351.200	0.5167
6352.100	0.5173
6353.000	0.5169
6353.900	0.5159
6354.800	0.5143
6355.700	0.5144
6356.600	0.5129
6357.500	0.5115
6358.400	0.5122
6359.300	0.5135
6360.200	0.5139
6361.100	0.5137
6362.000	0.5129
6362.900	0.5112
6363.800	0.5099
6364.700	0.5107
6365.600	0.5106
6366.500	0.5092
6367.400	0.5100
6368.300	0.5098
6369.200	0.5076
6370.100	0.5003
6371.000	0.4920
6371.900	0.4957
6372.800	0.5059
6373.700	0.5124
6374.600	0.5133
6375.500	0.5137
6376.400	0.5151
6377.300	0.5136
6378.200	0.5111
6379.100	0.5106
6380.000	0.5123
6380.900	0.5143
6381.800	0.5130
6382.700	0.5102
6383.600	0.5083
6384.500	0.5063
6385.400	0.5049
6386.300	0.5055
6387.200	0.5096
6388.100	0.5115
6389.000	0.5095
6389.900	0.5084
6390.800	0.5096
6391.700	0.5095
6392.600	0.5079
6393.500	0.5059
6394.400	0.5064
6395.300	0.5071
6396.200	0.5070
6397.100	0.5069
6398.000	0.5059
6398.900	0.5047
6399.800	0.5035
6400.700	0.5056
6401.600	0.5070
6402.500	0.5067
6403.400	0.5070
6404.300	0.5091
6405.200	0.5077
6406.100	0.5046
6407.000	0.5055
6407.900	0.5060
6408.800	0.5046
6409.700	0.5045
6410.600	0.5044
6411.500	0.5044
6412.400	0.5055
6413.300	0.5065
6414.200	0.5081
6415.100	0.5086
6416.000	0.5048
6416.900	0.5012
6417.800	0.5005
6418.700	0.5021
6419.600	0.5032
6420.500	0.5016
6421.400	0.5010
6422.300	0.5036
6423.200	0.5071
6424.100	0.5077
6425.000	0.5061
6425.900	0.5043
6426.800	0.5031
6427.700	0.5036
6428.600	0.5034
6429.500	0.5035
6430.400	0.5026
6431.300	0.4994
6432.200	0.4977
6433.100	0.4985
6434.000	0.4988
6434.900	0.4996
6435.800	0.5010
6436.700	0.5019
6437.600	0.5016
6438.500	0.4994
6439.400	0.4967
6440.300	0.4951
6441.200	0.4950
6442.100	0.4944
6443.000	0.4933
6443.900	0.4944
6444.800	0.4944
6445.700	0.4920
6446.600	0.4895
6447.500	0.4888
6448.400	0.4911
6449.300	0.4930
6450.200	0.4921
6451.100	0.4905
6452.000	0.4908
6452.900	0.4913
6453.800	0.4889
6454.700	0.4848
6455.600	0.4781
6456.500	0.4734
6457.400	0.4775
6458.300	0.4854
6459.200	0.4897
6460.100	0.4900
6461.000	0.4887
6461.900	0.4879
6462.800	0.4881
6463.700	0.4882
6464.600	0.4889
6465.500	0.4890
6466.400	0.4859
6467.300	0.4831
6468.200	0.4833
6469.100	0.4826
6470.000	0.4820
6470.900	0.4845
6471.800	0.4841
6472.700	0.4822
6473.600	0.4806
6474.500	0.4772
6475.400	0.4730
6476.300	0.4728
6477.200	0.4766
6478.100	0.4781
6479.000	0.4777
6479.900	0.4764
6480.800	0.4743
6481.700	0.4738
6482.600	0.4745
6483.500	0.4742
6484.400	0.4736
6485.300	0.4748
6486.200	0.4749
6487.100	0.4732
6488.000	0.4736
6488.900	0.4740
6489.800	0.4738
6490.700	0.4733
6491.600	0.4719
6492.500	0.4699
6493.400	0.4707
6494.300	0.4714
6495.200	0.4707
6496.100	0.4700
6497.000	0.4691
6497.900	0.4702
6498.800	0.4734
6499.700	0.4742
6500.600	0.4735
6501.500	0.4738
6502.400	0.4739
6503.300	0.4709
6504.200	0.4694
6505.100	0.4699
6506.000	0.4720
6506.900	0.4723
6507.800	0.4714
6508.700	0.4731
6509.600	0.4756
6510.500	0.4732
6511.400	0.4691
6512.300	0.4687
6513.200	0.4694
6514.100	0.4668
6515.000	0.4635
6515.900	0.4604
6516.800	0.4592
6517.700	0.4636
6518.600	0.4668
6519.500	0.4649
6520.400	0.4636
6521.300	0.4655
6522.200	0.4663
6523.100	0.4646
6524.000	0.4612
6524.900	0.4620
6525.800	0.4632
6526.700	0.4626
6527.600	0.4611
6528.500	0.4579
6529.400	0.4553
6530.300	0.4555
6531.200	0.4588
6532.100	0.4568
6533.000	0.4520
6533.900	0.4477
6534.800	0.4454
6535.700	0.4461
6536.600	0.4466
6537.500	0.4450
6538.400	0.4445
6539.300	0.4425
6540.200	0.4409
6541.100	0.4390
6542.000	0.4348
6542.900	0.4294
6543.800	0.4243
6544.700	0.4215
6545.600	0.4191
6546.500	0.4133
6547.400	0.4092
6548.300	0.4044
6549.200	0.3997
6550.100	0.3953
6551.000	0.3880
6551.900	0.3818
6552.800	0.3760
6553.700	0.3685
6554.600	0.3599
6555.500	0.3510
6556.400	0.3394
6557.300	0.3261
6558.200	0.3147
6559.100	0.3041
6560.000	0.2905
6560.900	0.2670
6561.800	0.2296
6562.700	0.2009
6563.600	0.2169
6564.500	0.2588
6565.400	0.2884
6566.300	0.3056
6567.200	0.3177
6568.100	0.3274
6569.000	0.3376
6569.900	0.3486
6570.800	0.3568
6571.700	0.3659
6572.600	0.3730
6573.500	0.3786
6574.400	0.3862
6575.300	0.3931
6576.200	0.3996
6577.100	0.4033
6578.000	0.4076
6578.900	0.4138
6579.800	0.4160
6580.700	0.4153
6581.600	0.4160
6582.500	0.4207
6583.400	0.4248
6584.300	0.4271
6585.200	0.4296
6586.100	0.4315
6587.000	0.4324
6587.900	0.4353
6588.800	0.4355
6589.700	0.4354
6590.600	0.4373
6591.500	0.4395
6592.400	0.4404
6593.300	0.4411
6594.200	0.4398
6595.100	0.4387
6596.000	0.4388
6596.900	0.4400
6597.800	0.4401
6598.700	0.4419
6599.600	0.4427
6600.500	0.4415
6601.400	0.4389
6602.300	0.4401
6603.200	0.4432
6604.100	0.4460
6605.000	0.4471
6605.900	0.4457
6606.800	0.4435
6607.700	0.4413
6608.600	0.4430
6609.500	0.4445
6610.400	0.4406
6611.300	0.4421
6612.200	0.4459
6613.100	0.4437
6614.000	0.4420
6614.900	0.4430
6615.800	0.4431
6616.700	0.4447
6617.600	0.4442
6618.500	0.4441
6619.400	0.4458
6620.300	0.4450
6621.200	0.4438
6622.100	0.4420
6623.000	0.4398
6623.900	0.4428
6624.800	0.4434
6625.700	0.4422
6626.600	0.4408
6627.500	0.4400
6628.400	0.4394
6629.300	0.4388
6630.200	0.4386
6631.100	0.4392
6632.000	0.4396
6632.900	0.4394
6633.800	0.4388
6634.700	0.4410
6635.600	0.4403
6636.500	0.4380
6637.400	0.4367
6638.300	0.4368
6639.200	0.4382
6640.100	0.4397
6641.000	0.4391
6641.900	0.4392
6642.800	0.4397
6643.700	0.4407
6644.600	0.4414
6645.500	0.4416
6646.400	0.4412
6647.300	0.4410
6648.200	0.4409
6649.100	0.4393
6650.000	0.4383
6650.900	0.4387
6651.800	0.4379
6652.700	0.4383
6653.600	0.4374
6654.500	0.4364
6655.400	0.4374
6656.300	0.4366
6657.200	0.4360
6658.100	0.4354
6659.000	0.4337
6659.900	0.4349
6660.800	0.4375
6661.700	0.4391
6662.600	0.4385
6663.500	0.4372
6664.400	0.4365
6665.300	0.4360
6666.200	0.4342
6667.100	0.4327
6668.000	0.4329
6668.900	0.4336
6669.800	0.4354
6670.700	0.4360
6671.600	0.4338
6672.500	0.4316
6673.400	0.4317
6674.300	0.4313
6675.200	0.4310
6676.100	0.4321
6677.000	0.4324
6677.900	0.4312
6678.800	0.4323
6679.700	0.4338
6680.600	0.4325
6681.500	0.4305
6682.400	0.4288
6683.300	0.4283
6684.200	0.4281
6685.100	0.4292
6686.000	0.4319
6686.900	0.4315
6687.800	0.4318
6688.700	0.4326
6689.600	0.4325
6690.500	0.4330
6691.400	0.4326
6692.300	0.4301
6693.200	0.4291
6694.100	0.4306
6695.000	0.4313
6695.900	0.4304
6696.800	0.4283
6697.700	0.4271
6698.600	0.4275
6699.500	0.4264
6700.400	0.4280
6701.300	0.4304
6702.200	0.4325
6703.100	0.4330
6704.000	0.4303
6704.900	0.4281
6705.800	0.4291
6706.700	0.4291
6707.600	0.4299
6708.500	0.4314
6709.400	0.4308
6710.300	0.4295
6711.200	0.4284
6712.100	0.4283
6713.000	0.4284
6713.900	0.4269
6714.800	0.4257
6715.700	0.4262
6716.600	0.4274
6717.500	0.4276
6718.400	0.4275
6719.300	0.4288
6720.200	0.4297
6721.100	0.4295
6722.000	0.4304
6722.900	0.4309
6723.800	0.4291
6724.700	0.4278
6725.600	0.4271
6726.500	0.4272
6727.400	0.4276
6728.300	0.4271
6729.200	0.4269
6730.100	0.4258
6731.000	0.4249
6731.900	0.4254
6732.800	0.4242
6733.700	0.4228
6734.600	0.4207
6735.500	0.4197
6736.400	0.4213
6737.300	0.4243
6738.200	0.4246
6739.100	0.4221
6740.000	0.4204
6740.900	0.4214
6741.800	0.4237
6742.700	0.4243
6743.600	0.4218
6744.500	0.4195
6745.400	0.4201
6746.300	0.4211
6747.200	0.4222
6748.100	0.4232
6749.000	0.4238
6749.900	0.4232
6750.800	0.4201
6751.700	0.4196
6752.600	0.4221
6753.500	0.4226
6754.400	0.4217
6755.300	0.4212
6756.200	0.4213
6757.100	0.4203
6758.000	0.4184
6758.900	0.4182
6759.800	0.4191
6760.700	0.4208
6761.600	0.4201
6762.500	0.4162
6763.400	0.4126
6764.300	0.4126
6765.200	0.4150
6766.100	0.4152
6767.000	0.4151
6767.900	0.4149
6768.800	0.4145
6769.700	0.4135
6770.600	0.4144
6771.500	0.4157
6772.400	0.4156
6773.300	0.4156
6774.200	0.4149
6775.100	0.4148
6776.000	0.4135
6776.900	0.4119
6777.800	0.4120
6778.700	0.4127
6779.600	0.4119
6780.500	0.4105
6781.400	0.4099
6782.300	0.4109
6783.200	0.4138
6784.100	0.4138
6785.000	0.4118
6785.900	0.4119
6786.800	0.4139
6787.700	0.4144
6788.600	0.4136
6789.500	0.4146
6790.400	0.4167
6791.300	0.4167
6792.200	0.4142
6793.100	0.4122
6794.000	0.4129
6794.900	0.4136
6795.800	0.4139
6796.700	0.4144
6797.600	0.4164
6798.500	0.4141
6799.400	0.4114
6800.300	0.4098
6801.200	0.4095
6802.100	0.4097
6803.000	0.4113
6803.900	0.4144
6804.800	0.4164
6805.700	0.4167
6806.600	0.4159
6807.500	0.4154
6808.400	0.4142
6809.300	0.4127
6810.200	0.4116
6811.100	0.4109
6812.000	0.4112
6812.900	0.4101
6813.800	0.4097
6814.700	0.4110
6815.600	0.4113
6816.500	0.4101
6817.400	0.4071
6818.300	0.4058
6819.200	0.4060
6820.100	0.4056
6821.000	0.4065
6821.900	0.4065
6822.800	0.4049
6823.700	0.4047
6824.600	0.4069
6825.500	0.4054
6826.400	0.4042
6827.300	0.4016
6828.200	0.4001
6829.100	0.4022
6830.000	0.4020
6830.900	0.4016
6831.800	0.4000
6832.700	0.4004
6833.600	0.4019
6834.500	0.4044
6835.400	0.4053
6836.300	0.4029
6837.200	0.4019
6838.100	0.4020
6839.000	0.4027
6839.900	0.4030
6840.800	0.4012
6841.700	0.3998
6842.600	0.3991
6843.500	0.3992
6844.400	0.4010
6845.300	0.4002
6846.200	0.4003
6847.100	0.4025
6848.000	0.4024
6848.900	0.3998
6849.800	0.3990
6850.700	0.3992
6851.600	0.3997
6852.500	0.4002
6853.400	0.4008
6854.300	0.4008
6855.200	0.4002
6856.100	0.4011
6857.000	0.3996
6857.900	0.3980
6858.800	0.3996
6859.700	0.4016
6860.600	0.4015
6861.500	0.3997
6862.400	0.3992
6863.300	0.3995
6864.200	0.3975
6865.100	0.3980
6866.000	0.4023
6866.900	0.4051
6867.800	0.3973
6868.700	0.3901
6869.600	0.3914
6870.500	0.3918
6871.400	0.3919
6872.300	0.3981
6873.200	0.3981
6874.100	0.3985
6875.000	0.3965
6875.900	0.3949
6876.800	0.3926
6877.700	0.3946
6878.600	0.3970
6879.500	0.3932
6880.400	0.3949
6881.300	0.3961
6882.200	0.3952
6883.100	0.3934
6884.000	0.3903
6884.900	0.3951
6885.800	0.3926
6886.700	0.3890
6887.600	0.3945
6888.500	0.3953
6889.400	0.3851
6890.300	0.3842
6891.200	0.3923
6892.100	0.3921
6893.000	0.3843
6893.900	0.3836
6894.800	0.3891
6895.700	0.3912
6896.600	0.3865
6897.500	0.3861
6898.400	0.3917
6899.300	0.3930
6900.200	0.3870
6901.100	0.3835
6902.000	0.3874
6902.900	0.3934
6903.800	0.3924
6904.700	0.3857
6905.600	0.3822
6906.500	0.3850
6907.400	0.3884
6908.300	0.3871
6909.200	0.3836
6910.100	0.3834
6911.000	0.3848
6911.900	0.3864
6912.800	0.3865
6913.700	0.3836
6914.600	0.3834
6915.500	0.3857
6916.400	0.3850
6917.300	0.3844
6918.200	0.3826
6919.100	0.3812
6920.000	0.3841
6920.900	0.3851
6921.800	0.3836
6922.700	0.3827
6923.600	0.3808
6924.500	0.3815
6925.400	0.3858
6926.300	0.3860
6927.200	0.3831
6928.100	0.3832
6929.000	0.3849
6929.900	0.3851
6930.800	0.3851
6931.700	0.3842
6932.600	0.3815
6933.500	0.3808
6934.400	0.3819
6935.300	0.3820
6936.200	0.3838
6937.100	0.3855
6938.000	0.3847
6938.900	0.3831
6939.800	0.3821
6940.700	0.3828
6941.600	0.3839
6942.500	0.3842
6943.400	0.3851
6944.300	0.3847
6945.200	0.3835
6946.100	0.3824
6947.000	0.3821
6947.900	0.3828
6948.800	0.3825
6949.700	0.3824
6950.600	0.3842
6951.500	0.3848
6952.400	0.3847
6953.300	0.3844
6954.200	0.3833
6955.100	0.3813
6956.000	0.3791
6956.900	0.3779
6957.800	0.3775
6958.700	0.3776
6959.600	0.3769
6960.500	0.3759
6961.400	0.3753
6962.300	0.3761
6963.200	0.3788
6964.100	0.3792
6965.000	0.3785
6965.900	0.3784
6966.800	0.3783
6967.700	0.3783
6968.600	0.3780
6969.500	0.3758
6970.400	0.3746
6971.300	0.3764
6972.200	0.3772
6973.100	0.3753
6974.000	0.3751
6974.900	0.3762
6975.800	0.3748
6976.700	0.3731
6977.600	0.3743
6978.500	0.3762
6979.400	0.3772
6980.300	0.3763
6981.200	0.3768
6982.100	0.3765
6983.000	0.3750
6983.900	0.3748
6984.800	0.3749
6985.700	0.3739
6986.600	0.3723
6987.500	0.3717
6988.400	0.3725
6989.300	0.3716
6990.200	0.3708
6991.100	0.3728
6992.000	0.3766
6992.900	0.3773
6993.800	0.3759
6994.700	0.3744
6995.600	0.3743
6996.500	0.3741
6997.400	0.3747
6998.300	0.3736
6999.200	0.3722
7000.100	0.3738
7001.000	0.3752
7001.900	0.3739
7002.800	0.3746
7003.700	0.3753
7004.600	0.3716
7005.500	0.3699
7006.400	0.3733
7007.300	0.3736
7008.200	0.3725
7009.100	0.3706
7010.000	0.3702
7010.900	0.3696
7011.800	0.3695
7012.700	0.3711
7013.600	0.3741
7014.500	0.3756
7015.400	0.3737
7016.300	0.3696
7017.200	0.3686
7018.100	0.3717
7019.000	0.3726
7019.900	0.3725
7020.800	0.3725
7021.700	0.3724
7022.600	0.3720
7023.500	0.3719
7024.400	0.3733
7025.300	0.3717
7026.200	0.3697
7027.100	0.3694
7028.000	0.3696
7028.900	0.3718
7029.800	0.3726
7030.700	0.3726
7031.600	0.3720
7032.500	0.3703
7033.400	0.3696
7034.300	0.3699
7035.200	0.3709
7036.100	0.3710
7037.000	0.3708
7037.900	0.3715
7038.800	0.3727
7039.700	0.3731
7040.600	0.3738
7041.500	0.3744
7042.400	0.3740
7043.300	0.3736
7044.200	0.3753
7045.100	0.3766
7046.000	0.3772
7046.900	0.3779
7047.800	0.3801
7048.700	0.3781
7049.600	0.3753
7050.500	0.3756
7051.400	0.3743
7052.300	0.3735
7053.200	0.3722
7054.100	0.3708
7055.000	0.3723
7055.900	0.3748
7056.800	0.3727
7057.700	0.3722
7058.600	0.3724
7059.500	0.3698
7060.400	0.3696
7061.300	0.3711
7062.200	0.3741
7063.100	0.3765
7064.000	0.3783
7064.900	0.3799
7065.800	0.3773
7066.700	0.3735
7067.600	0.3720
7068.500	0.3743
7069.400	0.3775
7070.300	0.3785
7071.200	0.3744
7072.100	0.3739
7073.000	0.3749
7073.900	0.3741
7074.800	0.3719
7075.700	0.3716
7076.600	0.3720
7077.500	0.3702
7078.400	0.3670
7079.300	0.3670
7080.200	0.3669
7081.100	0.3676
7082.000	0.3682
7082.900	0.3670
7083.800	0.3653
7084.700	0.3624
7085.600	0.3588
7086.500	0.3554
7087.400	0.3517
7088.300	0.3484
7089.200	0.3499
7090.100	0.3508
7091.000	0.3488
7091.900	0.3447
7092.800	0.3436
7093.700	0.3439
7094.600	0.3421
7095.500	0.3407
7096.400	0.3390
7097.300	0.3353
7098.200	0.3378
7099.100	0.3598
7100.000	0.3646
7100.900	0.3648
7101.800	0.3664
7102.700	0.3674
7103.600	0.3677
7104.500	0.3674
7105.400	0.3674
7106.300	0.3669
7107.200	0.3658
7108.100	0.3643
7109.000	0.3629
7109.900	0.3619
7110.800	0.3611
7111.700	0.3601
7112.600	0.3599
7113.500	0.3610
7114.400	0.3624
7115.300	0.3620
7116.200	0.3623
7117.100	0.3618
7118.000	0.3614
7118.900	0.3617
7119.800	0.3610
7120.700	0.3629
7121.600	0.3647
7122.500	0.3648
7123.400	0.3641
7124.300	0.3623
7125.200	0.3606
7126.100	0.3592
7127.000	0.3614
7127.900	0.3656
7128.800	0.3678
7129.700	0.3673
7130.600	0.3660
7131.500	0.3650
7132.400	0.3654
7133.300	0.3663
7134.200	0.3654
7135.100	0.3637
7136.000	0.3635
7136.900	0.3639
7137.800	0.3637
7138.700	0.3631
7139.600	0.3623
7140.500	0.3603
7141.400	0.3590
7142.300	0.3585
7143.200	0.3591
7144.100	0.3602
7145.000	0.3611
7145.900	0.3632
7146.800	0.3648
7147.700	0.3641
7148.600	0.3619
7149.500	0.3605
7150.400	0.3601
7151.300	0.3602
7152.200	0.3607
7153.100	0.3606
7154.000	0.3596
7154.900	0.3606
7155.800	0.3606
7156.700	0.3590
7157.600	0.3583
7158.500	0.3594
7159.400	0.3603
7160.300	0.3612
7161.200	0.3626
7162.100	0.3632
7163.000	0.3632
7163.900	0.3631
7164.800	0.3616
7165.700	0.3612
7166.600	0.3621
7167.500	0.3607
7168.400	0.3591
7169.300	0.3598
7170.200	0.3608
7171.100	0.3603
7172.000	0.3605
7172.900	0.3613
7173.800	0.3634
7174.700	0.3663
7175.600	0.3651
7176.500	0.3629
7177.400	0.3639
7178.300	0.3658
7179.200	0.3639
7180.100	0.3611
7181.000	0.3612
7181.900	0.3632
7182.800	0.3643
7183.700	0.3627
7184.600	0.3621
7185.500	0.3656
7186.400	0.3674
7187.300	0.3671
7188.200	0.3676
7189.100	0.3657
7190.000	0.3636
7190.900	0.3640
7191.800	0.3656
7192.700	0.3681
7193.600	0.3664
7194.500	0.3643
7195.400	0.3631
7196.300	0.3618
7197.200	0.3615
7198.100	0.3610
7199.000	0.3619
7199.900	0.3637
7200.800	0.3644
7201.700	0.3664
7202.600	0.3661
7203.500	0.3635
7204.400	0.3619
7205.300	0.3619
7206.200	0.3619
7207.100	0.3644
7208.000	0.3652
7208.900	0.3635
7209.800	0.3622
7210.700	0.3636
7211.600	0.3658
7212.500	0.3661
7213.400	0.3657
7214.300	0.3660
7215.200	0.3666
7216.100	0.3651
7217.000	0.3630
7217.900	0.3639
7218.800	0.3669
7219.700	0.3690
7220.600	0.3680
7221.500	0.3661
7222.400	0.3651
7223.300	0.3657
7224.200	0.3669
7225.100	0.3679
7226.000	0.3683
7226.900	0.3681
7227.800	0.3671
7228.700	0.3653
7229.600	0.3649
7230.500	0.3641
7231.400	0.3631
7232.300	0.3636
7233.200	0.3654
7234.100	0.3664
7235.000	0.3661
7235.900	0.3666
7236.800	0.3667
7237.700	0.3661
7238.600	0.3661
7239.500	0.3650
7240.400	0.3632
7241.300	0.3627
7242.200	0.3622
7243.100	0.3611
7244.000	0.3615
7244.900	0.3626
7245.800	0.3618
7246.700	0.3601
7247.600	0.3594
7248.500	0.3602
7249.400	0.3622
7250.300	0.3633
7251.200	0.3636
7252.100	0.3639
7253.000	0.3644
7253.900	0.3648
7254.800	0.3635
7255.700	0.3614
7256.600	0.3604
7257.500	0.3608
7258.400	0.3616
7259.300	0.3616
7260.200	0.3608
7261.100	0.3599
7262.000	0.3600
7262.900	0.3603
7263.800	0.3595
7264.700	0.3588
7265.600	0.3586
7266.500	0.3583
7267.400	0.3579
7268.300	0.3573
7269.200	0.3564
7270.100	0.3550
7271.000	0.3538
7271.900	0.3536
7272.800	0.3548
7273.700	0.3576
7274.600	0.3573
7275.500	0.3551
7276.400	0.3552
7277.300	0.3560
7278.200	0.3567
7279.100	0.3567
7280.000	0.3563
7280.900	0.3567
7281.800	0.3564
7282.700	0.3557
7283.600	0.3562
7284.500	0.3571
7285.400	0.3567
7286.300	0.3548
7287.200	0.3517
7288.100	0.3493
7289.000	0.3490
7289.900	0.3485
7290.800	0.3478
7291.700	0.3473
7292.600	0.3451
7293.500	0.3442
7294.400	0.3456
7295.300	0.3464
7296.200	0.3469
7297.100	0.3472
7298.000	0.3481
7298.900	0.3506
7299.800	0.3529
7300.700	0.3533
7301.600	0.3536
7302.500	0.3546
7303.400	0.3559
7304.300	0.3567
7305.200	0.3576
7306.100	0.3575
7307.000	0.3552
7307.900	0.3530
7308.800	0.3532
7309.700	0.3538
7310.600	0.3539
7311.500	0.3539
7312.400	0.3540
7313.300	0.3535
7314.200	0.3527
7315.100	0.3505
7316.000	0.3496
7316.900	0.3515
7317.800	0.3523
7318.700	0.3507
7319.600	0.3485
7320.500	0.3475
7321.400	0.3483
7322.300	0.3480
7323.200	0.3455
7324.100	0.3431
7325.000	0.3428
7325.900	0.3438
7326.800	0.3445
7327.700	0.3443
7328.600	0.3428
7329.500	0.3419
7330.400	0.3407
7331.300	0.3401
7332.200	0.3423
7333.100	0.3447
7334.000	0.3454
7334.900	0.3455
7335.800	0.3447
7336.700	0.3436
7337.600	0.3421
7338.500	0.3415
7339.400	0.3412
7340.300	0.3408
7341.200	0.3413
7342.100	0.3422
7343.000	0.3427
7343.900	0.3432
7344.800	0.3436
7345.700	0.3434
7346.600	0.3432
7347.500	0.3427
7348.400	0.3434
7349.300	0.3433
7350.200	0.3429
7351.100	0.3432
7352.000	0.3417
7352.900	0.3397
7353.800	0.3395
7354.700	0.3402
7355.600	0.3394
7356.500	0.3392
7357.400	0.3398
7358.300	0.3398
7359.200	0.3400
7360.100	0.3411
7361.000	0.3410
7361.900	0.3409
7362.800	0.3410
7363.700	0.3410
7364.600	0.3396
7365.500	0.3375
7366.400	0.3355
7367.300	0.3345
7368.200	0.3345
7369.100	0.3337
7370.000	0.3322
7370.900	0.3315
7371.800	0.3321
7372.700	0.3328
7373.600	0.3324
7374.500	0.3329
7375.400	0.3342
7376.300	0.3339
7377.200	0.3336
7378.100	0.3324
7379.000	0.3324
7379.900	0.3335
7380.800	0.3323
7381.700	0.3291
7382.600	0.3272
7383.500	0.3257
7384.400	0.3247
7385.300	0.3238
7386.200	0.3231
7387.100	0.3219
7388.000	0.3220
7388.900	0.3230
7389.800	0.3241
7390.700	0.3251
7391.600	0.3248
7392.500	0.3238
7393.400	0.3237
7394.300	0.3242
7395.200	0.3236
7396.100	0.3230
7397.000	0.3226
7397.900	0.3225
7398.800	0.3222
7399.700	0.3224
7400.600	0.3222
7401.500	0.3224
7402.400	0.3229
7403.300	0.3222
7404.200	0.3217
7405.100	0.3224
7406.000	0.3242
7406.900	0.3258
7407.800	0.3282
7408.700	0.3309
7409.600	0.3330
7410.500	0.3333
7411.400	0.3312
7412.300	0.2696
7413.200	0.0621
7414.100	0.0013
7415.000	0.0000
7415.900	0.0000
7416.800	0.0000
7417.700	0.0000
7418.600	0.0000
7419.500	0.0000
7420.400	0.0000
7421.300	0.0000
7422.200	0.0000
7423.100	0.0000
7424.000	0.0000
7424.900	0.0000
7425.800	0.0000
7426.700	0.0000
7427.600	0.0000
7428.500	0.0000
