3500.0000 0
3500.9000 0
3501.8000 0
3502.7000 0
3503.6000 0
3504.5000 0
3505.4000 0
3506.3000 0
3507.2000 0
3508.1000 0
3509.0000 0
3509.9000 0
3510.8000 0
3511.7000 0
3512.6000 0
3513.5000 0
3514.4000 0
3515.3000 0
3516.2000 0
3517.1000 0
3518.0000 0
3518.9000 0
3519.8000 0
3520.7000 0
3521.6000 0
3522.5000 0
3523.4000 0
3524.3000 0
3525.2000 0
3526.1000 0
3527.0000 0
3527.9000 0
3528.8000 0
3529.7000 0
3530.6000 0
3531.5000 0
3532.4000 0
3533.3000 0
3534.2000 0
3535.1000 0
3536.0000 1.85072112
3536.9000 1.85150087
3537.8000 1.86970484
3538.7000 1.87775648
3539.6000 1.87262297
3540.5000 1.865659
3541.4000 1.84628332
3542.3000 1.83358932
3543.2000 1.82997584
3544.1000 1.830513
3545.0000 1.84317565
3545.9000 1.84285188
3546.8000 1.85631824
3547.7000 1.85098493
3548.6000 1.82638133
3549.5000 1.81962752
3550.4000 1.81265652
3551.3000 1.81226027
3552.2000 1.83777857
3553.1000 1.8479079
3554.0000 1.83271146
3554.9000 1.82494676
3555.8000 1.82253373
3556.7000 1.81965292
3557.6000 1.81865704
3558.5000 1.8323766
3559.4000 1.83720016
3560.3000 1.80870748
3561.2000 1.78917634
3562.1000 1.79594362
3563.0000 1.81334114
3563.9000 1.80638576
3564.8000 1.79179251
3565.7000 1.77204466
3566.6000 1.76352775
3567.5000 1.76785719
3568.4000 1.75104797
3569.3000 1.75359213
3570.2000 1.77807748
3571.1000 1.81564057
3572.0000 1.82572699
3572.9000 1.80791593
3573.8000 1.78988445
3574.7000 1.79160357
3575.6000 1.77821398
3576.5000 1.74264801
3577.4000 1.73672009
3578.3000 1.76033318
3579.2000 1.79452384
3580.1000 1.81216788
3581.0000 1.7839272
3581.9000 1.78907347
3582.8000 1.80823922
3583.7000 1.79960608
3584.6000 1.7934407
3585.5000 1.81146479
3586.4000 1.80313265
3587.3000 1.75635338
3588.2000 1.75616395
3589.1000 1.77736807
3590.0000 1.78130317
3590.9000 1.76920247
3591.8000 1.74957347
3592.7000 1.73839331
3593.6000 1.73233092
3594.5000 1.72115302
3595.4000 1.70451963
3596.3000 1.69474709
3597.2000 1.69437575
3598.1000 1.70040154
3599.0000 1.71468914
3599.9000 1.71435761
3600.8000 1.70023859
3601.7000 1.70865524
3602.6000 1.72874427
3603.5000 1.74234343
3604.4000 1.73516154
3605.3000 1.71587574
3606.2000 1.69977176
3607.1000 1.69689214
3608.0000 1.71967471
3608.9000 1.71386373
3609.8000 1.66155207
3610.7000 1.64132023
3611.6000 1.65199304
3612.5000 1.68022048
3613.4000 1.69420612
3614.3000 1.69116771
3615.2000 1.69332719
3616.1000 1.70901906
3617.0000 1.70690548
3617.9000 1.6937443
3618.8000 1.68193948
3619.7000 1.66597128
3620.6000 1.65986788
3621.5000 1.6576401
3622.4000 1.66762567
3623.3000 1.66988385
3624.2000 1.66459489
3625.1000 1.66347301
3626.0000 1.65303004
3626.9000 1.67099917
3627.8000 1.67443967
3628.7000 1.66509664
3629.6000 1.66170752
3630.5000 1.65237939
3631.4000 1.64025927
3632.3000 1.63841009
3633.2000 1.63602471
3634.1000 1.64316046
3635.0000 1.64689541
3635.9000 1.63648748
3636.8000 1.62698126
3637.7000 1.63503468
3638.6000 1.6590265
3639.5000 1.66941893
3640.4000 1.66255891
3641.3000 1.65887773
3642.2000 1.65697849
3643.1000 1.63896942
3644.0000 1.62405527
3644.9000 1.63694108
3645.8000 1.66845715
3646.7000 1.67686129
3647.6000 1.6653651
3648.5000 1.64964461
3649.4000 1.63014901
3650.3000 1.63163614
3651.2000 1.64564216
3652.1000 1.65335786
3653.0000 1.64861453
3653.9000 1.6443007
3654.8000 1.63508272
3655.7000 1.61328137
3656.6000 1.61567283
3657.5000 1.63919258
3658.4000 1.63994253
3659.3000 1.61365783
3660.2000 1.60180223
3661.1000 1.61782336
3662.0000 1.62881601
3662.9000 1.6196847
3663.8000 1.61523044
3664.7000 1.63155198
3665.6000 1.6217674
3666.5000 1.59836173
3667.4000 1.58903849
3668.3000 1.58024633
3669.2000 1.57037354
3670.1000 1.57905972
3671.0000 1.61539674
3671.9000 1.63986325
3672.8000 1.65033579
3673.7000 1.643466
3674.6000 1.62659347
3675.5000 1.62152159
3676.4000 1.62324548
3677.3000 1.61061502
3678.2000 1.59891617
3679.1000 1.60853946
3680.0000 1.61737478
3680.9000 1.60062861
3681.8000 1.59821141
3682.7000 1.5916425
3683.6000 1.57194412
3684.5000 1.54241788
3685.4000 1.5348742
3686.3000 1.5514214
3687.2000 1.57755268
3688.1000 1.5918051
3689.0000 1.58349383
3689.9000 1.55993497
3690.8000 1.55645156
3691.7000 1.56572676
3692.6000 1.5517509
3693.5000 1.54807329
3694.4000 1.55923617
3695.3000 1.55984008
3696.2000 1.54407787
3697.1000 1.54013085
3698.0000 1.56207466
3698.9000 1.58976996
3699.8000 1.6025753
3700.7000 1.59655929
3701.6000 1.58515966
3702.5000 1.56504107
3703.4000 1.53064275
3704.3000 1.53250575
3705.2000 1.56699824
3706.1000 1.57988656
3707.0000 1.58538985
3707.9000 1.58622801
3708.8000 1.56499004
3709.7000 1.53227854
3710.6000 1.49639857
3711.5000 1.48153925
3712.4000 1.4942919
3713.3000 1.53811395
3714.2000 1.59303713
3715.1000 1.61995018
3716.0000 1.62440372
3716.9000 1.62141228
3717.8000 1.59971368
3718.7000 1.5518229
3719.6000 1.48426151
3720.5000 1.41153479
3721.4000 1.38035285
3722.3000 1.41410708
3723.2000 1.47503424
3724.1000 1.55297935
3725.0000 1.62492752
3725.9000 1.66035295
3726.8000 1.68720293
3727.7000 1.71780014
3728.6000 1.70037639
3729.5000 1.63510764
3730.4000 1.57286966
3731.3000 1.50391126
3732.2000 1.40543866
3733.1000 1.32244408
3734.0000 1.28294027
3734.9000 1.31212461
3735.8000 1.4021138
3736.7000 1.5079329
3737.6000 1.62258744
3738.5000 1.71638381
3739.4000 1.77379191
3740.3000 1.80076289
3741.2000 1.81909716
3742.1000 1.80803418
3743.0000 1.77952468
3743.9000 1.76360321
3744.8000 1.71555066
3745.7000 1.64008117
3746.6000 1.54344618
3747.5000 1.41257679
3748.4000 1.28732657
3749.3000 1.21977317
3750.2000 1.21685648
3751.1000 1.29587126
3752.0000 1.42182958
3752.9000 1.55206013
3753.8000 1.66825128
3754.7000 1.75861597
3755.6000 1.82154262
3756.5000 1.87575316
3757.4000 1.91449368
3758.3000 1.9072473
3759.2000 1.90606022
3760.1000 1.92859066
3761.0000 1.92590559
3761.9000 1.90267169
3762.8000 1.8642801
3763.7000 1.7981385
3764.6000 1.71747625
3765.5000 1.64292812
3766.4000 1.55084455
3767.3000 1.42766082
3768.2000 1.30264211
3769.1000 1.18769193
3770.0000 1.12532687
3770.9000 1.16048193
3771.8000 1.26866269
3772.7000 1.38894725
3773.6000 1.51444852
3774.5000 1.6319164
3775.4000 1.72589087
3776.3000 1.81378758
3777.2000 1.89008927
3778.1000 1.95446599
3779.0000 2.01630354
3779.9000 2.06046891
3780.8000 2.07973528
3781.7000 2.08555651
3782.6000 2.09681511
3783.5000 2.12310719
3784.4000 2.15115547
3785.3000 2.14788675
3786.2000 2.12391353
3787.1000 2.09838891
3788.0000 2.06476736
3788.9000 2.03193569
3789.8000 1.97539401
3790.7000 1.90039313
3791.6000 1.81020153
3792.5000 1.70048618
3793.4000 1.58677936
3794.3000 1.45561171
3795.2000 1.30660272
3796.1000 1.16174722
3797.0000 1.06451845
3797.9000 1.06167889
3798.8000 1.16395628
3799.7000 1.30987835
3800.6000 1.44409847
3801.5000 1.56953251
3802.4000 1.69227934
3803.3000 1.79391193
3804.2000 1.88627732
3805.1000 1.95485568
3806.0000 2.01341581
3806.9000 2.06209803
3807.8000 2.09331179
3808.7000 2.12577868
3809.6000 2.15302777
3810.5000 2.18564653
3811.4000 2.21038198
3812.3000 2.19957566
3813.2000 2.18966651
3814.1000 2.20564008
3815.0000 2.21095514
3815.9000 2.20659637
3816.8000 2.193223
3817.7000 2.1660583
3818.6000 2.12684631
3819.5000 2.10646319
3820.4000 2.12749243
3821.3000 2.15694213
3822.2000 2.16776299
3823.1000 2.13978672
3824.0000 2.08797908
3824.9000 2.05999351
3825.8000 2.02790165
3826.7000 1.96168816
3827.6000 1.88504517
3828.5000 1.80575883
3829.4000 1.73233008
3830.3000 1.6533736
3831.2000 1.53196847
3832.1000 1.38475752
3833.0000 1.23762643
3833.9000 1.09458649
3834.8000 1.01456583
3835.7000 1.05788887
3836.6000 1.18650138
3837.5000 1.32242811
3838.4000 1.44605756
3839.3000 1.5737654
3840.2000 1.6854527
3841.1000 1.76859593
3842.0000 1.83221209
3842.9000 1.88263845
3843.8000 1.93501675
3844.7000 2.00221348
3845.6000 2.06107473
3846.5000 2.09869409
3847.4000 2.12320471
3848.3000 2.13376474
3849.2000 2.1527071
3850.1000 2.176265
3851.0000 2.20187116
3851.9000 2.21892953
3852.8000 2.22858047
3853.7000 2.23803091
3854.6000 2.22814703
3855.5000 2.22478318
3856.4000 2.25788736
3857.3000 2.28936386
3858.2000 2.30554295
3859.1000 2.31115675
3860.0000 2.30326867
3860.9000 2.27632737
3861.8000 2.25168848
3862.7000 2.26379323
3863.6000 2.29087424
3864.5000 2.29009151
3865.4000 2.26826334
3866.3000 2.25938845
3867.2000 2.25420856
3868.1000 2.25848079
3869.0000 2.26334405
3869.9000 2.26347995
3870.8000 2.25315809
3871.7000 2.220541
3872.6000 2.19011807
3873.5000 2.18439889
3874.4000 2.18261099
3875.3000 2.16072726
3876.2000 2.13584089
3877.1000 2.11253905
3878.0000 2.07034922
3878.9000 2.01113129
3879.8000 1.94879794
3880.7000 1.8901608
3881.6000 1.81344867
3882.5000 1.73205316
3883.4000 1.66434991
3884.3000 1.56449676
3885.2000 1.42243779
3886.1000 1.27858162
3887.0000 1.14737654
3887.9000 1.02463055
3888.8000 0.97769195
3889.7000 1.05599499
3890.6000 1.20662582
3891.5000 1.35513794
3892.4000 1.4720031
3893.3000 1.5702585
3894.2000 1.66993725
3895.1000 1.77851748
3896.0000 1.85815275
3896.9000 1.92080033
3897.8000 1.97501874
3898.7000 2.01453209
3899.6000 2.03619361
3900.5000 2.06900501
3901.4000 2.12303329
3902.3000 2.15201998
3903.2000 2.16314173
3904.1000 2.18478918
3905.0000 2.19640923
3905.9000 2.20788193
3906.8000 2.22441602
3907.7000 2.24307609
3908.6000 2.26464343
3909.5000 2.26697516
3910.4000 2.26007295
3911.3000 2.26863647
3912.2000 2.28232098
3913.1000 2.27550173
3914.0000 2.26450062
3914.9000 2.26723886
3915.8000 2.2695384
3916.7000 2.27017713
3917.6000 2.27597785
3918.5000 2.28074622
3919.4000 2.26924396
3920.3000 2.2459898
3921.2000 2.24183273
3922.1000 2.24127722
3923.0000 2.23510575
3923.9000 2.2327075
3924.8000 2.23153234
3925.7000 2.23062253
3926.6000 2.22785568
3927.5000 2.21166992
3928.4000 2.20534492
3929.3000 2.21197534
3930.2000 2.21773314
3931.1000 2.20755172
3932.0000 2.15262532
3932.9000 2.08907199
3933.8000 2.09306431
3934.7000 2.14360952
3935.6000 2.18054414
3936.5000 2.19663548
3937.4000 2.19914913
3938.3000 2.19810534
3939.2000 2.18838906
3940.1000 2.17468119
3941.0000 2.17527676
3941.9000 2.18636131
3942.8000 2.1847291
3943.7000 2.18297458
3944.6000 2.18077064
3945.5000 2.18156648
3946.4000 2.18216538
3947.3000 2.16298962
3948.2000 2.14249301
3949.1000 2.13464475
3950.0000 2.12305522
3950.9000 2.12131047
3951.8000 2.12312388
3952.7000 2.09703922
3953.6000 2.0634222
3954.5000 2.05113816
3955.4000 2.05171943
3956.3000 2.03438544
3957.2000 2.00170302
3958.1000 1.96613324
3959.0000 1.92318285
3959.9000 1.87968302
3960.8000 1.83477676
3961.7000 1.78974366
3962.6000 1.73034322
3963.5000 1.65161121
3964.4000 1.56415617
3965.3000 1.47287381
3966.2000 1.37193227
3967.1000 1.24112785
3968.0000 1.08821511
3968.9000 0.96192205
3969.8000 0.92169929
3970.7000 0.99263054
3971.6000 1.12824202
3972.5000 1.2645638
3973.4000 1.37833095
3974.3000 1.47269499
3975.2000 1.56234574
3976.1000 1.64260161
3977.0000 1.71583092
3977.9000 1.78371441
3978.8000 1.83613312
3979.7000 1.88695276
3980.6000 1.92704892
3981.5000 1.94356573
3982.4000 1.96292245
3983.3000 1.98757958
3984.2000 2.0221653
3985.1000 2.05625415
3986.0000 2.0619247
3986.9000 2.06100225
3987.8000 2.07088137
3988.7000 2.07388306
3989.6000 2.0804956
3990.5000 2.09694338
3991.4000 2.10250688
3992.3000 2.10341477
3993.2000 2.11041117
3994.1000 2.11200953
3995.0000 2.11864614
3995.9000 2.12875605
3996.8000 2.13665438
3997.7000 2.1390779
3998.6000 2.13098454
3999.5000 2.12920928
4000.4000 2.13001299
4001.3000 2.12475705
4002.2000 2.11922407
4003.1000 2.11750603
4004.0000 2.11193275
4004.9000 2.11729074
4005.8000 2.12530494
4006.7000 2.11793423
4007.6000 2.10017252
4008.5000 2.08637357
4009.4000 2.08888555
4010.3000 2.09828138
4011.2000 2.10085678
4012.1000 2.10370684
4013.0000 2.10639429
4013.9000 2.10515785
4014.8000 2.10113239
4015.7000 2.09974575
4016.6000 2.10381818
4017.5000 2.12011385
4018.4000 2.12768388
4019.3000 2.12288356
4020.2000 2.11396575
4021.1000 2.10306406
4022.0000 2.08855772
4022.9000 2.05730772
4023.8000 1.99625325
4024.7000 1.9323771
4025.6000 1.89026904
4026.5000 1.8984127
4027.4000 1.96968651
4028.3000 2.0459404
4029.2000 2.0835464
4030.1000 2.09730244
4031.0000 2.09615207
4031.9000 2.1049881
4032.8000 2.11868
4033.7000 2.11852407
4034.6000 2.12416387
4035.5000 2.13300729
4036.4000 2.12856627
4037.3000 2.11809969
4038.2000 2.11324978
4039.1000 2.10413218
4040.0000 2.10475993
4040.9000 2.11842871
4041.8000 2.11890674
4042.7000 2.10406137
4043.6000 2.08834028
4044.5000 2.08438611
4045.4000 2.09263539
4046.3000 2.10373378
4047.2000 2.10224581
4048.1000 2.09170318
4049.0000 2.08892345
4049.9000 2.0885756
4050.8000 2.07829762
4051.7000 2.07537103
4052.6000 2.07986903
4053.5000 2.08297658
4054.4000 2.080405
4055.3000 2.0664196
4056.2000 2.05584908
4057.1000 2.05969548
4058.0000 2.06193924
4058.9000 2.05404449
4059.8000 2.04983187
4060.7000 2.05175924
4061.6000 2.04748178
4062.5000 2.04358625
4063.4000 2.05208921
4064.3000 2.06105852
4065.2000 2.05409789
4066.1000 2.04181981
4067.0000 2.03536153
4067.9000 2.03912854
4068.8000 2.05025744
4069.7000 2.04420066
4070.6000 2.02689505
4071.5000 2.02207518
4072.4000 2.02743125
4073.3000 2.03242087
4074.2000 2.03627682
4075.1000 2.0372498
4076.0000 2.03466201
4076.9000 2.02369499
4077.8000 2.01383758
4078.7000 2.01614189
4079.6000 2.00479364
4080.5000 1.9822886
4081.4000 1.97066569
4082.3000 1.96097791
4083.2000 1.95256364
4084.1000 1.95243657
4085.0000 1.95019794
4085.9000 1.93468547
4086.8000 1.91414857
4087.7000 1.89067829
4088.6000 1.87494969
4089.5000 1.85732555
4090.4000 1.81940424
4091.3000 1.77298295
4092.2000 1.72591627
4093.1000 1.68369818
4094.0000 1.64366806
4094.9000 1.58289039
4095.8000 1.49806666
4096.7000 1.41774929
4097.6000 1.33161747
4098.5000 1.22837603
4099.4000 1.10699832
4100.3000 0.97508389
4101.2000 0.88709742
4102.1000 0.91475803
4103.0000 1.02599013
4103.9000 1.15839326
4104.8000 1.27622998
4105.7000 1.36373496
4106.6000 1.44667804
4107.5000 1.52757728
4108.4000 1.5924139
4109.3000 1.64457214
4110.2000 1.69435453
4111.1000 1.73189843
4112.0000 1.75734651
4112.9000 1.78482056
4113.8000 1.81671441
4114.7000 1.84809744
4115.6000 1.86738312
4116.5000 1.87739563
4117.4000 1.88889062
4118.3000 1.89289355
4119.2000 1.89702082
4120.1000 1.8855747
4121.0000 1.88312304
4121.9000 1.90242684
4122.8000 1.92684698
4123.7000 1.93984783
4124.6000 1.94385767
4125.5000 1.94611549
4126.4000 1.92621338
4127.3000 1.88824308
4128.2000 1.8809967
4129.1000 1.90128601
4130.0000 1.89551365
4130.9000 1.89298058
4131.8000 1.92051768
4132.7000 1.94098341
4133.6000 1.94413579
4134.5000 1.94937336
4135.4000 1.94614935
4136.3000 1.94265425
4137.2000 1.93857932
4138.1000 1.94006693
4139.0000 1.93248141
4139.9000 1.9211241
4140.8000 1.90267956
4141.7000 1.88498986
4142.6000 1.87910354
4143.5000 1.87737215
4144.4000 1.87366426
4145.3000 1.88565457
4146.2000 1.90403163
4147.1000 1.91484559
4148.0000 1.91790211
4148.9000 1.9185766
4149.8000 1.91916382
4150.7000 1.92555439
4151.6000 1.93772995
4152.5000 1.93492806
4153.4000 1.93573427
4154.3000 1.94445729
4155.2000 1.95171881
4156.1000 1.94886744
4157.0000 1.94888234
4157.9000 1.93846846
4158.8000 1.92934334
4159.7000 1.92939651
4160.6000 1.93257976
4161.5000 1.9386363
4162.4000 1.94140148
4163.3000 1.92736542
4164.2000 1.92981672
4165.1000 1.93898547
4166.0000 1.93634963
4166.9000 1.93220961
4167.8000 1.92573369
4168.7000 1.90567577
4169.6000 1.89850354
4170.5000 1.9163996
4171.4000 1.9257865
4172.3000 1.92377305
4173.2000 1.91746986
4174.1000 1.91499364
4175.0000 1.90966511
4175.9000 1.90855384
4176.8000 1.90331495
4177.7000 1.88594842
4178.6000 1.87927651
4179.5000 1.8938086
4180.4000 1.90503168
4181.3000 1.91680825
4182.2000 1.91318119
4183.1000 1.90679777
4184.0000 1.90669811
4184.9000 1.91043818
4185.8000 1.90228403
4186.7000 1.89665413
4187.6000 1.90624416
4188.5000 1.91646457
4189.4000 1.91220796
4190.3000 1.90245497
4191.2000 1.90207529
4192.1000 1.90545392
4193.0000 1.90843403
4193.9000 1.89977002
4194.8000 1.89018321
4195.7000 1.88798535
4196.6000 1.88924217
4197.5000 1.88885593
4198.4000 1.89078915
4199.3000 1.88941824
4200.2000 1.88519859
4201.1000 1.87583232
4202.0000 1.87344158
4202.9000 1.87422085
4203.8000 1.8771497
4204.7000 1.8732841
4205.6000 1.87396348
4206.5000 1.87714469
4207.4000 1.87885082
4208.3000 1.87242007
4209.2000 1.86790907
4210.1000 1.87065041
4211.0000 1.87120247
4211.9000 1.85969222
4212.8000 1.85696816
4213.7000 1.85974288
4214.6000 1.85475612
4215.5000 1.85487485
4216.4000 1.84867191
4217.3000 1.84712815
4218.2000 1.85184801
4219.1000 1.85889649
4220.0000 1.85772133
4220.9000 1.84929895
4221.8000 1.83157635
4222.7000 1.83128953
4223.6000 1.83976853
4224.5000 1.83908272
4225.4000 1.83456492
4226.3000 1.83677387
4227.2000 1.83666277
4228.1000 1.8359257
4229.0000 1.83272541
4229.9000 1.83393741
4230.8000 1.83227158
4231.7000 1.8245002
4232.6000 1.80471301
4233.5000 1.79430747
4234.4000 1.80821884
4235.3000 1.8196007
4236.2000 1.82625461
4237.1000 1.82521105
4238.0000 1.82141364
4238.9000 1.81278503
4239.8000 1.805071
4240.7000 1.80135274
4241.6000 1.80404806
4242.5000 1.80571949
4243.4000 1.80412436
4244.3000 1.79427314
4245.2000 1.78935015
4246.1000 1.79263294
4247.0000 1.803509
4247.9000 1.81085479
4248.8000 1.81532025
4249.7000 1.81470823
4250.6000 1.81804538
4251.5000 1.8225621
4252.4000 1.82433045
4253.3000 1.81571507
4254.2000 1.80293667
4255.1000 1.80720639
4256.0000 1.81399226
4256.9000 1.81069505
4257.8000 1.80028415
4258.7000 1.80012929
4259.6000 1.80608797
4260.5000 1.80606151
4261.4000 1.79772019
4262.3000 1.79420447
4263.2000 1.79141247
4264.1000 1.79319215
4265.0000 1.79655302
4265.9000 1.79814959
4266.8000 1.79029787
4267.7000 1.78601587
4268.6000 1.78064609
4269.5000 1.77579939
4270.4000 1.7691313
4271.3000 1.76514113
4272.2000 1.76323056
4273.1000 1.76069367
4274.0000 1.75619924
4274.9000 1.7544688
4275.8000 1.75777411
4276.7000 1.76478398
4277.6000 1.76126075
4278.5000 1.7442894
4279.4000 1.73852789
4280.3000 1.74308038
4281.2000 1.7428211
4282.1000 1.73254085
4283.0000 1.73105204
4283.9000 1.72998536
4284.8000 1.72740901
4285.7000 1.72623038
4286.6000 1.73025513
4287.5000 1.73225379
4288.4000 1.73558831
4289.3000 1.73286366
4290.2000 1.73388171
4291.1000 1.72993851
4292.0000 1.72092211
4292.9000 1.71327901
4293.8000 1.71245384
4294.7000 1.70914853
4295.6000 1.70852578
4296.5000 1.71626329
4297.4000 1.71476948
4298.3000 1.71366727
4299.2000 1.71278787
4300.1000 1.71523631
4301.0000 1.71435642
4301.9000 1.70485878
4302.8000 1.68941152
4303.7000 1.69008219
4304.6000 1.70241892
4305.5000 1.71348417
4306.4000 1.70659506
4307.3000 1.69030833
4308.2000 1.68442285
4309.1000 1.69459891
4310.0000 1.6925776
4310.9000 1.68090212
4311.8000 1.66588569
4312.7000 1.65969062
4313.6000 1.66385567
4314.5000 1.66998279
4315.4000 1.66238725
4316.3000 1.65342557
4317.2000 1.64827538
4318.1000 1.64431345
4319.0000 1.64106369
4319.9000 1.63043869
4320.8000 1.62384343
4321.7000 1.61599207
4322.6000 1.60315418
4323.5000 1.59208202
4324.4000 1.58923185
4325.3000 1.58003402
4326.2000 1.5577985
4327.1000 1.5362848
4328.0000 1.52119732
4328.9000 1.49672246
4329.8000 1.47484159
4330.7000 1.44481921
4331.6000 1.40692854
4332.5000 1.36452365
4333.4000 1.32020772
4334.3000 1.26995957
4335.2000 1.20414209
4336.1000 1.12648284
4337.0000 1.05136037
4337.9000 0.96496582
4338.8000 0.85730225
4339.7000 0.76077342
4340.6000 0.7466988
4341.5000 0.83026952
4342.4000 0.9417733
4343.3000 1.0356921
4344.2000 1.11024261
4345.1000 1.17879522
4346.0000 1.2415117
4346.9000 1.29232037
4347.8000 1.32924831
4348.7000 1.36391091
4349.6000 1.39585698
4350.5000 1.42340541
4351.4000 1.4405247
4352.3000 1.46104395
4353.2000 1.48411
4354.1000 1.50899196
4355.0000 1.52669966
4355.9000 1.53399205
4356.8000 1.53863668
4357.7000 1.54761672
4358.6000 1.55336654
4359.5000 1.5589335
4360.4000 1.56514788
4361.3000 1.57274735
4362.2000 1.58156466
4363.1000 1.58189583
4364.0000 1.58588529
4364.9000 1.58781564
4365.8000 1.58880723
4366.7000 1.58866537
4367.6000 1.59245026
4368.5000 1.59538865
4369.4000 1.59881091
4370.3000 1.59925187
4371.2000 1.59701335
4372.1000 1.59837747
4373.0000 1.60999215
4373.9000 1.61475194
4374.8000 1.61600578
4375.7000 1.61004221
4376.6000 1.60607874
4377.5000 1.6091193
4378.4000 1.61280298
4379.3000 1.61061037
4380.2000 1.61330485
4381.1000 1.62011242
4382.0000 1.61139798
4382.9000 1.60300601
4383.8000 1.59692693
4384.7000 1.58661568
4385.6000 1.57207787
4386.5000 1.55958498
4387.4000 1.543733
4388.3000 1.53724408
4389.2000 1.55657041
4390.1000 1.59378076
4391.0000 1.60989249
4391.9000 1.60703838
4392.8000 1.60590935
4393.7000 1.61307108
4394.6000 1.60534072
4395.5000 1.59871137
4396.4000 1.60558283
4397.3000 1.61175394
4398.2000 1.60552967
4399.1000 1.60025561
4400.0000 1.59809351
4400.9000 1.59824002
4401.8000 1.5973649
4402.7000 1.59393013
4403.6000 1.58978856
4404.5000 1.58662009
4405.4000 1.58535683
4406.3000 1.58999121
4407.2000 1.59614968
4408.1000 1.59447277
4409.0000 1.59667194
4409.9000 1.59295905
4410.8000 1.58917916
4411.7000 1.58678472
4412.6000 1.58319199
4413.5000 1.57974994
4414.4000 1.58280778
4415.3000 1.58098245
4416.2000 1.57706952
4417.1000 1.57442832
4418.0000 1.57491732
4418.9000 1.56335402
4419.8000 1.55072808
4420.7000 1.55099726
4421.6000 1.56110752
4422.5000 1.56614053
4423.4000 1.5714885
4424.3000 1.57487011
4425.2000 1.57086957
4426.1000 1.5727284
4427.0000 1.57470858
4427.9000 1.57914805
4428.8000 1.57468855
4429.7000 1.56426227
4430.6000 1.55350626
4431.5000 1.54872906
4432.4000 1.5461086
4433.3000 1.54508162
4434.2000 1.54422939
4435.1000 1.54880095
4436.0000 1.54510856
4436.9000 1.53269672
4437.8000 1.52700925
4438.7000 1.53738797
4439.6000 1.54414678
4440.5000 1.54410958
4441.4000 1.53634655
4442.3000 1.53208017
4443.2000 1.53154016
4444.1000 1.52966344
4445.0000 1.52849782
4445.9000 1.52303803
4446.8000 1.52263391
4447.7000 1.52405226
4448.6000 1.52657127
4449.5000 1.52344668
4450.4000 1.51772988
4451.3000 1.51469278
4452.2000 1.51824272
4453.1000 1.52151203
4454.0000 1.52786243
4454.9000 1.53140652
4455.8000 1.52679074
4456.7000 1.51770365
4457.6000 1.52344489
4458.5000 1.53043532
4459.4000 1.52861941
4460.3000 1.52023017
4461.2000 1.51239443
4462.1000 1.50475097
4463.0000 1.50618768
4463.9000 1.5128845
4464.8000 1.51463807
4465.7000 1.50510776
4466.6000 1.4923265
4467.5000 1.48186266
4468.4000 1.46571243
4469.3000 1.43834805
4470.2000 1.40065932
4471.1000 1.37190092
4472.0000 1.37966704
4472.9000 1.42570961
4473.8000 1.45815134
4474.7000 1.4653542
4475.6000 1.4743104
4476.5000 1.4902091
4477.4000 1.49381101
4478.3000 1.49218571
4479.2000 1.47227001
4480.1000 1.4283787
4481.0000 1.40160346
4481.9000 1.42551696
4482.8000 1.46323311
4483.7000 1.48602569
4484.6000 1.49033701
4485.5000 1.49017382
4486.4000 1.48918152
4487.3000 1.48198199
4488.2000 1.47544777
4489.1000 1.47907412
4490.0000 1.48349988
4490.9000 1.47516084
4491.8000 1.47301722
4492.7000 1.47934556
4493.6000 1.48709285
4494.5000 1.48883319
4495.4000 1.49000144
4496.3000 1.48750269
4497.2000 1.48340702
4498.1000 1.4713639
4499.0000 1.46371281
4499.9000 1.4651227
4500.8000 1.47226715
4501.7000 1.47879827
4502.6000 1.47950971
4503.5000 1.47510874
4504.4000 1.4811753
4505.3000 1.48362529
4506.2000 1.47535515
4507.1000 1.46313822
4508.0000 1.45989454
4508.9000 1.46637046
4509.8000 1.46382964
4510.7000 1.46243489
4511.6000 1.4628644
4512.5000 1.46069217
4513.4000 1.45686877
4514.3000 1.45208907
4515.2000 1.4457252
4516.1000 1.44948328
4517.0000 1.45573282
4517.9000 1.45849586
4518.8000 1.45159805
4519.7000 1.44752645
4520.6000 1.44585192
4521.5000 1.43890655
4522.4000 1.42514729
4523.3000 1.42518175
4524.2000 1.43666589
4525.1000 1.44700766
4526.0000 1.44487631
4526.9000 1.43691468
4527.8000 1.43673718
4528.7000 1.43958807
4529.6000 1.43699002
4530.5000 1.43134248
4531.4000 1.42939591
4532.3000 1.43042064
4533.2000 1.43575799
4534.1000 1.43833721
4535.0000 1.44002938
4535.9000 1.44109225
4536.8000 1.44416201
4537.7000 1.44138336
4538.6000 1.4381125
4539.5000 1.43265164
4540.4000 1.43128574
4541.3000 1.4303143
4542.2000 1.43184257
4543.1000 1.4343214
4544.0000 1.43611729
4544.9000 1.43296385
4545.8000 1.429811
4546.7000 1.42543173
4547.6000 1.41535318
4548.5000 1.39501643
4549.4000 1.39030099
4550.3000 1.40006971
4551.2000 1.40679324
4552.1000 1.40955627
4553.0000 1.41267884
4553.9000 1.41186047
4554.8000 1.40099633
4555.7000 1.39689672
4556.6000 1.39638472
4557.5000 1.39695907
4558.4000 1.39708722
4559.3000 1.40325451
4560.2000 1.40866828
4561.1000 1.41261184
4562.0000 1.41256702
4562.9000 1.4099772
4563.8000 1.40449655
4564.7000 1.40111136
4565.6000 1.40031087
4566.5000 1.40350103
4567.4000 1.39812207
4568.3000 1.39862955
4569.2000 1.40491688
4570.1000 1.40659988
4571.0000 1.40027678
4571.9000 1.39654171
4572.8000 1.39950168
4573.7000 1.39802217
4574.6000 1.39471126
4575.5000 1.38835323
4576.4000 1.38824904
4577.3000 1.39332592
4578.2000 1.39574444
4579.1000 1.39187598
4580.0000 1.39262152
4580.9000 1.39206684
4581.8000 1.38317406
4582.7000 1.36821985
4583.6000 1.36901987
4584.5000 1.38264072
4585.4000 1.39287508
4586.3000 1.38505733
4587.2000 1.37209702
4588.1000 1.36147678
4589.0000 1.35761487
4589.9000 1.36530268
4590.8000 1.38097489
4591.7000 1.38821757
4592.6000 1.38748229
4593.5000 1.38812041
4594.4000 1.3877207
4595.3000 1.38562417
4596.2000 1.38271868
4597.1000 1.38341701
4598.0000 1.3814677
4598.9000 1.38427532
4599.8000 1.38372302
4600.7000 1.36817384
4601.6000 1.34992766
4602.5000 1.35260296
4603.4000 1.36311841
4604.3000 1.37266219
4605.2000 1.3736347
4606.1000 1.36979818
4607.0000 1.36658978
4607.9000 1.37111962
4608.8000 1.37328637
4609.7000 1.3716172
4610.6000 1.36825085
4611.5000 1.36493993
4612.4000 1.35999203
4613.3000 1.36020148
4614.2000 1.36549449
4615.1000 1.3661108
4616.0000 1.36331439
4616.9000 1.36267567
4617.8000 1.36592877
4618.7000 1.36053002
4619.6000 1.35564363
4620.5000 1.3533181
4621.4000 1.35364485
4622.3000 1.35386431
4623.2000 1.35867667
4624.1000 1.36175251
4625.0000 1.36079156
4625.9000 1.35528123
4626.8000 1.34895337
4627.7000 1.3412466
4628.6000 1.33912051
4629.5000 1.34296477
4630.4000 1.35101485
4631.3000 1.34975207
4632.2000 1.34602618
4633.1000 1.33775151
4634.0000 1.33202314
4634.9000 1.33261728
4635.8000 1.33715534
4636.7000 1.34118545
4637.6000 1.33932233
4638.5000 1.34015441
4639.4000 1.34296954
4640.3000 1.34676981
4641.2000 1.33870959
4642.1000 1.33311653
4643.0000 1.33603454
4643.9000 1.33433592
4644.8000 1.33191311
4645.7000 1.33440411
4646.6000 1.33317447
4647.5000 1.3387965
4648.4000 1.33944547
4649.3000 1.33639205
4650.2000 1.3333621
4651.1000 1.33304954
4652.0000 1.33351946
4652.9000 1.33389544
4653.8000 1.33709347
4654.7000 1.34209764
4655.6000 1.34012413
4656.5000 1.33442533
4657.4000 1.32947862
4658.3000 1.3248564
4659.2000 1.32786608
4660.1000 1.32993174
4661.0000 1.32909334
4661.9000 1.32778299
4662.8000 1.33209324
4663.7000 1.33283341
4664.6000 1.32900286
4665.5000 1.3234036
4666.4000 1.31839108
4667.3000 1.31053102
4668.2000 1.30771697
4669.1000 1.30887306
4670.0000 1.31480491
4670.9000 1.31586707
4671.8000 1.31468868
4672.7000 1.31313396
4673.6000 1.31247294
4674.5000 1.31065881
4675.4000 1.31083572
4676.3000 1.30807638
4677.2000 1.29920816
4678.1000 1.29396808
4679.0000 1.29764271
4679.9000 1.30500102
4680.8000 1.30778372
4681.7000 1.30665016
4682.6000 1.30106258
4683.5000 1.30195487
4684.4000 1.30337369
4685.3000 1.30503607
4686.2000 1.30319476
4687.1000 1.30245352
4688.0000 1.30142629
4688.9000 1.29892087
4689.8000 1.29738247
4690.7000 1.30019605
4691.6000 1.29768348
4692.5000 1.29543185
4693.4000 1.29531145
4694.3000 1.29891741
4695.2000 1.29929662
4696.1000 1.30004704
4697.0000 1.29704571
4697.9000 1.29569483
4698.8000 1.29759157
4699.7000 1.29802728
4700.6000 1.29740858
4701.5000 1.29287004
4702.4000 1.28903902
4703.3000 1.28579938
4704.2000 1.28570414
4705.1000 1.28619909
4706.0000 1.28914797
4706.9000 1.29055762
4707.8000 1.29116035
4708.7000 1.28564024
4709.6000 1.2824626
4710.5000 1.28153026
4711.4000 1.27506971
4712.3000 1.26315403
4713.2000 1.26146317
4714.1000 1.26564455
4715.0000 1.27475035
4715.9000 1.28206992
4716.8000 1.28834713
4717.7000 1.29016376
4718.6000 1.28753066
4719.5000 1.28345847
4720.4000 1.28373539
4721.3000 1.28900647
4722.2000 1.28700829
4723.1000 1.28145778
4724.0000 1.28119719
4724.9000 1.28235412
4725.8000 1.27652025
4726.7000 1.27378333
4727.6000 1.27762496
4728.5000 1.28121102
4729.4000 1.27253616
4730.3000 1.26629138
4731.2000 1.26363504
4732.1000 1.26468325
4733.0000 1.26596034
4733.9000 1.2652905
4734.8000 1.26615286
4735.7000 1.27302706
4736.6000 1.27309704
4737.5000 1.26482093
4738.4000 1.25551057
4739.3000 1.25434446
4740.2000 1.25617218
4741.1000 1.25931978
4742.0000 1.26214457
4742.9000 1.25977719
4743.8000 1.25663877
4744.7000 1.25474453
4745.6000 1.25523639
4746.5000 1.25382149
4747.4000 1.2530663
4748.3000 1.2507211
4749.2000 1.25281858
4750.1000 1.25311625
4751.0000 1.25388527
4751.9000 1.25353074
4752.8000 1.2506516
4753.7000 1.24484658
4754.6000 1.24155033
4755.5000 1.24028873
4756.4000 1.24188566
4757.3000 1.24358559
4758.2000 1.24729288
4759.1000 1.24488997
4760.0000 1.24346602
4760.9000 1.24488831
4761.8000 1.24447966
4762.7000 1.24188375
4763.6000 1.23853362
4764.5000 1.23787463
4765.4000 1.23342192
4766.3000 1.23087454
4767.2000 1.22848678
4768.1000 1.22915232
4769.0000 1.22776592
4769.9000 1.22893584
4770.8000 1.23089159
4771.7000 1.2288034
4772.6000 1.22222126
4773.5000 1.21830404
4774.4000 1.21531832
4775.3000 1.21343756
4776.2000 1.20996547
4777.1000 1.21111286
4778.0000 1.21087182
4778.9000 1.21257198
4779.8000 1.21390033
4780.7000 1.21698546
4781.6000 1.21643364
4782.5000 1.21217752
4783.4000 1.21156144
4784.3000 1.213642
4785.2000 1.21382928
4786.1000 1.2116729
4787.0000 1.2155838
4787.9000 1.22102857
4788.8000 1.21972358
4789.7000 1.20960343
4790.6000 1.20732975
4791.5000 1.21475673
4792.4000 1.22097218
4793.3000 1.21462476
4794.2000 1.20948172
4795.1000 1.20742786
4796.0000 1.2052995
4796.9000 1.20093977
4797.8000 1.19911683
4798.7000 1.19817019
4799.6000 1.20296836
4800.5000 1.21079707
4801.4000 1.21326339
4802.3000 1.20578575
4803.2000 1.2034514
4804.1000 1.20439875
4805.0000 1.20098424
4805.9000 1.19797611
4806.8000 1.19764781
4807.7000 1.19751513
4808.6000 1.19376791
4809.5000 1.1927321
4810.4000 1.19142401
4811.3000 1.19350207
4812.2000 1.19369912
4813.1000 1.18795693
4814.0000 1.17730916
4814.9000 1.17610466
4815.8000 1.18269563
4816.7000 1.18779409
4817.6000 1.19050777
4818.5000 1.19611871
4819.4000 1.19539762
4820.3000 1.19552326
4821.2000 1.19452858
4822.1000 1.19419432
4823.0000 1.19295335
4823.9000 1.18856239
4824.8000 1.18556786
4825.7000 1.18784237
4826.6000 1.18864584
4827.5000 1.18861461
4828.4000 1.18840826
4829.3000 1.18430281
4830.2000 1.18490648
4831.1000 1.18301558
4832.0000 1.18289161
4832.9000 1.18293035
4833.8000 1.18120599
4834.7000 1.17828465
4835.6000 1.17783296
4836.5000 1.17076063
4837.4000 1.1641643
4838.3000 1.16349125
4839.2000 1.16518831
4840.1000 1.16152954
4841.0000 1.15643835
4841.9000 1.144925
4842.8000 1.12990081
4843.7000 1.11386561
4844.6000 1.10635328
4845.5000 1.10658216
4846.4000 1.10448837
4847.3000 1.09390986
4848.2000 1.07833338
4849.1000 1.0632118
4850.0000 1.04708028
4850.9000 1.02724206
4851.8000 1.00124335
4852.7000 0.97468871
4853.6000 0.94731027
4854.5000 0.92072392
4855.4000 0.88856983
4856.3000 0.84942919
4857.2000 0.80567765
4858.1000 0.75891596
4859.0000 0.69262344
4859.9000 0.60897893
4860.8000 0.55340421
4861.7000 0.57620221
4862.6000 0.65054637
4863.5000 0.72115815
4864.4000 0.77535325
4865.3000 0.82352149
4866.2000 0.86458242
4867.1000 0.89817286
4868.0000 0.92497903
4868.9000 0.94906723
4869.8000 0.97070825
4870.7000 0.98714042
4871.6000 1.0042485
4872.5000 1.02135849
4873.4000 1.03494823
4874.3000 1.04243755
4875.2000 1.05276871
4876.1000 1.06408119
4877.0000 1.07239342
4877.9000 1.07590091
4878.8000 1.08321023
4879.7000 1.09035349
4880.6000 1.09340334
4881.5000 1.09121001
4882.4000 1.09032142
4883.3000 1.09153533
4884.2000 1.1004231
4885.1000 1.10994685
4886.0000 1.11559606
4886.9000 1.11436582
4887.8000 1.11002612
4888.7000 1.10719836
4889.6000 1.11052096
4890.5000 1.11690664
4891.4000 1.11833751
4892.3000 1.11865151
4893.2000 1.11853433
4894.1000 1.11903918
4895.0000 1.11879516
4895.9000 1.11918557
4896.8000 1.11897802
4897.7000 1.12385094
4898.6000 1.12691712
4899.5000 1.12684977
4900.4000 1.12550771
4901.3000 1.12640059
4902.2000 1.12673283
4903.1000 1.13084745
4904.0000 1.13258576
4904.9000 1.13170111
4905.8000 1.12794352
4906.7000 1.12674737
4907.6000 1.12559664
4908.5000 1.12927032
4909.4000 1.13335621
4910.3000 1.13124216
4911.2000 1.12959099
4912.1000 1.12295914
4913.0000 1.11473417
4913.9000 1.11561072
4914.8000 1.12537992
4915.7000 1.12791204
4916.6000 1.12385023
4917.5000 1.12040091
4918.4000 1.11736357
4919.3000 1.1067425
4920.2000 1.09184635
4921.1000 1.07092905
4922.0000 1.05769849
4922.9000 1.05737066
4923.8000 1.07022226
4924.7000 1.08923602
4925.6000 1.10683441
4926.5000 1.11284506
4927.4000 1.11235356
4928.3000 1.11444306
4929.2000 1.11860287
4930.1000 1.11462569
4931.0000 1.11045897
4931.9000 1.11166644
4932.8000 1.11296415
4933.7000 1.11078596
4934.6000 1.10728788
4935.5000 1.10691237
4936.4000 1.10653615
4937.3000 1.10679185
4938.2000 1.1066364
4939.1000 1.10830116
4940.0000 1.10523582
4940.9000 1.10164034
4941.8000 1.09488344
4942.7000 1.08948565
4943.6000 1.08790362
4944.5000 1.09198916
4945.4000 1.09556258
4946.3000 1.09400392
4947.2000 1.08682716
4948.1000 1.08417225
4949.0000 1.08703041
4949.9000 1.08958101
4950.8000 1.08570325
4951.7000 1.08577824
4952.6000 1.08441377
4953.5000 1.08003914
4954.4000 1.07945621
4955.3000 1.08167565
4956.2000 1.08527482
4957.1000 1.08412969
4958.0000 1.08198357
4958.9000 1.07852411
4959.8000 1.07833469
4960.7000 1.07772839
4961.6000 1.07958329
4962.5000 1.08242202
4963.4000 1.08328569
4964.3000 1.08239543
4965.2000 1.08350098
4966.1000 1.08128047
4967.0000 1.07789707
4967.9000 1.07317352
4968.8000 1.0710752
4969.7000 1.06810129
4970.6000 1.06927168
4971.5000 1.06919432
4972.4000 1.06845284
4973.3000 1.07032597
4974.2000 1.0746187
4975.1000 1.07680678
4976.0000 1.07098317
4976.9000 1.07011008
4977.8000 1.08295
4978.7000 1.09511924
4979.6000 1.08595121
4980.5000 1.07194805
4981.4000 1.06552958
4982.3000 1.06393218
4983.2000 1.06215119
4984.1000 1.06246817
4985.0000 1.06280434
4985.9000 1.0661025
4986.8000 1.06370854
4987.7000 1.06113684
4988.6000 1.05976701
4989.5000 1.05865741
4990.4000 1.05516899
4991.3000 1.05350316
4992.2000 1.05346107
4993.1000 1.05753684
4994.0000 1.06163025
4994.9000 1.06187177
4995.8000 1.06058311
4996.7000 1.05791616
4997.6000 1.05574167
4998.5000 1.05356789
4999.4000 1.05318868
5000.3000 1.04698944
5001.2000 1.03802204
5002.1000 1.0334096
5003.0000 1.03849626
5003.9000 1.04325128
5004.8000 1.04723167
5005.7000 1.04582524
5006.6000 1.04095817
5007.5000 1.03865373
5008.4000 1.0439868
5009.3000 1.0482595
5010.2000 1.05006313
5011.1000 1.04887819
5012.0000 1.04901874
5012.9000 1.04823041
5013.8000 1.03966188
5014.7000 1.02306509
5015.6000 1.0210619
5016.5000 1.02468646
5017.4000 1.01566017
5018.3000 1.01265848
5019.2000 1.02518928
5020.1000 1.03743732
5021.0000 1.0342226
5021.9000 1.02712846
5022.8000 1.02861238
5023.7000 1.04037821
5024.6000 1.04345095
5025.5000 1.03821969
5026.4000 1.03377378
5027.3000 1.03287256
5028.2000 1.03179896
5029.1000 1.02982926
5030.0000 1.02639031
5030.9000 1.02621841
5031.8000 1.02531421
5032.7000 1.02631462
5033.6000 1.02429557
5034.5000 1.02091396
5035.4000 1.01702046
5036.3000 1.01826334
5037.2000 1.02158999
5038.1000 1.02139223
5039.0000 1.01612175
5039.9000 1.00350201
5040.8000 0.99935687
5041.7000 1.00921607
5042.6000 1.02219748
5043.5000 1.02581882
5044.4000 1.02454889
5045.3000 1.02100873
5046.2000 1.01647592
5047.1000 1.01110804
5048.0000 1.01221454
5048.9000 1.01530898
5049.8000 1.02000129
5050.7000 1.02099168
5051.6000 1.02051902
5052.5000 1.02057266
5053.4000 1.02361369
5054.3000 1.01277387
5055.2000 0.99235773
5056.1000 0.98853606
5057.0000 1.00321198
5057.9000 1.0127033
5058.8000 1.00994992
5059.7000 1.00602937
5060.6000 1.00553608
5061.5000 1.00830448
5062.4000 1.00708187
5063.3000 1.00221097
5064.2000 1.00036907
5065.1000 1.00458205
5066.0000 1.00527692
5066.9000 1.00548244
5067.8000 1.00541008
5068.7000 1.00656211
5069.6000 1.00471032
5070.5000 1.00466228
5071.4000 1.00406933
5072.3000 1.00138903
5073.2000 0.99713856
5074.1000 0.99538267
5075.0000 0.99547255
5075.9000 0.99777257
5076.8000 0.99970657
5077.7000 1.00116646
5078.6000 0.99961305
5079.5000 1.00160158
5080.4000 1.00175071
5081.3000 0.99707127
5082.2000 0.99521399
5083.1000 0.99507052
5084.0000 0.993442
5084.9000 0.98927122
5085.8000 0.99014503
5086.7000 0.99195552
5087.6000 0.99440539
5088.5000 0.99338394
5089.4000 0.9927026
5090.3000 0.99477464
5091.2000 0.99650717
5092.1000 0.99179059
5093.0000 0.98723328
5093.9000 0.98670352
5094.8000 0.98864222
5095.7000 0.98489755
5096.6000 0.98239475
5097.5000 0.98475474
5098.4000 0.987064
5099.3000 0.98046005
5100.2000 0.97272736
5101.1000 0.97297299
5102.0000 0.980766
5102.9000 0.98589933
5103.8000 0.98555267
5104.7000 0.98804253
5105.6000 0.98624313
5106.5000 0.98057741
5107.4000 0.97640628
5108.3000 0.97619402
5109.2000 0.97854084
5110.1000 0.9834339
5111.0000 0.98268354
5111.9000 0.98125374
5112.8000 0.98058027
5113.7000 0.98085982
5114.6000 0.97976637
5115.5000 0.98003018
5116.4000 0.97574717
5117.3000 0.97209626
5118.2000 0.97221649
5119.1000 0.97916311
5120.0000 0.9841795
5120.9000 0.98213142
5121.8000 0.97783726
5122.7000 0.97222656
5123.6000 0.96979433
5124.5000 0.97107089
5125.4000 0.97070712
5126.3000 0.96420312
5127.2000 0.95730644
5128.1000 0.95551682
5129.0000 0.95761847
5129.9000 0.95976454
5130.8000 0.96633935
5131.7000 0.96681547
5132.6000 0.96603638
5133.5000 0.9649694
5134.4000 0.96406853
5135.3000 0.96155041
5136.2000 0.96007019
5137.1000 0.96111774
5138.0000 0.96448833
5138.9000 0.96365219
5139.8000 0.96318334
5140.7000 0.96254575
5141.6000 0.96289325
5142.5000 0.96274412
5143.4000 0.95838326
5144.3000 0.95457387
5145.2000 0.95700157
5146.1000 0.96137309
5147.0000 0.95948178
5147.9000 0.95252937
5148.8000 0.94565415
5149.7000 0.947384
5150.6000 0.95154244
5151.5000 0.95281315
5152.4000 0.94892454
5153.3000 0.94984096
5154.2000 0.94969606
5155.1000 0.94414681
5156.0000 0.93618447
5156.9000 0.934156
5157.8000 0.94065213
5158.7000 0.94815737
5159.6000 0.94965506
5160.5000 0.95008945
5161.4000 0.94824058
5162.3000 0.94828844
5163.2000 0.94459116
5164.1000 0.9436031
5165.0000 0.94520152
5165.9000 0.94465309
5166.8000 0.94111437
5167.7000 0.92913216
5168.6000 0.92001665
5169.5000 0.92349768
5170.4000 0.93314767
5171.3000 0.94044292
5172.2000 0.94444561
5173.1000 0.94461972
5174.0000 0.9451105
5174.9000 0.94171715
5175.8000 0.93838763
5176.7000 0.93325859
5177.6000 0.93026286
5178.5000 0.93064934
5179.4000 0.93402481
5180.3000 0.93557566
5181.2000 0.93896335
5182.1000 0.94176704
5183.0000 0.94302762
5183.9000 0.94052219
5184.8000 0.9379462
5185.7000 0.93361342
5186.6000 0.92994457
5187.5000 0.93423307
5188.4000 0.93851483
5189.3000 0.93456507
5190.2000 0.92351979
5191.1000 0.91928923
5192.0000 0.92307651
5192.9000 0.92557776
5193.8000 0.92177904
5194.7000 0.9211812
5195.6000 0.91981435
5196.5000 0.91831189
5197.4000 0.91822106
5198.3000 0.92375332
5199.2000 0.92569369
5200.1000 0.92640489
5201.0000 0.9267208
5201.9000 0.92577517
5202.8000 0.9248178
5203.7000 0.92598057
5204.6000 0.92600286
5205.5000 0.92633283
5206.4000 0.92496407
5207.3000 0.92360735
5208.2000 0.92160475
5209.1000 0.9189744
5210.0000 0.91783154
5210.9000 0.91493016
5211.8000 0.91613668
5212.7000 0.91584104
5213.6000 0.91405344
5214.5000 0.90961111
5215.4000 0.90636873
5216.3000 0.90482426
5217.2000 0.90706259
5218.1000 0.90975463
5219.0000 0.91120851
5219.9000 0.91138089
5220.8000 0.91247934
5221.7000 0.90929341
5222.6000 0.90597606
5223.5000 0.90306318
5224.4000 0.9011417
5225.3000 0.8972463
5226.2000 0.89426553
5227.1000 0.89206785
5228.0000 0.89308137
5228.9000 0.89837813
5229.8000 0.90256852
5230.7000 0.90587193
5231.6000 0.90480018
5232.5000 0.8999337
5233.4000 0.89158279
5234.3000 0.88855815
5235.2000 0.89269757
5236.1000 0.89836228
5237.0000 0.8992219
5237.9000 0.8981294
5238.8000 0.89540005
5239.7000 0.894108
5240.6000 0.89510965
5241.5000 0.90011883
5242.4000 0.90067321
5243.3000 0.90090746
5244.2000 0.8990953
5245.1000 0.89867896
5246.0000 0.89868379
5246.9000 0.89807284
5247.8000 0.89612019
5248.7000 0.8929041
5249.6000 0.8892675
5250.5000 0.88873446
5251.4000 0.88789493
5252.3000 0.87838519
5253.2000 0.87023032
5254.1000 0.87468606
5255.0000 0.88573951
5255.9000 0.88849485
5256.8000 0.88815749
5257.7000 0.88897294
5258.6000 0.88764405
5259.5000 0.88017416
5260.4000 0.87916344
5261.3000 0.8845275
5262.2000 0.88986433
5263.1000 0.88710135
5264.0000 0.88290185
5264.9000 0.88143176
5265.8000 0.88344496
5266.7000 0.88601834
5267.6000 0.88842738
5268.5000 0.88707554
5269.4000 0.88413203
5270.3000 0.88194335
5271.2000 0.88208377
5272.1000 0.88274211
5273.0000 0.88249105
5273.9000 0.87991756
5274.8000 0.86944282
5275.7000 0.86379218
5276.6000 0.8679257
5277.5000 0.87689787
5278.4000 0.87895554
5279.3000 0.87808686
5280.2000 0.8785376
5281.1000 0.8800745
5282.0000 0.87693077
5282.9000 0.86957449
5283.8000 0.86444324
5284.7000 0.86707473
5285.6000 0.87007594
5286.5000 0.8723492
5287.4000 0.8734991
5288.3000 0.87562823
5289.2000 0.87447107
5290.1000 0.87064701
5291.0000 0.86211324
5291.9000 0.85777545
5292.8000 0.86470199
5293.7000 0.86977249
5294.6000 0.8657096
5295.5000 0.85431159
5296.4000 0.85189599
5297.3000 0.85861939
5298.2000 0.86315018
5299.1000 0.86371815
5300.0000 0.86593699
5300.9000 0.86577499
5301.8000 0.86355686
5302.7000 0.86080223
5303.6000 0.86200649
5304.5000 0.86384535
5305.4000 0.86459106
5306.3000 0.86190367
5307.2000 0.86160314
5308.1000 0.86033309
5309.0000 0.86128592
5309.9000 0.86175728
5310.8000 0.85989547
5311.7000 0.85630357
5312.6000 0.85515738
5313.5000 0.85505778
5314.4000 0.84677804
5315.3000 0.83083344
5316.2000 0.82189465
5317.1000 0.83094078
5318.0000 0.84556741
5318.9000 0.85114968
5319.8000 0.84914809
5320.7000 0.84947723
5321.6000 0.8498677
5322.5000 0.85140455
5323.4000 0.85069537
5324.3000 0.85040689
5325.2000 0.84731442
5326.1000 0.84651268
5327.0000 0.84637606
5327.9000 0.84532183
5328.8000 0.8453871
5329.7000 0.84760988
5330.6000 0.84737533
5331.5000 0.84835672
5332.4000 0.85045266
5333.3000 0.85168278
5334.2000 0.8485114
5335.1000 0.84453332
5336.0000 0.84349495
5336.9000 0.84516698
5337.8000 0.84340537
5338.7000 0.8349027
5339.6000 0.83276516
5340.5000 0.83825248
5341.4000 0.84655637
5342.3000 0.84496051
5343.2000 0.83505523
5344.1000 0.82578474
5345.0000 0.82529783
5345.9000 0.83142614
5346.8000 0.8385542
5347.7000 0.84128356
5348.6000 0.84041405
5349.5000 0.83938152
5350.4000 0.83936757
5351.3000 0.83599961
5352.2000 0.83536905
5353.1000 0.83698237
5354.0000 0.83926433
5354.9000 0.83993268
5355.8000 0.83909988
5356.7000 0.83785605
5357.6000 0.83505213
5358.5000 0.83542907
5359.4000 0.83446878
5360.3000 0.83281159
5361.2000 0.82797569
5362.1000 0.82446188
5363.0000 0.82398993
5363.9000 0.82616043
5364.8000 0.8299799
5365.7000 0.83336008
5366.6000 0.83198386
5367.5000 0.83150148
5368.4000 0.82934976
5369.3000 0.82661664
5370.2000 0.82200128
5371.1000 0.82145828
5372.0000 0.82426399
5372.9000 0.82985497
5373.8000 0.83092785
5374.7000 0.82877702
5375.6000 0.82781005
5376.5000 0.82716233
5377.4000 0.82767999
5378.3000 0.82648152
5379.2000 0.8255114
5380.1000 0.82495284
5381.0000 0.82571119
5381.9000 0.82607317
5382.8000 0.82522607
5383.7000 0.82270896
5384.6000 0.82149923
5385.5000 0.81525719
5386.4000 0.80575138
5387.3000 0.7998172
5388.2000 0.80894154
5389.1000 0.81956732
5390.0000 0.82185751
5390.9000 0.81773788
5391.8000 0.81567204
5392.7000 0.81582403
5393.6000 0.81658363
5394.5000 0.81577641
5395.4000 0.81399429
5396.3000 0.81301928
5397.2000 0.81587166
5398.1000 0.81710249
5399.0000 0.81577545
5399.9000 0.81377262
5400.8000 0.81051511
5401.7000 0.80854088
5402.6000 0.80869651
5403.5000 0.81406593
5404.4000 0.81669933
5405.3000 0.81606394
5406.2000 0.8132714
5407.1000 0.81345731
5408.0000 0.80922866
5408.9000 0.79928905
5409.8000 0.79315442
5410.7000 0.79833758
5411.6000 0.80613595
5412.5000 0.80798477
5413.4000 0.80413496
5414.3000 0.80219102
5415.2000 0.80494785
5416.1000 0.81036156
5417.0000 0.80912924
5417.9000 0.80448055
5418.8000 0.79998934
5419.7000 0.79915255
5420.6000 0.80131322
5421.5000 0.80100697
5422.4000 0.80207318
5423.3000 0.80137569
5424.2000 0.79651916
5425.1000 0.78266382
5426.0000 0.77487004
5426.9000 0.78099972
5427.8000 0.79161626
5428.7000 0.79527074
5429.6000 0.79639542
5430.5000 0.79762477
5431.4000 0.79810691
5432.3000 0.79494619
5433.2000 0.79485416
5434.1000 0.79276007
5435.0000 0.79247355
5435.9000 0.79141295
5436.8000 0.79168242
5437.7000 0.79375947
5438.6000 0.79806751
5439.5000 0.79824746
5440.4000 0.79410279
5441.3000 0.78987455
5442.2000 0.78835499
5443.1000 0.78924656
5444.0000 0.78839111
5444.9000 0.78820324
5445.8000 0.79008561
5446.7000 0.79105717
5447.6000 0.78981918
5448.5000 0.78951478
5449.4000 0.78578711
5450.3000 0.78225684
5451.2000 0.78235275
5452.1000 0.78596473
5453.0000 0.78460705
5453.9000 0.78454727
5454.8000 0.78567839
5455.7000 0.78427821
5456.6000 0.78153569
5457.5000 0.78249741
5458.4000 0.7842145
5459.3000 0.78365374
5460.2000 0.78098041
5461.1000 0.78023678
5462.0000 0.78032833
5462.9000 0.7817896
5463.8000 0.78222466
5464.7000 0.78029865
5465.6000 0.77615684
5466.5000 0.77261692
5467.4000 0.77466559
5468.3000 0.77650714
5469.2000 0.77920163
5470.1000 0.77929395
5471.0000 0.77933377
5471.9000 0.77663291
5472.8000 0.77257764
5473.7000 0.77136987
5474.6000 0.7731179
5475.5000 0.77343023
5476.4000 0.77315712
5477.3000 0.77377617
5478.2000 0.77454579
5479.1000 0.77426177
5480.0000 0.77274829
5480.9000 0.7670818
5481.8000 0.76436985
5482.7000 0.76377887
5483.6000 0.76351917
5484.5000 0.76702935
5485.4000 0.76909411
5486.3000 0.76710492
5487.2000 0.76190537
5488.1000 0.76293623
5489.0000 0.76322794
5489.9000 0.76145506
5490.8000 0.75989842
5491.7000 0.75921029
5492.6000 0.75910205
5493.5000 0.76063991
5494.4000 0.7617209
5495.3000 0.76345307
5496.2000 0.76356512
5497.1000 0.76253301
5498.0000 0.75681335
5498.9000 0.75291294
5499.8000 0.75331682
5500.7000 0.75892299
5501.6000 0.76009101
5502.5000 0.75855714
5503.4000 0.75639206
5504.3000 0.75247914
5505.2000 0.74940413
5506.1000 0.74758649
5507.0000 0.74928564
5507.9000 0.75352794
5508.8000 0.75795865
5509.7000 0.75665194
5510.6000 0.75460011
5511.5000 0.75784445
5512.4000 0.76147723
5513.3000 0.75947469
5514.2000 0.75813836
5515.1000 0.75873029
5516.0000 0.76055491
5516.9000 0.75950444
5517.8000 0.758057
5518.7000 0.75718606
5519.6000 0.757613
5520.5000 0.75692171
5521.4000 0.75666273
5522.3000 0.75639123
5523.2000 0.75699323
5524.1000 0.7581557
5525.0000 0.75700784
5525.9000 0.7548731
5526.8000 0.75222671
5527.7000 0.75197858
5528.6000 0.75172943
5529.5000 0.7504878
5530.4000 0.75019991
5531.3000 0.75228631
5532.2000 0.75032198
5533.1000 0.74911237
5534.0000 0.74777144
5534.9000 0.74811596
5535.8000 0.74902362
5536.7000 0.75019461
5537.6000 0.7505523
5538.5000 0.75089931
5539.4000 0.74873745
5540.3000 0.74674034
5541.2000 0.74572116
5542.1000 0.74537486
5543.0000 0.742625
5543.9000 0.73950672
5544.8000 0.73763585
5545.7000 0.74054855
5546.6000 0.74363571
5547.5000 0.74219096
5548.4000 0.74259877
5549.3000 0.74414235
5550.2000 0.74693608
5551.1000 0.74284124
5552.0000 0.7373755
5552.9000 0.73551196
5553.8000 0.73775148
5554.7000 0.74006391
5555.6000 0.74188226
5556.5000 0.74177295
5557.4000 0.73926258
5558.3000 0.73484445
5559.2000 0.73491204
5560.1000 0.73255789
5561.0000 0.73073858
5561.9000 0.73273236
5562.8000 0.73929304
5563.7000 0.73918706
5564.6000 0.73769897
5565.5000 0.73801827
5566.4000 0.73906291
5567.3000 0.74141985
5568.2000 0.74058306
5569.1000 0.73642814
5570.0000 0.73286968
5570.9000 0.73284972
5571.8000 0.73510534
5572.7000 0.73688179
5573.6000 0.73553431
5574.5000 0.73591077
5575.4000 0.73639107
5576.3000 0.73654187
5577.2000 0.73619503
5578.1000 0.73490906
5579.0000 0.73240083
5579.9000 0.73262334
5580.8000 0.72993958
5581.7000 0.72681576
5582.6000 0.72507834
5583.5000 0.72686172
5584.4000 0.72967017
5585.3000 0.72923177
5586.2000 0.72407353
5587.1000 0.72095555
5588.0000 0.71948177
5588.9000 0.71800041
5589.8000 0.72310758
5590.7000 0.72690922
5591.6000 0.72600496
5592.5000 0.72457939
5593.4000 0.72588116
5594.3000 0.72398567
5595.2000 0.72080076
5596.1000 0.7186107
5597.0000 0.7195285
5597.9000 0.71849394
5598.8000 0.72104025
5599.7000 0.72324151
5600.6000 0.72292423
5601.5000 0.72161078
5602.4000 0.72398055
5603.3000 0.72518408
5604.2000 0.72071248
5605.1000 0.71676487
5606.0000 0.71809489
5606.9000 0.71809542
5607.8000 0.71933329
5608.7000 0.72074109
5609.6000 0.7206924
5610.5000 0.71873111
5611.4000 0.71464211
5612.3000 0.71447575
5613.2000 0.71389872
5614.1000 0.71553475
5615.0000 0.71572489
5615.9000 0.71648127
5616.8000 0.71358925
5617.7000 0.71012855
5618.6000 0.7119354
5619.5000 0.71532142
5620.4000 0.70595556
5621.3000 0.69877273
5622.2000 0.69991982
5623.1000 0.70606041
5624.0000 0.70931852
5624.9000 0.70940495
5625.8000 0.70943534
5626.7000 0.7105093
5627.6000 0.70725203
5628.5000 0.71037585
5629.4000 0.71184725
5630.3000 0.70742536
5631.2000 0.70414871
5632.1000 0.70659339
5633.0000 0.71026862
5633.9000 0.70938188
5634.8000 0.70866096
5635.7000 0.70486999
5636.6000 0.70067281
5637.5000 0.70093256
5638.4000 0.6996271
5639.3000 0.69858468
5640.2000 0.69949734
5641.1000 0.7013756
5642.0000 0.70335788
5642.9000 0.7028994
5643.8000 0.70237899
5644.7000 0.69718492
5645.6000 0.69387084
5646.5000 0.69673145
5647.4000 0.70196873
5648.3000 0.69983143
5649.2000 0.69490397
5650.1000 0.69786543
5651.0000 0.69993097
5651.9000 0.69464129
5652.8000 0.69255239
5653.7000 0.69810843
5654.6000 0.70079446
5655.5000 0.69874126
5656.4000 0.69428766
5657.3000 0.69092
5658.2000 0.69264621
5659.1000 0.69707507
5660.0000 0.69441134
5660.9000 0.69555879
5661.8000 0.6968717
5662.7000 0.6942569
5663.6000 0.69136041
5664.5000 0.69076377
5665.4000 0.69398111
5666.3000 0.69812548
5667.2000 0.69487125
5668.1000 0.69326013
5669.0000 0.6914112
5669.9000 0.68974346
5670.8000 0.68913615
5671.7000 0.693133
5672.6000 0.69310158
5673.5000 0.68879527
5674.4000 0.68966806
5675.3000 0.68924588
5676.2000 0.68863946
5677.1000 0.68878728
5678.0000 0.69093645
5678.9000 0.68891954
5679.8000 0.68670565
5680.7000 0.68680447
5681.6000 0.68788314
5682.5000 0.68667156
5683.4000 0.68425411
5684.3000 0.68402869
5685.2000 0.68282294
5686.1000 0.68309945
5687.0000 0.68724036
5687.9000 0.68252826
5688.8000 0.67867285
5689.7000 0.6795395
5690.6000 0.68018597
5691.5000 0.67891115
5692.4000 0.67967641
5693.3000 0.67898542
5694.2000 0.6808387
5695.1000 0.68304634
5696.0000 0.68087667
5696.9000 0.67857772
5697.8000 0.67544419
5698.7000 0.67401087
5699.6000 0.67664647
5700.5000 0.67889583
5701.4000 0.67868865
5702.3000 0.67783946
5703.2000 0.67553693
5704.1000 0.67355466
5705.0000 0.67330718
5705.9000 0.6748994
5706.8000 0.67355442
5707.7000 0.67085874
5708.6000 0.66964579
5709.5000 0.67497122
5710.4000 0.67991179
5711.3000 0.67948097
5712.2000 0.67635834
5713.1000 0.67599177
5714.0000 0.67645842
5714.9000 0.6758526
5715.8000 0.67353481
5716.7000 0.67058676
5717.6000 0.67000043
5718.5000 0.66894078
5719.4000 0.66684192
5720.3000 0.66525167
5721.2000 0.66957068
5722.1000 0.67377126
5723.0000 0.67532462
5723.9000 0.67475808
5724.8000 0.67483115
5725.7000 0.6684854
5726.6000 0.66435623
5727.5000 0.66365665
5728.4000 0.66415495
5729.3000 0.66226327
5730.2000 0.65918887
5731.1000 0.65752572
5732.0000 0.65890813
5732.9000 0.65966368
5733.8000 0.66338211
5734.7000 0.66477799
5735.6000 0.66247308
5736.5000 0.66151822
5737.4000 0.66487139
5738.3000 0.66630119
5739.2000 0.66365916
5740.1000 0.66282165
5741.0000 0.65889299
5741.9000 0.65772927
5742.8000 0.66051549
5743.7000 0.66298479
5744.6000 0.66194808
5745.5000 0.66323501
5746.4000 0.66322356
5747.3000 0.66159511
5748.2000 0.65901458
5749.1000 0.65497035
5750.0000 0.65344828
5750.9000 0.65372199
5751.8000 0.65309328
5752.7000 0.65481216
5753.6000 0.65510654
5754.5000 0.65638244
5755.4000 0.65488738
5756.3000 0.65514547
5757.2000 0.65519416
5758.1000 0.65211481
5759.0000 0.65318835
5759.9000 0.65428799
5760.8000 0.65296668
5761.7000 0.65119052
5762.6000 0.65378904
5763.5000 0.65485549
5764.4000 0.65329504
5765.3000 0.65428323
5766.2000 0.65322697
5767.1000 0.6503126
5768.0000 0.65141708
5768.9000 0.65121257
5769.8000 0.65006226
5770.7000 0.64749771
5771.6000 0.64545006
5772.5000 0.64429766
5773.4000 0.64733613
5774.3000 0.64716369
5775.2000 0.64490658
5776.1000 0.64639747
5777.0000 0.64880162
5777.9000 0.64649659
5778.8000 0.64467573
5779.7000 0.64140218
5780.6000 0.63841635
5781.5000 0.63917416
5782.4000 0.63810045
5783.3000 0.63696957
5784.2000 0.63757056
5785.1000 0.63780463
5786.0000 0.63661379
5786.9000 0.64073265
5787.8000 0.6422739
5788.7000 0.64395183
5789.6000 0.64347214
5790.5000 0.64173919
5791.4000 0.64100164
5792.3000 0.64167368
5793.2000 0.64055252
5794.1000 0.64260542
5795.0000 0.6442548
5795.9000 0.64528692
5796.8000 0.64618826
5797.7000 0.64658332
5798.6000 0.64546353
5799.5000 0.64536709
5800.4000 0.64584011
5801.3000 0.64736265
5802.2000 0.64594942
5803.1000 0.64237756
5804.0000 0.64118814
5804.9000 0.63987261
5805.8000 0.64286882
5806.7000 0.64519542
5807.6000 0.64312655
5808.5000 0.64051527
5809.4000 0.63914573
5810.3000 0.63759911
5811.2000 0.63784099
5812.1000 0.63825601
5813.0000 0.63667303
5813.9000 0.63422745
5814.8000 0.63626373
5815.7000 0.63990092
5816.6000 0.64324373
5817.5000 0.63836098
5818.4000 0.63788164
5819.3000 0.64073139
5820.2000 0.63780177
5821.1000 0.63632196
5822.0000 0.63925254
5822.9000 0.63977021
5823.8000 0.63339305
5824.7000 0.6310904
5825.6000 0.63411134
5826.5000 0.63343811
5827.4000 0.63177621
5828.3000 0.63280922
5829.2000 0.63487566
5830.1000 0.63458204
5831.0000 0.63387412
5831.9000 0.63647676
5832.8000 0.6355567
5833.7000 0.63293689
5834.6000 0.62873024
5835.5000 0.62671274
5836.4000 0.62810135
5837.3000 0.63124675
5838.2000 0.62830567
5839.1000 0.6261121
5840.0000 0.63061702
5840.9000 0.63379258
5841.8000 0.63178211
5842.7000 0.629798
5843.6000 0.63090008
5844.5000 0.62823826
5845.4000 0.6230219
5846.3000 0.62219363
5847.2000 0.62516189
5848.1000 0.6289193
5849.0000 0.62874049
5849.9000 0.62701786
5850.8000 0.62705511
5851.7000 0.62404889
5852.6000 0.62237006
5853.5000 0.61862522
5854.4000 0.6217466
5855.3000 0.62402552
5856.2000 0.62010336
5857.1000 0.61763847
5858.0000 0.61836362
5858.9000 0.61956662
5859.8000 0.62132001
5860.7000 0.62088871
5861.6000 0.62290859
5862.5000 0.62257344
5863.4000 0.62284595
5864.3000 0.62252653
5865.2000 0.6213879
5866.1000 0.61745054
5867.0000 0.61143816
5867.9000 0.61260653
5868.8000 0.61817861
5869.7000 0.61998767
5870.6000 0.61827266
5871.5000 0.61742187
5872.4000 0.61216861
5873.3000 0.61017388
5874.2000 0.60572338
5875.1000 0.58264798
5876.0000 0.57013315
5876.9000 0.58804965
5877.8000 0.60742676
5878.7000 0.61445016
5879.6000 0.61479878
5880.5000 0.61429781
5881.4000 0.61374372
5882.3000 0.61675125
5883.2000 0.61430043
5884.1000 0.6114583
5885.0000 0.6128729
5885.9000 0.61290717
5886.8000 0.61215615
5887.7000 0.60974813
5888.6000 0.60820007
5889.5000 0.60432309
5890.4000 0.60403508
5891.3000 0.60571504
5892.2000 0.60588539
5893.1000 0.60556322
5894.0000 0.60587895
5894.9000 0.60825586
5895.8000 0.60730696
5896.7000 0.60464364
5897.6000 0.60694063
5898.5000 0.60788524
5899.4000 0.60644317
5900.3000 0.60545707
5901.2000 0.60772705
5902.1000 0.60666132
5903.0000 0.60770065
5903.9000 0.61224002
5904.8000 0.61354363
5905.7000 0.61092949
5906.6000 0.60613406
5907.5000 0.60561514
5908.4000 0.6088323
5909.3000 0.60883826
5910.2000 0.60700363
5911.1000 0.60633731
5912.0000 0.60275769
5912.9000 0.60097992
5913.8000 0.60232031
5914.7000 0.60498375
5915.6000 0.59942114
5916.5000 0.59580636
5917.4000 0.59906125
5918.3000 0.60173523
5919.2000 0.59899378
5920.1000 0.5982331
5921.0000 0.60055012
5921.9000 0.60412574
5922.8000 0.60271406
5923.7000 0.60202736
5924.6000 0.60038483
5925.5000 0.5968585
5926.4000 0.59696126
5927.3000 0.60230547
5928.2000 0.60036415
5929.1000 0.59848768
5930.0000 0.5976451
5930.9000 0.59291744
5931.8000 0.59302747
5932.7000 0.59361696
5933.6000 0.59349245
5934.5000 0.59488183
5935.4000 0.59779745
5936.3000 0.59962654
5937.2000 0.60023648
5938.1000 0.5990153
5939.0000 0.59901571
5939.9000 0.59673595
5940.8000 0.59255129
5941.7000 0.59220934
5942.6000 0.59525913
5943.5000 0.59418225
5944.4000 0.59165698
5945.3000 0.58872187
5946.2000 0.58978295
5947.1000 0.58953083
5948.0000 0.58877313
5948.9000 0.5935998
5949.8000 0.59504467
5950.7000 0.59272856
5951.6000 0.59098756
5952.5000 0.59441775
5953.4000 0.59663951
5954.3000 0.59508866
5955.2000 0.59139252
5956.1000 0.58914536
5957.0000 0.58745229
5957.9000 0.5841983
5958.8000 0.58083969
5959.7000 0.58349073
5960.6000 0.58693689
5961.5000 0.58636874
5962.4000 0.58339757
5963.3000 0.58575404
5964.2000 0.58918583
5965.1000 0.58921158
5966.0000 0.58595759
5966.9000 0.5859831
5967.8000 0.58553022
5968.7000 0.58358985
5969.6000 0.58366024
5970.5000 0.58515728
5971.4000 0.58617234
5972.3000 0.58523923
5973.2000 0.58468437
5974.1000 0.58512247
5975.0000 0.58744508
5975.9000 0.58609152
5976.8000 0.58263206
5977.7000 0.58047938
5978.6000 0.57937241
5979.5000 0.58022934
5980.4000 0.58497494
5981.3000 0.58193785
5982.2000 0.58030045
5983.1000 0.57971287
5984.0000 0.57684469
5984.9000 0.5773567
5985.8000 0.58235818
5986.7000 0.58569187
5987.6000 0.5863809
5988.5000 0.58459932
5989.4000 0.58654904
5990.3000 0.58415186
5991.2000 0.58249623
5992.1000 0.58471924
5993.0000 0.58420283
5993.9000 0.5820207
5994.8000 0.58097172
5995.7000 0.58252096
5996.6000 0.58214629
5997.5000 0.58081043
5998.4000 0.58008063
5999.3000 0.5816083
6000.2000 0.58174407
6001.1000 0.5799675
6002.0000 0.57754624
6002.9000 0.57579148
6003.8000 0.57745874
6004.7000 0.57877535
6005.6000 0.57354784
6006.5000 0.57024491
6007.4000 0.57307237
6008.3000 0.57517713
6009.2000 0.57246947
6010.1000 0.57223159
6011.0000 0.57443422
6011.9000 0.57487249
6012.8000 0.57223618
6013.7000 0.57009035
6014.6000 0.57290602
6015.5000 0.57146931
6016.4000 0.56894064
6017.3000 0.56806958
6018.2000 0.56874043
6019.1000 0.57027078
6020.0000 0.57043374
6020.9000 0.56874079
6021.8000 0.56983936
6022.7000 0.56745869
6023.6000 0.55513757
6024.5000 0.54715157
6025.4000 0.55517781
6026.3000 0.56477475
6027.2000 0.57064116
6028.1000 0.57046759
6029.0000 0.56643021
6029.9000 0.56390822
6030.8000 0.56428701
6031.7000 0.56262028
6032.6000 0.55814457
6033.5000 0.55432004
6034.4000 0.55131489
6035.3000 0.553653
6036.2000 0.56063372
6037.1000 0.56281871
6038.0000 0.55926669
6038.9000 0.55991763
6039.8000 0.56222063
6040.7000 0.56337404
6041.6000 0.56077045
6042.5000 0.54971641
6043.4000 0.54079908
6044.3000 0.5491066
6045.2000 0.55568403
6046.1000 0.55621505
6047.0000 0.55585927
6047.9000 0.55549216
6048.8000 0.55502248
6049.7000 0.55449694
6050.6000 0.55375969
6051.5000 0.55672687
6052.4000 0.55824167
6053.3000 0.55696017
6054.2000 0.554434
6055.1000 0.55296308
6056.0000 0.55323648
6056.9000 0.55685157
6057.8000 0.55664009
6058.7000 0.55085647
6059.6000 0.55050707
6060.5000 0.55206949
6061.4000 0.55317509
6062.3000 0.55250996
6063.2000 0.5514462
6064.1000 0.55182648
6065.0000 0.55303824
6065.9000 0.55264539
6066.8000 0.55408609
6067.7000 0.5574404
6068.6000 0.55705088
6069.5000 0.55543756
6070.4000 0.5548861
6071.3000 0.55283237
6072.2000 0.5533641
6073.1000 0.55365038
6074.0000 0.55183804
6074.9000 0.549128
6075.8000 0.54906845
6076.7000 0.55250347
6077.6000 0.55396384
6078.5000 0.55397606
6079.4000 0.55420011
6080.3000 0.55516362
6081.2000 0.55473554
6082.1000 0.5536626
6083.0000 0.54779494
6083.9000 0.54443777
6084.8000 0.54360157
6085.7000 0.54480362
6086.6000 0.5456779
6087.5000 0.54134899
6088.4000 0.53892249
6089.3000 0.54412168
6090.2000 0.5442732
6091.1000 0.54464138
6092.0000 0.54678845
6092.9000 0.54606313
6093.8000 0.54196233
6094.7000 0.5460093
6095.6000 0.55183101
6096.5000 0.54974592
6097.4000 0.54517251
6098.3000 0.5435698
6099.2000 0.54411912
6100.1000 0.54374135
6101.0000 0.54386973
6101.9000 0.54519403
6102.8000 0.54474503
6103.7000 0.54463315
6104.6000 0.546507
6105.5000 0.54438758
6106.4000 0.54320872
6107.3000 0.54298025
6108.2000 0.54598933
6109.1000 0.54581064
6110.0000 0.54406202
6110.9000 0.54228354
6111.8000 0.54339153
6112.7000 0.545919
6113.6000 0.54692
6114.5000 0.54542857
6115.4000 0.54268152
6116.3000 0.53952193
6117.2000 0.53939939
6118.1000 0.53853172
6119.0000 0.54042637
6119.9000 0.54090458
6120.8000 0.54021478
6121.7000 0.54022807
6122.6000 0.53967565
6123.5000 0.54008943
6124.4000 0.54060763
6125.3000 0.54282755
6126.2000 0.54221231
6127.1000 0.54201448
6128.0000 0.54169321
6128.9000 0.53909463
6129.8000 0.5378648
6130.7000 0.53973293
6131.6000 0.54320949
6132.5000 0.54329801
6133.4000 0.53781521
6134.3000 0.53657365
6135.2000 0.53834641
6136.1000 0.54003263
6137.0000 0.54209703
6137.9000 0.54182267
6138.8000 0.53668851
6139.7000 0.53607869
6140.6000 0.53803676
6141.5000 0.537875
6142.4000 0.53755617
6143.3000 0.5327152
6144.2000 0.52954268
6145.1000 0.53086442
6146.0000 0.53535765
6146.9000 0.53653216
6147.8000 0.53535503
6148.7000 0.53260517
6149.6000 0.52838558
6150.5000 0.52570975
6151.4000 0.52924794
6152.3000 0.53282392
6153.2000 0.53367293
6154.1000 0.53480613
6155.0000 0.53785682
6155.9000 0.53822982
6156.8000 0.53599507
6157.7000 0.53256994
6158.6000 0.5302223
6159.5000 0.52682883
6160.4000 0.52639771
6161.3000 0.52812952
6162.2000 0.52703005
6163.1000 0.52686405
6164.0000 0.52519959
6164.9000 0.518794
6165.8000 0.51508403
6166.7000 0.51859355
6167.6000 0.52242905
6168.5000 0.52495503
6169.4000 0.52568799
6170.3000 0.52131987
6171.2000 0.51872402
6172.1000 0.52127475
6173.0000 0.52174509
6173.9000 0.52416855
6174.8000 0.52471548
6175.7000 0.52275312
6176.6000 0.52474505
6177.5000 0.52543288
6178.4000 0.52034283
6179.3000 0.51708478
6180.2000 0.51816785
6181.1000 0.51959294
6182.0000 0.51860338
6182.9000 0.52218461
6183.8000 0.52140599
6184.7000 0.5177539
6185.6000 0.51747572
6186.5000 0.51613373
6187.4000 0.51540262
6188.3000 0.51395482
6189.2000 0.51530033
6190.1000 0.51952994
6191.0000 0.52275974
6191.9000 0.52368045
6192.8000 0.5256809
6193.7000 0.52596039
6194.6000 0.5214414
6195.5000 0.51599729
6196.4000 0.51759541
6197.3000 0.52195692
6198.2000 0.52252591
6199.1000 0.52064127
6200.0000 0.52037972
6200.9000 0.52140969
6201.8000 0.5215984
6202.7000 0.52059782
6203.6000 0.5199253
6204.5000 0.5215463
6205.4000 0.52019286
6206.3000 0.52121645
6207.2000 0.52244508
6208.1000 0.5239594
6209.0000 0.52332997
6209.9000 0.51945937
6210.8000 0.51738453
6211.7000 0.51647478
6212.6000 0.51503533
6213.5000 0.51426274
6214.4000 0.51437032
6215.3000 0.51864165
6216.2000 0.51761413
6217.1000 0.51762003
6218.0000 0.51722127
6218.9000 0.51789939
6219.8000 0.51958209
6220.7000 0.51637638
6221.6000 0.51352239
6222.5000 0.51648569
6223.4000 0.5190894
6224.3000 0.51864487
6225.2000 0.51791877
6226.1000 0.51411951
6227.0000 0.50879401
6227.9000 0.51101291
6228.8000 0.51401371
6229.7000 0.51117092
6230.6000 0.51326209
6231.5000 0.51601356
6232.4000 0.51080024
6233.3000 0.50798756
6234.2000 0.51489466
6235.1000 0.51480383
6236.0000 0.51279551
6236.9000 0.51432347
6237.8000 0.51518518
6238.7000 0.51123708
6239.6000 0.50771588
6240.5000 0.50937909
6241.4000 0.5066871
6242.3000 0.50312155
6243.2000 0.50630337
6244.1000 0.51106036
6245.0000 0.51365858
6245.9000 0.51285571
6246.8000 0.50937968
6247.7000 0.50595391
6248.6000 0.50625783
6249.5000 0.5076986
6250.4000 0.50847411
6251.3000 0.50903583
6252.2000 0.50581551
6253.1000 0.50763881
6254.0000 0.50795031
6254.9000 0.50816792
6255.8000 0.50246167
6256.7000 0.5002507
6257.6000 0.50528711
6258.5000 0.50506562
6259.4000 0.50248826
6260.3000 0.50445354
6261.2000 0.50285846
6262.1000 0.50103742
6263.0000 0.49765903
6263.9000 0.49786836
6264.8000 0.5008139
6265.7000 0.50512958
6266.6000 0.50488263
6267.5000 0.5008918
6268.4000 0.49979451
6269.3000 0.49974379
6270.2000 0.50002664
6271.1000 0.49639001
6272.0000 0.49564809
6272.9000 0.49754825
6273.8000 0.49896821
6274.7000 0.50020289
6275.6000 0.50586081
6276.5000 0.50455528
6277.4000 0.49853989
6278.3000 0.49444479
6279.2000 0.49517852
6280.1000 0.49593893
6281.0000 0.49645883
6281.9000 0.49505183
6282.8000 0.49594566
6283.7000 0.49955904
6284.6000 0.49993321
6285.5000 0.49844757
6286.4000 0.50013328
6287.3000 0.49728081
6288.2000 0.49311608
6289.1000 0.49070328
6290.0000 0.48940629
6290.9000 0.49198645
6291.8000 0.49318349
6292.7000 0.48885959
6293.6000 0.48785016
6294.5000 0.48875421
6295.4000 0.48625237
6296.3000 0.48795024
6297.2000 0.49148181
6298.1000 0.49129716
6299.0000 0.48904568
6299.9000 0.48922285
6300.8000 0.49197701
6301.7000 0.49193162
6302.6000 0.49150315
6303.5000 0.49199706
6304.4000 0.49222928
6305.3000 0.49172276
6306.2000 0.49000987
6307.1000 0.4899292
6308.0000 0.48978075
6308.9000 0.48909724
6309.8000 0.48816034
6310.7000 0.48624846
6311.6000 0.48637465
6312.5000 0.49251822
6313.4000 0.49612865
6314.3000 0.49338531
6315.2000 0.49117449
6316.1000 0.49077535
6317.0000 0.49192029
6317.9000 0.489539
6318.8000 0.48979571
6319.7000 0.48807138
6320.6000 0.49290252
6321.5000 0.49642536
6322.4000 0.49370936
6323.3000 0.49014688
6324.2000 0.48864767
6325.1000 0.48489401
6326.0000 0.48802844
6326.9000 0.48665056
6327.8000 0.48300877
6328.7000 0.48188269
6329.6000 0.4861201
6330.5000 0.48851559
6331.4000 0.48670799
6332.3000 0.48464265
6333.2000 0.48433185
6334.1000 0.48553982
6335.0000 0.48429477
6335.9000 0.48561034
6336.8000 0.48404378
6337.7000 0.48246381
6338.6000 0.4860144
6339.5000 0.48467159
6340.4000 0.4826217
6341.3000 0.4802587
6342.2000 0.4803941
6343.1000 0.4842892
6344.0000 0.48332316
6344.9000 0.4836261
6345.8000 0.4749718
6346.7000 0.46346027
6347.6000 0.46311185
6348.5000 0.47465459
6349.4000 0.48133382
6350.3000 0.48084241
6351.2000 0.48013407
6352.1000 0.48017085
6353.0000 0.4803839
6353.9000 0.47761136
6354.8000 0.47636253
6355.7000 0.47452307
6356.6000 0.47483543
6357.5000 0.47816074
6358.4000 0.4787409
6359.3000 0.47697046
6360.2000 0.47631249
6361.1000 0.47483236
6362.0000 0.47253767
6362.9000 0.47266418
6363.8000 0.47235623
6364.7000 0.4689343
6365.6000 0.46905303
6366.5000 0.4696475
6367.4000 0.47061899
6368.3000 0.47105238
6369.2000 0.46902394
6370.1000 0.4645071
6371.0000 0.45831227
6371.9000 0.46090961
6372.8000 0.46862191
6373.7000 0.47378978
6374.6000 0.4747633
6375.5000 0.47457385
6376.4000 0.47194448
6377.3000 0.46937475
6378.2000 0.46905345
6379.1000 0.46775791
6380.0000 0.46720001
6380.9000 0.46857038
6381.8000 0.46328816
6382.7000 0.46497041
6383.6000 0.46470928
6384.5000 0.46257243
6385.4000 0.4628444
6386.3000 0.46275693
6387.2000 0.4637762
6388.1000 0.46513629
6389.0000 0.46622473
6389.9000 0.46757817
6390.8000 0.46479592
6391.7000 0.46498597
6392.6000 0.46322879
6393.5000 0.4630861
6394.4000 0.46295321
6395.3000 0.46141154
6396.2000 0.46194124
6397.1000 0.46021983
6398.0000 0.46310136
6398.9000 0.46721974
6399.8000 0.46755764
6400.7000 0.46445292
6401.6000 0.46114454
6402.5000 0.46294129
6403.4000 0.46693662
6404.3000 0.46527129
6405.2000 0.46314493
6406.1000 0.46233451
6407.0000 0.4627068
6407.9000 0.46266982
6408.8000 0.46469563
6409.7000 0.4652932
6410.6000 0.46208254
6411.5000 0.45630303
6412.4000 0.45888194
6413.3000 0.4650521
6414.2000 0.46493444
6415.1000 0.46420988
6416.0000 0.46478131
6416.9000 0.46410263
6417.8000 0.46019828
6418.7000 0.45869726
6419.6000 0.46275216
6420.5000 0.47011557
6421.4000 0.47116905
6422.3000 0.46563455
6423.2000 0.46351796
6424.1000 0.46367425
6425.0000 0.46273911
6425.9000 0.4599728
6426.8000 0.45805693
6427.7000 0.45876938
6428.6000 0.45921072
6429.5000 0.46121356
6430.4000 0.45919621
6431.3000 0.45654011
6432.2000 0.45566562
6433.1000 0.4559496
6434.0000 0.45778263
6434.9000 0.45812315
6435.8000 0.45831555
6436.7000 0.45718572
6437.6000 0.45717913
6438.5000 0.45795783
6439.4000 0.4572323
6440.3000 0.45627585
6441.2000 0.4581109
6442.1000 0.45763484
6443.0000 0.45701173
6443.9000 0.4567273
6444.8000 0.45365271
6445.7000 0.45094395
6446.6000 0.45362926
6447.5000 0.45368743
6448.4000 0.45203739
6449.3000 0.45293048
6450.2000 0.45679933
6451.1000 0.45540908
6452.0000 0.45645204
6452.9000 0.45486799
6453.8000 0.45273143
6454.7000 0.45025137
6455.6000 0.44922456
6456.5000 0.45106646
6457.4000 0.45175081
6458.3000 0.44844106
6459.2000 0.44645524
6460.1000 0.44620562
6461.0000 0.44605166
6461.9000 0.44548237
6462.8000 0.44427958
6463.7000 0.44445902
6464.6000 0.44653997
6465.5000 0.44804049
6466.4000 0.4455007
6467.3000 0.44912031
6468.2000 0.45385286
6469.1000 0.45093876
6470.0000 0.44622627
6470.9000 0.44863468
6471.8000 0.44682276
6472.7000 0.44371316
6473.6000 0.44531742
6474.5000 0.44620189
6475.4000 0.44354054
6476.3000 0.44169635
6477.2000 0.44285899
6478.1000 0.44585517
6479.0000 0.44741654
6479.9000 0.44491974
6480.8000 0.44341072
6481.7000 0.44213432
6482.6000 0.43923882
6483.5000 0.44021341
6484.4000 0.44340387
6485.3000 0.44292304
6486.2000 0.44174019
6487.1000 0.44082198
6488.0000 0.44054687
6488.9000 0.43898606
6489.8000 0.43639517
6490.7000 0.43736646
6491.6000 0.4396174
6492.5000 0.43719396
6493.4000 0.43736637
6494.3000 0.43990925
6495.2000 0.4394986
6496.1000 0.43524078
6497.0000 0.43253714
6497.9000 0.43419901
6498.8000 0.43519804
6499.7000 0.43565968
6500.6000 0.43554685
6501.5000 0.43467963
6502.4000 0.43192437
6503.3000 0.43090385
6504.2000 0.43472639
6505.1000 0.43564397
6506.0000 0.4300822
6506.9000 0.42532974
6507.8000 0.42208081
6508.7000 0.42603287
6509.6000 0.43152037
6510.5000 0.43153292
6511.4000 0.42895469
6512.3000 0.43085638
6513.2000 0.43231118
6514.1000 0.42994747
6515.0000 0.42556885
6515.9000 0.42499486
6516.8000 0.42682308
6517.7000 0.42701373
6518.6000 0.42524219
6519.5000 0.42664909
6520.4000 0.42624205
6521.3000 0.42676619
6522.2000 0.42675224
6523.1000 0.42552257
6524.0000 0.42407545
6524.9000 0.42060962
6525.8000 0.42122257
6526.7000 0.42192879
6527.6000 0.42141569
6528.5000 0.42122391
6529.4000 0.42120883
6530.3000 0.4218412
6531.2000 0.42085299
6532.1000 0.42027411
6533.0000 0.42113012
6533.9000 0.4201287
6534.8000 0.4199051
6535.7000 0.42093512
6536.6000 0.42127308
6537.5000 0.41784734
6538.4000 0.41842681
6539.3000 0.42035589
6540.2000 0.41988578
6541.1000 0.41631886
6542.0000 0.4112283
6542.9000 0.40940857
6543.8000 0.41082281
6544.7000 0.41011792
6545.6000 0.40521121
6546.5000 0.40261236
6547.4000 0.40070796
6548.3000 0.3975223
6549.2000 0.39494202
6550.1000 0.39191666
6551.0000 0.38546982
6551.9000 0.37740019
6552.8000 0.3731676
6553.7000 0.37117383
6554.6000 0.36420679
6555.5000 0.35591722
6556.4000 0.34808612
6557.3000 0.33897027
6558.2000 0.32654086
6559.1000 0.31485108
6560.0000 0.30419186
6560.9000 0.28339824
6561.8000 0.24047257
6562.7000 0.2071016
6563.6000 0.22816652
6564.5000 0.2726754
6565.4000 0.29719898
6566.3000 0.30889359
6567.2000 0.32140353
6568.1000 0.33350334
6569.0000 0.34277597
6569.9000 0.34983078
6570.8000 0.35625929
6571.7000 0.36246091
6572.6000 0.36812517
6573.5000 0.37001613
6574.4000 0.37206951
6575.3000 0.37552798
6576.2000 0.38178942
6577.1000 0.38579786
6578.0000 0.38631487
6578.9000 0.38706839
6579.8000 0.38892156
6580.7000 0.39160067
6581.6000 0.39590371
6582.5000 0.39706948
6583.4000 0.39661595
6584.3000 0.39589706
6585.2000 0.39560854
6586.1000 0.39531246
6587.0000 0.39435056
6587.9000 0.3949405
6588.8000 0.39670831
6589.7000 0.3975507
6590.6000 0.39690638
6591.5000 0.39654079
6592.4000 0.39680678
6593.3000 0.39997259
6594.2000 0.39971283
6595.1000 0.39329886
6596.0000 0.39207119
6596.9000 0.39695057
6597.8000 0.39888692
6598.7000 0.39840972
6599.6000 0.3953661
6600.5000 0.39680868
6601.4000 0.40078628
6602.3000 0.40420121
6603.2000 0.4024848
6604.1000 0.40003386
6605.0000 0.4022972
6605.9000 0.40332603
6606.8000 0.40392751
6607.7000 0.40340635
6608.6000 0.40263942
6609.5000 0.40176657
6610.4000 0.40455091
6611.3000 0.40592688
6612.2000 0.40599859
6613.1000 0.40425229
6614.0000 0.40239838
6614.9000 0.40252635
6615.8000 0.40256706
6616.7000 0.40289038
6617.6000 0.40297464
6618.5000 0.40257263
6619.4000 0.40658706
6620.3000 0.40644136
6621.2000 0.40392831
6622.1000 0.40009797
6623.0000 0.40117264
6623.9000 0.40443006
6624.8000 0.40348613
6625.7000 0.40181729
6626.6000 0.40159512
6627.5000 0.40132332
6628.4000 0.4001638
6629.3000 0.40078601
6630.2000 0.40440035
6631.1000 0.40209752
6632.0000 0.39875782
6632.9000 0.39896068
6633.8000 0.4009822
6634.7000 0.40393466
6635.6000 0.4037953
6636.5000 0.40251496
6637.4000 0.40081376
6638.3000 0.40194517
6639.2000 0.40229371
6640.1000 0.40139303
6641.0000 0.40034914
6641.9000 0.40102664
6642.8000 0.40073088
6643.7000 0.39989382
6644.6000 0.40315014
6645.5000 0.40494058
6646.4000 0.40140414
6647.3000 0.39973974
6648.2000 0.39938053
6649.1000 0.39975092
6650.0000 0.39915085
6650.9000 0.39996052
6651.8000 0.40132058
6652.7000 0.39908171
6653.6000 0.39525658
6654.5000 0.39328137
6655.4000 0.39731753
6656.3000 0.39845949
6657.2000 0.3989577
6658.1000 0.39780465
6659.0000 0.39566517
6659.9000 0.39778489
6660.8000 0.39670694
6661.7000 0.39530039
6662.6000 0.3955614
6663.5000 0.39735919
6664.4000 0.39851162
6665.3000 0.39671317
6666.2000 0.3949928
6667.1000 0.3937794
6668.0000 0.39462027
6668.9000 0.39415872
6669.8000 0.39592621
6670.7000 0.39756563
6671.6000 0.39478686
6672.5000 0.39478537
6673.4000 0.39612788
6674.3000 0.39822993
6675.2000 0.39434645
6676.1000 0.38879955
6677.0000 0.38474804
6677.9000 0.37812427
6678.8000 0.37770021
6679.7000 0.38661951
6680.6000 0.38779938
6681.5000 0.38520268
6682.4000 0.38638389
6683.3000 0.3916887
6684.2000 0.39040694
6685.1000 0.38832137
6686.0000 0.38890341
6686.9000 0.39087152
6687.8000 0.39038083
6688.7000 0.38703325
6689.6000 0.38661188
6690.5000 0.38666356
6691.4000 0.39023057
6692.3000 0.39305148
6693.2000 0.38801995
6694.1000 0.38567942
6695.0000 0.38711253
6695.9000 0.38694599
6696.8000 0.38599098
6697.7000 0.38648137
6698.6000 0.3902975
6699.5000 0.38815549
6700.4000 0.38518143
6701.3000 0.38541681
6702.2000 0.38513249
6703.1000 0.38548234
6704.0000 0.38544375
6704.9000 0.38505974
6705.8000 0.3878336
6706.7000 0.38750631
6707.6000 0.38640115
6708.5000 0.3856113
6709.4000 0.38567814
6710.3000 0.3874709
6711.2000 0.38815418
6712.1000 0.38800934
6713.0000 0.38548955
6713.9000 0.38239872
6714.8000 0.38405263
6715.7000 0.38691947
6716.6000 0.38338533
6717.5000 0.38014662
6718.4000 0.38191137
6719.3000 0.382173
6720.2000 0.38103035
6721.1000 0.38357332
6722.0000 0.38526118
6722.9000 0.38332215
6723.8000 0.38060749
6724.7000 0.38078958
6725.6000 0.37806666
6726.5000 0.37704852
6727.4000 0.37646499
6728.3000 0.37849528
6729.2000 0.38005188
6730.1000 0.38073477
6731.0000 0.3818754
6731.9000 0.38285553
6732.8000 0.38383988
6733.7000 0.38209814
6734.6000 0.3811357
6735.5000 0.38315025
6736.4000 0.38403708
6737.3000 0.37902829
6738.2000 0.37824234
6739.1000 0.37771055
6740.0000 0.37614039
6740.9000 0.37753791
6741.8000 0.37797752
6742.7000 0.37195435
6743.6000 0.37357214
6744.5000 0.37697652
6745.4000 0.37857342
6746.3000 0.3755424
6747.2000 0.37608379
6748.1000 0.37762547
6749.0000 0.37707421
6749.9000 0.37384221
6750.8000 0.36999348
6751.7000 0.37118003
6752.6000 0.37359917
6753.5000 0.37597331
6754.4000 0.37543991
6755.3000 0.37361091
6756.2000 0.37516508
6757.1000 0.3751269
6758.0000 0.37501693
6758.9000 0.37432006
6759.8000 0.37369373
6760.7000 0.37322277
6761.6000 0.37411129
6762.5000 0.37476915
6763.4000 0.37122717
6764.3000 0.37152687
6765.2000 0.37226212
6766.1000 0.37326586
6767.0000 0.37448418
6767.9000 0.37308496
6768.8000 0.37201884
6769.7000 0.36714569
6770.6000 0.37008917
6771.5000 0.37570459
6772.4000 0.37452719
6773.3000 0.37103584
6774.2000 0.3679617
6775.1000 0.36972761
6776.0000 0.3674902
6776.9000 0.36750075
6777.8000 0.36904222
6778.7000 0.37043291
6779.6000 0.36851713
6780.5000 0.36811894
6781.4000 0.3679474
6782.3000 0.37066117
6783.2000 0.36617222
6784.1000 0.36610711
6785.0000 0.36559889
6785.9000 0.36794865
6786.8000 0.36686516
6787.7000 0.36597103
6788.6000 0.36538768
6789.5000 0.36255831
6790.4000 0.36454383
6791.3000 0.36377579
6792.2000 0.36240962
6793.1000 0.3640683
6794.0000 0.36463821
6794.9000 0.36569953
6795.8000 0.36819321
6796.7000 0.37423772
6797.6000 0.37006843
6798.5000 0.36430076
6799.4000 0.36543691
6800.3000 0.3661516
6801.2000 0.3655414
6802.1000 0.36601573
6803.0000 0.36290175
6803.9000 0.36601084
6804.8000 0.36475861
6805.7000 0.36186031
6806.6000 0.36442682
6807.5000 0.36634293
6808.4000 0.36367685
6809.3000 0.36482447
6810.2000 0.35957813
6811.1000 0.35751379
6812.0000 0.36022809
6812.9000 0.36119184
6813.8000 0.36262581
6814.7000 0.36140394
6815.6000 0.35989437
6816.5000 0.35902712
6817.4000 0.35764629
6818.3000 0.36013305
6819.2000 0.36316758
6820.1000 0.3672922
6821.0000 0.3667109
6821.9000 0.36567193
6822.8000 0.36440712
6823.7000 0.36127904
6824.6000 0.36002067
6825.5000 0.36008379
6826.4000 0.36296019
6827.3000 0.36194667
6828.2000 0.35985655
6829.1000 0.36004445
6830.0000 0.36208013
6830.9000 0.36504158
6831.8000 0.36294606
6832.7000 0.35684469
6833.6000 0.35672751
6834.5000 0.35716924
6835.4000 0.35427231
6836.3000 0.35733339
6837.2000 0.35888541
6838.1000 0.35914728
6839.0000 0.35707214
6839.9000 0.35354483
6840.8000 0.35473001
6841.7000 0.35767439
6842.6000 0.357077
6843.5000 0.35433474
6844.4000 0.35809174
6845.3000 0.36106983
6846.2000 0.35781315
6847.1000 0.35766432
6848.0000 0.35755253
6848.9000 0.35642174
6849.8000 0.35550821
6850.7000 0.35457408
6851.6000 0.35476816
6852.5000 0.35634986
6853.4000 0.35698032
6854.3000 0.36096755
6855.2000 0.35911983
6856.1000 0.35459906
6857.0000 0.35246962
6857.9000 0.35387957
6858.8000 0.35682309
6859.7000 0.35567111
6860.6000 0.35432294
6861.5000 0.35222995
6862.4000 0.35132214
6863.3000 0.3525641
6864.2000 0.35462874
6865.1000 0.35644528
6866.0000 0.36211863
6866.9000 0.36066768
6867.8000 0.34651774
6868.7000 0.34455901
6869.6000 0.35912326
6870.5000 0.36030018
6871.4000 0.35602641
6872.3000 0.35477462
6873.2000 0.35297012
6874.1000 0.35196778
6875.0000 0.3544139
6875.9000 0.35815138
6876.8000 0.35868379
6877.7000 0.35842666
6878.6000 0.3577601
6879.5000 0.35303369
6880.4000 0.3552036
6881.3000 0.35780573
6882.2000 0.35753131
6883.1000 0.35449833
6884.0000 0.35210842
6884.9000 0.35311636
6885.8000 0.34878081
6886.7000 0.34589526
6887.6000 0.35279745
6888.5000 0.35470614
6889.4000 0.34584677
6890.3000 0.34964874
6891.2000 0.35668686
6892.1000 0.35099769
6893.0000 0.34399143
6893.9000 0.34899011
6894.8000 0.35543221
6895.7000 0.35019365
6896.6000 0.34456974
6897.5000 0.34849215
6898.4000 0.35487959
6899.3000 0.35542074
6900.2000 0.34547171
6901.1000 0.34590882
6902.0000 0.35917413
6902.9000 0.36209148
6903.8000 0.35125679
6904.7000 0.34329581
6905.6000 0.34769484
6906.5000 0.35448048
6907.4000 0.3567
6908.3000 0.35143217
6909.2000 0.34648344
6910.1000 0.34790775
6911.0000 0.34967774
6911.9000 0.34886411
6912.8000 0.34668553
6913.7000 0.34021103
6914.6000 0.34029987
6915.5000 0.34488925
6916.4000 0.3442899
6917.3000 0.34217155
6918.2000 0.34147435
6919.1000 0.34219283
6920.0000 0.34463105
6920.9000 0.34229049
6921.8000 0.34176812
6922.7000 0.34488249
6923.6000 0.34560132
6924.5000 0.34791818
6925.4000 0.34927499
6926.3000 0.34940657
6927.2000 0.34949368
6928.1000 0.3504082
6929.0000 0.3523044
6929.9000 0.35397696
6930.8000 0.35263324
6931.7000 0.34948108
6932.6000 0.34745097
6933.5000 0.34915072
6934.4000 0.35033795
6935.3000 0.35147613
6936.2000 0.3505879
6937.1000 0.3502017
6938.0000 0.34752059
6938.9000 0.3431356
6939.8000 0.33993435
6940.7000 0.34263468
6941.6000 0.34618366
6942.5000 0.34566829
6943.4000 0.34464341
6944.3000 0.34582976
6945.2000 0.34611863
6946.1000 0.34391752
6947.0000 0.34006155
6947.9000 0.33849284
6948.8000 0.33852503
6949.7000 0.33918464
6950.6000 0.34160474
6951.5000 0.34283146
6952.4000 0.34337249
6953.3000 0.34326532
6954.2000 0.34428883
6955.1000 0.34255406
6956.0000 0.33862078
6956.9000 0.3374505
6957.8000 0.3411954
6958.7000 0.34299943
6959.6000 0.34199828
6960.5000 0.34255609
6961.4000 0.33999819
6962.3000 0.33535835
6963.2000 0.33478186
6964.1000 0.33586112
6965.0000 0.33583504
6965.9000 0.33546641
6966.8000 0.3351565
6967.7000 0.33368897
6968.6000 0.33467877
6969.5000 0.33672076
6970.4000 0.33630046
6971.3000 0.33426866
6972.2000 0.33156148
6973.1000 0.33273071
6974.0000 0.33182955
6974.9000 0.33169973
6975.8000 0.33548251
6976.7000 0.33473411
6977.6000 0.33160281
6978.5000 0.33368638
6979.4000 0.33260104
6980.3000 0.33221364
6981.2000 0.33374766
6982.1000 0.33340931
6983.0000 0.33514491
6983.9000 0.33667165
6984.8000 0.33310595
6985.7000 0.33233446
6986.6000 0.3357918
6987.5000 0.33581862
6988.4000 0.33566445
6989.3000 0.33859661
6990.2000 0.33699429
6991.1000 0.33453828
6992.0000 0.33584249
6992.9000 0.33500898
6993.8000 0.33676958
6994.7000 0.33796802
6995.6000 0.33913827
6996.5000 0.33737251
6997.4000 0.33655214
6998.3000 0.33661053
6999.2000 0.3352308
7000.1000 0.33796322
7001.0000 0.33897966
7001.9000 0.33521605
7002.8000 0.33620998
7003.7000 0.3373684
7004.6000 0.33353835
7005.5000 0.33499378
7006.4000 0.33535483
7007.3000 0.33265218
7008.2000 0.3335802
7009.1000 0.33605489
7010.0000 0.33930486
7010.9000 0.3412295
7011.8000 0.33772859
7012.7000 0.33364102
7013.6000 0.33251357
7014.5000 0.33526519
7015.4000 0.33606616
7016.3000 0.33440474
7017.2000 0.33271685
7018.1000 0.33313185
7019.0000 0.33135381
7019.9000 0.33228257
7020.8000 0.32964107
7021.7000 0.32651699
7022.6000 0.32929698
7023.5000 0.33073974
7024.4000 0.32755584
7025.3000 0.3233473
7026.2000 0.32503098
7027.1000 0.32400379
7028.0000 0.32038787
7028.9000 0.32130399
7029.8000 0.32233739
7030.7000 0.32311282
7031.6000 0.32549888
7032.5000 0.32624793
7033.4000 0.32529485
7034.3000 0.32387561
7035.2000 0.32280707
7036.1000 0.32097533
7037.0000 0.3249599
7037.9000 0.32575044
7038.8000 0.32641593
7039.7000 0.32652485
7040.6000 0.32515752
7041.5000 0.32762298
7042.4000 0.32621992
7043.3000 0.3247852
7044.2000 0.32438728
7045.1000 0.32434118
7046.0000 0.32319957
7046.9000 0.32295269
7047.8000 0.32389259
7048.7000 0.3221342
7049.6000 0.32354373
7050.5000 0.32364199
7051.4000 0.32057336
7052.3000 0.31938091
7053.2000 0.32001567
7054.1000 0.32163891
7055.0000 0.3214106
7055.9000 0.32200661
7056.8000 0.32107857
7057.7000 0.32229164
7058.6000 0.32222146
7059.5000 0.31965515
7060.4000 0.31819117
7061.3000 0.32140288
7062.2000 0.32305342
7063.1000 0.32413408
7064.0000 0.3233721
7064.9000 0.3218199
7065.8000 0.32269996
7066.7000 0.32368094
7067.6000 0.32207626
7068.5000 0.32362455
7069.4000 0.32230741
7070.3000 0.32063714
7071.2000 0.32225561
7072.1000 0.31951332
7073.0000 0.3150498
7073.9000 0.31305298
7074.8000 0.31344062
7075.7000 0.31417885
7076.6000 0.31393591
7077.5000 0.31460917
7078.4000 0.31427988
7079.3000 0.31591564
7080.2000 0.31518438
7081.1000 0.31416491
7082.0000 0.31053647
7082.9000 0.30887395
7083.8000 0.31072342
7084.7000 0.31206083
7085.6000 0.31021112
7086.5000 0.31299937
7087.4000 0.3101005
7088.3000 0.306344
7089.2000 0.30843765
7090.1000 0.30787548
7091.0000 0.30839574
7091.9000 0.3091059
7092.8000 0.31081772
7093.7000 0.3122915
7094.6000 0.30993146
7095.5000 0.30948171
7096.4000 0.30603629
7097.3000 0.30582729
7098.2000 0.31390065
7099.1000 0.31694213
7100.0000 0.31142154
7100.9000 0.30789387
7101.8000 0.30687997
7102.7000 0.30922717
7103.6000 0.30781803
7104.5000 0.30943695
7105.4000 0.31329861
7106.3000 0.31160668
7107.2000 0.30987242
7108.1000 0.31004444
7109.0000 0.31314778
7109.9000 0.3127847
7110.8000 0.3090986
7111.7000 0.3071698
7112.6000 0.31224701
7113.5000 0.31777999
7114.4000 0.31879815
7115.3000 0.3157835
7116.2000 0.31341782
7117.1000 0.31151119
7118.0000 0.31156281
7118.9000 0.31293955
7119.8000 0.31522936
7120.7000 0.314648
7121.6000 0.31753919
7122.5000 0.32013679
7123.4000 0.31752068
7124.3000 0.31471485
7125.2000 0.3130711
7126.1000 0.3133963
7127.0000 0.31695193
7127.9000 0.32009062
7128.8000 0.32028112
7129.7000 0.31844127
7130.6000 0.31932509
7131.5000 0.31951824
7132.4000 0.31791624
7133.3000 0.31438488
7134.2000 0.31398255
7135.1000 0.31349897
7136.0000 0.31305867
7136.9000 0.31246594
7137.8000 0.31413522
7138.7000 0.31552571
7139.6000 0.31404307
7140.5000 0.31227419
7141.4000 0.31147203
7142.3000 0.31418306
7143.2000 0.31445003
7144.1000 0.31081438
7145.0000 0.31159753
7145.9000 0.3126699
7146.8000 0.30848166
7147.7000 0.30693075
7148.6000 0.30668411
7149.5000 0.30935782
7150.4000 0.30887946
7151.3000 0.30803019
7152.2000 0.30883211
7153.1000 0.31179512
7154.0000 0.31348589
7154.9000 0.31173405
7155.8000 0.31047672
7156.7000 0.31217539
7157.6000 0.3121236
7158.5000 0.31227326
7159.4000 0.31238157
7160.3000 0.31095403
7161.2000 0.31046444
7162.1000 0.30814883
7163.0000 0.30590785
7163.9000 0.30698454
7164.8000 0.3086257
7165.7000 0.308043
7166.6000 0.30744514
7167.5000 0.31063196
7168.4000 0.31220293
7169.3000 0.31204957
7170.2000 0.308653
7171.1000 0.30541146
7172.0000 0.30437803
7172.9000 0.30423391
7173.8000 0.30678359
7174.7000 0.30840608
7175.6000 0.30738878
7176.5000 0.30657637
7177.4000 0.30470097
7178.3000 0.30446717
7179.2000 0.30447853
7180.1000 0.30043823
7181.0000 0.29592648
7181.9000 0.29966155
7182.8000 0.30525124
7183.7000 0.30525762
7184.6000 0.30425346
7185.5000 0.30944076
7186.4000 0.30982727
7187.3000 0.30627099
7188.2000 0.30784756
7189.1000 0.30748063
7190.0000 0.29995722
7190.9000 0.29606113
7191.8000 0.29563469
7192.7000 0.30043423
7193.6000 0.30105108
7194.5000 0.30471799
7195.4000 0.30738711
7196.3000 0.30505359
7197.2000 0.30114689
7198.1000 0.30191213
7199.0000 0.30361494
7199.9000 0.30251181
7200.8000 0.30460283
7201.7000 0.31320798
7202.6000 0.31698638
7203.5000 0.30845267
7204.4000 0.30094901
7205.3000 0.30363095
7206.2000 0.30569384
7207.1000 0.30533764
7208.0000 0.30656958
7208.9000 0.30395654
7209.8000 0.30065796
7210.7000 0.30064988
7211.6000 0.30329737
7212.5000 0.30434769
7213.4000 0.30345902
7214.3000 0.30385432
7215.2000 0.30596769
7216.1000 0.30642733
7217.0000 0.306557
7217.9000 0.30639392
7218.8000 0.30377594
7219.7000 0.30259833
7220.6000 0.3024478
7221.5000 0.30277681
7222.4000 0.30188051
7223.3000 0.29903826
7224.2000 0.30046892
7225.1000 0.30611959
7226.0000 0.30277795
7226.9000 0.29818425
7227.8000 0.30111524
7228.7000 0.30505648
7229.6000 0.30162063
7230.5000 0.30023399
7231.4000 0.30352396
7232.3000 0.30419496
7233.2000 0.30594602
7234.1000 0.30839524
7235.0000 0.30455828
7235.9000 0.30383876
7236.8000 0.30399171
7237.7000 0.30239305
7238.6000 0.30141583
7239.5000 0.30210161
7240.4000 0.29923514
7241.3000 0.29953384
7242.2000 0.30427486
7243.1000 0.30144382
7244.0000 0.30056182
7244.9000 0.30342916
7245.8000 0.30224723
7246.7000 0.30206549
7247.6000 0.30282173
7248.5000 0.2986407
7249.4000 0.29570091
7250.3000 0.29755986
7251.2000 0.30049857
7252.1000 0.29991567
7253.0000 0.29899824
7253.9000 0.30298024
7254.8000 0.30492634
7255.7000 0.2978743
7256.6000 0.29361594
7257.5000 0.29416773
7258.4000 0.29711339
7259.3000 0.29989997
7260.2000 0.29973492
7261.1000 0.29934293
7262.0000 0.30225414
7262.9000 0.30100918
7263.8000 0.29512644
7264.7000 0.29013997
7265.6000 0.2882258
7266.5000 0.2929517
7267.4000 0.29495957
7268.3000 0.29176375
7269.2000 0.29085875
7270.1000 0.292164
7271.0000 0.2932435
7271.9000 0.28967392
7272.8000 0.28661898
7273.7000 0.29237673
7274.6000 0.29490018
7275.5000 0.29364705
7276.4000 0.29325035
7277.3000 0.29622218
7278.2000 0.30005255
7279.1000 0.30126086
7280.0000 0.30035642
7280.9000 0.29909986
7281.8000 0.29788563
7282.7000 0.29698768
7283.6000 0.29561633
7284.5000 0.29511654
7285.4000 0.29340133
7286.3000 0.29141906
7287.2000 0.29148781
7288.1000 0.29473642
7289.0000 0.2971223
7289.9000 0.29570165
7290.8000 0.29651284
7291.7000 0.29977518
7292.6000 0.29981282
7293.5000 0.29574233
7294.4000 0.29600468
7295.3000 0.29471704
7296.2000 0.29227898
7297.1000 0.29220566
7298.0000 0.28924948
7298.9000 0.28780264
7299.8000 0.29147735
7300.7000 0.29057491
7301.6000 0.28571594
7302.5000 0.28488961
7303.4000 0.28672221
7304.3000 0.28654149
7305.2000 0.28690428
7306.1000 0.28636199
7307.0000 0.2842485
7307.9000 0.28153163
7308.8000 0.27859938
7309.7000 0.2810522
7310.6000 0.2852563
7311.5000 0.28529844
7312.4000 0.28500062
7313.3000 0.28597701
7314.2000 0.28260794
7315.1000 0.28234786
7316.0000 0.28951195
7316.9000 0.29363278
7317.8000 0.29123399
7318.7000 0.29180276
7319.6000 0.29542097
7320.5000 0.29659986
7321.4000 0.2938706
7322.3000 0.29593378
7323.2000 0.2954289
7324.1000 0.29569548
7325.0000 0.30032986
7325.9000 0.30215472
7326.8000 0.29864857
7327.7000 0.29476669
7328.6000 0.29246426
7329.5000 0.29206011
7330.4000 0.29206881
7331.3000 0.29130507
7332.2000 0.29323059
7333.1000 0.2941933
7334.0000 0.29490817
7334.9000 0.2958695
7335.8000 0.29449749
7336.7000 0.29214382
7337.6000 0.29133442
7338.5000 0.28927743
7339.4000 0.28559703
7340.3000 0.28404525
7341.2000 0.28587964
7342.1000 0.28386664
7343.0000 0.28105351
7343.9000 0.28049111
7344.8000 0.28051642
7345.7000 0.27928483
7346.6000 0.27891725
7347.5000 0.28148076
7348.4000 0.28346312
7349.3000 0.28214097
7350.2000 0.28158453
7351.1000 0.28429863
7352.0000 0.2845884
7352.9000 0.28251177
7353.8000 0.28414157
7354.7000 0.29011345
7355.6000 0.29063198
7356.5000 0.28943568
7357.4000 0.28687224
7358.3000 0.2846632
7359.2000 0.28377163
7360.1000 0.28464195
7361.0000 0.28374782
7361.9000 0.28192446
7362.8000 0.28059652
7363.7000 0.28064588
7364.6000 0.28147304
7365.5000 0.28243807
7366.4000 0.28150544
7367.3000 0.27892432
7368.2000 0.27662295
7369.1000 0.27666366
7370.0000 0.27766398
7370.9000 0.27664366
7371.8000 0.27360934
7372.7000 0.27084398
7373.6000 0.27022886
7374.5000 0.27005684
7375.4000 0.27120489
7376.3000 0.27126649
7377.2000 0.26740712
7378.1000 0.26532957
7379.0000 0.26791066
7379.9000 0.26931116
7380.8000 0.26794481
7381.7000 0.26619339
7382.6000 0.26554275
7383.5000 0.2660653
7384.4000 0.26410696
7385.3000 0.26266411
7386.2000 0.26474157
7387.1000 0.26662645
7388.0000 0.26655486
7388.9000 0.26181358
7389.8000 0.26023546
7390.7000 0.26128078
7391.6000 0.25984186
7392.5000 0.25882718
7393.4000 0.25916648
7394.3000 0.26012373
7395.2000 0.26055038
7396.1000 0.26133415
7397.0000 0.26521495
7397.9000 0.26667902
7398.8000 0.26813012
7399.7000 0.26960123
7400.6000 0.27312881
7401.5000 0.2734172
7402.4000 0.27299818
7403.3000 0.27545872
7404.2000 0.27647275
7405.1000 0.27563521
7406.0000 0.27592245
7406.9000 0.27857819
7407.8000 0.28090468
7408.7000 0.28151006
7409.6000 0.27986491
7410.5000 0.27951822
7411.4000 0.28165886
7412.3000 0.28352031
7413.2000 0.00034212
7414.1000 0
7415.0000 0
7415.9000 0
7416.8000 0
7417.7000 0
7418.6000 0
7419.5000 0
7420.4000 0
7421.3000 0
7422.2000 0
7423.1000 0
7424.0000 0
7424.9000 0
7425.8000 0
7426.7000 0
7427.6000 0
7428.5000 0
7429.4000 0
