3500.0000 0
3500.9000 0
3501.8000 0
3502.7000 0
3503.6000 0
3504.5000 0
3505.4000 0
3506.3000 0
3507.2000 0
3508.1000 0
3509.0000 0
3509.9000 0
3510.8000 0
3511.7000 0
3512.6000 0
3513.5000 0
3514.4000 0
3515.3000 0
3516.2000 0
3517.1000 0
3518.0000 0
3518.9000 0
3519.8000 0
3520.7000 0
3521.6000 0
3522.5000 0
3523.4000 0
3524.3000 0
3525.2000 0
3526.1000 0
3527.0000 0
3527.9000 0
3528.8000 0
3529.7000 0
3530.6000 0
3531.5000 0
3532.4000 0
3533.3000 0
3534.2000 0.00000001
3535.1000 0.01822542
3536.0000 0.56336796
3536.9000 0.58721125
3537.8000 0.59663284
3538.7000 0.59795123
3539.6000 0.59455597
3540.5000 0.59419292
3541.4000 0.58900207
3542.3000 0.58671659
3543.2000 0.58698642
3544.1000 0.59300333
3545.0000 0.60095924
3545.9000 0.60873777
3546.8000 0.61791372
3547.7000 0.62448478
3548.6000 0.62975127
3549.5000 0.63019592
3550.4000 0.6278255
3551.3000 0.62581033
3552.2000 0.62101889
3553.1000 0.61557418
3554.0000 0.61496025
3554.9000 0.61939311
3555.8000 0.61571491
3556.7000 0.61694235
3557.6000 0.62088406
3558.5000 0.61897278
3559.4000 0.61627728
3560.3000 0.62141591
3561.2000 0.62826985
3562.1000 0.62782735
3563.0000 0.62711859
3563.9000 0.62623811
3564.8000 0.6202693
3565.7000 0.61398381
3566.6000 0.6103735
3567.5000 0.61174381
3568.4000 0.61040229
3569.3000 0.60749328
3570.2000 0.60301685
3571.1000 0.57001466
3572.0000 0.56112289
3572.9000 0.56048757
3573.8000 0.56792837
3574.7000 0.57712597
3575.6000 0.58445811
3576.5000 0.58742535
3577.4000 0.59158647
3578.3000 0.59975731
3579.2000 0.6031329
3580.1000 0.59850556
3581.0000 0.59567046
3581.9000 0.59980786
3582.8000 0.60812169
3583.7000 0.60926199
3584.6000 0.5973022
3585.5000 0.5891602
3586.4000 0.5910815
3587.3000 0.59821868
3588.2000 0.60676247
3589.1000 0.61426592
3590.0000 0.61973906
3590.9000 0.62744707
3591.8000 0.6334551
3592.7000 0.63284814
3593.6000 0.63233405
3594.5000 0.62984538
3595.4000 0.62046707
3596.3000 0.61566019
3597.2000 0.62189287
3598.1000 0.62348866
3599.0000 0.61886334
3599.9000 0.61533433
3600.8000 0.60754621
3601.7000 0.59773415
3602.6000 0.58967203
3603.5000 0.58310091
3604.4000 0.58250338
3605.3000 0.58417863
3606.2000 0.5846262
3607.1000 0.5871349
3608.0000 0.58969682
3608.9000 0.59043318
3609.8000 0.58711708
3610.7000 0.57979029
3611.6000 0.57681441
3612.5000 0.57885826
3613.4000 0.58097833
3614.3000 0.58263177
3615.2000 0.58585739
3616.1000 0.59014308
3617.0000 0.58991861
3617.9000 0.58437485
3618.8000 0.58356911
3619.7000 0.58894742
3620.6000 0.59310234
3621.5000 0.59291983
3622.4000 0.58966368
3623.3000 0.59031308
3624.2000 0.59442282
3625.1000 0.59826374
3626.0000 0.60446668
3626.9000 0.61457771
3627.8000 0.61739749
3628.7000 0.60560066
3629.6000 0.58966643
3630.5000 0.5792349
3631.4000 0.57744068
3632.3000 0.58404762
3633.2000 0.59390318
3634.1000 0.60164833
3635.0000 0.60598713
3635.9000 0.60981667
3636.8000 0.61383456
3637.7000 0.6140908
3638.6000 0.60743684
3639.5000 0.59830803
3640.4000 0.59080166
3641.3000 0.58666188
3642.2000 0.58569849
3643.1000 0.5913406
3644.0000 0.5973177
3644.9000 0.59850109
3645.8000 0.59585327
3646.7000 0.58930707
3647.6000 0.58859235
3648.5000 0.59232181
3649.4000 0.59580815
3650.3000 0.60437918
3651.2000 0.609474
3652.1000 0.61204958
3653.0000 0.6084854
3653.9000 0.60643321
3654.8000 0.60874647
3655.7000 0.6125564
3656.6000 0.61628795
3657.5000 0.61643118
3658.4000 0.60913914
3659.3000 0.60119611
3660.2000 0.59647399
3661.1000 0.59433216
3662.0000 0.59687787
3662.9000 0.60327005
3663.8000 0.60734046
3664.7000 0.61133909
3665.6000 0.61455131
3666.5000 0.6100654
3667.4000 0.60822797
3668.3000 0.61134928
3669.2000 0.61237711
3670.1000 0.60860282
3671.0000 0.60819787
3671.9000 0.61050034
3672.8000 0.61908412
3673.7000 0.62725997
3674.6000 0.62744874
3675.5000 0.62173617
3676.4000 0.61230403
3677.3000 0.60267562
3678.2000 0.59841883
3679.1000 0.60136658
3680.0000 0.60731632
3680.9000 0.61422896
3681.8000 0.61642939
3682.7000 0.60931665
3683.6000 0.60001886
3684.5000 0.59246147
3685.4000 0.5854224
3686.3000 0.58375537
3687.2000 0.59634054
3688.1000 0.6182431
3689.0000 0.63251024
3689.9000 0.62836635
3690.8000 0.61471099
3691.7000 0.61183864
3692.6000 0.62615323
3693.5000 0.65122706
3694.4000 0.66512907
3695.3000 0.64748782
3696.2000 0.61214948
3697.1000 0.5939728
3698.0000 0.60854071
3698.9000 0.64631313
3699.8000 0.68501228
3700.7000 0.69940174
3701.6000 0.6797449
3702.5000 0.63073575
3703.4000 0.57909995
3704.3000 0.55481291
3705.2000 0.57416165
3706.1000 0.62651861
3707.0000 0.68373948
3707.9000 0.71864951
3708.8000 0.7151866
3709.7000 0.67107439
3710.6000 0.60622722
3711.5000 0.55697
3712.4000 0.55213237
3713.3000 0.59697127
3714.2000 0.66855776
3715.1000 0.7395038
3716.0000 0.79905349
3716.9000 0.83541834
3717.8000 0.83214486
3718.7000 0.78475755
3719.6000 0.70548391
3720.5000 0.61315197
3721.4000 0.54095787
3722.3000 0.52407467
3723.2000 0.57468468
3724.1000 0.66611946
3725.0000 0.76024097
3725.9000 0.83541685
3726.8000 0.8830989
3727.7000 0.91504276
3728.6000 0.93558544
3729.5000 0.9337728
3730.4000 0.89335096
3731.3000 0.8110683
3732.2000 0.70326006
3733.1000 0.59798747
3734.0000 0.52527905
3734.9000 0.5034107
3735.8000 0.53955442
3736.7000 0.62067974
3737.6000 0.73139727
3738.5000 0.85065961
3739.4000 0.9527213
3740.3000 1.0165807
3741.2000 1.04469585
3742.1000 1.04985118
3743.0000 1.04460871
3743.9000 1.01847255
3744.8000 0.96544516
3745.7000 0.89709598
3746.6000 0.81798643
3747.5000 0.72398275
3748.4000 0.62138009
3749.3000 0.53923464
3750.2000 0.50971806
3751.1000 0.54268199
3752.0000 0.62435901
3752.9000 0.72672129
3753.8000 0.83565152
3754.7000 0.94046491
3755.6000 1.02691174
3756.5000 1.08195186
3757.4000 1.1100744
3758.3000 1.12898779
3759.2000 1.14874554
3760.1000 1.17256868
3761.0000 1.18510735
3761.9000 1.17925572
3762.8000 1.15708399
3763.7000 1.12879205
3764.6000 1.08068609
3765.5000 1.00888717
3766.4000 0.92290002
3767.3000 0.83246249
3768.2000 0.73126382
3769.1000 0.62769932
3770.0000 0.55129349
3770.9000 0.5254283
3771.8000 0.55884379
3772.7000 0.64122933
3773.6000 0.75178683
3774.5000 0.86716455
3775.4000 0.97185004
3776.3000 1.06679928
3777.2000 1.16610932
3778.1000 1.26660728
3779.0000 1.33951175
3779.9000 1.38788164
3780.8000 1.43781412
3781.7000 1.48539925
3782.6000 1.51753807
3783.5000 1.53367913
3784.4000 1.5314014
3785.3000 1.51132715
3786.2000 1.47980452
3787.1000 1.44027019
3788.0000 1.39799619
3788.9000 1.35985959
3789.8000 1.31635165
3790.7000 1.25386393
3791.6000 1.18381298
3792.5000 1.10336769
3793.4000 1.0045619
3794.3000 0.88932979
3795.2000 0.7665258
3796.1000 0.65276396
3797.0000 0.56552744
3797.9000 0.5254156
3798.8000 0.54334432
3799.7000 0.61567777
3800.6000 0.72354472
3801.5000 0.84830415
3802.4000 0.96468246
3803.3000 1.05968535
3804.2000 1.14928412
3805.1000 1.21813762
3806.0000 1.29283786
3806.9000 1.3616631
3807.8000 1.42680514
3808.7000 1.48383331
3809.6000 1.52518523
3810.5000 1.5616647
3811.4000 1.60186481
3812.3000 1.61505651
3813.2000 1.59225392
3814.1000 1.57272112
3815.0000 1.5919925
3815.9000 1.64790606
3816.8000 1.69753063
3817.7000 1.71944594
3818.6000 1.71396816
3819.5000 1.684003
3820.4000 1.64621508
3821.3000 1.6099515
3822.2000 1.58595657
3823.1000 1.55704331
3824.0000 1.50322628
3824.9000 1.42755055
3825.8000 1.35546839
3826.7000 1.29315209
3827.6000 1.22783363
3828.5000 1.15171731
3829.4000 1.07245648
3830.3000 0.99162126
3831.2000 0.89973128
3832.1000 0.79750133
3833.0000 0.69224399
3833.9000 0.59544253
3834.8000 0.52584308
3835.7000 0.50109464
3836.6000 0.53061622
3837.5000 0.6072619
3838.4000 0.70549029
3839.3000 0.80622542
3840.2000 0.9089402
3841.1000 1.00998867
3842.0000 1.11130142
3842.9000 1.2115196
3843.8000 1.30253148
3844.7000 1.37860727
3845.6000 1.44552624
3846.5000 1.50486231
3847.4000 1.54596901
3848.3000 1.58048356
3849.2000 1.61313295
3850.1000 1.65789914
3851.0000 1.70719647
3851.9000 1.74880373
3852.8000 1.77786398
3853.7000 1.79092705
3854.6000 1.78630793
3855.5000 1.77868247
3856.4000 1.77634406
3857.3000 1.78496647
3858.2000 1.81166446
3859.1000 1.82913697
3860.0000 1.82848072
3860.9000 1.82993603
3861.8000 1.83899963
3862.7000 1.84816873
3863.6000 1.84433627
3864.5000 1.82987499
3865.4000 1.82874107
3866.3000 1.83933008
3867.2000 1.84763515
3868.1000 1.85418117
3869.0000 1.85499823
3869.9000 1.84434068
3870.8000 1.81724453
3871.7000 1.78079963
3872.6000 1.74511147
3873.5000 1.71438634
3874.4000 1.69381559
3875.3000 1.67325366
3876.2000 1.62824345
3877.1000 1.55367315
3878.0000 1.47500622
3878.9000 1.41266835
3879.8000 1.36653924
3880.7000 1.31939435
3881.6000 1.26430023
3882.5000 1.19342732
3883.4000 1.10909402
3884.3000 1.01814163
3885.2000 0.91955847
3886.1000 0.81233472
3887.0000 0.69912988
3887.9000 0.59901392
3888.8000 0.53822386
3889.7000 0.53680158
3890.6000 0.5938198
3891.5000 0.69068688
3892.4000 0.80241847
3893.3000 0.90451127
3894.2000 0.99055523
3895.1000 1.07186842
3896.0000 1.15907657
3896.9000 1.24606371
3897.8000 1.31719148
3898.7000 1.36594164
3899.6000 1.40034902
3900.5000 1.44125926
3901.4000 1.50102961
3902.3000 1.56484175
3903.2000 1.6128763
3904.1000 1.64669013
3905.0000 1.6757797
3905.9000 1.70843208
3906.8000 1.75096631
3907.7000 1.80445325
3908.6000 1.85541034
3909.5000 1.89023244
3910.4000 1.90760481
3911.3000 1.90017903
3912.2000 1.87497938
3913.1000 1.85143065
3914.0000 1.84638071
3914.9000 1.85972798
3915.8000 1.88924193
3916.7000 1.9122808
3917.6000 1.9133271
3918.5000 1.90688229
3919.4000 1.90793324
3920.3000 1.91392362
3921.2000 1.91908288
3922.1000 1.92916262
3923.0000 1.93322778
3923.9000 1.93415296
3924.8000 1.93669081
3925.7000 1.93444026
3926.6000 1.92390919
3927.5000 1.90580094
3928.4000 1.87673295
3929.3000 1.83233571
3930.2000 1.76776481
3931.1000 1.64623415
3932.0000 1.44270205
3932.9000 1.21198726
3933.8000 1.08140504
3934.7000 1.14680302
3935.6000 1.36734176
3936.5000 1.60619497
3937.4000 1.76491249
3938.3000 1.82852435
3939.2000 1.85322547
3940.1000 1.8767395
3941.0000 1.88477516
3941.9000 1.87492943
3942.8000 1.85583878
3943.7000 1.83871734
3944.6000 1.83032048
3945.5000 1.8276732
3946.4000 1.82650912
3947.3000 1.8182354
3948.2000 1.80685449
3949.1000 1.79781187
3950.0000 1.78523278
3950.9000 1.76310408
3951.8000 1.74371433
3952.7000 1.73229444
3953.6000 1.72318482
3954.5000 1.69671965
3955.4000 1.64908409
3956.3000 1.59889698
3957.2000 1.55398679
3958.1000 1.51763749
3959.0000 1.47973096
3959.9000 1.43243885
3960.8000 1.3654325
3961.7000 1.28545451
3962.6000 1.20910668
3963.5000 1.14092016
3964.4000 1.06412482
3965.3000 0.9677164
3966.2000 0.85557252
3967.1000 0.72648162
3968.0000 0.59031343
3968.9000 0.48236743
3969.8000 0.44171432
3970.7000 0.47240502
3971.6000 0.55169243
3972.5000 0.65250123
3973.4000 0.75558555
3974.3000 0.85477799
3975.2000 0.94811863
3976.1000 1.04197526
3977.0000 1.13283026
3977.9000 1.21640313
3978.8000 1.28583491
3979.7000 1.34070897
3980.6000 1.38942444
3981.5000 1.44210708
3982.4000 1.49510992
3983.3000 1.54068387
3984.2000 1.58168781
3985.1000 1.61865389
3986.0000 1.6541996
3986.9000 1.68521929
3987.8000 1.71256328
3988.7000 1.73574102
3989.6000 1.75827503
3990.5000 1.78375125
3991.4000 1.80705464
3992.3000 1.8283397
3993.2000 1.84203827
3994.1000 1.84826839
3995.0000 1.84391713
3995.9000 1.82848525
3996.8000 1.81101394
3997.7000 1.8052423
3998.6000 1.81651008
3999.5000 1.83348954
4000.4000 1.83698213
4001.3000 1.83416176
4002.2000 1.83390439
4003.1000 1.82611752
4004.0000 1.81294799
4004.9000 1.80090654
4005.8000 1.80143118
4006.7000 1.82224584
4007.6000 1.85375524
4008.5000 1.877316
4009.4000 1.88470745
4010.3000 1.88038242
4011.2000 1.86088645
4012.1000 1.83799577
4013.0000 1.82758319
4013.9000 1.83261156
4014.8000 1.84720922
4015.7000 1.86089122
4016.6000 1.86549091
4017.5000 1.87091053
4018.4000 1.88853192
4019.3000 1.90256178
4020.2000 1.90291488
4021.1000 1.89621317
4022.0000 1.88567638
4022.9000 1.8648591
4023.8000 1.84133887
4024.7000 1.828408
4025.6000 1.82767904
4026.5000 1.83611143
4027.4000 1.8434701
4028.3000 1.84083402
4029.2000 1.8271004
4030.1000 1.82374656
4031.0000 1.82991028
4031.9000 1.83744204
4032.8000 1.84776461
4033.7000 1.8583343
4034.6000 1.86463559
4035.5000 1.86225641
4036.4000 1.8605895
4037.3000 1.869717
4038.2000 1.88387716
4039.1000 1.88444471
4040.0000 1.8803153
4040.9000 1.88172507
4041.8000 1.89146304
4042.7000 1.89223814
4043.6000 1.87212503
4044.5000 1.84256124
4045.4000 1.8177309
4046.3000 1.81036401
4047.2000 1.82021093
4048.1000 1.83912206
4049.0000 1.85386276
4049.9000 1.86573589
4050.8000 1.86996078
4051.7000 1.85222411
4052.6000 1.82549894
4053.5000 1.80756342
4054.4000 1.80285716
4055.3000 1.80534887
4056.2000 1.81301749
4057.1000 1.81882358
4058.0000 1.82444263
4058.9000 1.83347046
4059.8000 1.84290183
4060.7000 1.84299624
4061.6000 1.82710063
4062.5000 1.79610336
4063.4000 1.76664472
4064.3000 1.76315236
4065.2000 1.77731216
4066.1000 1.78726733
4067.0000 1.78658617
4067.9000 1.78525746
4068.8000 1.7818619
4069.7000 1.76791728
4070.6000 1.75195444
4071.5000 1.73640966
4072.4000 1.72684169
4073.3000 1.73441446
4074.2000 1.74351835
4075.1000 1.73302948
4076.0000 1.71087182
4076.9000 1.68504858
4077.8000 1.66902006
4078.7000 1.67352808
4079.6000 1.69276631
4080.5000 1.70578349
4081.4000 1.69405746
4082.3000 1.67439926
4083.2000 1.65809846
4084.1000 1.64020765
4085.0000 1.61353564
4085.9000 1.58261156
4086.8000 1.55521929
4087.7000 1.53102481
4088.6000 1.50449514
4089.5000 1.46628332
4090.4000 1.41537273
4091.3000 1.35863602
4092.2000 1.30459535
4093.1000 1.2492559
4094.0000 1.19099283
4094.9000 1.12710679
4095.8000 1.05651546
4096.7000 0.9744643
4097.6000 0.88904548
4098.5000 0.79525906
4099.4000 0.69620883
4100.3000 0.60190427
4101.2000 0.53262818
4102.1000 0.511464
4103.0000 0.54717755
4103.9000 0.62443244
4104.8000 0.71813703
4105.7000 0.81026644
4106.6000 0.89691943
4107.5000 0.97730565
4108.4000 1.04943991
4109.3000 1.11599731
4110.2000 1.1790477
4111.1000 1.23949504
4112.0000 1.29482925
4112.9000 1.34849346
4113.8000 1.40284371
4114.7000 1.45186853
4115.6000 1.49449456
4116.5000 1.52624202
4117.4000 1.54699671
4118.3000 1.56210876
4119.2000 1.58471155
4120.1000 1.6075002
4121.0000 1.62650883
4121.9000 1.64566827
4122.8000 1.65885603
4123.7000 1.67009211
4124.6000 1.68410826
4125.5000 1.69227874
4126.4000 1.6818471
4127.3000 1.66318345
4128.2000 1.65114176
4129.1000 1.64778996
4130.0000 1.64929235
4130.9000 1.65114355
4131.8000 1.65762389
4132.7000 1.67214394
4133.6000 1.69458246
4134.5000 1.71584272
4135.4000 1.72819531
4136.3000 1.7361517
4137.2000 1.74811733
4138.1000 1.75813973
4139.0000 1.76361763
4139.9000 1.76730299
4140.8000 1.76264453
4141.7000 1.74915206
4142.6000 1.72504747
4143.5000 1.70198286
4144.4000 1.69483888
4145.3000 1.7044121
4146.2000 1.71840441
4147.1000 1.7295202
4148.0000 1.73279619
4148.9000 1.73398936
4149.8000 1.74065053
4150.7000 1.7520119
4151.6000 1.75796843
4152.5000 1.75448227
4153.4000 1.74786389
4154.3000 1.74365485
4155.2000 1.74345756
4156.1000 1.73978817
4157.0000 1.73492122
4157.9000 1.73951471
4158.8000 1.74580812
4159.7000 1.74859691
4160.6000 1.74644434
4161.5000 1.73901141
4162.4000 1.72913289
4163.3000 1.72285807
4164.2000 1.72405827
4165.1000 1.73450255
4166.0000 1.74773431
4166.9000 1.74710882
4167.8000 1.73764563
4168.7000 1.73463774
4169.6000 1.73261881
4170.5000 1.71530306
4171.4000 1.68258381
4172.3000 1.64839089
4173.2000 1.63506162
4174.1000 1.64572346
4175.0000 1.6737783
4175.9000 1.69238663
4176.8000 1.68245471
4177.7000 1.66071272
4178.6000 1.64827788
4179.5000 1.65421677
4180.4000 1.67614508
4181.3000 1.70171738
4182.2000 1.71659184
4183.1000 1.72035134
4184.0000 1.72120476
4184.9000 1.72572947
4185.8000 1.72662222
4186.7000 1.7149204
4187.6000 1.70725703
4188.5000 1.71296191
4189.4000 1.72047281
4190.3000 1.71932793
4191.2000 1.72113431
4192.1000 1.73301053
4193.0000 1.74326766
4193.9000 1.74274325
4194.8000 1.73701322
4195.7000 1.72966707
4196.6000 1.71242964
4197.5000 1.68920946
4198.4000 1.67485416
4199.3000 1.67316616
4200.2000 1.67066717
4201.1000 1.67062378
4202.0000 1.67315769
4202.9000 1.67012167
4203.8000 1.67227566
4204.7000 1.68149507
4205.6000 1.68834686
4206.5000 1.68976533
4207.4000 1.69056082
4208.3000 1.68844426
4209.2000 1.68768227
4210.1000 1.69003272
4211.0000 1.6932621
4211.9000 1.6980629
4212.8000 1.69775784
4213.7000 1.68752599
4214.6000 1.66893101
4215.5000 1.65617788
4216.4000 1.65799201
4217.3000 1.66867995
4218.2000 1.67544997
4219.1000 1.67823565
4220.0000 1.67963827
4220.9000 1.68324935
4221.8000 1.68477225
4222.7000 1.67981088
4223.6000 1.66877639
4224.5000 1.64688849
4225.4000 1.62241673
4226.3000 1.60056841
4227.2000 1.60096693
4228.1000 1.62647796
4229.0000 1.66245294
4229.9000 1.69099045
4230.8000 1.68859911
4231.7000 1.66098583
4232.6000 1.62824845
4233.5000 1.60630429
4234.4000 1.60835838
4235.3000 1.63076508
4236.2000 1.65284908
4237.1000 1.66031528
4238.0000 1.66317439
4238.9000 1.66761899
4239.8000 1.66831315
4240.7000 1.6623106
4241.6000 1.6574012
4242.5000 1.65302265
4243.4000 1.64770007
4244.3000 1.64005804
4245.2000 1.63219869
4246.1000 1.61926079
4247.0000 1.60548842
4247.9000 1.60468793
4248.8000 1.60962975
4249.7000 1.60987592
4250.6000 1.60596931
4251.5000 1.60716629
4252.4000 1.61122012
4253.3000 1.61690605
4254.2000 1.62923169
4255.1000 1.63986146
4256.0000 1.64325511
4256.9000 1.64195371
4257.8000 1.63841414
4258.7000 1.62731123
4259.6000 1.6133033
4260.5000 1.6053766
4261.4000 1.60786486
4262.3000 1.61437833
4263.2000 1.62939548
4264.1000 1.6520505
4265.0000 1.66574931
4265.9000 1.66544235
4266.8000 1.65952122
4267.7000 1.65227044
4268.6000 1.63877594
4269.5000 1.62066829
4270.4000 1.59888268
4271.3000 1.57801747
4272.2000 1.56305397
4273.1000 1.56141305
4274.0000 1.5742321
4274.9000 1.58717251
4275.8000 1.59847295
4276.7000 1.61290526
4277.6000 1.62501705
4278.5000 1.6252954
4279.4000 1.623631
4280.3000 1.62262666
4281.2000 1.61731422
4282.1000 1.60827291
4283.0000 1.59777927
4283.9000 1.59318292
4284.8000 1.59503436
4285.7000 1.59711671
4286.6000 1.5930351
4287.5000 1.58112144
4288.4000 1.56095612
4289.3000 1.54178679
4290.2000 1.53764021
4291.1000 1.54474199
4292.0000 1.5571959
4292.9000 1.5652535
4293.8000 1.56071436
4294.7000 1.54728484
4295.6000 1.54471231
4296.5000 1.54954088
4297.4000 1.54836452
4298.3000 1.53767347
4299.2000 1.51597822
4300.1000 1.49184871
4301.0000 1.46666133
4301.9000 1.45849144
4302.8000 1.47046268
4303.7000 1.49606454
4304.6000 1.52036083
4305.5000 1.52972996
4306.4000 1.51747167
4307.3000 1.49779987
4308.2000 1.48755884
4309.1000 1.4925673
4310.0000 1.506199
4310.9000 1.51328003
4311.8000 1.49957025
4312.7000 1.46314251
4313.6000 1.42372119
4314.5000 1.40108335
4315.4000 1.40422285
4316.3000 1.42838955
4317.2000 1.45343864
4318.1000 1.46186161
4319.0000 1.45044005
4319.9000 1.42686188
4320.8000 1.40421975
4321.7000 1.39327312
4322.6000 1.38572431
4323.5000 1.36874068
4324.4000 1.33524215
4325.3000 1.29679441
4326.2000 1.27000725
4327.1000 1.25404882
4328.0000 1.2389133
4328.9000 1.21487498
4329.8000 1.17786741
4330.7000 1.13473916
4331.6000 1.09291315
4332.5000 1.0488472
4333.4000 1.00162041
4334.3000 0.95090979
4335.2000 0.89035958
4336.1000 0.8191759
4337.0000 0.73965311
4337.9000 0.65647203
4338.8000 0.57355034
4339.7000 0.50720251
4340.6000 0.47973451
4341.5000 0.49909511
4342.4000 0.5550946
4343.3000 0.63025671
4344.2000 0.71148801
4345.1000 0.78871495
4346.0000 0.85809469
4346.9000 0.91860241
4347.8000 0.97346646
4348.7000 1.02247941
4349.6000 1.0612942
4350.5000 1.08729303
4351.4000 1.10697329
4352.3000 1.1384902
4353.2000 1.18560839
4354.1000 1.23656619
4355.0000 1.28221202
4355.9000 1.31443191
4356.8000 1.3378557
4357.7000 1.36013246
4358.6000 1.37966478
4359.5000 1.3938545
4360.4000 1.40485537
4361.3000 1.41813147
4362.2000 1.43509305
4363.1000 1.44949615
4364.0000 1.46165466
4364.9000 1.47056282
4365.8000 1.46854353
4366.7000 1.45825303
4367.6000 1.4519856
4368.5000 1.45112038
4369.4000 1.45702326
4370.3000 1.46955299
4371.2000 1.48156106
4372.1000 1.48475039
4373.0000 1.47664785
4373.9000 1.46419942
4374.8000 1.45715761
4375.7000 1.46399307
4376.6000 1.47723806
4377.5000 1.4940623
4378.4000 1.50747705
4379.3000 1.51413834
4380.2000 1.51598501
4381.1000 1.50714374
4382.0000 1.4852643
4382.9000 1.45146382
4383.8000 1.41454804
4384.7000 1.39347041
4385.6000 1.40032542
4386.5000 1.42713416
4387.4000 1.45934892
4388.3000 1.48092794
4389.2000 1.48783946
4390.1000 1.484712
4391.0000 1.48311675
4391.9000 1.48607528
4392.8000 1.47807288
4393.7000 1.45947242
4394.6000 1.44005835
4395.5000 1.43382025
4396.4000 1.44629192
4397.3000 1.46882427
4398.2000 1.48271465
4399.1000 1.47582483
4400.0000 1.46372509
4400.9000 1.4638207
4401.8000 1.47543657
4402.7000 1.48614705
4403.6000 1.48854721
4404.5000 1.48463714
4405.4000 1.48327613
4406.3000 1.485286
4407.2000 1.48962855
4408.1000 1.49628031
4409.0000 1.49554551
4409.9000 1.48621249
4410.8000 1.47822571
4411.7000 1.48108459
4412.6000 1.48182392
4413.5000 1.47327363
4414.4000 1.45434308
4415.3000 1.42473507
4416.2000 1.40060425
4417.1000 1.39495409
4418.0000 1.40908468
4418.9000 1.43442142
4419.8000 1.46076095
4420.7000 1.47822881
4421.6000 1.48553324
4422.5000 1.48630226
4423.4000 1.48548889
4424.3000 1.48696518
4425.2000 1.48901582
4426.1000 1.48709083
4427.0000 1.48087156
4427.9000 1.47907043
4428.8000 1.47995746
4429.7000 1.48233533
4430.6000 1.48251581
4431.5000 1.48192823
4432.4000 1.4793905
4433.3000 1.47182381
4434.2000 1.46682394
4435.1000 1.46491933
4436.0000 1.46484554
4436.9000 1.47095633
4437.8000 1.48334873
4438.7000 1.48987722
4439.6000 1.4862628
4440.5000 1.47399902
4441.4000 1.45447016
4442.3000 1.43129945
4443.2000 1.41080868
4444.1000 1.40304875
4445.0000 1.4121269
4445.9000 1.43667936
4446.8000 1.45767474
4447.7000 1.46503127
4448.6000 1.45883512
4449.5000 1.44711375
4450.4000 1.44137537
4451.3000 1.43818545
4452.2000 1.43503058
4453.1000 1.43685055
4454.0000 1.4416163
4454.9000 1.44063091
4455.8000 1.43939531
4456.7000 1.44312215
4457.6000 1.44901454
4458.5000 1.45158255
4459.4000 1.44907546
4460.3000 1.44680297
4461.2000 1.44644499
4462.1000 1.44723451
4463.0000 1.44405091
4463.9000 1.43771899
4464.8000 1.4308548
4465.7000 1.42456472
4466.6000 1.41519713
4467.5000 1.39998162
4468.4000 1.38750124
4469.3000 1.3842454
4470.2000 1.39347267
4471.1000 1.40578234
4472.0000 1.41579056
4472.9000 1.42324364
4473.8000 1.42817891
4474.7000 1.42922914
4475.6000 1.43105006
4476.5000 1.43458235
4477.4000 1.43117297
4478.3000 1.41146505
4479.2000 1.37096572
4480.1000 1.32377338
4481.0000 1.28681254
4481.9000 1.28561771
4482.8000 1.32135725
4483.7000 1.37306762
4484.6000 1.41142595
4485.5000 1.42518294
4486.4000 1.42284346
4487.3000 1.4091537
4488.2000 1.38955784
4489.1000 1.37488055
4490.0000 1.37120187
4490.9000 1.3747797
4491.8000 1.3833648
4492.7000 1.39577866
4493.6000 1.40697134
4494.5000 1.4160198
4495.4000 1.42050314
4496.3000 1.42197716
4497.2000 1.42432249
4498.1000 1.42694664
4499.0000 1.42126739
4499.9000 1.40519071
4500.8000 1.38636839
4501.7000 1.37737358
4502.6000 1.38510835
4503.5000 1.4011116
4504.4000 1.41528749
4505.3000 1.41848397
4506.2000 1.41209424
4507.1000 1.39987063
4508.0000 1.38909924
4508.9000 1.38567758
4509.8000 1.39290833
4510.7000 1.40607333
4511.6000 1.41509151
4512.5000 1.41739511
4513.4000 1.40945089
4514.3000 1.39598238
4515.2000 1.38538647
4516.1000 1.3842566
4517.0000 1.38894033
4517.9000 1.39187455
4518.8000 1.38529623
4519.7000 1.37347507
4520.6000 1.36195052
4521.5000 1.35318172
4522.4000 1.35103714
4523.3000 1.35656643
4524.2000 1.36773539
4525.1000 1.37882853
4526.0000 1.38278461
4526.9000 1.37753439
4527.8000 1.36986351
4528.7000 1.36325848
4529.6000 1.36077082
4530.5000 1.36315656
4531.4000 1.36036861
4532.3000 1.34742701
4533.2000 1.33153248
4534.1000 1.32565951
4535.0000 1.33141232
4535.9000 1.34835851
4536.8000 1.37208831
4537.7000 1.39042449
4538.6000 1.39404416
4539.5000 1.38505149
4540.4000 1.3733871
4541.3000 1.36716902
4542.2000 1.36861837
4543.1000 1.37352109
4544.0000 1.38066339
4544.9000 1.38336957
4545.8000 1.37922549
4546.7000 1.36958086
4547.6000 1.34453034
4548.5000 1.30821609
4549.4000 1.28286421
4550.3000 1.28397489
4551.2000 1.30654466
4552.1000 1.33440876
4553.0000 1.34405375
4553.9000 1.33389401
4554.8000 1.31813276
4555.7000 1.3073101
4556.6000 1.30458152
4557.5000 1.31045735
4558.4000 1.32045782
4559.3000 1.33116412
4560.2000 1.34422135
4561.1000 1.35227215
4562.0000 1.34739828
4562.9000 1.3346771
4563.8000 1.32267463
4564.7000 1.31921291
4565.6000 1.32912397
4566.5000 1.34143496
4567.4000 1.34847414
4568.3000 1.35399234
4569.2000 1.35442805
4570.1000 1.34070873
4571.0000 1.31974828
4571.9000 1.30894423
4572.8000 1.30880988
4573.7000 1.31752777
4574.6000 1.32911289
4575.5000 1.33250606
4576.4000 1.33092964
4577.3000 1.33048332
4578.2000 1.33497214
4579.1000 1.34032273
4580.0000 1.33874059
4580.9000 1.32459402
4581.8000 1.3041712
4582.7000 1.28993714
4583.6000 1.28271711
4584.5000 1.28299606
4585.4000 1.29445863
4586.3000 1.30794346
4587.2000 1.31001341
4588.1000 1.3040272
4589.0000 1.29567432
4589.9000 1.29239857
4590.8000 1.29726446
4591.7000 1.30650425
4592.6000 1.31629264
4593.5000 1.32090032
4594.4000 1.32525492
4595.3000 1.33114707
4596.2000 1.33359468
4597.1000 1.33213151
4598.0000 1.33251154
4598.9000 1.33443201
4599.8000 1.33664095
4600.7000 1.33798838
4601.6000 1.33753693
4602.5000 1.33499444
4603.4000 1.32999945
4604.3000 1.32390535
4605.2000 1.32022607
4606.1000 1.32193184
4607.0000 1.32506561
4607.9000 1.32729197
4608.8000 1.32584321
4609.7000 1.3232547
4610.6000 1.32196236
4611.5000 1.32017171
4612.4000 1.31925797
4613.3000 1.3177681
4614.2000 1.31638956
4615.1000 1.30991495
4616.0000 1.29975688
4616.9000 1.28816736
4617.8000 1.27830315
4618.7000 1.27512479
4619.6000 1.27593434
4620.5000 1.28099573
4621.4000 1.28961182
4622.3000 1.30084991
4623.2000 1.30830276
4624.1000 1.31061602
4625.0000 1.30844879
4625.9000 1.30480778
4626.8000 1.29885507
4627.7000 1.28736103
4628.6000 1.27196681
4629.5000 1.2618072
4630.4000 1.26364434
4631.3000 1.27010775
4632.2000 1.27533162
4633.1000 1.27482235
4634.0000 1.26856375
4634.9000 1.26475906
4635.8000 1.26729107
4636.7000 1.27525091
4637.6000 1.28409231
4638.5000 1.29210711
4639.4000 1.2957629
4640.3000 1.29711998
4641.2000 1.2968874
4642.1000 1.29673922
4643.0000 1.29598475
4643.9000 1.29595792
4644.8000 1.29524684
4645.7000 1.29389846
4646.6000 1.29313326
4647.5000 1.29025173
4648.4000 1.28791916
4649.3000 1.28836739
4650.2000 1.29258239
4651.1000 1.29569137
4652.0000 1.29643655
4652.9000 1.28936315
4653.8000 1.28245926
4654.7000 1.27985442
4655.6000 1.27738321
4656.5000 1.27526355
4657.4000 1.27509153
4658.3000 1.27706873
4659.2000 1.28317177
4660.1000 1.28580415
4661.0000 1.28097832
4661.9000 1.27824473
4662.8000 1.2761668
4663.7000 1.2696147
4664.6000 1.26334524
4665.5000 1.2583698
4666.4000 1.25430214
4667.3000 1.25089955
4668.2000 1.2502923
4669.1000 1.25035405
4670.0000 1.25163758
4670.9000 1.25481749
4671.8000 1.25656843
4672.7000 1.26237202
4673.6000 1.27091384
4674.5000 1.27534437
4675.4000 1.27314913
4676.3000 1.27056181
4677.2000 1.26864874
4678.1000 1.2663219
4679.0000 1.26311219
4679.9000 1.26192677
4680.8000 1.26468801
4681.7000 1.26605356
4682.6000 1.26660812
4683.5000 1.26464653
4684.4000 1.26173818
4685.3000 1.26238132
4686.2000 1.267681
4687.1000 1.27035987
4688.0000 1.26864159
4688.9000 1.26567984
4689.8000 1.2629025
4690.7000 1.26188171
4691.6000 1.26419353
4692.5000 1.26696146
4693.4000 1.26462579
4694.3000 1.26126206
4695.2000 1.26075494
4696.1000 1.26004565
4697.0000 1.25648463
4697.9000 1.25264156
4698.8000 1.24902189
4699.7000 1.24453068
4700.6000 1.23896039
4701.5000 1.23343241
4702.4000 1.23034644
4703.3000 1.22955501
4704.2000 1.23378611
4705.1000 1.24142277
4706.0000 1.24673998
4706.9000 1.24676383
4707.8000 1.24475634
4708.7000 1.24582481
4709.6000 1.24682021
4710.5000 1.25076938
4711.4000 1.25398588
4712.3000 1.2518301
4713.2000 1.24838006
4714.1000 1.24723625
4715.0000 1.24454987
4715.9000 1.24660492
4716.8000 1.25053453
4717.7000 1.25322342
4718.6000 1.25590777
4719.5000 1.25397146
4720.4000 1.25046754
4721.3000 1.24656892
4722.2000 1.2440691
4723.1000 1.24199092
4724.0000 1.24330866
4724.9000 1.24321377
4725.8000 1.24038517
4726.7000 1.23814988
4727.6000 1.23730969
4728.5000 1.23606563
4729.4000 1.23065996
4730.3000 1.22358537
4731.2000 1.21834946
4732.1000 1.21683669
4733.0000 1.21952784
4733.9000 1.22561121
4734.8000 1.22912371
4735.7000 1.2300092
4736.6000 1.22885823
4737.5000 1.22581792
4738.4000 1.22430086
4739.3000 1.22407007
4740.2000 1.22583723
4741.1000 1.22844338
4742.0000 1.23151457
4742.9000 1.23305893
4743.8000 1.2306788
4744.7000 1.22856331
4745.6000 1.2262789
4746.5000 1.22509789
4747.4000 1.22511649
4748.3000 1.22447324
4749.2000 1.2231921
4750.1000 1.22506654
4751.0000 1.22673118
4751.9000 1.22395384
4752.8000 1.22102368
4753.7000 1.22309077
4754.6000 1.22372842
4755.5000 1.21836793
4756.4000 1.21810842
4757.3000 1.22117162
4758.2000 1.22139311
4759.1000 1.22018421
4760.0000 1.21616387
4760.9000 1.20832229
4761.8000 1.19948518
4762.7000 1.19194889
4763.6000 1.18716609
4764.5000 1.1884855
4765.4000 1.19300807
4766.3000 1.19857728
4767.2000 1.19937682
4768.1000 1.19716823
4769.0000 1.19673789
4769.9000 1.19616902
4770.8000 1.19305038
4771.7000 1.19048488
4772.6000 1.19228315
4773.5000 1.19551373
4774.4000 1.19683027
4775.3000 1.19412553
4776.2000 1.19332504
4777.1000 1.19306302
4778.0000 1.18971038
4778.9000 1.1845783
4779.8000 1.17933607
4780.7000 1.1778543
4781.6000 1.18036532
4782.5000 1.18535697
4783.4000 1.1887542
4784.3000 1.1912322
4785.2000 1.194085
4786.1000 1.19670522
4787.0000 1.19710183
4787.9000 1.19623494
4788.8000 1.19571376
4789.7000 1.19481969
4790.6000 1.19443738
4791.5000 1.19250381
4792.4000 1.19145226
4793.3000 1.19171762
4794.2000 1.1927824
4795.1000 1.19386101
4796.0000 1.1915518
4796.9000 1.18711555
4797.8000 1.18198895
4798.7000 1.18089378
4799.6000 1.18152654
4800.5000 1.18230712
4801.4000 1.18400431
4802.3000 1.18207979
4803.2000 1.17312586
4804.1000 1.16379392
4805.0000 1.16143274
4805.9000 1.16302073
4806.8000 1.16580331
4807.7000 1.16975617
4808.6000 1.17480755
4809.5000 1.17563391
4810.4000 1.17317295
4811.3000 1.16868067
4812.2000 1.16636646
4813.1000 1.16734934
4814.0000 1.16937006
4814.9000 1.17102695
4815.8000 1.17054772
4816.7000 1.1711272
4817.6000 1.17110395
4818.5000 1.16792667
4819.4000 1.16241229
4820.3000 1.15740395
4821.2000 1.1515218
4822.1000 1.14219761
4823.0000 1.1301055
4823.9000 1.1178261
4824.8000 1.11238313
4825.7000 1.11495006
4826.6000 1.12315476
4827.5000 1.13048792
4828.4000 1.13276923
4829.3000 1.12989342
4830.2000 1.12572646
4831.1000 1.12125158
4832.0000 1.11461055
4832.9000 1.10749757
4833.8000 1.10051084
4834.7000 1.09756947
4835.6000 1.09548783
4836.5000 1.09147477
4837.4000 1.08582604
4838.3000 1.08189249
4839.2000 1.08032429
4840.1000 1.07500303
4841.0000 1.06829953
4841.9000 1.06080568
4842.8000 1.05019212
4843.7000 1.03527415
4844.6000 1.01920617
4845.5000 1.00051713
4846.4000 0.97943097
4847.3000 0.95804691
4848.2000 0.93584895
4849.1000 0.91511399
4850.0000 0.89457011
4850.9000 0.87427032
4851.8000 0.8496989
4852.7000 0.82255775
4853.6000 0.79099196
4854.5000 0.75687313
4855.4000 0.7197305
4856.3000 0.67880189
4857.2000 0.63371319
4858.1000 0.58538461
4859.0000 0.53085423
4859.9000 0.47347555
4860.8000 0.42980084
4861.7000 0.4154413
4862.6000 0.43274301
4863.5000 0.47539014
4864.4000 0.53285396
4865.3000 0.59106922
4866.2000 0.6418696
4867.1000 0.68480337
4868.0000 0.72169966
4868.9000 0.7557565
4869.8000 0.78265435
4870.7000 0.80651152
4871.6000 0.82699662
4872.5000 0.84747124
4873.4000 0.86678165
4874.3000 0.88572925
4875.2000 0.90208036
4876.1000 0.91817731
4877.0000 0.93603438
4877.9000 0.95326918
4878.8000 0.96859354
4879.7000 0.98507673
4880.6000 1.0016588
4881.5000 1.012375
4882.4000 1.01638353
4883.3000 1.01972342
4884.2000 1.02588189
4885.1000 1.03455162
4886.0000 1.04149354
4886.9000 1.04806519
4887.8000 1.05341947
4888.7000 1.05512357
4889.6000 1.05280745
4890.5000 1.0499469
4891.4000 1.04958153
4892.3000 1.05120265
4893.2000 1.05735195
4894.1000 1.06766176
4895.0000 1.07884479
4895.9000 1.08659327
4896.8000 1.0884403
4897.7000 1.08678162
4898.6000 1.08582413
4899.5000 1.08510935
4900.4000 1.08294058
4901.3000 1.08147621
4902.2000 1.08414829
4903.1000 1.09001577
4904.0000 1.09660602
4904.9000 1.10043097
4905.8000 1.10235155
4906.7000 1.10358655
4907.6000 1.10479617
4908.5000 1.10106099
4909.4000 1.09594333
4910.3000 1.09132552
4911.2000 1.09096813
4912.1000 1.09191036
4913.0000 1.09430933
4913.9000 1.10139513
4914.8000 1.10915709
4915.7000 1.11156464
4916.6000 1.10783863
4917.5000 1.10066903
4918.4000 1.09060383
4919.3000 1.08105648
4920.2000 1.07572329
4921.1000 1.07361352
4922.0000 1.06890607
4922.9000 1.0610888
4923.8000 1.05455756
4924.7000 1.05807137
4925.6000 1.07179689
4926.5000 1.0885824
4927.4000 1.10362554
4928.3000 1.11243773
4929.2000 1.11537778
4930.1000 1.11248565
4931.0000 1.10713661
4931.9000 1.10120583
4932.8000 1.09555244
4933.7000 1.09407115
4934.6000 1.09820974
4935.5000 1.10000598
4936.4000 1.10132134
4937.3000 1.104298
4938.2000 1.10529554
4939.1000 1.10460329
4940.0000 1.10330987
4940.9000 1.10258186
4941.8000 1.10265565
4942.7000 1.10499954
4943.6000 1.10704839
4944.5000 1.10808408
4945.4000 1.10856295
4946.3000 1.10905707
4947.2000 1.10962832
4948.1000 1.10509527
4949.0000 1.09945619
4949.9000 1.09921575
4950.8000 1.10187578
4951.7000 1.10187709
4952.6000 1.10110343
4953.5000 1.10128987
4954.4000 1.09942102
4955.3000 1.09145463
4956.2000 1.07844007
4957.1000 1.06685591
4958.0000 1.05981398
4958.9000 1.0623697
4959.8000 1.07321858
4960.7000 1.0871017
4961.6000 1.09711277
4962.5000 1.10263431
4963.4000 1.10491931
4964.3000 1.10206902
4965.2000 1.09751141
4966.1000 1.09315586
4967.0000 1.08829463
4967.9000 1.08306324
4968.8000 1.0838294
4969.7000 1.0883038
4970.6000 1.09194636
4971.5000 1.09546232
4972.4000 1.09700584
4973.3000 1.09536386
4974.2000 1.09488785
4975.1000 1.09629869
4976.0000 1.09440529
4976.9000 1.09387577
4977.8000 1.09474158
4978.7000 1.09395087
4979.6000 1.08805287
4980.5000 1.08179832
4981.4000 1.07747889
4982.3000 1.07397115
4983.2000 1.06808627
4984.1000 1.06379068
4985.0000 1.06816506
4985.9000 1.07478607
4986.8000 1.0786593
4987.7000 1.08029521
4988.6000 1.08245182
4989.5000 1.08328581
4990.4000 1.0803616
4991.3000 1.0739851
4992.2000 1.06801486
4993.1000 1.06875288
4994.0000 1.07380533
4994.9000 1.08013713
4995.8000 1.08299232
4996.7000 1.08375835
4997.6000 1.08189523
4998.5000 1.07845712
4999.4000 1.07317042
5000.3000 1.06464338
5001.2000 1.05752933
5002.1000 1.0539664
5003.0000 1.05218267
5003.9000 1.05065823
5004.8000 1.05073202
5005.7000 1.05044663
5006.6000 1.05061483
5007.5000 1.05521178
5008.4000 1.06055474
5009.3000 1.06227982
5010.2000 1.06295073
5011.1000 1.0633198
5012.0000 1.05950248
5012.9000 1.05671728
5013.8000 1.0549562
5014.7000 1.05113757
5015.6000 1.04498672
5016.5000 1.0315367
5017.4000 1.01150775
5018.3000 0.99393129
5019.2000 0.98849154
5020.1000 0.99716234
5021.0000 1.01627243
5021.9000 1.03335309
5022.8000 1.04167414
5023.7000 1.0429467
5024.6000 1.04332709
5025.5000 1.04682469
5026.4000 1.05141246
5027.3000 1.05239725
5028.2000 1.04775298
5029.1000 1.04180622
5030.0000 1.03744853
5030.9000 1.03698516
5031.8000 1.03818274
5032.7000 1.04003239
5033.6000 1.04123056
5034.5000 1.04216599
5035.4000 1.04282117
5036.3000 1.04007018
5037.2000 1.03648436
5038.1000 1.03471911
5039.0000 1.03178728
5039.9000 1.02450597
5040.8000 1.01764369
5041.7000 1.01748323
5042.6000 1.02504599
5043.5000 1.03541648
5044.4000 1.04239666
5045.3000 1.04613292
5046.2000 1.04505002
5047.1000 1.0413481
5048.0000 1.03758693
5048.9000 1.03578436
5049.8000 1.03300726
5050.7000 1.03037858
5051.6000 1.02983785
5052.5000 1.02841914
5053.4000 1.02386832
5054.3000 1.01773775
5055.2000 1.01427829
5056.1000 1.01077509
5057.0000 1.01109505
5057.9000 1.01885939
5058.8000 1.02840734
5059.7000 1.03332376
5060.6000 1.03109634
5061.5000 1.02896571
5062.4000 1.02909899
5063.3000 1.02844179
5064.2000 1.0245049
5065.1000 1.02197146
5066.0000 1.02187669
5066.9000 1.02034664
5067.8000 1.01850188
5068.7000 1.01977575
5069.6000 1.018031
5070.5000 1.01538575
5071.4000 1.01426971
5072.3000 1.01205683
5073.2000 1.00966907
5074.1000 1.00790298
5075.0000 1.00939393
5075.9000 1.01108277
5076.8000 1.01164722
5077.7000 1.01370466
5078.6000 1.01303506
5079.5000 1.01095951
5080.4000 1.00920236
5081.3000 1.00997925
5082.2000 1.00949812
5083.1000 1.00966072
5084.0000 1.01053429
5084.9000 1.01133418
5085.8000 1.01153886
5086.7000 1.01115823
5087.6000 1.00997913
5088.5000 1.00995767
5089.4000 1.01211607
5090.3000 1.01066959
5091.2000 1.00779414
5092.1000 1.00850511
5093.0000 1.01084459
5093.9000 1.01039445
5094.8000 1.00792444
5095.7000 1.00598276
5096.6000 1.00209415
5097.5000 0.99671507
5098.4000 0.99147767
5099.3000 0.9892081
5100.2000 0.98827243
5101.1000 0.98679906
5102.0000 0.9880054
5102.9000 0.9940713
5103.8000 0.9976266
5104.7000 0.99826854
5105.6000 0.99804515
5106.5000 0.99692929
5107.4000 0.99543047
5108.3000 0.99281645
5109.2000 0.98923385
5110.1000 0.98811918
5111.0000 0.99031711
5111.9000 0.99060529
5112.8000 0.98834348
5113.7000 0.98648262
5114.6000 0.98800433
5115.5000 0.99046665
5116.4000 0.99069285
5117.3000 0.98965049
5118.2000 0.98874956
5119.1000 0.9898802
5120.0000 0.98894322
5120.9000 0.98612344
5121.8000 0.98254061
5122.7000 0.9815107
5123.6000 0.98329639
5124.5000 0.98385537
5125.4000 0.9817096
5126.3000 0.97696137
5127.2000 0.97358578
5128.1000 0.97148186
5129.0000 0.97044736
5129.9000 0.9703148
5130.8000 0.97153616
5131.7000 0.97520959
5132.6000 0.97896856
5133.5000 0.97988039
5134.4000 0.97889966
5135.3000 0.97867334
5136.2000 0.97656387
5137.1000 0.97363091
5138.0000 0.97230273
5138.9000 0.97325665
5139.8000 0.97418052
5140.7000 0.97430897
5141.6000 0.97520792
5142.5000 0.97501844
5143.4000 0.97470361
5144.3000 0.97442484
5145.2000 0.9741416
5146.1000 0.97353208
5147.0000 0.97410393
5147.9000 0.97543675
5148.8000 0.97341353
5149.7000 0.97035408
5150.6000 0.96908677
5151.5000 0.96794534
5152.4000 0.96373194
5153.3000 0.95791161
5154.2000 0.95729703
5155.1000 0.96133655
5156.0000 0.96464825
5156.9000 0.97135967
5157.8000 0.97772706
5158.7000 0.97955078
5159.6000 0.97724271
5160.5000 0.97269988
5161.4000 0.97011065
5162.3000 0.9680028
5163.2000 0.96780539
5164.1000 0.96712673
5165.0000 0.95913404
5165.9000 0.942509
5166.8000 0.92212784
5167.7000 0.90319586
5168.6000 0.89423716
5169.5000 0.89822316
5170.4000 0.90679145
5171.3000 0.91349328
5172.2000 0.91898322
5173.1000 0.92590868
5174.0000 0.93479538
5174.9000 0.94753683
5175.8000 0.9592979
5176.7000 0.96491063
5177.6000 0.96557456
5178.5000 0.96386212
5179.4000 0.96199477
5180.3000 0.9567126
5181.2000 0.9461503
5182.1000 0.93077379
5183.0000 0.91864985
5183.9000 0.91295314
5184.8000 0.91289496
5185.7000 0.91863453
5186.6000 0.92437935
5187.5000 0.92720455
5188.4000 0.92703903
5189.3000 0.92671901
5190.2000 0.92827046
5191.1000 0.93057305
5192.0000 0.9336254
5192.9000 0.9375084
5193.8000 0.93839771
5194.7000 0.93431127
5195.6000 0.92992258
5196.5000 0.92713845
5197.4000 0.92529243
5198.3000 0.9265998
5199.2000 0.93207043
5200.1000 0.93821889
5201.0000 0.94472861
5201.9000 0.94549847
5202.8000 0.94249433
5203.7000 0.93679619
5204.6000 0.93367887
5205.5000 0.93282181
5206.4000 0.93345767
5207.3000 0.93159688
5208.2000 0.9306978
5209.1000 0.93035144
5210.0000 0.93097693
5210.9000 0.93131518
5211.8000 0.93276459
5212.7000 0.93382728
5213.6000 0.93541425
5214.5000 0.93722963
5215.4000 0.93592578
5216.3000 0.93022811
5217.2000 0.92681563
5218.1000 0.93014377
5219.0000 0.93534982
5219.9000 0.93851489
5220.8000 0.94085598
5221.7000 0.94448805
5222.6000 0.94429702
5223.5000 0.93966007
5224.4000 0.92649812
5225.3000 0.90886152
5226.2000 0.89798105
5227.1000 0.89447957
5228.0000 0.89691561
5228.9000 0.90470117
5229.8000 0.91518039
5230.7000 0.92193967
5231.6000 0.92045885
5232.5000 0.91012412
5233.4000 0.90005493
5234.3000 0.89459121
5235.2000 0.89522141
5236.1000 0.90163708
5237.0000 0.90863556
5237.9000 0.91306323
5238.8000 0.91783082
5239.7000 0.92388862
5240.6000 0.92815793
5241.5000 0.92984194
5242.4000 0.92942917
5243.3000 0.92890638
5244.2000 0.9286145
5245.1000 0.92875475
5246.0000 0.92743355
5246.9000 0.92410839
5247.8000 0.92175967
5248.7000 0.91870546
5249.6000 0.9151541
5250.5000 0.91490668
5251.4000 0.91761118
5252.3000 0.91835982
5253.2000 0.91561872
5254.1000 0.91204697
5255.0000 0.91103631
5255.9000 0.91276532
5256.8000 0.91185588
5257.7000 0.910474
5258.6000 0.90950698
5259.5000 0.91004223
5260.4000 0.9071824
5261.3000 0.9002322
5262.2000 0.892609
5263.1000 0.88701522
5264.0000 0.88465685
5264.9000 0.88435203
5265.8000 0.88547862
5266.7000 0.88626075
5267.6000 0.88520861
5268.5000 0.88247859
5269.4000 0.87995762
5270.3000 0.8791852
5271.2000 0.88209462
5272.1000 0.88689458
5273.0000 0.8881036
5273.9000 0.88277799
5274.8000 0.87273943
5275.7000 0.86727071
5276.6000 0.86962551
5277.5000 0.87497085
5278.4000 0.88193709
5279.3000 0.88912839
5280.2000 0.89107603
5281.1000 0.88919055
5282.0000 0.88609511
5282.9000 0.88243937
5283.8000 0.87963814
5284.7000 0.88075286
5285.6000 0.88593757
5286.5000 0.89269334
5287.4000 0.89894491
5288.3000 0.90303016
5289.2000 0.90544081
5290.1000 0.906147
5291.0000 0.90433824
5291.9000 0.89945626
5292.8000 0.89355481
5293.7000 0.89384276
5294.6000 0.89649397
5295.5000 0.89619148
5296.4000 0.89348745
5297.3000 0.89255577
5298.2000 0.89255261
5299.1000 0.89171278
5300.0000 0.89167547
5300.9000 0.89188266
5301.8000 0.8911823
5302.7000 0.88884038
5303.6000 0.88634938
5304.5000 0.88403523
5305.4000 0.88354504
5306.3000 0.88133878
5307.2000 0.87968159
5308.1000 0.88056058
5309.0000 0.88369608
5309.9000 0.88665515
5310.8000 0.88656414
5311.7000 0.88629884
5312.6000 0.88338989
5313.5000 0.87545556
5314.4000 0.86148876
5315.3000 0.84908414
5316.2000 0.84466273
5317.1000 0.84712583
5318.0000 0.85226452
5318.9000 0.86096394
5319.8000 0.87273341
5320.7000 0.88023698
5321.6000 0.8829484
5322.5000 0.88042706
5323.4000 0.875516
5324.3000 0.86978829
5325.2000 0.86511838
5326.1000 0.86087137
5327.0000 0.85904551
5327.9000 0.85908353
5328.8000 0.85665041
5329.7000 0.85414732
5330.6000 0.85638839
5331.5000 0.86259335
5332.4000 0.86585408
5333.3000 0.86646694
5334.2000 0.86446345
5335.1000 0.86027694
5336.0000 0.85654408
5336.9000 0.85339063
5337.8000 0.85008854
5338.7000 0.84645808
5339.6000 0.84702337
5340.5000 0.85259926
5341.4000 0.85955375
5342.3000 0.865174
5343.2000 0.8710714
5344.1000 0.87465686
5345.0000 0.87171018
5345.9000 0.86737603
5346.8000 0.86667299
5347.7000 0.86748767
5348.6000 0.86572081
5349.5000 0.86491734
5350.4000 0.86711454
5351.3000 0.87008756
5352.2000 0.87082577
5353.1000 0.87014335
5354.0000 0.87102216
5354.9000 0.87045467
5355.8000 0.86786497
5356.7000 0.86550814
5357.6000 0.86634541
5358.5000 0.86652428
5359.4000 0.86444283
5360.3000 0.85987532
5361.2000 0.8543517
5362.1000 0.84739733
5363.0000 0.84261096
5363.9000 0.84406459
5364.8000 0.84773195
5365.7000 0.85109234
5366.6000 0.85069257
5367.5000 0.84987736
5368.4000 0.85104084
5369.3000 0.84967452
5370.2000 0.84538668
5371.1000 0.84344339
5372.0000 0.84692001
5372.9000 0.85276049
5373.8000 0.85749447
5374.7000 0.86092049
5375.6000 0.86321461
5376.5000 0.86288309
5377.4000 0.85962397
5378.3000 0.85373616
5379.2000 0.85024238
5380.1000 0.84889829
5381.0000 0.84502089
5381.9000 0.84119862
5382.8000 0.84046686
5383.7000 0.8455646
5384.6000 0.85056633
5385.5000 0.85215485
5386.4000 0.85243493
5387.3000 0.85230869
5388.2000 0.85298932
5389.1000 0.85192955
5390.0000 0.84994763
5390.9000 0.8500666
5391.8000 0.84975308
5392.7000 0.84816378
5393.6000 0.84713304
5394.5000 0.84389478
5395.4000 0.8408131
5396.3000 0.84126222
5397.2000 0.8412149
5398.1000 0.83881295
5399.0000 0.83830172
5399.9000 0.83889556
5400.8000 0.83730406
5401.7000 0.83441311
5402.6000 0.83218306
5403.5000 0.83167309
5404.4000 0.83053166
5405.3000 0.82892472
5406.2000 0.82891893
5407.1000 0.83159518
5408.0000 0.83265382
5408.9000 0.83370847
5409.8000 0.83391511
5410.7000 0.83375841
5411.6000 0.83392149
5412.5000 0.83097482
5413.4000 0.8278001
5414.3000 0.82663822
5415.2000 0.82709175
5416.1000 0.82935774
5417.0000 0.83056772
5417.9000 0.83292812
5418.8000 0.8342613
5419.7000 0.83347827
5420.6000 0.83105153
5421.5000 0.82853848
5422.4000 0.82627219
5423.3000 0.82185876
5424.2000 0.81759095
5425.1000 0.81773317
5426.0000 0.82132131
5426.9000 0.824628
5427.8000 0.8256098
5428.7000 0.82457542
5429.6000 0.82328033
5430.5000 0.82269251
5431.4000 0.82255387
5432.3000 0.82288355
5433.2000 0.82125264
5434.1000 0.81867534
5435.0000 0.81749064
5435.9000 0.8176859
5436.8000 0.81921148
5437.7000 0.82352036
5438.6000 0.82872748
5439.5000 0.83072323
5440.4000 0.82834435
5441.3000 0.82383341
5442.2000 0.8223381
5443.1000 0.8213371
5444.0000 0.81922102
5444.9000 0.81725568
5445.8000 0.81737959
5446.7000 0.81922752
5447.6000 0.82152522
5448.5000 0.82350045
5449.4000 0.82587141
5450.3000 0.82751739
5451.2000 0.82806367
5452.1000 0.82597101
5453.0000 0.82088071
5453.9000 0.81501681
5454.8000 0.81038296
5455.7000 0.8106007
5456.6000 0.8127718
5457.5000 0.81439364
5458.4000 0.81541282
5459.3000 0.81606495
5460.2000 0.81559843
5461.1000 0.81308013
5462.0000 0.80979502
5462.9000 0.80785292
5463.8000 0.8076539
5464.7000 0.80700487
5465.6000 0.80492407
5466.5000 0.80407715
5467.4000 0.80622208
5468.3000 0.80876404
5469.2000 0.81001168
5470.1000 0.81128126
5471.0000 0.81173682
5471.9000 0.81023967
5472.8000 0.80716377
5473.7000 0.80527169
5474.6000 0.80324006
5475.5000 0.79955554
5476.4000 0.79630154
5477.3000 0.79348928
5478.2000 0.79378766
5479.1000 0.79560643
5480.0000 0.79711521
5480.9000 0.7994464
5481.8000 0.80167145
5482.7000 0.80407929
5483.6000 0.80602396
5484.5000 0.80524254
5485.4000 0.80443084
5486.3000 0.80386353
5487.2000 0.80391043
5488.1000 0.8032335
5489.0000 0.80166912
5489.9000 0.80157667
5490.8000 0.80087769
5491.7000 0.80019575
5492.6000 0.7998029
5493.5000 0.79945689
5494.4000 0.79906535
5495.3000 0.79750752
5496.2000 0.7966646
5497.1000 0.79732549
5498.0000 0.79526788
5498.9000 0.79231936
5499.8000 0.79208273
5500.7000 0.79263198
5501.6000 0.79225832
5502.5000 0.7899707
5503.4000 0.78720391
5504.3000 0.78552961
5505.2000 0.78549248
5506.1000 0.78475106
5507.0000 0.78409439
5507.9000 0.785586
5508.8000 0.78578502
5509.7000 0.7862671
5510.6000 0.7878024
5511.5000 0.78789574
5512.4000 0.78771204
5513.3000 0.78816843
5514.2000 0.78942424
5515.1000 0.79143602
5516.0000 0.79264557
5516.9000 0.79270589
5517.8000 0.79299194
5518.7000 0.79275799
5519.6000 0.79230183
5520.5000 0.7919662
5521.4000 0.79213607
5522.3000 0.7913844
5523.2000 0.78973204
5524.1000 0.78700739
5525.0000 0.78200251
5525.9000 0.77648342
5526.8000 0.76885039
5527.7000 0.76355457
5528.6000 0.76265603
5529.5000 0.76664203
5530.4000 0.77302569
5531.3000 0.77781922
5532.2000 0.77977401
5533.1000 0.77819186
5534.0000 0.77643186
5534.9000 0.77464199
5535.8000 0.77343714
5536.7000 0.77565706
5537.6000 0.77870393
5538.5000 0.78097188
5539.4000 0.78341794
5540.3000 0.78350508
5541.2000 0.78167152
5542.1000 0.77975267
5543.0000 0.77761024
5543.9000 0.77629697
5544.8000 0.77486038
5545.7000 0.77487826
5546.6000 0.77720481
5547.5000 0.77736151
5548.4000 0.77733278
5549.3000 0.77617586
5550.2000 0.77595365
5551.1000 0.77583706
5552.0000 0.77666837
5552.9000 0.78055865
5553.8000 0.78306937
5554.7000 0.78129655
5555.6000 0.77767211
5556.5000 0.77519548
5557.4000 0.77255332
5558.3000 0.7687552
5559.2000 0.76890385
5560.1000 0.77002823
5561.0000 0.76864529
5561.9000 0.76968288
5562.8000 0.77134871
5563.7000 0.77218455
5564.6000 0.77206737
5565.5000 0.77150798
5566.4000 0.77012664
5567.3000 0.76849121
5568.2000 0.76807415
5569.1000 0.76489097
5570.0000 0.76259398
5570.9000 0.76409328
5571.8000 0.76467425
5572.7000 0.76277864
5573.6000 0.76255447
5574.5000 0.76380438
5575.4000 0.7626192
5576.3000 0.76070726
5577.2000 0.76141125
5578.1000 0.76182497
5579.0000 0.76310158
5579.9000 0.766334
5580.8000 0.76430815
5581.7000 0.7621482
5582.6000 0.76628137
5583.5000 0.77017879
5584.4000 0.76849055
5585.3000 0.7628482
5586.2000 0.75763839
5587.1000 0.75059026
5588.0000 0.74598724
5588.9000 0.7473833
5589.8000 0.75058842
5590.7000 0.75224972
5591.6000 0.75379705
5592.5000 0.75545478
5593.4000 0.7537052
5594.3000 0.7526744
5595.2000 0.75507915
5596.1000 0.75626427
5597.0000 0.75645798
5597.9000 0.75878525
5598.8000 0.75741541
5599.7000 0.75229645
5600.6000 0.75015879
5601.5000 0.75129461
5602.4000 0.75301051
5603.3000 0.75351709
5604.2000 0.75319016
5605.1000 0.7519154
5606.0000 0.75252831
5606.9000 0.75508076
5607.8000 0.75468528
5608.7000 0.75303459
5609.6000 0.75067806
5610.5000 0.75053591
5611.4000 0.75220311
5612.3000 0.75103742
5613.2000 0.74706966
5614.1000 0.74419361
5615.0000 0.74495631
5615.9000 0.7452113
5616.8000 0.74321336
5617.7000 0.74543726
5618.6000 0.74831682
5619.5000 0.74878681
5620.4000 0.75205714
5621.3000 0.75292224
5622.2000 0.74935162
5623.1000 0.74801624
5624.0000 0.75014883
5624.9000 0.75216395
5625.8000 0.74999875
5626.7000 0.74455673
5627.6000 0.74566531
5628.5000 0.75191623
5629.4000 0.75272328
5630.3000 0.74899894
5631.2000 0.74619949
5632.1000 0.74548608
5633.0000 0.74793828
5633.9000 0.75043213
5634.8000 0.74706811
5635.7000 0.74390453
5636.6000 0.74441189
5637.5000 0.74255311
5638.4000 0.73984432
5639.3000 0.7416712
5640.2000 0.74581546
5641.1000 0.74468899
5642.0000 0.74222565
5642.9000 0.74347514
5643.8000 0.74286234
5644.7000 0.74030626
5645.6000 0.73897535
5646.5000 0.73990089
5647.4000 0.7415126
5648.3000 0.74188405
5649.2000 0.74281812
5650.1000 0.7441873
5651.0000 0.74369895
5651.9000 0.74202418
5652.8000 0.73898709
5653.7000 0.73430049
5654.6000 0.72922748
5655.5000 0.72554594
5656.4000 0.72721845
5657.3000 0.73186982
5658.2000 0.73263747
5659.1000 0.73083979
5660.0000 0.7305786
5660.9000 0.73149025
5661.8000 0.73140717
5662.7000 0.73271245
5663.6000 0.73540539
5664.5000 0.73803979
5665.4000 0.73739272
5666.3000 0.73409432
5667.2000 0.73221898
5668.1000 0.73122054
5669.0000 0.72942102
5669.9000 0.73026437
5670.8000 0.73142129
5671.7000 0.73344827
5672.6000 0.73293751
5673.5000 0.73096633
5674.4000 0.72945964
5675.3000 0.72734135
5676.2000 0.72747421
5677.1000 0.73049569
5678.0000 0.73326564
5678.9000 0.73157489
5679.8000 0.72862768
5680.7000 0.72965229
5681.6000 0.7302621
5682.5000 0.72861814
5683.4000 0.72775191
5684.3000 0.72664702
5685.2000 0.7234841
5686.1000 0.72196949
5687.0000 0.72508752
5687.9000 0.7272681
5688.8000 0.72449744
5689.7000 0.72173995
5690.6000 0.72100925
5691.5000 0.72132504
5692.4000 0.72222501
5693.3000 0.7213341
5694.2000 0.72250932
5695.1000 0.72640872
5696.0000 0.72753996
5696.9000 0.72227842
5697.8000 0.7173689
5698.7000 0.71717823
5699.6000 0.71863443
5700.5000 0.72074479
5701.4000 0.72377062
5702.3000 0.72320408
5703.2000 0.7187407
5704.1000 0.7174477
5705.0000 0.71984762
5705.9000 0.7231276
5706.8000 0.7247712
5707.7000 0.72440761
5708.6000 0.72190583
5709.5000 0.71923369
5710.4000 0.71862334
5711.3000 0.71751404
5712.2000 0.71811491
5713.1000 0.71956038
5714.0000 0.71799934
5714.9000 0.71483678
5715.8000 0.71434504
5716.7000 0.71809858
5717.6000 0.71998876
5718.5000 0.71897453
5719.4000 0.71959901
5720.3000 0.72215307
5721.2000 0.7233156
5722.1000 0.72349751
5723.0000 0.72378153
5723.9000 0.72288805
5724.8000 0.71852815
5725.7000 0.71592242
5726.6000 0.71675897
5727.5000 0.71563143
5728.4000 0.71336901
5729.3000 0.71550441
5730.2000 0.7200858
5731.1000 0.71821511
5732.0000 0.71450096
5732.9000 0.71301371
5733.8000 0.71077186
5734.7000 0.71118653
5735.6000 0.71303421
5736.5000 0.71516716
5737.4000 0.71580935
5738.3000 0.71361673
5739.2000 0.7111637
5740.1000 0.71121687
5741.0000 0.71187758
5741.9000 0.71207684
5742.8000 0.71159625
5743.7000 0.71130979
5744.6000 0.70885497
5745.5000 0.70620143
5746.4000 0.7062332
5747.3000 0.70620626
5748.2000 0.70747948
5749.1000 0.70669776
5750.0000 0.7069456
5750.9000 0.70997268
5751.8000 0.70625734
5752.7000 0.70167571
5753.6000 0.70415872
5754.5000 0.70927882
5755.4000 0.71120417
5756.3000 0.70957595
5757.2000 0.70417088
5758.1000 0.69829142
5759.0000 0.69817472
5759.9000 0.70037639
5760.8000 0.70136935
5761.7000 0.70423019
5762.6000 0.70570356
5763.5000 0.70012373
5764.4000 0.6976347
5765.3000 0.6988101
5766.2000 0.69903588
5767.1000 0.6995132
5768.0000 0.69739562
5768.9000 0.69215351
5769.8000 0.69077849
5770.7000 0.69567156
5771.6000 0.6985907
5772.5000 0.70008528
5773.4000 0.70165908
5774.3000 0.70107299
5775.2000 0.69976932
5776.1000 0.69619024
5777.0000 0.69174194
5777.9000 0.69111806
5778.8000 0.69335806
5779.7000 0.69297069
5780.6000 0.69016993
5781.5000 0.68971527
5782.4000 0.69180989
5783.3000 0.69252765
5784.2000 0.69274944
5785.1000 0.69376129
5786.0000 0.69360387
5786.9000 0.69183922
5787.8000 0.69133621
5788.7000 0.69140983
5789.6000 0.68899965
5790.5000 0.68841714
5791.4000 0.69022334
5792.3000 0.68904561
5793.2000 0.68572783
5794.1000 0.6838271
5795.0000 0.68522841
5795.9000 0.68714046
5796.8000 0.68680096
5797.7000 0.68584567
5798.6000 0.6857245
5799.5000 0.68562281
5800.4000 0.68315315
5801.3000 0.67830032
5802.2000 0.67625546
5803.1000 0.67911226
5804.0000 0.68499148
5804.9000 0.68769222
5805.8000 0.68517327
5806.7000 0.68441641
5807.6000 0.68338048
5808.5000 0.68066293
5809.4000 0.68019724
5810.3000 0.68329334
5811.2000 0.68587923
5812.1000 0.68361622
5813.0000 0.68270826
5813.9000 0.68342054
5814.8000 0.68173492
5815.7000 0.68118572
5816.6000 0.68227768
5817.5000 0.68168199
5818.4000 0.6825211
5819.3000 0.68670017
5820.2000 0.6890263
5821.1000 0.68688315
5822.0000 0.68346334
5822.9000 0.68133289
5823.8000 0.6783272
5824.7000 0.67740977
5825.6000 0.68163848
5826.5000 0.68448317
5827.4000 0.68088496
5828.3000 0.67701459
5829.2000 0.67857575
5830.1000 0.68085033
5831.0000 0.67998546
5831.9000 0.67924917
5832.8000 0.67736971
5833.7000 0.67522478
5834.6000 0.67464757
5835.5000 0.67453086
5836.4000 0.67563349
5837.3000 0.67728531
5838.2000 0.67907214
5839.1000 0.67965007
5840.0000 0.67924905
5840.9000 0.67828685
5841.8000 0.67575431
5842.7000 0.67507988
5843.6000 0.67451555
5844.5000 0.67326099
5845.4000 0.67305648
5846.3000 0.67357272
5847.2000 0.67466646
5848.1000 0.67366248
5849.0000 0.66977781
5849.9000 0.66608566
5850.8000 0.66557688
5851.7000 0.66829002
5852.6000 0.66983187
5853.5000 0.66770816
5854.4000 0.66713297
5855.3000 0.6675688
5856.2000 0.66704094
5857.1000 0.6663987
5858.0000 0.66558009
5858.9000 0.66351378
5859.8000 0.66102982
5860.7000 0.66100806
5861.6000 0.66109407
5862.5000 0.66077125
5863.4000 0.66101086
5864.3000 0.66155338
5865.2000 0.6634323
5866.1000 0.6652177
5867.0000 0.66594911
5867.9000 0.6672104
5868.8000 0.66598779
5869.7000 0.66350996
5870.6000 0.66305041
5871.5000 0.66216499
5872.4000 0.65974259
5873.3000 0.6573413
5874.2000 0.65918207
5875.1000 0.6620267
5876.0000 0.66221917
5876.9000 0.66271836
5877.8000 0.66182154
5878.7000 0.66050887
5879.6000 0.6613934
5880.5000 0.6628319
5881.4000 0.65986526
5882.3000 0.65485877
5883.2000 0.65463191
5884.1000 0.65644145
5885.0000 0.65598065
5885.9000 0.65495753
5886.8000 0.65162283
5887.7000 0.6432454
5888.6000 0.62710506
5889.5000 0.60890311
5890.4000 0.60482389
5891.3000 0.61688524
5892.2000 0.63406765
5893.1000 0.6432454
5894.0000 0.63766563
5894.9000 0.62414408
5895.8000 0.61550903
5896.7000 0.61890966
5897.6000 0.62830186
5898.5000 0.6375612
5899.4000 0.64565939
5900.3000 0.65155435
5901.2000 0.65312588
5902.1000 0.65282816
5903.0000 0.65437013
5903.9000 0.65572113
5904.8000 0.65641582
5905.7000 0.65559947
5906.6000 0.65483558
5907.5000 0.65489453
5908.4000 0.65342808
5909.3000 0.64874142
5910.2000 0.64619827
5911.1000 0.64585447
5912.0000 0.64647686
5912.9000 0.64950275
5913.8000 0.65130645
5914.7000 0.650832
5915.6000 0.64841568
5916.5000 0.64864939
5917.4000 0.65151817
5918.3000 0.65163755
5919.2000 0.65051639
5920.1000 0.65190208
5921.0000 0.65414417
5921.9000 0.65277725
5922.8000 0.6475336
5923.7000 0.64253384
5924.6000 0.64443529
5925.5000 0.6499365
5926.4000 0.65017784
5927.3000 0.64600009
5928.2000 0.64484084
5929.1000 0.64438212
5930.0000 0.64185888
5930.9000 0.64254284
5931.8000 0.64334381
5932.7000 0.64103359
5933.6000 0.63914442
5934.5000 0.64070773
5935.4000 0.64258862
5936.3000 0.64302361
5937.2000 0.64432168
5938.1000 0.64463997
5939.0000 0.64265472
5939.9000 0.63874662
5940.8000 0.63399798
5941.7000 0.63262564
5942.6000 0.63466567
5943.5000 0.63686347
5944.4000 0.63971764
5945.3000 0.64182144
5946.2000 0.64102632
5947.1000 0.63790709
5948.0000 0.63628232
5948.9000 0.63794261
5949.8000 0.63835478
5950.7000 0.63730955
5951.6000 0.63508683
5952.5000 0.63543713
5953.4000 0.63682336
5954.3000 0.63373178
5955.2000 0.62865961
5956.1000 0.62601364
5957.0000 0.6256575
5957.9000 0.62575924
5958.8000 0.62787455
5959.7000 0.63183451
5960.6000 0.63618302
5961.5000 0.63819164
5962.4000 0.63638508
5963.3000 0.6329174
5964.2000 0.63281804
5965.1000 0.63401383
5966.0000 0.63291842
5966.9000 0.63377208
5967.8000 0.63584393
5968.7000 0.63685298
5969.6000 0.63423115
5970.5000 0.63190562
5971.4000 0.63509113
5972.3000 0.63864505
5973.2000 0.63924253
5974.1000 0.63750225
5975.0000 0.63639009
5975.9000 0.63487333
5976.8000 0.63089317
5977.7000 0.62844688
5978.6000 0.6269238
5979.5000 0.62585562
5980.4000 0.62833941
5981.3000 0.62985474
5982.2000 0.62750006
5983.1000 0.62788147
5984.0000 0.63071781
5984.9000 0.63058108
5985.8000 0.6273188
5986.7000 0.62681019
5987.6000 0.62671161
5988.5000 0.62568653
5989.4000 0.62570238
5990.3000 0.62605733
5991.2000 0.62673318
5992.1000 0.62523615
5993.0000 0.62516558
5993.9000 0.62720633
5994.8000 0.62868941
5995.7000 0.63114977
5996.6000 0.632649
5997.5000 0.63162738
5998.4000 0.6274817
5999.3000 0.6217494
6000.2000 0.62080568
6001.1000 0.62373149
6002.0000 0.62769288
6002.9000 0.63103545
6003.8000 0.62775791
6004.7000 0.62413871
6005.6000 0.62365007
6006.5000 0.62205422
6007.4000 0.61859882
6008.3000 0.61563444
6009.2000 0.61691529
6010.1000 0.62193364
6011.0000 0.6277051
6011.9000 0.62914145
6012.8000 0.62549776
6013.7000 0.62272638
6014.6000 0.62322849
6015.5000 0.62512505
6016.4000 0.62794799
6017.3000 0.62744796
6018.2000 0.62191248
6019.1000 0.61764961
6020.0000 0.61942738
6020.9000 0.6247896
6021.8000 0.62487441
6022.7000 0.62171841
6023.6000 0.62005913
6024.5000 0.61908072
6025.4000 0.61781049
6026.3000 0.61662197
6027.2000 0.61613941
6028.1000 0.61647207
6029.0000 0.61618561
6029.9000 0.61386579
6030.8000 0.61400861
6031.7000 0.6174159
6032.6000 0.61955673
6033.5000 0.61714417
6034.4000 0.6134156
6035.3000 0.61043429
6036.2000 0.61301798
6037.1000 0.61791438
6038.0000 0.61795968
6038.9000 0.61528498
6039.8000 0.6147629
6040.7000 0.61612654
6041.6000 0.6144948
6042.5000 0.61334825
6043.4000 0.6171751
6044.3000 0.62057561
6045.2000 0.62025934
6046.1000 0.61866635
6047.0000 0.61810291
6047.9000 0.61710286
6048.8000 0.61427397
6049.7000 0.6123215
6050.6000 0.61108774
6051.5000 0.60900414
6052.4000 0.60966015
6053.3000 0.61153412
6054.2000 0.61169392
6055.1000 0.61085969
6056.0000 0.61124933
6056.9000 0.61327916
6057.8000 0.6136598
6058.7000 0.61321276
6059.6000 0.61206383
6060.5000 0.61032838
6061.4000 0.60982108
6062.3000 0.60935372
6063.2000 0.60961753
6064.1000 0.61139792
6065.0000 0.61198694
6065.9000 0.61136246
6066.8000 0.61253804
6067.7000 0.61267322
6068.6000 0.61065942
6069.5000 0.60899037
6070.4000 0.60786819
6071.3000 0.60710019
6072.2000 0.60751331
6073.1000 0.60888028
6074.0000 0.60935336
6074.9000 0.60968471
6075.8000 0.60828406
6076.7000 0.60732228
6077.6000 0.6078639
6078.5000 0.60921931
6079.4000 0.61012959
6080.3000 0.60902154
6081.2000 0.60794634
6082.1000 0.60831285
6083.0000 0.60881311
6083.9000 0.60872906
6084.8000 0.60648495
6085.7000 0.60313851
6086.6000 0.60205632
6087.5000 0.60415703
6088.4000 0.6073606
6089.3000 0.60618395
6090.2000 0.60225725
6091.1000 0.60273069
6092.0000 0.60659301
6092.9000 0.60946107
6093.8000 0.60873479
6094.7000 0.6073249
6095.6000 0.60620975
6096.5000 0.60487026
6097.4000 0.60255986
6098.3000 0.60056257
6099.2000 0.60180098
6100.1000 0.60223538
6101.0000 0.60204899
6101.9000 0.60145986
6102.8000 0.60018075
6103.7000 0.60079181
6104.6000 0.6019612
6105.5000 0.60198677
6106.4000 0.60217321
6107.3000 0.60277861
6108.2000 0.60441798
6109.1000 0.60442156
6110.0000 0.60165262
6110.9000 0.59952462
6111.8000 0.59711659
6112.7000 0.59588593
6113.6000 0.59700626
6114.5000 0.59845513
6115.4000 0.59861881
6116.3000 0.59761792
6117.2000 0.59811229
6118.1000 0.59895355
6119.0000 0.59810346
6119.9000 0.59527361
6120.8000 0.59371752
6121.7000 0.59457982
6122.6000 0.59592849
6123.5000 0.59687155
6124.4000 0.59682071
6125.3000 0.59585476
6126.2000 0.59529275
6127.1000 0.59646815
6128.0000 0.59719288
6128.9000 0.59774584
6129.8000 0.59610635
6130.7000 0.59440559
6131.6000 0.59464324
6132.5000 0.59490669
6133.4000 0.59595996
6134.3000 0.59447372
6135.2000 0.5899846
6136.1000 0.58968121
6137.0000 0.59283549
6137.9000 0.591304
6138.8000 0.589059
6139.7000 0.59024096
6140.6000 0.58977097
6141.5000 0.58836073
6142.4000 0.58978969
6143.3000 0.59163034
6144.2000 0.59231281
6145.1000 0.59286278
6146.0000 0.59058243
6146.9000 0.58483911
6147.8000 0.58153045
6148.7000 0.58248895
6149.6000 0.58232385
6150.5000 0.58128119
6151.4000 0.5846501
6152.3000 0.58675104
6153.2000 0.58401459
6154.1000 0.57848209
6155.0000 0.573327
6155.9000 0.57179523
6156.8000 0.5730626
6157.7000 0.57517952
6158.6000 0.57540977
6159.5000 0.5755924
6160.4000 0.5781132
6161.3000 0.58139223
6162.2000 0.58461845
6163.1000 0.58791995
6164.0000 0.59059608
6164.9000 0.59155107
6165.8000 0.58922058
6166.7000 0.58742511
6167.6000 0.58573663
6168.5000 0.58531284
6169.4000 0.58792913
6170.3000 0.58841962
6171.2000 0.58624899
6172.1000 0.58335668
6173.0000 0.57985961
6173.9000 0.57746851
6174.8000 0.57909298
6175.7000 0.58312672
6176.6000 0.58487982
6177.5000 0.58265674
6178.4000 0.58103585
6179.3000 0.58237159
6180.2000 0.58412302
6181.1000 0.58574331
6182.0000 0.58545607
6182.9000 0.58395416
6183.8000 0.58277303
6184.7000 0.58272374
6185.6000 0.58283347
6186.5000 0.58109576
6187.4000 0.57918131
6188.3000 0.57940823
6189.2000 0.58095825
6190.1000 0.58212876
6191.0000 0.58183771
6191.9000 0.58085322
6192.8000 0.5798592
6193.7000 0.57879943
6194.6000 0.5775609
6195.5000 0.57786429
6196.4000 0.57770121
6197.3000 0.57526451
6198.2000 0.57418865
6199.1000 0.57539725
6200.0000 0.57415646
6200.9000 0.57042617
6201.8000 0.5710097
6202.7000 0.57656866
6203.6000 0.58000433
6204.5000 0.57746309
6205.4000 0.57465392
6206.3000 0.57363343
6207.2000 0.57230729
6208.1000 0.57116967
6209.0000 0.57253021
6209.9000 0.57634473
6210.8000 0.57723206
6211.7000 0.574184
6212.6000 0.57291967
6213.5000 0.57579118
6214.4000 0.57811302
6215.3000 0.57865041
6216.2000 0.57890314
6217.1000 0.57807779
6218.0000 0.57590008
6218.9000 0.5764277
6219.8000 0.57858461
6220.7000 0.57935584
6221.6000 0.57680672
6222.5000 0.57335418
6223.4000 0.57136625
6224.3000 0.57098401
6225.2000 0.57138646
6226.1000 0.571172
6227.0000 0.56953317
6227.9000 0.56744534
6228.8000 0.56759471
6229.7000 0.57026297
6230.6000 0.56971681
6231.5000 0.56753361
6232.4000 0.56849682
6233.3000 0.56980133
6234.2000 0.56915522
6235.1000 0.56875116
6236.0000 0.56590909
6236.9000 0.56070518
6237.8000 0.55795705
6238.7000 0.55945086
6239.6000 0.56085962
6240.5000 0.56028569
6241.4000 0.562262
6242.3000 0.56638187
6243.2000 0.56751937
6244.1000 0.56433338
6245.0000 0.56122762
6245.9000 0.55854911
6246.8000 0.55790538
6247.7000 0.56033617
6248.6000 0.56027335
6249.5000 0.55802089
6250.4000 0.55999076
6251.3000 0.56579202
6252.2000 0.56974614
6253.1000 0.57004476
6254.0000 0.56850076
6254.9000 0.56626308
6255.8000 0.56244355
6256.7000 0.56295323
6257.6000 0.56620622
6258.5000 0.56643242
6259.4000 0.56567383
6260.3000 0.56654078
6261.2000 0.56795794
6262.1000 0.56746262
6263.0000 0.56677395
6263.9000 0.56784546
6264.8000 0.56937456
6265.7000 0.56875253
6266.6000 0.56517738
6267.5000 0.56355089
6268.4000 0.56527704
6269.3000 0.56547314
6270.2000 0.56369877
6271.1000 0.56287342
6272.0000 0.56130368
6272.9000 0.55995482
6273.8000 0.56048054
6274.7000 0.56100744
6275.6000 0.56185883
6276.5000 0.56345826
6277.4000 0.56477767
6278.3000 0.56551534
6279.2000 0.56751168
6280.1000 0.56828839
6281.0000 0.56838846
6281.9000 0.56952947
6282.8000 0.57156724
6283.7000 0.57125837
6284.6000 0.56633705
6285.5000 0.56212175
6286.4000 0.5605824
6287.3000 0.55679029
6288.2000 0.55234456
6289.1000 0.55313778
6290.0000 0.55680126
6290.9000 0.55806184
6291.8000 0.55557287
6292.7000 0.55440181
6293.6000 0.55493701
6294.5000 0.55092919
6295.4000 0.54769534
6296.3000 0.5491671
6297.2000 0.54996097
6298.1000 0.54828513
6299.0000 0.5508132
6299.9000 0.55553222
6300.8000 0.55376977
6301.7000 0.54923105
6302.6000 0.5466581
6303.5000 0.54567534
6304.4000 0.54464883
6305.3000 0.54398084
6306.2000 0.54521507
6307.1000 0.5462032
6308.0000 0.54475296
6308.9000 0.54536635
6309.8000 0.54838961
6310.7000 0.55160278
6311.6000 0.55137414
6312.5000 0.54676414
6313.4000 0.54450989
6314.3000 0.54482687
6315.2000 0.54486775
6316.1000 0.54144901
6317.0000 0.53639817
6317.9000 0.53435892
6318.8000 0.53563803
6319.7000 0.53837252
6320.6000 0.54057562
6321.5000 0.54429108
6322.4000 0.54459763
6323.3000 0.54117948
6324.2000 0.53892779
6325.1000 0.5413866
6326.0000 0.54519176
6326.9000 0.54594725
6327.8000 0.54421413
6328.7000 0.54257411
6329.6000 0.541812
6330.5000 0.54064935
6331.4000 0.53875494
6332.3000 0.53721482
6333.2000 0.53803515
6334.1000 0.54065287
6335.0000 0.54309231
6335.9000 0.54044288
6336.8000 0.53510898
6337.7000 0.53516281
6338.6000 0.53701574
6339.5000 0.53615576
6340.4000 0.53609014
6341.3000 0.53790772
6342.2000 0.53925067
6343.1000 0.53886378
6344.0000 0.53444368
6344.9000 0.52640039
6345.8000 0.51904261
6346.7000 0.51485795
6347.6000 0.5150739
6348.5000 0.52095473
6349.4000 0.52896547
6350.3000 0.53328282
6351.2000 0.53544128
6352.1000 0.53627348
6353.0000 0.5348919
6353.9000 0.53156173
6354.8000 0.52783161
6355.7000 0.52869874
6356.6000 0.53322583
6357.5000 0.53623742
6358.4000 0.53499979
6359.3000 0.53284061
6360.2000 0.53281659
6361.1000 0.53403986
6362.0000 0.53669602
6362.9000 0.53786337
6363.8000 0.53655827
6364.7000 0.53440911
6365.6000 0.53375363
6366.5000 0.53394443
6367.4000 0.52965868
6368.3000 0.52175021
6369.2000 0.51460057
6370.1000 0.51103592
6371.0000 0.51287413
6371.9000 0.51725698
6372.8000 0.5178355
6373.7000 0.51630604
6374.6000 0.51640224
6375.5000 0.51990795
6376.4000 0.52426034
6377.3000 0.5266856
6378.2000 0.52989537
6379.1000 0.53186804
6380.0000 0.52995318
6380.9000 0.52647978
6381.8000 0.52329051
6382.7000 0.52437723
6383.6000 0.52756441
6384.5000 0.5271132
6385.4000 0.52612317
6386.3000 0.52713084
6387.2000 0.52731645
6388.1000 0.52636421
6389.0000 0.52594233
6389.9000 0.5249247
6390.8000 0.52452958
6391.7000 0.5247646
6392.6000 0.52414751
6393.5000 0.52565593
6394.4000 0.52773023
6395.3000 0.52676457
6396.2000 0.52588546
6397.1000 0.52728504
6398.0000 0.52823353
6398.9000 0.52825958
6399.8000 0.52685344
6400.7000 0.52407604
6401.6000 0.52376938
6402.5000 0.52695942
6403.4000 0.52666038
6404.3000 0.52381045
6405.2000 0.52688062
6406.1000 0.53030056
6407.0000 0.52828968
6407.9000 0.52492326
6408.8000 0.5228529
6409.7000 0.52443391
6410.6000 0.52528757
6411.5000 0.52163917
6412.4000 0.51895046
6413.3000 0.52077866
6414.2000 0.52189308
6415.1000 0.5187521
6416.0000 0.51493013
6416.9000 0.51491469
6417.8000 0.51711649
6418.7000 0.5188148
6419.6000 0.52004462
6420.5000 0.52156258
6421.4000 0.52206874
6422.3000 0.5216316
6423.2000 0.52401584
6424.1000 0.5266512
6425.0000 0.52662355
6425.9000 0.52427232
6426.8000 0.52114713
6427.7000 0.51988786
6428.6000 0.51977634
6429.5000 0.51857233
6430.4000 0.51632792
6431.3000 0.51329184
6432.2000 0.5111199
6433.1000 0.51069772
6434.0000 0.51198632
6434.9000 0.51449913
6435.8000 0.51635796
6436.7000 0.51833105
6437.6000 0.52105117
6438.5000 0.52290064
6439.4000 0.52111137
6440.3000 0.51594377
6441.2000 0.5146327
6442.1000 0.51628834
6443.0000 0.51627582
6443.9000 0.51564384
6444.8000 0.51440972
6445.7000 0.51159418
6446.6000 0.5091393
6447.5000 0.51061946
6448.4000 0.51509869
6449.3000 0.51817423
6450.2000 0.5195635
6451.1000 0.51806885
6452.0000 0.51301843
6452.9000 0.50801361
6453.8000 0.50333148
6454.7000 0.49849752
6455.6000 0.49601585
6456.5000 0.49645287
6457.4000 0.49911743
6458.3000 0.50070548
6459.2000 0.50236464
6460.1000 0.50435972
6461.0000 0.5071612
6461.9000 0.51085591
6462.8000 0.51148069
6463.7000 0.50901192
6464.6000 0.50813097
6465.5000 0.51082534
6466.4000 0.51191771
6467.3000 0.51163459
6468.2000 0.51236063
6469.1000 0.51272672
6470.0000 0.5131796
6470.9000 0.51346809
6471.8000 0.51271516
6472.7000 0.51132202
6473.6000 0.50920314
6474.5000 0.50601482
6475.4000 0.50555146
6476.3000 0.50779516
6477.2000 0.50963587
6478.1000 0.50987577
6479.0000 0.50734007
6479.9000 0.50502568
6480.8000 0.50348252
6481.7000 0.50093532
6482.6000 0.49713269
6483.5000 0.49549609
6484.4000 0.49789289
6485.3000 0.50218803
6486.2000 0.50674707
6487.1000 0.50659364
6488.0000 0.50236648
6488.9000 0.50107968
6489.8000 0.50354308
6490.7000 0.50269854
6491.6000 0.49824896
6492.5000 0.49567702
6493.4000 0.49603039
6494.3000 0.49685171
6495.2000 0.49730322
6496.1000 0.49881378
6497.0000 0.5007357
6497.9000 0.50166571
6498.8000 0.50116795
6499.7000 0.50028431
6500.6000 0.49888986
6501.5000 0.49813297
6502.4000 0.49944392
6503.3000 0.50121349
6504.2000 0.5005939
6505.1000 0.49789128
6506.0000 0.49409381
6506.9000 0.49087635
6507.8000 0.49240068
6508.7000 0.49684787
6509.6000 0.49887058
6510.5000 0.49662945
6511.4000 0.49333426
6512.3000 0.48950192
6513.2000 0.48655227
6514.1000 0.48779044
6515.0000 0.48860353
6515.9000 0.48638204
6516.8000 0.48372015
6517.7000 0.48263171
6518.6000 0.48310402
6519.5000 0.48427603
6520.4000 0.48474106
6521.3000 0.48504025
6522.2000 0.48602575
6523.1000 0.48646271
6524.0000 0.48559651
6524.9000 0.48263088
6525.8000 0.48097718
6526.7000 0.48343593
6527.6000 0.48611274
6528.5000 0.48365903
6529.4000 0.47723615
6530.3000 0.47187316
6531.2000 0.47143748
6532.1000 0.47602111
6533.0000 0.47638059
6533.9000 0.47192088
6534.8000 0.46991995
6535.7000 0.4712829
6536.6000 0.4715893
6537.5000 0.46846962
6538.4000 0.46496746
6539.3000 0.46148857
6540.2000 0.45804137
6541.1000 0.45289034
6542.0000 0.44690177
6542.9000 0.44354931
6543.8000 0.44291016
6544.7000 0.4420636
6545.6000 0.43919945
6546.5000 0.43563408
6547.4000 0.43194017
6548.3000 0.42528912
6549.2000 0.41875324
6550.1000 0.41383663
6551.0000 0.4089655
6551.9000 0.40365347
6552.8000 0.39586553
6553.7000 0.38468489
6554.6000 0.37290931
6555.5000 0.36365703
6556.4000 0.3531512
6557.3000 0.33953315
6558.2000 0.32621247
6559.1000 0.3092213
6560.0000 0.28570116
6560.9000 0.26337138
6561.8000 0.25012475
6562.7000 0.2445066
6563.6000 0.24767289
6564.5000 0.26187214
6565.4000 0.2840457
6566.3000 0.3055684
6567.2000 0.32404023
6568.1000 0.34073052
6569.0000 0.35353556
6569.9000 0.36246237
6570.8000 0.37201577
6571.7000 0.38342333
6572.6000 0.39199045
6573.5000 0.39899069
6574.4000 0.40548831
6575.3000 0.40885553
6576.2000 0.41176942
6577.1000 0.41757932
6578.0000 0.42551675
6578.9000 0.43178618
6579.8000 0.43577856
6580.7000 0.43950638
6581.6000 0.44394642
6582.5000 0.44800159
6583.4000 0.44834712
6584.3000 0.44758523
6585.2000 0.44999328
6586.1000 0.45281497
6587.0000 0.45410997
6587.9000 0.45342875
6588.8000 0.45277688
6589.7000 0.45624605
6590.6000 0.46022013
6591.5000 0.46173495
6592.4000 0.46225613
6593.3000 0.46115723
6594.2000 0.46013921
6595.1000 0.4617658
6596.0000 0.46257681
6596.9000 0.46137068
6597.8000 0.46173611
6598.7000 0.46387479
6599.6000 0.46398386
6600.5000 0.4627246
6601.4000 0.46430612
6602.3000 0.46622762
6603.2000 0.46573937
6604.1000 0.46516395
6605.0000 0.46523026
6605.9000 0.46449047
6606.8000 0.46470222
6607.7000 0.46556863
6608.6000 0.46458039
6609.5000 0.46630281
6610.4000 0.46999797
6611.3000 0.46981239
6612.2000 0.46881083
6613.1000 0.46875986
6614.0000 0.46845624
6614.9000 0.46936929
6615.8000 0.47148174
6616.7000 0.47307986
6617.6000 0.47376907
6618.5000 0.47349006
6619.4000 0.47293404
6620.3000 0.47103685
6621.2000 0.46723783
6622.1000 0.46491143
6623.0000 0.46505472
6623.9000 0.46652052
6624.8000 0.46548256
6625.7000 0.46445486
6626.6000 0.46473157
6627.5000 0.46550757
6628.4000 0.46772426
6629.3000 0.46773231
6630.2000 0.46426645
6631.1000 0.46300977
6632.0000 0.46565738
6632.9000 0.46780738
6633.8000 0.4685379
6634.7000 0.46745288
6635.6000 0.46409297
6636.5000 0.46197847
6637.4000 0.46374297
6638.3000 0.46543586
6639.2000 0.46497467
6640.1000 0.46629778
6641.0000 0.46951258
6641.9000 0.47044432
6642.8000 0.46732512
6643.7000 0.46559468
6644.6000 0.468292
6645.5000 0.47131401
6646.4000 0.47033423
6647.3000 0.46739915
6648.2000 0.46908441
6649.1000 0.47276381
6650.0000 0.47219294
6650.9000 0.46912253
6651.8000 0.46790197
6652.7000 0.46935868
6653.6000 0.46978125
6654.5000 0.46816307
6655.4000 0.46616733
6656.3000 0.46582949
6657.2000 0.46740183
6658.1000 0.46705288
6659.0000 0.46412215
6659.9000 0.46373942
6660.8000 0.46560147
6661.7000 0.46664545
6662.6000 0.4641577
6663.5000 0.46090436
6664.4000 0.46144491
6665.3000 0.46416023
6666.2000 0.46665341
6667.1000 0.46703744
6668.0000 0.46558127
6668.9000 0.46325651
6669.8000 0.4616763
6670.7000 0.46210194
6671.6000 0.46357921
6672.5000 0.46477515
6673.4000 0.46409243
6674.3000 0.46162823
6675.2000 0.46027544
6676.1000 0.45990643
6677.0000 0.45868844
6677.9000 0.45765808
6678.8000 0.45853126
6679.7000 0.46277642
6680.6000 0.4657459
6681.5000 0.46515957
6682.4000 0.46355537
6683.3000 0.46214929
6684.2000 0.46257752
6685.1000 0.46137938
6686.0000 0.45805877
6686.9000 0.45648527
6687.8000 0.45697859
6688.7000 0.45731124
6689.6000 0.45697415
6690.5000 0.45727476
6691.4000 0.45672667
6692.3000 0.45570984
6693.2000 0.45566219
6694.1000 0.45566088
6695.0000 0.45371461
6695.9000 0.45328665
6696.8000 0.45477608
6697.7000 0.45627895
6698.6000 0.45689246
6699.5000 0.45661798
6700.4000 0.45742792
6701.3000 0.45790422
6702.2000 0.45681441
6703.1000 0.4544265
6704.0000 0.45248643
6704.9000 0.45056531
6705.8000 0.44947445
6706.7000 0.451213
6707.6000 0.45356056
6708.5000 0.45557398
6709.4000 0.45696625
6710.3000 0.4576833
6711.2000 0.45656654
6712.1000 0.4537569
6713.0000 0.4530127
6713.9000 0.45420983
6714.8000 0.45577693
6715.7000 0.45711893
6716.6000 0.45673826
6717.5000 0.4570584
6718.4000 0.4600594
6719.3000 0.45952177
6720.2000 0.45417339
6721.1000 0.44923624
6722.0000 0.44904584
6722.9000 0.45353433
6723.8000 0.45545211
6724.7000 0.45236096
6725.6000 0.44998449
6726.5000 0.45007199
6727.4000 0.45180711
6728.3000 0.45307916
6729.2000 0.45201731
6730.1000 0.45116487
6731.0000 0.44959122
6731.9000 0.44755042
6732.8000 0.44858319
6733.7000 0.45047152
6734.6000 0.45045832
6735.5000 0.45169097
6736.4000 0.45305017
6737.3000 0.45141351
6738.2000 0.44940835
6739.1000 0.44816056
6740.0000 0.44876096
6740.9000 0.4484764
6741.8000 0.44560009
6742.7000 0.44566089
6743.6000 0.44797173
6744.5000 0.44879606
6745.4000 0.44727951
6746.3000 0.44643778
6747.2000 0.4479008
6748.1000 0.44955593
6749.0000 0.45031989
6749.9000 0.44883716
6750.8000 0.44646549
6751.7000 0.44725725
6752.6000 0.45008987
6753.5000 0.45083326
6754.4000 0.45080709
6755.3000 0.45070297
6756.2000 0.44973171
6757.1000 0.44806343
6758.0000 0.44743109
6758.9000 0.44773778
6759.8000 0.44804236
6760.7000 0.4490585
6761.6000 0.4492977
6762.5000 0.44817007
6763.4000 0.4481487
6764.3000 0.44880167
6765.2000 0.44935983
6766.1000 0.44727924
6767.0000 0.44432101
6767.9000 0.44526774
6768.8000 0.44619069
6769.7000 0.44511488
6770.6000 0.44367614
6771.5000 0.44254005
6772.4000 0.44136289
6773.3000 0.44198328
6774.2000 0.4457303
6775.1000 0.44862223
6776.0000 0.44877064
6776.9000 0.44728786
6777.8000 0.44431072
6778.7000 0.44180918
6779.6000 0.44271135
6780.5000 0.4451572
6781.4000 0.44792801
6782.3000 0.44862244
6783.2000 0.44684649
6784.1000 0.44459096
6785.0000 0.44357669
6785.9000 0.44413844
6786.8000 0.44477698
6787.7000 0.44707549
6788.6000 0.44925034
6789.5000 0.44756493
6790.4000 0.44577965
6791.3000 0.44543597
6792.2000 0.44381037
6793.1000 0.43977258
6794.0000 0.43812934
6794.9000 0.43909013
6795.8000 0.44037762
6796.7000 0.44171786
6797.6000 0.44262558
6798.5000 0.44160318
6799.4000 0.43964854
6800.3000 0.44022027
6801.2000 0.44218698
6802.1000 0.44171092
6803.0000 0.44010395
6803.9000 0.44101971
6804.8000 0.44207948
6805.7000 0.44266698
6806.6000 0.44270554
6807.5000 0.44227591
6808.4000 0.4415355
6809.3000 0.44045606
6810.2000 0.44037285
6811.1000 0.4395034
6812.0000 0.43869358
6812.9000 0.43960795
6813.8000 0.44206181
6814.7000 0.44384125
6815.6000 0.44259742
6816.5000 0.4383333
6817.4000 0.43667936
6818.3000 0.43789297
6819.2000 0.43794805
6820.1000 0.43606099
6821.0000 0.43435839
6821.9000 0.43324143
6822.8000 0.43344441
6823.7000 0.43605858
6824.6000 0.43834564
6825.5000 0.43854013
6826.4000 0.43784645
6827.3000 0.43818554
6828.2000 0.43985674
6829.1000 0.44024217
6830.0000 0.43848032
6830.9000 0.43556762
6831.8000 0.43457428
6832.7000 0.43689725
6833.6000 0.43971565
6834.5000 0.44251299
6835.4000 0.44191718
6836.3000 0.43722045
6837.2000 0.4335508
6838.1000 0.43011796
6839.0000 0.4276019
6839.9000 0.42882127
6840.8000 0.43212947
6841.7000 0.43534744
6842.6000 0.43747517
6843.5000 0.43754387
6844.4000 0.43722031
6845.3000 0.43788663
6846.2000 0.43803364
6847.1000 0.43713039
6848.0000 0.43738562
6848.9000 0.43625468
6849.8000 0.43557164
6850.7000 0.43713754
6851.6000 0.43713039
6852.5000 0.43723732
6853.4000 0.43761408
6854.3000 0.43731886
6855.2000 0.4382976
6856.1000 0.44016227
6857.0000 0.44063842
6857.9000 0.44031048
6858.8000 0.43721449
6859.7000 0.4337045
6860.6000 0.43361795
6861.5000 0.43452278
6862.4000 0.43451628
6863.3000 0.434313
6864.2000 0.43398386
6865.1000 0.43309614
6866.0000 0.43146181
6866.9000 0.43082821
6867.8000 0.43292505
6868.7000 0.44039384
6869.6000 0.44316494
6870.5000 0.43828729
6871.4000 0.43472844
6872.3000 0.43214273
6873.2000 0.43272138
6874.1000 0.43524358
6875.0000 0.43412441
6875.9000 0.43253514
6876.8000 0.43142673
6877.7000 0.43174875
6878.6000 0.43175554
6879.5000 0.43070629
6880.4000 0.43300653
6881.3000 0.43376678
6882.2000 0.42898455
6883.1000 0.42422232
6884.0000 0.4261716
6884.9000 0.42966539
6885.8000 0.42769948
6886.7000 0.42669865
6887.6000 0.43129712
6888.5000 0.43086648
6889.4000 0.42608574
6890.3000 0.43062142
6891.2000 0.43440035
6892.1000 0.42717487
6893.0000 0.42339471
6893.9000 0.43077779
6894.8000 0.43290758
6895.7000 0.42581791
6896.6000 0.42212477
6897.5000 0.42616946
6898.4000 0.42712817
6899.3000 0.42362264
6900.2000 0.42309681
6901.1000 0.42807451
6902.0000 0.43204242
6902.9000 0.42859152
6903.8000 0.4208236
6904.7000 0.41831267
6905.6000 0.4242914
6906.5000 0.42886752
6907.4000 0.42829737
6908.3000 0.4268598
6909.2000 0.42635754
6910.1000 0.42813191
6911.0000 0.43012542
6911.9000 0.42849612
6912.8000 0.42481458
6913.7000 0.42448935
6914.6000 0.42866394
6915.5000 0.43043822
6916.4000 0.42900449
6917.3000 0.42927608
6918.2000 0.43118754
6919.1000 0.4321059
6920.0000 0.43138307
6920.9000 0.42976996
6921.8000 0.42701402
6922.7000 0.42439246
6923.6000 0.42548096
6924.5000 0.42950341
6925.4000 0.42956337
6926.3000 0.42519593
6927.2000 0.42320678
6928.1000 0.42400655
6929.0000 0.42431137
6929.9000 0.42378205
6930.8000 0.42361414
6931.7000 0.42287672
6932.6000 0.42121208
6933.5000 0.42131931
6934.4000 0.42293116
6935.3000 0.42352292
6936.2000 0.42377412
6937.1000 0.42152977
6938.0000 0.41941151
6938.9000 0.42132354
6939.8000 0.4231942
6940.7000 0.4221437
6941.6000 0.42099145
6942.5000 0.42189333
6943.4000 0.42221847
6944.3000 0.42065969
6945.2000 0.42060408
6946.1000 0.42071065
6947.0000 0.42133835
6947.9000 0.42343882
6948.8000 0.42353627
6949.7000 0.42093056
6950.6000 0.4189477
6951.5000 0.41865465
6952.4000 0.41847578
6953.3000 0.41642904
6954.2000 0.41544166
6955.1000 0.41705972
6956.0000 0.41796437
6956.9000 0.41787183
6957.8000 0.41862965
6958.7000 0.41916203
6959.6000 0.41863886
6960.5000 0.41848555
6961.4000 0.41697341
6962.3000 0.41477185
6963.2000 0.41513833
6964.1000 0.41750473
6965.0000 0.41841647
6965.9000 0.41627535
6966.8000 0.41473618
6967.7000 0.41529548
6968.6000 0.41450468
6969.5000 0.41381279
6970.4000 0.41419712
6971.3000 0.41367912
6972.2000 0.41511405
6973.1000 0.41958451
6974.0000 0.42314738
6974.9000 0.42181072
6975.8000 0.41718024
6976.7000 0.41485307
6977.6000 0.41586748
6978.5000 0.417431
6979.4000 0.41709816
6980.3000 0.41573694
6981.2000 0.41453588
6982.1000 0.4129498
6983.0000 0.4128575
6983.9000 0.41418806
6984.8000 0.41446531
6985.7000 0.41421333
6986.6000 0.41442162
6987.5000 0.41377884
6988.4000 0.41487917
6989.3000 0.41868335
6990.2000 0.41959268
6991.1000 0.41679332
6992.0000 0.41602856
6992.9000 0.41733137
6993.8000 0.41698024
6994.7000 0.41448757
6995.6000 0.41144741
6996.5000 0.41026321
6997.4000 0.41303784
6998.3000 0.41746336
6999.2000 0.41731384
7000.1000 0.41185704
7001.0000 0.40772796
7001.9000 0.40794426
7002.8000 0.40983182
7003.7000 0.41015938
7004.6000 0.40790489
7005.5000 0.40616408
7006.4000 0.4063071
7007.3000 0.40560302
7008.2000 0.40607503
7009.1000 0.40890583
7010.0000 0.41043234
7010.9000 0.41041481
7011.8000 0.40975478
7012.7000 0.41010001
7013.6000 0.41007793
7014.5000 0.40912601
7015.4000 0.41071469
7016.3000 0.41315597
7017.2000 0.41318256
7018.1000 0.41067508
7019.0000 0.40547556
7019.9000 0.40181252
7020.8000 0.40249172
7021.7000 0.40577701
7022.6000 0.40802217
7023.5000 0.40606254
7024.4000 0.40470639
7025.3000 0.40419909
7026.2000 0.40428859
7027.1000 0.40612534
7028.0000 0.4068037
7028.9000 0.40347961
7029.8000 0.40068462
7030.7000 0.40307176
7031.6000 0.40480897
7032.5000 0.40466717
7033.4000 0.40326521
7034.3000 0.40168741
7035.2000 0.40380391
7036.1000 0.40810999
7037.0000 0.41009948
7037.9000 0.40688357
7038.8000 0.40185383
7039.7000 0.40076479
7040.6000 0.40306535
7041.5000 0.40481409
7042.4000 0.40603608
7043.3000 0.40750086
7044.2000 0.40578023
7045.1000 0.40339625
7046.0000 0.40286329
7046.9000 0.4027099
7047.8000 0.40433213
7048.7000 0.40868151
7049.6000 0.40995803
7050.5000 0.40787372
7051.4000 0.40534768
7052.3000 0.40350044
7053.2000 0.40350682
7054.1000 0.40362588
7055.0000 0.40260184
7055.9000 0.40096435
7056.8000 0.40069851
7057.7000 0.40172285
7058.6000 0.40358293
7059.5000 0.40443531
7060.4000 0.40349492
7061.3000 0.40367436
7062.2000 0.40473983
7063.1000 0.40561906
7064.0000 0.40514711
7064.9000 0.40691963
7065.8000 0.40908802
7066.7000 0.40627241
7067.6000 0.40169579
7068.5000 0.39860284
7069.4000 0.39689022
7070.3000 0.39655671
7071.2000 0.39729494
7072.1000 0.39818311
7073.0000 0.39878017
7073.9000 0.40054652
7074.8000 0.40074819
7075.7000 0.39948535
7076.6000 0.39816514
7077.5000 0.39696464
7078.4000 0.39632481
7079.3000 0.39693218
7080.2000 0.39758641
7081.1000 0.39842284
7082.0000 0.40065351
7082.9000 0.40271813
7083.8000 0.40393057
7084.7000 0.40319178
7085.6000 0.40046865
7086.5000 0.39839149
7087.4000 0.39541069
7088.3000 0.39260513
7089.2000 0.39469048
7090.1000 0.39705825
7091.0000 0.39595407
7091.9000 0.39429471
7092.8000 0.39624909
7093.7000 0.39731929
7094.6000 0.39511633
7095.5000 0.39387524
7096.4000 0.39380914
7097.3000 0.39228237
7098.2000 0.39133975
7099.1000 0.3917487
7100.0000 0.39258355
7100.9000 0.39484227
7101.8000 0.39617446
7102.7000 0.39678997
7103.6000 0.39591458
7104.5000 0.39488956
7105.4000 0.39370155
7106.3000 0.392039
7107.2000 0.39252788
7108.1000 0.39408484
7109.0000 0.3947224
7109.9000 0.39416811
7110.8000 0.39014226
7111.7000 0.38735926
7112.6000 0.38980564
7113.5000 0.39171034
7114.4000 0.38956481
7115.3000 0.38707373
7116.2000 0.3858296
7117.1000 0.38598496
7118.0000 0.3856898
7118.9000 0.38701212
7119.8000 0.39101881
7120.7000 0.3928324
7121.6000 0.38989791
7122.5000 0.38836014
7123.4000 0.39011315
7124.3000 0.39304206
7125.2000 0.3944124
7126.1000 0.39226389
7127.0000 0.3918266
7127.9000 0.39386168
7128.8000 0.39419529
7129.7000 0.39322302
7130.6000 0.39197645
7131.5000 0.39215386
7132.4000 0.39236253
7133.3000 0.39038086
7134.2000 0.38894549
7135.1000 0.38987267
7136.0000 0.39112732
7136.9000 0.39201349
7137.8000 0.39451915
7138.7000 0.39490107
7139.6000 0.39052519
7140.5000 0.38801894
7141.4000 0.3902981
7142.3000 0.3920629
7143.2000 0.39259166
7144.1000 0.39197648
7145.0000 0.39059392
7145.9000 0.39114287
7146.8000 0.3916598
7147.7000 0.39418715
7148.6000 0.39742857
7149.5000 0.39685017
7150.4000 0.39530271
7151.3000 0.39587262
7152.2000 0.39778098
7153.1000 0.39893076
7154.0000 0.39673558
7154.9000 0.39148954
7155.8000 0.38886955
7156.7000 0.39117885
7157.6000 0.39260361
7158.5000 0.38990796
7159.4000 0.3863937
7160.3000 0.38592073
7161.2000 0.38764068
7162.1000 0.38855127
7163.0000 0.38784838
7163.9000 0.38676971
7164.8000 0.38613707
7165.7000 0.38631698
7166.6000 0.38797125
7167.5000 0.38977811
7168.4000 0.38950643
7169.3000 0.38737553
7170.2000 0.38722518
7171.1000 0.39064169
7172.0000 0.39336976
7172.9000 0.39237672
7173.8000 0.39146695
7174.7000 0.39353037
7175.6000 0.39130452
7176.5000 0.38654518
7177.4000 0.38537818
7178.3000 0.38762054
7179.2000 0.38881055
7180.1000 0.3854394
7181.0000 0.3820138
7181.9000 0.38297614
7182.8000 0.38524011
7183.7000 0.38410503
7184.6000 0.38186336
7185.5000 0.38214004
7186.4000 0.38284221
7187.3000 0.38213816
7188.2000 0.38324639
7189.1000 0.38637534
7190.0000 0.38729307
7190.9000 0.38480243
7191.8000 0.38333112
7192.7000 0.38632095
7193.6000 0.38860986
7194.5000 0.38747403
7195.4000 0.38632989
7196.3000 0.38523281
7197.2000 0.38377616
7198.1000 0.38449812
7199.0000 0.38437817
7199.9000 0.38102573
7200.8000 0.37864703
7201.7000 0.3798542
7202.6000 0.38373253
7203.5000 0.38429421
7204.4000 0.38052484
7205.3000 0.37950429
7206.2000 0.38049671
7207.1000 0.37993747
7208.0000 0.38039744
7208.9000 0.38180014
7209.8000 0.38200089
7210.7000 0.38339469
7211.6000 0.38341457
7212.5000 0.38043052
7213.4000 0.37872651
7214.3000 0.3787277
7215.2000 0.37967208
7216.1000 0.38105965
7217.0000 0.38136554
7217.9000 0.37905365
7218.8000 0.37696552
7219.7000 0.37737975
7220.6000 0.3776485
7221.5000 0.37672454
7222.4000 0.37622377
7223.3000 0.37589064
7224.2000 0.3755632
7225.1000 0.37787277
7226.0000 0.38065198
7226.9000 0.37922677
7227.8000 0.37485465
7228.7000 0.3755568
7229.6000 0.38073528
7230.5000 0.38402683
7231.4000 0.38323644
7232.3000 0.37879902
7233.2000 0.37615842
7234.1000 0.37586701
7235.0000 0.37613499
7235.9000 0.37782156
7236.8000 0.38055536
7237.7000 0.38213319
7238.6000 0.38174662
7239.5000 0.37847328
7240.4000 0.37547186
7241.3000 0.37554899
7242.2000 0.37798271
7243.1000 0.37852848
7244.0000 0.3774353
7244.9000 0.37918073
7245.8000 0.37945372
7246.7000 0.37789249
7247.6000 0.37886521
7248.5000 0.38073602
7249.4000 0.38041276
7250.3000 0.37767747
7251.2000 0.37658069
7252.1000 0.3747021
7253.0000 0.37348711
7253.9000 0.37677354
7254.8000 0.37889305
7255.7000 0.37837449
7256.6000 0.37628016
7257.5000 0.37206906
7258.4000 0.3679761
7259.3000 0.36828205
7260.2000 0.37257606
7261.1000 0.37677208
7262.0000 0.37715155
7262.9000 0.37450871
7263.8000 0.37391776
7264.7000 0.37396094
7265.6000 0.3735038
7266.5000 0.37595445
7267.4000 0.37832156
7268.3000 0.37689489
7269.2000 0.37666309
7270.1000 0.37902477
7271.0000 0.37896168
7271.9000 0.37555292
7272.8000 0.3716909
7273.7000 0.37294137
7274.6000 0.37748337
7275.5000 0.37960768
7276.4000 0.3802225
7277.3000 0.37826374
7278.2000 0.37514696
7279.1000 0.37516838
7280.0000 0.37612092
7280.9000 0.37777349
7281.8000 0.37753969
7282.7000 0.37503737
7283.6000 0.37185645
7284.5000 0.36927497
7285.4000 0.36861998
7286.3000 0.36875769
7287.2000 0.36800861
7288.1000 0.36815295
7289.0000 0.36950493
7289.9000 0.36811802
7290.8000 0.36612672
7291.7000 0.36830625
7292.6000 0.36942947
7293.5000 0.36785308
7294.4000 0.36768898
7295.3000 0.36967641
7296.2000 0.37202716
7297.1000 0.37227353
7298.0000 0.3692098
7298.9000 0.36743423
7299.8000 0.37048537
7300.7000 0.37485778
7301.6000 0.37734291
7302.5000 0.37638038
7303.4000 0.3741847
7304.3000 0.37461296
7305.2000 0.37421039
7306.1000 0.37419021
7307.0000 0.37505439
7307.9000 0.37438869
7308.8000 0.37165564
7309.7000 0.37127763
7310.6000 0.37183365
7311.5000 0.37203449
7312.4000 0.37156403
7313.3000 0.36919856
7314.2000 0.37030467
7315.1000 0.37537071
7316.0000 0.37647954
7316.9000 0.37303662
7317.8000 0.37137505
7318.7000 0.37291172
7319.6000 0.37272626
7320.5000 0.37234214
7321.4000 0.37064651
7322.3000 0.36758116
7323.2000 0.36621526
7324.1000 0.36646688
7325.0000 0.36670965
7325.9000 0.36730576
7326.8000 0.36775598
7327.7000 0.36901981
7328.6000 0.37012342
7329.5000 0.37026182
7330.4000 0.36862114
7331.3000 0.36727229
7332.2000 0.36756694
7333.1000 0.36824265
7334.0000 0.37027296
7334.9000 0.36975366
7335.8000 0.36473292
7336.7000 0.3600941
7337.6000 0.3601059
7338.5000 0.36207423
7339.4000 0.36372203
7340.3000 0.36503077
7341.2000 0.36456722
7342.1000 0.36466926
7343.0000 0.3652308
7343.9000 0.36560708
7344.8000 0.36480877
7345.7000 0.36291716
7346.6000 0.36277157
7347.5000 0.3649497
7348.4000 0.36617985
7349.3000 0.36345959
7350.2000 0.35863808
7351.1000 0.35676453
7352.0000 0.35749364
7352.9000 0.35832962
7353.8000 0.35797593
7354.7000 0.35776865
7355.6000 0.35692811
7356.5000 0.35740563
7357.4000 0.35853714
7358.3000 0.35731775
7359.2000 0.35736576
7360.1000 0.35751325
7361.0000 0.35903576
7361.9000 0.361305
7362.8000 0.36096084
7363.7000 0.35811162
7364.6000 0.3567391
7365.5000 0.35879573
7366.4000 0.36082524
7367.3000 0.36139223
7368.2000 0.3620418
7369.1000 0.36151218
7370.0000 0.35915583
7370.9000 0.35972255
7371.8000 0.36162329
7372.7000 0.36179686
7373.6000 0.36130187
7374.5000 0.36038598
7375.4000 0.3601782
7376.3000 0.36068976
7377.2000 0.36059579
7378.1000 0.35947624
7379.0000 0.36030996
7379.9000 0.36147207
7380.8000 0.36158279
7381.7000 0.36221907
7382.6000 0.36241147
7383.5000 0.36095557
7384.4000 0.35865128
7385.3000 0.35608909
7386.2000 0.354763
7387.1000 0.35550305
7388.0000 0.35370699
7388.9000 0.35003841
7389.8000 0.34875605
7390.7000 0.35170996
7391.6000 0.35378915
7392.5000 0.3523809
7393.4000 0.35051525
7394.3000 0.35091266
7395.2000 0.3528536
7396.1000 0.35266793
7397.0000 0.3498297
7397.9000 0.34827411
7398.8000 0.3490617
7399.7000 0.35076052
7400.6000 0.3529757
7401.5000 0.35353318
7402.4000 0.35227332
7403.3000 0.35155049
7404.2000 0.3505685
7405.1000 0.34794673
7406.0000 0.34548807
7406.9000 0.34596926
7407.8000 0.34787911
7408.7000 0.34992898
7409.6000 0.35030085
7410.5000 0.34927273
7411.4000 0.3468048
7412.3000 0.28375182
7413.2000 0.06545649
7414.1000 0.00135818
7415.0000 0.00000159
7415.9000 0
7416.8000 0
7417.7000 0
7418.6000 0
7419.5000 0
7420.4000 0
7421.3000 0
7422.2000 0
7423.1000 0
7424.0000 0
7424.9000 0
7425.8000 0
7426.7000 0
7427.6000 0
7428.5000 0
7429.4000 0
