3500.0000 0
3500.9000 0
3501.8000 0
3502.7000 0
3503.6000 0
3504.5000 0
3505.4000 0
3506.3000 0
3507.2000 0
3508.1000 0
3509.0000 0
3509.9000 0
3510.8000 0
3511.7000 0
3512.6000 0
3513.5000 0
3514.4000 0
3515.3000 0
3516.2000 0
3517.1000 0
3518.0000 0
3518.9000 0
3519.8000 0
3520.7000 0
3521.6000 0
3522.5000 0
3523.4000 0
3524.3000 0
3525.2000 0
3526.1000 0
3527.0000 0
3527.9000 0
3528.8000 0
3529.7000 0
3530.6000 0
3531.5000 0
3532.4000 0
3533.3000 0
3534.2000 0
3535.1000 0
3536.0000 0.5665043
3536.9000 0.57231593
3537.8000 0.57937765
3538.7000 0.58225429
3539.6000 0.58159226
3540.5000 0.58016127
3541.4000 0.58294022
3542.3000 0.58584076
3543.2000 0.59058255
3544.1000 0.59201378
3545.0000 0.59185559
3545.9000 0.58778095
3546.8000 0.58905065
3547.7000 0.60076368
3548.6000 0.61307132
3549.5000 0.61426896
3550.4000 0.61360139
3551.3000 0.60358644
3552.2000 0.6019662
3553.1000 0.61185521
3554.0000 0.61065
3554.9000 0.5995366
3555.8000 0.59512514
3556.7000 0.59208304
3557.6000 0.58852571
3558.5000 0.59210694
3559.4000 0.59942293
3560.3000 0.59935606
3561.2000 0.59992725
3562.1000 0.5973981
3563.0000 0.59769541
3563.9000 0.60183281
3564.8000 0.59959674
3565.7000 0.58479917
3566.6000 0.5895949
3567.5000 0.60081494
3568.4000 0.60194647
3569.3000 0.60937166
3570.2000 0.60290182
3571.1000 0.59712523
3572.0000 0.60534024
3572.9000 0.59228879
3573.8000 0.59244573
3574.7000 0.58723968
3575.6000 0.57000238
3576.5000 0.55396879
3577.4000 0.54707873
3578.3000 0.55971754
3579.2000 0.57906955
3580.1000 0.59354806
3581.0000 0.59616387
3581.9000 0.5963732
3582.8000 0.60114348
3583.7000 0.60217756
3584.6000 0.58661938
3585.5000 0.56688458
3586.4000 0.56266367
3587.3000 0.57461214
3588.2000 0.58115304
3589.1000 0.58805209
3590.0000 0.58823931
3590.9000 0.5802083
3591.8000 0.58133298
3592.7000 0.59165812
3593.6000 0.59785092
3594.5000 0.60157615
3595.4000 0.60219389
3596.3000 0.58585316
3597.2000 0.58221209
3598.1000 0.59225196
3599.0000 0.59683883
3599.9000 0.59630936
3600.8000 0.60224456
3601.7000 0.59184891
3602.6000 0.5631265
3603.5000 0.54588318
3604.4000 0.54917645
3605.3000 0.57691997
3606.2000 0.60047531
3607.1000 0.60814625
3608.0000 0.59938061
3608.9000 0.58869845
3609.8000 0.59187979
3610.7000 0.59498078
3611.6000 0.59330577
3612.5000 0.56704164
3613.4000 0.5363211
3614.3000 0.54077286
3615.2000 0.55178499
3616.1000 0.57422876
3617.0000 0.58552492
3617.9000 0.57661164
3618.8000 0.58094597
3619.7000 0.57921797
3620.6000 0.56434208
3621.5000 0.55240071
3622.4000 0.56729949
3623.3000 0.58557141
3624.2000 0.58030736
3625.1000 0.57411605
3626.0000 0.57506692
3626.9000 0.58380872
3627.8000 0.59582686
3628.7000 0.5982731
3629.6000 0.59193426
3630.5000 0.5684489
3631.4000 0.53596163
3632.3000 0.53382909
3633.2000 0.54830498
3634.1000 0.55788684
3635.0000 0.57821929
3635.9000 0.59451753
3636.8000 0.60144728
3637.7000 0.60707653
3638.6000 0.60598546
3639.5000 0.5963105
3640.4000 0.58181202
3641.3000 0.56529903
3642.2000 0.56946808
3643.1000 0.57591909
3644.0000 0.58074367
3644.9000 0.5865593
3645.8000 0.58635879
3646.7000 0.59019709
3647.6000 0.58889884
3648.5000 0.57402265
3649.4000 0.57157075
3650.3000 0.57661474
3651.2000 0.57130504
3652.1000 0.56925261
3653.0000 0.57328004
3653.9000 0.57418871
3654.8000 0.57877326
3655.7000 0.58243078
3656.6000 0.57439619
3657.5000 0.56265545
3658.4000 0.55630612
3659.3000 0.55843228
3660.2000 0.56018341
3661.1000 0.55927438
3662.0000 0.55613476
3662.9000 0.56109589
3663.8000 0.56756926
3664.7000 0.5664292
3665.6000 0.5602597
3666.5000 0.56914467
3667.4000 0.58811849
3668.3000 0.59997821
3669.2000 0.61482728
3670.1000 0.62042594
3671.0000 0.61867011
3671.9000 0.63091075
3672.8000 0.63985723
3673.7000 0.63733488
3674.6000 0.65067667
3675.5000 0.64672768
3676.4000 0.60734224
3677.3000 0.58025354
3678.2000 0.57087624
3679.1000 0.5790785
3680.0000 0.6240834
3680.9000 0.69235003
3681.8000 0.70448351
3682.7000 0.65169269
3683.6000 0.63331014
3684.5000 0.64778483
3685.4000 0.63656193
3686.3000 0.61317366
3687.2000 0.6304211
3688.1000 0.71370214
3689.0000 0.80979937
3689.9000 0.82712477
3690.8000 0.74558109
3691.7000 0.66436851
3692.6000 0.70124346
3693.5000 0.81148314
3694.4000 0.87916613
3695.3000 0.85971272
3696.2000 0.76922584
3697.1000 0.68495542
3698.0000 0.67740458
3698.9000 0.77456808
3699.8000 0.8816728
3700.7000 0.92544937
3701.6000 0.90713376
3702.5000 0.82268983
3703.4000 0.70286191
3704.3000 0.63610595
3705.2000 0.65974319
3706.1000 0.73431003
3707.0000 0.82376575
3707.9000 0.89910197
3708.8000 0.92919773
3709.7000 0.90431809
3710.6000 0.81015444
3711.5000 0.67351085
3712.4000 0.60444069
3713.3000 0.65874845
3714.2000 0.76435757
3715.1000 0.83067548
3716.0000 0.86863035
3716.9000 0.91296625
3717.8000 0.94419509
3718.7000 0.93637413
3719.6000 0.88966292
3720.5000 0.79988438
3721.4000 0.68146539
3722.3000 0.62994933
3723.2000 0.70191669
3724.1000 0.81482404
3725.0000 0.88616228
3725.9000 0.91740608
3726.8000 0.91333735
3727.7000 0.89758664
3728.6000 0.93064725
3729.5000 0.9812215
3730.4000 0.99111748
3731.3000 0.95904899
3732.2000 0.89387643
3733.1000 0.79133028
3734.0000 0.67397505
3734.9000 0.63749808
3735.8000 0.70227426
3736.7000 0.76980972
3737.6000 0.80011815
3738.5000 0.86236334
3739.4000 0.93839806
3740.3000 0.96272802
3741.2000 0.94103694
3742.1000 0.9251138
3743.0000 0.93947464
3743.9000 0.95654184
3744.8000 0.95011127
3745.7000 0.91371387
3746.6000 0.88696951
3747.5000 0.84506148
3748.4000 0.74737662
3749.3000 0.62192374
3750.2000 0.56286019
3751.1000 0.62527704
3752.0000 0.76763624
3752.9000 0.87909073
3753.8000 0.91964388
3754.7000 0.92220986
3755.6000 0.93035334
3756.5000 0.92086047
3757.4000 0.87440068
3758.3000 0.80285013
3759.2000 0.75756049
3760.1000 0.75957137
3761.0000 0.77518767
3761.9000 0.79341716
3762.8000 0.83044285
3763.7000 0.86300063
3764.6000 0.88191009
3765.5000 0.90534937
3766.4000 0.9225173
3767.3000 0.92079753
3768.2000 0.87352645
3769.1000 0.75824529
3770.0000 0.62822449
3770.9000 0.59069586
3771.8000 0.67848492
3772.7000 0.81187445
3773.6000 0.90811938
3774.5000 0.93973416
3775.4000 0.94716859
3776.3000 0.96498829
3777.2000 0.98142827
3778.1000 0.98509729
3779.0000 0.98697323
3779.9000 0.98555088
3780.8000 0.99838454
3781.7000 1.00509357
3782.6000 0.97925186
3783.5000 0.95018589
3784.4000 0.94919103
3785.3000 0.96390647
3786.2000 0.97199786
3787.1000 0.96769619
3788.0000 0.96831161
3788.9000 0.97682238
3789.8000 0.99045563
3790.7000 0.98949242
3791.6000 0.96478516
3792.5000 0.95799237
3793.4000 0.95657659
3794.3000 0.94458449
3795.2000 0.91327375
3796.1000 0.84677708
3797.0000 0.73021054
3797.9000 0.62149763
3798.8000 0.63175827
3799.7000 0.75796276
3800.6000 0.8870244
3801.5000 0.95324355
3802.4000 0.98006558
3803.3000 0.99737233
3804.2000 1.00359523
3805.1000 1.00674748
3806.0000 1.00033808
3806.9000 0.99036533
3807.8000 0.99960506
3808.7000 1.01624024
3809.6000 1.02351904
3810.5000 1.0306462
3811.4000 1.02766776
3812.3000 0.99921024
3813.2000 0.95406669
3814.1000 0.91318005
3815.0000 0.90141511
3815.9000 0.92898822
3816.8000 0.97127002
3817.7000 0.99353057
3818.6000 0.98746288
3819.5000 0.96900642
3820.4000 0.94546676
3821.3000 0.94297248
3822.2000 0.96616864
3823.1000 0.99454987
3824.0000 0.98171109
3824.9000 0.93330324
3825.8000 0.91586453
3826.7000 0.93553728
3827.6000 0.95777589
3828.5000 0.97220016
3829.4000 0.98346114
3830.3000 0.98833209
3831.2000 0.97400963
3832.1000 0.9357537
3833.0000 0.88789374
3833.9000 0.80922627
3834.8000 0.68755823
3835.7000 0.61317205
3836.6000 0.67548609
3837.5000 0.79820263
3838.4000 0.87710178
3839.3000 0.91407812
3840.2000 0.94027781
3841.1000 0.96772939
3842.0000 0.99409837
3842.9000 1.01564169
3843.8000 1.02323711
3844.7000 1.01065373
3845.6000 0.9953959
3846.5000 0.99055618
3847.4000 0.99398446
3848.3000 0.99123549
3849.2000 0.97408879
3850.1000 0.96046275
3851.0000 0.98018396
3851.9000 1.00955129
3852.8000 0.99127072
3853.7000 0.94982648
3854.6000 0.93272573
3855.5000 0.90715647
3856.4000 0.86874038
3857.3000 0.88793147
3858.2000 0.95675039
3859.1000 0.99674326
3860.0000 1.00232899
3860.9000 0.9956755
3861.8000 0.94940084
3862.7000 0.88908452
3863.6000 0.90240967
3864.5000 0.95519656
3865.4000 0.97200161
3866.3000 0.97291738
3867.2000 0.98686844
3868.1000 1.00998688
3869.0000 1.03335357
3869.9000 1.04355323
3870.8000 1.03712165
3871.7000 1.01219082
3872.6000 0.97986037
3873.5000 0.97976667
3874.4000 1.0102278
3875.3000 1.01944661
3876.2000 1.01533401
3877.1000 1.01544929
3878.0000 0.99925858
3878.9000 0.98107344
3879.8000 0.99660599
3880.7000 1.0205946
3881.6000 1.02185404
3882.5000 1.01144111
3883.4000 1.00711286
3884.3000 0.99991077
3885.2000 0.98476076
3886.1000 0.9497124
3887.0000 0.89027584
3887.9000 0.78518116
3888.8000 0.652722
3889.7000 0.61949515
3890.6000 0.72617525
3891.5000 0.85457832
3892.4000 0.9278869
3893.3000 0.96053475
3894.2000 0.97233844
3895.1000 0.97256798
3896.0000 0.97566736
3896.9000 0.9781574
3897.8000 0.98234385
3898.7000 0.98360854
3899.6000 0.93661642
3900.5000 0.85413629
3901.4000 0.84646225
3902.3000 0.92706871
3903.2000 0.98198402
3904.1000 0.98177356
3905.0000 0.96041411
3905.9000 0.9345777
3906.8000 0.93945134
3907.7000 0.9703849
3908.6000 0.99655175
3909.5000 1.00917709
3910.4000 1.01395345
3911.3000 1.01552665
3912.2000 0.99550462
3913.1000 0.93604559
3914.0000 0.88265622
3914.9000 0.89135134
3915.8000 0.94025576
3916.7000 0.97729641
3917.6000 0.98976976
3918.5000 0.98123056
3919.4000 0.97042751
3920.3000 0.97030222
3921.2000 0.97570163
3922.1000 0.97899252
3923.0000 0.97972357
3923.9000 0.98280072
3924.8000 0.98036641
3925.7000 0.9837811
3926.6000 0.98677498
3927.5000 0.98698896
3928.4000 0.98570377
3929.3000 0.96215951
3930.2000 0.93264973
3931.1000 0.91013223
3932.0000 0.84943551
3932.9000 0.70531976
3933.8000 0.55311227
3934.7000 0.57197028
3935.6000 0.74277043
3936.5000 0.88741583
3937.4000 0.93415982
3938.3000 0.92230141
3939.2000 0.91947615
3940.1000 0.94171447
3941.0000 0.97292238
3941.9000 0.98316658
3942.8000 0.9809103
3943.7000 0.9657461
3944.6000 0.94383061
3945.5000 0.93323982
3946.4000 0.95306063
3947.3000 0.96846354
3948.2000 0.96969813
3949.1000 0.96911055
3950.0000 0.97094834
3950.9000 0.96968991
3951.8000 0.96498817
3952.7000 0.96135473
3953.6000 0.96812803
3954.5000 0.97529697
3955.4000 0.98336369
3956.3000 0.97978485
3957.2000 0.97706914
3958.1000 0.97591257
3959.0000 0.97942948
3959.9000 0.98336816
3960.8000 0.96953017
3961.7000 0.95258427
3962.6000 0.95077556
3963.5000 0.96021754
3964.4000 0.95992172
3965.3000 0.94530714
3966.2000 0.91293651
3967.1000 0.83452928
3968.0000 0.67113167
3968.9000 0.48645014
3969.8000 0.41162792
3970.7000 0.49733222
3971.6000 0.67257345
3972.5000 0.8185885
3973.4000 0.88215953
3974.3000 0.89818525
3975.2000 0.91871095
3976.1000 0.94538569
3977.0000 0.9639731
3977.9000 0.97511363
3978.8000 0.97164077
3979.7000 0.95701081
3980.6000 0.94473827
3981.5000 0.94223762
3982.4000 0.94114721
3983.3000 0.94715649
3984.2000 0.96271783
3985.1000 0.96917307
3986.0000 0.96276653
3986.9000 0.95659542
3987.8000 0.95804411
3988.7000 0.96528035
3989.6000 0.96823847
3990.5000 0.96640015
3991.4000 0.97249633
3992.3000 0.98494059
3993.2000 0.98345697
3994.1000 0.96944141
3995.0000 0.96861178
3995.9000 0.97485918
3996.8000 0.96344554
3997.7000 0.94884914
3998.6000 0.95066375
3999.5000 0.95607936
4000.4000 0.95216537
4001.3000 0.93344444
4002.2000 0.9064362
4003.1000 0.89628214
4004.0000 0.91771704
4004.9000 0.9380092
4005.8000 0.94081312
4006.7000 0.94619137
4007.6000 0.95419782
4008.5000 0.9407416
4009.4000 0.93694681
4010.3000 0.950616
4011.2000 0.94960618
4012.1000 0.92357111
4013.0000 0.90936965
4013.9000 0.92758322
4014.8000 0.95068228
4015.7000 0.94817448
4016.6000 0.94532007
4017.5000 0.96013093
4018.4000 0.97185057
4019.3000 0.97276694
4020.2000 0.97307903
4021.1000 0.9810679
4022.0000 0.98431683
4022.9000 0.96393454
4023.8000 0.93434834
4024.7000 0.91175896
4025.6000 0.89901859
4026.5000 0.91151857
4027.4000 0.93089575
4028.3000 0.93394828
4029.2000 0.93478739
4030.1000 0.94828111
4031.0000 0.95403951
4031.9000 0.94723296
4032.8000 0.93411964
4033.7000 0.9304781
4034.6000 0.93843585
4035.5000 0.94096285
4036.4000 0.93345702
4037.3000 0.93515503
4038.2000 0.93785
4039.1000 0.93918461
4040.0000 0.94657296
4040.9000 0.95543444
4041.8000 0.95683396
4042.7000 0.95879066
4043.6000 0.9572708
4044.5000 0.93789369
4045.4000 0.91951388
4046.3000 0.91959119
4047.2000 0.93470341
4048.1000 0.94419807
4049.0000 0.94331783
4049.9000 0.94150066
4050.8000 0.94279212
4051.7000 0.94198942
4052.6000 0.93922299
4053.5000 0.92874259
4054.4000 0.9175176
4055.3000 0.92807639
4056.2000 0.94662565
4057.1000 0.94790161
4058.0000 0.94247317
4058.9000 0.94652104
4059.8000 0.95269555
4060.7000 0.95510918
4061.6000 0.95298392
4062.5000 0.94757789
4063.4000 0.93406051
4064.3000 0.92724401
4065.2000 0.93031096
4066.1000 0.92345607
4067.0000 0.90812391
4067.9000 0.90397245
4068.8000 0.91672754
4069.7000 0.92782241
4070.6000 0.92307258
4071.5000 0.91411269
4072.4000 0.91736317
4073.3000 0.92788744
4074.2000 0.93390936
4075.1000 0.93303818
4076.0000 0.9171676
4076.9000 0.90070891
4077.8000 0.89845455
4078.7000 0.90579152
4079.6000 0.92170018
4080.5000 0.93579179
4081.4000 0.93510199
4082.3000 0.93517572
4083.2000 0.93662369
4084.1000 0.93342519
4085.0000 0.93187249
4085.9000 0.93042701
4086.8000 0.92708701
4087.7000 0.93095416
4088.6000 0.93622273
4089.5000 0.93952841
4090.4000 0.94168568
4091.3000 0.94495755
4092.2000 0.94677466
4093.1000 0.94717032
4094.0000 0.94866264
4094.9000 0.9386788
4095.8000 0.9300639
4096.7000 0.92401981
4097.6000 0.90596056
4098.5000 0.88707846
4099.4000 0.86007166
4100.3000 0.78904307
4101.2000 0.65773511
4102.1000 0.56434286
4103.0000 0.61389101
4103.9000 0.74733472
4104.8000 0.84183592
4105.7000 0.88330024
4106.6000 0.90269864
4107.5000 0.91912651
4108.4000 0.9296208
4109.3000 0.93789953
4110.2000 0.92737484
4111.1000 0.91001165
4112.0000 0.90436816
4112.9000 0.90958315
4113.8000 0.91771913
4114.7000 0.92331827
4115.6000 0.93058252
4116.5000 0.9331376
4117.4000 0.92663658
4118.3000 0.92398846
4119.2000 0.92109764
4120.1000 0.92063326
4121.0000 0.91787493
4121.9000 0.90620983
4122.8000 0.89091104
4123.7000 0.8854754
4124.6000 0.89722395
4125.5000 0.91248006
4126.4000 0.90964448
4127.3000 0.87965554
4128.2000 0.83332646
4129.1000 0.81793761
4130.0000 0.82867843
4130.9000 0.83169878
4131.8000 0.84277231
4132.7000 0.8746472
4133.6000 0.90349185
4134.5000 0.91838229
4135.4000 0.93058455
4136.3000 0.93188351
4137.2000 0.92336804
4138.1000 0.91665107
4139.0000 0.91904455
4139.9000 0.9264425
4140.8000 0.93167514
4141.7000 0.93146986
4142.6000 0.92490584
4143.5000 0.91654646
4144.4000 0.91258794
4145.3000 0.90727329
4146.2000 0.90112823
4147.1000 0.9049198
4148.0000 0.91962349
4148.9000 0.92899793
4149.8000 0.92667162
4150.7000 0.92069352
4151.6000 0.92046028
4152.5000 0.92353839
4153.4000 0.92459452
4154.3000 0.92719901
4155.2000 0.92814773
4156.1000 0.92444336
4157.0000 0.92275035
4157.9000 0.92811394
4158.8000 0.93117493
4159.7000 0.92430502
4160.6000 0.91434658
4161.5000 0.91069621
4162.4000 0.90819371
4163.3000 0.89498645
4164.2000 0.89254153
4165.1000 0.90493202
4166.0000 0.91619712
4166.9000 0.92619145
4167.8000 0.92822301
4168.7000 0.92771924
4169.6000 0.92563999
4170.5000 0.91229153
4171.4000 0.89124948
4172.3000 0.85205781
4173.2000 0.80360711
4174.1000 0.79358578
4175.0000 0.83592147
4175.9000 0.88047159
4176.8000 0.88478738
4177.7000 0.8416577
4178.6000 0.77567893
4179.5000 0.75692916
4180.4000 0.80826044
4181.3000 0.87054569
4182.2000 0.90014923
4183.1000 0.90529162
4184.0000 0.90644228
4184.9000 0.90740925
4185.8000 0.90683633
4186.7000 0.90529662
4187.6000 0.90459305
4188.5000 0.90061587
4189.4000 0.89819366
4190.3000 0.90837884
4191.2000 0.90811807
4192.1000 0.90495676
4193.0000 0.90732795
4193.9000 0.91163248
4194.8000 0.90889627
4195.7000 0.90453303
4196.6000 0.90274352
4197.5000 0.90019274
4198.4000 0.89948839
4199.3000 0.9007284
4200.2000 0.90090138
4201.1000 0.89787012
4202.0000 0.88714534
4202.9000 0.88085622
4203.8000 0.88827258
4204.7000 0.8901974
4205.6000 0.88924098
4206.5000 0.89104426
4207.4000 0.89209616
4208.3000 0.89360458
4209.2000 0.89730459
4210.1000 0.90032244
4211.0000 0.89618927
4211.9000 0.89696819
4212.8000 0.90476876
4213.7000 0.90563506
4214.6000 0.90282929
4215.5000 0.89495426
4216.4000 0.88496739
4217.3000 0.88853139
4218.2000 0.89680648
4219.1000 0.90115398
4220.0000 0.90724021
4220.9000 0.90828747
4221.8000 0.90424412
4222.7000 0.90306312
4223.6000 0.90125251
4224.5000 0.89240003
4225.4000 0.88777906
4226.3000 0.88828969
4227.2000 0.88203371
4228.1000 0.88084078
4229.0000 0.89368695
4229.9000 0.90059549
4230.8000 0.89235467
4231.7000 0.86091524
4232.6000 0.79591787
4233.5000 0.74696356
4234.4000 0.77579433
4235.3000 0.84701115
4236.2000 0.88714981
4237.1000 0.89507556
4238.0000 0.89844841
4238.9000 0.89871925
4239.8000 0.89834005
4240.7000 0.89895564
4241.6000 0.88181669
4242.5000 0.85158765
4243.4000 0.8451432
4244.3000 0.86724353
4245.2000 0.88313901
4246.1000 0.8797906
4247.0000 0.86615735
4247.9000 0.86579782
4248.8000 0.88473016
4249.7000 0.8902033
4250.6000 0.87991172
4251.5000 0.87321109
4252.4000 0.86926937
4253.3000 0.86507833
4254.2000 0.86820287
4255.1000 0.88017297
4256.0000 0.88713688
4256.9000 0.88401413
4257.8000 0.86601394
4258.7000 0.85063404
4259.6000 0.85051584
4260.5000 0.85691732
4261.4000 0.8522684
4262.3000 0.83651805
4263.2000 0.83987796
4264.1000 0.85932589
4265.0000 0.86821234
4265.9000 0.87133664
4266.8000 0.87002742
4267.7000 0.86452031
4268.6000 0.85808176
4269.5000 0.85491759
4270.4000 0.86032748
4271.3000 0.85815424
4272.2000 0.83941984
4273.1000 0.82134444
4274.0000 0.82031459
4274.9000 0.82555586
4275.8000 0.82757258
4276.7000 0.83601236
4277.6000 0.83902949
4278.5000 0.83493471
4279.4000 0.84730542
4280.3000 0.86250418
4281.2000 0.85994285
4282.1000 0.8522644
4283.0000 0.84995431
4283.9000 0.84279102
4284.8000 0.84326804
4285.7000 0.85291451
4286.6000 0.85726571
4287.5000 0.85603875
4288.4000 0.85618484
4289.3000 0.84400833
4290.2000 0.81606627
4291.1000 0.8125546
4292.0000 0.84119183
4292.9000 0.85171694
4293.8000 0.82817644
4294.7000 0.8113392
4295.6000 0.81000948
4296.5000 0.79975021
4297.4000 0.80361646
4298.3000 0.83037722
4299.2000 0.83254915
4300.1000 0.79807758
4301.0000 0.77487236
4301.9000 0.77452403
4302.8000 0.75847197
4303.7000 0.74875575
4304.6000 0.78589547
4305.5000 0.8366437
4306.4000 0.85674798
4307.3000 0.84088719
4308.2000 0.82046646
4309.1000 0.82671583
4310.0000 0.8546629
4310.9000 0.86813563
4311.8000 0.85944045
4312.7000 0.8332997
4313.6000 0.79795223
4314.5000 0.77288508
4315.4000 0.78247941
4316.3000 0.82023394
4317.2000 0.84877491
4318.1000 0.85972464
4319.0000 0.86075228
4319.9000 0.85455161
4320.8000 0.84569073
4321.7000 0.84578967
4322.6000 0.8573246
4323.5000 0.86536515
4324.4000 0.85727495
4325.3000 0.83468336
4326.2000 0.82101935
4327.1000 0.83931917
4328.0000 0.86545825
4328.9000 0.87052733
4329.8000 0.86311674
4330.7000 0.85565203
4331.6000 0.85921454
4332.5000 0.86890692
4333.4000 0.87345821
4334.3000 0.86850476
4335.2000 0.86257166
4336.1000 0.85551357
4337.0000 0.82938117
4337.9000 0.77344203
4338.8000 0.70041901
4339.7000 0.61569268
4340.6000 0.55036741
4341.5000 0.57305795
4342.4000 0.67042994
4343.3000 0.75528425
4344.2000 0.79037225
4345.1000 0.80976439
4346.0000 0.8340596
4346.9000 0.85268044
4347.8000 0.86073625
4348.7000 0.85952264
4349.6000 0.85259801
4350.5000 0.82707173
4351.4000 0.77265102
4352.3000 0.73625058
4353.2000 0.76211286
4354.1000 0.8193869
4355.0000 0.8543945
4355.9000 0.85883969
4356.8000 0.85009825
4357.7000 0.84423053
4358.6000 0.8470645
4359.5000 0.85476089
4360.4000 0.85920006
4361.3000 0.85637069
4362.2000 0.84875184
4363.1000 0.84438163
4364.0000 0.84699398
4364.9000 0.85215896
4365.8000 0.8538323
4366.7000 0.85053378
4367.6000 0.83808476
4368.5000 0.82512546
4369.4000 0.82041031
4370.3000 0.8253178
4371.2000 0.84002352
4372.1000 0.85420889
4373.0000 0.85532528
4373.9000 0.84501147
4374.8000 0.83531231
4375.7000 0.83406979
4376.6000 0.84160578
4377.5000 0.85103172
4378.4000 0.853733
4379.3000 0.85461217
4380.2000 0.85268384
4381.1000 0.85119659
4382.0000 0.85564393
4382.9000 0.84454614
4383.8000 0.79923266
4384.7000 0.74350834
4385.6000 0.7152105
4386.5000 0.74028754
4387.4000 0.78984797
4388.3000 0.82442087
4389.2000 0.83484596
4390.1000 0.83198303
4391.0000 0.82678986
4391.9000 0.8274951
4392.8000 0.83395469
4393.7000 0.82192206
4394.6000 0.78819883
4395.5000 0.76293027
4396.4000 0.77735007
4397.3000 0.82193923
4398.2000 0.84341264
4399.1000 0.83142632
4400.0000 0.81552339
4400.9000 0.81660599
4401.8000 0.82966119
4402.7000 0.83928621
4403.6000 0.83882397
4404.5000 0.8335467
4405.4000 0.83539641
4406.3000 0.84143853
4407.2000 0.84255779
4408.1000 0.84541571
4409.0000 0.84481418
4409.9000 0.83406907
4410.8000 0.8268559
4411.7000 0.82700861
4412.6000 0.82673174
4413.5000 0.82390833
4414.4000 0.81639183
4415.3000 0.79895693
4416.2000 0.76224464
4417.1000 0.71686536
4418.0000 0.71026373
4418.9000 0.74767452
4419.8000 0.78384137
4420.7000 0.79762828
4421.6000 0.79737443
4422.5000 0.79143608
4423.4000 0.78690743
4424.3000 0.78677922
4425.2000 0.78138345
4426.1000 0.77537
4427.0000 0.77016348
4427.9000 0.76116669
4428.8000 0.75649792
4429.7000 0.75763708
4430.6000 0.75925809
4431.5000 0.76195419
4432.4000 0.76707637
4433.3000 0.76790661
4434.2000 0.76396698
4435.1000 0.76750702
4436.0000 0.77744788
4436.9000 0.78432018
4437.8000 0.79012263
4438.7000 0.79621863
4439.6000 0.79954851
4440.5000 0.80000693
4441.4000 0.80148768
4442.3000 0.79097694
4443.2000 0.76172239
4444.1000 0.73580521
4445.0000 0.74494541
4445.9000 0.78146052
4446.8000 0.80715054
4447.7000 0.81333387
4448.6000 0.81331623
4449.5000 0.8079831
4450.4000 0.79836237
4451.3000 0.7922768
4452.2000 0.79630327
4453.1000 0.80733204
4454.0000 0.81524295
4454.9000 0.81259477
4455.8000 0.80895162
4456.7000 0.81347108
4457.6000 0.82159483
4458.5000 0.8245585
4459.4000 0.82233083
4460.3000 0.8179183
4461.2000 0.8131032
4462.1000 0.81133682
4463.0000 0.81323886
4463.9000 0.81429338
4464.8000 0.8137427
4465.7000 0.81105691
4466.6000 0.80730808
4467.5000 0.79585809
4468.4000 0.7704106
4469.3000 0.75911999
4470.2000 0.77680427
4471.1000 0.79141992
4472.0000 0.78666031
4472.9000 0.78278375
4473.8000 0.79425126
4474.7000 0.80938941
4475.6000 0.81974393
4476.5000 0.82171088
4477.4000 0.82294536
4478.3000 0.8253783
4479.2000 0.81839675
4480.1000 0.77066803
4481.0000 0.68062079
4481.9000 0.63940012
4482.8000 0.69841039
4483.7000 0.78124058
4484.6000 0.82205212
4485.5000 0.82955861
4486.4000 0.82436585
4487.3000 0.81143069
4488.2000 0.79058319
4489.1000 0.76323801
4490.0000 0.74991584
4490.9000 0.75214773
4491.8000 0.75576645
4492.7000 0.77478868
4493.6000 0.80399579
4494.5000 0.82290566
4495.4000 0.83029681
4496.3000 0.82834852
4497.2000 0.82548332
4498.1000 0.82483488
4499.0000 0.82215047
4499.9000 0.81101489
4500.8000 0.78675145
4501.7000 0.76567793
4502.6000 0.77350372
4503.5000 0.79780078
4504.4000 0.81358147
4505.3000 0.81907082
4506.2000 0.81797624
4507.1000 0.79879457
4508.0000 0.75123811
4508.9000 0.72508693
4509.8000 0.75509071
4510.7000 0.79983091
4511.6000 0.82004672
4512.5000 0.82452947
4513.4000 0.8228634
4514.3000 0.79363835
4515.2000 0.74825692
4516.1000 0.73568696
4517.0000 0.76621163
4517.9000 0.79818696
4518.8000 0.79701394
4519.7000 0.75970507
4520.6000 0.72399825
4521.5000 0.71416032
4522.4000 0.69971114
4523.3000 0.6952734
4524.2000 0.7387464
4525.1000 0.79208755
4526.0000 0.81471592
4526.9000 0.81556302
4527.8000 0.81115437
4528.7000 0.81088042
4529.6000 0.81210482
4530.5000 0.81211251
4531.4000 0.81455064
4532.3000 0.81073326
4533.2000 0.78246766
4534.1000 0.74230176
4535.0000 0.73904276
4535.9000 0.77708918
4536.8000 0.80993754
4537.7000 0.81995094
4538.6000 0.81730753
4539.5000 0.80786061
4540.4000 0.7924841
4541.3000 0.7689268
4542.2000 0.7564007
4543.1000 0.7756964
4544.0000 0.80195051
4544.9000 0.81098258
4545.8000 0.80980748
4546.7000 0.80520773
4547.6000 0.79028136
4548.5000 0.74345309
4549.4000 0.67678857
4550.3000 0.66519266
4551.2000 0.72402573
4552.1000 0.78374481
4553.0000 0.80155295
4553.9000 0.78444529
4554.8000 0.73783541
4555.7000 0.68634355
4556.6000 0.67924815
4557.5000 0.70556736
4558.4000 0.7135433
4559.3000 0.7151258
4560.2000 0.74509823
4561.1000 0.78691
4562.0000 0.80475974
4562.9000 0.78803921
4563.8000 0.75945622
4564.7000 0.7514348
4565.6000 0.76720399
4566.5000 0.78485286
4567.4000 0.79462069
4568.3000 0.80175889
4569.2000 0.8050881
4570.1000 0.79931098
4571.0000 0.77601951
4571.9000 0.74488705
4572.8000 0.73876083
4573.7000 0.76498723
4574.6000 0.786026
4575.5000 0.77925164
4576.4000 0.75588822
4577.3000 0.74782252
4578.2000 0.76398766
4579.1000 0.77781218
4580.0000 0.77600998
4580.9000 0.77137601
4581.8000 0.75728339
4582.7000 0.70513868
4583.6000 0.64282238
4584.5000 0.63875002
4585.4000 0.70536095
4586.3000 0.76736313
4587.2000 0.76711869
4588.1000 0.72589177
4589.0000 0.70244533
4589.9000 0.71865845
4590.8000 0.74251097
4591.7000 0.75012147
4592.6000 0.75068796
4593.5000 0.76022321
4594.4000 0.77524567
4595.3000 0.77823263
4596.2000 0.77313435
4597.1000 0.77334243
4598.0000 0.78245258
4598.9000 0.79234302
4599.8000 0.79465967
4600.7000 0.79069203
4601.6000 0.78656656
4602.5000 0.78620607
4603.4000 0.7892434
4604.3000 0.78900015
4605.2000 0.78690875
4606.1000 0.78680342
4607.0000 0.78965276
4607.9000 0.78844917
4608.8000 0.78558314
4609.7000 0.78729773
4610.6000 0.78866541
4611.5000 0.78872436
4612.4000 0.7883935
4613.3000 0.78739041
4614.2000 0.78550971
4615.1000 0.77924412
4616.0000 0.76341927
4616.9000 0.74504375
4617.8000 0.73090005
4618.7000 0.71387327
4619.6000 0.70224285
4620.5000 0.71200341
4621.4000 0.73821306
4622.3000 0.7628395
4623.2000 0.77729326
4624.1000 0.78188896
4625.0000 0.7773146
4625.9000 0.76809168
4626.8000 0.76569831
4627.7000 0.75796366
4628.6000 0.72492182
4629.5000 0.6876229
4630.4000 0.69111609
4631.3000 0.73215842
4632.2000 0.76151395
4633.1000 0.75385725
4634.0000 0.72496247
4634.9000 0.70560443
4635.8000 0.71503717
4636.7000 0.74158955
4637.6000 0.76081842
4638.5000 0.76965261
4639.4000 0.77498466
4640.3000 0.77637625
4641.2000 0.77862167
4642.1000 0.78061253
4643.0000 0.77883005
4643.9000 0.77749485
4644.8000 0.78071409
4645.7000 0.78134006
4646.6000 0.77819079
4647.5000 0.77470773
4648.4000 0.77075714
4649.3000 0.76983774
4650.2000 0.77162445
4651.1000 0.77331662
4652.0000 0.77292931
4652.9000 0.77173352
4653.8000 0.77387184
4654.7000 0.77610785
4655.6000 0.77348161
4656.5000 0.76236802
4657.4000 0.74944496
4658.3000 0.74965638
4659.2000 0.75890785
4660.1000 0.76599306
4661.0000 0.76893628
4661.9000 0.76728415
4662.8000 0.75943857
4663.7000 0.75070357
4664.6000 0.75158185
4665.5000 0.75209999
4666.4000 0.74034381
4667.3000 0.72900581
4668.2000 0.73887026
4669.1000 0.75121695
4670.0000 0.75254095
4670.9000 0.75459689
4671.8000 0.76111084
4672.7000 0.76847607
4673.6000 0.77054924
4674.5000 0.77212286
4675.4000 0.77055132
4676.3000 0.76779974
4677.2000 0.76768529
4678.1000 0.76719755
4679.0000 0.76511145
4679.9000 0.76784492
4680.8000 0.77120221
4681.7000 0.76854068
4682.6000 0.76607668
4683.5000 0.76744092
4684.4000 0.76800174
4685.3000 0.76651061
4686.2000 0.7612493
4687.1000 0.75915927
4688.0000 0.76290017
4688.9000 0.76417118
4689.8000 0.76511586
4690.7000 0.76829964
4691.6000 0.76958519
4692.5000 0.76751482
4693.4000 0.7619077
4694.3000 0.76213109
4695.2000 0.76627213
4696.1000 0.76275992
4697.0000 0.75747478
4697.9000 0.7567969
4698.8000 0.7559256
4699.7000 0.75954914
4700.6000 0.76376182
4701.5000 0.76358777
4702.4000 0.76099575
4703.3000 0.76087588
4704.2000 0.763565
4705.1000 0.76282412
4706.0000 0.76049525
4706.9000 0.75985157
4707.8000 0.75833333
4708.7000 0.75626898
4709.6000 0.75634968
4710.5000 0.75610954
4711.4000 0.75902259
4712.3000 0.76190066
4713.2000 0.75932932
4714.1000 0.75580704
4715.0000 0.7544623
4715.9000 0.75681531
4716.8000 0.75853801
4717.7000 0.7595197
4718.6000 0.75927711
4719.5000 0.75538009
4720.4000 0.7532475
4721.3000 0.756015
4722.2000 0.75767595
4723.1000 0.75553244
4724.0000 0.751638
4724.9000 0.74763459
4725.8000 0.74252564
4726.7000 0.73840916
4727.6000 0.73683959
4728.5000 0.7373786
4729.4000 0.73733938
4730.3000 0.7319122
4731.2000 0.72142607
4732.1000 0.71758765
4733.0000 0.7271865
4733.9000 0.74011767
4734.8000 0.74649239
4735.7000 0.74947447
4736.6000 0.7493962
4737.5000 0.74777859
4738.4000 0.74879134
4739.3000 0.75020349
4740.2000 0.75012851
4741.1000 0.75192648
4742.0000 0.75362468
4742.9000 0.75179613
4743.8000 0.74902916
4744.7000 0.74849033
4745.6000 0.74735326
4746.5000 0.74465221
4747.4000 0.74513203
4748.3000 0.74832624
4749.2000 0.74944246
4750.1000 0.74832618
4751.0000 0.74912596
4751.9000 0.74800837
4752.8000 0.74402243
4753.7000 0.74073547
4754.6000 0.7387237
4755.5000 0.73451215
4756.4000 0.73146838
4757.3000 0.73348266
4758.2000 0.73715675
4759.1000 0.7374199
4760.0000 0.73275691
4760.9000 0.72586268
4761.8000 0.72042727
4762.7000 0.71609461
4763.6000 0.71067321
4764.5000 0.70879394
4765.4000 0.71628511
4766.3000 0.72869593
4767.2000 0.73589349
4768.1000 0.73635817
4769.0000 0.7338205
4769.9000 0.73242795
4770.8000 0.73535317
4771.7000 0.73605448
4772.6000 0.73181826
4773.5000 0.72947025
4774.4000 0.73198599
4775.3000 0.7327556
4776.2000 0.73151314
4777.1000 0.73170507
4778.0000 0.73161638
4778.9000 0.72481126
4779.8000 0.71613753
4780.7000 0.71499938
4781.6000 0.72100902
4782.5000 0.7285257
4783.4000 0.73431844
4784.3000 0.7371515
4785.2000 0.7361632
4786.1000 0.73488396
4787.0000 0.7357133
4787.9000 0.73551983
4788.8000 0.73537773
4789.7000 0.73595035
4790.6000 0.73798531
4791.5000 0.73678571
4792.4000 0.73465902
4793.3000 0.73483187
4794.2000 0.73504412
4795.1000 0.73504758
4796.0000 0.73646486
4796.9000 0.73547804
4797.8000 0.73120886
4798.7000 0.72863203
4799.6000 0.72988993
4800.5000 0.73162329
4801.4000 0.73090661
4802.3000 0.73170924
4803.2000 0.73527479
4804.1000 0.73086804
4805.0000 0.71583688
4805.9000 0.70990098
4806.8000 0.71985883
4807.7000 0.73128366
4808.6000 0.73440754
4809.5000 0.73286909
4810.4000 0.73268986
4811.3000 0.72938639
4812.2000 0.72328633
4813.1000 0.72247404
4814.0000 0.72822362
4814.9000 0.73040545
4815.8000 0.72929233
4816.7000 0.72982967
4817.6000 0.73084664
4818.5000 0.73064715
4819.4000 0.73114991
4820.3000 0.73156625
4821.2000 0.73128325
4822.1000 0.72730809
4823.0000 0.70806628
4823.9000 0.67782336
4824.8000 0.66577834
4825.7000 0.68658328
4826.6000 0.71344298
4827.5000 0.72406352
4828.4000 0.7257005
4829.3000 0.72790796
4830.2000 0.7305879
4831.1000 0.72985888
4832.0000 0.72593224
4832.9000 0.72353768
4833.8000 0.72391605
4834.7000 0.7229557
4835.6000 0.71871722
4836.5000 0.71458238
4837.4000 0.71633649
4838.3000 0.72431052
4839.2000 0.73023611
4840.1000 0.73064119
4841.0000 0.730488
4841.9000 0.73388743
4842.8000 0.73647779
4843.7000 0.737059
4844.6000 0.73538387
4845.5000 0.73319656
4846.4000 0.73028421
4847.3000 0.71529853
4848.2000 0.68830681
4849.1000 0.68175662
4850.0000 0.70242631
4850.9000 0.72383446
4851.8000 0.7323364
4852.7000 0.73191249
4853.6000 0.73202252
4854.5000 0.72937268
4855.4000 0.71775866
4856.3000 0.70802933
4857.2000 0.70498347
4858.1000 0.69435257
4859.0000 0.65521413
4859.9000 0.58783549
4860.8000 0.53674084
4861.7000 0.55108821
4862.6000 0.60828018
4863.5000 0.6451149
4864.4000 0.65399683
4865.3000 0.6675787
4866.2000 0.69037771
4867.1000 0.70973587
4868.0000 0.71906561
4868.9000 0.72269416
4869.8000 0.72241348
4870.7000 0.71740752
4871.6000 0.71021181
4872.5000 0.7076081
4873.4000 0.70887077
4874.3000 0.7052443
4875.2000 0.69522738
4876.1000 0.67781264
4877.0000 0.66448319
4877.9000 0.67159075
4878.8000 0.68816888
4879.7000 0.6946016
4880.6000 0.69086534
4881.5000 0.68994391
4882.4000 0.69244236
4883.3000 0.68995619
4884.2000 0.68107218
4885.1000 0.67459196
4886.0000 0.67820501
4886.9000 0.68834889
4887.8000 0.69265711
4888.7000 0.69223607
4889.6000 0.69291729
4890.5000 0.69400114
4891.4000 0.69223052
4892.3000 0.69096375
4893.2000 0.69293135
4894.1000 0.69314641
4895.0000 0.69160444
4895.9000 0.69200343
4896.8000 0.69353777
4897.7000 0.6954034
4898.6000 0.69536477
4899.5000 0.69423127
4900.4000 0.69461638
4901.3000 0.69186717
4902.2000 0.68914336
4903.1000 0.69431126
4904.0000 0.70110589
4904.9000 0.70347595
4905.8000 0.7013374
4906.7000 0.70005709
4907.6000 0.70280236
4908.5000 0.7031647
4909.4000 0.69862759
4910.3000 0.69496131
4911.2000 0.69341743
4912.1000 0.69358432
4913.0000 0.69407046
4913.9000 0.69446015
4914.8000 0.69840902
4915.7000 0.70473427
4916.6000 0.70738083
4917.5000 0.70548761
4918.4000 0.70233947
4919.3000 0.69911957
4920.2000 0.69719476
4921.1000 0.68953496
4922.0000 0.6696614
4922.9000 0.62694615
4923.8000 0.57445377
4924.7000 0.56998366
4925.6000 0.62602931
4926.5000 0.68116742
4927.4000 0.6989935
4928.3000 0.69989562
4929.2000 0.70192379
4930.1000 0.70426953
4931.0000 0.705055
4931.9000 0.70401013
4932.8000 0.70197743
4933.7000 0.69962037
4934.6000 0.70125341
4935.5000 0.70258504
4936.4000 0.70210201
4937.3000 0.70191765
4938.2000 0.69895941
4939.1000 0.69501287
4940.0000 0.69593269
4940.9000 0.69772393
4941.8000 0.69797415
4942.7000 0.69908255
4943.6000 0.70098394
4944.5000 0.69982237
4945.4000 0.69932067
4946.3000 0.69788748
4947.2000 0.6933952
4948.1000 0.69259256
4949.0000 0.69335181
4949.9000 0.69100296
4950.8000 0.68646228
4951.7000 0.6844182
4952.6000 0.68553168
4953.5000 0.68724096
4954.4000 0.68896115
4955.3000 0.68969947
4956.2000 0.69005907
4957.1000 0.68501908
4958.0000 0.6774531
4958.9000 0.67557257
4959.8000 0.67939645
4960.7000 0.68420523
4961.6000 0.68717635
4962.5000 0.68547833
4963.4000 0.68336499
4964.3000 0.68495566
4965.2000 0.68669003
4966.1000 0.68526411
4967.0000 0.68335199
4967.9000 0.68143857
4968.8000 0.68118459
4969.7000 0.68214732
4970.6000 0.68194008
4971.5000 0.68741876
4972.4000 0.69894904
4973.3000 0.70227462
4974.2000 0.69518083
4975.1000 0.6885367
4976.0000 0.68784583
4976.9000 0.68617201
4977.8000 0.68523479
4978.7000 0.68545359
4979.6000 0.68477541
4980.5000 0.68299645
4981.4000 0.68309337
4982.3000 0.68504936
4983.2000 0.68365264
4984.1000 0.68038529
4985.0000 0.67962384
4985.9000 0.68216574
4986.8000 0.6848371
4987.7000 0.68456292
4988.6000 0.6827957
4989.5000 0.68367332
4990.4000 0.68185461
4991.3000 0.67524201
4992.2000 0.67043805
4993.1000 0.66935229
4994.0000 0.66979361
4994.9000 0.67532718
4995.8000 0.68294364
4996.7000 0.68443978
4997.6000 0.68239826
4998.5000 0.68428683
4999.4000 0.68519026
5000.3000 0.6793704
5001.2000 0.66898835
5002.1000 0.65995771
5003.0000 0.65883046
5003.9000 0.66287529
5004.8000 0.66535276
5005.7000 0.66770566
5006.6000 0.6724413
5007.5000 0.67661172
5008.4000 0.6786983
5009.3000 0.68009603
5010.2000 0.68225044
5011.1000 0.68601489
5012.0000 0.68799233
5012.9000 0.68895364
5013.8000 0.687451
5014.7000 0.67872065
5015.6000 0.66535616
5016.5000 0.64512432
5017.4000 0.60513085
5018.3000 0.55844313
5019.2000 0.55436975
5020.1000 0.60516602
5021.0000 0.65864623
5021.9000 0.67978275
5022.8000 0.68140316
5023.7000 0.68163502
5024.6000 0.68398297
5025.5000 0.6857143
5026.4000 0.68497872
5027.3000 0.68215215
5028.2000 0.68059844
5029.1000 0.68080425
5030.0000 0.67644125
5030.9000 0.66885
5031.8000 0.6640532
5032.7000 0.66380841
5033.6000 0.666363
5034.5000 0.66907823
5035.4000 0.66466767
5036.3000 0.65948617
5037.2000 0.66182667
5038.1000 0.66706806
5039.0000 0.66882116
5039.9000 0.65948886
5040.8000 0.63936496
5041.7000 0.6284315
5042.6000 0.63900429
5043.5000 0.65731835
5044.4000 0.66653639
5045.3000 0.66911864
5046.2000 0.66974491
5047.1000 0.66649985
5048.0000 0.66565549
5048.9000 0.66914922
5049.8000 0.67041212
5050.7000 0.67015249
5051.6000 0.66987598
5052.5000 0.66853017
5053.4000 0.66826624
5054.3000 0.66689914
5055.2000 0.64757866
5056.1000 0.61831594
5057.0000 0.61319059
5057.9000 0.63758439
5058.8000 0.66023809
5059.7000 0.66586876
5060.6000 0.66295886
5061.5000 0.66090244
5062.4000 0.66258532
5063.3000 0.66486698
5064.2000 0.66661137
5065.1000 0.66772968
5066.0000 0.66895807
5066.9000 0.66847628
5067.8000 0.6664564
5068.7000 0.66572887
5069.6000 0.66598839
5070.5000 0.66374213
5071.4000 0.65975547
5072.3000 0.65901583
5073.2000 0.65966552
5074.1000 0.65708315
5075.0000 0.65438163
5075.9000 0.65405136
5076.8000 0.65787065
5077.7000 0.6652509
5078.6000 0.67207164
5079.5000 0.67405456
5080.4000 0.67100668
5081.3000 0.66791826
5082.2000 0.66723526
5083.1000 0.66739476
5084.0000 0.66859668
5084.9000 0.66654068
5085.8000 0.66389757
5086.7000 0.66183615
5087.6000 0.66123241
5088.5000 0.66119939
5089.4000 0.66273719
5090.3000 0.66697508
5091.2000 0.67009354
5092.1000 0.66840386
5093.0000 0.66102612
5093.9000 0.65469503
5094.8000 0.65564752
5095.7000 0.65759164
5096.6000 0.6561771
5097.5000 0.65298623
5098.4000 0.65275973
5099.3000 0.65356499
5100.2000 0.64583677
5101.1000 0.63653433
5102.0000 0.63892806
5102.9000 0.64772749
5103.8000 0.65408885
5104.7000 0.65785456
5105.6000 0.65985453
5106.5000 0.65769112
5107.4000 0.65352863
5108.3000 0.65152216
5109.2000 0.65320015
5110.1000 0.65456277
5111.0000 0.65561724
5111.9000 0.65637451
5112.8000 0.65575868
5113.7000 0.65616429
5114.6000 0.65715015
5115.5000 0.6568411
5116.4000 0.6559788
5117.3000 0.65712255
5118.2000 0.65823817
5119.1000 0.65750349
5120.0000 0.6558736
5120.9000 0.65565443
5121.8000 0.65948868
5122.7000 0.6612497
5123.6000 0.66020942
5124.5000 0.65943182
5125.4000 0.65920216
5126.3000 0.65857971
5127.2000 0.65535027
5128.1000 0.649391
5129.0000 0.64558935
5129.9000 0.6464811
5130.8000 0.65145779
5131.7000 0.65237784
5132.6000 0.65026581
5133.5000 0.65110582
5134.4000 0.65384918
5135.3000 0.65775079
5136.2000 0.65922052
5137.1000 0.65806407
5138.0000 0.65802318
5138.9000 0.65732449
5139.8000 0.65604788
5140.7000 0.65662986
5141.6000 0.65744674
5142.5000 0.65467674
5143.4000 0.64961332
5144.3000 0.64656782
5145.2000 0.64501482
5146.1000 0.64377922
5147.0000 0.6464569
5147.9000 0.65131146
5148.8000 0.65163445
5149.7000 0.64545268
5150.6000 0.64063627
5151.5000 0.6441443
5152.4000 0.64839703
5153.3000 0.64541757
5154.2000 0.63828164
5155.1000 0.63676029
5156.0000 0.64151424
5156.9000 0.64601874
5157.8000 0.64959109
5158.7000 0.65273255
5159.6000 0.65399277
5160.5000 0.65285772
5161.4000 0.65035886
5162.3000 0.6514408
5163.2000 0.65401727
5164.1000 0.65750241
5165.0000 0.65897375
5165.9000 0.64932936
5166.8000 0.62563896
5167.7000 0.58498961
5168.6000 0.53665566
5169.5000 0.51943094
5170.4000 0.55824322
5171.3000 0.61456168
5172.2000 0.63874954
5173.1000 0.63787079
5174.0000 0.64025235
5174.9000 0.650832
5175.8000 0.65834618
5176.7000 0.65834081
5177.6000 0.65513432
5178.5000 0.65492964
5179.4000 0.65635502
5180.3000 0.65712529
5181.2000 0.65642858
5182.1000 0.65227741
5183.0000 0.64084798
5183.9000 0.62987041
5184.8000 0.63057804
5185.7000 0.6382764
5186.6000 0.64282548
5187.5000 0.64394289
5188.4000 0.64194489
5189.3000 0.640571
5190.2000 0.6434567
5191.1000 0.64815283
5192.0000 0.64925718
5192.9000 0.64620316
5193.8000 0.64477742
5194.7000 0.64462429
5195.6000 0.64152128
5196.5000 0.62784445
5197.4000 0.60015219
5198.3000 0.58627582
5199.2000 0.60467088
5200.1000 0.63266701
5201.0000 0.64680433
5201.9000 0.64933503
5202.8000 0.64552915
5203.7000 0.64387083
5204.6000 0.64614594
5205.5000 0.64632905
5206.4000 0.64477384
5207.3000 0.64618886
5208.2000 0.64762455
5209.1000 0.6485638
5210.0000 0.64906567
5210.9000 0.64646566
5211.8000 0.64234227
5212.7000 0.64061785
5213.6000 0.63945276
5214.5000 0.63398665
5215.4000 0.62507874
5216.3000 0.61910349
5217.2000 0.6193428
5218.1000 0.62685394
5219.0000 0.63475245
5219.9000 0.63853115
5220.8000 0.63996524
5221.7000 0.6400432
5222.6000 0.6393162
5223.5000 0.63899511
5224.4000 0.63813919
5225.3000 0.63515395
5226.2000 0.62407607
5227.1000 0.60755652
5228.0000 0.60399234
5228.9000 0.61854684
5229.8000 0.63455373
5230.7000 0.63906765
5231.6000 0.63657624
5232.5000 0.62908018
5233.4000 0.61194623
5234.3000 0.5845812
5235.2000 0.56734812
5236.1000 0.57535744
5237.0000 0.58946121
5237.9000 0.59593052
5238.8000 0.60627592
5239.7000 0.62071276
5240.6000 0.62963998
5241.5000 0.63220829
5242.4000 0.63284791
5243.3000 0.63321966
5244.2000 0.6342814
5245.1000 0.63516784
5246.0000 0.63231361
5246.9000 0.62698418
5247.8000 0.62339288
5248.7000 0.62384486
5249.6000 0.6262908
5250.5000 0.62754351
5251.4000 0.62865752
5252.3000 0.62864268
5253.2000 0.62747741
5254.1000 0.62271422
5255.0000 0.61495835
5255.9000 0.6116333
5256.8000 0.61719698
5257.7000 0.62473106
5258.6000 0.62551749
5259.5000 0.61816573
5260.4000 0.60921293
5261.3000 0.6075061
5262.2000 0.61476624
5263.1000 0.6202839
5264.0000 0.61368406
5264.9000 0.60203212
5265.8000 0.60223621
5266.7000 0.61704373
5267.6000 0.63035792
5268.5000 0.63231289
5269.4000 0.62993628
5270.3000 0.62829816
5271.2000 0.62599611
5272.1000 0.62053537
5273.0000 0.61382097
5273.9000 0.60523814
5274.8000 0.58462173
5275.7000 0.55009025
5276.6000 0.53472614
5277.5000 0.56115532
5278.4000 0.60012025
5279.3000 0.614896
5280.2000 0.61171836
5281.1000 0.61204004
5282.0000 0.61948895
5282.9000 0.62208599
5283.8000 0.61150885
5284.7000 0.60144395
5285.6000 0.60737348
5286.5000 0.62029916
5287.4000 0.62580192
5288.3000 0.62622249
5289.2000 0.62816697
5290.1000 0.62967795
5291.0000 0.62622029
5291.9000 0.62039381
5292.8000 0.61866409
5293.7000 0.6195296
5294.6000 0.62104279
5295.5000 0.62136275
5296.4000 0.6212188
5297.3000 0.62237406
5298.2000 0.6224063
5299.1000 0.6193341
5300.0000 0.61661232
5300.9000 0.61573976
5301.8000 0.61806166
5302.7000 0.62034017
5303.6000 0.61887211
5304.5000 0.61697626
5305.4000 0.61366874
5306.3000 0.60855281
5307.2000 0.60548729
5308.1000 0.6079042
5309.0000 0.61148739
5309.9000 0.61265051
5310.8000 0.61287361
5311.7000 0.61542898
5312.6000 0.61521757
5313.5000 0.60436273
5314.4000 0.59080672
5315.3000 0.57572162
5316.2000 0.54400414
5317.1000 0.51687574
5318.0000 0.5326618
5318.9000 0.57627404
5319.8000 0.60555124
5320.7000 0.61146486
5321.6000 0.61010909
5322.5000 0.61089772
5323.4000 0.61186898
5324.3000 0.60897768
5325.2000 0.59928733
5326.1000 0.59190631
5327.0000 0.59509838
5327.9000 0.60468668
5328.8000 0.60808605
5329.7000 0.60551381
5330.6000 0.60464364
5331.5000 0.60674292
5332.4000 0.60896266
5333.3000 0.60845947
5334.2000 0.60289121
5335.1000 0.59607905
5336.0000 0.59505725
5336.9000 0.59653008
5337.8000 0.59438252
5338.7000 0.59373963
5339.6000 0.59612232
5340.5000 0.59962094
5341.4000 0.60468495
5342.3000 0.60916793
5343.2000 0.61233878
5344.1000 0.61256087
5345.0000 0.61008972
5345.9000 0.60700232
5346.8000 0.60510802
5347.7000 0.60735947
5348.6000 0.6086815
5349.5000 0.60826528
5350.4000 0.60826784
5351.3000 0.60812074
5352.2000 0.60666597
5353.1000 0.60502607
5354.0000 0.60558712
5354.9000 0.60574722
5355.8000 0.60519475
5356.7000 0.60532957
5357.6000 0.60549963
5358.5000 0.60620302
5359.4000 0.60536021
5360.3000 0.60168701
5361.2000 0.59515136
5362.1000 0.5812791
5363.0000 0.55962634
5363.9000 0.55168509
5364.8000 0.56802452
5365.7000 0.58683664
5366.6000 0.59454495
5367.5000 0.59814817
5368.4000 0.59920341
5369.3000 0.59874511
5370.2000 0.59609145
5371.1000 0.59380561
5372.0000 0.59392232
5372.9000 0.59554857
5373.8000 0.59734404
5374.7000 0.59953302
5375.6000 0.60026526
5376.5000 0.59883988
5377.4000 0.59767318
5378.3000 0.59605688
5379.2000 0.59517902
5380.1000 0.59654975
5381.0000 0.59802735
5381.9000 0.59799206
5382.8000 0.59736228
5383.7000 0.59804082
5384.6000 0.59927505
5385.5000 0.59751236
5386.4000 0.59311861
5387.3000 0.58897585
5388.2000 0.59043139
5389.1000 0.59568596
5390.0000 0.59573406
5390.9000 0.59182489
5391.8000 0.59092665
5392.7000 0.59245628
5393.6000 0.59348589
5394.5000 0.59314835
5395.4000 0.58978969
5396.3000 0.58599156
5397.2000 0.5851239
5398.1000 0.58607286
5399.0000 0.58834529
5399.9000 0.58899611
5400.8000 0.58627027
5401.7000 0.58053422
5402.6000 0.57779837
5403.5000 0.58094686
5404.4000 0.58207625
5405.3000 0.57973868
5406.2000 0.58016485
5407.1000 0.58239871
5408.0000 0.58187348
5408.9000 0.58200943
5409.8000 0.58406752
5410.7000 0.5832718
5411.6000 0.58225745
5412.5000 0.58265698
5413.4000 0.5801838
5414.3000 0.57601416
5415.2000 0.57602912
5416.1000 0.58057702
5417.0000 0.58413333
5417.9000 0.58525044
5418.8000 0.583498
5419.7000 0.57900429
5420.6000 0.57636178
5421.5000 0.57750046
5422.4000 0.58125657
5423.3000 0.58344334
5424.2000 0.57997638
5425.1000 0.57061964
5426.0000 0.56605792
5426.9000 0.57296723
5427.8000 0.58184314
5428.7000 0.58372307
5429.6000 0.58016503
5430.5000 0.57739842
5431.4000 0.5782854
5432.3000 0.57901978
5433.2000 0.57598954
5434.1000 0.57311779
5435.0000 0.57587123
5435.9000 0.57948244
5436.8000 0.57948738
5437.7000 0.57913643
5438.6000 0.58001536
5439.5000 0.58003747
5440.4000 0.57840747
5441.3000 0.57762092
5442.2000 0.57696593
5443.1000 0.57425565
5444.0000 0.57209635
5444.9000 0.57092917
5445.8000 0.57069725
5446.7000 0.56918639
5447.6000 0.56891
5448.5000 0.5722506
5449.4000 0.57361168
5450.3000 0.5704785
5451.2000 0.56789535
5452.1000 0.56743091
5453.0000 0.56693786
5453.9000 0.5652799
5454.8000 0.56471401
5455.7000 0.56726956
5456.6000 0.57001984
5457.5000 0.57000065
5458.4000 0.57049966
5459.3000 0.57276762
5460.2000 0.57515001
5461.1000 0.57630181
5462.0000 0.57561183
5462.9000 0.57466811
5463.8000 0.57381886
5464.7000 0.57145846
5465.6000 0.56876826
5466.5000 0.56391132
5467.4000 0.56044871
5468.3000 0.56491703
5469.2000 0.57161444
5470.1000 0.57524496
5471.0000 0.57473361
5471.9000 0.57232249
5472.8000 0.57011139
5473.7000 0.56935501
5474.6000 0.56961358
5475.5000 0.57093877
5476.4000 0.5717175
5477.3000 0.56925106
5478.2000 0.56283498
5479.1000 0.56044608
5480.0000 0.56457102
5480.9000 0.56921381
5481.8000 0.56759703
5482.7000 0.56466866
5483.6000 0.56520826
5484.5000 0.56575549
5485.4000 0.56366354
5486.3000 0.55826956
5487.2000 0.55275768
5488.1000 0.54900771
5489.0000 0.54922438
5489.9000 0.55463302
5490.8000 0.55993599
5491.7000 0.56242049
5492.6000 0.56256515
5493.5000 0.56170195
5494.4000 0.5611971
5495.3000 0.56248081
5496.2000 0.56383896
5497.1000 0.56462055
5498.0000 0.56654155
5498.9000 0.56865865
5499.8000 0.56902909
5500.7000 0.56828916
5501.6000 0.56407899
5502.5000 0.55628788
5503.4000 0.55180895
5504.3000 0.55452669
5505.2000 0.5556798
5506.1000 0.5500558
5507.0000 0.54628116
5507.9000 0.5477879
5508.8000 0.54992235
5509.7000 0.54966968
5510.6000 0.55110586
5511.5000 0.5577687
5512.4000 0.5636155
5513.3000 0.56655276
5514.2000 0.56722927
5515.1000 0.56732517
5516.0000 0.56673127
5516.9000 0.56790346
5517.8000 0.56867886
5518.7000 0.56669009
5519.6000 0.56542432
5520.5000 0.56595677
5521.4000 0.5660882
5522.3000 0.56541443
5523.2000 0.56360918
5524.1000 0.56289041
5525.0000 0.56112337
5525.9000 0.55745482
5526.8000 0.55482125
5527.7000 0.55451196
5528.6000 0.55578327
5529.5000 0.55763853
5530.4000 0.56092334
5531.3000 0.56285107
5532.2000 0.56187636
5533.1000 0.55734223
5534.0000 0.54485095
5534.9000 0.52926546
5535.8000 0.52616709
5536.7000 0.53897893
5537.6000 0.55219138
5538.5000 0.55818123
5539.4000 0.55981559
5540.3000 0.56054157
5541.2000 0.56211066
5542.1000 0.56187248
5543.0000 0.55972284
5543.9000 0.55587465
5544.8000 0.55220973
5545.7000 0.55063277
5546.6000 0.5533576
5547.5000 0.5577451
5548.4000 0.55984974
5549.3000 0.56012124
5550.2000 0.56080467
5551.1000 0.56062061
5552.0000 0.56300169
5552.9000 0.56725925
5553.8000 0.56795895
5554.7000 0.56547081
5555.6000 0.56233287
5556.5000 0.56081748
5557.4000 0.56043643
5558.3000 0.56191504
5559.2000 0.56532758
5560.1000 0.56386358
5561.0000 0.55920392
5561.9000 0.56087524
5562.8000 0.56500673
5563.7000 0.56342077
5564.6000 0.5606612
5565.5000 0.56262583
5566.4000 0.56628382
5567.3000 0.56636566
5568.2000 0.56470078
5569.1000 0.56068045
5570.0000 0.55850768
5570.9000 0.56255746
5571.8000 0.56434274
5572.7000 0.5605368
5573.6000 0.55988967
5574.5000 0.56306219
5575.4000 0.56380337
5576.3000 0.56256586
5577.2000 0.56118965
5578.1000 0.55650699
5579.0000 0.55283302
5579.9000 0.55425996
5580.8000 0.55812848
5581.7000 0.55904871
5582.6000 0.55728626
5583.5000 0.55873185
5584.4000 0.5602659
5585.3000 0.55780441
5586.2000 0.55607742
5587.1000 0.55821145
5588.0000 0.56104839
5588.9000 0.55932969
5589.8000 0.55595767
5590.7000 0.55432707
5591.6000 0.55582422
5592.5000 0.55728877
5593.4000 0.55773723
5594.3000 0.55777681
5595.2000 0.55622071
5596.1000 0.55394918
5597.0000 0.55450696
5597.9000 0.55721933
5598.8000 0.56042254
5599.7000 0.56104398
5600.6000 0.55774724
5601.5000 0.55396545
5602.4000 0.55293459
5603.3000 0.55375415
5604.2000 0.55375952
5605.1000 0.55348563
5606.0000 0.55441248
5606.9000 0.55735004
5607.8000 0.55891365
5608.7000 0.55467528
5609.6000 0.55366164
5610.5000 0.55621725
5611.4000 0.55792737
5612.3000 0.55948871
5613.2000 0.56060779
5614.1000 0.55933684
5615.0000 0.55785239
5615.9000 0.55822414
5616.8000 0.55861336
5617.7000 0.55779046
5618.6000 0.55675632
5619.5000 0.55485028
5620.4000 0.55396438
5621.3000 0.55892015
5622.2000 0.56373101
5623.1000 0.5636735
5624.0000 0.56056368
5624.9000 0.56017673
5625.8000 0.56100911
5626.7000 0.55881977
5627.6000 0.55398864
5628.5000 0.55158067
5629.4000 0.55170423
5630.3000 0.54879034
5631.2000 0.54662615
5632.1000 0.55049229
5633.0000 0.55612177
5633.9000 0.55713958
5634.8000 0.55323797
5635.7000 0.55096245
5636.6000 0.55358082
5637.5000 0.55506676
5638.4000 0.55003572
5639.3000 0.54533798
5640.2000 0.54578841
5641.1000 0.54823184
5642.0000 0.54920924
5642.9000 0.5493325
5643.8000 0.54731333
5644.7000 0.54190671
5645.6000 0.53756058
5646.5000 0.54127216
5647.4000 0.54747015
5648.3000 0.54945701
5649.2000 0.55007595
5650.1000 0.54891068
5651.0000 0.54696035
5651.9000 0.54521585
5652.8000 0.54524767
5653.7000 0.54894668
5654.6000 0.55004227
5655.5000 0.54726273
5656.4000 0.54743344
5657.3000 0.54800528
5658.2000 0.54468215
5659.1000 0.54272926
5660.0000 0.54264855
5660.9000 0.5427438
5661.8000 0.54240841
5662.7000 0.5421409
5663.6000 0.54265642
5664.5000 0.54327762
5665.4000 0.54446787
5666.3000 0.54917568
5667.2000 0.55318856
5668.1000 0.55111384
5669.0000 0.54514229
5669.9000 0.54443908
5670.8000 0.54633397
5671.7000 0.54588342
5672.6000 0.54641473
5673.5000 0.54559249
5674.4000 0.54372346
5675.3000 0.54331785
5676.2000 0.5460732
5677.1000 0.55081552
5678.0000 0.54996669
5678.9000 0.54611963
5679.8000 0.54568034
5680.7000 0.54511869
5681.6000 0.54468048
5682.5000 0.54495603
5683.4000 0.54535174
5684.3000 0.54835433
5685.2000 0.54832786
5686.1000 0.54242164
5687.0000 0.5373742
5687.9000 0.53741741
5688.8000 0.5408904
5689.7000 0.54637921
5690.6000 0.54959023
5691.5000 0.54736561
5692.4000 0.54506433
5693.3000 0.54349256
5694.2000 0.5412944
5695.1000 0.53832334
5696.0000 0.53724021
5696.9000 0.54174298
5697.8000 0.54588187
5698.7000 0.54319799
5699.6000 0.53711921
5700.5000 0.53356916
5701.4000 0.53555644
5702.3000 0.54045284
5703.2000 0.53978848
5704.1000 0.53374201
5705.0000 0.52634263
5705.9000 0.51988381
5706.8000 0.52005363
5707.7000 0.52441645
5708.6000 0.52810478
5709.5000 0.530249
5710.4000 0.53262311
5711.3000 0.53432703
5712.2000 0.5330115
5713.1000 0.53086215
5714.0000 0.53144693
5714.9000 0.53310013
5715.8000 0.53255045
5716.7000 0.53293008
5717.6000 0.53273952
5718.5000 0.53158391
5719.4000 0.53299761
5720.3000 0.53170228
5721.2000 0.53175503
5722.1000 0.53342515
5723.0000 0.5313713
5723.9000 0.52740365
5724.8000 0.52769059
5725.7000 0.53089029
5726.6000 0.52918619
5727.5000 0.52515274
5728.4000 0.52387828
5729.3000 0.5256511
5730.2000 0.53069097
5731.1000 0.5318321
5732.0000 0.53210443
5732.9000 0.533997
5733.8000 0.53390068
5734.7000 0.53508353
5735.6000 0.53634328
5736.5000 0.53224552
5737.4000 0.52992344
5738.3000 0.53206521
5739.2000 0.53134549
5740.1000 0.52735865
5741.0000 0.52727252
5741.9000 0.52762502
5742.8000 0.5275892
5743.7000 0.53116322
5744.6000 0.53333527
5745.5000 0.53266299
5746.4000 0.52906483
5747.3000 0.52190202
5748.2000 0.51967275
5749.1000 0.52372551
5750.0000 0.52810377
5750.9000 0.53123146
5751.8000 0.53181171
5752.7000 0.53070915
5753.6000 0.53356928
5754.5000 0.5354507
5755.4000 0.53364027
5756.3000 0.53335023
5757.2000 0.53263324
5758.1000 0.53051811
5759.0000 0.53121173
5759.9000 0.53304762
5760.8000 0.5335269
5761.7000 0.53046519
5762.6000 0.52848071
5763.5000 0.52988034
5764.4000 0.5326876
5765.3000 0.53236341
5766.2000 0.52764481
5767.1000 0.5248158
5768.0000 0.52495581
5768.9000 0.52524602
5769.8000 0.52542925
5770.7000 0.52381307
5771.6000 0.5188123
5772.5000 0.51557469
5773.4000 0.51528847
5774.3000 0.51480377
5775.2000 0.51599538
5776.1000 0.5142768
5777.0000 0.5087809
5777.9000 0.50417912
5778.8000 0.49842072
5779.7000 0.48146608
5780.6000 0.45337093
5781.5000 0.43607301
5782.4000 0.44578508
5783.3000 0.47043416
5784.2000 0.49264699
5785.1000 0.50499988
5786.0000 0.50907868
5786.9000 0.51124007
5787.8000 0.51342666
5788.7000 0.51436687
5789.6000 0.51315004
5790.5000 0.51363289
5791.4000 0.51633102
5792.3000 0.51838076
5793.2000 0.51918191
5794.1000 0.51786458
5795.0000 0.5110721
5795.9000 0.50215989
5796.8000 0.49660105
5797.7000 0.49334642
5798.6000 0.49780452
5799.5000 0.50965011
5800.4000 0.51726365
5801.3000 0.52022135
5802.2000 0.52152848
5803.1000 0.52078742
5804.0000 0.52176517
5804.9000 0.5221889
5805.8000 0.52162057
5806.7000 0.52294773
5807.6000 0.51988161
5808.5000 0.51443183
5809.4000 0.51403934
5810.3000 0.51545084
5811.2000 0.51356763
5812.1000 0.51395655
5813.0000 0.51571649
5813.9000 0.51665157
5814.8000 0.51793933
5815.7000 0.51763034
5816.6000 0.5162062
5817.5000 0.51798028
5818.4000 0.52150351
5819.3000 0.52322412
5820.2000 0.52246034
5821.1000 0.51902246
5822.0000 0.51554167
5822.9000 0.5163976
5823.8000 0.51846886
5824.7000 0.5183928
5825.6000 0.51841623
5826.5000 0.5194034
5827.4000 0.51796365
5828.3000 0.51646447
5829.2000 0.5164398
5830.1000 0.51481587
5831.0000 0.51245552
5831.9000 0.51272702
5832.8000 0.51379466
5833.7000 0.51495701
5834.6000 0.51646453
5835.5000 0.51747906
5836.4000 0.51612109
5837.3000 0.51415473
5838.2000 0.51565403
5839.1000 0.51779121
5840.0000 0.51743913
5840.9000 0.51509452
5841.8000 0.51241273
5842.7000 0.51284021
5843.6000 0.51663888
5844.5000 0.51947236
5845.4000 0.51874113
5846.3000 0.51686674
5847.2000 0.51551485
5848.1000 0.51218373
5849.0000 0.5102936
5849.9000 0.50953543
5850.8000 0.50769937
5851.7000 0.50975251
5852.6000 0.51338249
5853.5000 0.51495898
5854.4000 0.51517028
5855.3000 0.51464695
5856.2000 0.51181161
5857.1000 0.51143438
5858.0000 0.51529521
5858.9000 0.5167312
5859.8000 0.513677
5860.7000 0.51030105
5861.6000 0.51149994
5862.5000 0.51306111
5863.4000 0.51261508
5864.3000 0.51137978
5865.2000 0.51060963
5866.1000 0.51001722
5867.0000 0.50956279
5867.9000 0.51014376
5868.8000 0.51313889
5869.7000 0.51553923
5870.6000 0.51238328
5871.5000 0.5068996
5872.4000 0.50723672
5873.3000 0.5110234
5874.2000 0.51064509
5875.1000 0.50172347
5876.0000 0.49192145
5876.9000 0.49389881
5877.8000 0.50347179
5878.7000 0.5099715
5879.6000 0.51301211
5880.5000 0.51423252
5881.4000 0.51286918
5882.3000 0.50853866
5883.2000 0.50543171
5884.1000 0.50525987
5885.0000 0.50995922
5885.9000 0.5118171
5886.8000 0.50904906
5887.7000 0.50778019
5888.6000 0.48343301
5889.5000 0.39207381
5890.4000 0.27953884
5891.3000 0.27031785
5892.2000 0.37226689
5893.1000 0.46687835
5894.0000 0.49436024
5894.9000 0.45875195
5895.8000 0.36662942
5896.7000 0.29366517
5897.6000 0.32802123
5898.5000 0.42616001
5899.4000 0.49101484
5900.3000 0.50497323
5901.2000 0.50005668
5902.1000 0.49422699
5903.0000 0.49277049
5903.9000 0.49558824
5904.8000 0.49977255
5905.7000 0.50032419
5906.6000 0.50103831
5907.5000 0.50147331
5908.4000 0.49847957
5909.3000 0.49676383
5910.2000 0.49941736
5911.1000 0.50294161
5912.0000 0.5027054
5912.9000 0.49960527
5913.8000 0.49828577
5914.7000 0.49874505
5915.6000 0.50055653
5916.5000 0.50187618
5917.4000 0.49968305
5918.3000 0.49523664
5919.2000 0.4935298
5920.1000 0.49434069
5921.0000 0.49631673
5921.9000 0.50088096
5922.8000 0.50238156
5923.7000 0.49889398
5924.6000 0.49496073
5925.5000 0.49149883
5926.4000 0.49103248
5927.3000 0.49269289
5928.2000 0.49646738
5929.1000 0.49921608
5930.0000 0.49844083
5930.9000 0.498175
5931.8000 0.50030029
5932.7000 0.5009104
5933.6000 0.4992117
5934.5000 0.49902627
5935.4000 0.50213641
5936.3000 0.50354511
5937.2000 0.50120831
5938.1000 0.49859264
5939.0000 0.49957088
5939.9000 0.50054663
5940.8000 0.50016689
5941.7000 0.49962872
5942.6000 0.49827448
5943.5000 0.49619597
5944.4000 0.49624714
5945.3000 0.50044304
5946.2000 0.50263405
5947.1000 0.49848506
5948.0000 0.49400032
5948.9000 0.49378413
5949.8000 0.49581569
5950.7000 0.49597546
5951.6000 0.4937852
5952.5000 0.49261618
5953.4000 0.49293122
5954.3000 0.49153873
5955.2000 0.49104342
5956.1000 0.49274173
5957.0000 0.4874095
5957.9000 0.47805649
5958.8000 0.47620946
5959.7000 0.48274916
5960.6000 0.49103853
5961.5000 0.49533322
5962.4000 0.4953869
5963.3000 0.49674249
5964.2000 0.49907729
5965.1000 0.49826661
5966.0000 0.49426362
5966.9000 0.49118721
5967.8000 0.48959774
5968.7000 0.48903593
5969.6000 0.49134526
5970.5000 0.49421325
5971.4000 0.49318388
5972.3000 0.4906294
5973.2000 0.48771188
5974.1000 0.48568767
5975.0000 0.48686081
5975.9000 0.48910844
5976.8000 0.48836818
5977.7000 0.48432493
5978.6000 0.47587529
5979.5000 0.46847582
5980.4000 0.47235322
5981.3000 0.48375711
5982.2000 0.49086776
5983.1000 0.49101719
5984.0000 0.48899284
5984.9000 0.48585516
5985.8000 0.48432651
5986.7000 0.48597288
5987.6000 0.48671603
5988.5000 0.48670518
5989.4000 0.48634526
5990.3000 0.48342252
5991.2000 0.48059872
5992.1000 0.4801316
5993.0000 0.48162988
5993.9000 0.48494071
5994.8000 0.4867323
5995.7000 0.4849804
5996.6000 0.48266017
5997.5000 0.48227355
5998.4000 0.4835791
5999.3000 0.48377225
6000.2000 0.48006046
6001.1000 0.47894666
6002.0000 0.48458651
6002.9000 0.48653331
6003.8000 0.4833447
6004.7000 0.48379621
6005.6000 0.48455527
6006.5000 0.48444533
6007.4000 0.48428389
6008.3000 0.48058206
6009.2000 0.47436041
6010.1000 0.46997234
6011.0000 0.46763626
6011.9000 0.46613625
6012.8000 0.46937254
6013.7000 0.47654119
6014.6000 0.48107302
6015.5000 0.48212621
6016.4000 0.48373371
6017.3000 0.48471847
6018.2000 0.48266354
6019.1000 0.48163483
6020.0000 0.48334214
6020.9000 0.48386386
6021.8000 0.48028204
6022.7000 0.48112318
6023.6000 0.4856666
6024.5000 0.48501855
6025.4000 0.48370826
6026.3000 0.48267826
6027.2000 0.48192009
6028.1000 0.48113385
6029.0000 0.48109022
6029.9000 0.4811852
6030.8000 0.48229831
6031.7000 0.48454961
6032.6000 0.48534712
6033.5000 0.48646867
6034.4000 0.48853812
6035.3000 0.48521206
6036.2000 0.48010647
6037.1000 0.4800601
6038.0000 0.48207033
6038.9000 0.48118952
6039.8000 0.47861925
6040.7000 0.47766939
6041.6000 0.47617188
6042.5000 0.47582325
6043.4000 0.4776732
6044.3000 0.47706616
6045.2000 0.47596943
6046.1000 0.47565427
6047.0000 0.47603318
6047.9000 0.47681031
6048.8000 0.47843489
6049.7000 0.47914639
6050.6000 0.48074359
6051.5000 0.483013
6052.4000 0.48017323
6053.3000 0.47547132
6054.2000 0.47382611
6055.1000 0.47667247
6056.0000 0.48083884
6056.9000 0.47967631
6057.8000 0.47729692
6058.7000 0.47640571
6059.6000 0.47766194
6060.5000 0.47804028
6061.4000 0.47666499
6062.3000 0.47770539
6063.2000 0.47885403
6064.1000 0.47861454
6065.0000 0.47844493
6065.9000 0.47543502
6066.8000 0.47179395
6067.7000 0.47308227
6068.6000 0.4770194
6069.5000 0.47917974
6070.4000 0.47748107
6071.3000 0.47439378
6072.2000 0.47626844
6073.1000 0.47871485
6074.0000 0.47729993
6074.9000 0.47531077
6075.8000 0.4773953
6076.7000 0.47958663
6077.6000 0.4783234
6078.5000 0.47800165
6079.4000 0.47932342
6080.3000 0.47799879
6081.2000 0.47587541
6082.1000 0.47315252
6083.0000 0.47154862
6083.9000 0.47081885
6084.8000 0.47332525
6085.7000 0.47760311
6086.6000 0.47805902
6087.5000 0.47610277
6088.4000 0.47638017
6089.3000 0.47619495
6090.2000 0.47202867
6091.1000 0.47060323
6092.0000 0.47478268
6092.9000 0.47657642
6093.8000 0.47679305
6094.7000 0.477121
6095.6000 0.47412884
6096.5000 0.47154915
6097.4000 0.47541437
6098.3000 0.48001817
6099.2000 0.48035106
6100.1000 0.47627506
6101.0000 0.47173581
6101.9000 0.47243172
6102.8000 0.47306269
6103.7000 0.47161007
6104.6000 0.47254926
6105.5000 0.47426566
6106.4000 0.47457179
6107.3000 0.47477365
6108.2000 0.47417164
6109.1000 0.4724876
6110.0000 0.47048798
6110.9000 0.46894047
6111.8000 0.46782178
6112.7000 0.46689937
6113.6000 0.46477774
6114.5000 0.46450397
6115.4000 0.46754584
6116.3000 0.467141
6117.2000 0.46248388
6118.1000 0.4624469
6119.0000 0.46914184
6119.9000 0.47423461
6120.8000 0.47163132
6121.7000 0.46600103
6122.6000 0.46515459
6123.5000 0.4700374
6124.4000 0.47272328
6125.3000 0.47017294
6126.2000 0.46714121
6127.1000 0.46680072
6128.0000 0.46844402
6128.9000 0.46940559
6129.8000 0.46705505
6130.7000 0.46521953
6131.6000 0.46730945
6132.5000 0.4672024
6133.4000 0.46374464
6134.3000 0.46408218
6135.2000 0.46705964
6136.1000 0.46852091
6137.0000 0.47094917
6137.9000 0.4710986
6138.8000 0.46741715
6139.7000 0.46529078
6140.6000 0.46719158
6141.5000 0.46803755
6142.4000 0.46473992
6143.3000 0.46220949
6144.2000 0.46467146
6145.1000 0.46752626
6146.0000 0.46358195
6146.9000 0.45486796
6147.8000 0.44456363
6148.7000 0.43679464
6149.6000 0.43782344
6150.5000 0.44807214
6151.4000 0.45998892
6152.3000 0.46679384
6153.2000 0.46844137
6154.1000 0.46769264
6155.0000 0.46386451
6155.9000 0.45757347
6156.8000 0.45067453
6157.7000 0.44604024
6158.6000 0.44641453
6159.5000 0.45221409
6160.4000 0.45986611
6161.3000 0.46305919
6162.2000 0.46256793
6163.1000 0.46343851
6164.0000 0.46363929
6164.9000 0.46121472
6165.8000 0.4571116
6166.7000 0.45421505
6167.6000 0.45278198
6168.5000 0.45355883
6169.4000 0.4537271
6170.3000 0.45026788
6171.2000 0.44542372
6172.1000 0.44425514
6173.0000 0.44738582
6173.9000 0.44930705
6174.8000 0.44741893
6175.7000 0.44292369
6176.6000 0.44170213
6177.5000 0.44781494
6178.4000 0.45079282
6179.3000 0.44620273
6180.2000 0.44243541
6181.1000 0.44322562
6182.0000 0.44587281
6182.9000 0.44508234
6183.8000 0.44595987
6184.7000 0.44947296
6185.6000 0.4493669
6186.5000 0.44936052
6187.4000 0.45022026
6188.3000 0.44904774
6189.2000 0.44639888
6190.1000 0.44553941
6191.0000 0.44861946
6191.9000 0.45140681
6192.8000 0.4518041
6193.7000 0.44973072
6194.6000 0.44516107
6195.5000 0.44134215
6196.4000 0.44048586
6197.3000 0.44231647
6198.2000 0.44525322
6199.1000 0.44613695
6200.0000 0.44592577
6200.9000 0.44475242
6201.8000 0.44121093
6202.7000 0.43543667
6203.6000 0.43045747
6204.5000 0.42842194
6205.4000 0.43139818
6206.3000 0.43609729
6207.2000 0.43624073
6208.1000 0.43763733
6209.0000 0.44288063
6209.9000 0.44587597
6210.8000 0.44915617
6211.7000 0.44957244
6212.6000 0.44496682
6213.5000 0.44331172
6214.4000 0.44655147
6215.3000 0.44737095
6216.2000 0.44709456
6217.1000 0.44785869
6218.0000 0.44693533
6218.9000 0.44700402
6219.8000 0.44600603
6220.7000 0.44363099
6221.6000 0.44590166
6222.5000 0.44759163
6223.4000 0.44694293
6224.3000 0.44575194
6225.2000 0.44606903
6226.1000 0.44810975
6227.0000 0.45063713
6227.9000 0.45006463
6228.8000 0.4466514
6229.7000 0.44583777
6230.6000 0.44879219
6231.5000 0.45042634
6232.4000 0.45005104
6233.3000 0.44840822
6234.2000 0.44424555
6235.1000 0.44144222
6236.0000 0.44383976
6236.9000 0.44476119
6237.8000 0.43945545
6238.7000 0.43252724
6239.6000 0.42945096
6240.5000 0.4333207
6241.4000 0.44216588
6242.3000 0.44604492
6243.2000 0.44449705
6244.1000 0.44538334
6245.0000 0.44858274
6245.9000 0.44505534
6246.8000 0.43255568
6247.7000 0.41729334
6248.6000 0.41352719
6249.5000 0.42804641
6250.4000 0.44482213
6251.3000 0.45233405
6252.2000 0.45324585
6253.1000 0.45049813
6254.0000 0.44704786
6254.9000 0.44432953
6255.8000 0.44550404
6256.7000 0.44898775
6257.6000 0.44999665
6258.5000 0.44825625
6259.4000 0.44962192
6260.3000 0.45064816
6261.2000 0.44790024
6262.1000 0.44753262
6263.0000 0.44830897
6263.9000 0.44894218
6264.8000 0.45086569
6265.7000 0.44925138
6266.6000 0.44608516
6267.5000 0.4439303
6268.4000 0.44008902
6269.3000 0.43524286
6270.2000 0.42987472
6271.1000 0.42686146
6272.0000 0.42981115
6272.9000 0.43656957
6273.8000 0.44139358
6274.7000 0.44413328
6275.6000 0.44525334
6276.5000 0.44457
6277.4000 0.44008753
6278.3000 0.43172124
6279.2000 0.4221366
6280.1000 0.41746992
6281.0000 0.41522664
6281.9000 0.40892777
6282.8000 0.39836895
6283.7000 0.38208315
6284.6000 0.3644622
6285.5000 0.35760254
6286.4000 0.37000042
6287.3000 0.39402327
6288.2000 0.41237041
6289.1000 0.42098987
6290.0000 0.42358613
6290.9000 0.42616951
6291.8000 0.43153378
6292.7000 0.43623447
6293.6000 0.43895686
6294.5000 0.44201034
6295.4000 0.445382
6296.3000 0.44504982
6297.2000 0.43924442
6298.1000 0.43609166
6299.0000 0.43754992
6299.9000 0.43685073
6300.8000 0.43477696
6301.7000 0.43687174
6302.6000 0.44124991
6303.5000 0.44093779
6304.4000 0.43598089
6305.3000 0.43109158
6306.2000 0.42919469
6307.1000 0.4298304
6308.0000 0.4291791
6308.9000 0.4296149
6309.8000 0.43117017
6310.7000 0.4307768
6311.6000 0.4299936
6312.5000 0.43146551
6313.4000 0.43377534
6314.3000 0.43537128
6315.2000 0.43373552
6316.1000 0.42963058
6317.0000 0.42559192
6317.9000 0.42145094
6318.8000 0.419842
6319.7000 0.42355591
6320.6000 0.42637017
6321.5000 0.42466551
6322.4000 0.42500362
6323.3000 0.42992884
6324.2000 0.43561023
6325.1000 0.43284112
6326.0000 0.42747208
6326.9000 0.42722493
6327.8000 0.4280031
6328.7000 0.43001598
6329.6000 0.43132132
6330.5000 0.42891529
6331.4000 0.42473534
6332.3000 0.42260888
6333.2000 0.42359769
6334.1000 0.42878774
6335.0000 0.43217209
6335.9000 0.43039989
6336.8000 0.42790082
6337.7000 0.42757422
6338.6000 0.42843011
6339.5000 0.43014774
6340.4000 0.43022868
6341.3000 0.42830849
6342.2000 0.4289149
6343.1000 0.43074328
6344.0000 0.43025562
6344.9000 0.42440468
6345.8000 0.40651849
6346.7000 0.36680281
6347.6000 0.33177456
6348.5000 0.34533969
6349.4000 0.38926694
6350.3000 0.41702616
6351.2000 0.42345107
6352.1000 0.42278674
6353.0000 0.42016456
6353.9000 0.41555992
6354.8000 0.41399738
6355.7000 0.4180935
6356.6000 0.42319947
6357.5000 0.42363527
6358.4000 0.42434177
6359.3000 0.42747638
6360.2000 0.42685643
6361.1000 0.42644322
6362.0000 0.42686856
6362.9000 0.42195907
6363.8000 0.41761634
6364.7000 0.42052349
6365.6000 0.42444918
6366.5000 0.42235425
6367.4000 0.42066762
6368.3000 0.42104596
6369.2000 0.41834199
6370.1000 0.40177926
6371.0000 0.36626872
6371.9000 0.34024119
6372.8000 0.35594368
6373.7000 0.39274979
6374.6000 0.41502705
6375.5000 0.41955456
6376.4000 0.41825235
6377.3000 0.4161675
6378.2000 0.4150838
6379.1000 0.41516122
6380.0000 0.41324946
6380.9000 0.41207957
6381.8000 0.4146663
6382.7000 0.41787219
6383.6000 0.41711611
6384.5000 0.41566253
6385.4000 0.41605011
6386.3000 0.41770661
6387.2000 0.42210895
6388.1000 0.42562306
6389.0000 0.42529011
6389.9000 0.42461681
6390.8000 0.42425531
6391.7000 0.42448151
6392.6000 0.42602968
6393.5000 0.4250983
6394.4000 0.42256197
6395.3000 0.42591438
6396.2000 0.42825007
6397.1000 0.42475682
6398.0000 0.42396498
6398.9000 0.42523926
6399.8000 0.42294604
6400.7000 0.42071918
6401.6000 0.42004743
6402.5000 0.4203397
6403.4000 0.42363909
6404.3000 0.42576087
6405.2000 0.42456916
6406.1000 0.42608601
6407.0000 0.42830619
6407.9000 0.4257769
6408.8000 0.42338169
6409.7000 0.42400631
6410.6000 0.42597321
6411.5000 0.42507681
6412.4000 0.42290375
6413.3000 0.42356119
6414.2000 0.42540675
6415.1000 0.42458865
6416.0000 0.42007658
6416.9000 0.41292962
6417.8000 0.408995
6418.7000 0.41421804
6419.6000 0.41901928
6420.5000 0.41985947
6421.4000 0.42221192
6422.3000 0.42243588
6423.2000 0.41966721
6424.1000 0.41775829
6425.0000 0.41748402
6425.9000 0.41808599
6426.8000 0.41838664
6427.7000 0.41949207
6428.6000 0.42036566
6429.5000 0.42025614
6430.4000 0.41977233
6431.3000 0.41952747
6432.2000 0.41725349
6433.1000 0.41339508
6434.0000 0.41085055
6434.9000 0.41355237
6435.8000 0.41796109
6436.7000 0.41928297
6437.6000 0.42011088
6438.5000 0.41778037
6439.4000 0.41380808
6440.3000 0.41534922
6441.2000 0.41564152
6442.1000 0.41322058
6443.0000 0.41150808
6443.9000 0.41084868
6444.8000 0.411598
6445.7000 0.41081271
6446.6000 0.40945929
6447.5000 0.4105002
6448.4000 0.41035911
6449.3000 0.41073856
6450.2000 0.41106051
6451.1000 0.41014978
6452.0000 0.40795216
6452.9000 0.4065176
6453.8000 0.40579545
6454.7000 0.39982536
6455.6000 0.38317609
6456.5000 0.36698496
6457.4000 0.36929873
6458.3000 0.38823575
6459.2000 0.40485325
6460.1000 0.41044065
6461.0000 0.40888458
6461.9000 0.40672797
6462.8000 0.40422153
6463.7000 0.40610644
6464.6000 0.41085869
6465.5000 0.41105103
6466.4000 0.40870687
6467.3000 0.40929955
6468.2000 0.41078603
6469.1000 0.41031235
6470.0000 0.4089956
6470.9000 0.40576392
6471.8000 0.40480879
6472.7000 0.40959063
6473.6000 0.4127692
6474.5000 0.40896761
6475.4000 0.40189293
6476.3000 0.39892814
6477.2000 0.39971542
6478.1000 0.40271091
6479.0000 0.40714151
6479.9000 0.40642196
6480.8000 0.40274644
6481.7000 0.39954603
6482.6000 0.39483652
6483.5000 0.39418823
6484.4000 0.39775133
6485.3000 0.39915466
6486.2000 0.39853546
6487.1000 0.40083826
6488.0000 0.40173575
6488.9000 0.39912575
6489.8000 0.39936835
6490.7000 0.40054449
6491.6000 0.39788097
6492.5000 0.39532802
6493.4000 0.39571545
6494.3000 0.3944107
6495.2000 0.3932651
6496.1000 0.39578128
6497.0000 0.39660677
6497.9000 0.39786765
6498.8000 0.40142137
6499.7000 0.40294668
6500.6000 0.40217385
6501.5000 0.40289462
6502.4000 0.40565085
6503.3000 0.4072026
6504.2000 0.40581015
6505.1000 0.4037666
6506.0000 0.40405107
6506.9000 0.4053311
6507.8000 0.4050228
6508.7000 0.40555099
6509.6000 0.40393409
6510.5000 0.40159258
6511.4000 0.4040201
6512.3000 0.40750584
6513.2000 0.40967521
6514.1000 0.40709814
6515.0000 0.40097576
6515.9000 0.39483464
6516.8000 0.39051121
6517.7000 0.3909356
6518.6000 0.39592612
6519.5000 0.40053064
6520.4000 0.40086818
6521.3000 0.39581484
6522.2000 0.39384124
6523.1000 0.39575866
6524.0000 0.39743769
6524.9000 0.39839765
6525.8000 0.39675447
6526.7000 0.39298272
6527.6000 0.38937661
6528.5000 0.38825476
6529.4000 0.38939974
6530.3000 0.39091146
6531.2000 0.39231813
6532.1000 0.391029
6533.0000 0.38738173
6533.9000 0.38641375
6534.8000 0.39021763
6535.7000 0.39208606
6536.6000 0.39311147
6537.5000 0.39345446
6538.4000 0.39154276
6539.3000 0.39184466
6540.2000 0.39247352
6541.1000 0.39127731
6542.0000 0.39449802
6542.9000 0.39813831
6543.8000 0.39738744
6544.7000 0.39616385
6545.6000 0.3943024
6546.5000 0.39278021
6547.4000 0.39559844
6548.3000 0.40117541
6549.2000 0.40304747
6550.1000 0.40137824
6551.0000 0.40227431
6551.9000 0.4062677
6552.8000 0.40725592
6553.7000 0.40597406
6554.6000 0.40657613
6555.5000 0.4108865
6556.4000 0.41567001
6557.3000 0.41611809
6558.2000 0.41113228
6559.1000 0.37924618
6560.0000 0.31144151
6560.9000 0.26586282
6561.8000 0.322225
6562.7000 0.48211223
6563.6000 0.64393586
6564.5000 0.68086177
6565.4000 0.58844334
6566.3000 0.48111892
6567.2000 0.43030795
6568.1000 0.41697809
6569.0000 0.41131216
6569.9000 0.40837592
6570.8000 0.40878898
6571.7000 0.40839922
6572.6000 0.40577403
6573.5000 0.40569451
6574.4000 0.40653026
6575.3000 0.4031609
6576.2000 0.39883956
6577.1000 0.39774725
6578.0000 0.39809221
6578.9000 0.39854082
6579.8000 0.39912578
6580.7000 0.39891866
6581.6000 0.39797178
6582.5000 0.39821321
6583.4000 0.39824742
6584.3000 0.39540043
6585.2000 0.39269659
6586.1000 0.39059609
6587.0000 0.38811034
6587.9000 0.38812715
6588.8000 0.38851181
6589.7000 0.39034855
6590.6000 0.39045984
6591.5000 0.38655338
6592.4000 0.38316491
6593.3000 0.38415104
6594.2000 0.38358763
6595.1000 0.38254663
6596.0000 0.38452518
6596.9000 0.38538083
6597.8000 0.38279453
6598.7000 0.38090873
6599.6000 0.38282117
6600.5000 0.38663504
6601.4000 0.38998386
6602.3000 0.38938904
6603.2000 0.38850361
6604.1000 0.39069882
6605.0000 0.39121211
6605.9000 0.38941449
6606.8000 0.3875348
6607.7000 0.38810286
6608.6000 0.39042896
6609.5000 0.39128566
6610.4000 0.3903515
6611.3000 0.38877013
6612.2000 0.38620135
6613.1000 0.37834418
6614.0000 0.36448735
6614.9000 0.35956824
6615.8000 0.36677846
6616.7000 0.37548617
6617.6000 0.37991095
6618.5000 0.37967235
6619.4000 0.37891126
6620.3000 0.38035718
6621.2000 0.38278288
6622.1000 0.38345507
6623.0000 0.3826004
6623.9000 0.38155803
6624.8000 0.38114688
6625.7000 0.37940753
6626.6000 0.37583303
6627.5000 0.37573674
6628.4000 0.37932703
6629.3000 0.38232133
6630.2000 0.38116699
6631.1000 0.38132888
6632.0000 0.38205633
6632.9000 0.37891802
6633.8000 0.37820077
6634.7000 0.38173643
6635.6000 0.38181204
6636.5000 0.37809744
6637.4000 0.3752149
6638.3000 0.37745109
6639.2000 0.37758905
6640.1000 0.37482789
6641.0000 0.37473154
6641.9000 0.37456238
6642.8000 0.37652439
6643.7000 0.38030306
6644.6000 0.37933183
6645.5000 0.37444195
6646.4000 0.37140808
6647.3000 0.37189776
6648.2000 0.37381905
6649.1000 0.3794345
6650.0000 0.38304368
6650.9000 0.3808513
6651.8000 0.37987256
6652.7000 0.382146
6653.6000 0.38298717
6654.5000 0.38316473
6655.4000 0.38238919
6656.3000 0.37812233
6657.2000 0.37600741
6658.1000 0.37735721
6659.0000 0.37815511
6659.9000 0.37679246
6660.8000 0.37572029
6661.7000 0.37421763
6662.6000 0.37269542
6663.5000 0.37239847
6664.4000 0.3730154
6665.3000 0.37383035
6666.2000 0.37565669
6667.1000 0.37889814
6668.0000 0.37937656
6668.9000 0.37889487
6669.8000 0.38141161
6670.7000 0.38211453
6671.6000 0.37729537
6672.5000 0.37247676
6673.4000 0.37219921
6674.3000 0.37782022
6675.2000 0.38361388
6676.1000 0.38180196
6677.0000 0.3764272
6677.9000 0.37256223
6678.8000 0.37080127
6679.7000 0.37234393
6680.6000 0.37544304
6681.5000 0.37878996
6682.4000 0.37997064
6683.3000 0.37911984
6684.2000 0.37991777
6685.1000 0.38129833
6686.0000 0.3803924
6686.9000 0.38002849
6687.8000 0.3809799
6688.7000 0.37939245
6689.6000 0.37656718
6690.5000 0.37435064
6691.4000 0.37327847
6692.3000 0.37466082
6693.2000 0.37597618
6694.1000 0.37582725
6695.0000 0.37614453
6695.9000 0.37821588
6696.8000 0.38001621
6697.7000 0.37916809
6698.6000 0.37868953
6699.5000 0.37948874
6700.4000 0.37597156
6701.3000 0.37284139
6702.2000 0.37795696
6703.1000 0.38160577
6704.0000 0.37708431
6704.9000 0.37143433
6705.8000 0.3702912
6706.7000 0.37069821
6707.6000 0.37075362
6708.5000 0.37120187
6709.4000 0.37339205
6710.3000 0.37656623
6711.2000 0.37888503
6712.1000 0.38044551
6713.0000 0.37889254
6713.9000 0.3753576
6714.8000 0.37278238
6715.7000 0.37098435
6716.6000 0.37151814
6717.5000 0.37461728
6718.4000 0.37511215
6719.3000 0.37308726
6720.2000 0.37409508
6721.1000 0.37499499
6722.0000 0.37124082
6722.9000 0.36738995
6723.8000 0.36845085
6724.7000 0.3716056
6725.6000 0.37317565
6726.5000 0.37119135
6727.4000 0.36908254
6728.3000 0.37165946
6729.2000 0.37381247
6730.1000 0.37223497
6731.0000 0.37383088
6731.9000 0.37463474
6732.8000 0.37106848
6733.7000 0.37097475
6734.6000 0.37503925
6735.5000 0.37641507
6736.4000 0.37416279
6737.3000 0.37254533
6738.2000 0.37317443
6739.1000 0.37358156
6740.0000 0.37172884
6740.9000 0.36874086
6741.8000 0.36621279
6742.7000 0.3674826
6743.6000 0.37034628
6744.5000 0.37090787
6745.4000 0.37254119
6746.3000 0.3743991
6747.2000 0.3724868
6748.1000 0.37039593
6749.0000 0.37021935
6749.9000 0.37198022
6750.8000 0.37256762
6751.7000 0.37125269
6752.6000 0.37226346
6753.5000 0.37164176
6754.4000 0.36722353
6755.3000 0.36611718
6756.2000 0.36771673
6757.1000 0.36820084
6758.0000 0.36809698
6758.9000 0.36970046
6759.8000 0.36998078
6760.7000 0.36853567
6761.6000 0.36834031
6762.5000 0.36943787
6763.4000 0.36982989
6764.3000 0.36998191
6765.2000 0.37179047
6766.1000 0.37246299
6767.0000 0.36857322
6767.9000 0.36449015
6768.8000 0.36351657
6769.7000 0.36408219
6770.6000 0.36511898
6771.5000 0.36699775
6772.4000 0.36728603
6773.3000 0.36601976
6774.2000 0.36673084
6775.1000 0.36696896
6776.0000 0.36622971
6776.9000 0.36781225
6777.8000 0.37014982
6778.7000 0.36985502
6779.6000 0.36598495
6780.5000 0.3652328
6781.4000 0.36795872
6782.3000 0.37082687
6783.2000 0.3717398
6784.1000 0.36938486
6785.0000 0.36775827
6785.9000 0.36784708
6786.8000 0.36682901
6787.7000 0.36361337
6788.6000 0.36037496
6789.5000 0.36068135
6790.4000 0.3635467
6791.3000 0.36666283
6792.2000 0.36750525
6793.1000 0.36646786
6794.0000 0.36243698
6794.9000 0.35889721
6795.8000 0.36039597
6796.7000 0.36374575
6797.6000 0.36601225
6798.5000 0.36802885
6799.4000 0.36792335
6800.3000 0.36523041
6801.2000 0.36263978
6802.1000 0.36351886
6803.0000 0.36546388
6803.9000 0.36541873
6804.8000 0.36278367
6805.7000 0.36239266
6806.6000 0.36506087
6807.5000 0.36434984
6808.4000 0.36266699
6809.3000 0.36366481
6810.2000 0.36306259
6811.1000 0.36140203
6812.0000 0.36214304
6812.9000 0.36270145
6813.8000 0.36145952
6814.7000 0.36210552
6815.6000 0.36205125
6816.5000 0.35913107
6817.4000 0.35949761
6818.3000 0.36121154
6819.2000 0.35850933
6820.1000 0.35653552
6821.0000 0.36019027
6821.9000 0.36132354
6822.8000 0.35898811
6823.7000 0.35943252
6824.6000 0.35912976
6825.5000 0.35693154
6826.4000 0.35716921
6827.3000 0.35894516
6828.2000 0.35873607
6829.1000 0.35860896
6830.0000 0.36122707
6830.9000 0.3609485
6831.8000 0.36000082
6832.7000 0.35963735
6833.6000 0.35762858
6834.5000 0.35857674
6835.4000 0.36018261
6836.3000 0.36027163
6837.2000 0.35953715
6838.1000 0.35713911
6839.0000 0.35741651
6839.9000 0.35835704
6840.8000 0.35697052
6841.7000 0.35553688
6842.6000 0.35476872
6843.5000 0.35340059
6844.4000 0.35252264
6845.3000 0.35207704
6846.2000 0.35113978
6847.1000 0.34885654
6848.0000 0.34916875
6848.9000 0.3532362
6849.8000 0.35509482
6850.7000 0.35537207
6851.6000 0.35500193
6852.5000 0.35444012
6853.4000 0.35462758
6854.3000 0.35414824
6855.2000 0.35309431
6856.1000 0.35135454
6857.0000 0.35114345
6857.9000 0.35178632
6858.8000 0.3526369
6859.7000 0.35318139
6860.6000 0.35228848
6861.5000 0.35026869
6862.4000 0.35156396
6863.3000 0.35449627
6864.2000 0.3549476
6865.1000 0.35427642
6866.0000 0.35594305
6866.9000 0.35959011
6867.8000 0.3606649
6868.7000 0.35722214
6869.6000 0.34969106
6870.5000 0.34731239
6871.4000 0.35059765
6872.3000 0.35135826
6873.2000 0.35597479
6874.1000 0.36152664
6875.0000 0.36190522
6875.9000 0.35839853
6876.8000 0.3559536
6877.7000 0.3551392
6878.6000 0.35345891
6879.5000 0.35398462
6880.4000 0.3536897
6881.3000 0.35103378
6882.2000 0.35212269
6883.1000 0.35408828
6884.0000 0.35603774
6884.9000 0.35466528
6885.8000 0.35282251
6886.7000 0.35326067
6887.6000 0.35136843
6888.5000 0.3522251
6889.4000 0.35763702
6890.3000 0.35500398
6891.2000 0.34622347
6892.1000 0.34492972
6893.0000 0.35045376
6893.9000 0.35041636
6894.8000 0.34702832
6895.7000 0.35174191
6896.6000 0.35780436
6897.5000 0.35283244
6898.4000 0.34523997
6899.3000 0.34877318
6900.2000 0.3525323
6901.1000 0.3509813
6902.0000 0.34688032
6902.9000 0.34664306
6903.8000 0.35303161
6904.7000 0.35407579
6905.6000 0.34772182
6906.5000 0.34412941
6907.4000 0.34649581
6908.3000 0.35357237
6909.2000 0.35677221
6910.1000 0.35368142
6911.0000 0.34784862
6911.9000 0.34638819
6912.8000 0.34951025
6913.7000 0.35412943
6914.6000 0.35492113
6915.5000 0.34982237
6916.4000 0.34878144
6917.3000 0.35253862
6918.2000 0.35176936
6919.1000 0.34830588
6920.0000 0.34604841
6920.9000 0.34511447
6921.8000 0.34336725
6922.7000 0.34476018
6923.6000 0.35019538
6924.5000 0.35089517
6925.4000 0.34970573
6926.3000 0.35035148
6927.2000 0.34769592
6928.1000 0.34704006
6929.0000 0.34870368
6929.9000 0.34949115
6930.8000 0.3467111
6931.7000 0.3437233
6932.6000 0.34250337
6933.5000 0.34311464
6934.4000 0.34534505
6935.3000 0.3465102
6936.2000 0.3442305
6937.1000 0.34288332
6938.0000 0.34467572
6938.9000 0.34870642
6939.8000 0.34681606
6940.7000 0.34161714
6941.6000 0.34423417
6942.5000 0.34800154
6943.4000 0.34721407
6944.3000 0.34769765
6945.2000 0.34562206
6946.1000 0.34238288
6947.0000 0.34432888
6947.9000 0.3446213
6948.8000 0.3418934
6949.7000 0.34290332
6950.6000 0.34498698
6951.5000 0.34285703
6952.4000 0.34073016
6953.3000 0.33942658
6954.2000 0.3414371
6955.1000 0.34556365
6956.0000 0.3471359
6956.9000 0.3433131
6957.8000 0.33947006
6958.7000 0.34042406
6959.6000 0.34279296
6960.5000 0.34251261
6961.4000 0.3411749
6962.3000 0.33932114
6963.2000 0.33858168
6964.1000 0.33953738
6965.0000 0.33930987
6965.9000 0.34004986
6966.8000 0.34120885
6967.7000 0.34258708
6968.6000 0.34315857
6969.5000 0.34301692
6970.4000 0.34172103
6971.3000 0.33777896
6972.2000 0.33825064
6973.1000 0.34260046
6974.0000 0.34434104
6974.9000 0.3445465
6975.8000 0.3444089
6976.7000 0.34556723
6977.6000 0.34507
6978.5000 0.34202585
6979.4000 0.3410686
6980.3000 0.34398013
6981.2000 0.34394002
6982.1000 0.33983269
6983.0000 0.33920008
6983.9000 0.34451407
6984.8000 0.34852201
6985.7000 0.34682292
6986.6000 0.34337115
6987.5000 0.34456193
6988.4000 0.34849337
6989.3000 0.34948224
6990.2000 0.34853691
6991.1000 0.34498855
6992.0000 0.34094024
6992.9000 0.33793682
6993.8000 0.33549362
6994.7000 0.33785322
6995.6000 0.34295645
6996.5000 0.34367323
6997.4000 0.34390935
6998.3000 0.34501278
6999.2000 0.34542075
7000.1000 0.3459059
7001.0000 0.34301734
7001.9000 0.3365697
7002.8000 0.33443663
7003.7000 0.33810467
7004.6000 0.33952039
7005.5000 0.3386057
7006.4000 0.3401041
7007.3000 0.34111705
7008.2000 0.34224859
7009.1000 0.34075481
7010.0000 0.33621225
7010.9000 0.33569822
7011.8000 0.33887658
7012.7000 0.33911046
7013.6000 0.33798125
7014.5000 0.33811909
7015.4000 0.3379305
7016.3000 0.33885771
7017.2000 0.33986315
7018.1000 0.33985502
7019.0000 0.34226197
7019.9000 0.34260026
7020.8000 0.3386552
7021.7000 0.33627585
7022.6000 0.33730432
7023.5000 0.33875328
7024.4000 0.33886495
7025.3000 0.33749241
7026.2000 0.33746424
7027.1000 0.33767694
7028.0000 0.33625597
7028.9000 0.33308941
7029.8000 0.328711
7030.7000 0.32779399
7031.6000 0.33002546
7032.5000 0.33172765
7033.4000 0.33465874
7034.3000 0.33680007
7035.2000 0.333538
7036.1000 0.33127448
7037.0000 0.33459109
7037.9000 0.33553627
7038.8000 0.33407861
7039.7000 0.33541447
7040.6000 0.33691934
7041.5000 0.33557045
7042.4000 0.33420649
7043.3000 0.33609641
7044.2000 0.34010753
7045.1000 0.34302577
7046.0000 0.34262651
7046.9000 0.33898151
7047.8000 0.33490255
7048.7000 0.33358112
7049.6000 0.33287585
7050.5000 0.33072171
7051.4000 0.33151606
7052.3000 0.33191651
7053.2000 0.33097044
7054.1000 0.33110052
7055.0000 0.33130208
7055.9000 0.33043838
7056.8000 0.3267805
7057.7000 0.3242026
7058.6000 0.32766229
7059.5000 0.33100238
7060.4000 0.32976675
7061.3000 0.32985333
7062.2000 0.33143994
7063.1000 0.32948703
7064.0000 0.32760972
7064.9000 0.33013973
7065.8000 0.33331001
7066.7000 0.33597293
7067.6000 0.33749241
7068.5000 0.33536634
7069.4000 0.33071446
7070.3000 0.32733697
7071.2000 0.32714567
7072.1000 0.33048305
7073.0000 0.33122215
7073.9000 0.32835573
7074.8000 0.33013558
7075.7000 0.33362848
7076.6000 0.33344486
7077.5000 0.33458564
7078.4000 0.33506355
7079.3000 0.33219555
7080.2000 0.33181539
7081.1000 0.33367458
7082.0000 0.33368444
7082.9000 0.33395559
7083.8000 0.33306724
7084.7000 0.33136016
7085.6000 0.33324167
7086.5000 0.33691102
7087.4000 0.33659452
7088.3000 0.33363077
7089.2000 0.33205232
7090.1000 0.33311951
7091.0000 0.33285537
7091.9000 0.33091548
7092.8000 0.33260733
7093.7000 0.33468673
7094.6000 0.33359012
7095.5000 0.332241
7096.4000 0.33153847
7097.3000 0.33368871
7098.2000 0.3350105
7099.1000 0.33256689
7100.0000 0.33043355
7100.9000 0.33048931
7101.8000 0.33046266
7102.7000 0.32979539
7103.6000 0.33104798
7104.5000 0.3302013
7105.4000 0.32806975
7106.3000 0.331332
7107.2000 0.33372709
7108.1000 0.33009088
7109.0000 0.32690683
7109.9000 0.32686213
7110.8000 0.32634479
7111.7000 0.32575664
7112.6000 0.32894948
7113.5000 0.33029929
7114.4000 0.3272481
7115.3000 0.32511446
7116.2000 0.32428068
7117.1000 0.32566831
7118.0000 0.32825997
7118.9000 0.32850072
7119.8000 0.32785457
7120.7000 0.32756537
7121.6000 0.32777518
7122.5000 0.32974711
7123.4000 0.33110139
7124.3000 0.32913893
7125.2000 0.32518467
7126.1000 0.32407424
7127.0000 0.325679
7127.9000 0.3263455
7128.8000 0.3279067
7129.7000 0.32920453
7130.6000 0.3297044
7131.5000 0.32889998
7132.4000 0.32618755
7133.3000 0.32655397
7134.2000 0.32549441
7135.1000 0.32289782
7136.0000 0.32180744
7136.9000 0.32249948
7137.8000 0.32398874
7138.7000 0.32667217
7139.6000 0.32936108
7140.5000 0.3315233
7141.4000 0.33203951
7142.3000 0.32926792
7143.2000 0.32468894
7144.1000 0.32348764
7145.0000 0.3220827
7145.9000 0.32174966
7146.8000 0.32759038
7147.7000 0.33134678
7148.6000 0.32955411
7149.5000 0.32568377
7150.4000 0.32574931
7151.3000 0.32899982
7152.2000 0.33235824
7153.1000 0.33057067
7154.0000 0.3231881
7154.9000 0.32098272
7155.8000 0.32587248
7156.7000 0.33287206
7157.6000 0.3338522
7158.5000 0.32914689
7159.4000 0.32560244
7160.3000 0.32485902
7161.2000 0.32626259
7162.1000 0.32714131
7163.0000 0.32894617
7163.9000 0.32936621
7164.8000 0.32816175
7165.7000 0.32762483
7166.6000 0.32936594
7167.5000 0.33032218
7168.4000 0.33079505
7169.3000 0.33224365
7170.2000 0.33134067
7171.1000 0.32796484
7172.0000 0.32536262
7172.9000 0.32292902
7173.8000 0.32320344
7174.7000 0.32511348
7175.6000 0.32523644
7176.5000 0.32451195
7177.4000 0.32484606
7178.3000 0.32367644
7179.2000 0.32158965
7180.1000 0.32089186
7181.0000 0.31977332
7181.9000 0.31904075
7182.8000 0.32004651
7183.7000 0.32107252
7184.6000 0.3229731
7185.5000 0.32460418
7186.4000 0.32572171
7187.3000 0.32434103
7188.2000 0.32246053
7189.1000 0.32079154
7190.0000 0.31779572
7190.9000 0.3176415
7191.8000 0.32029885
7192.7000 0.31896901
7193.6000 0.31351995
7194.5000 0.31822956
7195.4000 0.32746279
7196.3000 0.32937431
7197.2000 0.32557788
7198.1000 0.32320726
7199.0000 0.32197762
7199.9000 0.31991503
7200.8000 0.32247853
7201.7000 0.32408226
7202.6000 0.31995875
7203.5000 0.31787521
7204.4000 0.32081455
7205.3000 0.32395455
7206.2000 0.32247925
7207.1000 0.32139784
7208.0000 0.32109892
7208.9000 0.32043663
7209.8000 0.32296866
7210.7000 0.32485554
7211.6000 0.32284454
7212.5000 0.32242215
7213.4000 0.32151243
7214.3000 0.32173005
7215.2000 0.32039607
7216.1000 0.32001111
7217.0000 0.32093149
7217.9000 0.32030982
7218.8000 0.3183108
7219.7000 0.31926897
7220.6000 0.32042605
7221.5000 0.31829852
7222.4000 0.31795135
7223.3000 0.31389955
7224.2000 0.30387595
7225.1000 0.29474986
7226.0000 0.29616079
7226.9000 0.31027567
7227.8000 0.32078329
7228.7000 0.32075414
7229.6000 0.31834683
7230.5000 0.31725451
7231.4000 0.31903625
7232.3000 0.32327899
7233.2000 0.32366297
7234.1000 0.32032254
7235.0000 0.3161526
7235.9000 0.31270555
7236.8000 0.31066835
7237.7000 0.31487194
7238.6000 0.31807014
7239.5000 0.31653491
7240.4000 0.31404015
7241.3000 0.31424138
7242.2000 0.31487903
7243.1000 0.31751961
7244.0000 0.32195643
7244.9000 0.32343906
7245.8000 0.31920075
7246.7000 0.31608859
7247.6000 0.31657815
7248.5000 0.31366774
7249.4000 0.31002253
7250.3000 0.31272075
7251.2000 0.31463438
7252.1000 0.31203103
7253.0000 0.31305921
7253.9000 0.31620252
7254.8000 0.31453994
7255.7000 0.31460315
7256.6000 0.31746101
7257.5000 0.31833029
7258.4000 0.31868905
7259.3000 0.32164589
7260.2000 0.3227416
7261.1000 0.32107717
7262.0000 0.31761998
7262.9000 0.31673914
7263.8000 0.31812251
7264.7000 0.3233799
7265.6000 0.32683104
7266.5000 0.32158983
7267.4000 0.31675249
7268.3000 0.3156665
7269.2000 0.31537226
7270.1000 0.31640193
7271.0000 0.31920072
7271.9000 0.31847683
7272.8000 0.31733263
7273.7000 0.31762403
7274.6000 0.31438982
7275.5000 0.31050223
7276.4000 0.31202781
7277.3000 0.31332466
7278.2000 0.31085756
7279.1000 0.3096616
7280.0000 0.31131145
7280.9000 0.31354067
7281.8000 0.31157243
7282.7000 0.31203666
7283.6000 0.31297222
7284.5000 0.31223544
7285.4000 0.31043473
7286.3000 0.30494669
7287.2000 0.30194587
7288.1000 0.30518028
7289.0000 0.30679041
7289.9000 0.30792928
7290.8000 0.31296578
7291.7000 0.31433415
7292.6000 0.30996406
7293.5000 0.3085683
7294.4000 0.30878022
7295.3000 0.31149718
7296.2000 0.314132
7297.1000 0.3103157
7298.0000 0.30886641
7298.9000 0.31098524
7299.8000 0.31229809
7300.7000 0.31127429
7301.6000 0.31061605
7302.5000 0.31113756
7303.4000 0.31285572
7304.3000 0.31578705
7305.2000 0.31380016
7306.1000 0.309798
7307.0000 0.30614266
7307.9000 0.30141973
7308.8000 0.29917696
7309.7000 0.30150273
7310.6000 0.30387971
7311.5000 0.30577016
7312.4000 0.30608311
7313.3000 0.30716014
7314.2000 0.31025556
7315.1000 0.30958268
7316.0000 0.30750048
7316.9000 0.30786595
7317.8000 0.30909458
7318.7000 0.31010333
7319.6000 0.30753085
7320.5000 0.30326807
7321.4000 0.30205324
7322.3000 0.304539
7323.2000 0.30864072
7324.1000 0.31291804
7325.0000 0.31385291
7325.9000 0.30929059
7326.8000 0.30559295
7327.7000 0.30726233
7328.6000 0.30657703
7329.5000 0.30558157
7330.4000 0.30703044
7331.3000 0.30723581
7332.2000 0.30919287
7333.1000 0.30654022
7334.0000 0.29907709
7334.9000 0.29486421
7335.8000 0.29653591
7336.7000 0.30308017
7337.6000 0.30735072
7338.5000 0.30958706
7339.4000 0.31273216
7340.3000 0.31366095
7341.2000 0.31051809
7342.1000 0.30625832
7343.0000 0.3067055
7343.9000 0.30907583
7344.8000 0.30865207
7345.7000 0.30742022
7346.6000 0.30559152
7347.5000 0.30482301
7348.4000 0.30755275
7349.3000 0.30902487
7350.2000 0.30771679
7351.1000 0.30217329
7352.0000 0.29963249
7352.9000 0.30313799
7353.8000 0.30446571
7354.7000 0.30391705
7355.6000 0.3037087
7356.5000 0.30375087
7357.4000 0.30358109
7358.3000 0.30386046
7359.2000 0.30417722
7360.1000 0.3013967
7361.0000 0.30145377
7361.9000 0.30301216
7362.8000 0.30160555
7363.7000 0.30111712
7364.6000 0.30409986
7365.5000 0.30406991
7366.4000 0.30105832
7367.3000 0.29782376
7368.2000 0.29536524
7369.1000 0.29598284
7370.0000 0.29706365
7370.9000 0.2984986
7371.8000 0.30188406
7372.7000 0.30361623
7373.6000 0.3028926
7374.5000 0.30027178
7375.4000 0.29750279
7376.3000 0.2974982
7377.2000 0.30037332
7378.1000 0.30274925
7379.0000 0.30369544
7379.9000 0.30244127
7380.8000 0.3000991
7381.7000 0.29936293
7382.6000 0.30198291
7383.5000 0.30250564
7384.4000 0.29746133
7385.3000 0.29504174
7386.2000 0.29707691
7387.1000 0.29956123
7388.0000 0.30032685
7388.9000 0.29816139
7389.8000 0.30106664
7390.7000 0.30351776
7391.6000 0.29870084
7392.5000 0.29501095
7393.4000 0.29275697
7394.3000 0.29620624
7395.2000 0.30250102
7396.1000 0.30221659
7397.0000 0.29433239
7397.9000 0.29548544
7398.8000 0.29561615
7399.7000 0.29476693
7400.6000 0.29450479
7401.5000 0.29614419
7402.4000 0.29717723
7403.3000 0.29714212
7404.2000 0.29645252
7405.1000 0.29485145
7406.0000 0.29351926
7406.9000 0.29314741
7407.8000 0.29419971
7408.7000 0.29463258
7409.6000 0.29377267
7410.5000 0.2934981
7411.4000 0.29403114
7412.3000 0.29370877
7413.2000 0.00035442
7414.1000 0
7415.0000 0
7415.9000 0
7416.8000 0
7417.7000 0
7418.6000 0
7419.5000 0
7420.4000 0
7421.3000 0
7422.2000 0
7423.1000 0
7424.0000 0
7424.9000 0
7425.8000 0
7426.7000 0
7427.6000 0
7428.5000 0
7429.4000 0
