3500.0000 0
3500.9000 0
3501.8000 0
3502.7000 0
3503.6000 0
3504.5000 0
3505.4000 0
3506.3000 0
3507.2000 0
3508.1000 0
3509.0000 0
3509.9000 0
3510.8000 0
3511.7000 0
3512.6000 0
3513.5000 0
3514.4000 0
3515.3000 0
3516.2000 0
3517.1000 0
3518.0000 0
3518.9000 0
3519.8000 0
3520.7000 0
3521.6000 0
3522.5000 0
3523.4000 0
3524.3000 0
3525.2000 0
3526.1000 0
3527.0000 0
3527.9000 0
3528.8000 0
3529.7000 0
3530.6000 0
3531.5000 0
3532.4000 0
3533.3000 0
3534.2000 0.000019
3535.1000 0.06497066
3536.0000 0.66803163
3536.9000 0.74431109
3537.8000 0.7491107
3538.7000 0.74862468
3539.6000 0.74759895
3540.5000 0.74332196
3541.4000 0.73995882
3542.3000 0.74043578
3543.2000 0.7424894
3544.1000 0.74383634
3545.0000 0.74376005
3545.9000 0.74637467
3546.8000 0.75013369
3547.7000 0.75298351
3548.6000 0.75519669
3549.5000 0.75693691
3550.4000 0.75972164
3551.3000 0.76230782
3552.2000 0.76110488
3553.1000 0.75493312
3554.0000 0.74810171
3554.9000 0.73906356
3555.8000 0.72741759
3556.7000 0.7282424
3557.6000 0.74022895
3558.5000 0.75077379
3559.4000 0.75710076
3560.3000 0.76310241
3561.2000 0.7671361
3562.1000 0.76739872
3563.0000 0.76133007
3563.9000 0.74495059
3564.8000 0.72343981
3565.7000 0.71582645
3566.6000 0.72171742
3567.5000 0.73000687
3568.4000 0.72813392
3569.3000 0.71797478
3570.2000 0.71618557
3571.1000 0.72958797
3572.0000 0.72397262
3572.9000 0.72718143
3573.8000 0.74353445
3574.7000 0.74878591
3575.6000 0.74239677
3576.5000 0.73429805
3577.4000 0.73279178
3578.3000 0.73622179
3579.2000 0.73580223
3580.1000 0.72946477
3581.0000 0.72402579
3581.9000 0.73378438
3582.8000 0.73945278
3583.7000 0.72704035
3584.6000 0.70329916
3585.5000 0.69371277
3586.4000 0.70397568
3587.3000 0.71441102
3588.2000 0.7207365
3589.1000 0.72278404
3590.0000 0.72357315
3590.9000 0.72593272
3591.8000 0.72307068
3592.7000 0.72028708
3593.6000 0.72327018
3594.5000 0.72495687
3595.4000 0.7224474
3596.3000 0.72283024
3597.2000 0.72701818
3598.1000 0.72846669
3599.0000 0.7241236
3599.9000 0.71689701
3600.8000 0.70655501
3601.7000 0.69669342
3602.6000 0.69124848
3603.5000 0.69464964
3604.4000 0.70435452
3605.3000 0.7107591
3606.2000 0.71541566
3607.1000 0.71813017
3608.0000 0.71099418
3608.9000 0.69950074
3609.8000 0.69307882
3610.7000 0.69312286
3611.6000 0.69231111
3612.5000 0.68460518
3613.4000 0.68089521
3614.3000 0.69293064
3615.2000 0.71214676
3616.1000 0.72320938
3617.0000 0.71825117
3617.9000 0.70594835
3618.8000 0.70263749
3619.7000 0.71137261
3620.6000 0.72033942
3621.5000 0.71947384
3622.4000 0.71856385
3623.3000 0.71455091
3624.2000 0.70685333
3625.1000 0.71477461
3626.0000 0.73059016
3626.9000 0.73792881
3627.8000 0.73534399
3628.7000 0.71999097
3629.6000 0.6945166
3630.5000 0.66732013
3631.4000 0.65773243
3632.3000 0.67111915
3633.2000 0.69334823
3634.1000 0.70656502
3635.0000 0.71765906
3635.9000 0.72746593
3636.8000 0.72216421
3637.7000 0.71087581
3638.6000 0.70808643
3639.5000 0.71320468
3640.4000 0.7118842
3641.3000 0.71055996
3642.2000 0.71542931
3643.1000 0.71948773
3644.0000 0.72283655
3644.9000 0.72905976
3645.8000 0.73318708
3646.7000 0.72229046
3647.6000 0.70489526
3648.5000 0.69794458
3649.4000 0.70090294
3650.3000 0.70230383
3651.2000 0.70449507
3652.1000 0.71400577
3653.0000 0.72057635
3653.9000 0.722673
3654.8000 0.73069656
3655.7000 0.74344414
3656.6000 0.7490114
3657.5000 0.74268907
3658.4000 0.73109984
3659.3000 0.72453517
3660.2000 0.72424781
3661.1000 0.72076154
3662.0000 0.71531218
3662.9000 0.71620256
3663.8000 0.72290486
3664.7000 0.72863698
3665.6000 0.73053938
3666.5000 0.73322314
3667.4000 0.73418975
3668.3000 0.72926676
3669.2000 0.72453797
3670.1000 0.72005612
3671.0000 0.71540135
3671.9000 0.71877897
3672.8000 0.72555971
3673.7000 0.72673362
3674.6000 0.72294623
3675.5000 0.71268761
3676.4000 0.69654673
3677.3000 0.68775952
3678.2000 0.69109124
3679.1000 0.69705671
3680.0000 0.70328349
3680.9000 0.71060038
3681.8000 0.71070236
3682.7000 0.70447963
3683.6000 0.69741303
3684.5000 0.68636984
3685.4000 0.67872798
3686.3000 0.68095565
3687.2000 0.69565964
3688.1000 0.71716654
3689.0000 0.72499943
3689.9000 0.71379513
3690.8000 0.69857222
3691.7000 0.70114559
3692.6000 0.72660881
3693.5000 0.75108361
3694.4000 0.75548911
3695.3000 0.73367137
3696.2000 0.69801664
3697.1000 0.68991745
3698.0000 0.73079717
3698.9000 0.7889539
3699.8000 0.81580865
3700.7000 0.79962105
3701.6000 0.7458443
3702.5000 0.68155265
3703.4000 0.64134258
3704.3000 0.6431933
3705.2000 0.68009245
3706.1000 0.74118286
3707.0000 0.79757434
3707.9000 0.81283915
3708.8000 0.77831537
3709.7000 0.71531492
3710.6000 0.65344858
3711.5000 0.61857724
3712.4000 0.64260679
3713.3000 0.72185791
3714.2000 0.81277019
3715.1000 0.88399315
3716.0000 0.9312613
3716.9000 0.95286387
3717.8000 0.93151808
3718.7000 0.85745668
3719.6000 0.75044239
3720.5000 0.64655477
3721.4000 0.59274697
3722.3000 0.62065107
3723.2000 0.71235812
3724.1000 0.81983733
3725.0000 0.90580142
3725.9000 0.95858794
3726.8000 0.99192852
3727.7000 1.01892745
3728.6000 1.02803051
3729.5000 1.00779653
3730.4000 0.95345479
3731.3000 0.85568404
3732.2000 0.72949976
3733.1000 0.61820763
3734.0000 0.56626749
3734.9000 0.58924741
3735.8000 0.66271424
3736.7000 0.76734018
3737.6000 0.89937019
3738.5000 1.02552831
3739.4000 1.11183643
3740.3000 1.1589179
3741.2000 1.17763209
3742.1000 1.1723187
3743.0000 1.15332329
3743.9000 1.11304152
3744.8000 1.03300893
3745.7000 0.93760747
3746.6000 0.84458578
3747.5000 0.73603642
3748.4000 0.62149978
3749.3000 0.54928213
3750.2000 0.55663002
3751.1000 0.63865423
3752.0000 0.7628004
3752.9000 0.89031678
3753.8000 1.00526345
3754.7000 1.10619986
3755.6000 1.18076813
3756.5000 1.20838845
3757.4000 1.21086657
3758.3000 1.22370374
3759.2000 1.25283468
3760.1000 1.28574038
3761.0000 1.29170799
3761.9000 1.28589344
3762.8000 1.27207518
3763.7000 1.23275685
3764.6000 1.17167461
3765.5000 1.08389354
3766.4000 0.97538871
3767.3000 0.86650717
3768.2000 0.75621283
3769.1000 0.64633918
3770.0000 0.58117235
3770.9000 0.59922904
3771.8000 0.68885297
3772.7000 0.80628365
3773.6000 0.91642427
3774.5000 1.01834452
3775.4000 1.12728131
3776.3000 1.24569917
3777.2000 1.36456835
3778.1000 1.46469009
3779.0000 1.53567946
3779.9000 1.59070492
3780.8000 1.64799452
3781.7000 1.68836665
3782.6000 1.7010659
3783.5000 1.71379936
3784.4000 1.72940159
3785.3000 1.70709956
3786.2000 1.64313149
3787.1000 1.57221484
3788.0000 1.5110116
3788.9000 1.46334124
3789.8000 1.411448
3790.7000 1.33980227
3791.6000 1.25380123
3792.5000 1.15549231
3793.4000 1.04406261
3794.3000 0.92297083
3795.2000 0.79674047
3796.1000 0.67504328
3797.0000 0.58423436
3797.9000 0.56732595
3798.8000 0.63805187
3799.7000 0.76139969
3800.6000 0.89683372
3801.5000 1.0265367
3802.4000 1.14554238
3803.3000 1.25206685
3804.2000 1.34143686
3805.1000 1.41388869
3806.0000 1.47791791
3806.9000 1.55443418
3807.8000 1.65698206
3808.7000 1.75505352
3809.6000 1.82797861
3810.5000 1.8752718
3811.4000 1.87791765
3812.3000 1.83455431
3813.2000 1.79431462
3814.1000 1.79819965
3815.0000 1.83781123
3815.9000 1.89404845
3816.8000 1.94653583
3817.7000 1.97184622
3818.6000 1.95095503
3819.5000 1.88243997
3820.4000 1.82070184
3821.3000 1.80365443
3822.2000 1.79427409
3823.1000 1.73935139
3824.0000 1.65141225
3824.9000 1.56652069
3825.8000 1.49061441
3826.7000 1.420735
3827.6000 1.34426403
3828.5000 1.25933182
3829.4000 1.17152309
3830.3000 1.07951808
3831.2000 0.96831048
3832.1000 0.84514415
3833.0000 0.72625542
3833.9000 0.61586308
3834.8000 0.54960632
3835.7000 0.56726694
3836.6000 0.65066659
3837.5000 0.75293189
3838.4000 0.85995913
3839.3000 0.97032011
3840.2000 1.07804668
3841.1000 1.19286215
3842.0000 1.30183411
3842.9000 1.38787508
3843.8000 1.47185719
3844.7000 1.556126
3845.6000 1.63016212
3846.5000 1.69614899
3847.4000 1.75515366
3848.3000 1.78781998
3849.2000 1.80516899
3850.1000 1.85450029
3851.0000 1.92409468
3851.9000 1.97820807
3852.8000 2.00899935
3853.7000 2.02491999
3854.6000 2.01009369
3855.5000 1.98748517
3856.4000 2.00821233
3857.3000 2.0493145
3858.2000 2.06005621
3859.1000 2.05559111
3860.0000 2.0678246
3860.9000 2.08764887
3861.8000 2.09353638
3862.7000 2.08874989
3863.6000 2.08938622
3864.5000 2.09087229
3865.4000 2.09344745
3866.3000 2.10719514
3867.2000 2.11989236
3868.1000 2.12402105
3869.0000 2.11746836
3869.9000 2.09368801
3870.8000 2.039922
3871.7000 1.95967925
3872.6000 1.90381563
3873.5000 1.90124428
3874.4000 1.9105655
3875.3000 1.88579416
3876.2000 1.81221378
3877.1000 1.6924727
3878.0000 1.58627212
3878.9000 1.54613721
3879.8000 1.5263443
3880.7000 1.47446108
3881.6000 1.39514065
3882.5000 1.30599272
3883.4000 1.21070683
3884.3000 1.09756386
3885.2000 0.96543467
3886.1000 0.832407
3887.0000 0.70968378
3887.9000 0.60792255
3888.8000 0.56826061
3889.7000 0.62095141
3890.6000 0.73446435
3891.5000 0.85614258
3892.4000 0.96763229
3893.3000 1.06960857
3894.2000 1.16240132
3895.1000 1.24947691
3896.0000 1.34111321
3896.9000 1.43218982
3897.8000 1.50372994
3898.7000 1.54764199
3899.6000 1.58695126
3900.5000 1.65830779
3901.4000 1.74560559
3902.3000 1.80029607
3903.2000 1.8315866
3904.1000 1.86129773
3905.0000 1.88825524
3905.9000 1.93193221
3906.8000 1.99885106
3907.7000 2.06374645
3908.6000 2.11324191
3909.5000 2.14311671
3910.4000 2.15788245
3911.3000 2.15213704
3912.2000 2.1117239
3913.1000 2.06083775
3914.0000 2.04025054
3914.9000 2.05227685
3915.8000 2.07780576
3916.7000 2.10454607
3917.6000 2.11787891
3918.5000 2.1216197
3919.4000 2.11831522
3920.3000 2.127841
3921.2000 2.14418316
3922.1000 2.14444375
3923.0000 2.14294624
3923.9000 2.15246248
3924.8000 2.14365602
3925.7000 2.11526537
3926.6000 2.08526397
3927.5000 2.05629992
3928.4000 2.02760124
3929.3000 1.9748162
3930.2000 1.87777543
3931.1000 1.71012866
3932.0000 1.44305289
3932.9000 1.17857802
3933.8000 1.14618039
3934.7000 1.38849437
3935.6000 1.69796264
3936.5000 1.9158237
3937.4000 2.01904249
3938.3000 2.05878782
3939.2000 2.09425402
3940.1000 2.1310792
3941.0000 2.14723229
3941.9000 2.1315558
3942.8000 2.0920198
3943.7000 2.05802131
3944.6000 2.06481814
3945.5000 2.09515762
3946.4000 2.10575867
3947.3000 2.08721709
3948.2000 2.05260611
3949.1000 2.02249813
3950.0000 2.00290322
3950.9000 1.98212731
3951.8000 1.96249175
3952.7000 1.96059632
3953.6000 1.95937145
3954.5000 1.93188584
3955.4000 1.87910426
3956.3000 1.81703341
3957.2000 1.76299024
3958.1000 1.71931505
3959.0000 1.66995406
3959.9000 1.59699738
3960.8000 1.50249398
3961.7000 1.41486228
3962.6000 1.33723974
3963.5000 1.25218654
3964.4000 1.15541983
3965.3000 1.04320621
3966.2000 0.90704912
3967.1000 0.74827725
3968.0000 0.60035008
3968.9000 0.51092535
3969.8000 0.50467849
3970.7000 0.57554615
3971.6000 0.69047594
3972.5000 0.81410956
3973.4000 0.93025559
3974.3000 1.03801394
3975.2000 1.13966763
3976.1000 1.2382226
3977.0000 1.33091545
3977.9000 1.416345
3978.8000 1.49666679
3979.7000 1.56639874
3980.6000 1.61895454
3981.5000 1.65869963
3982.4000 1.70631194
3983.3000 1.76337767
3984.2000 1.82030952
3985.1000 1.8707906
3986.0000 1.90976369
3986.9000 1.93792021
3987.8000 1.95826483
3988.7000 1.98049819
3989.6000 2.00160551
3990.5000 2.01703644
3991.4000 2.04135108
3992.3000 2.07706642
3993.2000 2.10305262
3994.1000 2.10715604
3995.0000 2.09811759
3995.9000 2.07749796
3996.8000 2.0531733
3997.7000 2.0400753
3998.6000 2.05318856
3999.5000 2.09368801
4000.4000 2.12056661
4001.3000 2.10649824
4002.2000 2.07241702
4003.1000 2.05909681
4004.0000 2.04546618
4004.9000 2.01964164
4005.8000 2.02614093
4006.7000 2.07044744
4007.6000 2.1128993
4008.5000 2.13495708
4009.4000 2.13113785
4010.3000 2.11474466
4011.2000 2.09215808
4012.1000 2.07406521
4013.0000 2.0822742
4013.9000 2.09411597
4014.8000 2.09376264
4015.7000 2.10685158
4016.6000 2.13117981
4017.5000 2.14299464
4018.4000 2.14846873
4019.3000 2.15074611
4020.2000 2.13942719
4021.1000 2.11954641
4022.0000 2.09995747
4022.9000 2.07672524
4023.8000 2.05471349
4024.7000 2.05422807
4025.6000 2.0804491
4026.5000 2.10344291
4027.4000 2.0958755
4028.3000 2.07292604
4029.2000 2.05641627
4030.1000 2.04865265
4031.0000 2.05051684
4031.9000 2.05784321
4032.8000 2.06943226
4033.7000 2.08308244
4034.6000 2.08934355
4035.5000 2.09217405
4036.4000 2.10502362
4037.3000 2.12198877
4038.2000 2.13404107
4039.1000 2.13915896
4040.0000 2.13603115
4040.9000 2.13250852
4041.8000 2.13008952
4042.7000 2.12176156
4043.6000 2.09744692
4044.5000 2.05070114
4045.4000 2.01698375
4046.3000 2.03399086
4047.2000 2.07101512
4048.1000 2.08316994
4049.0000 2.07919931
4049.9000 2.07952499
4050.8000 2.07807755
4051.7000 2.06634641
4052.6000 2.04812837
4053.5000 2.03433728
4054.4000 2.03690505
4055.3000 2.04994106
4056.2000 2.05554986
4057.1000 2.05286312
4058.0000 2.05578923
4058.9000 2.06840897
4059.8000 2.07875347
4060.7000 2.07194734
4061.6000 2.04706407
4062.5000 2.00828815
4063.4000 1.97877181
4064.3000 1.98005879
4065.2000 1.99459577
4066.1000 1.99717212
4067.0000 1.9913336
4067.9000 2.00027585
4068.8000 2.01798296
4069.7000 2.01120281
4070.6000 1.97251773
4071.5000 1.94510436
4072.4000 1.95618141
4073.3000 1.97459519
4074.2000 1.97149634
4075.1000 1.95642924
4076.0000 1.9246769
4076.9000 1.86685729
4077.8000 1.84097552
4078.7000 1.87135553
4079.6000 1.90805018
4080.5000 1.92426133
4081.4000 1.91847777
4082.3000 1.89885163
4083.2000 1.86792147
4084.1000 1.83225226
4085.0000 1.79822206
4085.9000 1.76575255
4086.8000 1.73771071
4087.7000 1.71321738
4088.6000 1.68164968
4089.5000 1.63524258
4090.4000 1.57812381
4091.3000 1.51720798
4092.2000 1.45586038
4093.1000 1.38939583
4094.0000 1.3160181
4094.9000 1.2373966
4095.8000 1.15310621
4096.7000 1.06556034
4097.6000 0.97252649
4098.5000 0.86971921
4099.4000 0.76096106
4100.3000 0.65182453
4101.2000 0.5743773
4102.1000 0.5725193
4103.0000 0.64691681
4103.9000 0.75502133
4104.8000 0.86433184
4105.7000 0.96661448
4106.6000 1.05968595
4107.5000 1.14282453
4108.4000 1.21937191
4109.3000 1.28038549
4110.2000 1.33908117
4111.1000 1.40868294
4112.0000 1.4805088
4112.9000 1.54524875
4113.8000 1.60066938
4114.7000 1.64810669
4115.6000 1.69346404
4116.5000 1.7247982
4117.4000 1.7409761
4118.3000 1.75414932
4119.2000 1.77702487
4120.1000 1.80457461
4121.0000 1.82415068
4121.9000 1.83219433
4122.8000 1.84357011
4123.7000 1.86593008
4124.6000 1.88864446
4125.5000 1.89355195
4126.4000 1.87868345
4127.3000 1.84593439
4128.2000 1.82518685
4129.1000 1.82922745
4130.0000 1.83223546
4130.9000 1.82780468
4131.8000 1.84194934
4132.7000 1.87124789
4133.6000 1.90232015
4134.5000 1.92608917
4135.4000 1.94206572
4136.3000 1.9458245
4137.2000 1.94653058
4138.1000 1.9591974
4139.0000 1.9826082
4139.9000 1.99344444
4140.8000 1.98256493
4141.7000 1.95311224
4142.6000 1.9211508
4143.5000 1.90109921
4144.4000 1.90655088
4145.3000 1.92613423
4146.2000 1.94751859
4147.1000 1.96285832
4148.0000 1.96325183
4148.9000 1.95152044
4149.8000 1.95128548
4150.7000 1.96100891
4151.6000 1.9660753
4152.5000 1.95949006
4153.4000 1.9451859
4154.3000 1.93124771
4155.2000 1.93114078
4156.1000 1.93689358
4157.0000 1.94677424
4157.9000 1.9579159
4158.8000 1.96365643
4159.7000 1.95013797
4160.6000 1.92749357
4161.5000 1.9140079
4162.4000 1.90968215
4163.3000 1.90948212
4164.2000 1.92914414
4165.1000 1.95339596
4166.0000 1.96094239
4166.9000 1.95777845
4167.8000 1.9643476
4168.7000 1.96905923
4169.6000 1.95794892
4170.5000 1.91954422
4171.4000 1.8676914
4172.3000 1.82857287
4173.2000 1.82491684
4174.1000 1.85776353
4175.0000 1.89939845
4175.9000 1.91121817
4176.8000 1.87736142
4177.7000 1.82953298
4178.6000 1.81328201
4179.5000 1.84093451
4180.4000 1.88524449
4181.3000 1.91047859
4182.2000 1.92216623
4183.1000 1.923455
4184.0000 1.92460084
4184.9000 1.93179452
4185.8000 1.92701828
4186.7000 1.90436602
4187.6000 1.89523602
4188.5000 1.91362917
4189.4000 1.93686223
4190.3000 1.94094038
4191.2000 1.9386133
4192.1000 1.94417489
4193.0000 1.95955229
4193.9000 1.96581018
4194.8000 1.95309055
4195.7000 1.93542874
4196.6000 1.92336047
4197.5000 1.89449811
4198.4000 1.87069941
4199.3000 1.87610543
4200.2000 1.89482129
4201.1000 1.89264989
4202.0000 1.88337767
4202.9000 1.88921952
4203.8000 1.89514923
4204.7000 1.89850855
4205.6000 1.9113915
4206.5000 1.92135322
4207.4000 1.92274261
4208.3000 1.90893793
4209.2000 1.89790368
4210.1000 1.90327978
4211.0000 1.91778111
4211.9000 1.93106413
4212.8000 1.93058503
4213.7000 1.91186023
4214.6000 1.87837887
4215.5000 1.85198236
4216.4000 1.86621237
4217.3000 1.89716434
4218.2000 1.91314244
4219.1000 1.9116888
4220.0000 1.90783274
4220.9000 1.90624309
4221.8000 1.90129161
4222.7000 1.89660561
4223.6000 1.88862193
4224.5000 1.85888839
4225.4000 1.82150304
4226.3000 1.78579974
4227.2000 1.78431892
4228.1000 1.83432877
4229.0000 1.89239776
4229.9000 1.92003632
4230.8000 1.91204858
4231.7000 1.86943054
4232.6000 1.813995
4233.5000 1.79139006
4234.4000 1.81188607
4235.3000 1.83794844
4236.2000 1.85334933
4237.1000 1.86324298
4238.0000 1.86299229
4238.9000 1.86145639
4239.8000 1.86652231
4240.7000 1.87039495
4241.6000 1.86319971
4242.5000 1.86035454
4243.4000 1.86699855
4244.3000 1.86720788
4245.2000 1.8474797
4246.1000 1.81991172
4247.0000 1.8052597
4247.9000 1.81930542
4248.8000 1.83271503
4249.7000 1.81978738
4250.6000 1.80631781
4251.5000 1.82126999
4252.4000 1.8442142
4253.3000 1.85437822
4254.2000 1.85077643
4255.1000 1.85266149
4256.0000 1.85852349
4256.9000 1.85430288
4257.8000 1.83825433
4258.7000 1.82077539
4259.6000 1.80248773
4260.5000 1.79546022
4261.4000 1.80786633
4262.3000 1.83109176
4263.2000 1.85387349
4264.1000 1.87416959
4265.0000 1.88356185
4265.9000 1.8837384
4266.8000 1.8755089
4267.7000 1.85932231
4268.6000 1.84091377
4269.5000 1.82543242
4270.4000 1.79173982
4271.3000 1.75718701
4272.2000 1.75249207
4273.1000 1.76800489
4274.0000 1.78045297
4274.9000 1.78916168
4275.8000 1.80370104
4276.7000 1.82161379
4277.6000 1.82873273
4278.5000 1.83286178
4279.4000 1.83449876
4280.3000 1.83246803
4281.2000 1.82097876
4282.1000 1.80185938
4283.0000 1.78931308
4283.9000 1.79389656
4284.8000 1.80014157
4285.7000 1.79861939
4286.6000 1.78572559
4287.5000 1.76955581
4288.4000 1.7473104
4289.3000 1.71616995
4290.2000 1.70387065
4291.1000 1.73146415
4292.0000 1.76334953
4292.9000 1.76067412
4293.8000 1.73602509
4294.7000 1.7305212
4295.6000 1.72888553
4296.5000 1.72432649
4297.4000 1.72651887
4298.3000 1.71034789
4299.2000 1.66590142
4300.1000 1.63403237
4301.0000 1.62914526
4301.9000 1.63083792
4302.8000 1.64214802
4303.7000 1.67869663
4304.6000 1.71477139
4305.5000 1.72407436
4306.4000 1.70279419
4307.3000 1.66742039
4308.2000 1.65684104
4309.1000 1.68159187
4310.0000 1.71063614
4310.9000 1.71894836
4311.8000 1.68833899
4312.7000 1.63938987
4313.6000 1.59563124
4314.5000 1.57695293
4315.4000 1.59591901
4316.3000 1.62723398
4317.2000 1.64622545
4318.1000 1.65049016
4319.0000 1.63670957
4319.9000 1.60771382
4320.8000 1.57804942
4321.7000 1.57196438
4322.6000 1.56913078
4323.5000 1.5437448
4324.4000 1.49341583
4325.3000 1.44324052
4326.2000 1.41976905
4327.1000 1.41647363
4328.0000 1.3992666
4328.9000 1.36515939
4329.8000 1.31962836
4330.7000 1.26979613
4331.6000 1.2193929
4332.5000 1.16689241
4333.4000 1.11044312
4334.3000 1.04959476
4335.2000 0.98038936
4336.1000 0.90227109
4337.0000 0.81207293
4337.9000 0.71638632
4338.8000 0.62193078
4339.7000 0.54622501
4340.6000 0.52463853
4341.5000 0.57352394
4342.4000 0.66276443
4343.3000 0.75663
4344.2000 0.84234512
4345.1000 0.92215592
4346.0000 0.99584317
4346.9000 1.06615376
4347.8000 1.12674665
4348.7000 1.17588985
4349.6000 1.21386373
4350.5000 1.2375015
4351.4000 1.25621819
4352.3000 1.29660881
4353.2000 1.35755384
4354.1000 1.41661119
4355.0000 1.4627167
4355.9000 1.50040197
4356.8000 1.52426147
4357.7000 1.536237
4358.6000 1.54682982
4359.5000 1.56357443
4360.4000 1.58397937
4361.3000 1.602507
4362.2000 1.6156795
4363.1000 1.63269937
4364.0000 1.64983356
4364.9000 1.66241598
4365.8000 1.66299272
4366.7000 1.64631665
4367.6000 1.62620962
4368.5000 1.6233151
4369.4000 1.63395333
4370.3000 1.65079081
4371.2000 1.67142045
4372.1000 1.68092275
4373.0000 1.669402
4373.9000 1.63833451
4374.8000 1.62468731
4375.7000 1.64930534
4376.6000 1.6888454
4377.5000 1.7123282
4378.4000 1.7144388
4379.3000 1.70745778
4380.2000 1.70332253
4381.1000 1.69438779
4382.0000 1.66978228
4382.9000 1.61961138
4383.8000 1.57054961
4384.7000 1.55973983
4385.6000 1.58977497
4386.5000 1.6298064
4387.4000 1.66189539
4388.3000 1.68255579
4389.2000 1.68815088
4390.1000 1.67959499
4391.0000 1.6789211
4391.9000 1.68831575
4392.8000 1.68150806
4393.7000 1.64481306
4394.6000 1.6087625
4395.5000 1.61319041
4396.4000 1.64905965
4397.3000 1.67058718
4398.2000 1.6665144
4399.1000 1.64611208
4400.0000 1.63307786
4400.9000 1.64134312
4401.8000 1.66374445
4402.7000 1.67998981
4403.6000 1.67468309
4404.5000 1.6597718
4405.4000 1.6661849
4406.3000 1.68448353
4407.2000 1.69213688
4408.1000 1.68683362
4409.0000 1.68374765
4409.9000 1.68252611
4410.8000 1.68107367
4411.7000 1.68188822
4412.6000 1.68305326
4413.5000 1.66867936
4414.4000 1.63539326
4415.3000 1.59689343
4416.2000 1.57237566
4417.1000 1.56545269
4418.0000 1.58828259
4418.9000 1.63385463
4419.8000 1.67085636
4420.7000 1.68362117
4421.6000 1.6799413
4422.5000 1.6737138
4423.4000 1.6772716
4424.3000 1.6813103
4425.2000 1.68359089
4426.1000 1.68370187
4427.0000 1.68314326
4427.9000 1.68531764
4428.8000 1.68925881
4429.7000 1.68806958
4430.6000 1.68143642
4431.5000 1.67252946
4432.4000 1.66453671
4433.3000 1.65092373
4434.2000 1.63975656
4435.1000 1.63927317
4436.0000 1.65288043
4436.9000 1.67101252
4437.8000 1.6826489
4438.7000 1.68348312
4439.6000 1.67762363
4440.5000 1.65788233
4441.4000 1.62568784
4442.3000 1.58422911
4443.2000 1.55511141
4444.1000 1.56305516
4445.0000 1.60133493
4445.9000 1.63755274
4446.8000 1.65475011
4447.7000 1.65548193
4448.6000 1.64989102
4449.5000 1.63176596
4450.4000 1.61616242
4451.3000 1.61646378
4452.2000 1.62671244
4453.1000 1.62802887
4454.0000 1.61464465
4454.9000 1.60223329
4455.8000 1.60429871
4456.7000 1.61225021
4457.6000 1.61900258
4458.5000 1.62160075
4459.4000 1.62259269
4460.3000 1.62151539
4461.2000 1.61710191
4462.1000 1.61608005
4463.0000 1.61925113
4463.9000 1.61420786
4464.8000 1.60791218
4465.7000 1.60339773
4466.6000 1.59345186
4467.5000 1.56891179
4468.4000 1.54651999
4469.3000 1.54709601
4470.2000 1.5601995
4471.1000 1.57224226
4472.0000 1.5848794
4472.9000 1.59584045
4473.8000 1.60949695
4474.7000 1.61744392
4475.6000 1.61808121
4476.5000 1.61875141
4477.4000 1.61818743
4478.3000 1.60062587
4479.2000 1.55362046
4480.1000 1.47257328
4481.0000 1.40965557
4481.9000 1.42728269
4482.8000 1.50720334
4483.7000 1.57659078
4484.6000 1.60751987
4485.5000 1.61373878
4486.4000 1.60651112
4487.3000 1.58377779
4488.2000 1.55733395
4489.1000 1.54429579
4490.0000 1.54912817
4490.9000 1.55870485
4491.8000 1.57117879
4492.7000 1.58172178
4493.6000 1.58415115
4494.5000 1.58489013
4495.4000 1.59082961
4496.3000 1.59722793
4497.2000 1.60370076
4498.1000 1.60815799
4499.0000 1.60331357
4499.9000 1.57933629
4500.8000 1.55167294
4501.7000 1.55324078
4502.6000 1.58226168
4503.5000 1.60773242
4504.4000 1.61761963
4505.3000 1.61289668
4506.2000 1.59898496
4507.1000 1.57507432
4508.0000 1.55435157
4508.9000 1.5598706
4509.8000 1.58390462
4510.7000 1.60388386
4511.6000 1.607651
4512.5000 1.60321105
4513.4000 1.59148252
4514.3000 1.56962848
4515.2000 1.55085242
4516.1000 1.55298507
4517.0000 1.56717265
4517.9000 1.57213521
4518.8000 1.557989
4519.7000 1.53928125
4520.6000 1.52816343
4521.5000 1.51978767
4522.4000 1.51357913
4523.3000 1.52280605
4524.2000 1.54348338
4525.1000 1.55824661
4526.0000 1.560251
4526.9000 1.5556109
4527.8000 1.53998733
4528.7000 1.52689826
4529.6000 1.53029561
4530.5000 1.54251266
4531.4000 1.54468501
4532.3000 1.52639341
4533.2000 1.49344385
4534.1000 1.47839093
4535.0000 1.50128818
4535.9000 1.5402627
4536.8000 1.56230581
4537.7000 1.56741357
4538.6000 1.56125307
4539.5000 1.5495187
4540.4000 1.53837812
4541.3000 1.53393698
4542.2000 1.54014432
4543.1000 1.54866791
4544.0000 1.55016017
4544.9000 1.55296481
4545.8000 1.55243576
4546.7000 1.53790462
4547.6000 1.50259376
4548.5000 1.44677436
4549.4000 1.40978801
4550.3000 1.43309736
4551.2000 1.48436499
4552.1000 1.51103961
4553.0000 1.49735498
4553.9000 1.46691942
4554.8000 1.44218099
4555.7000 1.44051754
4556.6000 1.45946801
4557.5000 1.47494781
4558.4000 1.48335493
4559.3000 1.50225985
4560.2000 1.52584934
4561.1000 1.5387758
4562.0000 1.52541351
4562.9000 1.49591625
4563.8000 1.47575676
4564.7000 1.4818958
4565.6000 1.5047698
4566.5000 1.52787125
4567.4000 1.53702438
4568.3000 1.5354954
4569.2000 1.52772272
4570.1000 1.51211858
4571.0000 1.4834615
4571.9000 1.46591151
4572.8000 1.47894168
4573.7000 1.50219738
4574.6000 1.50918579
4575.5000 1.50070524
4576.4000 1.49471784
4577.3000 1.5016948
4578.2000 1.50613463
4579.1000 1.50150287
4580.0000 1.4924438
4580.9000 1.48376679
4581.8000 1.46404874
4582.7000 1.43013012
4583.6000 1.41225481
4584.5000 1.43394256
4585.4000 1.4684689
4586.3000 1.48340678
4587.2000 1.47408593
4588.1000 1.45992434
4589.0000 1.45318079
4589.9000 1.45453966
4590.8000 1.46218669
4591.7000 1.47209954
4592.6000 1.4809432
4593.5000 1.4923352
4594.4000 1.49724269
4595.3000 1.4942466
4596.2000 1.49257541
4597.1000 1.49743593
4598.0000 1.50058246
4598.9000 1.49784327
4599.8000 1.49507523
4600.7000 1.4975611
4601.6000 1.49986851
4602.5000 1.50247419
4603.4000 1.50341225
4604.3000 1.50162792
4605.2000 1.49883115
4606.1000 1.50011039
4607.0000 1.50247264
4607.9000 1.50362384
4608.8000 1.50211263
4609.7000 1.50154269
4610.6000 1.50102198
4611.5000 1.50078213
4612.4000 1.49833071
4613.3000 1.49631643
4614.2000 1.49458194
4615.1000 1.4855603
4616.0000 1.46893263
4616.9000 1.4567982
4617.8000 1.44710076
4618.7000 1.44087207
4619.6000 1.44071341
4620.5000 1.44966137
4621.4000 1.46526027
4622.3000 1.47877717
4623.2000 1.48363769
4624.1000 1.48149753
4625.0000 1.47872686
4625.9000 1.47930026
4626.8000 1.47356558
4627.7000 1.45391357
4628.6000 1.42783451
4629.5000 1.4242382
4630.4000 1.44318891
4631.3000 1.4597497
4632.2000 1.46136951
4633.1000 1.44783843
4634.0000 1.42937088
4634.9000 1.42769408
4635.8000 1.43971372
4636.7000 1.45316553
4637.6000 1.45994735
4638.5000 1.46372771
4639.4000 1.46671152
4640.3000 1.46785653
4641.2000 1.46877503
4642.1000 1.47126818
4643.0000 1.46961093
4643.9000 1.46694255
4644.8000 1.4636668
4645.7000 1.46090984
4646.6000 1.46040821
4647.5000 1.45753169
4648.4000 1.4542675
4649.3000 1.45407081
4650.2000 1.4578892
4651.1000 1.46004248
4652.0000 1.46099389
4652.9000 1.45988905
4653.8000 1.45395839
4654.7000 1.44331014
4655.6000 1.43384755
4656.5000 1.42408025
4657.4000 1.42337024
4658.3000 1.43456256
4659.2000 1.44767153
4660.1000 1.45224249
4661.0000 1.44660497
4661.9000 1.43439806
4662.8000 1.42132127
4663.7000 1.4153161
4664.6000 1.41586566
4665.5000 1.40839887
4666.4000 1.39837718
4667.3000 1.39655697
4668.2000 1.40159082
4669.1000 1.4066695
4670.0000 1.41156471
4670.9000 1.41784883
4671.8000 1.42190719
4672.7000 1.42077768
4673.6000 1.42325115
4674.5000 1.4283402
4675.4000 1.43096924
4676.3000 1.42951119
4677.2000 1.4254334
4678.1000 1.42151761
4679.0000 1.41921639
4679.9000 1.41726291
4680.8000 1.41928005
4681.7000 1.42237782
4682.6000 1.42668164
4683.5000 1.42743015
4684.4000 1.42322624
4685.3000 1.41859388
4686.2000 1.41844952
4687.1000 1.42225039
4688.0000 1.42609322
4688.9000 1.42322755
4689.8000 1.41738474
4690.7000 1.41547275
4691.6000 1.41897595
4692.5000 1.41956329
4693.4000 1.41690874
4694.3000 1.4152422
4695.2000 1.4150368
4696.1000 1.41227591
4697.0000 1.41017497
4697.9000 1.40868497
4698.8000 1.40773213
4699.7000 1.40438843
4700.6000 1.39579606
4701.5000 1.3821615
4702.4000 1.37141466
4703.3000 1.37224734
4704.2000 1.38349736
4705.1000 1.39306927
4706.0000 1.39657068
4706.9000 1.39196849
4707.8000 1.38570845
4708.7000 1.38361275
4709.6000 1.38675058
4710.5000 1.39027381
4711.4000 1.39123368
4712.3000 1.38881886
4713.2000 1.38423955
4714.1000 1.37789965
4715.0000 1.37880135
4715.9000 1.38402689
4716.8000 1.38873887
4717.7000 1.39084876
4718.6000 1.39219177
4719.5000 1.39170074
4720.4000 1.38935053
4721.3000 1.38474143
4722.2000 1.38396394
4723.1000 1.38391423
4724.0000 1.38459241
4724.9000 1.38609016
4725.8000 1.38693678
4726.7000 1.38381386
4727.6000 1.37676597
4728.5000 1.370772
4729.4000 1.36679995
4730.3000 1.35782766
4731.2000 1.35134864
4732.1000 1.35403991
4733.0000 1.36367738
4733.9000 1.3700254
4734.8000 1.36984694
4735.7000 1.36644721
4736.6000 1.3624326
4737.5000 1.3607285
4738.4000 1.36279798
4739.3000 1.36423278
4740.2000 1.36836958
4741.1000 1.37238562
4742.0000 1.37224221
4742.9000 1.37115109
4743.8000 1.37157953
4744.7000 1.37253881
4745.6000 1.37256026
4746.5000 1.36898804
4747.4000 1.36460054
4748.3000 1.35985398
4749.2000 1.36026812
4750.1000 1.36463308
4751.0000 1.36728656
4751.9000 1.36594617
4752.8000 1.36267841
4753.7000 1.35916018
4754.6000 1.35469484
4755.5000 1.34943569
4756.4000 1.34965754
4757.3000 1.3523289
4758.2000 1.35607135
4759.1000 1.35644293
4760.0000 1.35105634
4760.9000 1.34198308
4761.8000 1.33267915
4762.7000 1.32439756
4763.6000 1.32217026
4764.5000 1.32461834
4765.4000 1.32957518
4766.3000 1.33278334
4767.2000 1.33629525
4768.1000 1.33970296
4769.0000 1.34027421
4769.9000 1.33728993
4770.8000 1.33235407
4771.7000 1.32868636
4772.6000 1.33009923
4773.5000 1.3322252
4774.4000 1.33622289
4775.3000 1.33909214
4776.2000 1.33844674
4777.1000 1.33595288
4778.0000 1.33184528
4778.9000 1.32491529
4779.8000 1.31946528
4780.7000 1.32052922
4781.6000 1.32596684
4782.5000 1.32784855
4783.4000 1.32782972
4784.3000 1.32932603
4785.2000 1.32817113
4786.1000 1.32486129
4787.0000 1.32237494
4787.9000 1.3237679
4788.8000 1.32514441
4789.7000 1.32477689
4790.6000 1.32500398
4791.5000 1.32600772
4792.4000 1.32584596
4793.3000 1.32655251
4794.2000 1.32640672
4795.1000 1.32705975
4796.0000 1.32605815
4796.9000 1.32079387
4797.8000 1.31281817
4798.7000 1.3062036
4799.6000 1.30387986
4800.5000 1.30708361
4801.4000 1.3107686
4802.3000 1.3100611
4803.2000 1.3009361
4804.1000 1.28706658
4805.0000 1.27852583
4805.9000 1.2838372
4806.8000 1.29503477
4807.7000 1.30302799
4808.6000 1.30278349
4809.5000 1.298195
4810.4000 1.29283679
4811.3000 1.29033351
4812.2000 1.29034245
4813.1000 1.29287481
4814.0000 1.29422092
4814.9000 1.29205823
4815.8000 1.29139185
4816.7000 1.29400945
4817.6000 1.29404998
4818.5000 1.29294384
4819.4000 1.28842413
4820.3000 1.28131402
4821.2000 1.27180111
4822.1000 1.2583611
4823.0000 1.23973882
4823.9000 1.22633815
4824.8000 1.23044741
4825.7000 1.24531269
4826.6000 1.25386488
4827.5000 1.25576949
4828.4000 1.25348341
4829.3000 1.24911511
4830.2000 1.24585867
4831.1000 1.24175477
4832.0000 1.23502922
4832.9000 1.22973537
4833.8000 1.22310364
4834.7000 1.21502578
4835.6000 1.20504999
4836.5000 1.19805706
4837.4000 1.19397092
4838.3000 1.18707418
4839.2000 1.17691851
4840.1000 1.16741204
4841.0000 1.15815425
4841.9000 1.14919221
4842.8000 1.13915169
4843.7000 1.12799764
4844.6000 1.11127138
4845.5000 1.09039545
4846.4000 1.06491089
4847.3000 1.03580821
4848.2000 1.01125669
4849.1000 0.99438179
4850.0000 0.97576535
4850.9000 0.9525637
4851.8000 0.92371505
4852.7000 0.8909018
4853.6000 0.85403639
4854.5000 0.81183416
4855.4000 0.76775777
4856.3000 0.72423506
4857.2000 0.67793989
4858.1000 0.62386954
4859.0000 0.56088984
4859.9000 0.49630079
4860.8000 0.44953257
4861.7000 0.45064288
4862.6000 0.4996317
4863.5000 0.56550044
4864.4000 0.6280002
4865.3000 0.68367624
4866.2000 0.73292029
4867.1000 0.77675974
4868.0000 0.81521988
4868.9000 0.85111302
4869.8000 0.88231254
4870.7000 0.90830934
4871.6000 0.93366939
4872.5000 0.95912963
4873.4000 0.98268467
4874.3000 1.00569165
4875.2000 1.02542472
4876.1000 1.0421133
4877.0000 1.06008601
4877.9000 1.08288407
4878.8000 1.10482538
4879.7000 1.12373161
4880.6000 1.1386137
4881.5000 1.14519525
4882.4000 1.14298403
4883.3000 1.1390146
4884.2000 1.14448464
4885.1000 1.16182423
4886.0000 1.17670691
4886.9000 1.18542576
4887.8000 1.19006729
4888.7000 1.19079185
4889.6000 1.18495035
4890.5000 1.17595565
4891.4000 1.17885983
4892.3000 1.19578111
4893.2000 1.21171606
4894.1000 1.22161186
4895.0000 1.2262212
4895.9000 1.22827554
4896.8000 1.22945011
4897.7000 1.22878587
4898.6000 1.22253108
4899.5000 1.21343756
4900.4000 1.21120727
4901.3000 1.21848297
4902.2000 1.2245661
4903.1000 1.22778571
4904.0000 1.2294786
4904.9000 1.23203456
4905.8000 1.2353977
4906.7000 1.23718274
4907.6000 1.23577952
4908.5000 1.23272765
4909.4000 1.22389424
4910.3000 1.2114892
4911.2000 1.20678186
4912.1000 1.21592939
4913.0000 1.22681522
4913.9000 1.23342907
4914.8000 1.23609316
4915.7000 1.23645997
4916.6000 1.23239005
4917.5000 1.22231424
4918.4000 1.20727086
4919.3000 1.19499397
4920.2000 1.18970764
4921.1000 1.19151199
4922.0000 1.18877494
4922.9000 1.17157614
4923.8000 1.16265321
4924.7000 1.18230498
4925.6000 1.21245027
4926.5000 1.23056173
4927.4000 1.2375468
4928.3000 1.24048245
4929.2000 1.24174774
4930.1000 1.24039948
4931.0000 1.23788381
4931.9000 1.22903764
4932.8000 1.21340966
4933.7000 1.19933343
4934.6000 1.19816005
4935.5000 1.2083286
4936.4000 1.21838725
4937.3000 1.22107351
4938.2000 1.22175241
4939.1000 1.22196758
4940.0000 1.22529721
4940.9000 1.22983909
4941.8000 1.23210073
4942.7000 1.23246336
4943.6000 1.23147273
4944.5000 1.22883236
4945.4000 1.22720718
4946.3000 1.22583985
4947.2000 1.22618151
4948.1000 1.22518504
4949.0000 1.223912
4949.9000 1.22074986
4950.8000 1.2155087
4951.7000 1.21249533
4952.6000 1.21339428
4953.5000 1.21513391
4954.4000 1.21417701
4955.3000 1.20444727
4956.2000 1.18718302
4957.1000 1.17316329
4958.0000 1.17751384
4958.9000 1.19797826
4959.8000 1.21577764
4960.7000 1.2228049
4961.6000 1.22349477
4962.5000 1.22266638
4963.4000 1.22370446
4964.3000 1.22091925
4965.2000 1.21481729
4966.1000 1.20904922
4967.0000 1.20553851
4967.9000 1.20494664
4968.8000 1.20610106
4969.7000 1.20852149
4970.6000 1.21081591
4971.5000 1.21074367
4972.4000 1.21214259
4973.3000 1.21348417
4974.2000 1.21557152
4975.1000 1.21623409
4976.0000 1.21281624
4976.9000 1.20760334
4977.8000 1.20324159
4978.7000 1.19956374
4979.6000 1.19462061
4980.5000 1.18738317
4981.4000 1.18087971
4982.3000 1.17341852
4983.2000 1.16785312
4984.1000 1.16913128
4985.0000 1.17604423
4985.9000 1.18571341
4986.8000 1.19462311
4987.7000 1.19814193
4988.6000 1.19746876
4989.5000 1.19199717
4990.4000 1.18551254
4991.3000 1.18419087
4992.2000 1.19317055
4993.1000 1.20367253
4994.0000 1.20217335
4994.9000 1.19380116
4995.8000 1.19017649
4996.7000 1.19003212
4997.6000 1.1897068
4998.5000 1.18517745
4999.4000 1.1762743
5000.3000 1.16119325
5001.2000 1.14769793
5002.1000 1.14649379
5003.0000 1.15385234
5003.9000 1.15677714
5004.8000 1.15392935
5005.7000 1.1497364
5006.6000 1.15140665
5007.5000 1.15959597
5008.4000 1.168625
5009.3000 1.17233181
5010.2000 1.17211425
5011.1000 1.17104828
5012.0000 1.16945255
5012.9000 1.1653676
5013.8000 1.15968525
5014.7000 1.15508378
5015.6000 1.15223861
5016.5000 1.13786292
5017.4000 1.10849166
5018.3000 1.0863843
5019.2000 1.09079921
5020.1000 1.11171079
5021.0000 1.13174367
5021.9000 1.14515114
5022.8000 1.15501213
5023.7000 1.16206324
5024.6000 1.16618836
5025.5000 1.16724682
5026.4000 1.16553283
5027.3000 1.16275275
5028.2000 1.16185725
5029.1000 1.15953994
5030.0000 1.15540755
5030.9000 1.15192103
5031.8000 1.15379965
5032.7000 1.15753412
5033.6000 1.15713382
5034.5000 1.15135944
5035.4000 1.14555788
5036.3000 1.14516366
5037.2000 1.14820766
5038.1000 1.1464417
5039.0000 1.1390667
5039.9000 1.12702894
5040.8000 1.1186682
5041.7000 1.12305748
5042.6000 1.13607407
5043.5000 1.14692163
5044.4000 1.1536634
5045.3000 1.15630853
5046.2000 1.15607405
5047.1000 1.1516639
5048.0000 1.14687526
5048.9000 1.14447498
5049.8000 1.14255869
5050.7000 1.14012921
5051.6000 1.13872099
5052.5000 1.1406014
5053.4000 1.14251721
5054.3000 1.13437998
5055.2000 1.11935139
5056.1000 1.11181819
5057.0000 1.12047243
5057.9000 1.13501048
5058.8000 1.14468884
5059.7000 1.1491586
5060.6000 1.15000725
5061.5000 1.15061128
5062.4000 1.15091515
5063.3000 1.1488148
5064.2000 1.1441288
5065.1000 1.13858151
5066.0000 1.13473535
5066.9000 1.1333952
5067.8000 1.13242817
5068.7000 1.13327003
5069.6000 1.13310122
5070.5000 1.12947202
5071.4000 1.12461913
5072.3000 1.12201059
5073.2000 1.12405086
5074.1000 1.12637389
5075.0000 1.12496054
5075.9000 1.12530458
5076.8000 1.12623703
5077.7000 1.12629616
5078.6000 1.12416637
5079.5000 1.12025392
5080.4000 1.11743414
5081.3000 1.11708939
5082.2000 1.11993444
5083.1000 1.12374032
5084.0000 1.12470484
5084.9000 1.12505496
5085.8000 1.12249672
5086.7000 1.11834896
5087.6000 1.11755335
5088.5000 1.12266946
5089.4000 1.12878644
5090.3000 1.13122988
5091.2000 1.13113379
5092.1000 1.13167071
5093.0000 1.1296531
5093.9000 1.12833416
5094.8000 1.1290499
5095.7000 1.12723112
5096.6000 1.12073755
5097.5000 1.11380541
5098.4000 1.10917008
5099.3000 1.10384035
5100.2000 1.09891105
5101.1000 1.10291862
5102.0000 1.11261034
5102.9000 1.12104845
5103.8000 1.12496412
5104.7000 1.12641156
5105.6000 1.12621844
5106.5000 1.1246587
5107.4000 1.12294388
5108.3000 1.12163877
5109.2000 1.12090874
5110.1000 1.12217557
5111.0000 1.12417626
5111.9000 1.12678218
5112.8000 1.12917399
5113.7000 1.13000405
5114.6000 1.12897325
5115.5000 1.12790227
5116.4000 1.12793219
5117.3000 1.12881434
5118.2000 1.1277554
5119.1000 1.12582123
5120.0000 1.12329817
5120.9000 1.12064648
5121.8000 1.11761117
5122.7000 1.11387968
5123.6000 1.11117148
5124.5000 1.11113012
5125.4000 1.11157978
5126.3000 1.11074603
5127.2000 1.10526764
5128.1000 1.09776521
5129.0000 1.0933789
5129.9000 1.09547389
5130.8000 1.10030746
5131.7000 1.10356295
5132.6000 1.10282016
5133.5000 1.10137939
5134.4000 1.10169923
5135.3000 1.10282195
5136.2000 1.10035336
5137.1000 1.09657443
5138.0000 1.09379947
5138.9000 1.09097385
5139.8000 1.09184742
5140.7000 1.0979619
5141.6000 1.10134673
5142.5000 1.10189688
5143.4000 1.10196662
5144.3000 1.10114956
5145.2000 1.09821308
5146.1000 1.09562159
5147.0000 1.09575367
5147.9000 1.09704483
5148.8000 1.09721112
5149.7000 1.09719348
5150.6000 1.09633446
5151.5000 1.0949502
5152.4000 1.08975744
5153.3000 1.08133805
5154.2000 1.07724774
5155.1000 1.08307362
5156.0000 1.09252763
5156.9000 1.09868348
5157.8000 1.10010624
5158.7000 1.10040247
5159.6000 1.09884131
5160.5000 1.09651411
5161.4000 1.09333777
5162.3000 1.09066916
5163.2000 1.09080243
5164.1000 1.08907533
5165.0000 1.07897437
5165.9000 1.05697787
5166.8000 1.02474093
5167.7000 0.99692273
5168.6000 0.9878419
5169.5000 1.00383985
5170.4000 1.02820385
5171.3000 1.03591216
5172.2000 1.03226292
5173.1000 1.0407455
5174.0000 1.06260145
5174.9000 1.08058321
5175.8000 1.08625305
5176.7000 1.08660066
5177.6000 1.08602858
5178.5000 1.08607602
5179.4000 1.08626306
5180.3000 1.08316481
5181.2000 1.07492507
5182.1000 1.05853021
5183.0000 1.03577173
5183.9000 1.02507436
5184.8000 1.03148699
5185.7000 1.04418647
5186.6000 1.05196393
5187.5000 1.05068386
5188.4000 1.04564273
5189.3000 1.04635203
5190.2000 1.05123258
5191.1000 1.05211461
5192.0000 1.05146039
5192.9000 1.05743206
5193.8000 1.06389427
5194.7000 1.06389105
5195.6000 1.05547988
5196.5000 1.04349983
5197.4000 1.03842497
5198.3000 1.04589415
5199.2000 1.0572927
5200.1000 1.06345463
5201.0000 1.06506217
5201.9000 1.06552672
5202.8000 1.06391442
5203.7000 1.05849195
5204.6000 1.05165768
5205.5000 1.04553485
5206.4000 1.04585683
5207.3000 1.049546
5208.2000 1.05195391
5209.1000 1.0548805
5210.0000 1.05751681
5210.9000 1.05758595
5211.8000 1.0578444
5212.7000 1.05959237
5213.6000 1.06083941
5214.5000 1.0568589
5215.4000 1.04998493
5216.3000 1.04587913
5217.2000 1.04995668
5218.1000 1.05888784
5219.0000 1.06570756
5219.9000 1.06834269
5220.8000 1.06960595
5221.7000 1.06897783
5222.6000 1.06606436
5223.5000 1.05966425
5224.4000 1.04818904
5225.3000 1.02752113
5226.2000 1.00342882
5227.1000 0.99581712
5228.0000 1.01164567
5228.9000 1.03268313
5229.8000 1.04502761
5230.7000 1.04728127
5231.6000 1.04103839
5232.5000 1.0271219
5233.4000 1.01225126
5234.3000 1.00429714
5235.2000 1.00710964
5236.1000 1.01593399
5237.0000 1.02379572
5237.9000 1.03167605
5238.8000 1.04120839
5239.7000 1.04711628
5240.6000 1.05013669
5241.5000 1.05124867
5242.4000 1.05071843
5243.3000 1.05063868
5244.2000 1.05205071
5245.1000 1.05206621
5246.0000 1.05093551
5246.9000 1.04827893
5247.8000 1.04578674
5248.7000 1.04466355
5249.6000 1.04499781
5250.5000 1.04568458
5251.4000 1.04606593
5252.3000 1.04655814
5253.2000 1.0443449
5254.1000 1.03615224
5255.0000 1.03040838
5255.9000 1.03243864
5256.8000 1.03823984
5257.7000 1.04231811
5258.6000 1.04248476
5259.5000 1.03751981
5260.4000 1.02994668
5261.3000 1.02307355
5262.2000 1.01718605
5263.1000 1.00910401
5264.0000 1.00019538
5264.9000 0.99636167
5265.8000 1.00045276
5266.7000 1.00779474
5267.6000 1.01037443
5268.5000 1.00420022
5269.4000 0.99533361
5270.3000 0.99458659
5271.2000 1.00393522
5272.1000 1.01198041
5273.0000 1.01298118
5273.9000 1.00496662
5274.8000 0.9893049
5275.7000 0.97982037
5276.6000 0.98805183
5277.5000 1.00553894
5278.4000 1.01657987
5279.3000 1.01684606
5280.2000 1.01414132
5281.1000 1.01226437
5282.0000 1.01034832
5282.9000 1.00357795
5283.8000 0.99648732
5284.7000 1.00058985
5285.6000 1.01396418
5286.5000 1.0241456
5287.4000 1.02950919
5288.3000 1.03150022
5289.2000 1.03183949
5290.1000 1.02933955
5291.0000 1.02552116
5291.9000 1.02454126
5292.8000 1.02560139
5293.7000 1.02606547
5294.6000 1.02549958
5295.5000 1.02352929
5296.4000 1.02165854
5297.3000 1.01877177
5298.2000 1.01782155
5299.1000 1.01837409
5300.0000 1.01797223
5300.9000 1.01656353
5301.8000 1.01426649
5302.7000 1.01346004
5303.6000 1.01468861
5304.5000 1.01365316
5305.4000 1.00989842
5306.3000 1.00561154
5307.2000 1.00373244
5308.1000 1.00548673
5309.0000 1.00844431
5309.9000 1.01027346
5310.8000 1.01118851
5311.7000 1.00977004
5312.6000 1.00418067
5313.5000 0.99536222
5314.4000 0.98583961
5315.3000 0.9688313
5316.2000 0.94935656
5317.1000 0.94818431
5318.0000 0.96798146
5318.9000 0.98961836
5319.8000 1.00088406
5320.7000 1.00430024
5321.6000 1.00496697
5322.5000 1.0007863
5323.4000 0.99237126
5324.3000 0.98220295
5325.2000 0.9760347
5326.1000 0.97569966
5327.0000 0.97363949
5327.9000 0.96829259
5328.8000 0.96798974
5329.7000 0.97511292
5330.6000 0.98392016
5331.5000 0.99005383
5332.4000 0.99383253
5333.3000 0.99398071
5334.2000 0.98923922
5335.1000 0.98198873
5336.0000 0.97477794
5336.9000 0.96859825
5337.8000 0.96547747
5338.7000 0.96552539
5339.6000 0.96917784
5340.5000 0.97742164
5341.4000 0.98723543
5342.3000 0.99480039
5343.2000 0.99772304
5344.1000 0.99884039
5345.0000 0.99784368
5345.9000 0.9940632
5346.8000 0.99077064
5347.7000 0.99165094
5348.6000 0.99375749
5349.5000 0.99322253
5350.4000 0.99064535
5351.3000 0.98983687
5352.2000 0.99054652
5353.1000 0.9916715
5354.0000 0.99379075
5354.9000 0.99630308
5355.8000 0.9974274
5356.7000 0.99705184
5357.6000 0.99612051
5358.5000 0.99615043
5359.4000 0.99464804
5360.3000 0.98891735
5361.2000 0.97794044
5362.1000 0.96430719
5363.0000 0.95738643
5363.9000 0.96131402
5364.8000 0.96941721
5365.7000 0.97442019
5366.6000 0.97408849
5367.5000 0.97178173
5368.4000 0.96927983
5369.3000 0.96552336
5370.2000 0.9612785
5371.1000 0.96095264
5372.0000 0.96750385
5372.9000 0.97775173
5373.8000 0.98489791
5374.7000 0.98809999
5375.6000 0.9879778
5376.5000 0.98748803
5377.4000 0.9865514
5378.3000 0.98306859
5379.2000 0.97802991
5380.1000 0.97217846
5381.0000 0.96738809
5381.9000 0.96545279
5382.8000 0.96446437
5383.7000 0.96697825
5384.6000 0.97157872
5385.5000 0.97417641
5386.4000 0.97361523
5387.3000 0.9725787
5388.2000 0.97338784
5389.1000 0.97361767
5390.0000 0.97230339
5390.9000 0.97087008
5391.8000 0.96835971
5392.7000 0.96645051
5393.6000 0.96557945
5394.5000 0.9636777
5395.4000 0.96051544
5396.3000 0.95742285
5397.2000 0.9568277
5398.1000 0.9586044
5399.0000 0.95870221
5399.9000 0.9558357
5400.8000 0.95089835
5401.7000 0.94817346
5402.6000 0.94586354
5403.5000 0.94222522
5404.4000 0.9400301
5405.3000 0.94135296
5406.2000 0.94571996
5407.1000 0.95013905
5408.0000 0.95129591
5408.9000 0.95121324
5409.8000 0.94925457
5410.7000 0.94812131
5411.6000 0.94858325
5412.5000 0.94814295
5413.4000 0.9449017
5414.3000 0.94011182
5415.2000 0.939776
5416.1000 0.94604772
5417.0000 0.95145518
5417.9000 0.95221663
5418.8000 0.95055848
5419.7000 0.94986284
5420.6000 0.94956523
5421.5000 0.94846451
5422.4000 0.94573867
5423.3000 0.9393248
5424.2000 0.93236583
5425.1000 0.93193036
5426.0000 0.93609214
5426.9000 0.94009489
5427.8000 0.94007742
5428.7000 0.93665159
5429.6000 0.93400609
5430.5000 0.93524355
5431.4000 0.93758005
5432.3000 0.93626255
5433.2000 0.93348724
5434.1000 0.93413877
5435.0000 0.93596625
5435.9000 0.93849653
5436.8000 0.94169724
5437.7000 0.94467741
5438.6000 0.94596517
5439.5000 0.94588816
5440.4000 0.94541472
5441.3000 0.94442165
5442.2000 0.94238687
5443.1000 0.93998814
5444.0000 0.93582869
5444.9000 0.93064868
5445.8000 0.92714423
5446.7000 0.92730188
5447.6000 0.93236274
5448.5000 0.93807304
5449.4000 0.93968189
5450.3000 0.93876106
5451.2000 0.93807834
5452.1000 0.93820089
5453.0000 0.93794519
5453.9000 0.93426275
5454.8000 0.9258942
5455.7000 0.91962087
5456.6000 0.92232704
5457.5000 0.92938787
5458.4000 0.93380785
5459.3000 0.93450832
5460.2000 0.9331519
5461.1000 0.93085128
5462.0000 0.92659384
5462.9000 0.92215025
5463.8000 0.921781
5464.7000 0.92366803
5465.6000 0.92282283
5466.5000 0.92229235
5467.4000 0.9242624
5468.3000 0.92748284
5469.2000 0.92945766
5470.1000 0.93010187
5471.0000 0.92957824
5471.9000 0.92699397
5472.8000 0.92315519
5473.7000 0.92120838
5474.6000 0.91871083
5475.5000 0.91249609
5476.4000 0.90535015
5477.3000 0.90311676
5478.2000 0.90642172
5479.1000 0.91079348
5480.0000 0.91362494
5480.9000 0.91451061
5481.8000 0.91514456
5482.7000 0.91740036
5483.6000 0.91957247
5484.5000 0.92098075
5485.4000 0.92144531
5486.3000 0.91899186
5487.2000 0.91585749
5488.1000 0.91496509
5489.0000 0.91727525
5489.9000 0.91902268
5490.8000 0.91666162
5491.7000 0.91380262
5492.6000 0.91309834
5493.5000 0.91401148
5494.4000 0.91483653
5495.3000 0.91429591
5496.2000 0.91345084
5497.1000 0.91201007
5498.0000 0.91179776
5498.9000 0.91276705
5499.8000 0.91123062
5500.7000 0.90711331
5501.6000 0.90286809
5502.5000 0.90052176
5503.4000 0.90108776
5504.3000 0.9019503
5505.2000 0.90190095
5506.1000 0.900648
5507.0000 0.90023911
5507.9000 0.9014172
5508.8000 0.90141636
5509.7000 0.90042758
5510.6000 0.90150881
5511.5000 0.90386307
5512.4000 0.9066444
5513.3000 0.90794885
5514.2000 0.90935779
5515.1000 0.90995198
5516.0000 0.90954471
5516.9000 0.91030794
5517.8000 0.91091365
5518.7000 0.91035348
5519.6000 0.90955454
5520.5000 0.90781778
5521.4000 0.9063198
5522.3000 0.90453422
5523.2000 0.90359402
5524.1000 0.90140545
5525.0000 0.89680505
5525.9000 0.8910585
5526.8000 0.8846035
5527.7000 0.87984776
5528.6000 0.88078552
5529.5000 0.88540268
5530.4000 0.89124584
5531.3000 0.89508015
5532.2000 0.89538407
5533.1000 0.89112478
5534.0000 0.88368917
5534.9000 0.88015735
5535.8000 0.88494998
5536.7000 0.89238745
5537.6000 0.89765811
5538.5000 0.89925623
5539.4000 0.89924252
5540.3000 0.89871669
5541.2000 0.89882541
5542.1000 0.89810032
5543.0000 0.89455944
5543.9000 0.89093107
5544.8000 0.89027375
5545.7000 0.89200532
5546.6000 0.89386451
5547.5000 0.89387894
5548.4000 0.8935281
5549.3000 0.89397579
5550.2000 0.89464164
5551.1000 0.8949064
5552.0000 0.89457667
5552.9000 0.89330554
5553.8000 0.89162296
5554.7000 0.89107275
5555.6000 0.89095503
5556.5000 0.89074683
5557.4000 0.89064652
5558.3000 0.89095592
5559.2000 0.89133507
5560.1000 0.89086407
5561.0000 0.88967806
5561.9000 0.88938725
5562.8000 0.89003181
5563.7000 0.88961852
5564.6000 0.88726401
5565.5000 0.88475925
5566.4000 0.8844977
5567.3000 0.88512361
5568.2000 0.88449746
5569.1000 0.88158876
5570.0000 0.87948221
5570.9000 0.87880975
5571.8000 0.87796795
5572.7000 0.87759268
5573.6000 0.8785522
5574.5000 0.87939066
5575.4000 0.87892705
5576.3000 0.87942541
5577.2000 0.88171113
5578.1000 0.88246012
5579.0000 0.8830145
5579.9000 0.88379204
5580.8000 0.8833136
5581.7000 0.88199508
5582.6000 0.88022947
5583.5000 0.87840873
5584.4000 0.87575215
5585.3000 0.87061143
5586.2000 0.86407804
5587.1000 0.85827309
5588.0000 0.85709542
5588.9000 0.86084008
5589.8000 0.86699748
5590.7000 0.87122488
5591.6000 0.87122196
5592.5000 0.86854511
5593.4000 0.86724412
5594.3000 0.86784202
5595.2000 0.86931777
5596.1000 0.86818671
5597.0000 0.86675227
5597.9000 0.86599362
5598.8000 0.86481732
5599.7000 0.86389911
5600.6000 0.86407596
5601.5000 0.8659668
5602.4000 0.86797649
5603.3000 0.86854792
5604.2000 0.8707267
5605.1000 0.87144077
5606.0000 0.8705377
5606.9000 0.86963159
5607.8000 0.86820316
5608.7000 0.86757129
5609.6000 0.8682732
5610.5000 0.86978191
5611.4000 0.86963683
5612.3000 0.86514086
5613.2000 0.86107874
5614.1000 0.85810328
5615.0000 0.85403353
5615.9000 0.85273331
5616.8000 0.85460359
5617.7000 0.85930872
5618.6000 0.86406749
5619.5000 0.86683911
5620.4000 0.86650485
5621.3000 0.86302388
5622.2000 0.85975349
5623.1000 0.85745013
5624.0000 0.85483307
5624.9000 0.85374373
5625.8000 0.85424387
5626.7000 0.85674256
5627.6000 0.85913205
5628.5000 0.86116469
5629.4000 0.86201984
5630.3000 0.8594088
5631.2000 0.85581416
5632.1000 0.85366452
5633.0000 0.85224766
5633.9000 0.85168815
5634.8000 0.85091108
5635.7000 0.85148251
5636.6000 0.85206836
5637.5000 0.85026723
5638.4000 0.84770614
5639.3000 0.84642488
5640.2000 0.8469851
5641.1000 0.84793025
5642.0000 0.8466782
5642.9000 0.84569216
5643.8000 0.84418714
5644.7000 0.84249854
5645.6000 0.84275383
5646.5000 0.8447271
5647.4000 0.84516549
5648.3000 0.84409457
5649.2000 0.84447914
5650.1000 0.84480017
5651.0000 0.8442753
5651.9000 0.84501761
5652.8000 0.84413975
5653.7000 0.84217566
5654.6000 0.84118825
5655.5000 0.83993596
5656.4000 0.83615243
5657.3000 0.83102697
5658.2000 0.82933545
5659.1000 0.8310284
5660.0000 0.8327899
5660.9000 0.83241469
5661.8000 0.82920259
5662.7000 0.82804453
5663.6000 0.83198929
5664.5000 0.83631831
5665.4000 0.83668113
5666.3000 0.83449423
5667.2000 0.8328222
5668.1000 0.83225793
5669.0000 0.83276629
5669.9000 0.8336817
5670.8000 0.83491069
5671.7000 0.83744973
5672.6000 0.84035522
5673.5000 0.8406865
5674.4000 0.83846438
5675.3000 0.83498186
5676.2000 0.83153796
5677.1000 0.8302018
5678.0000 0.83176339
5678.9000 0.83305502
5679.8000 0.83175546
5680.7000 0.83056688
5681.6000 0.82893294
5682.5000 0.82630354
5683.4000 0.8233977
5684.3000 0.82094133
5685.2000 0.81996953
5686.1000 0.81978822
5687.0000 0.81958592
5687.9000 0.81944668
5688.8000 0.82012278
5689.7000 0.82196486
5690.6000 0.82328033
5691.5000 0.82416379
5692.4000 0.82339829
5693.3000 0.82252055
5694.2000 0.82391727
5695.1000 0.82455176
5696.0000 0.82249832
5696.9000 0.82028931
5697.8000 0.81927466
5698.7000 0.81913084
5699.6000 0.81774902
5700.5000 0.81692588
5701.4000 0.81695282
5702.3000 0.81708723
5703.2000 0.81842357
5704.1000 0.81774402
5705.0000 0.81314421
5705.9000 0.80965656
5706.8000 0.80963874
5707.7000 0.81141335
5708.6000 0.81151146
5709.5000 0.81135786
5710.4000 0.81162357
5711.3000 0.81209165
5712.2000 0.81372041
5713.1000 0.81392556
5714.0000 0.81252378
5714.9000 0.8120805
5715.8000 0.81207788
5716.7000 0.81245458
5717.6000 0.811535
5718.5000 0.81048965
5719.4000 0.80991393
5720.3000 0.80948555
5721.2000 0.81016582
5722.1000 0.81100494
5723.0000 0.8116399
5723.9000 0.81118512
5724.8000 0.8070305
5725.7000 0.80405307
5726.6000 0.80442578
5727.5000 0.80552584
5728.4000 0.80578387
5729.3000 0.80517834
5730.2000 0.80681962
5731.1000 0.80857122
5732.0000 0.8076092
5732.9000 0.80629605
5733.8000 0.80443597
5734.7000 0.80390626
5735.6000 0.80470645
5736.5000 0.80406576
5737.4000 0.80213016
5738.3000 0.80119216
5739.2000 0.80270201
5740.1000 0.80329007
5741.0000 0.80113274
5741.9000 0.79915392
5742.8000 0.79857612
5743.7000 0.79947925
5744.6000 0.80060691
5745.5000 0.7997061
5746.4000 0.7971884
5747.3000 0.79476815
5748.2000 0.79520184
5749.1000 0.79754251
5750.0000 0.79844719
5750.9000 0.79751599
5751.8000 0.79557514
5752.7000 0.79376829
5753.6000 0.79162955
5754.5000 0.78990901
5755.4000 0.79026324
5756.3000 0.79080147
5757.2000 0.79148322
5758.1000 0.79263073
5759.0000 0.79320914
5759.9000 0.79317307
5760.8000 0.79143602
5761.7000 0.78959334
5762.6000 0.78974026
5763.5000 0.79111522
5764.4000 0.79282433
5765.3000 0.79330975
5766.2000 0.79230046
5767.1000 0.79066777
5768.0000 0.79006213
5768.9000 0.78966063
5769.8000 0.78917003
5770.7000 0.78849274
5771.6000 0.78700501
5772.5000 0.78570545
5773.4000 0.78612202
5774.3000 0.78749412
5775.2000 0.78843457
5776.1000 0.78784633
5777.0000 0.78536427
5777.9000 0.782731
5778.8000 0.7812345
5779.7000 0.77969867
5780.6000 0.77829808
5781.5000 0.7782957
5782.4000 0.77946544
5783.3000 0.77986109
5784.2000 0.77923346
5785.1000 0.7782976
5786.0000 0.77776682
5786.9000 0.77767015
5787.8000 0.77771729
5788.7000 0.77841848
5789.6000 0.77820992
5790.5000 0.77715343
5791.4000 0.775841
5792.3000 0.77492976
5793.2000 0.77626187
5794.1000 0.77777267
5795.0000 0.77826178
5795.9000 0.77783483
5796.8000 0.77695876
5797.7000 0.77697772
5798.6000 0.77759415
5799.5000 0.77891493
5800.4000 0.78078884
5801.3000 0.78150636
5802.2000 0.78178066
5803.1000 0.78064865
5804.0000 0.77810973
5804.9000 0.77664304
5805.8000 0.778588
5806.7000 0.78122926
5807.6000 0.78038859
5808.5000 0.77730519
5809.4000 0.7754069
5810.3000 0.77561349
5811.2000 0.77753776
5812.1000 0.77706087
5813.0000 0.77568126
5813.9000 0.77580434
5814.8000 0.77556258
5815.7000 0.77455258
5816.6000 0.77338153
5817.5000 0.77351874
5818.4000 0.77446395
5819.3000 0.77326077
5820.2000 0.7717306
5821.1000 0.77128893
5822.0000 0.77171767
5822.9000 0.77103901
5823.8000 0.76934624
5824.7000 0.76909107
5825.6000 0.76849413
5826.5000 0.7680499
5827.4000 0.76960367
5828.3000 0.77027076
5829.2000 0.77032214
5830.1000 0.77138609
5831.0000 0.77295071
5831.9000 0.77484792
5832.8000 0.77740175
5833.7000 0.77983844
5834.6000 0.77839857
5835.5000 0.77516204
5836.4000 0.77430707
5837.3000 0.77251345
5838.2000 0.77023453
5839.1000 0.7687459
5840.0000 0.76766294
5840.9000 0.76637012
5841.8000 0.76404697
5842.7000 0.76314002
5843.6000 0.76438707
5844.5000 0.76631337
5845.4000 0.7680074
5846.3000 0.76777315
5847.2000 0.76721126
5848.1000 0.76666391
5849.0000 0.7665444
5849.9000 0.76597303
5850.8000 0.76329041
5851.7000 0.76119095
5852.6000 0.75962067
5853.5000 0.75758666
5854.4000 0.7576167
5855.3000 0.75966352
5856.2000 0.76063555
5857.1000 0.75869095
5858.0000 0.75665408
5858.9000 0.75787431
5859.8000 0.76042253
5860.7000 0.76213837
5861.6000 0.76289588
5862.5000 0.76332706
5863.4000 0.76383084
5864.3000 0.76265639
5865.2000 0.7604757
5866.1000 0.75913644
5867.0000 0.75926799
5867.9000 0.76077777
5868.8000 0.76139241
5869.7000 0.76070154
5870.6000 0.76017416
5871.5000 0.75983697
5872.4000 0.7598291
5873.3000 0.7596935
5874.2000 0.76021755
5875.1000 0.7602663
5876.0000 0.75913447
5876.9000 0.75804687
5877.8000 0.75767279
5878.7000 0.75647414
5879.6000 0.75370079
5880.5000 0.75164896
5881.4000 0.75153863
5882.3000 0.75183392
5883.2000 0.75234175
5884.1000 0.75217503
5885.0000 0.74874943
5885.9000 0.74108952
5886.8000 0.73239881
5887.7000 0.72569001
5888.6000 0.71825737
5889.5000 0.70993596
5890.4000 0.7096414
5891.3000 0.71807933
5892.2000 0.72561437
5893.1000 0.72824115
5894.0000 0.726789
5894.9000 0.72097111
5895.8000 0.71562243
5896.7000 0.71843636
5897.6000 0.72558695
5898.5000 0.73084491
5899.4000 0.73351967
5900.3000 0.73509705
5901.2000 0.73639321
5902.1000 0.73660809
5903.0000 0.73801619
5903.9000 0.74148238
5904.8000 0.74400681
5905.7000 0.74423081
5906.6000 0.7425465
5907.5000 0.74072403
5908.4000 0.73907983
5909.3000 0.73826969
5910.2000 0.73992723
5911.1000 0.74191296
5912.0000 0.74240738
5912.9000 0.7416212
5913.8000 0.74005193
5914.7000 0.73919123
5915.6000 0.73806566
5916.5000 0.73623359
5917.4000 0.73302853
5918.3000 0.72818428
5919.2000 0.72605747
5920.1000 0.7286728
5921.0000 0.73331058
5921.9000 0.73555642
5922.8000 0.7331444
5923.7000 0.72966522
5924.6000 0.72897846
5925.5000 0.73307157
5926.4000 0.73710245
5927.3000 0.73549533
5928.2000 0.73184907
5929.1000 0.73082173
5930.0000 0.73255503
5930.9000 0.73296118
5931.8000 0.72925609
5932.7000 0.72674888
5933.6000 0.72774172
5934.5000 0.73057312
5935.4000 0.7331273
5936.3000 0.73413783
5937.2000 0.7346856
5938.1000 0.73483372
5939.0000 0.73254877
5939.9000 0.72706854
5940.8000 0.72026885
5941.7000 0.71818149
5942.6000 0.72107965
5943.5000 0.72476465
5944.4000 0.7256009
5945.3000 0.72237933
5946.2000 0.71992642
5947.1000 0.71993077
5948.0000 0.71997607
5948.9000 0.7192322
5949.8000 0.71819687
5950.7000 0.71978152
5951.6000 0.72284156
5952.5000 0.72560698
5953.4000 0.72716498
5954.3000 0.72643936
5955.2000 0.72595793
5956.1000 0.72434008
5957.0000 0.71980375
5957.9000 0.71602756
5958.8000 0.71632415
5959.7000 0.72012889
5960.6000 0.72188163
5961.5000 0.72074986
5962.4000 0.72106314
5963.3000 0.72297698
5964.2000 0.72463095
5965.1000 0.72476721
5966.0000 0.72279835
5966.9000 0.71971703
5967.8000 0.71723527
5968.7000 0.71798146
5969.6000 0.71974319
5970.5000 0.71885604
5971.4000 0.71700585
5972.3000 0.71752793
5973.2000 0.72029197
5974.1000 0.72126496
5975.0000 0.71849889
5975.9000 0.71446949
5976.8000 0.71033967
5977.7000 0.70812154
5978.6000 0.70911384
5979.5000 0.71211225
5980.4000 0.71400702
5981.3000 0.71271008
5982.2000 0.71130097
5983.1000 0.71091413
5984.0000 0.71000981
5984.9000 0.70912021
5985.8000 0.70978308
5986.7000 0.71099019
5987.6000 0.71018803
5988.5000 0.70837963
5989.4000 0.70726019
5990.3000 0.7060582
5991.2000 0.70495343
5992.1000 0.70567214
5993.0000 0.70712423
5993.9000 0.70795625
5994.8000 0.70818239
5995.7000 0.70709348
5996.6000 0.7054618
5997.5000 0.70523047
5998.4000 0.70516884
5999.3000 0.70451117
6000.2000 0.70517111
6001.1000 0.70644987
6002.0000 0.70584995
6002.9000 0.70409942
6003.8000 0.70285571
6004.7000 0.70315546
6005.6000 0.70447075
6006.5000 0.70629191
6007.4000 0.70688838
6008.3000 0.70587522
6009.2000 0.70548087
6010.1000 0.70549053
6011.0000 0.70559919
6011.9000 0.70622814
6012.8000 0.70580798
6013.7000 0.70486522
6014.6000 0.70338076
6015.5000 0.70154816
6016.4000 0.70008731
6017.3000 0.70011503
6018.2000 0.70209533
6019.1000 0.70257771
6020.0000 0.70189691
6020.9000 0.70118397
6021.8000 0.69996613
6022.7000 0.6984486
6023.6000 0.69680172
6024.5000 0.69535238
6025.4000 0.69472414
6026.3000 0.69599205
6027.2000 0.69842136
6028.1000 0.69918144
6029.0000 0.69901395
6029.9000 0.69941348
6030.8000 0.69908416
6031.7000 0.69956052
6032.6000 0.70026958
6033.5000 0.70018691
6034.4000 0.69893444
6035.3000 0.69624776
6036.2000 0.6952498
6037.1000 0.69573444
6038.0000 0.69578058
6038.9000 0.69485497
6039.8000 0.69385678
6040.7000 0.69450575
6041.6000 0.69435978
6042.5000 0.69266367
6043.4000 0.69128734
6044.3000 0.69077253
6045.2000 0.69147849
6046.1000 0.69290322
6047.0000 0.69401652
6047.9000 0.69367009
6048.8000 0.69262064
6049.7000 0.69239295
6050.6000 0.69124925
6051.5000 0.68937051
6052.4000 0.6878013
6053.3000 0.68697703
6054.2000 0.68816781
6055.1000 0.68832183
6056.0000 0.68587285
6056.9000 0.68293166
6057.8000 0.68142927
6058.7000 0.68238336
6059.6000 0.68306458
6060.5000 0.68267781
6061.4000 0.68214083
6062.3000 0.68123132
6063.2000 0.681283
6064.1000 0.68166971
6065.0000 0.68169481
6065.9000 0.68272877
6066.8000 0.68332785
6067.7000 0.68317807
6068.6000 0.68325573
6069.5000 0.68365484
6070.4000 0.68403572
6071.3000 0.68384784
6072.2000 0.68312901
6073.1000 0.68236256
6074.0000 0.68218774
6074.9000 0.68121547
6075.8000 0.67923415
6076.7000 0.67922455
6077.6000 0.68124789
6078.5000 0.68209279
6079.4000 0.68085676
6080.3000 0.67828262
6081.2000 0.67699254
6082.1000 0.67560613
6083.0000 0.67383248
6083.9000 0.67352313
6084.8000 0.67437601
6085.7000 0.67603475
6086.6000 0.67838383
6087.5000 0.68061912
6088.4000 0.68213642
6089.3000 0.68278193
6090.2000 0.68370944
6091.1000 0.68379301
6092.0000 0.68163782
6092.9000 0.67789292
6093.8000 0.6746043
6094.7000 0.67426169
6095.6000 0.67687231
6096.5000 0.67949289
6097.4000 0.68045735
6098.3000 0.67920613
6099.2000 0.67698681
6100.1000 0.67538929
6101.0000 0.67324525
6101.9000 0.67058372
6102.8000 0.6704576
6103.7000 0.67264766
6104.6000 0.6743319
6105.5000 0.67436373
6106.4000 0.67438966
6107.3000 0.67504293
6108.2000 0.67536587
6109.1000 0.67487979
6110.0000 0.67390788
6110.9000 0.67249471
6111.8000 0.67065793
6112.7000 0.67007267
6113.6000 0.67055053
6114.5000 0.67178178
6115.4000 0.6724788
6116.3000 0.67153484
6117.2000 0.67110574
6118.1000 0.67107779
6119.0000 0.67170626
6119.9000 0.67224222
6120.8000 0.67091417
6121.7000 0.66883969
6122.6000 0.66705209
6123.5000 0.66570407
6124.4000 0.6644361
6125.3000 0.66415781
6126.2000 0.66515166
6127.1000 0.66556513
6128.0000 0.66552007
6128.9000 0.66628098
6129.8000 0.66700512
6130.7000 0.66678363
6131.6000 0.6659503
6132.5000 0.66645426
6133.4000 0.66856086
6134.3000 0.66977453
6135.2000 0.66871715
6136.1000 0.66561544
6137.0000 0.6623947
6137.9000 0.66058075
6138.8000 0.66019946
6139.7000 0.65919477
6140.6000 0.65487647
6141.5000 0.65156579
6142.4000 0.65298146
6143.3000 0.65515715
6144.2000 0.6572724
6145.1000 0.65856636
6146.0000 0.65736741
6146.9000 0.65499425
6147.8000 0.65219223
6148.7000 0.65183401
6149.6000 0.65388769
6150.5000 0.65600896
6151.4000 0.65740502
6152.3000 0.65796864
6153.2000 0.65766352
6154.1000 0.65573806
6155.0000 0.65331733
6155.9000 0.65158141
6156.8000 0.65011168
6157.7000 0.64929134
6158.6000 0.64993739
6159.5000 0.65208423
6160.4000 0.6531992
6161.3000 0.6514625
6162.2000 0.65237939
6163.1000 0.6557548
6164.0000 0.65738922
6164.9000 0.65739149
6165.8000 0.65708959
6166.7000 0.65766382
6167.6000 0.65898693
6168.5000 0.6593067
6169.4000 0.6588757
6170.3000 0.65830779
6171.2000 0.65776968
6172.1000 0.65671009
6173.0000 0.65629041
6173.9000 0.65576559
6174.8000 0.65306807
6175.7000 0.65106332
6176.6000 0.65082818
6177.5000 0.65151292
6178.4000 0.652318
6179.3000 0.65183473
6180.2000 0.65124255
6181.1000 0.65124333
6182.0000 0.65075266
6182.9000 0.65049958
6183.8000 0.65000945
6184.7000 0.64953005
6185.6000 0.64920205
6186.5000 0.64803135
6187.4000 0.64724624
6188.3000 0.64696431
6189.2000 0.64641809
6190.1000 0.64513838
6191.0000 0.64359599
6191.9000 0.64332056
6192.8000 0.64326024
6193.7000 0.64262772
6194.6000 0.64190203
6195.5000 0.64224398
6196.4000 0.64423466
6197.3000 0.64459652
6198.2000 0.64341837
6199.1000 0.64314246
6200.0000 0.64433557
6200.9000 0.64592129
6201.8000 0.64643663
6202.7000 0.64576423
6203.6000 0.64362127
6204.5000 0.64094663
6205.4000 0.63893294
6206.3000 0.6375314
6207.2000 0.6374135
6208.1000 0.63873297
6209.0000 0.6392675
6209.9000 0.63795543
6210.8000 0.63739532
6211.7000 0.63882923
6212.6000 0.63966995
6213.5000 0.63889867
6214.4000 0.63778859
6215.3000 0.63709718
6216.2000 0.63706326
6217.1000 0.63633251
6218.0000 0.63537681
6218.9000 0.63624656
6219.8000 0.63767046
6220.7000 0.63775539
6221.6000 0.63713491
6222.5000 0.63733429
6223.4000 0.63788229
6224.3000 0.63699585
6225.2000 0.63472474
6226.1000 0.63254452
6227.0000 0.63279784
6227.9000 0.63463742
6228.8000 0.63540816
6229.7000 0.63445252
6230.6000 0.63269198
6231.5000 0.63252228
6232.4000 0.63379782
6233.3000 0.63385576
6234.2000 0.63281101
6235.1000 0.63129693
6236.0000 0.62959188
6236.9000 0.62734568
6237.8000 0.62623137
6238.7000 0.6276502
6239.6000 0.6290037
6240.5000 0.63054883
6241.4000 0.63348824
6242.3000 0.6353038
6243.2000 0.63322103
6244.1000 0.62843722
6245.0000 0.62499583
6245.9000 0.62324929
6246.8000 0.62200427
6247.7000 0.6236369
6248.6000 0.62678063
6249.5000 0.6301294
6250.4000 0.63327628
6251.3000 0.63458484
6252.2000 0.63491422
6253.1000 0.63483322
6254.0000 0.63491124
6254.9000 0.63466752
6255.8000 0.63397932
6256.7000 0.63462245
6257.6000 0.63540334
6258.5000 0.63521433
6259.4000 0.63444477
6260.3000 0.63268465
6261.2000 0.63068515
6262.1000 0.62941641
6263.0000 0.63019675
6263.9000 0.63190329
6264.8000 0.63146448
6265.7000 0.63075739
6266.6000 0.63096732
6267.5000 0.63105512
6268.4000 0.63065153
6269.3000 0.63003933
6270.2000 0.62996572
6271.1000 0.62981713
6272.0000 0.62944883
6272.9000 0.629924
6273.8000 0.62989861
6274.7000 0.63033384
6275.6000 0.63226575
6276.5000 0.63412982
6277.4000 0.63252181
6278.3000 0.62747812
6279.2000 0.62361705
6280.1000 0.62212634
6281.0000 0.62240201
6281.9000 0.62396383
6282.8000 0.62475574
6283.7000 0.62454182
6284.6000 0.62330568
6285.5000 0.62171018
6286.4000 0.62054843
6287.3000 0.61935633
6288.2000 0.61786199
6289.1000 0.61642861
6290.0000 0.61464512
6290.9000 0.6137625
6291.8000 0.61406124
6292.7000 0.61450928
6293.6000 0.61428297
6294.5000 0.6144141
6295.4000 0.6152131
6296.3000 0.61516076
6297.2000 0.61510283
6298.1000 0.61585021
6299.0000 0.61672306
6299.9000 0.61701936
6300.8000 0.61604899
6301.7000 0.61536235
6302.6000 0.61486769
6303.5000 0.61478978
6304.4000 0.61657745
6305.3000 0.61743981
6306.2000 0.61555576
6307.1000 0.61318386
6308.0000 0.61269099
6308.9000 0.61276484
6309.8000 0.61117053
6310.7000 0.60970837
6311.6000 0.60925257
6312.5000 0.61040753
6313.4000 0.61205059
6314.3000 0.61218965
6315.2000 0.61070698
6316.1000 0.6087262
6317.0000 0.60793144
6317.9000 0.60886574
6318.8000 0.61049318
6319.7000 0.60919285
6320.6000 0.6094867
6321.5000 0.60880274
6322.4000 0.60839677
6323.3000 0.60849828
6324.2000 0.60934275
6325.1000 0.61041588
6326.0000 0.60946149
6326.9000 0.6069507
6327.8000 0.60561162
6328.7000 0.60630155
6329.6000 0.60703695
6330.5000 0.60619003
6331.4000 0.60433102
6332.3000 0.60351288
6333.2000 0.6043452
6334.1000 0.60403293
6335.0000 0.60235679
6335.9000 0.60206413
6336.8000 0.60399467
6337.7000 0.60645092
6338.6000 0.60777771
6339.5000 0.60866553
6340.4000 0.60858428
6341.3000 0.60633051
6342.2000 0.60319692
6343.1000 0.60015982
6344.0000 0.59657055
6344.9000 0.58915722
6345.8000 0.57786077
6346.7000 0.57099783
6347.6000 0.57429177
6348.5000 0.58266717
6349.4000 0.58882821
6350.3000 0.59268922
6351.2000 0.59727418
6352.1000 0.60144895
6353.0000 0.60426253
6353.9000 0.606197
6354.8000 0.6060583
6355.7000 0.60394531
6356.6000 0.60065526
6357.5000 0.59845912
6358.4000 0.5981878
6359.3000 0.59856087
6360.2000 0.59849626
6361.1000 0.59639651
6362.0000 0.59450239
6362.9000 0.59521598
6363.8000 0.59680378
6364.7000 0.59800404
6365.6000 0.59730464
6366.5000 0.5948965
6367.4000 0.59168649
6368.3000 0.5876348
6369.2000 0.58333749
6370.1000 0.57820588
6371.0000 0.57529646
6371.9000 0.57871145
6372.8000 0.58586705
6373.7000 0.59248507
6374.6000 0.59639871
6375.5000 0.59767538
6376.4000 0.59812802
6377.3000 0.59850258
6378.2000 0.59894967
6379.1000 0.59805506
6380.0000 0.59670562
6380.9000 0.59714746
6381.8000 0.59797877
6382.7000 0.59767616
6383.6000 0.59548676
6384.5000 0.59301674
6385.4000 0.59207147
6386.3000 0.59173
6387.2000 0.59187388
6388.1000 0.59162313
6389.0000 0.59089923
6389.9000 0.59069699
6390.8000 0.59011304
6391.7000 0.58977866
6392.6000 0.58922082
6393.5000 0.58851314
6394.4000 0.58882403
6395.3000 0.58903825
6396.2000 0.58998251
6397.1000 0.59177953
6398.0000 0.59254831
6398.9000 0.59155101
6399.8000 0.59013408
6400.7000 0.59039426
6401.6000 0.59097332
6402.5000 0.59036338
6403.4000 0.58994365
6404.3000 0.58945119
6405.2000 0.5884012
6406.1000 0.58654523
6407.0000 0.5844155
6407.9000 0.58365476
6408.8000 0.58434582
6409.7000 0.5851478
6410.6000 0.58488375
6411.5000 0.5844534
6412.4000 0.58419257
6413.3000 0.583413
6414.2000 0.58352542
6415.1000 0.5830484
6416.0000 0.58054012
6416.9000 0.57902658
6417.8000 0.57881624
6418.7000 0.57869923
6419.6000 0.57905835
6420.5000 0.58068609
6421.4000 0.58236283
6422.3000 0.58246356
6423.2000 0.58225518
6424.1000 0.58332533
6425.0000 0.58470243
6425.9000 0.58473265
6426.8000 0.58304101
6427.7000 0.58146363
6428.6000 0.58105242
6429.5000 0.58095539
6430.4000 0.58093154
6431.3000 0.58034313
6432.2000 0.57922399
6433.1000 0.57885611
6434.0000 0.57935894
6434.9000 0.57937944
6435.8000 0.57801729
6436.7000 0.57559997
6437.6000 0.57307696
6438.5000 0.57184774
6439.4000 0.57249558
6440.3000 0.5740748
6441.2000 0.57576567
6442.1000 0.57635522
6443.0000 0.57643229
6443.9000 0.57657129
6444.8000 0.57630289
6445.7000 0.57598853
6446.6000 0.57583272
6447.5000 0.57613492
6448.4000 0.57655722
6449.3000 0.57686692
6450.2000 0.57628143
6451.1000 0.57372612
6452.0000 0.57023299
6452.9000 0.56592417
6453.8000 0.55986577
6454.7000 0.55230469
6455.6000 0.54539037
6456.5000 0.54547131
6457.4000 0.55325717
6458.3000 0.5605126
6459.2000 0.56370366
6460.1000 0.56492501
6461.0000 0.56623125
6461.9000 0.56785029
6462.8000 0.56848669
6463.7000 0.5678789
6464.6000 0.56635028
6465.5000 0.56567281
6466.4000 0.56668091
6467.3000 0.56737429
6468.2000 0.56752926
6469.1000 0.56720799
6470.0000 0.56656694
6470.9000 0.56557196
6471.8000 0.56454623
6472.7000 0.56444311
6473.6000 0.56244785
6474.5000 0.55749607
6475.4000 0.55405259
6476.3000 0.55526483
6477.2000 0.55897945
6478.1000 0.55987072
6479.0000 0.5583694
6479.9000 0.55854577
6480.8000 0.55885625
6481.7000 0.55649596
6482.6000 0.5527792
6483.5000 0.55173373
6484.4000 0.55474383
6485.3000 0.55854052
6486.2000 0.56050342
6487.1000 0.56087935
6488.0000 0.56030923
6488.9000 0.5579415
6489.8000 0.55345547
6490.7000 0.54904753
6491.6000 0.54611903
6492.5000 0.54522836
6493.4000 0.54634345
6494.3000 0.54566753
6495.2000 0.54187286
6496.1000 0.53925306
6497.0000 0.54206872
6497.9000 0.547997
6498.8000 0.55141199
6499.7000 0.55245239
6500.6000 0.55311984
6501.5000 0.55327433
6502.4000 0.55273825
6503.3000 0.55260217
6504.2000 0.55392116
6505.1000 0.5546329
6506.0000 0.55379426
6506.9000 0.5517199
6507.8000 0.54868621
6508.7000 0.5471428
6509.6000 0.54661316
6510.5000 0.54470521
6511.4000 0.54187709
6512.3000 0.54035544
6513.2000 0.5394811
6514.1000 0.53536725
6515.0000 0.52905828
6515.9000 0.52497393
6516.8000 0.52496308
6517.7000 0.52858192
6518.6000 0.5328182
6519.5000 0.53591764
6520.4000 0.53867477
6521.3000 0.53973114
6522.2000 0.53754985
6523.1000 0.53349215
6524.0000 0.53134906
6524.9000 0.53261322
6525.8000 0.5340777
6526.7000 0.53402066
6527.6000 0.53285903
6528.5000 0.53173095
6529.4000 0.53160053
6530.3000 0.53047031
6531.2000 0.52655864
6532.1000 0.52182484
6533.0000 0.51897919
6533.9000 0.51854599
6534.8000 0.51863325
6535.7000 0.51650912
6536.6000 0.51238883
6537.5000 0.50885457
6538.4000 0.50649279
6539.3000 0.50401568
6540.2000 0.50126523
6541.1000 0.49836925
6542.0000 0.49401858
6542.9000 0.48811397
6543.8000 0.48196924
6544.7000 0.47686476
6545.6000 0.47341022
6546.5000 0.47022349
6547.4000 0.46500129
6548.3000 0.45873186
6549.2000 0.45419395
6550.1000 0.44927391
6551.0000 0.44097295
6551.9000 0.43010467
6552.8000 0.42061916
6553.7000 0.41322842
6554.6000 0.40403152
6555.5000 0.3920894
6556.4000 0.37858188
6557.3000 0.36362284
6558.2000 0.34677768
6559.1000 0.32719094
6560.0000 0.3050704
6560.9000 0.27993631
6561.8000 0.25657973
6562.7000 0.25090626
6563.6000 0.26882064
6564.5000 0.29664007
6565.4000 0.32143337
6566.3000 0.34200355
6567.2000 0.36035782
6568.1000 0.37552255
6569.0000 0.38784361
6569.9000 0.39858407
6570.8000 0.40705249
6571.7000 0.41415098
6572.6000 0.42183766
6573.5000 0.43022722
6574.4000 0.43822086
6575.3000 0.44510114
6576.2000 0.45120984
6577.1000 0.45621336
6578.0000 0.46185961
6578.9000 0.46779823
6579.8000 0.47150144
6580.7000 0.4741579
6581.6000 0.47698152
6582.5000 0.48038059
6583.4000 0.48341167
6584.3000 0.48462915
6585.2000 0.48484656
6586.1000 0.48588055
6587.0000 0.48877949
6587.9000 0.49167585
6588.8000 0.49276832
6589.7000 0.4941799
6590.6000 0.49688399
6591.5000 0.49954483
6592.4000 0.5008105
6593.3000 0.50135893
6594.2000 0.50315845
6595.1000 0.50596648
6596.0000 0.50844723
6596.9000 0.51016039
6597.8000 0.50961399
6598.7000 0.50768048
6599.6000 0.50661623
6600.5000 0.50717169
6601.4000 0.50856864
6602.3000 0.50980973
6603.2000 0.51084316
6604.1000 0.5103085
6605.0000 0.50911814
6605.9000 0.50951129
6606.8000 0.51032609
6607.7000 0.51142752
6608.6000 0.51298881
6609.5000 0.51358801
6610.4000 0.51242977
6611.3000 0.51017356
6612.2000 0.50895065
6613.1000 0.50901449
6614.0000 0.50998092
6614.9000 0.51136452
6615.8000 0.51179612
6616.7000 0.5117476
6617.6000 0.51187021
6618.5000 0.51159263
6619.4000 0.51122957
6620.3000 0.51164359
6621.2000 0.51275587
6622.1000 0.51321363
6623.0000 0.51243657
6623.9000 0.51209456
6624.8000 0.51244086
6625.7000 0.51241034
6626.6000 0.5113498
6627.5000 0.51015085
6628.4000 0.51026601
6629.3000 0.51143003
6630.2000 0.51300472
6631.1000 0.51335406
6632.0000 0.51206279
6632.9000 0.51132894
6633.8000 0.51134372
6634.7000 0.51154399
6635.6000 0.51185447
6636.5000 0.51210183
6637.4000 0.51199996
6638.3000 0.5115335
6639.2000 0.510813
6640.1000 0.51027203
6641.0000 0.51039022
6641.9000 0.5105207
6642.8000 0.51006556
6643.7000 0.50966293
6644.6000 0.5096463
6645.5000 0.51003307
6646.4000 0.51062447
6647.3000 0.51080436
6648.2000 0.51004958
6649.1000 0.50915754
6650.0000 0.50940734
6650.9000 0.50965041
6651.8000 0.50943494
6652.7000 0.51009279
6653.6000 0.51036197
6654.5000 0.50974566
6655.4000 0.51001936
6656.3000 0.51136488
6657.2000 0.51184911
6658.1000 0.51078463
6659.0000 0.51007801
6659.9000 0.51000082
6660.8000 0.50956851
6661.7000 0.50941825
6662.6000 0.50941414
6663.5000 0.50981015
6664.4000 0.51042593
6665.3000 0.51042056
6666.2000 0.51009303
6667.1000 0.50947386
6668.0000 0.50858885
6668.9000 0.50816685
6669.8000 0.50905567
6670.7000 0.51045012
6671.6000 0.50974327
6672.5000 0.50760573
6673.4000 0.50692546
6674.3000 0.50789666
6675.2000 0.50814778
6676.1000 0.50614095
6677.0000 0.50384629
6677.9000 0.50371361
6678.8000 0.50513375
6679.7000 0.50574428
6680.6000 0.50485176
6681.5000 0.50507063
6682.4000 0.50584966
6683.3000 0.50445861
6684.2000 0.50317538
6685.1000 0.50424141
6686.0000 0.50576341
6686.9000 0.50587237
6687.8000 0.5047304
6688.7000 0.50314182
6689.6000 0.50109512
6690.5000 0.50049657
6691.4000 0.50227737
6692.3000 0.50442088
6693.2000 0.50529855
6694.1000 0.50438529
6695.0000 0.50311321
6695.9000 0.50262421
6696.8000 0.50208026
6697.7000 0.50138181
6698.6000 0.50053942
6699.5000 0.50016659
6700.4000 0.49986884
6701.3000 0.49867624
6702.2000 0.49774382
6703.1000 0.49803063
6704.0000 0.49943757
6704.9000 0.50073701
6705.8000 0.50056106
6706.7000 0.50029022
6707.6000 0.49985412
6708.5000 0.498548
6709.4000 0.49714139
6710.3000 0.49594402
6711.2000 0.49607
6712.1000 0.4969098
6713.0000 0.49698782
6713.9000 0.49681434
6714.8000 0.49678659
6715.7000 0.49699226
6716.6000 0.49676475
6717.5000 0.49655476
6718.4000 0.49668241
6719.3000 0.49607748
6720.2000 0.49606296
6721.1000 0.49668905
6722.0000 0.49707195
6722.9000 0.49696386
6723.8000 0.49568158
6724.7000 0.49423075
6725.6000 0.49433932
6726.5000 0.49545422
6727.4000 0.49625629
6728.3000 0.49653706
6729.2000 0.49752519
6730.1000 0.49869847
6731.0000 0.49815875
6731.9000 0.49515313
6732.8000 0.49166456
6733.7000 0.49076581
6734.6000 0.491961
6735.5000 0.49302402
6736.4000 0.49323562
6737.3000 0.49197382
6738.2000 0.49031174
6739.1000 0.48970133
6740.0000 0.49068278
6740.9000 0.49208429
6741.8000 0.49192557
6742.7000 0.49082431
6743.6000 0.48989385
6744.5000 0.48979989
6745.4000 0.49026951
6746.3000 0.4892168
6747.2000 0.48663655
6748.1000 0.48409975
6749.0000 0.48294759
6749.9000 0.48427001
6750.8000 0.48715627
6751.7000 0.4892413
6752.6000 0.48985106
6753.5000 0.49010903
6754.4000 0.48987308
6755.3000 0.48853475
6756.2000 0.48730853
6757.1000 0.48749566
6758.0000 0.48856163
6758.9000 0.48954916
6759.8000 0.48975438
6760.7000 0.48913613
6761.6000 0.48869383
6762.5000 0.48940635
6763.4000 0.49089184
6764.3000 0.4917219
6765.2000 0.49168667
6766.1000 0.49134538
6767.0000 0.49049512
6767.9000 0.48914143
6768.8000 0.48873562
6769.7000 0.48950863
6770.6000 0.48924625
6771.5000 0.48769403
6772.4000 0.48672226
6773.3000 0.48717511
6774.2000 0.48836264
6775.1000 0.48821861
6776.0000 0.48650524
6776.9000 0.48450238
6777.8000 0.48328704
6778.7000 0.4832795
6779.6000 0.48398876
6780.5000 0.48471916
6781.4000 0.4842619
6782.3000 0.48233423
6783.2000 0.48119372
6784.1000 0.48162246
6785.0000 0.48304379
6785.9000 0.48395553
6786.8000 0.48395565
6787.7000 0.48407191
6788.6000 0.484424
6789.5000 0.4849306
6790.4000 0.48535272
6791.3000 0.48516634
6792.2000 0.48468992
6793.1000 0.48314455
6794.0000 0.48156559
6794.9000 0.48125157
6795.8000 0.48172709
6796.7000 0.48283449
6797.6000 0.48312077
6798.5000 0.48303288
6799.4000 0.48329911
6800.3000 0.4825176
6801.2000 0.48145503
6802.1000 0.48056871
6803.0000 0.47989419
6803.9000 0.47957897
6804.8000 0.4789314
6805.7000 0.47837335
6806.6000 0.4778527
6807.5000 0.47825357
6808.4000 0.47995377
6809.3000 0.48147547
6810.2000 0.48214537
6811.1000 0.48066679
6812.0000 0.47781649
6812.9000 0.47739121
6813.8000 0.47903168
6814.7000 0.48018256
6815.6000 0.47998539
6816.5000 0.47947165
6817.4000 0.47915885
6818.3000 0.47814217
6819.2000 0.47690466
6820.1000 0.47638169
6821.0000 0.47613317
6821.9000 0.4749068
6822.8000 0.47372225
6823.7000 0.47529641
6824.6000 0.47777304
6825.5000 0.47867432
6826.4000 0.47792178
6827.3000 0.47602451
6828.2000 0.47440672
6829.1000 0.47346938
6830.0000 0.47353464
6830.9000 0.47424668
6831.8000 0.47478336
6832.7000 0.47580773
6833.6000 0.47609323
6834.5000 0.47539005
6835.4000 0.47583857
6836.3000 0.47616366
6837.2000 0.47533673
6838.1000 0.47505751
6839.0000 0.47581965
6839.9000 0.47569737
6840.8000 0.47380728
6841.7000 0.47232789
6842.6000 0.47223473
6843.5000 0.47254422
6844.4000 0.47240442
6845.3000 0.47174311
6846.2000 0.47144875
6847.1000 0.47069103
6848.0000 0.47007778
6848.9000 0.4704724
6849.8000 0.4701615
6850.7000 0.46984717
6851.6000 0.47035262
6852.5000 0.4695299
6853.4000 0.4687072
6854.3000 0.46756089
6855.2000 0.46520752
6856.1000 0.46434718
6857.0000 0.46573102
6857.9000 0.4671171
6858.8000 0.4676224
6859.7000 0.46716243
6860.6000 0.46649444
6861.5000 0.46723187
6862.4000 0.46808368
6863.3000 0.46754065
6864.2000 0.46637309
6865.1000 0.46463376
6866.0000 0.46307489
6866.9000 0.46511573
6867.8000 0.47018695
6868.7000 0.47112426
6869.6000 0.46682584
6870.5000 0.46400025
6871.4000 0.46391883
6872.3000 0.46466371
6873.2000 0.46514142
6874.1000 0.46578828
6875.0000 0.46631986
6875.9000 0.46562293
6876.8000 0.46454677
6877.7000 0.46416408
6878.6000 0.46530923
6879.5000 0.46680832
6880.4000 0.46590453
6881.3000 0.46405292
6882.2000 0.46303305
6883.1000 0.46218172
6884.0000 0.46045378
6884.9000 0.45910498
6885.8000 0.46113244
6886.7000 0.46322399
6887.6000 0.46186188
6888.5000 0.46311462
6889.4000 0.46636003
6890.3000 0.46464744
6891.2000 0.46183953
6892.1000 0.4640002
6893.0000 0.46656063
6893.9000 0.46335915
6894.8000 0.46014777
6895.7000 0.46336764
6896.6000 0.46710348
6897.5000 0.46480519
6898.4000 0.46190292
6899.3000 0.46344844
6900.2000 0.46752986
6901.1000 0.46757728
6902.0000 0.46337932
6902.9000 0.46138653
6903.8000 0.46433774
6904.7000 0.46826303
6905.6000 0.46609402
6906.5000 0.46132702
6907.4000 0.46023515
6908.3000 0.46346784
6909.2000 0.46597502
6910.1000 0.46284479
6911.0000 0.45813385
6911.9000 0.45717591
6912.8000 0.4597418
6913.7000 0.46172678
6914.6000 0.45982799
6915.5000 0.45688799
6916.4000 0.4561809
6917.3000 0.45855811
6918.2000 0.46226394
6919.1000 0.46231124
6920.0000 0.45848486
6920.9000 0.45498314
6921.8000 0.45350835
6922.7000 0.45597076
6923.6000 0.46037984
6924.5000 0.46184081
6925.4000 0.46043432
6926.3000 0.4582417
6927.2000 0.45606813
6928.1000 0.45481038
6929.0000 0.45511299
6929.9000 0.45571864
6930.8000 0.45451578
6931.7000 0.45252839
6932.6000 0.45100769
6933.5000 0.45139825
6934.4000 0.45364013
6935.3000 0.45454982
6936.2000 0.45309442
6937.1000 0.45068887
6938.0000 0.44899639
6938.9000 0.44766054
6939.8000 0.44656023
6940.7000 0.44701418
6941.6000 0.44793421
6942.5000 0.44903028
6943.4000 0.45086798
6944.3000 0.45233604
6945.2000 0.45240638
6946.1000 0.45051867
6947.0000 0.44748595
6947.9000 0.44557396
6948.8000 0.44571725
6949.7000 0.44788212
6950.6000 0.44999278
6951.5000 0.45100632
6952.4000 0.4521842
6953.3000 0.45391443
6954.2000 0.45412549
6955.1000 0.45176259
6956.0000 0.44940123
6956.9000 0.4493511
6957.8000 0.4497478
6958.7000 0.44908223
6959.6000 0.44775045
6960.5000 0.44754982
6961.4000 0.44986746
6962.3000 0.45232785
6963.2000 0.45307863
6964.1000 0.45327881
6965.0000 0.45381609
6965.9000 0.45418984
6966.8000 0.45399082
6967.7000 0.45411363
6968.6000 0.4552134
6969.5000 0.45544741
6970.4000 0.45314962
6971.3000 0.45038596
6972.2000 0.45040944
6973.1000 0.45286077
6974.0000 0.4549329
6974.9000 0.45470804
6975.8000 0.45266271
6976.7000 0.45165932
6977.6000 0.45260301
6978.5000 0.45315406
6979.4000 0.45170042
6980.3000 0.44985574
6981.2000 0.4500165
6982.1000 0.4515714
6983.0000 0.45226789
6983.9000 0.45173588
6984.8000 0.45020053
6985.7000 0.44796333
6986.6000 0.44662869
6987.5000 0.44784623
6988.4000 0.44944733
6989.3000 0.44962746
6990.2000 0.44983912
6991.1000 0.44955769
6992.0000 0.44779184
6992.9000 0.44632617
6993.8000 0.44754162
6994.7000 0.45044613
6995.6000 0.45110497
6996.5000 0.44768754
6997.4000 0.44244322
6998.3000 0.43936741
6999.2000 0.44036126
7000.1000 0.44212186
7001.0000 0.44267654
7001.9000 0.44230655
7002.8000 0.44066566
7003.7000 0.43830013
7004.6000 0.4363586
7005.5000 0.43645832
7006.4000 0.43824828
7007.3000 0.43995911
7008.2000 0.44084516
7009.1000 0.44003227
7010.0000 0.43844861
7010.9000 0.43881601
7011.8000 0.44140154
7012.7000 0.44389111
7013.6000 0.4439334
7014.5000 0.44170883
7015.4000 0.43899214
7016.3000 0.43790042
7017.2000 0.43975317
7018.1000 0.44233003
7019.0000 0.44417799
7019.9000 0.4456135
7020.8000 0.44665909
7021.7000 0.44681406
7022.6000 0.44577044
7023.5000 0.44501743
7024.4000 0.44475722
7025.3000 0.44284487
7026.2000 0.43953314
7027.1000 0.43696865
7028.0000 0.43773776
7028.9000 0.44058481
7029.8000 0.44238991
7030.7000 0.44286531
7031.6000 0.44238433
7032.5000 0.44113237
7033.4000 0.44027022
7034.3000 0.43937513
7035.2000 0.43845597
7036.1000 0.43645975
7037.0000 0.43307278
7037.9000 0.43044803
7038.8000 0.42970628
7039.7000 0.43086135
7040.6000 0.43217161
7041.5000 0.43398947
7042.4000 0.43775445
7043.3000 0.44023728
7044.2000 0.44046172
7045.1000 0.44007948
7046.0000 0.44031069
7046.9000 0.44131419
7047.8000 0.44200161
7048.7000 0.44154513
7049.6000 0.43971002
7050.5000 0.43817678
7051.4000 0.43774953
7052.3000 0.43772504
7053.2000 0.43838367
7054.1000 0.43830439
7055.0000 0.43666941
7055.9000 0.43452534
7056.8000 0.4332892
7057.7000 0.43380755
7058.6000 0.43449357
7059.5000 0.43420255
7060.4000 0.43376109
7061.3000 0.43298605
7062.2000 0.4322328
7063.1000 0.43194574
7064.0000 0.43277648
7064.9000 0.43426862
7065.8000 0.43341079
7066.7000 0.43037879
7067.6000 0.42841581
7068.5000 0.42807165
7069.4000 0.42843348
7070.3000 0.42762414
7071.2000 0.42743632
7072.1000 0.42836821
7073.0000 0.42882574
7073.9000 0.42900318
7074.8000 0.42954624
7075.7000 0.42977291
7076.6000 0.42925286
7077.5000 0.4280754
7078.4000 0.42689422
7079.3000 0.42650396
7080.2000 0.4274343
7081.1000 0.42900211
7082.0000 0.43042836
7082.9000 0.43108076
7083.8000 0.43019527
7084.7000 0.42862374
7085.6000 0.42763069
7086.5000 0.42669666
7087.4000 0.42573488
7088.3000 0.42530093
7089.2000 0.42532596
7090.1000 0.42559958
7091.0000 0.42628452
7091.9000 0.4261339
7092.8000 0.42399874
7093.7000 0.42141399
7094.6000 0.42057896
7095.5000 0.42085528
7096.4000 0.42034519
7097.3000 0.41909903
7098.2000 0.41839775
7099.1000 0.41813466
7100.0000 0.41870752
7100.9000 0.41959149
7101.8000 0.42018902
7102.7000 0.42138624
7103.6000 0.42285269
7104.5000 0.42332858
7105.4000 0.42248818
7106.3000 0.42150354
7107.2000 0.42149541
7108.1000 0.42146972
7109.0000 0.42062047
7109.9000 0.41856435
7110.8000 0.4163076
7111.7000 0.41540435
7112.6000 0.41580638
7113.5000 0.41615888
7114.4000 0.41527793
7115.3000 0.41441494
7116.2000 0.41488951
7117.1000 0.41515541
7118.0000 0.41514847
7118.9000 0.41605315
7119.8000 0.41790575
7120.7000 0.41964769
7121.6000 0.41956455
7122.5000 0.41863257
7123.4000 0.41845945
7124.3000 0.41890627
7125.2000 0.41928881
7126.1000 0.41854003
7127.0000 0.42170709
7127.9000 0.4226748
7128.8000 0.42375401
7129.7000 0.42489448
7130.6000 0.4252083
7131.5000 0.42621699
7132.4000 0.42720425
7133.3000 0.42656517
7134.2000 0.42559651
7135.1000 0.42527255
7136.0000 0.42562994
7136.9000 0.42689556
7137.8000 0.4282276
7138.7000 0.42956355
7139.6000 0.42977008
7140.5000 0.42851749
7141.4000 0.42753202
7142.3000 0.42747882
7143.2000 0.42782608
7144.1000 0.42882502
7145.0000 0.43011159
7145.9000 0.430439
7146.8000 0.42881352
7147.7000 0.42759857
7148.6000 0.42729238
7149.5000 0.42739916
7150.4000 0.42817226
7151.3000 0.4282524
7152.2000 0.42898828
7153.1000 0.43110627
7154.0000 0.43217811
7154.9000 0.43193907
7155.8000 0.43166578
7156.7000 0.43158019
7157.6000 0.42986608
7158.5000 0.42820191
7159.4000 0.42720965
7160.3000 0.42538226
7161.2000 0.42450812
7162.1000 0.42520869
7163.0000 0.42611787
7163.9000 0.42613745
7164.8000 0.42396787
7165.7000 0.4205851
7166.6000 0.41826081
7167.5000 0.41779357
7168.4000 0.41802013
7169.3000 0.41754624
7170.2000 0.41734463
7171.1000 0.41671619
7172.0000 0.41599417
7172.9000 0.41643459
7173.8000 0.41624027
7174.7000 0.4150933
7175.6000 0.41483533
7176.5000 0.41608641
7177.4000 0.41822407
7178.3000 0.4179424
7179.2000 0.41562697
7180.1000 0.41449425
7181.0000 0.41516688
7181.9000 0.4144862
7182.8000 0.41285929
7183.7000 0.4159264
7184.6000 0.41927508
7185.5000 0.41896743
7186.4000 0.41938743
7187.3000 0.41928241
7188.2000 0.41594842
7189.1000 0.41281602
7190.0000 0.41240263
7190.9000 0.41419119
7191.8000 0.4132635
7192.7000 0.41037837
7193.6000 0.4109844
7194.5000 0.41341683
7195.4000 0.41419676
7196.3000 0.41275018
7197.2000 0.41184586
7198.1000 0.41197279
7199.0000 0.41289872
7199.9000 0.41729537
7200.8000 0.42295411
7201.7000 0.42209676
7202.6000 0.41773003
7203.5000 0.41793025
7204.4000 0.42011723
7205.3000 0.42170328
7206.2000 0.42454839
7207.1000 0.42495134
7208.0000 0.42208135
7208.9000 0.4193866
7209.8000 0.41710487
7210.7000 0.41670245
7211.6000 0.41806582
7212.5000 0.41792259
7213.4000 0.41595554
7214.3000 0.41505075
7215.2000 0.41657731
7216.1000 0.41686141
7217.0000 0.4144977
7217.9000 0.4133935
7218.8000 0.41489899
7219.7000 0.41672277
7220.6000 0.41677049
7221.5000 0.41575715
7222.4000 0.41572618
7223.3000 0.41654781
7224.2000 0.41691467
7225.1000 0.41626036
7226.0000 0.41545767
7226.9000 0.41489539
7227.8000 0.41305611
7228.7000 0.41147041
7229.6000 0.41156217
7230.5000 0.41155401
7231.4000 0.41090196
7232.3000 0.41056898
7233.2000 0.410303
7234.1000 0.41044566
7235.0000 0.40984222
7235.9000 0.40806651
7236.8000 0.40585095
7237.7000 0.40261716
7238.6000 0.39846513
7239.5000 0.39738545
7240.4000 0.40126896
7241.3000 0.4034358
7242.2000 0.4032962
7243.1000 0.40413788
7244.0000 0.40342537
7244.9000 0.40075323
7245.8000 0.39914176
7246.7000 0.39941457
7247.6000 0.40076482
7248.5000 0.40218046
7249.4000 0.40284136
7250.3000 0.40198991
7251.2000 0.40194121
7252.1000 0.40515989
7253.0000 0.40975419
7253.9000 0.41181794
7254.8000 0.41089311
7255.7000 0.40926102
7256.6000 0.40896335
7257.5000 0.41009727
7258.4000 0.41148403
7259.3000 0.41200179
7260.2000 0.41153815
7261.1000 0.41029844
7262.0000 0.40922996
7262.9000 0.40875137
7263.8000 0.40938005
7264.7000 0.41207775
7265.6000 0.4126015
7266.5000 0.40960133
7267.4000 0.40681013
7268.3000 0.40504196
7269.2000 0.40387753
7270.1000 0.40398404
7271.0000 0.40522298
7271.9000 0.40789959
7272.8000 0.4091107
7273.7000 0.40651095
7274.6000 0.40286025
7275.5000 0.39996895
7276.4000 0.39933124
7277.3000 0.40089634
7278.2000 0.40321591
7279.1000 0.4068692
7280.0000 0.41152978
7280.9000 0.41326004
7281.8000 0.4107343
7282.7000 0.40681049
7283.6000 0.40374961
7284.5000 0.40128812
7285.4000 0.39966837
7286.3000 0.39929172
7287.2000 0.3995423
7288.1000 0.39908269
7289.0000 0.39836812
7289.9000 0.39891681
7290.8000 0.39954689
7291.7000 0.39890122
7292.6000 0.3973943
7293.5000 0.39709756
7294.4000 0.39860031
7295.3000 0.39936754
7296.2000 0.39859524
7297.1000 0.39832062
7298.0000 0.39968875
7298.9000 0.40160087
7299.8000 0.40225005
7300.7000 0.40167254
7301.6000 0.40103775
7302.5000 0.40118092
7303.4000 0.40192673
7304.3000 0.40192804
7305.2000 0.40185851
7306.1000 0.40211526
7307.0000 0.40120894
7307.9000 0.39828819
7308.8000 0.39563596
7309.7000 0.39523184
7310.6000 0.39533097
7311.5000 0.39576256
7312.4000 0.39706704
7313.3000 0.39767709
7314.2000 0.3970471
7315.1000 0.39588726
7316.0000 0.39485526
7316.9000 0.39436272
7317.8000 0.39356583
7318.7000 0.39267316
7319.6000 0.39192134
7320.5000 0.39168078
7321.4000 0.39148799
7322.3000 0.39019242
7323.2000 0.3895463
7324.1000 0.39106095
7325.0000 0.39347884
7325.9000 0.39408192
7326.8000 0.39331084
7327.7000 0.39343652
7328.6000 0.39432263
7329.5000 0.3943195
7330.4000 0.39321169
7331.3000 0.39281806
7332.2000 0.39425567
7333.1000 0.39535525
7334.0000 0.39369854
7334.9000 0.3923189
7335.8000 0.39351305
7336.7000 0.39476687
7337.6000 0.39372146
7338.5000 0.39209279
7339.4000 0.39232913
7340.3000 0.39394012
7341.2000 0.39506504
7342.1000 0.3952139
7343.0000 0.39521334
7343.9000 0.39614305
7344.8000 0.3962045
7345.7000 0.39402354
7346.6000 0.39181063
7347.5000 0.39184484
7348.4000 0.39338529
7349.3000 0.39421263
7350.2000 0.39346236
7351.1000 0.39175126
7352.0000 0.39110398
7352.9000 0.3917146
7353.8000 0.39269304
7354.7000 0.39275154
7355.6000 0.39147824
7356.5000 0.38970295
7357.4000 0.3878538
7358.3000 0.38672477
7359.2000 0.38783216
7360.1000 0.39009482
7361.0000 0.39132598
7361.9000 0.39000276
7362.8000 0.38674581
7363.7000 0.38407406
7364.6000 0.38282731
7365.5000 0.38187316
7366.4000 0.38024735
7367.3000 0.37870339
7368.2000 0.37913439
7369.1000 0.37956992
7370.0000 0.37887999
7370.9000 0.37841365
7371.8000 0.37796652
7372.7000 0.37723371
7373.6000 0.37754673
7374.5000 0.37884209
7375.4000 0.37885481
7376.3000 0.37861279
7377.2000 0.37877515
7378.1000 0.37885135
7379.0000 0.3780151
7379.9000 0.37675169
7380.8000 0.37500498
7381.7000 0.37310731
7382.6000 0.37167346
7383.5000 0.37156931
7384.4000 0.37344536
7385.3000 0.37523574
7386.2000 0.37539652
7387.1000 0.37387007
7388.0000 0.37120384
7388.9000 0.36855856
7389.8000 0.36665404
7390.7000 0.36625051
7391.6000 0.36731032
7392.5000 0.36919889
7393.4000 0.37127632
7394.3000 0.37169343
7395.2000 0.37023431
7396.1000 0.36851439
7397.0000 0.3679134
7397.9000 0.36836424
7398.8000 0.36900809
7399.7000 0.36968392
7400.6000 0.37059996
7401.5000 0.37184674
7402.4000 0.37253255
7403.3000 0.37206423
7404.2000 0.37166274
7405.1000 0.37167948
7406.0000 0.37165967
7406.9000 0.37116033
7407.8000 0.36983842
7408.7000 0.36882868
7409.6000 0.3686271
7410.5000 0.36823523
7411.4000 0.35846955
7412.3000 0.27257514
7413.2000 0.09576625
7414.1000 0.0099093
7415.0000 0.00024066
7415.9000 0.00000125
7416.8000 0
7417.7000 0
7418.6000 0
7419.5000 0
7420.4000 0
7421.3000 0
7422.2000 0
7423.1000 0
7424.0000 0
7424.9000 0
7425.8000 0
7426.7000 0
7427.6000 0
7428.5000 0
7429.4000 0
