3500.0000 0
3500.9000 0
3501.8000 0
3502.7000 0
3503.6000 0
3504.5000 0
3505.4000 0
3506.3000 0
3507.2000 0
3508.1000 0
3509.0000 0
3509.9000 0
3510.8000 0
3511.7000 0
3512.6000 0
3513.5000 0
3514.4000 0
3515.3000 0
3516.2000 0
3517.1000 0
3518.0000 0
3518.9000 0
3519.8000 0
3520.7000 0
3521.6000 0
3522.5000 0
3523.4000 0
3524.3000 0
3525.2000 0
3526.1000 0
3527.0000 0
3527.9000 0
3528.8000 0
3529.7000 0
3530.6000 0
3531.5000 0
3532.4000 0
3533.3000 0
3534.2000 0.00000001
3535.1000 0.01948471
3536.0000 0.6022436
3536.9000 0.62699455
3537.8000 0.64201093
3538.7000 0.6636048
3539.6000 0.66632086
3540.5000 0.64506435
3541.4000 0.63407618
3542.3000 0.64630711
3543.2000 0.65937495
3544.1000 0.6579684
3545.0000 0.65947962
3545.9000 0.67937678
3546.8000 0.68662822
3547.7000 0.67656553
3548.6000 0.67158425
3549.5000 0.67968524
3550.4000 0.6877808
3551.3000 0.68343633
3552.2000 0.66771865
3553.1000 0.65405506
3554.0000 0.64779848
3554.9000 0.66225588
3555.8000 0.6744712
3556.7000 0.67783087
3557.6000 0.68622911
3558.5000 0.6916346
3559.4000 0.6845687
3560.3000 0.66873819
3561.2000 0.67521048
3562.1000 0.70279109
3563.0000 0.72178835
3563.9000 0.70213085
3564.8000 0.64114875
3565.7000 0.59993374
3566.6000 0.61857647
3567.5000 0.64396858
3568.4000 0.6265614
3569.3000 0.5925408
3570.2000 0.59087998
3571.1000 0.58757102
3572.0000 0.59547836
3572.9000 0.59397155
3573.8000 0.5947057
3574.7000 0.60557419
3575.6000 0.6112566
3576.5000 0.61375129
3577.4000 0.62346607
3578.3000 0.64468545
3579.2000 0.67361879
3580.1000 0.66696376
3581.0000 0.62677366
3581.9000 0.62734735
3582.8000 0.65650082
3583.7000 0.63089859
3584.6000 0.54011917
3585.5000 0.49034029
3586.4000 0.50456893
3587.3000 0.53095013
3588.2000 0.55575156
3589.1000 0.59320819
3590.0000 0.65045786
3590.9000 0.69236594
3591.8000 0.68537921
3592.7000 0.65102607
3593.6000 0.63417542
3594.5000 0.64803928
3595.4000 0.6695742
3596.3000 0.68932736
3597.2000 0.69800818
3598.1000 0.70379156
3599.0000 0.69350362
3599.9000 0.67256129
3600.8000 0.64680427
3601.7000 0.6105811
3602.6000 0.58115482
3603.5000 0.57541031
3604.4000 0.58502895
3605.3000 0.58748662
3606.2000 0.60488194
3607.1000 0.6301887
3608.0000 0.60389233
3608.9000 0.56539822
3609.8000 0.55107516
3610.7000 0.56139922
3611.6000 0.57788128
3612.5000 0.56874895
3613.4000 0.57790971
3614.3000 0.62152356
3615.2000 0.65788722
3616.1000 0.67056429
3617.0000 0.64460081
3617.9000 0.58282834
3618.8000 0.55549669
3619.7000 0.58770394
3620.6000 0.6067518
3621.5000 0.61344826
3622.4000 0.63356632
3623.3000 0.64217281
3624.2000 0.63786232
3625.1000 0.67509526
3626.0000 0.72294104
3626.9000 0.7244364
3627.8000 0.72205973
3628.7000 0.71843427
3629.6000 0.67322946
3630.5000 0.59678143
3631.4000 0.54433715
3632.3000 0.54946011
3633.2000 0.5778057
3634.1000 0.59074032
3635.0000 0.60658902
3635.9000 0.62824285
3636.8000 0.64053661
3637.7000 0.65480566
3638.6000 0.67699635
3639.5000 0.67848408
3640.4000 0.66088474
3641.3000 0.65885097
3642.2000 0.66123027
3643.1000 0.64545792
3644.0000 0.62549412
3644.9000 0.62215412
3645.8000 0.63458085
3646.7000 0.64048719
3647.6000 0.63119727
3648.5000 0.6173237
3649.4000 0.60523993
3650.3000 0.61111391
3651.2000 0.64587778
3652.1000 0.69048405
3653.0000 0.7079249
3653.9000 0.701859
3654.8000 0.68719739
3655.7000 0.67589992
3656.6000 0.68996543
3657.5000 0.70546329
3658.4000 0.69686311
3659.3000 0.6875838
3660.2000 0.70547241
3661.1000 0.70462859
3662.0000 0.68841201
3662.9000 0.68284255
3663.8000 0.66729122
3664.7000 0.67737639
3665.6000 0.70239621
3666.5000 0.69987261
3667.4000 0.68659604
3668.3000 0.6594255
3669.2000 0.62592369
3670.1000 0.62913632
3671.0000 0.67464304
3671.9000 0.7108584
3672.8000 0.71218944
3673.7000 0.68123126
3674.6000 0.6876303
3675.5000 0.69802099
3676.4000 0.6526739
3677.3000 0.6110158
3678.2000 0.62343168
3679.1000 0.63966697
3680.0000 0.65300339
3680.9000 0.6667251
3681.8000 0.67030185
3682.7000 0.66810209
3683.6000 0.66274124
3684.5000 0.63694566
3685.4000 0.61628872
3686.3000 0.61087358
3687.2000 0.61918348
3688.1000 0.65405786
3689.0000 0.68100601
3689.9000 0.68400973
3690.8000 0.68623316
3691.7000 0.70001692
3692.6000 0.71223378
3693.5000 0.69757736
3694.4000 0.68891376
3695.3000 0.68678731
3696.2000 0.666161
3697.1000 0.64176601
3698.0000 0.66890812
3698.9000 0.73157865
3699.8000 0.76644802
3700.7000 0.75909781
3701.6000 0.7270816
3702.5000 0.6725046
3703.4000 0.60951275
3704.3000 0.57750571
3705.2000 0.58568376
3706.1000 0.61805272
3707.0000 0.66544908
3707.9000 0.69245976
3708.8000 0.67776221
3709.7000 0.64588076
3710.6000 0.60444587
3711.5000 0.56700021
3712.4000 0.59162945
3713.3000 0.67553729
3714.2000 0.73786491
3715.1000 0.75595027
3716.0000 0.78916347
3716.9000 0.85137326
3717.8000 0.86078799
3718.7000 0.79485488
3719.6000 0.69595075
3720.5000 0.59111148
3721.4000 0.51311612
3722.3000 0.51694149
3723.2000 0.59954494
3724.1000 0.7038039
3725.0000 0.80067348
3725.9000 0.83067578
3726.8000 0.770455
3727.7000 0.75368822
3728.6000 0.82540715
3729.5000 0.85218751
3730.4000 0.79739243
3731.3000 0.72665793
3732.2000 0.63670748
3733.1000 0.53566682
3734.0000 0.46954775
3734.9000 0.49117818
3735.8000 0.55816603
3736.7000 0.62974352
3737.6000 0.72065854
3738.5000 0.79874444
3739.4000 0.85779554
3740.3000 0.90129888
3741.2000 0.91345906
3742.1000 0.90045154
3743.0000 0.84705359
3743.9000 0.82512641
3744.8000 0.78933281
3745.7000 0.72783744
3746.6000 0.69033736
3747.5000 0.61898053
3748.4000 0.51637721
3749.3000 0.4463799
3750.2000 0.46480295
3751.1000 0.55681664
3752.0000 0.67750394
3752.9000 0.76637268
3753.8000 0.83778369
3754.7000 0.91888595
3755.6000 0.98273474
3756.5000 0.95154381
3757.4000 0.86057532
3758.3000 0.80871546
3759.2000 0.82164496
3760.1000 0.85271686
3761.0000 0.8751623
3761.9000 0.9083941
3762.8000 0.92652684
3763.7000 0.91798723
3764.6000 0.91912615
3765.5000 0.88730949
3766.4000 0.81020421
3767.3000 0.73332161
3768.2000 0.67429656
3769.1000 0.59445781
3770.0000 0.51466703
3770.9000 0.51326442
3771.8000 0.60844713
3772.7000 0.71475875
3773.6000 0.76261395
3774.5000 0.79046732
3775.4000 0.83491302
3776.3000 0.90208244
3777.2000 0.97748649
3778.1000 1.03228688
3779.0000 1.08045769
3779.9000 1.13474917
3780.8000 1.16547978
3781.7000 1.15525341
3782.6000 1.13377666
3783.5000 1.15780163
3784.4000 1.18319035
3785.3000 1.10953319
3786.2000 0.99493176
3787.1000 0.94777012
3788.0000 0.94550794
3788.9000 0.93430144
3789.8000 0.93243724
3790.7000 0.93885291
3791.6000 0.93253946
3792.5000 0.88809848
3793.4000 0.81579798
3794.3000 0.74108946
3795.2000 0.6913929
3796.1000 0.6256305
3797.0000 0.52877665
3797.9000 0.47494707
3798.8000 0.52750611
3799.7000 0.6481806
3800.6000 0.74986207
3801.5000 0.82953495
3802.4000 0.9363156
3803.3000 1.02081728
3804.2000 1.04948306
3805.1000 1.03927207
3806.0000 1.01273513
3806.9000 1.00612509
3807.8000 1.06415617
3808.7000 1.15263712
3809.6000 1.23019552
3810.5000 1.28271079
3811.4000 1.2786845
3812.3000 1.18014383
3813.2000 1.05230486
3814.1000 1.00667596
3815.0000 1.02275085
3815.9000 1.0728358
3816.8000 1.16743648
3817.7000 1.23152745
3818.6000 1.21611619
3819.5000 1.14386451
3820.4000 1.09268701
3821.3000 1.14345944
3822.2000 1.22000456
3823.1000 1.18464029
3824.0000 1.05355299
3824.9000 0.97563189
3825.8000 0.96584374
3826.7000 0.95531666
3827.6000 0.94361848
3828.5000 0.92597747
3829.4000 0.90426397
3830.3000 0.87473959
3831.2000 0.80191952
3832.1000 0.7093839
3833.0000 0.62859493
3833.9000 0.54466146
3834.8000 0.47525242
3835.7000 0.48138925
3836.6000 0.55575311
3837.5000 0.63708615
3838.4000 0.69899386
3839.3000 0.74690938
3840.2000 0.79235834
3841.1000 0.86586207
3842.0000 0.95748681
3842.9000 1.02785623
3843.8000 1.06853712
3844.7000 1.07399356
3845.6000 1.06870139
3846.5000 1.1039983
3847.4000 1.17686486
3848.3000 1.19218528
3849.2000 1.13045788
3850.1000 1.12472713
3851.0000 1.2149893
3851.9000 1.29307806
3852.8000 1.30497599
3853.7000 1.30853891
3854.6000 1.29377449
3855.5000 1.25026834
3856.4000 1.26789153
3857.3000 1.31905007
3858.2000 1.30137587
3859.1000 1.2574749
3860.0000 1.29138696
3860.9000 1.37829018
3861.8000 1.41188002
3862.7000 1.37342012
3863.6000 1.36127126
3864.5000 1.37790787
3865.4000 1.37531877
3866.3000 1.37435293
3867.2000 1.39738786
3868.1000 1.44102788
3869.0000 1.4620688
3869.9000 1.46442461
3870.8000 1.39444959
3871.7000 1.23265779
3872.6000 1.10520017
3873.5000 1.1300143
3874.4000 1.24164927
3875.3000 1.31423914
3876.2000 1.31469917
3877.1000 1.21603012
3878.0000 1.06633329
3878.9000 1.06068373
3879.8000 1.1597147
3880.7000 1.17825377
3881.6000 1.10793626
3882.5000 1.03519094
3883.4000 0.97731173
3884.3000 0.91473776
3885.2000 0.82522422
3886.1000 0.72961491
3887.0000 0.65054697
3887.9000 0.56483096
3888.8000 0.50097769
3889.7000 0.52653706
3890.6000 0.62148428
3891.5000 0.72638053
3892.4000 0.81767398
3893.3000 0.8732084
3894.2000 0.90815502
3895.1000 0.92864567
3896.0000 0.96914864
3896.9000 1.01035249
3897.8000 1.02463663
3898.7000 1.0324508
3899.6000 1.05713987
3900.5000 1.14209104
3901.4000 1.24210441
3902.3000 1.24607718
3903.2000 1.2100774
3904.1000 1.21453238
3905.0000 1.17699778
3905.9000 1.1065942
3906.8000 1.11865163
3907.7000 1.20380664
3908.6000 1.29084706
3909.5000 1.36375141
3910.4000 1.41997826
3911.3000 1.44282889
3912.2000 1.41756427
3913.1000 1.35138619
3914.0000 1.32547998
3914.9000 1.34265411
3915.8000 1.3220135
3916.7000 1.28544331
3917.6000 1.2679733
3918.5000 1.26031327
3919.4000 1.27553606
3920.3000 1.3042475
3921.2000 1.3614558
3922.1000 1.43482649
3923.0000 1.50455332
3923.9000 1.55221272
3924.8000 1.52120638
3925.7000 1.46842337
3926.6000 1.45291781
3927.5000 1.41958952
3928.4000 1.35893095
3929.3000 1.28260338
3930.2000 1.21194971
3931.1000 1.14615941
3932.0000 0.99602127
3932.9000 0.76453495
3933.8000 0.67984885
3934.7000 0.85016626
3935.6000 1.1156131
3936.5000 1.30967057
3937.4000 1.38649142
3938.3000 1.41815388
3939.2000 1.48526287
3940.1000 1.51066434
3941.0000 1.43856609
3941.9000 1.34663582
3942.8000 1.29038
3943.7000 1.24558687
3944.6000 1.26964831
3945.5000 1.37806964
3946.4000 1.44410622
3947.3000 1.38218915
3948.2000 1.28222024
3949.1000 1.23500288
3950.0000 1.24876177
3950.9000 1.26924527
3951.8000 1.24576783
3952.7000 1.22823
3953.6000 1.29133463
3954.5000 1.32856476
3955.4000 1.25259912
3956.3000 1.15028596
3957.2000 1.14834058
3958.1000 1.22743046
3959.0000 1.28877425
3959.9000 1.27268159
3960.8000 1.17771983
3961.7000 1.08269286
3962.6000 1.04023576
3963.5000 1.01525903
3964.4000 0.98599803
3965.3000 0.91658121
3966.2000 0.80528694
3967.1000 0.66396707
3968.0000 0.51266181
3968.9000 0.41216204
3969.8000 0.40628865
3970.7000 0.48547909
3971.6000 0.60989106
3972.5000 0.71865535
3973.4000 0.78781003
3974.3000 0.86191243
3975.2000 0.94651562
3976.1000 0.99328929
3977.0000 1.0234046
3977.9000 1.08353984
3978.8000 1.17265427
3979.7000 1.24766386
3980.6000 1.25492001
3981.5000 1.20349634
3982.4000 1.16755843
3983.3000 1.17712283
3984.2000 1.22044742
3985.1000 1.27704263
3986.0000 1.31366885
3986.9000 1.33401072
3987.8000 1.35319686
3988.7000 1.354882
3989.6000 1.33926845
3990.5000 1.3461417
3991.4000 1.38008654
3992.3000 1.42597604
3993.2000 1.45071411
3994.1000 1.42175448
3995.0000 1.35691714
3995.9000 1.30005717
3996.8000 1.25354278
3997.7000 1.24531317
3998.6000 1.32587504
3999.5000 1.43253851
4000.4000 1.48021615
4001.3000 1.46367538
4002.2000 1.45055592
4003.1000 1.46231008
4004.0000 1.41950786
4004.9000 1.30295229
4005.8000 1.26326787
4006.7000 1.34412646
4007.6000 1.46630478
4008.5000 1.52956069
4009.4000 1.53057063
4010.3000 1.54223025
4011.2000 1.53491437
4012.1000 1.49693906
4013.0000 1.48497415
4013.9000 1.48760688
4014.8000 1.49060059
4015.7000 1.50562608
4016.6000 1.49113381
4017.5000 1.47885823
4018.4000 1.52882588
4019.3000 1.60482514
4020.2000 1.63084054
4021.1000 1.58108926
4022.0000 1.52073932
4022.9000 1.48645067
4023.8000 1.44839406
4024.7000 1.43527567
4025.6000 1.52717316
4026.5000 1.6407727
4027.4000 1.64964664
4028.3000 1.59480906
4029.2000 1.51498103
4030.1000 1.37769449
4031.0000 1.28053272
4031.9000 1.26477253
4032.8000 1.31254756
4033.7000 1.39528048
4034.6000 1.4672035
4035.5000 1.51506543
4036.4000 1.56671154
4037.3000 1.60240555
4038.2000 1.61313689
4039.1000 1.59549642
4040.0000 1.54594529
4040.9000 1.50070679
4041.8000 1.52040851
4042.7000 1.55366409
4043.6000 1.50717342
4044.5000 1.38698006
4045.4000 1.28799617
4046.3000 1.36608303
4047.2000 1.54401624
4048.1000 1.60372901
4049.0000 1.55720723
4049.9000 1.54116344
4050.8000 1.55022752
4051.7000 1.51962566
4052.6000 1.4644835
4053.5000 1.40341222
4054.4000 1.37046993
4055.3000 1.40362883
4056.2000 1.45783269
4057.1000 1.45788825
4058.0000 1.4427973
4058.9000 1.47476113
4059.8000 1.52947176
4060.7000 1.54266787
4061.6000 1.47255361
4062.5000 1.35766912
4063.4000 1.30524337
4064.3000 1.38366115
4065.2000 1.47895777
4066.1000 1.45199454
4067.0000 1.36731982
4067.9000 1.37802958
4068.8000 1.47467029
4069.7000 1.5086267
4070.6000 1.43871641
4071.5000 1.36902511
4072.4000 1.37685192
4073.3000 1.41606462
4074.2000 1.41477895
4075.1000 1.34911418
4076.0000 1.22624135
4076.9000 1.09227765
4077.8000 1.06143308
4078.7000 1.15814817
4079.6000 1.27638936
4080.5000 1.36914408
4081.4000 1.41986573
4082.3000 1.40064895
4083.2000 1.33507156
4084.1000 1.27136779
4085.0000 1.225986
4085.9000 1.21490979
4086.8000 1.24503732
4087.7000 1.29400456
4088.6000 1.31733394
4089.5000 1.30865383
4090.4000 1.28509712
4091.3000 1.25591612
4092.2000 1.22858489
4093.1000 1.21195424
4094.0000 1.187222
4094.9000 1.14535058
4095.8000 1.08209908
4096.7000 1.01606393
4097.6000 0.94201368
4098.5000 0.86793453
4099.4000 0.78853041
4100.3000 0.67374742
4101.2000 0.55710781
4102.1000 0.52678287
4103.0000 0.60533655
4103.9000 0.73330486
4104.8000 0.8489902
4105.7000 0.93702894
4106.6000 0.98673201
4107.5000 1.01952755
4108.4000 1.05085754
4109.3000 1.06713188
4110.2000 1.08348286
4111.1000 1.1234504
4112.0000 1.17933571
4112.9000 1.22363913
4113.8000 1.25991058
4114.7000 1.29927385
4115.6000 1.350209
4116.5000 1.3708576
4117.4000 1.32845771
4118.3000 1.24223506
4119.2000 1.22041988
4120.1000 1.27745163
4121.0000 1.3110379
4121.9000 1.2938906
4122.8000 1.27239239
4123.7000 1.29738069
4124.6000 1.35285366
4125.5000 1.37443614
4126.4000 1.35268056
4127.3000 1.28744209
4128.2000 1.24113607
4129.1000 1.25241482
4130.0000 1.27501822
4130.9000 1.26364875
4131.8000 1.22835994
4132.7000 1.23266804
4133.6000 1.28843093
4134.5000 1.35832226
4135.4000 1.44181263
4136.3000 1.47486007
4137.2000 1.4590354
4138.1000 1.48750222
4139.0000 1.56158531
4139.9000 1.61209476
4140.8000 1.58926296
4141.7000 1.49002981
4142.6000 1.35014713
4143.5000 1.26936102
4144.4000 1.32751715
4145.3000 1.43721318
4146.2000 1.49654377
4147.1000 1.52144742
4148.0000 1.51703882
4148.9000 1.46936214
4149.8000 1.43151891
4150.7000 1.44955826
4151.6000 1.47521222
4152.5000 1.4729526
4153.4000 1.41952848
4154.3000 1.35772312
4155.2000 1.35227811
4156.1000 1.35589468
4157.0000 1.369205
4157.9000 1.41126311
4158.8000 1.45172477
4159.7000 1.47242212
4160.6000 1.4555099
4161.5000 1.4482199
4162.4000 1.4947598
4163.3000 1.54757428
4164.2000 1.57747936
4165.1000 1.5775969
4166.0000 1.54340899
4166.9000 1.50549757
4167.8000 1.51189744
4168.7000 1.56417167
4169.6000 1.57164323
4170.5000 1.47876501
4171.4000 1.34118664
4172.3000 1.24600399
4173.2000 1.24109244
4174.1000 1.31816041
4175.0000 1.39951801
4175.9000 1.41942811
4176.8000 1.36321402
4177.7000 1.28518605
4178.6000 1.2673564
4179.5000 1.36197567
4180.4000 1.4752667
4181.3000 1.47375286
4182.2000 1.41177809
4183.1000 1.37461424
4184.0000 1.37443197
4184.9000 1.42817903
4185.8000 1.47195017
4186.7000 1.41472137
4187.6000 1.34543288
4188.5000 1.3928827
4189.4000 1.50326765
4190.3000 1.5391438
4191.2000 1.49335837
4192.1000 1.49551737
4193.0000 1.56673098
4193.9000 1.60714912
4194.8000 1.54338109
4195.7000 1.44368052
4196.6000 1.4151808
4197.5000 1.36309886
4198.4000 1.2827493
4199.3000 1.32575262
4200.2000 1.43294656
4201.1000 1.43180525
4202.0000 1.37086439
4202.9000 1.38237059
4203.8000 1.38858461
4204.7000 1.36831832
4205.6000 1.4009155
4206.5000 1.46857631
4207.4000 1.51619411
4208.3000 1.51922667
4209.2000 1.49730217
4210.1000 1.49056816
4211.0000 1.54170561
4211.9000 1.60972428
4212.8000 1.63441813
4213.7000 1.60663593
4214.6000 1.50777614
4215.5000 1.38973832
4216.4000 1.39029062
4217.3000 1.46785069
4218.2000 1.52359784
4219.1000 1.5217371
4220.0000 1.51211977
4220.9000 1.52903819
4221.8000 1.52718854
4222.7000 1.49900723
4223.6000 1.45501471
4224.5000 1.37261033
4225.4000 1.29228079
4226.3000 1.24305201
4227.2000 1.27074969
4228.1000 1.41383564
4229.0000 1.55987549
4229.9000 1.62017906
4230.8000 1.62075448
4231.7000 1.56425691
4232.6000 1.43754113
4233.5000 1.34827995
4234.4000 1.37055361
4235.3000 1.3963201
4236.2000 1.40643048
4237.1000 1.43092215
4238.0000 1.4153806
4238.9000 1.37363434
4239.8000 1.38218832
4240.7000 1.46061349
4241.6000 1.51507127
4242.5000 1.51322556
4243.4000 1.51874971
4244.3000 1.5227679
4245.2000 1.48443735
4246.1000 1.42819583
4247.0000 1.39628875
4247.9000 1.42584562
4248.8000 1.46829545
4249.7000 1.43726337
4250.6000 1.38944101
4251.5000 1.4140116
4252.4000 1.46475935
4253.3000 1.47379541
4254.2000 1.46330905
4255.1000 1.48511231
4256.0000 1.52687001
4256.9000 1.53786683
4257.8000 1.50173235
4258.7000 1.45189404
4259.6000 1.39488375
4260.5000 1.35393918
4261.4000 1.38904476
4262.3000 1.46692705
4263.2000 1.51963806
4264.1000 1.55066514
4265.0000 1.58451605
4265.9000 1.60297585
4266.8000 1.5848763
4267.7000 1.54396451
4268.6000 1.50461125
4269.5000 1.46983182
4270.4000 1.40335059
4271.3000 1.32978594
4272.2000 1.33973038
4273.1000 1.39947498
4274.0000 1.41576815
4274.9000 1.40641761
4275.8000 1.44455934
4276.7000 1.51697445
4277.6000 1.54827118
4278.5000 1.53950322
4279.4000 1.52570224
4280.3000 1.51288891
4281.2000 1.49735355
4282.1000 1.47259843
4283.0000 1.46265364
4283.9000 1.4595536
4284.8000 1.45612097
4285.7000 1.47026753
4286.6000 1.46641707
4287.5000 1.43337417
4288.4000 1.38122678
4289.3000 1.28729284
4290.2000 1.2520436
4291.1000 1.34678268
4292.0000 1.46930313
4292.9000 1.50560689
4293.8000 1.46261787
4294.7000 1.4313525
4295.6000 1.39525843
4296.5000 1.3557297
4297.4000 1.36203361
4298.3000 1.34254694
4299.2000 1.25549853
4300.1000 1.19999921
4301.0000 1.22823489
4301.9000 1.2489146
4302.8000 1.24630105
4303.7000 1.29431927
4304.6000 1.34368956
4305.5000 1.3606509
4306.4000 1.36347783
4307.3000 1.32811129
4308.2000 1.27199543
4309.1000 1.25119925
4310.0000 1.32019901
4310.9000 1.43717813
4311.8000 1.47903216
4312.7000 1.42925489
4313.6000 1.34488368
4314.5000 1.26796043
4315.4000 1.27962637
4316.3000 1.35806417
4317.2000 1.40860307
4318.1000 1.42527139
4319.0000 1.42015815
4319.9000 1.39113057
4320.8000 1.3432194
4321.7000 1.33452642
4322.6000 1.36868131
4323.5000 1.38131297
4324.4000 1.31284904
4325.3000 1.18652034
4326.2000 1.1290015
4327.1000 1.17211449
4328.0000 1.23928511
4328.9000 1.26342332
4329.8000 1.21706903
4330.7000 1.15644813
4331.6000 1.13184226
4332.5000 1.11636996
4333.4000 1.08135903
4334.3000 1.04624283
4335.2000 1.01003182
4336.1000 0.94425219
4337.0000 0.83702147
4337.9000 0.7329607
4338.8000 0.64717674
4339.7000 0.55101675
4340.6000 0.49774113
4341.5000 0.5545283
4342.4000 0.67141843
4343.3000 0.76221287
4344.2000 0.82400978
4345.1000 0.89516366
4346.0000 0.97269428
4346.9000 1.03217614
4347.8000 1.07915056
4348.7000 1.12808084
4349.6000 1.14931059
4350.5000 1.11016095
4351.4000 1.04525435
4352.3000 1.04640031
4353.2000 1.13658273
4354.1000 1.24030209
4355.0000 1.30561161
4355.9000 1.33671367
4356.8000 1.33906198
4357.7000 1.30628133
4358.6000 1.26437366
4359.5000 1.27042139
4360.4000 1.31754696
4361.3000 1.35361397
4362.2000 1.37238121
4363.1000 1.40185773
4364.0000 1.4334501
4364.9000 1.45357585
4365.8000 1.45487833
4366.7000 1.41636372
4367.6000 1.35342574
4368.5000 1.31495428
4369.4000 1.31616724
4370.3000 1.34968531
4371.2000 1.4116869
4372.1000 1.4668175
4373.0000 1.45836008
4373.9000 1.37331522
4374.8000 1.29013336
4375.7000 1.30347753
4376.6000 1.39658177
4377.5000 1.48151827
4378.4000 1.50789773
4379.3000 1.48898888
4380.2000 1.47659576
4381.1000 1.47855926
4382.0000 1.43465185
4382.9000 1.31617951
4383.8000 1.19850922
4384.7000 1.16774166
4385.6000 1.22921848
4386.5000 1.32013321
4387.4000 1.36775911
4388.3000 1.38949442
4389.2000 1.41509688
4390.1000 1.40632117
4391.0000 1.38667321
4391.9000 1.41381705
4392.8000 1.45123374
4393.7000 1.41866267
4394.6000 1.33605278
4395.5000 1.3225075
4396.4000 1.40343165
4397.3000 1.46001077
4398.2000 1.44722843
4399.1000 1.40096617
4400.0000 1.35291541
4400.9000 1.33089459
4401.8000 1.36988986
4402.7000 1.43142295
4403.6000 1.43499851
4404.5000 1.39437604
4405.4000 1.4148643
4406.3000 1.47173238
4407.2000 1.4565413
4408.1000 1.39588749
4409.0000 1.38415039
4409.9000 1.416399
4410.8000 1.43456089
4411.7000 1.46118236
4412.6000 1.49838603
4413.5000 1.48535538
4414.4000 1.40930629
4415.3000 1.35208881
4416.2000 1.33738422
4417.1000 1.31222296
4418.0000 1.31387401
4418.9000 1.37865818
4419.8000 1.4633534
4420.7000 1.49780691
4421.6000 1.45389116
4422.5000 1.39179075
4423.4000 1.39117849
4424.3000 1.44424522
4425.2000 1.4910078
4426.1000 1.4945612
4427.0000 1.44638562
4427.9000 1.42233932
4428.8000 1.42341387
4429.7000 1.38713336
4430.6000 1.36906505
4431.5000 1.40417302
4432.4000 1.41737747
4433.3000 1.38688564
4434.2000 1.36606741
4435.1000 1.36895692
4436.0000 1.39468372
4436.9000 1.43823004
4437.8000 1.48227704
4438.7000 1.51743948
4439.6000 1.51921082
4440.5000 1.47793782
4441.4000 1.39772081
4442.3000 1.29178512
4443.2000 1.21103013
4444.1000 1.22654414
4445.0000 1.33427536
4445.9000 1.42030251
4446.8000 1.42167532
4447.7000 1.40921521
4448.6000 1.42220354
4449.5000 1.40414739
4450.4000 1.35663342
4451.3000 1.35812497
4452.2000 1.40467739
4453.1000 1.42482293
4454.0000 1.37340701
4454.9000 1.3119632
4455.8000 1.32155788
4456.7000 1.3624686
4457.6000 1.35767281
4458.5000 1.31278384
4459.4000 1.29021978
4460.3000 1.29687059
4461.2000 1.2714678
4462.1000 1.2547673
4463.0000 1.30500758
4463.9000 1.35368693
4464.8000 1.36448956
4465.7000 1.36419952
4466.6000 1.34679508
4467.5000 1.3191129
4468.4000 1.27774143
4469.3000 1.25231886
4470.2000 1.27199912
4471.1000 1.32132077
4472.0000 1.37376285
4472.9000 1.41209006
4473.8000 1.45230007
4474.7000 1.46764898
4475.6000 1.43966866
4476.5000 1.43530452
4477.4000 1.47573698
4478.3000 1.48523366
4479.2000 1.42164159
4480.1000 1.29625714
4481.0000 1.1717757
4481.9000 1.15531635
4482.8000 1.25245118
4483.7000 1.34905517
4484.6000 1.40115082
4485.5000 1.43497229
4486.4000 1.45344865
4487.3000 1.43085158
4488.2000 1.36168218
4489.1000 1.29516017
4490.0000 1.27886093
4490.9000 1.30246544
4491.8000 1.35630822
4492.7000 1.41140413
4493.6000 1.41264117
4494.5000 1.38244712
4495.4000 1.38381124
4496.3000 1.40285742
4497.2000 1.42156196
4498.1000 1.44616926
4499.0000 1.45892966
4499.9000 1.43423367
4500.8000 1.37419498
4501.7000 1.36078942
4502.6000 1.42724359
4503.5000 1.49644196
4504.4000 1.52048278
4505.3000 1.52017736
4506.2000 1.50406599
4507.1000 1.45569825
4508.0000 1.39835835
4508.9000 1.39461505
4509.8000 1.44378245
4510.7000 1.48226297
4511.6000 1.48653972
4512.5000 1.47609282
4513.4000 1.44890952
4514.3000 1.39145112
4515.2000 1.34529531
4516.1000 1.35601473
4517.0000 1.39140749
4517.9000 1.41188788
4518.8000 1.40785336
4519.7000 1.37805581
4520.6000 1.35914361
4521.5000 1.33842063
4522.4000 1.2971921
4523.3000 1.29385567
4524.2000 1.31684101
4525.1000 1.31476319
4526.0000 1.31248736
4526.9000 1.32606077
4527.8000 1.30924952
4528.7000 1.26964831
4529.6000 1.26581395
4530.5000 1.29067063
4531.4000 1.32004011
4532.3000 1.33033025
4533.2000 1.28227746
4534.1000 1.23763597
4535.0000 1.27313387
4535.9000 1.35918903
4536.8000 1.4342972
4537.7000 1.46624029
4538.6000 1.44824731
4539.5000 1.40305507
4540.4000 1.35590208
4541.3000 1.33413994
4542.2000 1.36745739
4543.1000 1.42059445
4544.0000 1.42303157
4544.9000 1.39797914
4545.8000 1.38674903
4546.7000 1.37991893
4547.6000 1.35650456
4548.5000 1.27690768
4549.4000 1.18386567
4550.3000 1.20112085
4551.2000 1.29977417
4552.1000 1.35866308
4553.0000 1.33054185
4553.9000 1.24212873
4554.8000 1.17407608
4555.7000 1.17965114
4556.6000 1.25674975
4557.5000 1.31866813
4558.4000 1.31418812
4559.3000 1.32067072
4560.2000 1.35952318
4561.1000 1.39227879
4562.0000 1.39481449
4562.9000 1.34424603
4563.8000 1.28220201
4564.7000 1.26704049
4565.6000 1.29056132
4566.5000 1.33662009
4567.4000 1.39174557
4568.3000 1.42036724
4569.2000 1.42927158
4570.1000 1.42740583
4571.0000 1.37006128
4571.9000 1.29694128
4572.8000 1.31668985
4573.7000 1.38663745
4574.6000 1.40611899
4575.5000 1.37947583
4576.4000 1.36764145
4577.3000 1.3896296
4578.2000 1.40709507
4579.1000 1.37895453
4580.0000 1.33463979
4580.9000 1.32287955
4581.8000 1.29942429
4582.7000 1.23103678
4583.6000 1.18572116
4584.5000 1.23828328
4585.4000 1.32898068
4586.3000 1.37486708
4587.2000 1.35317647
4588.1000 1.31193507
4589.0000 1.30994213
4589.9000 1.32075846
4590.8000 1.30829453
4591.7000 1.2619307
4592.6000 1.2384038
4593.5000 1.27584231
4594.4000 1.31318855
4595.3000 1.30720329
4596.2000 1.30431807
4597.1000 1.32143688
4598.0000 1.33626521
4598.9000 1.34528494
4599.8000 1.32448399
4600.7000 1.30109727
4601.6000 1.31622958
4602.5000 1.33753598
4603.4000 1.34487021
4604.3000 1.33389735
4605.2000 1.31723261
4606.1000 1.3206892
4607.0000 1.33987308
4607.9000 1.36654603
4608.8000 1.3972218
4609.7000 1.40673566
4610.6000 1.38291633
4611.5000 1.3585521
4612.4000 1.35348904
4613.3000 1.3488189
4614.2000 1.35829222
4615.1000 1.35828078
4616.0000 1.32681608
4616.9000 1.30776048
4617.8000 1.30433464
4618.7000 1.26908171
4619.6000 1.24375165
4620.5000 1.28179944
4621.4000 1.34386277
4622.3000 1.38021314
4623.2000 1.3933996
4624.1000 1.38231409
4625.0000 1.35045445
4625.9000 1.33615768
4626.8000 1.34726334
4627.7000 1.34039915
4628.6000 1.2878865
4629.5000 1.25443029
4630.4000 1.29426253
4631.3000 1.35726035
4632.2000 1.37171984
4633.1000 1.32973957
4634.0000 1.28019977
4634.9000 1.27521443
4635.8000 1.30511177
4636.7000 1.32243752
4637.6000 1.31316948
4638.5000 1.3168689
4639.4000 1.33727598
4640.3000 1.34735548
4641.2000 1.35037518
4642.1000 1.35459912
4643.0000 1.34846485
4643.9000 1.33761764
4644.8000 1.32638073
4645.7000 1.29305267
4646.6000 1.24407625
4647.5000 1.2094065
4648.4000 1.21069324
4649.3000 1.25712883
4650.2000 1.31798911
4651.1000 1.3446759
4652.0000 1.3496691
4652.9000 1.35561812
4653.8000 1.33669472
4654.7000 1.29581356
4655.6000 1.27259195
4656.5000 1.26633465
4657.4000 1.28262889
4658.3000 1.33221495
4659.2000 1.37642896
4660.1000 1.38324463
4661.0000 1.36633599
4661.9000 1.33858323
4662.8000 1.30404997
4663.7000 1.28427887
4664.6000 1.28494406
4665.5000 1.26071119
4666.4000 1.18276751
4667.3000 1.11634159
4668.2000 1.12810075
4669.1000 1.1889354
4670.0000 1.24678075
4670.9000 1.28838754
4671.8000 1.30021262
4672.7000 1.29031515
4673.6000 1.2896533
4674.5000 1.30881858
4675.4000 1.33779275
4676.3000 1.35905361
4677.2000 1.34537005
4678.1000 1.29264426
4679.0000 1.25042295
4679.9000 1.25241399
4680.8000 1.27297485
4681.7000 1.28354776
4682.6000 1.2989558
4683.5000 1.32847857
4684.4000 1.34784412
4685.3000 1.34448099
4686.2000 1.33537817
4687.1000 1.33508253
4688.0000 1.337852
4688.9000 1.33384204
4689.8000 1.32206678
4690.7000 1.30246925
4691.6000 1.28771043
4692.5000 1.29492426
4693.4000 1.31619203
4694.3000 1.33037698
4695.2000 1.34237933
4696.1000 1.353881
4697.0000 1.3460741
4697.9000 1.31037283
4698.8000 1.2707926
4699.7000 1.25563169
4700.6000 1.25980365
4701.5000 1.25304258
4702.4000 1.21898425
4703.3000 1.19784784
4704.2000 1.22342753
4705.1000 1.26744008
4706.0000 1.2833122
4706.9000 1.2590493
4707.8000 1.2262013
4708.7000 1.21355414
4709.6000 1.23009789
4710.5000 1.27156103
4711.4000 1.3062706
4712.3000 1.30837178
4713.2000 1.27573502
4714.1000 1.22797847
4715.0000 1.21430779
4715.9000 1.25141788
4716.8000 1.29444027
4717.7000 1.31240475
4718.6000 1.32158351
4719.5000 1.32817459
4720.4000 1.33013141
4721.3000 1.31918406
4722.2000 1.30462623
4723.1000 1.30931365
4724.0000 1.32929254
4724.9000 1.34495187
4725.8000 1.34484673
4726.7000 1.31537545
4727.6000 1.27026868
4728.5000 1.24825382
4729.4000 1.25181341
4730.3000 1.24099052
4731.2000 1.21665049
4732.1000 1.22189307
4733.0000 1.25635695
4733.9000 1.2916913
4734.8000 1.30772758
4735.7000 1.28517473
4736.6000 1.24566829
4737.5000 1.24722636
4738.4000 1.28862536
4739.3000 1.30893576
4740.2000 1.29869914
4741.1000 1.28887856
4742.0000 1.29911172
4742.9000 1.31267095
4743.8000 1.31020796
4744.7000 1.29998016
4745.6000 1.29668164
4746.5000 1.30208659
4747.4000 1.29096246
4748.3000 1.27249312
4749.2000 1.28155732
4750.1000 1.3048743
4751.0000 1.3070662
4751.9000 1.28360677
4752.8000 1.26164615
4753.7000 1.25011718
4754.6000 1.23932314
4755.5000 1.22144902
4756.4000 1.21477449
4757.3000 1.24563456
4758.2000 1.29086971
4759.1000 1.31756568
4760.0000 1.31755698
4760.9000 1.29556
4761.8000 1.25611484
4762.7000 1.22394741
4763.6000 1.20522487
4764.5000 1.1922375
4765.4000 1.18935955
4766.3000 1.20237875
4767.2000 1.23526299
4768.1000 1.26313114
4769.0000 1.2820524
4769.9000 1.29304922
4770.8000 1.28223705
4771.7000 1.26289165
4772.6000 1.2615968
4773.5000 1.27788591
4774.4000 1.30242467
4775.3000 1.31126368
4776.2000 1.30913997
4777.1000 1.31328833
4778.0000 1.31894696
4778.9000 1.30012727
4779.8000 1.27068233
4780.7000 1.27600718
4781.6000 1.29874825
4782.5000 1.28737831
4783.4000 1.25989604
4784.3000 1.2640301
4785.2000 1.26523364
4786.1000 1.22518921
4787.0000 1.20460749
4787.9000 1.23055768
4788.8000 1.23895812
4789.7000 1.2373085
4790.6000 1.25293517
4791.5000 1.26651168
4792.4000 1.27499986
4793.3000 1.29405224
4794.2000 1.316926
4795.1000 1.32768619
4796.0000 1.3205409
4796.9000 1.30983937
4797.8000 1.28681326
4798.7000 1.26647234
4799.6000 1.25550354
4800.5000 1.24986959
4801.4000 1.26382887
4802.3000 1.27707279
4803.2000 1.27687573
4804.1000 1.24831617
4805.0000 1.21203291
4805.9000 1.21287203
4806.8000 1.22603536
4807.7000 1.22935557
4808.6000 1.22870326
4809.5000 1.22390008
4810.4000 1.21184671
4811.3000 1.20091891
4812.2000 1.20463169
4813.1000 1.22437751
4814.0000 1.24706268
4814.9000 1.26388776
4815.8000 1.26969469
4816.7000 1.26507747
4817.6000 1.25856364
4818.5000 1.25753081
4819.4000 1.2627281
4820.3000 1.26001656
4821.2000 1.24712336
4822.1000 1.2231307
4823.0000 1.15806615
4823.9000 1.09794855
4824.8000 1.11264217
4825.7000 1.17237473
4826.6000 1.21628141
4827.5000 1.22187972
4828.4000 1.19516039
4829.3000 1.1728698
4830.2000 1.17636347
4831.1000 1.17685318
4832.0000 1.1728524
4832.9000 1.17586446
4833.8000 1.18926823
4834.7000 1.1893518
4835.6000 1.16746056
4836.5000 1.15621364
4837.4000 1.15794516
4838.3000 1.14504516
4839.2000 1.12408447
4840.1000 1.1108743
4841.0000 1.11627257
4841.9000 1.12762833
4842.8000 1.11694956
4843.7000 1.10381436
4844.6000 1.1044426
4845.5000 1.10760093
4846.4000 1.09554017
4847.3000 1.05577123
4848.2000 1.00242531
4849.1000 0.9847368
4850.0000 1.00018156
4850.9000 1.00704896
4851.8000 0.98937941
4852.7000 0.95916349
4853.6000 0.91973644
4854.5000 0.85737062
4855.4000 0.79328275
4856.3000 0.7683087
4857.2000 0.76361841
4858.1000 0.738482
4859.0000 0.67385
4859.9000 0.57456833
4860.8000 0.47325659
4861.7000 0.43980461
4862.6000 0.50266218
4863.5000 0.59897596
4864.4000 0.6739437
4865.3000 0.73094445
4866.2000 0.78055066
4867.1000 0.8300283
4868.0000 0.8772372
4868.9000 0.91087723
4869.8000 0.91738218
4870.7000 0.89118952
4871.6000 0.866687
4872.5000 0.88709152
4873.4000 0.9372586
4874.3000 0.98062038
4875.2000 0.99902219
4876.1000 0.99263591
4877.0000 0.99494344
4877.9000 1.01900256
4878.8000 1.05959141
4879.7000 1.10344553
4880.6000 1.11975253
4881.5000 1.10573304
4882.4000 1.07865357
4883.3000 1.04738915
4884.2000 1.02995229
4885.1000 1.03805661
4886.0000 1.05259132
4886.9000 1.06662369
4887.8000 1.08402443
4888.7000 1.09267688
4889.6000 1.07886302
4890.5000 1.04017043
4891.4000 1.02022457
4892.3000 1.06430221
4893.2000 1.12981236
4894.1000 1.17449236
4895.0000 1.19783938
4895.9000 1.20826006
4896.8000 1.20948184
4897.7000 1.20676303
4898.6000 1.18400323
4899.5000 1.13103676
4900.4000 1.10056949
4901.3000 1.12784052
4902.2000 1.15731978
4903.1000 1.14397001
4904.0000 1.12855363
4904.9000 1.15316033
4905.8000 1.19778419
4906.7000 1.22066748
4907.6000 1.21352863
4908.5000 1.19028223
4909.4000 1.14667165
4910.3000 1.09698904
4911.2000 1.0875268
4912.1000 1.12262571
4913.0000 1.15973985
4913.9000 1.17959428
4914.8000 1.20324647
4915.7000 1.22702825
4916.6000 1.21760738
4917.5000 1.16281557
4918.4000 1.08702707
4919.3000 1.0350908
4920.2000 1.01654398
4921.1000 1.03043175
4922.0000 1.070948
4922.9000 1.08453715
4923.8000 1.0556314
4924.7000 1.06090152
4925.6000 1.12567449
4926.5000 1.18827677
4927.4000 1.21101725
4928.3000 1.21980298
4929.2000 1.23104072
4930.1000 1.23270178
4931.0000 1.22960496
4931.9000 1.21981454
4932.8000 1.17108321
4933.7000 1.09537995
4934.6000 1.07515192
4935.5000 1.11871433
4936.4000 1.14847469
4937.3000 1.13104081
4938.2000 1.09182298
4939.1000 1.07653344
4940.0000 1.11609912
4940.9000 1.17980778
4941.8000 1.21483207
4942.7000 1.22346306
4943.6000 1.22732079
4944.5000 1.21914375
4945.4000 1.19201314
4946.3000 1.17477846
4947.2000 1.18826258
4948.1000 1.21045315
4949.0000 1.21692276
4949.9000 1.21273839
4950.8000 1.21008575
4951.7000 1.20011222
4952.6000 1.18107152
4953.5000 1.17452657
4954.4000 1.18795729
4955.3000 1.20290172
4956.2000 1.17126703
4957.1000 1.08840859
4958.0000 1.05732393
4958.9000 1.12626457
4959.8000 1.20742702
4960.7000 1.23887599
4961.6000 1.23413622
4962.5000 1.22933161
4963.4000 1.23684251
4964.3000 1.23330808
4965.2000 1.20698011
4966.1000 1.18104398
4967.0000 1.17298019
4967.9000 1.17344034
4968.8000 1.17265463
4969.7000 1.16705382
4970.6000 1.16102731
4971.5000 1.16725588
4972.4000 1.18210244
4973.3000 1.1977942
4974.2000 1.21698987
4975.1000 1.2298826
4976.0000 1.22839534
4976.9000 1.21651125
4977.8000 1.19802916
4978.7000 1.17719018
4979.6000 1.15958965
4980.5000 1.1412518
4981.4000 1.10355949
4982.3000 1.03602576
4983.2000 0.97549975
4984.1000 0.96924955
4985.0000 1.01244283
4985.9000 1.07876158
4986.8000 1.14819181
4987.7000 1.18976867
4988.6000 1.19179046
4989.5000 1.17607355
4990.4000 1.15565085
4991.3000 1.14416265
4992.2000 1.14588964
4993.1000 1.14069426
4994.0000 1.13899899
4994.9000 1.16398489
4995.8000 1.19034302
4996.7000 1.1947298
4997.6000 1.18610239
4998.5000 1.16677833
4999.4000 1.13624239
5000.3000 1.10798228
5001.2000 1.08829439
5002.1000 1.08709645
5003.0000 1.11106205
5003.9000 1.13297141
5004.8000 1.10696733
5005.7000 1.04833221
5006.6000 1.02778351
5007.5000 1.07228792
5008.4000 1.1373781
5009.3000 1.17153609
5010.2000 1.16384244
5011.1000 1.12480712
5012.0000 1.08235955
5012.9000 1.06528699
5013.8000 1.06552577
5014.7000 1.0764724
5015.6000 1.10245359
5016.5000 1.10490668
5017.4000 1.04476094
5018.3000 0.9847427
5019.2000 1.01289308
5020.1000 1.09422183
5021.0000 1.1361562
5021.9000 1.12354565
5022.8000 1.11519969
5023.7000 1.14108479
5024.6000 1.17210591
5025.5000 1.1779083
5026.4000 1.14965045
5027.3000 1.10891783
5028.2000 1.0997678
5029.1000 1.12858415
5030.0000 1.16147852
5030.9000 1.17778826
5031.8000 1.18477142
5032.7000 1.18938303
5033.6000 1.18230259
5034.5000 1.14478457
5035.4000 1.089625
5036.3000 1.0744971
5037.2000 1.10866249
5038.1000 1.13144076
5039.0000 1.12279987
5039.9000 1.09202802
5040.8000 1.04164219
5041.7000 1.01813495
5042.6000 1.06177771
5043.5000 1.12955689
5044.4000 1.17009532
5045.3000 1.18654323
5046.2000 1.19249082
5047.1000 1.17027152
5048.0000 1.12176752
5048.9000 1.08343649
5049.8000 1.0783298
5050.7000 1.08903408
5051.6000 1.09693503
5052.5000 1.11614347
5053.4000 1.1455704
5054.3000 1.16036308
5055.2000 1.15053463
5056.1000 1.13602483
5057.0000 1.14065576
5057.9000 1.15827405
5058.8000 1.17404783
5059.7000 1.18534732
5060.6000 1.18915629
5061.5000 1.19101954
5062.4000 1.19351089
5063.3000 1.18656731
5064.2000 1.15060902
5065.1000 1.10912681
5066.0000 1.10098076
5066.9000 1.11160171
5067.8000 1.1115458
5068.7000 1.10564184
5069.6000 1.12181449
5070.5000 1.14338875
5071.4000 1.12450397
5072.3000 1.09176612
5073.2000 1.09103954
5074.1000 1.09467685
5075.0000 1.08248746
5075.9000 1.08322752
5076.8000 1.10784161
5077.7000 1.11651146
5078.6000 1.0736587
5079.5000 1.00646448
5080.4000 0.97205591
5081.3000 0.9934839
5082.2000 1.03747475
5083.1000 1.05539632
5084.0000 1.06056476
5084.9000 1.09187484
5085.8000 1.12391686
5086.7000 1.11569393
5087.6000 1.09110177
5088.5000 1.09546614
5089.4000 1.11669123
5090.3000 1.12057245
5091.2000 1.11962855
5092.1000 1.13361657
5093.0000 1.14824069
5093.9000 1.15175569
5094.8000 1.15080225
5095.7000 1.13729727
5096.6000 1.09572947
5097.5000 1.04677713
5098.4000 1.00713742
5099.3000 0.9803887
5100.2000 0.99003428
5101.1000 1.0423429
5102.0000 1.10108745
5102.9000 1.13085032
5103.8000 1.13499343
5104.7000 1.12879181
5105.6000 1.11857879
5106.5000 1.10349739
5107.4000 1.0842495
5108.3000 1.07835269
5109.2000 1.07814121
5110.1000 1.07199526
5111.0000 1.08754778
5111.9000 1.12089896
5112.8000 1.14439595
5113.7000 1.14645052
5114.6000 1.12636149
5115.5000 1.11263764
5116.4000 1.12198663
5117.3000 1.13614023
5118.2000 1.14271402
5119.1000 1.1370666
5120.0000 1.12395608
5120.9000 1.11244845
5121.8000 1.09501898
5122.7000 1.06575787
5123.6000 1.04233646
5124.5000 1.03224909
5125.4000 1.03613889
5126.3000 1.05377555
5127.2000 1.07098722
5128.1000 1.06800306
5129.0000 1.04938805
5129.9000 1.04675794
5130.8000 1.06221676
5131.7000 1.06955814
5132.6000 1.05482638
5133.5000 1.03968954
5134.4000 1.0614953
5135.3000 1.09758341
5136.2000 1.09104776
5137.1000 1.05288243
5138.0000 1.03103614
5138.9000 1.01536989
5139.8000 1.01974201
5140.7000 1.05539143
5141.6000 1.05859411
5142.5000 1.02357543
5143.4000 1.02788186
5144.3000 1.07179952
5145.2000 1.08689868
5146.1000 1.06089318
5147.0000 1.03282881
5147.9000 1.02667785
5148.8000 1.04631078
5149.7000 1.07303357
5150.6000 1.08182573
5151.5000 1.07927668
5152.4000 1.06966269
5153.3000 1.0425818
5154.2000 1.01556873
5155.1000 1.01376271
5156.0000 1.03678191
5156.9000 1.06997287
5157.8000 1.09334838
5158.7000 1.10393453
5159.6000 1.10826612
5160.5000 1.1005677
5161.4000 1.07149649
5162.3000 1.0468111
5163.2000 1.05772197
5164.1000 1.08240771
5165.0000 1.07341564
5165.9000 1.03147662
5166.8000 0.96264744
5167.7000 0.89634275
5168.6000 0.86809814
5169.5000 0.90818465
5170.4000 0.98125648
5171.3000 0.99914545
5172.2000 0.96361971
5173.1000 0.96782565
5174.0000 1.03706777
5174.9000 1.10071003
5175.8000 1.11601949
5176.7000 1.10418093
5177.6000 1.10298026
5178.5000 1.11252952
5179.4000 1.10978258
5180.3000 1.10005558
5181.2000 1.09689438
5182.1000 1.07609391
5183.0000 1.00442183
5183.9000 0.94307595
5184.8000 0.96095586
5185.7000 1.01592016
5186.6000 1.04813051
5187.5000 1.04328763
5188.4000 1.02443886
5189.3000 1.03380394
5190.2000 1.05144274
5191.1000 1.01795483
5192.0000 0.964845
5192.9000 0.97270727
5193.8000 1.01602924
5194.7000 1.01412714
5195.6000 0.98281091
5196.5000 0.96784198
5197.4000 0.96791989
5198.3000 0.98542488
5199.2000 1.01897371
5200.1000 1.04095936
5201.0000 1.04315329
5201.9000 1.03681695
5202.8000 1.03739095
5203.7000 1.02861321
5204.6000 0.98919344
5205.5000 0.94548184
5206.4000 0.95254725
5207.3000 0.98918051
5208.2000 0.99237835
5209.1000 1.00313747
5210.0000 1.04023385
5210.9000 1.06056643
5211.8000 1.0662539
5212.7000 1.08205307
5213.6000 1.08630323
5214.5000 1.05393827
5215.4000 0.99774671
5216.3000 0.96276301
5217.2000 0.96897364
5218.1000 1.00230312
5219.0000 1.04637444
5219.9000 1.07789731
5220.8000 1.08910978
5221.7000 1.09193373
5222.6000 1.09284413
5223.5000 1.08804846
5224.4000 1.06905079
5225.3000 1.02030361
5226.2000 0.92435247
5227.1000 0.85251445
5228.0000 0.8903352
5228.9000 0.97710627
5229.8000 1.02806473
5230.7000 1.04833114
5231.6000 1.04434836
5232.5000 1.00310397
5233.4000 0.96036518
5234.3000 0.94022548
5235.2000 0.94856423
5236.1000 0.97921085
5237.0000 1.00327468
5237.9000 1.02340674
5238.8000 1.05332589
5239.7000 1.07789969
5240.6000 1.08402407
5241.5000 1.0704087
5242.4000 1.04242444
5243.3000 1.02781022
5244.2000 1.04477453
5245.1000 1.0723207
5246.0000 1.0759207
5246.9000 1.0575031
5247.8000 1.04387879
5248.7000 1.0379256
5249.6000 1.02321386
5250.5000 1.01329577
5251.4000 1.02563941
5252.3000 1.04911554
5253.2000 1.05713952
5254.1000 1.03799951
5255.0000 1.01476908
5255.9000 1.01817834
5256.8000 1.04200304
5257.7000 1.06470656
5258.6000 1.07464254
5259.5000 1.07317424
5260.4000 1.06425679
5261.3000 1.04904807
5262.2000 1.0215019
5263.1000 0.98217481
5264.0000 0.94220895
5264.9000 0.9168945
5265.8000 0.90953749
5266.7000 0.92632413
5267.6000 0.96409434
5268.5000 0.97082525
5269.4000 0.9216224
5270.3000 0.89450139
5271.2000 0.93626547
5272.1000 0.97765517
5273.0000 0.97215796
5273.9000 0.94861203
5274.8000 0.91273713
5275.7000 0.88446558
5276.6000 0.92253536
5277.5000 0.99761146
5278.4000 1.03249049
5279.3000 1.01541007
5280.2000 0.99141026
5281.1000 0.98525894
5282.0000 0.98616028
5282.9000 0.97008049
5283.8000 0.93919414
5284.7000 0.95200253
5285.6000 1.0106827
5286.5000 1.05753314
5287.4000 1.06985343
5288.3000 1.06511271
5289.2000 1.06185591
5290.1000 1.06331313
5291.0000 1.06324399
5291.9000 1.05546665
5292.8000 1.04136693
5293.7000 1.03438056
5294.6000 1.04011858
5295.5000 1.04361761
5296.4000 1.02489662
5297.3000 0.98527044
5298.2000 0.96332276
5299.1000 0.98455966
5300.0000 1.01946545
5300.9000 1.0301125
5301.8000 1.00914204
5302.7000 0.99127942
5303.6000 1.00682604
5304.5000 1.03179479
5305.4000 1.03256369
5306.3000 1.02093613
5307.2000 1.01617718
5308.1000 1.01701844
5309.0000 1.02884293
5309.9000 1.04143012
5310.8000 1.04031742
5311.7000 1.03934598
5312.6000 1.02920938
5313.5000 1.01074255
5314.4000 1.00714469
5315.3000 0.99349898
5316.2000 0.9439646
5317.1000 0.92075694
5318.0000 0.96381354
5318.9000 1.01272225
5319.8000 1.02986801
5320.7000 1.02998579
5321.6000 1.02941036
5322.5000 1.02429843
5323.4000 0.99597991
5324.3000 0.95699859
5325.2000 0.94738221
5326.1000 0.96707672
5327.0000 0.95938742
5327.9000 0.89501578
5328.8000 0.8614589
5329.7000 0.91137421
5330.6000 0.98189586
5331.5000 1.01894307
5332.4000 1.02267015
5333.3000 1.01294935
5334.2000 1.00416839
5335.1000 0.99428254
5336.0000 0.98275512
5336.9000 0.9666267
5337.8000 0.96365988
5338.7000 0.97378159
5339.6000 0.96216452
5340.5000 0.93884432
5341.4000 0.94734401
5342.3000 0.97977245
5343.2000 1.00377738
5344.1000 1.01407886
5345.0000 1.00692642
5345.9000 0.98728341
5346.8000 0.97989243
5347.7000 0.99073374
5348.6000 0.9997099
5349.5000 1.00174975
5350.4000 1.00997746
5351.3000 1.02257216
5352.2000 1.0237093
5353.1000 1.00917089
5354.0000 1.00780284
5354.9000 1.02621877
5355.8000 1.04253006
5356.7000 1.04882145
5357.6000 1.04957485
5358.5000 1.04733181
5359.4000 1.04610133
5360.3000 1.03955972
5361.2000 1.01998842
5362.1000 0.98355484
5363.0000 0.95174032
5363.9000 0.94254303
5364.8000 0.94021142
5365.7000 0.94797134
5366.6000 0.959943
5367.5000 0.96054858
5368.4000 0.9601382
5369.3000 0.9455713
5370.2000 0.9147507
5371.1000 0.89700019
5372.0000 0.91868144
5372.9000 0.96623886
5373.8000 1.0010792
5374.7000 1.01670229
5375.6000 1.02397418
5376.5000 1.02432764
5377.4000 1.01938009
5378.3000 1.01594043
5379.2000 1.00902259
5380.1000 0.99340916
5381.0000 0.98015523
5381.9000 0.97286665
5382.8000 0.9564057
5383.7000 0.95214993
5384.6000 0.98164678
5385.5000 1.0103724
5386.4000 1.01688099
5387.3000 1.01533675
5388.2000 1.01017237
5389.1000 0.99684739
5390.0000 0.98134691
5390.9000 0.97552574
5391.8000 0.96775395
5392.7000 0.95738322
5393.6000 0.96306252
5394.5000 0.98498589
5395.4000 0.99249607
5396.3000 0.96305829
5397.2000 0.93103623
5398.1000 0.9362486
5399.0000 0.9584893
5399.9000 0.96512908
5400.8000 0.96009636
5401.7000 0.96357274
5402.6000 0.95889056
5403.5000 0.92335981
5404.4000 0.88720322
5405.3000 0.87783909
5406.2000 0.89895558
5407.1000 0.93267822
5408.0000 0.95148885
5408.9000 0.94320494
5409.8000 0.91677415
5410.7000 0.90428513
5411.6000 0.92879796
5412.5000 0.96459311
5413.4000 0.96871859
5414.3000 0.93891084
5415.2000 0.92060196
5416.1000 0.94592637
5417.0000 0.98110074
5417.9000 0.99248946
5418.8000 0.9872309
5419.7000 0.9811886
5420.6000 0.97284985
5421.5000 0.96915317
5422.4000 0.96908665
5423.3000 0.94423336
5424.2000 0.90281552
5425.1000 0.89786929
5426.0000 0.93901914
5426.9000 0.97954178
5427.8000 0.9857167
5428.7000 0.95636648
5429.6000 0.92010248
5430.5000 0.92686701
5431.4000 0.96173495
5432.3000 0.96765202
5433.2000 0.94447619
5434.1000 0.92348748
5435.0000 0.92716724
5435.9000 0.95203465
5436.8000 0.97838658
5437.7000 0.99779516
5438.6000 1.00666416
5439.5000 1.00484538
5440.4000 1.00180829
5441.3000 1.00017452
5442.2000 1.00007761
5443.1000 0.99607742
5444.0000 0.97816002
5444.9000 0.94226944
5445.8000 0.90460545
5446.7000 0.88743466
5447.6000 0.91279542
5448.5000 0.96208924
5449.4000 0.99157298
5450.3000 0.99869663
5451.2000 0.99878716
5452.1000 0.99703801
5453.0000 0.99100763
5453.9000 0.97061741
5454.8000 0.92618638
5455.7000 0.89251
5456.6000 0.91776192
5457.5000 0.96639091
5458.4000 0.99073696
5459.3000 0.99375343
5460.2000 0.99226594
5461.1000 0.98096055
5462.0000 0.94369173
5462.9000 0.90273559
5463.8000 0.90132731
5464.7000 0.93208432
5465.6000 0.94970363
5466.5000 0.94569361
5467.4000 0.95086133
5468.3000 0.96660918
5469.2000 0.97747403
5470.1000 0.98223495
5471.0000 0.98118687
5471.9000 0.96879387
5472.8000 0.94493574
5473.7000 0.9294976
5474.6000 0.92739713
5475.5000 0.90365547
5476.4000 0.85138232
5477.3000 0.83198524
5478.2000 0.87112969
5479.1000 0.92120755
5480.0000 0.93982011
5480.9000 0.93240899
5481.8000 0.93140501
5482.7000 0.94858366
5483.6000 0.96867216
5484.5000 0.98003799
5485.4000 0.97830749
5486.3000 0.96231544
5487.2000 0.93932211
5488.1000 0.93271303
5489.0000 0.94654483
5489.9000 0.96366459
5490.8000 0.96958262
5491.7000 0.96794617
5492.6000 0.96035087
5493.5000 0.95104349
5494.4000 0.95117003
5495.3000 0.95650977
5496.2000 0.95140052
5497.1000 0.93246806
5498.0000 0.92717779
5498.9000 0.94765311
5499.8000 0.96172488
5500.7000 0.94610685
5501.6000 0.91381472
5502.5000 0.89672822
5503.4000 0.90907693
5504.3000 0.93065965
5505.2000 0.93612695
5506.1000 0.91981894
5507.0000 0.90965837
5507.9000 0.91730058
5508.8000 0.91861767
5509.7000 0.91096342
5510.6000 0.91098672
5511.5000 0.92287928
5512.4000 0.93653214
5513.3000 0.94916087
5514.2000 0.96024746
5515.1000 0.96654922
5516.0000 0.96571487
5516.9000 0.96270168
5517.8000 0.9626959
5518.7000 0.96157467
5519.6000 0.95720071
5520.5000 0.95147318
5521.4000 0.94600427
5522.3000 0.9471181
5523.2000 0.95199746
5524.1000 0.95016891
5525.0000 0.94106692
5525.9000 0.93437517
5526.8000 0.92957932
5527.7000 0.91233438
5528.6000 0.89540058
5529.5000 0.90465873
5530.4000 0.93126214
5531.3000 0.94792157
5532.2000 0.94936574
5533.1000 0.93837559
5534.0000 0.91115117
5534.9000 0.88231486
5535.8000 0.88671058
5536.7000 0.92162687
5537.6000 0.94688374
5538.5000 0.95230818
5539.4000 0.95259708
5540.3000 0.95414895
5541.2000 0.95258194
5542.1000 0.94014424
5543.0000 0.92053497
5543.9000 0.9091621
5544.8000 0.90950942
5545.7000 0.91577858
5546.6000 0.92495984
5547.5000 0.93690169
5548.4000 0.94774842
5549.3000 0.95207405
5550.2000 0.95457304
5551.1000 0.95768291
5552.0000 0.95064574
5552.9000 0.93884736
5553.8000 0.92786789
5554.7000 0.92335987
5555.6000 0.92931658
5556.5000 0.93578869
5557.4000 0.93801832
5558.3000 0.94042724
5559.2000 0.93600267
5560.1000 0.92893255
5561.0000 0.92467952
5561.9000 0.92120498
5562.8000 0.91280437
5563.7000 0.90770727
5564.6000 0.90515137
5565.5000 0.89918649
5566.4000 0.90319252
5567.3000 0.9130007
5568.2000 0.91330969
5569.1000 0.89883667
5570.0000 0.89890599
5570.9000 0.91556793
5571.8000 0.90638381
5572.7000 0.88033849
5573.6000 0.88949531
5574.5000 0.91634583
5575.4000 0.91554207
5576.3000 0.90347117
5577.2000 0.90968484
5578.1000 0.91907948
5579.0000 0.92584121
5579.9000 0.93478149
5580.8000 0.93562478
5581.7000 0.93237686
5582.6000 0.93338001
5583.5000 0.93842196
5584.4000 0.93816942
5585.3000 0.91598773
5586.2000 0.87472492
5587.1000 0.84985471
5588.0000 0.85895866
5588.9000 0.87900287
5589.8000 0.89883244
5590.7000 0.90947843
5591.6000 0.90487224
5592.5000 0.89976335
5593.4000 0.89333242
5594.3000 0.88536704
5595.2000 0.89674181
5596.1000 0.91886455
5597.0000 0.91984087
5597.9000 0.90092081
5598.8000 0.89348775
5599.7000 0.90085727
5600.6000 0.8999719
5601.5000 0.88469481
5602.4000 0.87006485
5603.3000 0.87741101
5604.2000 0.90515691
5605.1000 0.92527682
5606.0000 0.93162674
5606.9000 0.93310815
5607.8000 0.93223637
5608.7000 0.92881203
5609.6000 0.92596686
5610.5000 0.92658889
5611.4000 0.93094349
5612.3000 0.93614244
5613.2000 0.92958707
5614.1000 0.89661545
5615.0000 0.85477102
5615.9000 0.84383422
5616.8000 0.86958301
5617.7000 0.89650899
5618.6000 0.90361881
5619.5000 0.9041965
5620.4000 0.90896201
5621.3000 0.9190802
5622.2000 0.92303669
5623.1000 0.90509039
5624.0000 0.86671019
5624.9000 0.84799999
5625.8000 0.86782771
5626.7000 0.89095199
5627.6000 0.89824116
5628.5000 0.90567052
5629.4000 0.91451651
5630.3000 0.91682303
5631.2000 0.91729856
5632.1000 0.91541994
5633.0000 0.90916431
5633.9000 0.89940166
5634.8000 0.89387542
5635.7000 0.89711946
5636.6000 0.88982439
5637.5000 0.87003714
5638.4000 0.87006688
5639.3000 0.88944882
5640.2000 0.89799201
5641.1000 0.8905043
5642.0000 0.88733536
5642.9000 0.8944971
5643.8000 0.89954787
5644.7000 0.90505564
5645.6000 0.90992182
5646.5000 0.91370386
5647.4000 0.92071307
5648.3000 0.91827416
5649.2000 0.90486544
5650.1000 0.89372194
5651.0000 0.89734471
5651.9000 0.9081645
5652.8000 0.90815711
5653.7000 0.89349115
5654.6000 0.87588936
5655.5000 0.8730849
5656.4000 0.88663924
5657.3000 0.88572991
5658.2000 0.86174506
5659.1000 0.85399503
5660.0000 0.87587816
5660.9000 0.88981789
5661.8000 0.87133789
5662.7000 0.8445307
5663.6000 0.84751856
5664.5000 0.87636304
5665.4000 0.89809817
5666.3000 0.8981629
5667.2000 0.89011854
5668.1000 0.8900938
5669.0000 0.89802271
5669.9000 0.90589225
5670.8000 0.91039795
5671.7000 0.91216683
5672.6000 0.91168559
5673.5000 0.91114116
5674.4000 0.90463817
5675.3000 0.89805812
5676.2000 0.9011184
5677.1000 0.90313542
5678.0000 0.89549601
5678.9000 0.89023811
5679.8000 0.89389491
5680.7000 0.89506024
5681.6000 0.87944311
5682.5000 0.85904473
5683.4000 0.85836965
5684.3000 0.87220705
5685.2000 0.8783462
5686.1000 0.87141913
5687.0000 0.85926622
5687.9000 0.84928739
5688.8000 0.85431856
5689.7000 0.87287039
5690.6000 0.88537079
5691.5000 0.89103639
5692.4000 0.89365864
5693.3000 0.88922608
5694.2000 0.88494134
5695.1000 0.88385373
5696.0000 0.88747436
5696.9000 0.89472127
5697.8000 0.89521146
5698.7000 0.8909688
5699.6000 0.88600421
5700.5000 0.87696308
5701.4000 0.87092531
5702.3000 0.87737799
5703.2000 0.88799286
5704.1000 0.88428956
5705.0000 0.86497909
5705.9000 0.84989673
5706.8000 0.84978354
5707.7000 0.84875524
5708.6000 0.8335672
5709.5000 0.82148278
5710.4000 0.82878321
5711.3000 0.84334654
5712.2000 0.85641712
5713.1000 0.86864829
5714.0000 0.87125927
5714.9000 0.8673535
5715.8000 0.87002105
5716.7000 0.87682694
5717.6000 0.87783116
5718.5000 0.87776369
5719.4000 0.88252699
5720.3000 0.8838709
5721.2000 0.88444233
5722.1000 0.88739979
5723.0000 0.89111519
5723.9000 0.89382946
5724.8000 0.89298528
5725.7000 0.88986224
5726.6000 0.88625151
5727.5000 0.88499808
5728.4000 0.88614404
5729.3000 0.88618451
5730.2000 0.88317299
5731.1000 0.87488288
5732.0000 0.86844373
5732.9000 0.87403899
5733.8000 0.88475114
5734.7000 0.894023
5735.6000 0.90254521
5736.5000 0.90677035
5737.4000 0.90255082
5738.3000 0.89577192
5739.2000 0.89137352
5740.1000 0.88891286
5741.0000 0.88727367
5741.9000 0.88507515
5742.8000 0.88557005
5743.7000 0.8919028
5744.6000 0.89558983
5745.5000 0.89033377
5746.4000 0.88193792
5747.3000 0.8753171
5748.2000 0.8748585
5749.1000 0.8808313
5750.0000 0.88691151
5750.9000 0.88324749
5751.8000 0.86983079
5752.7000 0.85578567
5753.6000 0.84749717
5754.5000 0.85091019
5755.4000 0.86518264
5756.3000 0.87810838
5757.2000 0.88446939
5758.1000 0.8843323
5759.0000 0.88023067
5759.9000 0.87163806
5760.8000 0.86071074
5761.7000 0.85125834
5762.6000 0.84436601
5763.5000 0.84650856
5764.4000 0.86141807
5765.3000 0.87742168
5766.2000 0.8837778
5767.1000 0.8844012
5768.0000 0.88156402
5768.9000 0.87541151
5769.8000 0.87024605
5770.7000 0.86862254
5771.6000 0.86567277
5772.5000 0.86532968
5773.4000 0.8684575
5774.3000 0.86730993
5775.2000 0.86495167
5776.1000 0.87095129
5777.0000 0.87959504
5777.9000 0.8813929
5778.8000 0.87339973
5779.7000 0.86121887
5780.6000 0.851529
5781.5000 0.84542769
5782.4000 0.84591293
5783.3000 0.84611714
5784.2000 0.84810972
5785.1000 0.84888232
5786.0000 0.85367566
5786.9000 0.8619684
5787.8000 0.86175656
5788.7000 0.85875112
5789.6000 0.85811913
5790.5000 0.85352504
5791.4000 0.8502537
5792.3000 0.8527422
5793.2000 0.8587054
5794.1000 0.85957116
5795.0000 0.86098742
5795.9000 0.8636536
5796.8000 0.85517514
5797.7000 0.84762949
5798.6000 0.84793478
5799.5000 0.85569245
5800.4000 0.86487871
5801.3000 0.86857712
5802.2000 0.86871284
5803.1000 0.86250639
5804.0000 0.85296488
5804.9000 0.84550107
5805.8000 0.84073168
5806.7000 0.84275031
5807.6000 0.84699333
5808.5000 0.84934139
5809.4000 0.85154152
5810.3000 0.85334879
5811.2000 0.8565616
5812.1000 0.85950118
5813.0000 0.85561758
5813.9000 0.8492952
5814.8000 0.84704924
5815.7000 0.84506667
5816.6000 0.83968687
5817.5000 0.84465903
5818.4000 0.85510427
5819.3000 0.86011499
5820.2000 0.86266023
5821.1000 0.86162579
5822.0000 0.86179733
5822.9000 0.85846537
5823.8000 0.85441452
5824.7000 0.85943073
5825.6000 0.86278212
5826.5000 0.85832614
5827.4000 0.85835356
5828.3000 0.85951316
5829.2000 0.85598344
5830.1000 0.85250264
5831.0000 0.85379839
5831.9000 0.85674912
5832.8000 0.85938597
5833.7000 0.85853654
5834.6000 0.85575086
5835.5000 0.85213351
5836.4000 0.85325682
5837.3000 0.85565937
5838.2000 0.85609889
5839.1000 0.85959786
5840.0000 0.86196464
5840.9000 0.86224222
5841.8000 0.86144501
5842.7000 0.85640824
5843.6000 0.85277748
5844.5000 0.85252708
5845.4000 0.85055953
5846.3000 0.84690136
5847.2000 0.84485298
5848.1000 0.84600753
5849.0000 0.85030419
5849.9000 0.85511732
5850.8000 0.85549444
5851.7000 0.84749466
5852.6000 0.83003634
5853.5000 0.80686337
5854.4000 0.80380023
5855.3000 0.82209486
5856.2000 0.83627599
5857.1000 0.83023942
5858.0000 0.81824863
5858.9000 0.81635982
5859.8000 0.81970125
5860.7000 0.82766944
5861.6000 0.8260898
5862.5000 0.81863928
5863.4000 0.82730073
5864.3000 0.84305
5865.2000 0.84850377
5866.1000 0.8474099
5867.0000 0.84562337
5867.9000 0.84675753
5868.8000 0.8488968
5869.7000 0.84712499
5870.6000 0.84507155
5871.5000 0.84462875
5872.4000 0.84348983
5873.3000 0.84338522
5874.2000 0.84539044
5875.1000 0.85149193
5876.0000 0.84992272
5876.9000 0.84018815
5877.8000 0.83953929
5878.7000 0.83714718
5879.6000 0.83137357
5880.5000 0.83460265
5881.4000 0.83797616
5882.3000 0.8351683
5883.2000 0.83143079
5884.1000 0.82787234
5885.0000 0.82698619
5885.9000 0.83033955
5886.8000 0.83524114
5887.7000 0.82907099
5888.6000 0.79860193
5889.5000 0.74955738
5890.4000 0.7289542
5891.3000 0.75961626
5892.2000 0.79618371
5893.1000 0.80850327
5894.0000 0.80102605
5894.9000 0.76953924
5895.8000 0.73054749
5896.7000 0.73619944
5897.6000 0.77923065
5898.5000 0.81029469
5899.4000 0.81909657
5900.3000 0.82194573
5901.2000 0.82461226
5902.1000 0.82680225
5903.0000 0.82641512
5903.9000 0.82364064
5904.8000 0.81857407
5905.7000 0.81589699
5906.6000 0.81919724
5907.5000 0.82544738
5908.4000 0.82673979
5909.3000 0.82443929
5910.2000 0.82443231
5911.1000 0.82653797
5912.0000 0.82657129
5912.9000 0.81553757
5913.8000 0.79466873
5914.7000 0.78730822
5915.6000 0.79901576
5916.5000 0.8166486
5917.4000 0.82633358
5918.3000 0.8255862
5919.2000 0.8235327
5920.1000 0.82255173
5921.0000 0.82155651
5921.9000 0.8223502
5922.8000 0.82359368
5923.7000 0.82399791
5924.6000 0.82455581
5925.5000 0.82489461
5926.4000 0.82254475
5927.3000 0.81923288
5928.2000 0.81033307
5929.1000 0.79446989
5930.0000 0.78026652
5930.9000 0.7834596
5931.8000 0.80198264
5932.7000 0.81523132
5933.6000 0.81200254
5934.5000 0.80348766
5935.4000 0.80594385
5936.3000 0.81460279
5937.2000 0.82110626
5938.1000 0.8240698
5939.0000 0.82427382
5939.9000 0.82274997
5940.8000 0.81550038
5941.7000 0.80996102
5942.6000 0.81167465
5943.5000 0.817213
5944.4000 0.82253718
5945.3000 0.82437104
5946.2000 0.82090425
5947.1000 0.81189167
5948.0000 0.80112296
5948.9000 0.79752892
5949.8000 0.80709451
5950.7000 0.8163296
5951.6000 0.8104986
5952.5000 0.80036432
5953.4000 0.80405903
5954.3000 0.81347662
5955.2000 0.81462532
5956.1000 0.80826753
5957.0000 0.80203766
5957.9000 0.80230719
5958.8000 0.8058756
5959.7000 0.80786151
5960.6000 0.80805022
5961.5000 0.80981261
5962.4000 0.8144213
5963.3000 0.81830722
5964.2000 0.82351857
5965.1000 0.82458907
5966.0000 0.81852323
5966.9000 0.81278741
5967.8000 0.80940241
5968.7000 0.81224173
5969.6000 0.82002532
5970.5000 0.82556623
5971.4000 0.82658738
5972.3000 0.82369137
5973.2000 0.82064992
5974.1000 0.81746966
5975.0000 0.81055152
5975.9000 0.80146068
5976.8000 0.79776198
5977.7000 0.79874235
5978.6000 0.79761726
5979.5000 0.80156344
5980.4000 0.80985361
5981.3000 0.81331712
5982.2000 0.80935693
5983.1000 0.79502428
5984.0000 0.7797085
5984.9000 0.77956307
5985.8000 0.78596342
5986.7000 0.78632319
5987.6000 0.78813791
5988.5000 0.79316932
5989.4000 0.79276067
5990.3000 0.78381687
5991.2000 0.77528912
5992.1000 0.77836937
5993.0000 0.79006064
5993.9000 0.79424691
5994.8000 0.79259419
5995.7000 0.79062402
5996.6000 0.78452206
5997.5000 0.78032666
5998.4000 0.78277862
5999.3000 0.78641474
6000.2000 0.78829592
6001.1000 0.78673506
6002.0000 0.78156024
6002.9000 0.77696115
6003.8000 0.77817798
6004.7000 0.78433812
6005.6000 0.78632015
6006.5000 0.77960587
6007.4000 0.76606685
6008.3000 0.75674689
6009.2000 0.76641953
6010.1000 0.7871989
6011.0000 0.79887283
6011.9000 0.79786611
6012.8000 0.78972453
6013.7000 0.78340793
6014.6000 0.78708947
6015.5000 0.79181862
6016.4000 0.78897899
6017.3000 0.78630149
6018.2000 0.78609341
6019.1000 0.77818018
6020.0000 0.76581872
6020.9000 0.7646969
6021.8000 0.77392548
6022.7000 0.77930713
6023.6000 0.77475095
6024.5000 0.77489829
6025.4000 0.7863782
6026.3000 0.79184002
6027.2000 0.78909385
6028.1000 0.79059672
6029.0000 0.79450095
6029.9000 0.79653358
6030.8000 0.7988863
6031.7000 0.80299836
6032.6000 0.80445772
6033.5000 0.79940242
6034.4000 0.79514152
6035.3000 0.79416347
6036.2000 0.79473311
6037.1000 0.7959801
6038.0000 0.8005541
6038.9000 0.8035211
6039.8000 0.80064535
6040.7000 0.79432517
6041.6000 0.78387523
6042.5000 0.78066212
6043.4000 0.78812271
6044.3000 0.79165035
6045.2000 0.78868848
6046.1000 0.78529054
6047.0000 0.78703696
6047.9000 0.79136562
6048.8000 0.79474354
6049.7000 0.79653335
6050.6000 0.79243618
6051.5000 0.7839787
6052.4000 0.77397561
6053.3000 0.76937515
6054.2000 0.77136058
6055.1000 0.77020043
6056.0000 0.7697112
6056.9000 0.77840102
6057.8000 0.78760272
6058.7000 0.79086173
6059.6000 0.7908324
6060.5000 0.78884435
6061.4000 0.78610063
6062.3000 0.78576297
6063.2000 0.78468525
6064.1000 0.77357078
6065.0000 0.7591815
6065.9000 0.75642473
6066.8000 0.76684958
6067.7000 0.77835131
6068.6000 0.78081501
6069.5000 0.78167301
6070.4000 0.78766352
6071.3000 0.78977334
6072.2000 0.7867893
6073.1000 0.78720987
6074.0000 0.79068673
6074.9000 0.79044431
6075.8000 0.78731453
6076.7000 0.78306258
6077.6000 0.77146679
6078.5000 0.75983202
6079.4000 0.76332617
6080.3000 0.77558959
6081.2000 0.78066874
6082.1000 0.77763957
6083.0000 0.77045196
6083.9000 0.76175004
6084.8000 0.7584402
6085.7000 0.76057124
6086.6000 0.76409024
6087.5000 0.76953518
6088.4000 0.77077323
6089.3000 0.76794887
6090.2000 0.76853633
6091.1000 0.77174085
6092.0000 0.77190095
6092.9000 0.76988053
6093.8000 0.77148032
6094.7000 0.77621931
6095.6000 0.78072
6096.5000 0.78167087
6097.4000 0.78015524
6098.3000 0.78006363
6099.2000 0.77915275
6100.1000 0.77485633
6101.0000 0.76353884
6101.9000 0.74448061
6102.8000 0.73312712
6103.7000 0.742773
6104.6000 0.7608254
6105.5000 0.77199495
6106.4000 0.77382636
6107.3000 0.768704
6108.2000 0.76448387
6109.1000 0.76358312
6110.0000 0.76523805
6110.9000 0.76732832
6111.8000 0.76656979
6112.7000 0.76366949
6113.6000 0.75957721
6114.5000 0.75623196
6115.4000 0.75429869
6116.3000 0.75472558
6117.2000 0.76030874
6118.1000 0.76612639
6119.0000 0.76783115
6119.9000 0.77009165
6120.8000 0.76974201
6121.7000 0.7644698
6122.6000 0.75889194
6123.5000 0.75666726
6124.4000 0.7578668
6125.3000 0.7612235
6126.2000 0.76283473
6127.1000 0.76135719
6128.0000 0.75885165
6128.9000 0.75290674
6129.8000 0.7485317
6130.7000 0.74974263
6131.6000 0.75023478
6132.5000 0.75169307
6133.4000 0.75502324
6134.3000 0.75509965
6135.2000 0.74615085
6136.1000 0.72300881
6137.0000 0.70034987
6137.9000 0.70317984
6138.8000 0.72645807
6139.7000 0.73969233
6140.6000 0.72155088
6141.5000 0.69513035
6142.4000 0.70117837
6143.3000 0.73429602
6144.2000 0.75686651
6145.1000 0.7586695
6146.0000 0.75419939
6146.9000 0.74283463
6147.8000 0.72274256
6148.7000 0.71065366
6149.6000 0.71959126
6150.5000 0.74033254
6151.4000 0.75558406
6152.3000 0.76148385
6153.2000 0.76112187
6154.1000 0.75284523
6155.0000 0.74451154
6155.9000 0.74478
6156.8000 0.74914163
6157.7000 0.7531417
6158.6000 0.75530255
6159.5000 0.75483477
6160.4000 0.75076771
6161.3000 0.74171495
6162.2000 0.73327595
6163.1000 0.73446721
6164.0000 0.74594057
6164.9000 0.7558524
6165.8000 0.75794363
6166.7000 0.75913483
6167.6000 0.75934094
6168.5000 0.75423986
6169.4000 0.74531823
6170.3000 0.73958784
6171.2000 0.7415424
6172.1000 0.74461967
6173.0000 0.74354136
6173.9000 0.74073434
6174.8000 0.73339617
6175.7000 0.72368878
6176.6000 0.72179991
6177.5000 0.73171538
6178.4000 0.74334365
6179.3000 0.74384308
6180.2000 0.74098158
6181.1000 0.74472106
6182.0000 0.74800938
6182.9000 0.74702895
6183.8000 0.74545825
6184.7000 0.74548161
6185.6000 0.74547106
6186.5000 0.74392283
6187.4000 0.74349988
6188.3000 0.74390113
6189.2000 0.74360621
6190.1000 0.73324394
6191.0000 0.71375203
6191.9000 0.71203434
6192.8000 0.73022836
6193.7000 0.74224484
6194.6000 0.74196804
6195.5000 0.74118084
6196.4000 0.74456275
6197.3000 0.74809176
6198.2000 0.74725002
6199.1000 0.74092853
6200.0000 0.73456424
6200.9000 0.73326826
6201.8000 0.73796886
6202.7000 0.74497229
6203.6000 0.74736035
6204.5000 0.75083816
6205.4000 0.75591981
6206.3000 0.75387633
6207.2000 0.74806088
6208.1000 0.743994
6209.0000 0.74267226
6209.9000 0.74510056
6210.8000 0.74697727
6211.7000 0.74288243
6212.6000 0.73381144
6213.5000 0.72401065
6214.4000 0.71672213
6215.3000 0.71823794
6216.2000 0.72836655
6217.1000 0.73718983
6218.0000 0.73613805
6218.9000 0.72690976
6219.8000 0.72350568
6220.7000 0.72825831
6221.6000 0.73207557
6222.5000 0.73410022
6223.4000 0.73546058
6224.3000 0.73665857
6225.2000 0.73878765
6226.1000 0.73908979
6227.0000 0.74188101
6227.9000 0.74650466
6228.8000 0.74061763
6229.7000 0.72131765
6230.6000 0.70411909
6231.5000 0.70342803
6232.4000 0.71251613
6233.3000 0.72444582
6234.2000 0.73491079
6235.1000 0.73666352
6236.0000 0.73270351
6236.9000 0.72444731
6237.8000 0.71090132
6238.7000 0.7005927
6239.6000 0.70381159
6240.5000 0.72000206
6241.4000 0.73692864
6242.3000 0.74249566
6243.2000 0.7360546
6244.1000 0.72822469
6245.0000 0.72070932
6245.9000 0.70439118
6246.8000 0.68628216
6247.7000 0.68553954
6248.6000 0.70164227
6249.5000 0.72154248
6250.4000 0.73468739
6251.3000 0.7342754
6252.2000 0.72008342
6253.1000 0.70394844
6254.0000 0.70037174
6254.9000 0.70432001
6255.8000 0.70910746
6256.7000 0.71986586
6257.6000 0.73056549
6258.5000 0.73329246
6259.4000 0.73290223
6260.3000 0.73157251
6261.2000 0.7300123
6262.1000 0.72812289
6263.0000 0.72933114
6263.9000 0.7328884
6264.8000 0.72905058
6265.7000 0.72677416
6266.6000 0.73089957
6267.5000 0.73157799
6268.4000 0.73005515
6269.3000 0.72792596
6270.2000 0.72424704
6271.1000 0.7212221
6272.0000 0.72062927
6272.9000 0.7218675
6273.8000 0.72473377
6274.7000 0.73083544
6275.6000 0.73633695
6276.5000 0.73707324
6277.4000 0.73033071
6278.3000 0.72038174
6279.2000 0.71731919
6280.1000 0.71945184
6281.0000 0.72451562
6281.9000 0.72892964
6282.8000 0.72817123
6283.7000 0.72923493
6284.6000 0.73143077
6285.5000 0.7300241
6286.4000 0.72645622
6287.3000 0.72401291
6288.2000 0.72444969
6289.1000 0.72284365
6290.0000 0.71886265
6290.9000 0.7165854
6291.8000 0.71636826
6292.7000 0.71760166
6293.6000 0.7209211
6294.5000 0.72182298
6295.4000 0.71811843
6296.3000 0.71334243
6297.2000 0.70989496
6298.1000 0.70414078
6299.0000 0.69888937
6299.9000 0.69848675
6300.8000 0.69288766
6301.7000 0.6834352
6302.6000 0.68598813
6303.5000 0.69850349
6304.4000 0.70640874
6305.3000 0.70834881
6306.2000 0.70873088
6307.1000 0.70981896
6308.0000 0.71109939
6308.9000 0.71071929
6309.8000 0.70947236
6310.7000 0.71092939
6311.6000 0.71356255
6312.5000 0.71055835
6313.4000 0.70148635
6314.3000 0.68994284
6315.2000 0.68198216
6316.1000 0.68007994
6317.0000 0.67973793
6317.9000 0.68024325
6318.8000 0.68432218
6319.7000 0.69274485
6320.6000 0.69900042
6321.5000 0.70157486
6322.4000 0.70019138
6323.3000 0.7017079
6324.2000 0.70944601
6325.1000 0.71418244
6326.0000 0.71026015
6326.9000 0.70579219
6327.8000 0.70528615
6328.7000 0.70611703
6329.6000 0.70570236
6330.5000 0.7027235
6331.4000 0.69655001
6332.3000 0.69293463
6333.2000 0.69355202
6334.1000 0.69058514
6335.0000 0.68000752
6335.9000 0.67148745
6336.8000 0.67304325
6337.7000 0.67952079
6338.6000 0.68265158
6339.5000 0.685103
6340.4000 0.69263768
6341.3000 0.70342761
6342.2000 0.70968133
6343.1000 0.70789111
6344.0000 0.704184
6344.9000 0.69775021
6345.8000 0.67718041
6346.7000 0.65140152
6347.6000 0.64898199
6348.5000 0.66912645
6349.4000 0.68749154
6350.3000 0.69367498
6351.2000 0.69303077
6352.1000 0.69503105
6353.0000 0.69877434
6353.9000 0.69587111
6354.8000 0.69054484
6355.7000 0.6908406
6356.6000 0.69347996
6357.5000 0.69283175
6358.4000 0.69222921
6359.3000 0.69616842
6360.2000 0.69824034
6361.1000 0.69156814
6362.0000 0.68200845
6362.9000 0.67750531
6363.8000 0.68088531
6364.7000 0.68667191
6365.6000 0.69000316
6366.5000 0.69153684
6367.4000 0.68877888
6368.3000 0.68280876
6369.2000 0.6738717
6370.1000 0.6590153
6371.0000 0.64676416
6371.9000 0.65063006
6372.8000 0.66907555
6373.7000 0.6867153
6374.6000 0.69277143
6375.5000 0.69448936
6376.4000 0.69643581
6377.3000 0.69388634
6378.2000 0.69059014
6379.1000 0.69103879
6380.0000 0.68656492
6380.9000 0.68082535
6381.8000 0.68010497
6382.7000 0.67743295
6383.6000 0.67332536
6384.5000 0.67175722
6385.4000 0.67711306
6386.3000 0.68483663
6387.2000 0.68862063
6388.1000 0.69144291
6389.0000 0.69411629
6389.9000 0.69422084
6390.8000 0.69364899
6391.7000 0.68910223
6392.6000 0.67544389
6393.5000 0.66515976
6394.4000 0.67226046
6395.3000 0.68550032
6396.2000 0.69211179
6397.1000 0.69376034
6398.0000 0.68905616
6398.9000 0.67542797
6399.8000 0.6637643
6400.7000 0.66775131
6401.6000 0.68230474
6402.5000 0.6925056
6403.4000 0.69341445
6404.3000 0.69177628
6405.2000 0.69163501
6406.1000 0.6853689
6407.0000 0.67021924
6407.9000 0.66382313
6408.8000 0.67257702
6409.7000 0.68144166
6410.6000 0.67488641
6411.5000 0.66236585
6412.4000 0.66497576
6413.3000 0.67597955
6414.2000 0.6776492
6415.1000 0.66954529
6416.0000 0.66057062
6416.9000 0.65973091
6417.8000 0.66834968
6418.7000 0.67408699
6419.6000 0.66507763
6420.5000 0.65017384
6421.4000 0.65215033
6422.3000 0.66793168
6423.2000 0.68334484
6424.1000 0.69035196
6425.0000 0.6891402
6425.9000 0.68867874
6426.8000 0.68888897
6427.7000 0.68672001
6428.6000 0.6819824
6429.5000 0.6757946
6430.4000 0.66461694
6431.3000 0.65256876
6432.2000 0.64738852
6433.1000 0.65368569
6434.0000 0.66711795
6434.9000 0.67709392
6435.8000 0.6806581
6436.7000 0.6795789
6437.6000 0.67174989
6438.5000 0.66198975
6439.4000 0.6615116
6440.3000 0.66727614
6441.2000 0.67541432
6442.1000 0.67827874
6443.0000 0.67490733
6443.9000 0.67355305
6444.8000 0.67551863
6445.7000 0.67554408
6446.6000 0.67429042
6447.5000 0.67788845
6448.4000 0.6809637
6449.3000 0.68081862
6450.2000 0.68108749
6451.1000 0.67859691
6452.0000 0.6753692
6452.9000 0.67531538
6453.8000 0.67406458
6454.7000 0.66226906
6455.6000 0.6364572
6456.5000 0.62260407
6457.4000 0.63632816
6458.3000 0.65890235
6459.2000 0.67075765
6460.1000 0.67168504
6461.0000 0.66652703
6461.9000 0.6530894
6462.8000 0.64619601
6463.7000 0.65528178
6464.6000 0.66707325
6465.5000 0.67334795
6466.4000 0.67253894
6467.3000 0.66660887
6468.2000 0.6643126
6469.1000 0.66324538
6470.0000 0.663225
6470.9000 0.66700298
6471.8000 0.67041969
6472.7000 0.67285526
6473.6000 0.67431551
6474.5000 0.67039114
6475.4000 0.66378444
6476.3000 0.6614455
6477.2000 0.66181445
6478.1000 0.66377175
6479.0000 0.66552889
6479.9000 0.66497046
6480.8000 0.65975177
6481.7000 0.6502195
6482.6000 0.64271289
6483.5000 0.64346009
6484.4000 0.64941561
6485.3000 0.65570384
6486.2000 0.6597802
6487.1000 0.66060972
6488.0000 0.66050959
6488.9000 0.65843803
6489.8000 0.65108502
6490.7000 0.64101529
6491.6000 0.63633412
6492.5000 0.63433582
6493.4000 0.62540627
6494.3000 0.60560787
6495.2000 0.58358657
6496.1000 0.56965059
6497.0000 0.57779515
6497.9000 0.61041492
6498.8000 0.64065099
6499.7000 0.65527415
6500.6000 0.65800619
6501.5000 0.65587604
6502.4000 0.65341496
6503.3000 0.65233886
6504.2000 0.65027308
6505.1000 0.64722747
6506.0000 0.64609486
6506.9000 0.64844948
6507.8000 0.65277159
6508.7000 0.65729833
6509.6000 0.65995067
6510.5000 0.65602702
6511.4000 0.65061939
6512.3000 0.65297097
6513.2000 0.65587682
6514.1000 0.64710969
6515.0000 0.62806845
6515.9000 0.61304933
6516.8000 0.61530292
6517.7000 0.62556618
6518.6000 0.63595557
6519.5000 0.64525837
6520.4000 0.65060574
6521.3000 0.65372199
6522.2000 0.65032667
6523.1000 0.64455712
6524.0000 0.64311749
6524.9000 0.63784468
6525.8000 0.62823778
6526.7000 0.62314695
6527.6000 0.62580591
6528.5000 0.63034248
6529.4000 0.62882066
6530.3000 0.62407178
6531.2000 0.62426746
6532.1000 0.62657177
6533.0000 0.62414211
6533.9000 0.61747831
6534.8000 0.61515188
6535.7000 0.61713409
6536.6000 0.61702114
6537.5000 0.61605459
6538.4000 0.61492324
6539.3000 0.61243415
6540.2000 0.61054188
6541.1000 0.60598463
6542.0000 0.59874326
6542.9000 0.59347624
6543.8000 0.59173185
6544.7000 0.58464152
6545.6000 0.5689826
6546.5000 0.56131572
6547.4000 0.56413633
6548.3000 0.56743699
6549.2000 0.56887406
6550.1000 0.56484282
6551.0000 0.55719382
6551.9000 0.54954535
6552.8000 0.538719
6553.7000 0.52817953
6554.6000 0.51769209
6555.5000 0.50408864
6556.4000 0.49052703
6557.3000 0.47475418
6558.2000 0.45752111
6559.1000 0.43862045
6560.0000 0.41031995
6560.9000 0.36635715
6561.8000 0.306656
6562.7000 0.26583502
6563.6000 0.28445545
6564.5000 0.34266067
6565.4000 0.39654204
6566.3000 0.43154636
6567.2000 0.45366922
6568.1000 0.46939147
6569.0000 0.48395929
6569.9000 0.50087285
6570.8000 0.51739007
6571.7000 0.52932513
6572.6000 0.53678882
6573.5000 0.54218107
6574.4000 0.54784691
6575.3000 0.55453265
6576.2000 0.56195271
6577.1000 0.56893539
6578.0000 0.57458884
6578.9000 0.57968628
6579.8000 0.58213592
6580.7000 0.58221096
6581.6000 0.58246714
6582.5000 0.58619106
6583.4000 0.59233254
6584.3000 0.59637171
6585.2000 0.59812146
6586.1000 0.59799671
6587.0000 0.59702867
6587.9000 0.59847587
6588.8000 0.60380089
6589.7000 0.60851443
6590.6000 0.60669494
6591.5000 0.59623528
6592.4000 0.58131284
6593.3000 0.57636988
6594.2000 0.58735251
6595.1000 0.60282177
6596.0000 0.61071765
6596.9000 0.61108816
6597.8000 0.60989887
6598.7000 0.61180329
6599.6000 0.61678535
6600.5000 0.61801267
6601.4000 0.6184485
6602.3000 0.6224755
6603.2000 0.62573159
6604.1000 0.6245532
6605.0000 0.62083745
6605.9000 0.61680537
6606.8000 0.61548942
6607.7000 0.61811668
6608.6000 0.61795527
6609.5000 0.61605012
6610.4000 0.62042707
6611.3000 0.62557369
6612.2000 0.62207174
6613.1000 0.61159074
6614.0000 0.60642558
6614.9000 0.61080021
6615.8000 0.6172576
6616.7000 0.62056261
6617.6000 0.6216802
6618.5000 0.62054819
6619.4000 0.61883181
6620.3000 0.62046039
6621.2000 0.62297994
6622.1000 0.62283963
6623.0000 0.62172365
6623.9000 0.62120366
6624.8000 0.62156355
6625.7000 0.62235582
6626.6000 0.62165278
6627.5000 0.62017536
6628.4000 0.61998922
6629.3000 0.62044293
6630.2000 0.62235165
6631.1000 0.62396151
6632.0000 0.61966491
6632.9000 0.60992968
6633.8000 0.60055482
6634.7000 0.60057116
6635.6000 0.60862011
6636.5000 0.61528295
6637.4000 0.61923647
6638.3000 0.62233239
6639.2000 0.6231119
6640.1000 0.62221289
6641.0000 0.62261003
6641.9000 0.62099117
6642.8000 0.6136511
6643.7000 0.60619557
6644.6000 0.60490936
6645.5000 0.60938686
6646.4000 0.6152243
6647.3000 0.61773866
6648.2000 0.61949825
6649.1000 0.62250161
6650.0000 0.62311155
6650.9000 0.61939633
6651.8000 0.61424953
6652.7000 0.61495018
6653.6000 0.61924231
6654.5000 0.62060928
6655.4000 0.62011671
6656.3000 0.61970615
6657.2000 0.61944193
6658.1000 0.61875665
6659.0000 0.61722755
6659.9000 0.61494088
6660.8000 0.61262935
6661.7000 0.61038208
6662.6000 0.60572118
6663.5000 0.60273784
6664.4000 0.60697967
6665.3000 0.61380512
6666.2000 0.616
6667.1000 0.61427259
6668.0000 0.61355239
6668.9000 0.61456388
6669.8000 0.61681849
6670.7000 0.61975229
6671.6000 0.62059784
6672.5000 0.62005538
6673.4000 0.61962813
6674.3000 0.62007242
6675.2000 0.62140542
6676.1000 0.61709738
6677.0000 0.60156512
6677.9000 0.58697236
6678.8000 0.59051901
6679.7000 0.60497332
6680.6000 0.61372554
6681.5000 0.61498094
6682.4000 0.61262822
6683.3000 0.61009014
6684.2000 0.60889554
6685.1000 0.61034817
6686.0000 0.61598665
6686.9000 0.62199229
6687.8000 0.62510151
6688.7000 0.62296861
6689.6000 0.61769313
6690.5000 0.61646068
6691.4000 0.61688817
6692.3000 0.61627746
6693.2000 0.61782688
6694.1000 0.62034333
6695.0000 0.61947829
6695.9000 0.61534888
6696.8000 0.61307377
6697.7000 0.61228943
6698.6000 0.61101079
6699.5000 0.61132854
6700.4000 0.6128515
6701.3000 0.61359435
6702.2000 0.61378837
6703.1000 0.61205065
6704.0000 0.60833585
6704.9000 0.60697401
6705.8000 0.60919565
6706.7000 0.61058879
6707.6000 0.60945523
6708.5000 0.60835201
6709.4000 0.60977715
6710.3000 0.61018461
6711.2000 0.60735983
6712.1000 0.60585219
6713.0000 0.60477686
6713.9000 0.60373372
6714.8000 0.60400224
6715.7000 0.6041345
6716.6000 0.60293251
6717.5000 0.59952116
6718.4000 0.59882766
6719.3000 0.6018874
6720.2000 0.60404539
6721.1000 0.60008055
6722.0000 0.59505409
6722.9000 0.59531087
6723.8000 0.59756106
6724.7000 0.59896594
6725.6000 0.59733337
6726.5000 0.59673047
6727.4000 0.598306
6728.3000 0.59774238
6729.2000 0.59871387
6730.1000 0.60260516
6731.0000 0.60334909
6731.9000 0.60085565
6732.8000 0.59758759
6733.7000 0.59764475
6734.6000 0.60118669
6735.5000 0.60280055
6736.4000 0.60212141
6737.3000 0.60516292
6738.2000 0.60572004
6739.1000 0.59973854
6740.0000 0.59862679
6740.9000 0.6008575
6741.8000 0.5969606
6742.7000 0.59149241
6743.6000 0.59041232
6744.5000 0.59580356
6745.4000 0.60405642
6746.3000 0.60424525
6747.2000 0.59513557
6748.1000 0.58342391
6749.0000 0.57687795
6749.9000 0.57985902
6750.8000 0.58885765
6751.7000 0.5953272
6752.6000 0.59916633
6753.5000 0.60199809
6754.4000 0.59878612
6755.3000 0.59326208
6756.2000 0.58773053
6757.1000 0.58419746
6758.0000 0.59062546
6758.9000 0.59866816
6759.8000 0.60044461
6760.7000 0.59987187
6761.6000 0.59790522
6762.5000 0.59603733
6763.4000 0.59703803
6764.3000 0.59848142
6765.2000 0.59705317
6766.1000 0.59231687
6767.0000 0.58339506
6767.9000 0.57908851
6768.8000 0.58490461
6769.7000 0.59099483
6770.6000 0.59154975
6771.5000 0.58909076
6772.4000 0.58599162
6773.3000 0.58545077
6774.2000 0.59129125
6775.1000 0.59758639
6776.0000 0.59919614
6776.9000 0.59953195
6777.8000 0.59957945
6778.7000 0.60085189
6779.6000 0.60017544
6780.5000 0.59930694
6781.4000 0.59779745
6782.3000 0.59455633
6783.2000 0.59422231
6784.1000 0.59393442
6785.0000 0.59198719
6785.9000 0.58987248
6786.8000 0.59049082
6787.7000 0.59346491
6788.6000 0.59580302
6789.5000 0.5937745
6790.4000 0.58907157
6791.3000 0.58773732
6792.2000 0.59112298
6793.1000 0.58966053
6794.0000 0.5823667
6794.9000 0.57920361
6795.8000 0.58239657
6796.7000 0.58713496
6797.6000 0.58915722
6798.5000 0.58629274
6799.4000 0.58439904
6800.3000 0.58605522
6801.2000 0.58730602
6802.1000 0.58719832
6803.0000 0.58500618
6803.9000 0.58215386
6804.8000 0.57978225
6805.7000 0.58080244
6806.6000 0.58442765
6807.5000 0.58669811
6808.4000 0.58577585
6809.3000 0.58321476
6810.2000 0.58563226
6811.1000 0.59041733
6812.0000 0.5892728
6812.9000 0.58713394
6813.8000 0.58560616
6814.7000 0.58351016
6815.6000 0.58252931
6816.5000 0.58337063
6817.4000 0.58505845
6818.3000 0.58497638
6819.2000 0.58510655
6820.1000 0.58265597
6821.0000 0.58063817
6821.9000 0.58350086
6822.8000 0.58869827
6823.7000 0.59292227
6824.6000 0.59217978
6825.5000 0.58909696
6826.4000 0.58570999
6827.3000 0.58196175
6828.2000 0.58265609
6829.1000 0.58689761
6830.0000 0.58908206
6830.9000 0.58926511
6831.8000 0.59083951
6832.7000 0.59253258
6833.6000 0.59032214
6834.5000 0.58615249
6835.4000 0.58566874
6836.3000 0.58608145
6837.2000 0.58390719
6838.1000 0.58129185
6839.0000 0.57958853
6839.9000 0.5765034
6840.8000 0.57041228
6841.7000 0.56708312
6842.6000 0.56673491
6843.5000 0.56790125
6844.4000 0.57534397
6845.3000 0.58543873
6846.2000 0.58980834
6847.1000 0.58747655
6848.0000 0.58290398
6848.9000 0.58101058
6849.8000 0.58201122
6850.7000 0.58557814
6851.6000 0.58986068
6852.5000 0.59208876
6853.4000 0.58903301
6854.3000 0.57964295
6855.2000 0.57191437
6856.1000 0.572604
6857.0000 0.57581133
6857.9000 0.57613665
6858.8000 0.5766564
6859.7000 0.57774431
6860.6000 0.57715297
6861.5000 0.57755136
6862.4000 0.58005267
6863.3000 0.58238941
6864.2000 0.58456713
6865.1000 0.58602929
6866.0000 0.58332449
6866.9000 0.5765149
6867.8000 0.57022965
6868.7000 0.56911242
6869.6000 0.57208687
6870.5000 0.57488161
6871.4000 0.57470995
6872.3000 0.57244509
6873.2000 0.57251018
6874.1000 0.57298249
6875.0000 0.57486445
6875.9000 0.5764786
6876.8000 0.57574648
6877.7000 0.57718527
6878.6000 0.57911563
6879.5000 0.58353847
6880.4000 0.58625752
6881.3000 0.57882887
6882.2000 0.56953901
6883.1000 0.56586093
6884.0000 0.56753504
6884.9000 0.56946987
6885.8000 0.56704211
6886.7000 0.56792372
6887.6000 0.57419115
6888.5000 0.57703048
6889.4000 0.57744676
6890.3000 0.57779038
6891.2000 0.57568645
6892.1000 0.56983352
6893.0000 0.56929308
6893.9000 0.57593429
6894.8000 0.57358676
6895.7000 0.56343091
6896.6000 0.56094152
6897.5000 0.56673777
6898.4000 0.56773943
6899.3000 0.56549704
6900.2000 0.56855887
6901.1000 0.5746544
6902.0000 0.57538027
6902.9000 0.57097888
6903.8000 0.56613731
6904.7000 0.56499642
6905.6000 0.56518424
6906.5000 0.56563908
6907.4000 0.56890857
6908.3000 0.57193786
6909.2000 0.57582378
6910.1000 0.58105063
6911.0000 0.58146805
6911.9000 0.57722104
6912.8000 0.57199842
6913.7000 0.56939942
6914.6000 0.56965691
6915.5000 0.56934899
6916.4000 0.56783688
6917.3000 0.56726253
6918.2000 0.56915748
6919.1000 0.57272762
6920.0000 0.57525343
6920.9000 0.57431
6921.8000 0.57113212
6922.7000 0.56813103
6923.6000 0.5693441
6924.5000 0.57235283
6925.4000 0.57162291
6926.3000 0.56946224
6927.2000 0.56948537
6928.1000 0.56901103
6929.0000 0.56943136
6929.9000 0.57114416
6930.8000 0.57037443
6931.7000 0.56739342
6932.6000 0.5652467
6933.5000 0.56606436
6934.4000 0.56853223
6935.3000 0.57082164
6936.2000 0.56968457
6937.1000 0.56584448
6938.0000 0.56540668
6938.9000 0.56737822
6939.8000 0.56639576
6940.7000 0.5653764
6941.6000 0.56625652
6942.5000 0.56625617
6943.4000 0.56421769
6944.3000 0.56011915
6945.2000 0.55622727
6946.1000 0.55636001
6947.0000 0.55936265
6947.9000 0.56302243
6948.8000 0.5636152
6949.7000 0.56158179
6950.6000 0.55796802
6951.5000 0.55501413
6952.4000 0.55841619
6953.3000 0.56120646
6954.2000 0.56012261
6955.1000 0.5590452
6956.0000 0.55784422
6956.9000 0.55858421
6957.8000 0.56200355
6958.7000 0.56267732
6959.6000 0.55877227
6960.5000 0.5560596
6961.4000 0.55850691
6962.3000 0.56200618
6963.2000 0.56463361
6964.1000 0.56484216
6965.0000 0.56135917
6965.9000 0.55930954
6966.8000 0.56101501
6967.7000 0.56584954
6968.6000 0.56908232
6969.5000 0.56839758
6970.4000 0.56901675
6971.3000 0.57031918
6972.2000 0.56859761
6973.1000 0.56495339
6974.0000 0.56011301
6974.9000 0.55513883
6975.8000 0.55120122
6976.7000 0.54802626
6977.6000 0.54295397
6978.5000 0.54020083
6979.4000 0.54595256
6980.3000 0.55438513
6981.2000 0.55871552
6982.1000 0.56123137
6983.0000 0.56279147
6983.9000 0.56090951
6984.8000 0.55772841
6985.7000 0.55669695
6986.6000 0.55736381
6987.5000 0.55903333
6988.4000 0.5590995
6989.3000 0.55736482
6990.2000 0.55796826
6991.1000 0.5600872
6992.0000 0.56156117
6992.9000 0.56251699
6993.8000 0.56179738
6994.7000 0.55913919
6995.6000 0.55590135
6996.5000 0.55540854
6997.4000 0.55653375
6998.3000 0.55125517
6999.2000 0.54393613
7000.1000 0.54577428
7001.0000 0.55112439
7001.9000 0.55350769
7002.8000 0.55199122
7003.7000 0.54675466
7004.6000 0.53907192
7005.5000 0.53497505
7006.4000 0.54010546
7007.3000 0.54855758
7008.2000 0.55190468
7009.1000 0.55208319
7010.0000 0.55122578
7010.9000 0.54838485
7011.8000 0.54657948
7012.7000 0.54708147
7013.6000 0.5456149
7014.5000 0.54251367
7015.4000 0.53986567
7016.3000 0.53474504
7017.2000 0.53163373
7018.1000 0.53709137
7019.0000 0.54431599
7019.9000 0.54639608
7020.8000 0.54698223
7021.7000 0.54673529
7022.6000 0.54168057
7023.5000 0.53560019
7024.4000 0.53344446
7025.3000 0.53468674
7026.2000 0.54014766
7027.1000 0.54573995
7028.0000 0.54687428
7028.9000 0.54548997
7029.8000 0.54554486
7030.7000 0.54806536
7031.6000 0.5500502
7032.5000 0.54923379
7033.4000 0.54718196
7034.3000 0.54347789
7035.2000 0.5395596
7036.1000 0.53960615
7037.0000 0.53967035
7037.9000 0.53570497
7038.8000 0.53334099
7039.7000 0.5391174
7040.6000 0.54490769
7041.5000 0.54279959
7042.4000 0.54069501
7043.3000 0.54317456
7044.2000 0.54444611
7045.1000 0.54205203
7046.0000 0.54147339
7046.9000 0.54222739
7047.8000 0.54172623
7048.7000 0.54360825
7049.6000 0.5453974
7050.5000 0.54428607
7051.4000 0.54296315
7052.3000 0.54451376
7053.2000 0.54497522
7054.1000 0.54265684
7055.0000 0.54297513
7055.9000 0.54574943
7056.8000 0.54637736
7057.7000 0.54577774
7058.6000 0.54664338
7059.5000 0.54855162
7060.4000 0.54928416
7061.3000 0.5482403
7062.2000 0.54640055
7063.1000 0.54562789
7064.0000 0.54662782
7064.9000 0.54849577
7065.8000 0.55110162
7066.7000 0.54890007
7067.6000 0.53812867
7068.5000 0.52964419
7069.4000 0.53175706
7070.3000 0.53664726
7071.2000 0.5360797
7072.1000 0.53267562
7073.0000 0.53235984
7073.9000 0.53611261
7074.8000 0.54181468
7075.7000 0.54718959
7076.6000 0.54790932
7077.5000 0.54651034
7078.4000 0.54456276
7079.3000 0.5427404
7080.2000 0.54440504
7081.1000 0.54505616
7082.0000 0.54180908
7082.9000 0.53612703
7083.8000 0.52993357
7084.7000 0.52712297
7085.6000 0.52879429
7086.5000 0.53303313
7087.4000 0.53721178
7088.3000 0.53928965
7089.2000 0.53967899
7090.1000 0.53794062
7091.0000 0.53623134
7091.9000 0.53683573
7092.8000 0.5370844
7093.7000 0.53879362
7094.6000 0.54117525
7095.5000 0.53807771
7096.4000 0.53260881
7097.3000 0.53269768
7098.2000 0.53948432
7099.1000 0.54415512
7100.0000 0.54009748
7100.9000 0.53375232
7101.8000 0.53157675
7102.7000 0.5319137
7103.6000 0.53230983
7104.5000 0.53558153
7105.4000 0.54034144
7106.3000 0.53891081
7107.2000 0.53493339
7108.1000 0.53525043
7109.0000 0.53786486
7109.9000 0.53804392
7110.8000 0.53475809
7111.7000 0.53225672
7112.6000 0.53298879
7113.5000 0.53679532
7114.4000 0.53960365
7115.3000 0.53652889
7116.2000 0.5324468
7117.1000 0.53213996
7118.0000 0.53507257
7118.9000 0.53739148
7119.8000 0.53429079
7120.7000 0.52518553
7121.6000 0.51321805
7122.5000 0.50992918
7123.4000 0.51829082
7124.3000 0.52582598
7125.2000 0.5288471
7126.1000 0.53130239
7127.0000 0.53600901
7127.9000 0.5373283
7128.8000 0.5334087
7129.7000 0.52936596
7130.6000 0.52563745
7131.5000 0.52471435
7132.4000 0.52638263
7133.3000 0.52855188
7134.2000 0.53304976
7135.1000 0.53847164
7136.0000 0.54349649
7136.9000 0.54567504
7137.8000 0.54376864
7138.7000 0.54347867
7139.6000 0.5440197
7140.5000 0.54068071
7141.4000 0.53641051
7142.3000 0.53698277
7143.2000 0.54250735
7144.1000 0.54571623
7145.0000 0.54395783
7145.9000 0.54020894
7146.8000 0.53758824
7147.7000 0.53707445
7148.6000 0.53720737
7149.5000 0.53876364
7150.4000 0.54039758
7151.3000 0.5385341
7152.2000 0.53657007
7153.1000 0.5373953
7154.0000 0.54020476
7154.9000 0.5436309
7155.8000 0.54650962
7156.7000 0.54628307
7157.6000 0.54085392
7158.5000 0.53651881
7159.4000 0.53643394
7160.3000 0.53619343
7161.2000 0.53512228
7162.1000 0.53346384
7163.0000 0.52682006
7163.9000 0.51443857
7164.8000 0.506244
7165.7000 0.51113915
7166.6000 0.52159363
7167.5000 0.52969921
7168.4000 0.53678417
7169.3000 0.54118371
7170.2000 0.54044539
7171.1000 0.53753006
7172.0000 0.53484988
7172.9000 0.53305763
7173.8000 0.53426772
7174.7000 0.53603876
7175.6000 0.53309697
7176.5000 0.5291332
7177.4000 0.52810788
7178.3000 0.52616602
7179.2000 0.52543813
7180.1000 0.52352911
7181.0000 0.51709932
7181.9000 0.51420975
7182.8000 0.51900041
7183.7000 0.52304626
7184.6000 0.52109885
7185.5000 0.51704621
7186.4000 0.51040894
7187.3000 0.50516641
7188.2000 0.51038456
7189.1000 0.51838225
7190.0000 0.52338439
7190.9000 0.52675211
7191.8000 0.52439445
7192.7000 0.51761335
7193.6000 0.51378888
7194.5000 0.51410896
7195.4000 0.51510137
7196.3000 0.51701701
7197.2000 0.51869076
7198.1000 0.51834673
7199.0000 0.52130127
7199.9000 0.52654946
7200.8000 0.526088
7201.7000 0.52206445
7202.6000 0.52075684
7203.5000 0.52145141
7204.4000 0.52030081
7205.3000 0.51612282
7206.2000 0.50585186
7207.1000 0.49652228
7208.0000 0.50178742
7208.9000 0.51438248
7209.8000 0.52041191
7210.7000 0.52098989
7211.6000 0.52164263
7212.5000 0.52254558
7213.4000 0.52139789
7214.3000 0.51608682
7215.2000 0.51270211
7216.1000 0.51465183
7217.0000 0.51660448
7217.9000 0.51669019
7218.8000 0.5154143
7219.7000 0.51529711
7220.6000 0.51485515
7221.5000 0.51220155
7222.4000 0.51064724
7223.3000 0.50762314
7224.2000 0.5076924
7225.1000 0.51358581
7226.0000 0.52049226
7226.9000 0.52587903
7227.8000 0.5271939
7228.7000 0.52522999
7229.6000 0.5263443
7230.5000 0.53059137
7231.4000 0.53335136
7232.3000 0.53644031
7233.2000 0.53786302
7234.1000 0.5312261
7235.0000 0.52104008
7235.9000 0.51886296
7236.8000 0.51993275
7237.7000 0.5200457
7238.6000 0.51941735
7239.5000 0.51670218
7240.4000 0.51232797
7241.3000 0.5116753
7242.2000 0.51583457
7243.1000 0.51771104
7244.0000 0.51603246
7244.9000 0.51379442
7245.8000 0.51350433
7246.7000 0.51463675
7247.6000 0.51722383
7248.5000 0.51638484
7249.4000 0.50857317
7250.3000 0.50051939
7251.2000 0.50211865
7252.1000 0.51244801
7253.0000 0.52021462
7253.9000 0.52026772
7254.8000 0.51642209
7255.7000 0.51447928
7256.6000 0.51364648
7257.5000 0.51418215
7258.4000 0.51649296
7259.3000 0.51878357
7260.2000 0.51958275
7261.1000 0.51629007
7262.0000 0.51279354
7262.9000 0.51160234
7263.8000 0.51237649
7264.7000 0.51574749
7265.6000 0.5178619
7266.5000 0.51790684
7267.4000 0.51754159
7268.3000 0.51706964
7269.2000 0.51575565
7270.1000 0.51489669
7271.0000 0.51566446
7271.9000 0.51450104
7272.8000 0.51065511
7273.7000 0.50682664
7274.6000 0.50502282
7275.5000 0.50553
7276.4000 0.50790727
7277.3000 0.51012778
7278.2000 0.50956005
7279.1000 0.50920403
7280.0000 0.51262182
7280.9000 0.51178008
7281.8000 0.50336552
7282.7000 0.49558082
7283.6000 0.49467757
7284.5000 0.49761
7285.4000 0.4993279
7286.3000 0.50115818
7287.2000 0.50093931
7288.1000 0.49307993
7289.0000 0.48653263
7289.9000 0.48961195
7290.8000 0.49802947
7291.7000 0.50606626
7292.6000 0.50648433
7293.5000 0.50441098
7294.4000 0.50846016
7295.3000 0.51302087
7296.2000 0.51497591
7297.1000 0.51744288
7298.0000 0.51978195
7298.9000 0.51810426
7299.8000 0.51030952
7300.7000 0.50429368
7301.6000 0.50714058
7302.5000 0.51636523
7303.4000 0.52329504
7304.3000 0.52358359
7305.2000 0.51987052
7306.1000 0.51025486
7307.0000 0.49715516
7307.9000 0.49083832
7308.8000 0.49263889
7309.7000 0.49556196
7310.6000 0.49748901
7311.5000 0.50336438
7312.4000 0.51186699
7313.3000 0.5158937
7314.2000 0.51611823
7315.1000 0.5147
7316.0000 0.51348048
7316.9000 0.51308954
7317.8000 0.51089793
7318.7000 0.50650442
7319.6000 0.49946234
7320.5000 0.49362254
7321.4000 0.49546766
7322.3000 0.50130349
7323.2000 0.50652027
7324.1000 0.51083547
7325.0000 0.51183826
7325.9000 0.50785935
7326.8000 0.50254083
7327.7000 0.50154924
7328.6000 0.50295389
7329.5000 0.5023765
7330.4000 0.49959156
7331.3000 0.49728444
7332.2000 0.49999675
7333.1000 0.50549102
7334.0000 0.50701785
7334.9000 0.50474364
7335.8000 0.50391573
7336.7000 0.50745744
7337.6000 0.51043063
7338.5000 0.51126486
7339.4000 0.51338476
7340.3000 0.51289719
7341.2000 0.50810504
7342.1000 0.50384039
7343.0000 0.50074178
7343.9000 0.49822551
7344.8000 0.49863684
7345.7000 0.50145531
7346.6000 0.50296068
7347.5000 0.50538903
7348.4000 0.51008636
7349.3000 0.51083511
7350.2000 0.50538629
7351.1000 0.49820092
7352.0000 0.49571887
7352.9000 0.49671686
7353.8000 0.49707857
7354.7000 0.49744856
7355.6000 0.49804389
7356.5000 0.50142556
7357.4000 0.50442487
7358.3000 0.50195569
7359.2000 0.49988291
7360.1000 0.50064313
7361.0000 0.49982378
7361.9000 0.49683225
7362.8000 0.49256659
7363.7000 0.48965171
7364.6000 0.4907237
7365.5000 0.49227712
7366.4000 0.49294963
7367.3000 0.49462676
7368.2000 0.4955028
7369.1000 0.49388859
7370.0000 0.49081767
7370.9000 0.48868477
7371.8000 0.48677725
7372.7000 0.4843061
7373.6000 0.48323148
7374.5000 0.48300931
7375.4000 0.48180452
7376.3000 0.48098877
7377.2000 0.48068228
7378.1000 0.48052591
7379.0000 0.48390213
7379.9000 0.4864507
7380.8000 0.48361772
7381.7000 0.48169866
7382.6000 0.48184931
7383.5000 0.4789578
7384.4000 0.47247726
7385.3000 0.46486199
7386.2000 0.46151409
7387.1000 0.46336955
7388.0000 0.46717364
7388.9000 0.46909571
7389.8000 0.46931994
7390.7000 0.47420526
7391.6000 0.47701514
7392.5000 0.47129723
7393.4000 0.46625617
7394.3000 0.46851978
7395.2000 0.4744291
7396.1000 0.47625384
7397.0000 0.47689566
7397.9000 0.47834501
7398.8000 0.47694731
7399.7000 0.47455263
7400.6000 0.47581154
7401.5000 0.48095283
7402.4000 0.48552036
7403.3000 0.48572469
7404.2000 0.48195669
7405.1000 0.47612748
7406.0000 0.47411636
7406.9000 0.47711414
7407.8000 0.47681201
7408.7000 0.47012514
7409.6000 0.46292934
7410.5000 0.4606925
7411.4000 0.46118689
7412.3000 0.37972361
7413.2000 0.0877315
7414.1000 0.0018206
7415.0000 0.00000213
7415.9000 0
7416.8000 0
7417.7000 0
7418.6000 0
7419.5000 0
7420.4000 0
7421.3000 0
7422.2000 0
7423.1000 0
7424.0000 0
7424.9000 0
7425.8000 0
7426.7000 0
7427.6000 0
7428.5000 0
7429.4000 0
