3500.000	0.0000
3500.900	0.0000
3501.800	0.0000
3502.700	0.0000
3503.600	0.0000
3504.500	0.0000
3505.400	0.0000
3506.300	0.0000
3507.200	0.0000
3508.100	0.0000
3509.000	0.0000
3509.900	0.0000
3510.800	0.0000
3511.700	0.0000
3512.600	0.0000
3513.500	0.0000
3514.400	0.0000
3515.300	0.0000
3516.200	0.0000
3517.100	0.0000
3518.000	0.0000
3518.900	0.0000
3519.800	0.0000
3520.700	0.0000
3521.600	0.0000
3522.500	0.0000
3523.400	0.0000
3524.300	0.0000
3525.200	0.0000
3526.100	0.0000
3527.000	0.0000
3527.900	0.0000
3528.800	0.0000
3529.700	0.0000
3530.600	0.0000
3531.500	0.0000
3532.400	0.0000
3533.300	0.0000
3534.200	0.0000
3535.100	0.0220
3536.000	0.6812
3536.900	0.7186
3537.800	0.7436
3538.700	0.7621
3539.600	0.7625
3540.500	0.7497
3541.400	0.7388
3542.300	0.7432
3543.200	0.7627
3544.100	0.7654
3545.000	0.7520
3545.900	0.7573
3546.800	0.7717
3547.700	0.7846
3548.600	0.7898
3549.500	0.8053
3550.400	0.8073
3551.300	0.7954
3552.200	0.7754
3553.100	0.7558
3554.000	0.7537
3554.900	0.7639
3555.800	0.7815
3556.700	0.7814
3557.600	0.7814
3558.500	0.7820
3559.400	0.7973
3560.300	0.8008
3561.200	0.8008
3562.100	0.8149
3563.000	0.8288
3563.900	0.8048
3564.800	0.7346
3565.700	0.6825
3566.600	0.6884
3567.500	0.7143
3568.400	0.7025
3569.300	0.6683
3570.200	0.6498
3571.100	0.6348
3572.000	0.6583
3572.900	0.6623
3573.800	0.6751
3574.700	0.6797
3575.600	0.6689
3576.500	0.6755
3577.400	0.7142
3578.300	0.7466
3579.200	0.7553
3580.100	0.7321
3581.000	0.6720
3581.900	0.6539
3582.800	0.7082
3583.700	0.7384
3584.600	0.6782
3585.500	0.6036
3586.400	0.5976
3587.300	0.6259
3588.200	0.6512
3589.100	0.6767
3590.000	0.6974
3590.900	0.7418
3591.800	0.7856
3592.700	0.7678
3593.600	0.7318
3594.500	0.7379
3595.400	0.7544
3596.300	0.7614
3597.200	0.7788
3598.100	0.7812
3599.000	0.7633
3599.900	0.7539
3600.800	0.7535
3601.700	0.7366
3602.600	0.6962
3603.500	0.6701
3604.400	0.6756
3605.300	0.6801
3606.200	0.6956
3607.100	0.7170
3608.000	0.7072
3608.900	0.6738
3609.800	0.6513
3610.700	0.6517
3611.600	0.6719
3612.500	0.6830
3613.400	0.6569
3614.300	0.6524
3615.200	0.7062
3616.100	0.7633
3617.000	0.7752
3617.900	0.7187
3618.800	0.6477
3619.700	0.6582
3620.600	0.7051
3621.500	0.7108
3622.400	0.7168
3623.300	0.7265
3624.200	0.7210
3625.100	0.7359
3626.000	0.7804
3626.900	0.8032
3627.800	0.7949
3628.700	0.7969
3629.600	0.7765
3630.500	0.7001
3631.400	0.6135
3632.300	0.6168
3633.200	0.6875
3634.100	0.7222
3635.000	0.7184
3635.900	0.7308
3636.800	0.7349
3637.700	0.7314
3638.600	0.7529
3639.500	0.7599
3640.400	0.7443
3641.300	0.7320
3642.200	0.7138
3643.100	0.6992
3644.000	0.6983
3644.900	0.6888
3645.800	0.6901
3646.700	0.7182
3647.600	0.7301
3648.500	0.7156
3649.400	0.7024
3650.300	0.7042
3651.200	0.7057
3652.100	0.7215
3653.000	0.7698
3653.900	0.7936
3654.800	0.7714
3655.700	0.7514
3656.600	0.7587
3657.500	0.7631
3658.400	0.7646
3659.300	0.7652
3660.200	0.7662
3661.100	0.7743
3662.000	0.7591
3662.900	0.7364
3663.800	0.7168
3664.700	0.7130
3665.600	0.7288
3666.500	0.7378
3667.400	0.7330
3668.300	0.7191
3669.200	0.7050
3670.100	0.7172
3671.000	0.7389
3671.900	0.7584
3672.800	0.7728
3673.700	0.7538
3674.600	0.7395
3675.500	0.7461
3676.400	0.7403
3677.300	0.6986
3678.200	0.6640
3679.100	0.6789
3680.000	0.6989
3680.900	0.7122
3681.800	0.7228
3682.700	0.7157
3683.600	0.7118
3684.500	0.7075
3685.400	0.6878
3686.300	0.6820
3687.200	0.6898
3688.100	0.7056
3689.000	0.7496
3689.900	0.7802
3690.800	0.7628
3691.700	0.7488
3692.600	0.7742
3693.500	0.8004
3694.400	0.7985
3695.300	0.7837
3696.200	0.7625
3697.100	0.7278
3698.000	0.7324
3698.900	0.8037
3699.800	0.8668
3700.700	0.8769
3701.600	0.8470
3702.500	0.7931
3703.400	0.7184
3704.300	0.6545
3705.200	0.6375
3706.100	0.6472
3707.000	0.6873
3707.900	0.7517
3708.800	0.7809
3709.700	0.7659
3710.600	0.7330
3711.500	0.6808
3712.400	0.6553
3713.300	0.7092
3714.200	0.7988
3715.100	0.8503
3716.000	0.8754
3716.900	0.9160
3717.800	0.9454
3718.700	0.9163
3719.600	0.8258
3720.500	0.7182
3721.400	0.6189
3722.300	0.5799
3723.200	0.6467
3724.100	0.7635
3725.000	0.8749
3725.900	0.9294
3726.800	0.8952
3727.700	0.8570
3728.600	0.8988
3729.500	0.9494
3730.400	0.9286
3731.300	0.8600
3732.200	0.7671
3733.100	0.6632
3734.000	0.5625
3734.900	0.5284
3735.800	0.5818
3736.700	0.6458
3737.600	0.7197
3738.500	0.8355
3739.400	0.9271
3740.300	0.9612
3741.200	0.9564
3742.100	0.9360
3743.000	0.9154
3743.900	0.8982
3744.800	0.9010
3745.700	0.8676
3746.600	0.8103
3747.500	0.7521
3748.400	0.6556
3749.300	0.5514
3750.200	0.5006
3751.100	0.5574
3752.000	0.6801
3752.900	0.7887
3753.800	0.8827
3754.700	0.9766
3755.600	1.0424
3756.500	1.0390
3757.400	0.9746
3758.300	0.9021
3759.200	0.8916
3760.100	0.9341
3761.000	0.9701
3761.900	0.9988
3762.800	1.0328
3763.700	1.0400
3764.600	1.0238
3765.500	0.9993
3766.400	0.9373
3767.300	0.8601
3768.200	0.7974
3769.100	0.7186
3770.000	0.6074
3770.900	0.5552
3771.800	0.6282
3772.700	0.7497
3773.600	0.8358
3774.500	0.8851
3775.400	0.9237
3776.300	0.9716
3777.200	1.0338
3778.100	1.0851
3779.000	1.1242
3779.900	1.1719
3780.800	1.2135
3781.700	1.2296
3782.600	1.2169
3783.500	1.2120
3784.400	1.2365
3785.300	1.2148
3786.200	1.1318
3787.100	1.0816
3788.000	1.0709
3788.900	1.0480
3789.800	1.0252
3790.700	1.0228
3791.600	1.0306
3792.500	1.0010
3793.400	0.9268
3794.300	0.8439
3795.200	0.7723
3796.100	0.7144
3797.000	0.6318
3797.900	0.5341
3798.800	0.5299
3799.700	0.6437
3800.600	0.7794
3801.500	0.8783
3802.400	0.9628
3803.300	1.0384
3804.200	1.0785
3805.100	1.0991
3806.000	1.0904
3806.900	1.0730
3807.800	1.1021
3808.700	1.1691
3809.600	1.2381
3810.500	1.2722
3811.400	1.2684
3812.300	1.2351
3813.200	1.1567
3814.100	1.0792
3815.000	1.0729
3815.900	1.1130
3816.800	1.1853
3817.700	1.2669
3818.600	1.2956
3819.500	1.2517
3820.400	1.1651
3821.300	1.1359
3822.200	1.1967
3823.100	1.2247
3824.000	1.1402
3824.900	1.0441
3825.800	1.0300
3826.700	1.0411
3827.600	1.0214
3828.500	0.9790
3829.400	0.9410
3830.300	0.9318
3831.200	0.9009
3832.100	0.7965
3833.000	0.6912
3833.900	0.6164
3834.800	0.5420
3835.700	0.5166
3836.600	0.5741
3837.500	0.6551
3838.400	0.7183
3839.300	0.7863
3840.200	0.8456
3841.100	0.9070
3842.000	0.9963
3842.900	1.0667
3843.800	1.1051
3844.700	1.1342
3845.600	1.1449
3846.500	1.1668
3847.400	1.2292
3848.300	1.2777
3849.200	1.2686
3850.100	1.2343
3851.000	1.2616
3851.900	1.3388
3852.800	1.3763
3853.700	1.3767
3854.600	1.3622
3855.500	1.3167
3856.400	1.2870
3857.300	1.3165
3858.200	1.3225
3859.100	1.2713
3860.000	1.2533
3860.900	1.3125
3861.800	1.3807
3862.700	1.4086
3863.600	1.4183
3864.500	1.4221
3865.400	1.3988
3866.300	1.3791
3867.200	1.3981
3868.100	1.4280
3869.000	1.4291
3869.900	1.4104
3870.800	1.3890
3871.700	1.3299
3872.600	1.2375
3873.500	1.2119
3874.400	1.2645
3875.300	1.3057
3876.200	1.3137
3877.100	1.2695
3878.000	1.1487
3878.900	1.0800
3879.800	1.1617
3880.700	1.2388
3881.600	1.2005
3882.500	1.1232
3883.400	1.0699
3884.300	1.0235
3885.200	0.9428
3886.100	0.8313
3887.000	0.7320
3887.900	0.6463
3888.800	0.5605
3889.700	0.5468
3890.600	0.6397
3891.500	0.7641
3892.400	0.8634
3893.300	0.9235
3894.200	0.9611
3895.100	0.9977
3896.000	1.0393
3896.900	1.0892
3897.800	1.1167
3898.700	1.1133
3899.600	1.1098
3900.500	1.1372
3901.400	1.2135
3902.300	1.2615
3903.200	1.2353
3904.100	1.2238
3905.000	1.2340
3905.900	1.2201
3906.800	1.2410
3907.700	1.3093
3908.600	1.3648
3909.500	1.3922
3910.400	1.4122
3911.300	1.4350
3912.200	1.4386
3913.100	1.3897
3914.000	1.3388
3914.900	1.3570
3915.800	1.3840
3916.700	1.3650
3917.600	1.3410
3918.500	1.3209
3919.400	1.3066
3920.300	1.3207
3921.200	1.3524
3922.100	1.3825
3923.000	1.3942
3923.900	1.4034
3924.800	1.3916
3925.700	1.3355
3926.600	1.2934
3927.500	1.2441
3928.400	1.1629
3929.300	1.0782
3930.200	0.9657
3931.100	0.8204
3932.000	0.6482
3932.900	0.4690
3933.800	0.3627
3934.700	0.3969
3935.600	0.5612
3936.500	0.7718
3937.400	0.9558
3938.300	1.0871
3939.200	1.1924
3940.100	1.2853
3941.000	1.3205
3941.900	1.3193
3942.800	1.3156
3943.700	1.2889
3944.600	1.2718
3945.500	1.3262
3946.400	1.3896
3947.300	1.3700
3948.200	1.2942
3949.100	1.2624
3950.000	1.2841
3950.900	1.3023
3951.800	1.3007
3952.700	1.2890
3953.600	1.3040
3954.500	1.3384
3955.400	1.3106
3956.300	1.2113
3957.200	1.1618
3958.100	1.2137
3959.000	1.2779
3959.900	1.2696
3960.800	1.1955
3961.700	1.1164
3962.600	1.0656
3963.500	1.0321
3964.400	0.9879
3965.300	0.9119
3966.200	0.7839
3967.100	0.6177
3968.000	0.4613
3968.900	0.3684
3969.800	0.3750
3970.700	0.4597
3971.600	0.5877
3972.500	0.7194
3973.400	0.8187
3974.300	0.8927
3975.200	0.9614
3976.100	1.0233
3977.000	1.0666
3977.900	1.1058
3978.800	1.1647
3979.700	1.2260
3980.600	1.2540
3981.500	1.2445
3982.400	1.2257
3983.300	1.2305
3984.200	1.2590
3985.100	1.2909
3986.000	1.2987
3986.900	1.2931
3987.800	1.3167
3988.700	1.3524
3989.600	1.3637
3990.500	1.3686
3991.400	1.3949
3992.300	1.4308
3993.200	1.4549
3994.100	1.4602
3995.000	1.4365
3995.900	1.3939
3996.800	1.3461
3997.700	1.3118
3998.600	1.3298
3999.500	1.4044
4000.400	1.4670
4001.300	1.4735
4002.200	1.4635
4003.100	1.4668
4004.000	1.4481
4004.900	1.3659
4005.800	1.2976
4006.700	1.3327
4007.600	1.4263
4008.500	1.4887
4009.400	1.4860
4010.300	1.4786
4011.200	1.4863
4012.100	1.4682
4013.000	1.4486
4013.900	1.4370
4014.800	1.4386
4015.700	1.4549
4016.600	1.4563
4017.500	1.4465
4018.400	1.4655
4019.300	1.5238
4020.200	1.5617
4021.100	1.5417
4022.000	1.5049
4022.900	1.4906
4023.800	1.4770
4024.700	1.4472
4025.600	1.4504
4026.500	1.5135
4027.400	1.5486
4028.300	1.5257
4029.200	1.4868
4030.100	1.4187
4031.000	1.3595
4031.900	1.3519
4032.800	1.3547
4033.700	1.3781
4034.600	1.4218
4035.500	1.4547
4036.400	1.5004
4037.300	1.5513
4038.200	1.5683
4039.100	1.5600
4040.000	1.5361
4040.900	1.5018
4041.800	1.4994
4042.700	1.5344
4043.600	1.5308
4044.500	1.4466
4045.400	1.3443
4046.300	1.3272
4047.200	1.4334
4048.100	1.5299
4049.000	1.5379
4049.900	1.5356
4050.800	1.5389
4051.700	1.5177
4052.600	1.4785
4053.500	1.4444
4054.400	1.4198
4055.300	1.4109
4056.200	1.4235
4057.100	1.4138
4058.000	1.3810
4058.900	1.3926
4059.800	1.4521
4060.700	1.4932
4061.600	1.4808
4062.500	1.4140
4063.400	1.3388
4064.300	1.3442
4065.200	1.4157
4066.100	1.4416
4067.000	1.3991
4067.900	1.3830
4068.800	1.4365
4069.700	1.4788
4070.600	1.4420
4071.500	1.3692
4072.400	1.3544
4073.300	1.4073
4074.200	1.4408
4075.100	1.4222
4076.000	1.3658
4076.900	1.2716
4077.800	1.2060
4078.700	1.2336
4079.600	1.3085
4080.500	1.3700
4081.400	1.4076
4082.300	1.4093
4083.200	1.3691
4084.100	1.3196
4085.000	1.2918
4085.900	1.3016
4086.800	1.3296
4087.700	1.3505
4088.600	1.3585
4089.500	1.3433
4090.400	1.3195
4091.300	1.2927
4092.200	1.2586
4093.100	1.2330
4094.000	1.2163
4094.900	1.1841
4095.800	1.1301
4096.700	1.0740
4097.600	1.0203
4098.500	0.9551
4099.400	0.8800
4100.300	0.7781
4101.200	0.6406
4102.100	0.5618
4103.000	0.6244
4103.900	0.7606
4104.800	0.8857
4105.700	0.9785
4106.600	1.0355
4107.500	1.0756
4108.400	1.1070
4109.300	1.1341
4110.200	1.1727
4111.100	1.2039
4112.000	1.2414
4112.900	1.2803
4113.800	1.2998
4114.700	1.3190
4115.600	1.3514
4116.500	1.3868
4117.400	1.3878
4118.300	1.3447
4119.200	1.3213
4120.100	1.3514
4121.000	1.3725
4121.900	1.3627
4122.800	1.3586
4123.700	1.3799
4124.600	1.4131
4125.500	1.4221
4126.400	1.4024
4127.300	1.3811
4128.200	1.3669
4129.100	1.3803
4130.000	1.4063
4130.900	1.3952
4131.800	1.3477
4132.700	1.3161
4133.600	1.3390
4134.500	1.3803
4135.400	1.4216
4136.300	1.4578
4137.200	1.4701
4138.100	1.4852
4139.000	1.5148
4139.900	1.5385
4140.800	1.5395
4141.700	1.5105
4142.600	1.4440
4143.500	1.3639
4144.400	1.3537
4145.300	1.4256
4146.200	1.4821
4147.100	1.4841
4148.000	1.4697
4148.900	1.4523
4149.800	1.4351
4150.700	1.4483
4151.600	1.4742
4152.500	1.4778
4153.400	1.4506
4154.300	1.3978
4155.200	1.3744
4156.100	1.3915
4157.000	1.4013
4157.900	1.4092
4158.800	1.4296
4159.700	1.4526
4160.600	1.4618
4161.500	1.4589
4162.400	1.4718
4163.300	1.4864
4164.200	1.4964
4165.100	1.5156
4166.000	1.5143
4166.900	1.4730
4167.800	1.4410
4168.700	1.4646
4169.600	1.4947
4170.500	1.4696
4171.400	1.3884
4172.300	1.3076
4173.200	1.2775
4174.100	1.3106
4175.000	1.3753
4175.900	1.4083
4176.800	1.3963
4177.700	1.3653
4178.600	1.3471
4179.500	1.3834
4180.400	1.4540
4181.300	1.4665
4182.200	1.4239
4183.100	1.4120
4184.000	1.4213
4184.900	1.4387
4185.800	1.4681
4186.700	1.4437
4187.600	1.3819
4188.500	1.3840
4189.400	1.4586
4190.300	1.5053
4191.200	1.4812
4192.100	1.4721
4193.000	1.5171
4193.900	1.5563
4194.800	1.5282
4195.700	1.4664
4196.600	1.4389
4197.500	1.4171
4198.400	1.3472
4199.300	1.3306
4200.200	1.4024
4201.100	1.4338
4202.000	1.4021
4202.900	1.4012
4203.800	1.4231
4204.700	1.4301
4205.600	1.4431
4206.500	1.4715
4207.400	1.4895
4208.300	1.4808
4209.200	1.4614
4210.100	1.4490
4211.000	1.4560
4211.900	1.4919
4212.800	1.5201
4213.700	1.5090
4214.600	1.4656
4215.500	1.3858
4216.400	1.3486
4217.300	1.4046
4218.200	1.4614
4219.100	1.4683
4220.000	1.4533
4220.900	1.4660
4221.800	1.4836
4222.700	1.4687
4223.600	1.4387
4224.500	1.3905
4225.400	1.3272
4226.300	1.2515
4227.200	1.2169
4228.100	1.3065
4229.000	1.4432
4229.900	1.5157
4230.800	1.5383
4231.700	1.5254
4232.600	1.4559
4233.500	1.3751
4234.400	1.3744
4235.300	1.4065
4236.200	1.4098
4237.100	1.4231
4238.000	1.4278
4238.900	1.3971
4239.800	1.3845
4240.700	1.4214
4241.600	1.4615
4242.500	1.4691
4243.400	1.4710
4244.300	1.4796
4245.200	1.4598
4246.100	1.4008
4247.000	1.3453
4247.900	1.3539
4248.800	1.4095
4249.700	1.4139
4250.600	1.3683
4251.500	1.3822
4252.400	1.4457
4253.300	1.4607
4254.200	1.4354
4255.100	1.4379
4256.000	1.4749
4256.900	1.4981
4257.800	1.4790
4258.700	1.4416
4259.600	1.3946
4260.500	1.3499
4261.400	1.3625
4262.300	1.4249
4263.200	1.4797
4264.100	1.5042
4265.000	1.5095
4265.900	1.5072
4266.800	1.4881
4267.700	1.4606
4268.600	1.4446
4269.500	1.4395
4270.400	1.4097
4271.300	1.3341
4272.200	1.3049
4273.100	1.3570
4274.000	1.3921
4274.900	1.3799
4275.800	1.3975
4276.700	1.4495
4277.600	1.4787
4278.500	1.4818
4279.400	1.4803
4280.300	1.4739
4281.200	1.4569
4282.100	1.4108
4283.000	1.3670
4283.900	1.3790
4284.800	1.4117
4285.700	1.4303
4286.600	1.4300
4287.500	1.3963
4288.400	1.3374
4289.300	1.2572
4290.200	1.2055
4291.100	1.2672
4292.000	1.3763
4292.900	1.4204
4293.800	1.3816
4294.700	1.3398
4295.600	1.3558
4296.500	1.3705
4297.400	1.3598
4298.300	1.3154
4299.200	1.2248
4300.100	1.1723
4301.000	1.1954
4301.900	1.2107
4302.800	1.2032
4303.700	1.2559
4304.600	1.3278
4305.500	1.3292
4306.400	1.3064
4307.300	1.2777
4308.200	1.2324
4309.100	1.2383
4310.000	1.2969
4310.900	1.3616
4311.800	1.3871
4312.700	1.3432
4313.600	1.2711
4314.500	1.2105
4315.400	1.2247
4316.300	1.3088
4317.200	1.3613
4318.100	1.3611
4319.000	1.3415
4319.900	1.3205
4320.800	1.2824
4321.700	1.2771
4322.600	1.3198
4323.500	1.3302
4324.400	1.2692
4325.300	1.1699
4326.200	1.1281
4327.100	1.1743
4328.000	1.2340
4328.900	1.2511
4329.800	1.2212
4330.700	1.1802
4331.600	1.1620
4332.500	1.1594
4333.400	1.1446
4334.300	1.1140
4335.200	1.0727
4336.100	1.0127
4337.000	0.9221
4337.900	0.8216
4338.800	0.7294
4339.700	0.6204
4340.600	0.5318
4341.500	0.5645
4342.400	0.6996
4343.300	0.8206
4344.200	0.8884
4345.100	0.9471
4346.000	1.0151
4346.900	1.0711
4347.800	1.1125
4348.700	1.1445
4349.600	1.1637
4350.500	1.1495
4351.400	1.0929
4352.300	1.0684
4353.200	1.1310
4354.100	1.2106
4355.000	1.2495
4355.900	1.2782
4356.800	1.3038
4357.700	1.3026
4358.600	1.2878
4359.500	1.2839
4360.400	1.3023
4361.300	1.3340
4362.200	1.3537
4363.100	1.3675
4364.000	1.3821
4364.900	1.3866
4365.800	1.3811
4366.700	1.3606
4367.600	1.3204
4368.500	1.2959
4369.400	1.3056
4370.300	1.3237
4371.200	1.3419
4372.100	1.3613
4373.000	1.3591
4373.900	1.3077
4374.800	1.2456
4375.700	1.2478
4376.600	1.3174
4377.500	1.3884
4378.400	1.4160
4379.300	1.4090
4380.200	1.3978
4381.100	1.4057
4382.000	1.3914
4382.900	1.3061
4383.800	1.2155
4384.700	1.2006
4385.600	1.2527
4386.500	1.3158
4387.400	1.3454
4388.300	1.3541
4389.200	1.3730
4390.100	1.3824
4391.000	1.3729
4391.900	1.3844
4392.800	1.4041
4393.700	1.3735
4394.600	1.3000
4395.500	1.2738
4396.400	1.3350
4397.300	1.4015
4398.200	1.4083
4399.100	1.3615
4400.000	1.2981
4400.900	1.2772
4401.800	1.3215
4402.700	1.3799
4403.600	1.3846
4404.500	1.3400
4405.400	1.3399
4406.300	1.3877
4407.200	1.3999
4408.100	1.3702
4409.000	1.3592
4409.900	1.3793
4410.800	1.3944
4411.700	1.3974
4412.600	1.4104
4413.500	1.4097
4414.400	1.3548
4415.300	1.2780
4416.200	1.2554
4417.100	1.2628
4418.000	1.2805
4418.900	1.3402
4419.800	1.4058
4420.700	1.4274
4421.600	1.4023
4422.500	1.3699
4423.400	1.3699
4424.300	1.3903
4425.200	1.3814
4426.100	1.3676
4427.000	1.3681
4427.900	1.3809
4428.800	1.4040
4429.700	1.3968
4430.600	1.3720
4431.500	1.3688
4432.400	1.3745
4433.300	1.3576
4434.200	1.3189
4435.100	1.2806
4436.000	1.2922
4436.900	1.3548
4437.800	1.4099
4438.700	1.4292
4439.600	1.4262
4440.500	1.4064
4441.400	1.3554
4442.300	1.2870
4443.200	1.2312
4444.100	1.2278
4445.000	1.3008
4445.900	1.3733
4446.800	1.3787
4447.700	1.3554
4448.600	1.3591
4449.500	1.3576
4450.400	1.3297
4451.300	1.3225
4452.200	1.3535
4453.100	1.3642
4454.000	1.3152
4454.900	1.2451
4455.800	1.2347
4456.700	1.2821
4457.600	1.3128
4458.500	1.3004
4459.400	1.2933
4460.300	1.3079
4461.200	1.3004
4462.100	1.2867
4463.000	1.3116
4463.900	1.3303
4464.800	1.3226
4465.700	1.3235
4466.600	1.3201
4467.500	1.2999
4468.400	1.2617
4469.300	1.2402
4470.200	1.2693
4471.100	1.3171
4472.000	1.3497
4472.900	1.3646
4473.800	1.3767
4474.700	1.3789
4475.600	1.3576
4476.500	1.3433
4477.400	1.3614
4478.300	1.3766
4479.200	1.3532
4480.100	1.2806
4481.000	1.1855
4481.900	1.1565
4482.800	1.2263
4483.700	1.3098
4484.600	1.3478
4485.500	1.3652
4486.400	1.3779
4487.300	1.3687
4488.200	1.3272
4489.100	1.2835
4490.000	1.2735
4490.900	1.2885
4491.800	1.3161
4492.700	1.3445
4493.600	1.3423
4494.500	1.3216
4495.400	1.3267
4496.300	1.3475
4497.200	1.3601
4498.100	1.3716
4499.000	1.3741
4499.900	1.3541
4500.800	1.3136
4501.700	1.2951
4502.600	1.3317
4503.500	1.3830
4504.400	1.4078
4505.300	1.4104
4506.200	1.4028
4507.100	1.3762
4508.000	1.3385
4508.900	1.3321
4509.800	1.3616
4510.700	1.3863
4511.600	1.3922
4512.500	1.3903
4513.400	1.3765
4514.300	1.3451
4515.200	1.3196
4516.100	1.3282
4517.000	1.3480
4517.900	1.3512
4518.800	1.3445
4519.700	1.3310
4520.600	1.3245
4521.500	1.3213
4522.400	1.3020
4523.300	1.2986
4524.200	1.3122
4525.100	1.3083
4526.000	1.2966
4526.900	1.2892
4527.800	1.2716
4528.700	1.2473
4529.600	1.2506
4530.500	1.2738
4531.400	1.2924
4532.300	1.2948
4533.200	1.2516
4534.100	1.2042
4535.000	1.2178
4535.900	1.2758
4536.800	1.3371
4537.700	1.3718
4538.600	1.3752
4539.500	1.3601
4540.400	1.3369
4541.300	1.3214
4542.200	1.3290
4543.100	1.3501
4544.000	1.3510
4544.900	1.3362
4545.800	1.3291
4546.700	1.3286
4547.600	1.3167
4548.500	1.2610
4549.400	1.1810
4550.300	1.1829
4551.200	1.2610
4552.100	1.3145
4553.000	1.3052
4553.900	1.2540
4554.800	1.2120
4555.700	1.2057
4556.600	1.2505
4557.500	1.2986
4558.400	1.2976
4559.300	1.2997
4560.200	1.3278
4561.100	1.3498
4562.000	1.3457
4562.900	1.3070
4563.800	1.2584
4564.700	1.2542
4565.600	1.2841
4566.500	1.3148
4567.400	1.3354
4568.300	1.3406
4569.200	1.3418
4570.100	1.3355
4571.000	1.2903
4571.900	1.2355
4572.800	1.2540
4573.700	1.3125
4574.600	1.3328
4575.500	1.3182
4576.400	1.2989
4577.300	1.3066
4578.200	1.3175
4579.100	1.3070
4580.000	1.2871
4580.900	1.2685
4581.800	1.2550
4582.700	1.2317
4583.600	1.2002
4584.500	1.2081
4585.400	1.2463
4586.300	1.2773
4587.200	1.2846
4588.100	1.2739
4589.000	1.2707
4589.900	1.2769
4590.800	1.2748
4591.700	1.2619
4592.600	1.2577
4593.500	1.2843
4594.400	1.3073
4595.300	1.3021
4596.200	1.2969
4597.100	1.3051
4598.000	1.3082
4598.900	1.3054
4599.800	1.2941
4600.700	1.2851
4601.600	1.2865
4602.500	1.2865
4603.400	1.2864
4604.300	1.2908
4605.200	1.2957
4606.100	1.2997
4607.000	1.2998
4607.900	1.3029
4608.800	1.3167
4609.700	1.3216
4610.600	1.3036
4611.500	1.2869
4612.400	1.2910
4613.300	1.2978
4614.200	1.3024
4615.100	1.2974
4616.000	1.2763
4616.900	1.2619
4617.800	1.2595
4618.700	1.2454
4619.600	1.2353
4620.500	1.2532
4621.400	1.2812
4622.300	1.2985
4623.200	1.3042
4624.100	1.2979
4625.000	1.2832
4625.900	1.2786
4626.800	1.2893
4627.700	1.2887
4628.600	1.2599
4629.500	1.2333
4630.400	1.2485
4631.300	1.2849
4632.200	1.2982
4633.100	1.2774
4634.000	1.2492
4634.900	1.2470
4635.800	1.2652
4636.700	1.2734
4637.600	1.2658
4638.500	1.2687
4639.400	1.2841
4640.300	1.2923
4641.200	1.2960
4642.100	1.2993
4643.000	1.2939
4643.900	1.2867
4644.800	1.2784
4645.700	1.2583
4646.600	1.2349
4647.500	1.2236
4648.400	1.2294
4649.300	1.2509
4650.200	1.2735
4651.100	1.2794
4652.000	1.2767
4652.900	1.2761
4653.800	1.2660
4654.700	1.2505
4655.600	1.2461
4656.500	1.2435
4657.400	1.2466
4658.300	1.2677
4659.200	1.2916
4660.100	1.3015
4661.000	1.2974
4661.900	1.2861
4662.800	1.2717
4663.700	1.2623
4664.600	1.2600
4665.500	1.2443
4666.400	1.2000
4667.300	1.1637
4668.200	1.1716
4669.100	1.2031
4670.000	1.2225
4670.900	1.2357
4671.800	1.2480
4672.700	1.2485
4673.600	1.2531
4674.500	1.2696
4675.400	1.2834
4676.300	1.2855
4677.200	1.2734
4678.100	1.2469
4679.000	1.2261
4679.900	1.2340
4680.800	1.2527
4681.700	1.2588
4682.600	1.2607
4683.500	1.2678
4684.400	1.2689
4685.300	1.2630
4686.200	1.2651
4687.100	1.2724
4688.000	1.2725
4688.900	1.2699
4689.800	1.2653
4690.700	1.2517
4691.600	1.2444
4692.500	1.2516
4693.400	1.2592
4694.300	1.2617
4695.200	1.2670
4696.100	1.2718
4697.000	1.2692
4697.900	1.2550
4698.800	1.2373
4699.700	1.2334
4700.600	1.2397
4701.500	1.2270
4702.400	1.1872
4703.300	1.1694
4704.200	1.2004
4705.100	1.2377
4706.000	1.2430
4706.900	1.2215
4707.800	1.1963
4708.700	1.1902
4709.600	1.2035
4710.500	1.2266
4711.400	1.2490
4712.300	1.2578
4713.200	1.2454
4714.100	1.2223
4715.000	1.2171
4715.900	1.2330
4716.800	1.2510
4717.700	1.2584
4718.600	1.2617
4719.500	1.2668
4720.400	1.2665
4721.300	1.2617
4722.200	1.2577
4723.100	1.2606
4724.000	1.2686
4724.900	1.2774
4725.800	1.2721
4726.700	1.2501
4727.600	1.2287
4728.500	1.2200
4729.400	1.2201
4730.300	1.2138
4731.200	1.2050
4732.100	1.2139
4733.000	1.2314
4733.900	1.2425
4734.800	1.2431
4735.700	1.2266
4736.600	1.2029
4737.500	1.2074
4738.400	1.2340
4739.300	1.2473
4740.200	1.2439
4741.100	1.2397
4742.000	1.2396
4742.900	1.2416
4743.800	1.2411
4744.700	1.2398
4745.600	1.2396
4746.500	1.2394
4747.400	1.2315
4748.300	1.2268
4749.200	1.2350
4750.100	1.2432
4751.000	1.2435
4751.900	1.2373
4752.800	1.2261
4753.700	1.2113
4754.600	1.2070
4755.500	1.2061
4756.400	1.2033
4757.300	1.2123
4758.200	1.2267
4759.100	1.2385
4760.000	1.2408
4760.900	1.2236
4761.800	1.1888
4762.700	1.1659
4763.600	1.1677
4764.500	1.1775
4765.400	1.1800
4766.300	1.1792
4767.200	1.1925
4768.100	1.2084
4769.000	1.2214
4769.900	1.2221
4770.800	1.2043
4771.700	1.1848
4772.600	1.1933
4773.500	1.2162
4774.400	1.2294
4775.300	1.2251
4776.200	1.2186
4777.100	1.2266
4778.000	1.2314
4778.900	1.2158
4779.800	1.1963
4780.700	1.2055
4781.600	1.2207
4782.500	1.2106
4783.400	1.1948
4784.300	1.1992
4785.200	1.2068
4786.100	1.1943
4787.000	1.1850
4787.900	1.1939
4788.800	1.1928
4789.700	1.1888
4790.600	1.1992
4791.500	1.2090
4792.400	1.2104
4793.300	1.2189
4794.200	1.2302
4795.100	1.2317
4796.000	1.2277
4796.900	1.2213
4797.800	1.2088
4798.700	1.1966
4799.600	1.1933
4800.500	1.1948
4801.400	1.2010
4802.300	1.2065
4803.200	1.2048
4804.100	1.1888
4805.000	1.1669
4805.900	1.1695
4806.800	1.1858
4807.700	1.1926
4808.600	1.1937
4809.500	1.1909
4810.400	1.1846
4811.300	1.1806
4812.200	1.1792
4813.100	1.1852
4814.000	1.1942
4814.900	1.1993
4815.800	1.2025
4816.700	1.2029
4817.600	1.2035
4818.500	1.2074
4819.400	1.2070
4820.300	1.2025
4821.200	1.2005
4822.100	1.1888
4823.000	1.1506
4823.900	1.1173
4824.800	1.1356
4825.700	1.1772
4826.600	1.2009
4827.500	1.2003
4828.400	1.1888
4829.300	1.1796
4830.200	1.1828
4831.100	1.1838
4832.000	1.1787
4832.900	1.1786
4833.800	1.1795
4834.700	1.1777
4835.600	1.1721
4836.500	1.1654
4837.400	1.1652
4838.300	1.1575
4839.200	1.1430
4840.100	1.1365
4841.000	1.1372
4841.900	1.1361
4842.800	1.1241
4843.700	1.1171
4844.600	1.1174
4845.500	1.1116
4846.400	1.0964
4847.300	1.0713
4848.200	1.0424
4849.100	1.0282
4850.000	1.0358
4850.900	1.0364
4851.800	1.0203
4852.700	1.0002
4853.600	0.9715
4854.500	0.9289
4855.400	0.8836
4856.300	0.8557
4857.200	0.8361
4858.100	0.7958
4859.000	0.7214
4859.900	0.6097
4860.800	0.4906
4861.700	0.4592
4862.600	0.5489
4863.500	0.6672
4864.400	0.7482
4865.300	0.8025
4866.200	0.8497
4867.100	0.8898
4868.000	0.9206
4868.900	0.9438
4869.800	0.9489
4870.700	0.9282
4871.600	0.9119
4872.500	0.9357
4873.400	0.9791
4874.300	1.0062
4875.200	1.0142
4876.100	1.0099
4877.000	1.0059
4877.900	1.0092
4878.800	1.0307
4879.700	1.0632
4880.600	1.0801
4881.500	1.0768
4882.400	1.0682
4883.300	1.0571
4884.200	1.0496
4885.100	1.0520
4886.000	1.0571
4886.900	1.0637
4887.800	1.0701
4888.700	1.0723
4889.600	1.0576
4890.500	1.0234
4891.400	1.0092
4892.300	1.0460
4893.200	1.0940
4894.100	1.1219
4895.000	1.1314
4895.900	1.1337
4896.800	1.1323
4897.700	1.1286
4898.600	1.1246
4899.500	1.1093
4900.400	1.1038
4901.300	1.1188
4902.200	1.1229
4903.100	1.1143
4904.000	1.1114
4904.900	1.1336
4905.800	1.1568
4906.700	1.1653
4907.600	1.1609
4908.500	1.1505
4909.400	1.1288
4910.300	1.1046
4911.200	1.1031
4912.100	1.1263
4913.000	1.1521
4913.900	1.1656
4914.800	1.1729
4915.700	1.1750
4916.600	1.1665
4917.500	1.1368
4918.400	1.0948
4919.300	1.0633
4920.200	1.0559
4921.100	1.0753
4922.000	1.1018
4922.900	1.0899
4923.800	1.0544
4924.700	1.0656
4925.600	1.1212
4926.500	1.1590
4927.400	1.1659
4928.300	1.1654
4929.200	1.1706
4930.100	1.1714
4931.000	1.1639
4931.900	1.1467
4932.800	1.1106
4933.700	1.0762
4934.600	1.0846
4935.500	1.1248
4936.400	1.1450
4937.300	1.1299
4938.200	1.1001
4939.100	1.0871
4940.000	1.1118
4940.900	1.1482
4941.800	1.1653
4942.700	1.1697
4943.600	1.1709
4944.500	1.1667
4945.400	1.1562
4946.300	1.1483
4947.200	1.1520
4948.100	1.1621
4949.000	1.1644
4949.900	1.1621
4950.800	1.1636
4951.700	1.1647
4952.600	1.1608
4953.500	1.1567
4954.400	1.1572
4955.300	1.1513
4956.200	1.1116
4957.100	1.0503
4958.000	1.0466
4958.900	1.1074
4959.800	1.1590
4960.700	1.1730
4961.600	1.1699
4962.500	1.1683
4963.400	1.1692
4964.300	1.1649
4965.200	1.1506
4966.100	1.1388
4967.000	1.1372
4967.900	1.1380
4968.800	1.1363
4969.700	1.1358
4970.600	1.1416
4971.500	1.1483
4972.400	1.1497
4973.300	1.1509
4974.200	1.1583
4975.100	1.1658
4976.000	1.1661
4976.900	1.1602
4977.800	1.1499
4978.700	1.1387
4979.600	1.1297
4980.500	1.1174
4981.400	1.0881
4982.300	1.0486
4983.200	1.0262
4984.100	1.0346
4985.000	1.0624
4985.900	1.1013
4986.800	1.1374
4987.700	1.1515
4988.600	1.1466
4989.500	1.1348
4990.400	1.1176
4991.300	1.1072
4992.200	1.1131
4993.100	1.1163
4994.000	1.1176
4994.900	1.1328
4995.800	1.1466
4996.700	1.1507
4997.600	1.1497
4998.500	1.1363
4999.400	1.1154
5000.300	1.0940
5001.200	1.0756
5002.100	1.0781
5003.000	1.1012
5003.900	1.1110
5004.800	1.0825
5005.700	1.0410
5006.600	1.0360
5007.500	1.0739
5008.400	1.1163
5009.300	1.1332
5010.200	1.1292
5011.100	1.1091
5012.000	1.0816
5012.900	1.0667
5013.800	1.0635
5014.700	1.0674
5015.600	1.0811
5016.500	1.0755
5017.400	1.0257
5018.300	0.9834
5019.200	1.0048
5020.100	1.0582
5021.000	1.0849
5021.900	1.0834
5022.800	1.0859
5023.700	1.1015
5024.600	1.1148
5025.500	1.1147
5026.400	1.0978
5027.300	1.0784
5028.200	1.0818
5029.100	1.1013
5030.000	1.1039
5030.900	1.0958
5031.800	1.1039
5032.700	1.1209
5033.600	1.1260
5034.500	1.1065
5035.400	1.0814
5036.300	1.0774
5037.200	1.0902
5038.100	1.0912
5039.000	1.0727
5039.900	1.0425
5040.800	1.0041
5041.700	1.0024
5042.600	1.0507
5043.500	1.0979
5044.400	1.1158
5045.300	1.1206
5046.200	1.1248
5047.100	1.1177
5048.000	1.0939
5048.900	1.0711
5049.800	1.0626
5050.700	1.0574
5051.600	1.0503
5052.500	1.0629
5053.400	1.0881
5054.300	1.1028
5055.200	1.1003
5056.100	1.0945
5057.000	1.0997
5057.900	1.1112
5058.800	1.1176
5059.700	1.1186
5060.600	1.1177
5061.500	1.1185
5062.400	1.1217
5063.300	1.1133
5064.200	1.0847
5065.100	1.0675
5066.000	1.0764
5066.900	1.0844
5067.800	1.0789
5068.700	1.0768
5069.600	1.0900
5070.500	1.0974
5071.400	1.0810
5072.300	1.0667
5073.200	1.0718
5074.100	1.0726
5075.000	1.0681
5075.900	1.0759
5076.800	1.0908
5077.700	1.0843
5078.600	1.0505
5079.500	1.0207
5080.400	1.0184
5081.300	1.0411
5082.200	1.0605
5083.100	1.0605
5084.000	1.0624
5084.900	1.0813
5085.800	1.0955
5086.700	1.0907
5087.600	1.0843
5088.500	1.0890
5089.400	1.0922
5090.300	1.0852
5091.200	1.0870
5092.100	1.0984
5093.000	1.1035
5093.900	1.1031
5094.800	1.1012
5095.700	1.0890
5096.600	1.0637
5097.500	1.0397
5098.400	1.0219
5099.300	1.0206
5100.200	1.0425
5101.100	1.0727
5102.000	1.0912
5102.900	1.0953
5103.800	1.0934
5104.700	1.0945
5105.600	1.0906
5106.500	1.0707
5107.400	1.0513
5108.300	1.0532
5109.200	1.0547
5110.100	1.0525
5111.000	1.0624
5111.900	1.0810
5112.800	1.0904
5113.700	1.0904
5114.600	1.0842
5115.500	1.0850
5116.400	1.0931
5117.300	1.0972
5118.200	1.0943
5119.100	1.0913
5120.000	1.0854
5120.900	1.0779
5121.800	1.0721
5122.700	1.0627
5123.600	1.0489
5124.500	1.0376
5125.400	1.0400
5126.300	1.0521
5127.200	1.0584
5128.100	1.0541
5129.000	1.0466
5129.900	1.0541
5130.800	1.0660
5131.700	1.0679
5132.600	1.0534
5133.500	1.0400
5134.400	1.0539
5135.300	1.0741
5136.200	1.0671
5137.100	1.0427
5138.000	1.0229
5138.900	1.0015
5139.800	1.0096
5140.700	1.0385
5141.600	1.0378
5142.500	1.0250
5143.400	1.0401
5144.300	1.0648
5145.200	1.0666
5146.100	1.0531
5147.000	1.0405
5147.900	1.0372
5148.800	1.0499
5149.700	1.0592
5150.600	1.0589
5151.500	1.0573
5152.400	1.0544
5153.300	1.0405
5154.200	1.0312
5155.100	1.0397
5156.000	1.0537
5156.900	1.0666
5157.800	1.0733
5158.700	1.0705
5159.600	1.0686
5160.500	1.0637
5161.400	1.0460
5162.300	1.0330
5163.200	1.0460
5164.100	1.0584
5165.000	1.0439
5165.900	0.9986
5166.800	0.9333
5167.700	0.8899
5168.600	0.8880
5169.500	0.9371
5170.400	0.9851
5171.300	0.9662
5172.200	0.9183
5173.100	0.9368
5174.000	1.0106
5174.900	1.0631
5175.800	1.0728
5176.700	1.0691
5177.600	1.0711
5178.500	1.0716
5179.400	1.0697
5180.300	1.0666
5181.200	1.0580
5182.100	1.0162
5183.000	0.9347
5183.900	0.9066
5184.800	0.9585
5185.700	1.0100
5186.600	1.0322
5187.500	1.0198
5188.400	0.9946
5189.300	1.0027
5190.200	1.0170
5191.100	0.9947
5192.000	0.9743
5192.900	0.9934
5193.800	1.0142
5194.700	1.0031
5195.600	0.9908
5196.500	0.9896
5197.400	0.9887
5198.300	1.0045
5199.200	1.0308
5200.100	1.0462
5201.000	1.0434
5201.900	1.0281
5202.800	1.0199
5203.700	1.0101
5204.600	0.9861
5205.500	0.9681
5206.400	0.9815
5207.300	0.9906
5208.200	0.9794
5209.100	0.9921
5210.000	1.0206
5210.900	1.0333
5211.800	1.0406
5212.700	1.0516
5213.600	1.0507
5214.500	1.0263
5215.400	0.9971
5216.300	0.9841
5217.200	0.9958
5218.100	1.0243
5219.000	1.0467
5219.900	1.0534
5220.800	1.0526
5221.700	1.0516
5222.600	1.0503
5223.500	1.0436
5224.400	1.0267
5225.300	0.9853
5226.200	0.9168
5227.100	0.8946
5228.000	0.9450
5228.900	0.9932
5229.800	1.0082
5230.700	1.0186
5231.600	1.0146
5232.500	0.9833
5233.400	0.9625
5234.300	0.9595
5235.200	0.9777
5236.100	1.0017
5237.000	1.0108
5237.900	1.0208
5238.800	1.0282
5239.700	1.0283
5240.600	1.0305
5241.500	1.0267
5242.400	1.0154
5243.300	1.0152
5244.200	1.0291
5245.100	1.0379
5246.000	1.0324
5246.900	1.0250
5247.800	1.0253
5248.700	1.0225
5249.600	1.0115
5250.500	1.0062
5251.400	1.0171
5252.300	1.0260
5253.200	1.0214
5254.100	1.0065
5255.000	0.9994
5255.900	1.0090
5256.800	1.0231
5257.700	1.0328
5258.600	1.0327
5259.500	1.0269
5260.400	1.0120
5261.300	0.9805
5262.200	0.9521
5263.100	0.9374
5264.000	0.9234
5264.900	0.9076
5265.800	0.9100
5266.700	0.9406
5267.600	0.9668
5268.500	0.9432
5269.400	0.8934
5270.300	0.8923
5271.200	0.9420
5272.100	0.9738
5273.000	0.9711
5273.900	0.9616
5274.800	0.9398
5275.700	0.9301
5276.600	0.9620
5277.500	0.9994
5278.400	1.0122
5279.300	1.0035
5280.200	0.9925
5281.100	0.9813
5282.000	0.9705
5282.900	0.9524
5283.800	0.9429
5284.700	0.9678
5285.600	1.0024
5286.500	1.0189
5287.400	1.0208
5288.300	1.0158
5289.200	1.0167
5290.100	1.0185
5291.000	1.0167
5291.900	1.0164
5292.800	1.0165
5293.700	1.0167
5294.600	1.0157
5295.500	1.0082
5296.400	0.9901
5297.300	0.9698
5298.200	0.9685
5299.100	0.9860
5300.000	0.9985
5300.900	0.9953
5301.800	0.9826
5302.700	0.9855
5303.600	1.0020
5304.500	1.0080
5305.400	1.0012
5306.300	0.9909
5307.200	0.9865
5308.100	0.9904
5309.000	1.0031
5309.900	1.0127
5310.800	1.0113
5311.700	1.0082
5312.600	1.0013
5313.500	0.9948
5314.400	0.9934
5315.300	0.9689
5316.200	0.9283
5317.100	0.9352
5318.000	0.9780
5318.900	1.0025
5319.800	1.0077
5320.700	1.0059
5321.600	1.0031
5322.500	0.9913
5323.400	0.9650
5324.300	0.9450
5325.200	0.9504
5326.100	0.9622
5327.000	0.9359
5327.900	0.8860
5328.800	0.8934
5329.700	0.9471
5330.600	0.9840
5331.500	0.9910
5332.400	0.9869
5333.300	0.9860
5334.200	0.9847
5335.100	0.9800
5336.000	0.9692
5336.900	0.9580
5337.800	0.9591
5338.700	0.9545
5339.600	0.9344
5340.500	0.9289
5341.400	0.9531
5342.300	0.9787
5343.200	0.9893
5344.100	0.9894
5345.000	0.9783
5345.900	0.9703
5346.800	0.9769
5347.700	0.9784
5348.600	0.9670
5349.500	0.9627
5350.400	0.9750
5351.300	0.9881
5352.200	0.9898
5353.100	0.9863
5354.000	0.9882
5354.900	0.9931
5355.800	0.9956
5356.700	0.9982
5357.600	1.0000
5358.500	0.9965
5359.400	0.9959
5360.300	0.9943
5361.200	0.9804
5362.100	0.9558
5363.000	0.9432
5363.900	0.9420
5364.800	0.9404
5365.700	0.9483
5366.600	0.9520
5367.500	0.9514
5368.400	0.9531
5369.300	0.9384
5370.200	0.9177
5371.100	0.9129
5372.000	0.9360
5372.900	0.9672
5373.800	0.9839
5374.700	0.9909
5375.600	0.9946
5376.500	0.9944
5377.400	0.9936
5378.300	0.9873
5379.200	0.9700
5380.100	0.9525
5381.000	0.9488
5381.900	0.9511
5382.800	0.9444
5383.700	0.9524
5384.600	0.9765
5385.500	0.9907
5386.400	0.9926
5387.300	0.9885
5388.200	0.9812
5389.100	0.9737
5390.000	0.9711
5390.900	0.9700
5391.800	0.9623
5392.700	0.9544
5393.600	0.9631
5394.500	0.9764
5395.400	0.9702
5396.300	0.9431
5397.200	0.9292
5398.100	0.9428
5399.000	0.9581
5399.900	0.9568
5400.800	0.9585
5401.700	0.9649
5402.600	0.9528
5403.500	0.9193
5404.400	0.8986
5405.300	0.8995
5406.200	0.9202
5407.100	0.9452
5408.000	0.9540
5408.900	0.9417
5409.800	0.9223
5410.700	0.9236
5411.600	0.9473
5412.500	0.9618
5413.400	0.9531
5414.300	0.9305
5415.200	0.9250
5416.100	0.9468
5417.000	0.9634
5417.900	0.9609
5418.800	0.9548
5419.700	0.9547
5420.600	0.9562
5421.500	0.9577
5422.400	0.9517
5423.300	0.9267
5424.200	0.9101
5425.100	0.9267
5426.000	0.9541
5426.900	0.9677
5427.800	0.9600
5428.700	0.9309
5429.600	0.9124
5430.500	0.9324
5431.400	0.9543
5432.300	0.9493
5433.200	0.9317
5434.100	0.9165
5435.000	0.9241
5435.900	0.9431
5436.800	0.9571
5437.700	0.9653
5438.600	0.9696
5439.500	0.9711
5440.400	0.9702
5441.300	0.9683
5442.200	0.9678
5443.100	0.9630
5444.000	0.9430
5444.900	0.9188
5445.800	0.8985
5446.700	0.8954
5447.600	0.9227
5448.500	0.9526
5449.400	0.9626
5450.300	0.9615
5451.200	0.9606
5452.100	0.9602
5453.000	0.9536
5453.900	0.9296
5454.800	0.8919
5455.700	0.8880
5456.600	0.9225
5457.500	0.9494
5458.400	0.9562
5459.300	0.9581
5460.200	0.9555
5461.100	0.9424
5462.000	0.9152
5462.900	0.8981
5463.800	0.9145
5464.700	0.9351
5465.600	0.9376
5466.500	0.9352
5467.400	0.9422
5468.300	0.9487
5469.200	0.9515
5470.100	0.9519
5471.000	0.9506
5471.900	0.9437
5472.800	0.9334
5473.700	0.9297
5474.600	0.9252
5475.500	0.8987
5476.400	0.8710
5477.300	0.8825
5478.200	0.9120
5479.100	0.9321
5480.000	0.9330
5480.900	0.9285
5481.800	0.9318
5482.700	0.9380
5483.600	0.9425
5484.500	0.9459
5485.400	0.9425
5486.300	0.9305
5487.200	0.9191
5488.100	0.9216
5489.000	0.9290
5489.900	0.9331
5490.800	0.9364
5491.700	0.9371
5492.600	0.9346
5493.500	0.9325
5494.400	0.9361
5495.300	0.9365
5496.200	0.9257
5497.100	0.9150
5498.000	0.9209
5498.900	0.9332
5499.800	0.9331
5500.700	0.9174
5501.600	0.9058
5502.500	0.9102
5503.400	0.9211
5504.300	0.9282
5505.200	0.9219
5506.100	0.9090
5507.000	0.9093
5507.900	0.9197
5508.800	0.9236
5509.700	0.9210
5510.600	0.9206
5511.500	0.9164
5512.400	0.9124
5513.300	0.9163
5514.200	0.9248
5515.100	0.9311
5516.000	0.9330
5516.900	0.9340
5517.800	0.9348
5518.700	0.9339
5519.600	0.9310
5520.500	0.9297
5521.400	0.9306
5522.300	0.9300
5523.200	0.9291
5524.100	0.9253
5525.000	0.9138
5525.900	0.8961
5526.800	0.8756
5527.700	0.8613
5528.600	0.8735
5529.500	0.9021
5530.400	0.9228
5531.300	0.9279
5532.200	0.9238
5533.100	0.9137
5534.000	0.8939
5534.900	0.8860
5535.800	0.9027
5536.700	0.9202
5537.600	0.9279
5538.500	0.9299
5539.400	0.9286
5540.300	0.9256
5541.200	0.9227
5542.100	0.9167
5543.000	0.9103
5543.900	0.9081
5544.800	0.9098
5545.700	0.9132
5546.600	0.9178
5547.500	0.9233
5548.400	0.9259
5549.300	0.9253
5550.200	0.9257
5551.100	0.9249
5552.000	0.9215
5552.900	0.9142
5553.800	0.9067
5554.700	0.9044
5555.600	0.9081
5556.500	0.9165
5557.400	0.9220
5558.300	0.9205
5559.200	0.9176
5560.100	0.9154
5561.000	0.9133
5561.900	0.9049
5562.800	0.8960
5563.700	0.8996
5564.600	0.9053
5565.500	0.9049
5566.400	0.9057
5567.300	0.9074
5568.200	0.9017
5569.100	0.8910
5570.000	0.8917
5570.900	0.8964
5571.800	0.8862
5572.700	0.8768
5573.600	0.8857
5574.500	0.8983
5575.400	0.8990
5576.300	0.8990
5577.200	0.9054
5578.100	0.9104
5579.000	0.9123
5579.900	0.9120
5580.800	0.9073
5581.700	0.9026
5582.600	0.9060
5583.500	0.9108
5584.400	0.9090
5585.300	0.8922
5586.200	0.8683
5587.100	0.8532
5588.000	0.8472
5588.900	0.8503
5589.800	0.8682
5590.700	0.8876
5591.600	0.8975
5592.500	0.8937
5593.400	0.8775
5594.300	0.8683
5595.200	0.8849
5596.100	0.9050
5597.000	0.8970
5597.900	0.8733
5598.800	0.8695
5599.700	0.8803
5600.600	0.8772
5601.500	0.8644
5602.400	0.8605
5603.300	0.8732
5604.200	0.8959
5605.100	0.9084
5606.000	0.9104
5606.900	0.9103
5607.800	0.9076
5608.700	0.9086
5609.600	0.9135
5610.500	0.9143
5611.400	0.9131
5612.300	0.9091
5613.200	0.8971
5614.100	0.8747
5615.000	0.8502
5615.900	0.8519
5616.800	0.8758
5617.700	0.8908
5618.600	0.8928
5619.500	0.8908
5620.400	0.8952
5621.300	0.9004
5622.200	0.8976
5623.100	0.8834
5624.000	0.8672
5624.900	0.8666
5625.800	0.8797
5626.700	0.8895
5627.600	0.8943
5628.500	0.8998
5629.400	0.9027
5630.300	0.9016
5631.200	0.9009
5632.100	0.8961
5633.000	0.8881
5633.900	0.8845
5634.800	0.8823
5635.700	0.8818
5636.600	0.8788
5637.500	0.8752
5638.400	0.8787
5639.300	0.8829
5640.200	0.8813
5641.100	0.8776
5642.000	0.8788
5642.900	0.8845
5643.800	0.8873
5644.700	0.8890
5645.600	0.8889
5646.500	0.8895
5647.400	0.8935
5648.300	0.8922
5649.200	0.8848
5650.100	0.8809
5651.000	0.8858
5651.900	0.8910
5652.800	0.8890
5653.700	0.8824
5654.600	0.8718
5655.500	0.8667
5656.400	0.8647
5657.300	0.8501
5658.200	0.8395
5659.100	0.8516
5660.000	0.8700
5660.900	0.8746
5661.800	0.8640
5662.700	0.8576
5663.600	0.8662
5664.500	0.8791
5665.400	0.8817
5666.300	0.8725
5667.200	0.8667
5668.100	0.8651
5669.000	0.8644
5669.900	0.8690
5670.800	0.8748
5671.700	0.8795
5672.600	0.8823
5673.500	0.8814
5674.400	0.8771
5675.300	0.8736
5676.200	0.8758
5677.100	0.8802
5678.000	0.8800
5678.900	0.8780
5679.800	0.8773
5680.700	0.8740
5681.600	0.8635
5682.500	0.8557
5683.400	0.8580
5684.300	0.8614
5685.200	0.8598
5686.100	0.8552
5687.000	0.8518
5687.900	0.8519
5688.800	0.8567
5689.700	0.8654
5690.600	0.8691
5691.500	0.8688
5692.400	0.8699
5693.300	0.8703
5694.200	0.8695
5695.100	0.8708
5696.000	0.8767
5696.900	0.8791
5697.800	0.8738
5698.700	0.8692
5699.600	0.8666
5700.500	0.8632
5701.400	0.8625
5702.300	0.8661
5703.200	0.8687
5704.100	0.8640
5705.000	0.8517
5705.900	0.8441
5706.800	0.8454
5707.700	0.8438
5708.600	0.8370
5709.500	0.8360
5710.400	0.8416
5711.300	0.8472
5712.200	0.8556
5713.100	0.8642
5714.000	0.8664
5714.900	0.8656
5715.800	0.8654
5716.700	0.8635
5717.600	0.8593
5718.500	0.8603
5719.400	0.8654
5720.300	0.8682
5721.200	0.8670
5722.100	0.8666
5723.000	0.8689
5723.900	0.8723
5724.800	0.8741
5725.700	0.8748
5726.600	0.8732
5727.500	0.8680
5728.400	0.8644
5729.300	0.8650
5730.200	0.8651
5731.100	0.8592
5732.000	0.8546
5732.900	0.8573
5733.800	0.8615
5734.700	0.8650
5735.600	0.8657
5736.500	0.8630
5737.400	0.8594
5738.300	0.8562
5739.200	0.8573
5740.100	0.8595
5741.000	0.8597
5741.900	0.8628
5742.800	0.8654
5743.700	0.8665
5744.600	0.8671
5745.500	0.8646
5746.400	0.8605
5747.300	0.8555
5748.200	0.8559
5749.100	0.8602
5750.000	0.8588
5750.900	0.8499
5751.800	0.8407
5752.700	0.8370
5753.600	0.8396
5754.500	0.8473
5755.400	0.8540
5756.300	0.8555
5757.200	0.8554
5758.100	0.8552
5759.000	0.8559
5759.900	0.8584
5760.800	0.8545
5761.700	0.8425
5762.600	0.8351
5763.500	0.8398
5764.400	0.8483
5765.300	0.8529
5766.200	0.8553
5767.100	0.8553
5768.000	0.8558
5768.900	0.8566
5769.800	0.8532
5770.700	0.8480
5771.600	0.8461
5772.500	0.8447
5773.400	0.8427
5774.300	0.8416
5775.200	0.8465
5776.100	0.8525
5777.000	0.8547
5777.900	0.8537
5778.800	0.8501
5779.700	0.8447
5780.600	0.8408
5781.500	0.8403
5782.400	0.8395
5783.300	0.8377
5784.200	0.8373
5785.100	0.8372
5786.000	0.8385
5786.900	0.8403
5787.800	0.8427
5788.700	0.8441
5789.600	0.8403
5790.500	0.8368
5791.400	0.8356
5792.300	0.8323
5793.200	0.8317
5794.100	0.8369
5795.000	0.8440
5795.900	0.8454
5796.800	0.8382
5797.700	0.8322
5798.600	0.8362
5799.500	0.8420
5800.400	0.8447
5801.300	0.8472
5802.200	0.8467
5803.100	0.8454
5804.000	0.8442
5804.900	0.8400
5805.800	0.8345
5806.700	0.8321
5807.600	0.8317
5808.500	0.8331
5809.400	0.8358
5810.300	0.8392
5811.200	0.8422
5812.100	0.8397
5813.000	0.8393
5813.900	0.8394
5814.800	0.8350
5815.700	0.8329
5816.600	0.8333
5817.500	0.8331
5818.400	0.8366
5819.300	0.8429
5820.200	0.8442
5821.100	0.8424
5822.000	0.8409
5822.900	0.8393
5823.800	0.8370
5824.700	0.8368
5825.600	0.8380
5826.500	0.8382
5827.400	0.8369
5828.300	0.8370
5829.200	0.8373
5830.100	0.8353
5831.000	0.8341
5831.900	0.8360
5832.800	0.8399
5833.700	0.8409
5834.600	0.8385
5835.500	0.8362
5836.400	0.8358
5837.300	0.8363
5838.200	0.8383
5839.100	0.8395
5840.000	0.8374
5840.900	0.8358
5841.800	0.8343
5842.700	0.8330
5843.600	0.8302
5844.500	0.8282
5845.400	0.8303
5846.300	0.8312
5847.200	0.8310
5848.100	0.8300
5849.000	0.8298
5849.900	0.8333
5850.800	0.8348
5851.700	0.8278
5852.600	0.8161
5853.500	0.8106
5854.400	0.8159
5855.300	0.8173
5856.200	0.8044
5857.100	0.7924
5858.000	0.7979
5858.900	0.8102
5859.800	0.8162
5860.700	0.8177
5861.600	0.8159
5862.500	0.8161
5863.400	0.8218
5864.300	0.8274
5865.200	0.8295
5866.100	0.8292
5867.000	0.8287
5867.900	0.8283
5868.800	0.8262
5869.700	0.8270
5870.600	0.8321
5871.500	0.8349
5872.400	0.8323
5873.300	0.8276
5874.200	0.8248
5875.100	0.8223
5876.000	0.8225
5876.900	0.8247
5877.800	0.8255
5878.700	0.8281
5879.600	0.8295
5880.500	0.8277
5881.400	0.8266
5882.300	0.8239
5883.200	0.8182
5884.100	0.8155
5885.000	0.8157
5885.900	0.8186
5886.800	0.8200
5887.700	0.8068
5888.600	0.7649
5889.500	0.7227
5890.400	0.7345
5891.300	0.7793
5892.200	0.8063
5893.100	0.8086
5894.000	0.7884
5894.900	0.7492
5895.800	0.7290
5896.700	0.7561
5897.600	0.7942
5898.500	0.8089
5899.400	0.8096
5900.300	0.8120
5901.200	0.8150
5902.100	0.8157
5903.000	0.8172
5903.900	0.8170
5904.800	0.8108
5905.700	0.8052
5906.600	0.8035
5907.500	0.8050
5908.400	0.8075
5909.300	0.8077
5910.200	0.8094
5911.100	0.8132
5912.000	0.8113
5912.900	0.7994
5913.800	0.7893
5914.700	0.7937
5915.600	0.8046
5916.500	0.8089
5917.400	0.8066
5918.300	0.8048
5919.200	0.8072
5920.100	0.8095
5921.000	0.8095
5921.900	0.8087
5922.800	0.8084
5923.700	0.8101
5924.600	0.8119
5925.500	0.8135
5926.400	0.8119
5927.300	0.8054
5928.200	0.7984
5929.100	0.7914
5930.000	0.7889
5930.900	0.7937
5931.800	0.8003
5932.700	0.8038
5933.600	0.8033
5934.500	0.8008
5935.400	0.8003
5936.300	0.8014
5937.200	0.8060
5938.100	0.8103
5939.000	0.8084
5939.900	0.8021
5940.800	0.7985
5941.700	0.8007
5942.600	0.8050
5943.500	0.8075
5944.400	0.8084
5945.300	0.8113
5946.200	0.8123
5947.100	0.8058
5948.000	0.7957
5948.900	0.7938
5949.800	0.7991
5950.700	0.7993
5951.600	0.7940
5952.500	0.7936
5953.400	0.8002
5954.300	0.8040
5955.200	0.8025
5956.100	0.7987
5957.000	0.7965
5957.900	0.7988
5958.800	0.8020
5959.700	0.8030
5960.600	0.8013
5961.500	0.8023
5962.400	0.8058
5963.300	0.8058
5964.200	0.8033
5965.100	0.8027
5966.000	0.8023
5966.900	0.8038
5967.800	0.8083
5968.700	0.8119
5969.600	0.8110
5970.500	0.8076
5971.400	0.8080
5972.300	0.8108
5973.200	0.8105
5974.100	0.8053
5975.000	0.7990
5975.900	0.7957
5976.800	0.7957
5977.700	0.7962
5978.600	0.7957
5979.500	0.7988
5980.400	0.8043
5981.300	0.8060
5982.200	0.7989
5983.100	0.7858
5984.000	0.7787
5984.900	0.7825
5985.800	0.7856
5986.700	0.7860
5987.600	0.7871
5988.500	0.7887
5989.400	0.7871
5990.300	0.7817
5991.200	0.7800
5992.100	0.7820
5993.000	0.7840
5993.900	0.7875
5994.800	0.7903
5995.700	0.7900
5996.600	0.7880
5997.500	0.7858
5998.400	0.7849
5999.300	0.7865
6000.200	0.7895
6001.100	0.7868
6002.000	0.7806
6002.900	0.7806
6003.800	0.7841
6004.700	0.7847
6005.600	0.7817
6006.500	0.7758
6007.400	0.7696
6008.300	0.7689
6009.200	0.7739
6010.100	0.7784
6011.000	0.7809
6011.900	0.7793
6012.800	0.7735
6013.700	0.7714
6014.600	0.7732
6015.500	0.7744
6016.400	0.7763
6017.300	0.7772
6018.200	0.7747
6019.100	0.7680
6020.000	0.7634
6020.900	0.7655
6021.800	0.7669
6022.700	0.7620
6023.600	0.7570
6024.500	0.7628
6025.400	0.7732
6026.300	0.7765
6027.200	0.7756
6028.100	0.7761
6029.000	0.7799
6029.900	0.7841
6030.800	0.7843
6031.700	0.7826
6032.600	0.7819
6033.500	0.7822
6034.400	0.7831
6035.300	0.7836
6036.200	0.7850
6037.100	0.7859
6038.000	0.7857
6038.900	0.7870
6039.800	0.7869
6040.700	0.7838
6041.600	0.7808
6042.500	0.7797
6043.400	0.7770
6044.300	0.7744
6045.200	0.7753
6046.100	0.7792
6047.000	0.7845
6047.900	0.7852
6048.800	0.7813
6049.700	0.7811
6050.600	0.7820
6051.500	0.7774
6052.400	0.7739
6053.300	0.7760
6054.200	0.7762
6055.100	0.7711
6056.000	0.7713
6056.900	0.7766
6057.800	0.7796
6058.700	0.7819
6059.600	0.7833
6060.500	0.7826
6061.400	0.7817
6062.300	0.7795
6063.200	0.7747
6064.100	0.7644
6065.000	0.7557
6065.900	0.7616
6066.800	0.7723
6067.700	0.7749
6068.600	0.7753
6069.500	0.7782
6070.400	0.7792
6071.300	0.7783
6072.200	0.7800
6073.100	0.7808
6074.000	0.7794
6074.900	0.7769
6075.800	0.7735
6076.700	0.7690
6077.600	0.7623
6078.500	0.7601
6079.400	0.7678
6080.300	0.7741
6081.200	0.7743
6082.100	0.7722
6083.000	0.7681
6083.900	0.7661
6084.800	0.7681
6085.700	0.7690
6086.600	0.7672
6087.500	0.7667
6088.400	0.7675
6089.300	0.7661
6090.200	0.7633
6091.100	0.7613
6092.000	0.7603
6092.900	0.7599
6093.800	0.7627
6094.700	0.7657
6095.600	0.7648
6096.500	0.7627
6097.400	0.7631
6098.300	0.7658
6099.200	0.7685
6100.100	0.7628
6101.000	0.7449
6101.900	0.7259
6102.800	0.7231
6103.700	0.7387
6104.600	0.7551
6105.500	0.7612
6106.400	0.7603
6107.300	0.7589
6108.200	0.7598
6109.100	0.7606
6110.000	0.7598
6110.900	0.7589
6111.800	0.7576
6112.700	0.7573
6113.600	0.7575
6114.500	0.7566
6115.400	0.7561
6116.300	0.7578
6117.200	0.7631
6118.100	0.7687
6119.000	0.7718
6119.900	0.7674
6120.800	0.7487
6121.700	0.7302
6122.600	0.7336
6123.500	0.7490
6124.400	0.7577
6125.300	0.7615
6126.200	0.7619
6127.100	0.7580
6128.000	0.7538
6128.900	0.7526
6129.800	0.7526
6130.700	0.7509
6131.600	0.7495
6132.500	0.7537
6133.400	0.7607
6134.300	0.7590
6135.200	0.7418
6136.100	0.7198
6137.000	0.7134
6137.900	0.7285
6138.800	0.7483
6139.700	0.7504
6140.600	0.7317
6141.500	0.7193
6142.400	0.7299
6143.300	0.7464
6144.200	0.7532
6145.100	0.7527
6146.000	0.7491
6146.900	0.7436
6147.800	0.7384
6148.700	0.7396
6149.600	0.7453
6150.500	0.7505
6151.400	0.7544
6152.300	0.7573
6153.200	0.7568
6154.100	0.7516
6155.000	0.7485
6155.900	0.7482
6156.800	0.7445
6157.700	0.7438
6158.600	0.7482
6159.500	0.7468
6160.400	0.7300
6161.300	0.7078
6162.200	0.7052
6163.100	0.7226
6164.000	0.7375
6164.900	0.7410
6165.800	0.7429
6166.700	0.7480
6167.600	0.7412
6168.500	0.7238
6169.400	0.7174
6170.300	0.7266
6171.200	0.7376
6172.100	0.7418
6173.000	0.7435
6173.900	0.7437
6174.800	0.7384
6175.700	0.7344
6176.600	0.7368
6177.500	0.7418
6178.400	0.7446
6179.300	0.7435
6180.200	0.7425
6181.100	0.7436
6182.000	0.7457
6182.900	0.7470
6183.800	0.7456
6184.700	0.7441
6185.600	0.7428
6186.500	0.7405
6187.400	0.7404
6188.300	0.7440
6189.200	0.7453
6190.100	0.7353
6191.000	0.7221
6191.900	0.7239
6192.800	0.7351
6193.700	0.7418
6194.600	0.7426
6195.500	0.7432
6196.400	0.7441
6197.300	0.7434
6198.200	0.7430
6199.100	0.7423
6200.000	0.7415
6200.900	0.7427
6201.800	0.7448
6202.700	0.7460
6203.600	0.7456
6204.500	0.7458
6205.400	0.7479
6206.300	0.7479
6207.200	0.7454
6208.100	0.7440
6209.000	0.7440
6209.900	0.7448
6210.800	0.7433
6211.700	0.7359
6212.600	0.7271
6213.500	0.7245
6214.400	0.7277
6215.300	0.7323
6216.200	0.7370
6217.100	0.7397
6218.000	0.7374
6218.900	0.7317
6219.800	0.7289
6220.700	0.7315
6221.600	0.7355
6222.500	0.7370
6223.400	0.7359
6224.300	0.7322
6225.200	0.7298
6226.100	0.7333
6227.000	0.7375
6227.900	0.7347
6228.800	0.7239
6229.700	0.7116
6230.600	0.7067
6231.500	0.7115
6232.400	0.7209
6233.300	0.7308
6234.200	0.7375
6235.100	0.7356
6236.000	0.7262
6236.900	0.7178
6237.800	0.7152
6238.700	0.7160
6239.600	0.7197
6240.500	0.7269
6241.400	0.7322
6242.300	0.7297
6243.200	0.7218
6244.100	0.7141
6245.000	0.7065
6245.900	0.6975
6246.800	0.6938
6247.700	0.7020
6248.600	0.7166
6249.500	0.7281
6250.400	0.7294
6251.300	0.7192
6252.200	0.7096
6253.100	0.7077
6254.000	0.7120
6254.900	0.7174
6255.800	0.7209
6256.700	0.7238
6257.600	0.7243
6258.500	0.7251
6259.400	0.7264
6260.300	0.7256
6261.200	0.7258
6262.100	0.7254
6263.000	0.7239
6263.900	0.7211
6264.800	0.7198
6265.700	0.7250
6266.600	0.7289
6267.500	0.7256
6268.400	0.7222
6269.300	0.7215
6270.200	0.7220
6271.100	0.7233
6272.000	0.7253
6272.900	0.7280
6273.800	0.7315
6274.700	0.7342
6275.600	0.7306
6276.500	0.7231
6277.400	0.7190
6278.300	0.7164
6279.200	0.7161
6280.100	0.7197
6281.000	0.7247
6281.900	0.7272
6282.800	0.7270
6283.700	0.7251
6284.600	0.7214
6285.500	0.7192
6286.400	0.7215
6287.300	0.7243
6288.200	0.7235
6289.100	0.7201
6290.000	0.7161
6290.900	0.7132
6291.800	0.7120
6292.700	0.7135
6293.600	0.7151
6294.500	0.7156
6295.400	0.7168
6296.300	0.7152
6297.200	0.7116
6298.100	0.7089
6299.000	0.7070
6299.900	0.7023
6300.800	0.6946
6301.700	0.6936
6302.600	0.7014
6303.500	0.7092
6304.400	0.7123
6305.300	0.7112
6306.200	0.7102
6307.100	0.7122
6308.000	0.7121
6308.900	0.7092
6309.800	0.7073
6310.700	0.7074
6311.600	0.7086
6312.500	0.7098
6313.400	0.7084
6314.300	0.7053
6315.200	0.7063
6316.100	0.7063
6317.000	0.6980
6317.900	0.6875
6318.800	0.6866
6319.700	0.6981
6320.600	0.7045
6321.500	0.7025
6322.400	0.6995
6323.300	0.7014
6324.200	0.7057
6325.100	0.7078
6326.000	0.7085
6326.900	0.7069
6327.800	0.7029
6328.700	0.6999
6329.600	0.6981
6330.500	0.6963
6331.400	0.6961
6332.300	0.6953
6333.200	0.6928
6334.100	0.6885
6335.000	0.6842
6335.900	0.6830
6336.800	0.6850
6337.700	0.6877
6338.600	0.6914
6339.500	0.6963
6340.400	0.6987
6341.300	0.6969
6342.200	0.6921
6343.100	0.6875
6344.000	0.6873
6344.900	0.6847
6345.800	0.6715
6346.700	0.6614
6347.600	0.6705
6348.500	0.6863
6349.400	0.6931
6350.300	0.6936
6351.200	0.6938
6352.100	0.6952
6353.000	0.6950
6353.900	0.6927
6354.800	0.6902
6355.700	0.6908
6356.600	0.6930
6357.500	0.6911
6358.400	0.6877
6359.300	0.6858
6360.200	0.6852
6361.100	0.6841
6362.000	0.6834
6362.900	0.6852
6363.800	0.6868
6364.700	0.6874
6365.600	0.6888
6366.500	0.6896
6367.400	0.6886
6368.300	0.6862
6369.200	0.6828
6370.100	0.6746
6371.000	0.6678
6371.900	0.6761
6372.800	0.6896
6373.700	0.6945
6374.600	0.6935
6375.500	0.6934
6376.400	0.6946
6377.300	0.6929
6378.200	0.6914
6379.100	0.6901
6380.000	0.6887
6380.900	0.6910
6381.800	0.6923
6382.700	0.6901
6383.600	0.6889
6384.500	0.6894
6385.400	0.6891
6386.300	0.6888
6387.200	0.6909
6388.100	0.6911
6389.000	0.6879
6389.900	0.6870
6390.800	0.6874
6391.700	0.6833
6392.600	0.6733
6393.500	0.6683
6394.400	0.6768
6395.300	0.6882
6396.200	0.6917
6397.100	0.6888
6398.000	0.6803
6398.900	0.6690
6399.800	0.6667
6400.700	0.6756
6401.600	0.6838
6402.500	0.6848
6403.400	0.6840
6404.300	0.6840
6405.200	0.6827
6406.100	0.6756
6407.000	0.6668
6407.900	0.6675
6408.800	0.6759
6409.700	0.6803
6410.600	0.6745
6411.500	0.6721
6412.400	0.6788
6413.300	0.6814
6414.200	0.6766
6415.100	0.6717
6416.000	0.6698
6416.900	0.6734
6417.800	0.6773
6418.700	0.6717
6419.600	0.6641
6420.500	0.6652
6421.400	0.6740
6422.300	0.6839
6423.200	0.6875
6424.100	0.6862
6425.000	0.6855
6425.900	0.6842
6426.800	0.6834
6427.700	0.6851
6428.600	0.6845
6429.500	0.6786
6430.400	0.6710
6431.300	0.6679
6432.200	0.6695
6433.100	0.6750
6434.000	0.6798
6434.900	0.6804
6435.800	0.6794
6436.700	0.6727
6437.600	0.6556
6438.500	0.6418
6439.400	0.6505
6440.300	0.6694
6441.200	0.6773
6442.100	0.6762
6443.000	0.6775
6443.900	0.6791
6444.800	0.6766
6445.700	0.6755
6446.600	0.6771
6447.500	0.6754
6448.400	0.6658
6449.300	0.6591
6450.200	0.6646
6451.100	0.6718
6452.000	0.6733
6452.900	0.6719
6453.800	0.6667
6454.700	0.6503
6455.600	0.6287
6456.500	0.6285
6457.400	0.6501
6458.300	0.6666
6459.200	0.6708
6460.100	0.6675
6461.000	0.6521
6461.900	0.6370
6462.800	0.6432
6463.700	0.6615
6464.600	0.6714
6465.500	0.6736
6466.400	0.6718
6467.300	0.6686
6468.200	0.6666
6469.100	0.6647
6470.000	0.6606
6470.900	0.6553
6471.800	0.6561
6472.700	0.6617
6473.600	0.6631
6474.500	0.6634
6475.400	0.6651
6476.300	0.6651
6477.200	0.6652
6478.100	0.6638
6479.000	0.6609
6479.900	0.6594
6480.800	0.6567
6481.700	0.6535
6482.600	0.6547
6483.500	0.6587
6484.400	0.6602
6485.300	0.6588
6486.200	0.6565
6487.100	0.6552
6488.000	0.6554
6488.900	0.6566
6489.800	0.6536
6490.700	0.6489
6491.600	0.6443
6492.500	0.6346
6493.400	0.6220
6494.300	0.6150
6495.200	0.6126
6496.100	0.6135
6497.000	0.6260
6497.900	0.6411
6498.800	0.6450
6499.700	0.6479
6500.600	0.6554
6501.500	0.6600
6502.400	0.6599
6503.300	0.6574
6504.200	0.6556
6505.100	0.6536
6506.000	0.6534
6506.900	0.6550
6507.800	0.6559
6508.700	0.6578
6509.600	0.6596
6510.500	0.6596
6511.400	0.6581
6512.300	0.6554
6513.200	0.6512
6514.100	0.6431
6515.000	0.6325
6515.900	0.6293
6516.800	0.6360
6517.700	0.6447
6518.600	0.6497
6519.500	0.6502
6520.400	0.6488
6521.300	0.6481
6522.200	0.6479
6523.100	0.6459
6524.000	0.6435
6524.900	0.6403
6525.800	0.6350
6526.700	0.6324
6527.600	0.6341
6528.500	0.6373
6529.400	0.6385
6530.300	0.6353
6531.200	0.6313
6532.100	0.6295
6533.000	0.6272
6533.900	0.6260
6534.800	0.6259
6535.700	0.6247
6536.600	0.6221
6537.500	0.6194
6538.400	0.6173
6539.300	0.6148
6540.200	0.6153
6541.100	0.6155
6542.000	0.6113
6542.900	0.6074
6543.800	0.6049
6544.700	0.5977
6545.600	0.5881
6546.500	0.5852
6547.400	0.5880
6548.300	0.5888
6549.200	0.5857
6550.100	0.5797
6551.000	0.5745
6551.900	0.5697
6552.800	0.5624
6553.700	0.5529
6554.600	0.5413
6555.500	0.5289
6556.400	0.5168
6557.300	0.5045
6558.200	0.4883
6559.100	0.4630
6560.000	0.4219
6560.900	0.3553
6561.800	0.2883
6562.700	0.2787
6563.600	0.3341
6564.500	0.4038
6565.400	0.4514
6566.300	0.4788
6567.200	0.4954
6568.100	0.5064
6569.000	0.5188
6569.900	0.5333
6570.800	0.5456
6571.700	0.5565
6572.600	0.5650
6573.500	0.5691
6574.400	0.5725
6575.300	0.5788
6576.200	0.5856
6577.100	0.5884
6578.000	0.5885
6578.900	0.5905
6579.800	0.5937
6580.700	0.5986
6581.600	0.6050
6582.500	0.6078
6583.400	0.6078
6584.300	0.6072
6585.200	0.6030
6586.100	0.5972
6587.000	0.5974
6587.900	0.6036
6588.800	0.6099
6589.700	0.6152
6590.600	0.6160
6591.500	0.6077
6592.400	0.5986
6593.300	0.5992
6594.200	0.6079
6595.100	0.6143
6596.000	0.6149
6596.900	0.6154
6597.800	0.6168
6598.700	0.6194
6599.600	0.6248
6600.500	0.6296
6601.400	0.6288
6602.300	0.6239
6603.200	0.6205
6604.100	0.6204
6605.000	0.6219
6605.900	0.6231
6606.800	0.6233
6607.700	0.6232
6608.600	0.6233
6609.500	0.6242
6610.400	0.6249
6611.300	0.6246
6612.200	0.6242
6613.100	0.6232
6614.000	0.6213
6614.900	0.6203
6615.800	0.6220
6616.700	0.6262
6617.600	0.6267
6618.500	0.6233
6619.400	0.6202
6620.300	0.6197
6621.200	0.6220
6622.100	0.6236
6623.000	0.6234
6623.900	0.6231
6624.800	0.6226
6625.700	0.6218
6626.600	0.6198
6627.500	0.6188
6628.400	0.6199
6629.300	0.6221
6630.200	0.6246
6631.100	0.6229
6632.000	0.6177
6632.900	0.6154
6633.800	0.6169
6634.700	0.6198
6635.600	0.6207
6636.500	0.6214
6637.400	0.6226
6638.300	0.6228
6639.200	0.6215
6640.100	0.6200
6641.000	0.6195
6641.900	0.6179
6642.800	0.6160
6643.700	0.6175
6644.600	0.6192
6645.500	0.6197
6646.400	0.6213
6647.300	0.6229
6648.200	0.6239
6649.100	0.6233
6650.000	0.6230
6650.900	0.6247
6651.800	0.6253
6652.700	0.6234
6653.600	0.6196
6654.500	0.6172
6655.400	0.6173
6656.300	0.6186
6657.200	0.6208
6658.100	0.6225
6659.000	0.6225
6659.900	0.6207
6660.800	0.6173
6661.700	0.6145
6662.600	0.6135
6663.500	0.6140
6664.400	0.6139
6665.300	0.6142
6666.200	0.6168
6667.100	0.6191
6668.000	0.6200
6668.900	0.6205
6669.800	0.6197
6670.700	0.6181
6671.600	0.6171
6672.500	0.6163
6673.400	0.6153
6674.300	0.6161
6675.200	0.6165
6676.100	0.6097
6677.000	0.5989
6677.900	0.5964
6678.800	0.6033
6679.700	0.6111
6680.600	0.6154
6681.500	0.6164
6682.400	0.6166
6683.300	0.6171
6684.200	0.6168
6685.100	0.6144
6686.000	0.6123
6686.900	0.6133
6687.800	0.6163
6688.700	0.6179
6689.600	0.6176
6690.500	0.6181
6691.400	0.6191
6692.300	0.6184
6693.200	0.6159
6694.100	0.6139
6695.000	0.6136
6695.900	0.6132
6696.800	0.6132
6697.700	0.6142
6698.600	0.6145
6699.500	0.6146
6700.400	0.6153
6701.300	0.6154
6702.200	0.6147
6703.100	0.6142
6704.000	0.6135
6704.900	0.6130
6705.800	0.6118
6706.700	0.6093
6707.600	0.6093
6708.500	0.6120
6709.400	0.6140
6710.300	0.6139
6711.200	0.6118
6712.100	0.6084
6713.000	0.6064
6713.900	0.6077
6714.800	0.6083
6715.700	0.6044
6716.600	0.5972
6717.500	0.5943
6718.400	0.5992
6719.300	0.6047
6720.200	0.6063
6721.100	0.6063
6722.000	0.6066
6722.900	0.6078
6723.800	0.6096
6724.700	0.6087
6725.600	0.6045
6726.500	0.6031
6727.400	0.6049
6728.300	0.6058
6729.200	0.6061
6730.100	0.6053
6731.000	0.6048
6731.900	0.6045
6732.800	0.6057
6733.700	0.6087
6734.600	0.6084
6735.500	0.6072
6736.400	0.6084
6737.300	0.6098
6738.200	0.6084
6739.100	0.6056
6740.000	0.6054
6740.900	0.6048
6741.800	0.5995
6742.700	0.5957
6743.600	0.5989
6744.500	0.6032
6745.400	0.6043
6746.300	0.6016
6747.200	0.5957
6748.100	0.5926
6749.000	0.5942
6749.900	0.5962
6750.800	0.5968
6751.700	0.5969
6752.600	0.5985
6753.500	0.6009
6754.400	0.6011
6755.300	0.5958
6756.200	0.5897
6757.100	0.5904
6758.000	0.5960
6758.900	0.5981
6759.800	0.5952
6760.700	0.5934
6761.600	0.5935
6762.500	0.5952
6763.400	0.5969
6764.300	0.5975
6765.200	0.5970
6766.100	0.5943
6767.000	0.5936
6767.900	0.5969
6768.800	0.5990
6769.700	0.5976
6770.600	0.5968
6771.500	0.5984
6772.400	0.6008
6773.300	0.6010
6774.200	0.5989
6775.100	0.6006
6776.000	0.6029
6776.900	0.6004
6777.800	0.5982
6778.700	0.5974
6779.600	0.5946
6780.500	0.5939
6781.400	0.5947
6782.300	0.5941
6783.200	0.5932
6784.100	0.5902
6785.000	0.5893
6785.900	0.5903
6786.800	0.5900
6787.700	0.5906
6788.600	0.5908
6789.500	0.5918
6790.400	0.5936
6791.300	0.5927
6792.200	0.5912
6793.100	0.5916
6794.000	0.5933
6794.900	0.5935
6795.800	0.5943
6796.700	0.5963
6797.600	0.5957
6798.500	0.5928
6799.400	0.5914
6800.300	0.5932
6801.200	0.5940
6802.100	0.5925
6803.000	0.5912
6803.900	0.5899
6804.800	0.5882
6805.700	0.5885
6806.600	0.5896
6807.500	0.5898
6808.400	0.5875
6809.300	0.5845
6810.200	0.5847
6811.100	0.5870
6812.000	0.5882
6812.900	0.5866
6813.800	0.5852
6814.700	0.5863
6815.600	0.5865
6816.500	0.5860
6817.400	0.5864
6818.300	0.5870
6819.200	0.5859
6820.100	0.5860
6821.000	0.5891
6821.900	0.5912
6822.800	0.5898
6823.700	0.5878
6824.600	0.5880
6825.500	0.5894
6826.400	0.5863
6827.300	0.5802
6828.200	0.5798
6829.100	0.5836
6830.000	0.5862
6830.900	0.5856
6831.800	0.5831
6832.700	0.5807
6833.600	0.5793
6834.500	0.5795
6835.400	0.5807
6836.300	0.5809
6837.200	0.5799
6838.100	0.5788
6839.000	0.5774
6839.900	0.5756
6840.800	0.5730
6841.700	0.5711
6842.600	0.5704
6843.500	0.5729
6844.400	0.5799
6845.300	0.5864
6846.200	0.5880
6847.100	0.5862
6848.000	0.5842
6848.900	0.5834
6849.800	0.5837
6850.700	0.5842
6851.600	0.5820
6852.500	0.5790
6853.400	0.5773
6854.300	0.5763
6855.200	0.5776
6856.100	0.5789
6857.000	0.5774
6857.900	0.5765
6858.800	0.5759
6859.700	0.5754
6860.600	0.5757
6861.500	0.5752
6862.400	0.5741
6863.300	0.5738
6864.200	0.5753
6865.100	0.5740
6866.000	0.5701
6866.900	0.5736
6867.800	0.5816
6868.700	0.5824
6869.600	0.5783
6870.500	0.5745
6871.400	0.5731
6872.300	0.5722
6873.200	0.5738
6874.100	0.5756
6875.000	0.5740
6875.900	0.5723
6876.800	0.5717
6877.700	0.5733
6878.600	0.5754
6879.500	0.5752
6880.400	0.5725
6881.300	0.5681
6882.200	0.5669
6883.100	0.5673
6884.000	0.5641
6884.900	0.5654
6885.800	0.5709
6886.700	0.5714
6887.600	0.5703
6888.500	0.5727
6889.400	0.5723
6890.300	0.5659
6891.200	0.5650
6892.100	0.5717
6893.000	0.5726
6893.900	0.5666
6894.800	0.5634
6895.700	0.5666
6896.600	0.5690
6897.500	0.5680
6898.400	0.5666
6899.300	0.5671
6900.200	0.5670
6901.100	0.5625
6902.000	0.5586
6902.900	0.5617
6903.800	0.5684
6904.700	0.5690
6905.600	0.5638
6906.500	0.5607
6907.400	0.5634
6908.300	0.5686
6909.200	0.5689
6910.100	0.5649
6911.000	0.5653
6911.900	0.5692
6912.800	0.5696
6913.700	0.5667
6914.600	0.5640
6915.500	0.5610
6916.400	0.5602
6917.300	0.5650
6918.200	0.5703
6919.100	0.5689
6920.000	0.5652
6920.900	0.5646
6921.800	0.5664
6922.700	0.5682
6923.600	0.5669
6924.500	0.5636
6925.400	0.5611
6926.300	0.5610
6927.200	0.5635
6928.100	0.5666
6929.000	0.5673
6929.900	0.5650
6930.800	0.5634
6931.700	0.5644
6932.600	0.5645
6933.500	0.5636
6934.400	0.5626
6935.300	0.5606
6936.200	0.5605
6937.100	0.5643
6938.000	0.5683
6938.900	0.5701
6939.800	0.5715
6940.700	0.5719
6941.600	0.5701
6942.500	0.5675
6943.400	0.5654
6944.300	0.5632
6945.200	0.5635
6946.100	0.5676
6947.000	0.5693
6947.900	0.5672
6948.800	0.5647
6949.700	0.5635
6950.600	0.5615
6951.500	0.5602
6952.400	0.5612
6953.300	0.5606
6954.200	0.5607
6955.100	0.5622
6956.000	0.5618
6956.900	0.5602
6957.800	0.5614
6958.700	0.5647
6959.600	0.5655
6960.500	0.5644
6961.400	0.5645
6962.300	0.5625
6963.200	0.5602
6964.100	0.5599
6965.000	0.5607
6965.900	0.5621
6966.800	0.5612
6967.700	0.5595
6968.600	0.5599
6969.500	0.5617
6970.400	0.5627
6971.300	0.5619
6972.200	0.5616
6973.100	0.5600
6974.000	0.5575
6974.900	0.5552
6975.800	0.5525
6976.700	0.5508
6977.600	0.5489
6978.500	0.5488
6979.400	0.5518
6980.300	0.5548
6981.200	0.5568
6982.100	0.5561
6983.000	0.5561
6983.900	0.5583
6984.800	0.5589
6985.700	0.5597
6986.600	0.5602
6987.500	0.5611
6988.400	0.5610
6989.300	0.5579
6990.200	0.5565
6991.100	0.5569
6992.000	0.5581
6992.900	0.5593
6993.800	0.5590
6994.700	0.5594
6995.600	0.5590
6996.500	0.5565
6997.400	0.5536
6998.300	0.5495
6999.200	0.5476
7000.100	0.5502
7001.000	0.5543
7001.900	0.5530
7002.800	0.5481
7003.700	0.5456
7004.600	0.5423
7005.500	0.5402
7006.400	0.5441
7007.300	0.5502
7008.200	0.5533
7009.100	0.5538
7010.000	0.5518
7010.900	0.5493
7011.800	0.5474
7012.700	0.5467
7013.600	0.5473
7014.500	0.5467
7015.400	0.5418
7016.300	0.5365
7017.200	0.5398
7018.100	0.5456
7019.000	0.5468
7019.900	0.5461
7020.800	0.5480
7021.700	0.5508
7022.600	0.5491
7023.500	0.5453
7024.400	0.5428
7025.300	0.5441
7026.200	0.5469
7027.100	0.5461
7028.000	0.5438
7028.900	0.5446
7029.800	0.5462
7030.700	0.5453
7031.600	0.5441
7032.500	0.5443
7033.400	0.5427
7034.300	0.5398
7035.200	0.5415
7036.100	0.5445
7037.000	0.5443
7037.900	0.5446
7038.800	0.5470
7039.700	0.5487
7040.600	0.5464
7041.500	0.5442
7042.400	0.5424
7043.300	0.5422
7044.200	0.5449
7045.100	0.5455
7046.000	0.5437
7046.900	0.5452
7047.800	0.5476
7048.700	0.5468
7049.600	0.5458
7050.500	0.5458
7051.400	0.5466
7052.300	0.5464
7053.200	0.5461
7054.100	0.5440
7055.000	0.5414
7055.900	0.5415
7056.800	0.5430
7057.700	0.5444
7058.600	0.5442
7059.500	0.5430
7060.400	0.5422
7061.300	0.5412
7062.200	0.5439
7063.100	0.5519
7064.000	0.5578
7064.900	0.5564
7065.800	0.5505
7066.700	0.5435
7067.600	0.5377
7068.500	0.5366
7069.400	0.5400
7070.300	0.5421
7071.200	0.5399
7072.100	0.5391
7073.000	0.5403
7073.900	0.5396
7074.800	0.5361
7075.700	0.5356
7076.600	0.5387
7077.500	0.5405
7078.400	0.5399
7079.300	0.5379
7080.200	0.5362
7081.100	0.5365
7082.000	0.5387
7082.900	0.5393
7083.800	0.5378
7084.700	0.5373
7085.600	0.5358
7086.500	0.5324
7087.400	0.5308
7088.300	0.5326
7089.200	0.5353
7090.100	0.5351
7091.000	0.5333
7091.900	0.5337
7092.800	0.5355
7093.700	0.5380
7094.600	0.5400
7095.500	0.5404
7096.400	0.5394
7097.300	0.5376
7098.200	0.5371
7099.100	0.5365
7100.000	0.5373
7100.900	0.5397
7101.800	0.5402
7102.700	0.5405
7103.600	0.5397
7104.500	0.5385
7105.400	0.5390
7106.300	0.5388
7107.200	0.5371
7108.100	0.5351
7109.000	0.5338
7109.900	0.5321
7110.800	0.5279
7111.700	0.5238
7112.600	0.5219
7113.500	0.5212
7114.400	0.5216
7115.300	0.5220
7116.200	0.5226
7117.100	0.5240
7118.000	0.5250
7118.900	0.5256
7119.800	0.5253
7120.700	0.5230
7121.600	0.5222
7122.500	0.5271
7123.400	0.5318
7124.300	0.5327
7125.200	0.5337
7126.100	0.5353
7127.000	0.5333
7127.900	0.5320
7128.800	0.5307
7129.700	0.5284
7130.600	0.5278
7131.500	0.5298
7132.400	0.5311
7133.300	0.5304
7134.200	0.5305
7135.100	0.5319
7136.000	0.5324
7136.900	0.5321
7137.800	0.5319
7138.700	0.5319
7139.600	0.5310
7140.500	0.5298
7141.400	0.5291
7142.300	0.5285
7143.200	0.5287
7144.100	0.5274
7145.000	0.5243
7145.900	0.5204
7146.800	0.5135
7147.700	0.5110
7148.600	0.5185
7149.500	0.5280
7150.400	0.5311
7151.300	0.5303
7152.200	0.5308
7153.100	0.5301
7154.000	0.5277
7154.900	0.5265
7155.800	0.5250
7156.700	0.5241
7157.600	0.5259
7158.500	0.5283
7159.400	0.5293
7160.300	0.5288
7161.200	0.5276
7162.100	0.5251
7163.000	0.5190
7163.900	0.5113
7164.800	0.5079
7165.700	0.5124
7166.600	0.5217
7167.500	0.5295
7168.400	0.5315
7169.300	0.5306
7170.200	0.5285
7171.100	0.5268
7172.000	0.5293
7172.900	0.5325
7173.800	0.5302
7174.700	0.5249
7175.600	0.5238
7176.500	0.5279
7177.400	0.5304
7178.300	0.5276
7179.200	0.5240
7180.100	0.5224
7181.000	0.5214
7181.900	0.5180
7182.800	0.5168
7183.700	0.5207
7184.600	0.5210
7185.500	0.5146
7186.400	0.5099
7187.300	0.5120
7188.200	0.5162
7189.100	0.5170
7190.000	0.5199
7190.900	0.5235
7191.800	0.5194
7192.700	0.5159
7193.600	0.5168
7194.500	0.5185
7195.400	0.5182
7196.300	0.5170
7197.200	0.5177
7198.100	0.5170
7199.000	0.5173
7199.900	0.5200
7200.800	0.5136
7201.700	0.5046
7202.600	0.5082
7203.500	0.5174
7204.400	0.5170
7205.300	0.5106
7206.200	0.5044
7207.100	0.5033
7208.000	0.5105
7208.900	0.5188
7209.800	0.5202
7210.700	0.5173
7211.600	0.5159
7212.500	0.5165
7213.400	0.5144
7214.300	0.5119
7215.200	0.5139
7216.100	0.5147
7217.000	0.5134
7217.900	0.5111
7218.800	0.5067
7219.700	0.5059
7220.600	0.5089
7221.500	0.5094
7222.400	0.5083
7223.300	0.5078
7224.200	0.5078
7225.100	0.5089
7226.000	0.5134
7226.900	0.5185
7227.800	0.5191
7228.700	0.5175
7229.600	0.5154
7230.500	0.5122
7231.400	0.5118
7232.300	0.5099
7233.200	0.5074
7234.100	0.5095
7235.000	0.5140
7235.900	0.5163
7236.800	0.5153
7237.700	0.5121
7238.600	0.5077
7239.500	0.5109
7240.400	0.5160
7241.300	0.5122
7242.200	0.5103
7243.100	0.5125
7244.000	0.5122
7244.900	0.5122
7245.800	0.5150
7246.700	0.5157
7247.600	0.5127
7248.500	0.5078
7249.400	0.5025
7250.300	0.5007
7251.200	0.5063
7252.100	0.5150
7253.000	0.5166
7253.900	0.5116
7254.800	0.5074
7255.700	0.5093
7256.600	0.5131
7257.500	0.5106
7258.400	0.5082
7259.300	0.5107
7260.200	0.5118
7261.100	0.5091
7262.000	0.5056
7262.900	0.5042
7263.800	0.5076
7264.700	0.5138
7265.600	0.5161
7266.500	0.5143
7267.400	0.5129
7268.300	0.5141
7269.200	0.5147
7270.100	0.5097
7271.000	0.5060
7271.900	0.5083
7272.800	0.5081
7273.700	0.5043
7274.600	0.5030
7275.500	0.5059
7276.400	0.5105
7277.300	0.5115
7278.200	0.5095
7279.100	0.5088
7280.000	0.5078
7280.900	0.5046
7281.800	0.5001
7282.700	0.4976
7283.600	0.4957
7284.500	0.4968
7285.400	0.5007
7286.300	0.5009
7287.200	0.4951
7288.100	0.4892
7289.000	0.4923
7289.900	0.4995
7290.800	0.4998
7291.700	0.4961
7292.600	0.4940
7293.500	0.4963
7294.400	0.4999
7295.300	0.4989
7296.200	0.4968
7297.100	0.4967
7298.000	0.4980
7298.900	0.5012
7299.800	0.5023
7300.700	0.5010
7301.600	0.5020
7302.500	0.5062
7303.400	0.5082
7304.300	0.5063
7305.200	0.5041
7306.100	0.5002
7307.000	0.4964
7307.900	0.4981
7308.800	0.5028
7309.700	0.5057
7310.600	0.5054
7311.500	0.5057
7312.400	0.5072
7313.300	0.5079
7314.200	0.5072
7315.100	0.5051
7316.000	0.5043
7316.900	0.5067
7317.800	0.5077
7318.700	0.5033
7319.600	0.4978
7320.500	0.4975
7321.400	0.5009
7322.300	0.5032
7323.200	0.5027
7324.100	0.4970
7325.000	0.4906
7325.900	0.4909
7326.800	0.4952
7327.700	0.4979
7328.600	0.4982
7329.500	0.4990
7330.400	0.5006
7331.300	0.5019
7332.200	0.5031
7333.100	0.5021
7334.000	0.5005
7334.900	0.5001
7335.800	0.5013
7336.700	0.5045
7337.600	0.5066
7338.500	0.5069
7339.400	0.5057
7340.300	0.5031
7341.200	0.5023
7342.100	0.5025
7343.000	0.5038
7343.900	0.5063
7344.800	0.5072
7345.700	0.5070
7346.600	0.5073
7347.500	0.5085
7348.400	0.5079
7349.300	0.5026
7350.200	0.4962
7351.100	0.4934
7352.000	0.4932
7352.900	0.4931
7353.800	0.4913
7354.700	0.4896
7355.600	0.4901
7356.500	0.4927
7357.400	0.4940
7358.300	0.4937
7359.200	0.4971
7360.100	0.5018
7361.000	0.5015
7361.900	0.4994
7362.800	0.4976
7363.700	0.4956
7364.600	0.4947
7365.500	0.4959
7366.400	0.4981
7367.300	0.4991
7368.200	0.4986
7369.100	0.4984
7370.000	0.4993
7370.900	0.4994
7371.800	0.4991
7372.700	0.4990
7373.600	0.4986
7374.500	0.4979
7375.400	0.4962
7376.300	0.4935
7377.200	0.4918
7378.100	0.4918
7379.000	0.4917
7379.900	0.4896
7380.800	0.4867
7381.700	0.4856
7382.600	0.4857
7383.500	0.4830
7384.400	0.4778
7385.300	0.4734
7386.200	0.4711
7387.100	0.4695
7388.000	0.4673
7388.900	0.4681
7389.800	0.4726
7390.700	0.4766
7391.600	0.4755
7392.500	0.4730
7393.400	0.4742
7394.300	0.4756
7395.200	0.4758
7396.100	0.4779
7397.000	0.4805
7397.900	0.4829
7398.800	0.4822
7399.700	0.4802
7400.600	0.4796
7401.500	0.4806
7402.400	0.4808
7403.300	0.4796
7404.200	0.4768
7405.100	0.4739
7406.000	0.4754
7406.900	0.4795
7407.800	0.4812
7408.700	0.4811
7409.600	0.4797
7410.500	0.4794
7411.400	0.4787
7412.300	0.3912
7413.200	0.0902
7414.100	0.0019
7415.000	0.0000
7415.900	0.0000
7416.800	0.0000
7417.700	0.0000
7418.600	0.0000
7419.500	0.0000
7420.400	0.0000
7421.300	0.0000
7422.200	0.0000
7423.100	0.0000
7424.000	0.0000
7424.900	0.0000
7425.800	0.0000
7426.700	0.0000
7427.600	0.0000
7428.500	0.0000
