3500.0000 0
3500.9000 0
3501.8000 0
3502.7000 0
3503.6000 0
3504.5000 0
3505.4000 0
3506.3000 0
3507.2000 0
3508.1000 0
3509.0000 0
3509.9000 0
3510.8000 0
3511.7000 0
3512.6000 0
3513.5000 0
3514.4000 0
3515.3000 0
3516.2000 0
3517.1000 0
3518.0000 0
3518.9000 0
3519.8000 0
3520.7000 0
3521.6000 0
3522.5000 0
3523.4000 0
3524.3000 0
3525.2000 0
3526.1000 0
3527.0000 0
3527.9000 0
3528.8000 0
3529.7000 0
3530.6000 0
3531.5000 0
3532.4000 0
3533.3000 0
3534.2000 0
3535.1000 0.00913053
3536.0000 0.28218979
3536.9000 0.29277363
3537.8000 0.30781096
3538.7000 0.32780212
3539.6000 0.33759558
3540.5000 0.33149192
3541.4000 0.3115257
3542.3000 0.31113568
3543.2000 0.32553533
3544.1000 0.33550581
3545.0000 0.3259601
3545.9000 0.32958877
3546.8000 0.32396719
3547.7000 0.31149393
3548.6000 0.32280928
3549.5000 0.33820635
3550.4000 0.34449655
3551.3000 0.33933437
3552.2000 0.32929748
3553.1000 0.32082945
3554.0000 0.31938761
3554.9000 0.32957768
3555.8000 0.33363119
3556.7000 0.33703819
3557.6000 0.33328256
3558.5000 0.33287054
3559.4000 0.33050415
3560.3000 0.32057619
3561.2000 0.31105819
3562.1000 0.32811424
3563.0000 0.34684727
3563.9000 0.33428261
3564.8000 0.29574928
3565.7000 0.27517071
3566.6000 0.28454772
3567.5000 0.29419044
3568.4000 0.2848475
3569.3000 0.28019723
3570.2000 0.29452524
3571.1000 0.28698811
3572.0000 0.27020347
3572.9000 0.25443688
3573.8000 0.26704723
3574.7000 0.29122052
3575.6000 0.29025251
3576.5000 0.28231606
3577.4000 0.28074652
3578.3000 0.28919512
3579.2000 0.32155636
3580.1000 0.32610264
3581.0000 0.30009818
3581.9000 0.30297074
3582.8000 0.32842132
3583.7000 0.32182235
3584.6000 0.26488888
3585.5000 0.23203337
3586.4000 0.24030921
3587.3000 0.24878049
3588.2000 0.25308061
3589.1000 0.25203592
3590.0000 0.26148099
3590.9000 0.2942394
3591.8000 0.32664207
3592.7000 0.30987543
3593.6000 0.2929039
3594.5000 0.30214745
3595.4000 0.30870616
3596.3000 0.32674959
3597.2000 0.34901631
3598.1000 0.35529113
3599.0000 0.34413561
3599.9000 0.3458297
3600.8000 0.33166009
3601.7000 0.30968794
3602.6000 0.29608044
3603.5000 0.28341869
3604.4000 0.29611978
3605.3000 0.30056706
3606.2000 0.30756173
3607.1000 0.32640055
3608.0000 0.30092755
3608.9000 0.27989581
3609.8000 0.26998809
3610.7000 0.27625999
3611.6000 0.29041484
3612.5000 0.28628054
3613.4000 0.26097587
3614.3000 0.27746788
3615.2000 0.33327004
3616.1000 0.35988557
3617.0000 0.3456164
3617.9000 0.29746944
3618.8000 0.26919788
3619.7000 0.29025742
3620.6000 0.30895603
3621.5000 0.31901583
3622.4000 0.32796454
3623.3000 0.32217303
3624.2000 0.32411346
3625.1000 0.34161395
3626.0000 0.36467841
3626.9000 0.37800002
3627.8000 0.38084865
3628.7000 0.3659074
3629.6000 0.33589876
3630.5000 0.27243438
3631.4000 0.23576702
3632.3000 0.25546739
3633.2000 0.28729513
3634.1000 0.30017945
3635.0000 0.29973739
3635.9000 0.30818173
3636.8000 0.33016929
3637.7000 0.34599909
3638.6000 0.356051
3639.5000 0.3666389
3640.4000 0.35700512
3641.3000 0.33564952
3642.2000 0.32138595
3643.1000 0.2993187
3644.0000 0.29034236
3644.9000 0.29233742
3645.8000 0.2950165
3646.7000 0.31130803
3647.6000 0.32676169
3648.5000 0.32547686
3649.4000 0.31018206
3650.3000 0.30771485
3651.2000 0.3135657
3652.1000 0.3236315
3653.0000 0.34351611
3653.9000 0.36287484
3654.8000 0.36617243
3655.7000 0.35416678
3656.6000 0.35798672
3657.5000 0.37901601
3658.4000 0.37243149
3659.3000 0.35209635
3660.2000 0.35381636
3661.1000 0.35960314
3662.0000 0.36533704
3662.9000 0.36441797
3663.8000 0.35080114
3664.7000 0.34421158
3665.6000 0.34550884
3666.5000 0.35544252
3667.4000 0.3464995
3668.3000 0.33551258
3669.2000 0.32392126
3670.1000 0.31523424
3671.0000 0.34621292
3671.9000 0.39390698
3672.8000 0.39378041
3673.7000 0.37306929
3674.6000 0.37230539
3675.5000 0.37577069
3676.4000 0.34834155
3677.3000 0.32700187
3678.2000 0.32396746
3679.1000 0.3147642
3680.0000 0.34327626
3680.9000 0.3760587
3681.8000 0.3768259
3682.7000 0.35307312
3683.6000 0.36348248
3684.5000 0.38543329
3685.4000 0.36304936
3686.3000 0.32166424
3687.2000 0.30929404
3688.1000 0.35396284
3689.0000 0.42220953
3689.9000 0.44514132
3690.8000 0.41948649
3691.7000 0.40140039
3692.6000 0.42856836
3693.5000 0.46549618
3694.4000 0.47606418
3695.3000 0.46607193
3696.2000 0.42696345
3697.1000 0.3824054
3698.0000 0.40084428
3698.9000 0.48632428
3699.8000 0.54847312
3700.7000 0.55558997
3701.6000 0.52534908
3702.5000 0.46136975
3703.4000 0.39595082
3704.3000 0.36393088
3705.2000 0.34478471
3706.1000 0.35528558
3707.0000 0.40246662
3707.9000 0.45316961
3708.8000 0.46613121
3709.7000 0.44332469
3710.6000 0.40484405
3711.5000 0.36519903
3712.4000 0.38136619
3713.3000 0.45112842
3714.2000 0.51668477
3715.1000 0.53721672
3716.0000 0.55574495
3716.9000 0.61365765
3717.8000 0.6399163
3718.7000 0.60247833
3719.6000 0.53388506
3720.5000 0.45315483
3721.4000 0.35967019
3722.3000 0.32870221
3723.2000 0.37665018
3724.1000 0.45484698
3725.0000 0.54475975
3725.9000 0.6187861
3726.8000 0.56308466
3727.7000 0.50269085
3728.6000 0.54439116
3729.5000 0.61945015
3730.4000 0.60457391
3731.3000 0.54174161
3732.2000 0.45423466
3733.1000 0.36925077
3734.0000 0.31688979
3734.9000 0.30364954
3735.8000 0.34584585
3736.7000 0.39431882
3737.6000 0.44298598
3738.5000 0.51999384
3739.4000 0.58989531
3740.3000 0.62294507
3741.2000 0.62986505
3742.1000 0.62560695
3743.0000 0.58849227
3743.9000 0.5818404
3744.8000 0.58420378
3745.7000 0.53013349
3746.6000 0.46578985
3747.5000 0.40042108
3748.4000 0.31797004
3749.3000 0.26853898
3750.2000 0.28021288
3751.1000 0.34991223
3752.0000 0.45385498
3752.9000 0.54366857
3753.8000 0.60874051
3754.7000 0.67104661
3755.6000 0.72462934
3756.5000 0.70457268
3757.4000 0.60904253
3758.3000 0.52897483
3759.2000 0.51054907
3760.1000 0.52128208
3761.0000 0.5354526
3761.9000 0.57483143
3762.8000 0.62777466
3763.7000 0.65754128
3764.6000 0.67077333
3765.5000 0.65069562
3766.4000 0.58839732
3767.3000 0.53178763
3768.2000 0.49692863
3769.1000 0.45370695
3770.0000 0.39431563
3770.9000 0.38036644
3771.8000 0.44751292
3772.7000 0.52986336
3773.6000 0.56526846
3774.5000 0.56286353
3775.4000 0.55172455
3776.3000 0.58830446
3777.2000 0.67606056
3778.1000 0.74428231
3779.0000 0.78157884
3779.9000 0.82481235
3780.8000 0.86413085
3781.7000 0.84581769
3782.6000 0.80541098
3783.5000 0.81940085
3784.4000 0.85691732
3785.3000 0.80370986
3786.2000 0.67841905
3787.1000 0.61202431
3788.0000 0.6159457
3788.9000 0.63952076
3789.8000 0.64430159
3790.7000 0.66739023
3791.6000 0.71274358
3792.5000 0.70636129
3793.4000 0.63689244
3794.3000 0.56219321
3795.2000 0.51444691
3796.1000 0.47663289
3797.0000 0.40290269
3797.9000 0.34529877
3798.8000 0.36364335
3799.7000 0.45893756
3800.6000 0.57408798
3801.5000 0.6351561
3802.4000 0.70776373
3803.3000 0.78605545
3804.2000 0.81380969
3805.1000 0.78621423
3806.0000 0.73572505
3806.9000 0.70037162
3807.8000 0.72480291
3808.7000 0.80427581
3809.6000 0.88023335
3810.5000 0.92677277
3811.4000 0.9287836
3812.3000 0.83547896
3813.2000 0.68790787
3814.1000 0.58938652
3815.0000 0.60034281
3815.9000 0.6879493
3816.8000 0.78289127
3817.7000 0.82083273
3818.6000 0.81971455
3819.5000 0.78094155
3820.4000 0.72465593
3821.3000 0.7201885
3822.2000 0.78517759
3823.1000 0.80955023
3824.0000 0.72022843
3824.9000 0.63397694
3825.8000 0.62604564
3826.7000 0.62834245
3827.6000 0.61371714
3828.5000 0.62615371
3829.4000 0.63737059
3830.3000 0.61998117
3831.2000 0.57208818
3832.1000 0.49032557
3833.0000 0.41498172
3833.9000 0.36759013
3834.8000 0.33198756
3835.7000 0.32987037
3836.6000 0.38184676
3837.5000 0.45578581
3838.4000 0.50545764
3839.3000 0.53490478
3840.2000 0.55572534
3841.1000 0.60442847
3842.0000 0.68174905
3842.9000 0.73239166
3843.8000 0.7507987
3844.7000 0.75752521
3845.6000 0.75477123
3846.5000 0.78500372
3847.4000 0.84120411
3848.3000 0.85118204
3849.2000 0.78875059
3850.1000 0.744178
3851.0000 0.80024242
3851.9000 0.87614495
3852.8000 0.8874259
3853.7000 0.88907218
3854.6000 0.88776904
3855.5000 0.84079129
3856.4000 0.83688879
3857.3000 0.86146373
3858.2000 0.83299714
3859.1000 0.77772295
3860.0000 0.81873906
3860.9000 0.90442151
3861.8000 0.93664944
3862.7000 0.91165817
3863.6000 0.88921803
3864.5000 0.9025082
3865.4000 0.88402796
3866.3000 0.87592643
3867.2000 0.90808189
3868.1000 0.97850657
3869.0000 1.00777364
3869.9000 0.99363494
3870.8000 0.94511896
3871.7000 0.8357991
3872.6000 0.70958489
3873.5000 0.72168446
3874.4000 0.81964719
3875.3000 0.90032667
3876.2000 0.91794658
3877.1000 0.86373067
3878.0000 0.75401044
3878.9000 0.72574157
3879.8000 0.8205809
3880.7000 0.88059586
3881.6000 0.82484418
3882.5000 0.74323559
3883.4000 0.70269388
3884.3000 0.66727787
3885.2000 0.61524677
3886.1000 0.54823852
3887.0000 0.48221403
3887.9000 0.42509672
3888.8000 0.37568483
3889.7000 0.38211617
3890.6000 0.45294565
3891.5000 0.54199106
3892.4000 0.6098963
3893.3000 0.64227575
3894.2000 0.64607882
3895.1000 0.64578587
3896.0000 0.67274225
3896.9000 0.70060283
3897.8000 0.70049691
3898.7000 0.66735429
3899.6000 0.64907598
3900.5000 0.7170732
3901.4000 0.83004618
3902.3000 0.85826695
3903.2000 0.80487609
3904.1000 0.78062159
3905.0000 0.75206977
3905.9000 0.69191152
3906.8000 0.68655872
3907.7000 0.75262481
3908.6000 0.83271229
3909.5000 0.89141726
3910.4000 0.91970599
3911.3000 0.92505831
3912.2000 0.90532023
3913.1000 0.82611209
3914.0000 0.75217319
3914.9000 0.74335647
3915.8000 0.72651827
3916.7000 0.70743006
3917.6000 0.71213609
3918.5000 0.70471585
3919.4000 0.69870383
3920.3000 0.70541114
3921.2000 0.72619623
3922.1000 0.74047482
3923.0000 0.75229383
3923.9000 0.75763506
3924.8000 0.73359644
3925.7000 0.6633715
3926.6000 0.59749973
3927.5000 0.52879417
3928.4000 0.44192317
3929.3000 0.34069905
3930.2000 0.24040891
3931.1000 0.16606139
3932.0000 0.11797966
3932.9000 0.08189104
3933.8000 0.06279101
3934.7000 0.07466139
3935.6000 0.11745695
3936.5000 0.18178529
3937.4000 0.25760701
3938.3000 0.34689054
3939.2000 0.44122002
3940.1000 0.52693796
3941.0000 0.56239349
3941.9000 0.58291036
3942.8000 0.59437376
3943.7000 0.60977858
3944.6000 0.64772391
3945.5000 0.71888155
3946.4000 0.77469009
3947.3000 0.74998456
3948.2000 0.68082279
3949.1000 0.64953142
3950.0000 0.66666633
3950.9000 0.69315439
3951.8000 0.68783647
3952.7000 0.69952697
3953.6000 0.77259582
3954.5000 0.83762306
3955.4000 0.79769731
3956.3000 0.70625103
3957.2000 0.6694361
3958.1000 0.71038479
3959.0000 0.77113229
3959.9000 0.77044618
3960.8000 0.69419479
3961.7000 0.60252911
3962.6000 0.53939527
3963.5000 0.48433506
3964.4000 0.41392547
3965.3000 0.32624742
3966.2000 0.23329316
3967.1000 0.15388671
3968.0000 0.09767231
3968.9000 0.08004989
3969.8000 0.10705063
3970.7000 0.16626219
3971.6000 0.24161029
3972.5000 0.32393989
3973.4000 0.38981748
3974.3000 0.45145234
3975.2000 0.53035808
3976.1000 0.59463811
3977.0000 0.63549101
3977.9000 0.68826467
3978.8000 0.75463331
3979.7000 0.80945569
3980.6000 0.80898511
3981.5000 0.74936867
3982.4000 0.70404536
3983.3000 0.7307024
3984.2000 0.7871381
3985.1000 0.83368385
3986.0000 0.84138304
3986.9000 0.82612425
3987.8000 0.81547272
3988.7000 0.82399482
3989.6000 0.83251643
3990.5000 0.8434757
3991.4000 0.87205571
3992.3000 0.92626619
3993.2000 0.95669776
3994.1000 0.94694245
3995.0000 0.88685209
3995.9000 0.82078856
3996.8000 0.76000655
3997.7000 0.72092175
3998.6000 0.77118945
3999.5000 0.86448503
4000.4000 0.93394309
4001.3000 0.92413789
4002.2000 0.88548762
4003.1000 0.8927685
4004.0000 0.87637573
4004.9000 0.78564161
4005.8000 0.74550849
4006.7000 0.81059271
4007.6000 0.91327608
4008.5000 0.96087223
4009.4000 0.95585936
4010.3000 0.97300929
4011.2000 0.98254752
4012.1000 0.93856341
4013.0000 0.91918665
4013.9000 0.92214888
4014.8000 0.93445271
4015.7000 0.95396864
4016.6000 0.95305443
4017.5000 0.93909198
4018.4000 0.9583742
4019.3000 1.00166643
4020.2000 1.02188396
4021.1000 1.00041652
4022.0000 0.94721842
4022.9000 0.89079511
4023.8000 0.8477512
4024.7000 0.83462536
4025.6000 0.89721531
4026.5000 1.00390863
4027.4000 1.02931595
4028.3000 0.9787426
4029.2000 0.91522807
4030.1000 0.83019322
4031.0000 0.75668895
4031.9000 0.74666357
4032.8000 0.77603084
4033.7000 0.82094842
4034.6000 0.87407511
4035.5000 0.91264302
4036.4000 0.94529516
4037.3000 0.992863
4038.2000 1.02927017
4039.1000 1.03062952
4040.0000 0.98592216
4040.9000 0.93351477
4041.8000 0.94481462
4042.7000 0.98083526
4043.6000 0.96626329
4044.5000 0.89270073
4045.4000 0.82110459
4046.3000 0.85136342
4047.2000 0.96179527
4048.1000 1.00322282
4049.0000 0.96781629
4049.9000 0.9472245
4050.8000 0.94664764
4051.7000 0.93337828
4052.6000 0.8897115
4053.5000 0.83309042
4054.4000 0.81310886
4055.3000 0.84283173
4056.2000 0.88372821
4057.1000 0.90652806
4058.0000 0.92101359
4058.9000 0.94807589
4059.8000 0.99145603
4060.7000 1.01273108
4061.6000 0.9686833
4062.5000 0.87669128
4063.4000 0.80563247
4064.3000 0.83458686
4065.2000 0.91357291
4066.1000 0.92656738
4067.0000 0.87630558
4067.9000 0.884323
4068.8000 0.95401078
4069.7000 0.97538394
4070.6000 0.92145556
4071.5000 0.86882943
4072.4000 0.86408818
4073.3000 0.90094298
4074.2000 0.92268318
4075.1000 0.88116193
4076.0000 0.78004986
4076.9000 0.67993027
4077.8000 0.65290076
4078.7000 0.74029058
4079.6000 0.84896171
4080.5000 0.92598045
4081.4000 0.96435714
4082.3000 0.9570995
4083.2000 0.90944737
4084.1000 0.8623203
4085.0000 0.82670712
4085.9000 0.80871171
4086.8000 0.83644813
4087.7000 0.8967241
4088.6000 0.93727845
4089.5000 0.94266123
4090.4000 0.92438716
4091.3000 0.92228663
4092.2000 0.92558634
4093.1000 0.92313474
4094.0000 0.91837925
4094.9000 0.88668758
4095.8000 0.82300043
4096.7000 0.77462077
4097.6000 0.73940206
4098.5000 0.69272852
4099.4000 0.6393916
4100.3000 0.5458374
4101.2000 0.44432467
4102.1000 0.4190484
4103.0000 0.49533749
4103.9000 0.60804456
4104.8000 0.69766158
4105.7000 0.75871825
4106.6000 0.78993773
4107.5000 0.80066401
4108.4000 0.7994054
4109.3000 0.7923643
4110.2000 0.78734237
4111.1000 0.808245
4112.0000 0.85008901
4112.9000 0.88287491
4113.8000 0.91155165
4114.7000 0.95418715
4115.6000 1.00065696
4116.5000 1.01501799
4117.4000 0.96160156
4118.3000 0.87974364
4119.2000 0.84698343
4120.1000 0.86775249
4121.0000 0.89222944
4121.9000 0.86992759
4122.8000 0.83415365
4123.7000 0.84561968
4124.6000 0.89156353
4125.5000 0.92737162
4126.4000 0.91424495
4127.3000 0.84436935
4128.2000 0.77475208
4129.1000 0.77351153
4130.0000 0.81482548
4130.9000 0.82495272
4131.8000 0.79590374
4132.7000 0.78467786
4133.6000 0.8214581
4134.5000 0.87959838
4135.4000 0.93656749
4136.3000 0.97361994
4137.2000 0.97579932
4138.1000 0.9835766
4139.0000 1.02632177
4139.9000 1.06020272
4140.8000 1.05471778
4141.7000 0.99989438
4142.6000 0.89249527
4143.5000 0.80691379
4144.4000 0.83365804
4145.3000 0.91790324
4146.2000 0.96220827
4147.1000 0.9750936
4148.0000 0.96932608
4148.9000 0.93237925
4149.8000 0.90008724
4150.7000 0.90127093
4151.6000 0.9150877
4152.5000 0.92982191
4153.4000 0.90630436
4154.3000 0.86600798
4155.2000 0.85643542
4156.1000 0.84660411
4157.0000 0.8538307
4157.9000 0.8956731
4158.8000 0.93768114
4159.7000 0.94396687
4160.6000 0.89363003
4161.5000 0.86400121
4162.4000 0.90438569
4163.3000 0.94928896
4164.2000 0.98327464
4165.1000 1.00624502
4166.0000 1.00101864
4166.9000 0.96909064
4167.8000 0.96236175
4168.7000 0.99586904
4169.6000 1.0022918
4170.5000 0.9420647
4171.4000 0.81761944
4172.3000 0.71055555
4173.2000 0.66768801
4174.1000 0.70062637
4175.0000 0.78473949
4175.9000 0.8514815
4176.8000 0.8347528
4177.7000 0.76019257
4178.6000 0.72365671
4179.5000 0.78366107
4180.4000 0.89843583
4181.3000 0.93197471
4182.2000 0.87961048
4183.1000 0.84028357
4184.0000 0.83252692
4184.9000 0.86664671
4185.8000 0.91105413
4186.7000 0.87512714
4187.6000 0.82103312
4188.5000 0.86627287
4189.4000 0.93559647
4190.3000 0.94135952
4191.2000 0.90786225
4192.1000 0.93755096
4193.0000 1.00552619
4193.9000 1.03533733
4194.8000 0.99112612
4195.7000 0.92410123
4196.6000 0.89292747
4197.5000 0.85851234
4198.4000 0.79601288
4199.3000 0.81050742
4200.2000 0.88943571
4201.1000 0.8942216
4202.0000 0.83974183
4202.9000 0.82607484
4203.8000 0.83335209
4204.7000 0.80942458
4205.6000 0.81053531
4206.5000 0.86216068
4207.4000 0.91448557
4208.3000 0.92185915
4209.2000 0.90732515
4210.1000 0.90431923
4211.0000 0.93070251
4211.9000 0.96848905
4212.8000 1.00398564
4213.7000 1.00426102
4214.6000 0.93528831
4215.5000 0.84354991
4216.4000 0.82958263
4217.3000 0.9002682
4218.2000 0.95562583
4219.1000 0.96069211
4220.0000 0.95954061
4220.9000 0.97161543
4221.8000 0.9582985
4222.7000 0.92084533
4223.6000 0.889027
4224.5000 0.83789891
4225.4000 0.76544535
4226.3000 0.70628291
4227.2000 0.71747345
4228.1000 0.83259761
4229.0000 0.96590936
4229.9000 1.03011966
4230.8000 1.03057873
4231.7000 0.98332757
4232.6000 0.87877983
4233.5000 0.80249745
4234.4000 0.82558078
4235.3000 0.8536104
4236.2000 0.86274791
4237.1000 0.89389229
4238.0000 0.89357209
4238.9000 0.8591817
4239.8000 0.87201738
4240.7000 0.92369676
4241.6000 0.94923413
4242.5000 0.94015551
4243.4000 0.9465847
4244.3000 0.96443427
4245.2000 0.93931955
4246.1000 0.85424155
4247.0000 0.79098195
4247.9000 0.83920795
4248.8000 0.9060635
4249.7000 0.88486058
4250.6000 0.84165603
4251.5000 0.86537957
4252.4000 0.91010725
4253.3000 0.92003185
4254.2000 0.91867059
4255.1000 0.93949813
4256.0000 0.96741092
4256.9000 0.96632034
4257.8000 0.92045867
4258.7000 0.87853646
4259.6000 0.85232329
4260.5000 0.83408314
4261.4000 0.85913914
4262.3000 0.92171544
4263.2000 0.96910334
4264.1000 1.00618029
4265.0000 1.03262448
4265.9000 1.03867555
4266.8000 1.02237403
4267.7000 0.98861521
4268.6000 0.9484359
4269.5000 0.91992885
4270.4000 0.87469465
4271.3000 0.80197757
4272.2000 0.79100275
4273.1000 0.8309285
4274.0000 0.85649103
4274.9000 0.85786837
4275.8000 0.89950961
4276.7000 0.96872073
4277.6000 0.97682071
4278.5000 0.95565271
4279.4000 0.96335733
4280.3000 0.96314228
4281.2000 0.94681925
4282.1000 0.89769483
4283.0000 0.86734349
4283.9000 0.8846615
4284.8000 0.91359538
4285.7000 0.92875421
4286.6000 0.91245925
4287.5000 0.86339784
4288.4000 0.79820353
4289.3000 0.71058071
4290.2000 0.68127555
4291.1000 0.78079802
4292.0000 0.90612358
4292.9000 0.9460181
4293.8000 0.88756114
4294.7000 0.82740617
4295.6000 0.82793498
4296.5000 0.83930743
4297.4000 0.85893029
4298.3000 0.83542955
4299.2000 0.7390272
4300.1000 0.67342407
4301.0000 0.68641835
4301.9000 0.68788713
4302.8000 0.69382024
4303.7000 0.76757658
4304.6000 0.8296845
4305.5000 0.82923168
4306.4000 0.82589489
4307.3000 0.81859434
4308.2000 0.78846186
4309.1000 0.79040211
4310.0000 0.85742563
4310.9000 0.9421885
4311.8000 0.95518035
4312.7000 0.87587458
4313.6000 0.76838541
4314.5000 0.70885545
4315.4000 0.7555145
4316.3000 0.84850633
4317.2000 0.90150791
4318.1000 0.92147213
4319.0000 0.92310691
4319.9000 0.88783807
4320.8000 0.83624184
4321.7000 0.85866511
4322.6000 0.93550014
4323.5000 0.95602453
4324.4000 0.86625409
4325.3000 0.75269425
4326.2000 0.74497473
4327.1000 0.83699375
4328.0000 0.9258877
4328.9000 0.93934077
4329.8000 0.8696698
4330.7000 0.80460697
4331.6000 0.81384724
4332.5000 0.8478862
4333.4000 0.848791
4334.3000 0.83263087
4335.2000 0.81880909
4336.1000 0.76373625
4337.0000 0.64811391
4337.9000 0.53964359
4338.8000 0.47175592
4339.7000 0.40884903
4340.6000 0.3754757
4341.5000 0.43736705
4342.4000 0.54925972
4343.3000 0.61507022
4344.2000 0.64604515
4345.1000 0.71008623
4346.0000 0.79011303
4346.9000 0.83853823
4347.8000 0.86510265
4348.7000 0.88799244
4349.6000 0.88026875
4350.5000 0.80711907
4351.4000 0.7184782
4352.3000 0.72129589
4353.2000 0.80202061
4354.1000 0.86301774
4355.0000 0.90766782
4355.9000 0.95971352
4356.8000 0.98116899
4357.7000 0.93741262
4358.6000 0.87603128
4359.5000 0.87101352
4360.4000 0.92200476
4361.3000 0.97482479
4362.2000 0.9988988
4363.1000 1.01301837
4364.0000 1.03197098
4364.9000 1.03397191
4365.8000 1.01841378
4366.7000 0.97028762
4367.6000 0.90296203
4368.5000 0.86354601
4369.4000 0.86327964
4370.3000 0.88883966
4371.2000 0.93098366
4372.1000 0.97554564
4373.0000 0.95496035
4373.9000 0.8471756
4374.8000 0.75487268
4375.7000 0.78674388
4376.6000 0.9034428
4377.5000 1.00029624
4378.4000 1.0282582
4379.3000 1.0018934
4380.2000 0.98957127
4381.1000 1.00426126
4382.0000 0.97276783
4382.9000 0.85971779
4383.8000 0.72622275
4384.7000 0.67332047
4385.6000 0.72067517
4386.5000 0.80257636
4387.4000 0.86893016
4388.3000 0.9131937
4389.2000 0.93039542
4390.1000 0.90463942
4391.0000 0.87945473
4391.9000 0.90321696
4392.8000 0.92969424
4393.7000 0.87166309
4394.6000 0.77612835
4395.5000 0.76176053
4396.4000 0.85313922
4397.3000 0.91129166
4398.2000 0.88406646
4399.1000 0.81211656
4400.0000 0.73339087
4400.9000 0.74395025
4401.8000 0.84737891
4402.7000 0.93504262
4403.6000 0.93543279
4404.5000 0.89128262
4405.4000 0.91049194
4406.3000 0.95468158
4407.2000 0.92778772
4408.1000 0.8501206
4409.0000 0.81346262
4409.9000 0.845532
4410.8000 0.8764627
4411.7000 0.89754999
4412.6000 0.92491955
4413.5000 0.91097897
4414.4000 0.82916766
4415.3000 0.7440027
4416.2000 0.72713476
4417.1000 0.71648139
4418.0000 0.72120649
4418.9000 0.8158024
4419.8000 0.92810088
4420.7000 0.95292521
4421.6000 0.89858544
4422.5000 0.85095394
4423.4000 0.87108165
4424.3000 0.9152115
4425.2000 0.93648452
4426.1000 0.92959625
4427.0000 0.8964023
4427.9000 0.88513178
4428.8000 0.89507657
4429.7000 0.88049364
4430.6000 0.85227168
4431.5000 0.85941005
4432.4000 0.88437748
4433.3000 0.87686682
4434.2000 0.83606815
4435.1000 0.80375987
4436.0000 0.83968973
4436.9000 0.92127848
4437.8000 0.97746134
4438.7000 0.99113226
4439.6000 0.98061514
4440.5000 0.93066245
4441.4000 0.84370106
4442.3000 0.74754989
4443.2000 0.68310028
4444.1000 0.69855446
4445.0000 0.80692703
4445.9000 0.90848112
4446.8000 0.92673552
4447.7000 0.91798365
4448.6000 0.92109579
4449.5000 0.89284366
4450.4000 0.84281248
4451.3000 0.84531885
4452.2000 0.89422506
4453.1000 0.91354203
4454.0000 0.8625766
4454.9000 0.79372036
4455.8000 0.78594398
4456.7000 0.82787848
4457.6000 0.85206234
4458.5000 0.83949327
4459.4000 0.83063394
4460.3000 0.82504344
4461.2000 0.79754567
4462.1000 0.79483163
4463.0000 0.83005053
4463.9000 0.84365374
4464.8000 0.83843786
4465.7000 0.84961861
4466.6000 0.85200369
4467.5000 0.8191511
4468.4000 0.76160121
4469.3000 0.7419427
4470.2000 0.77622348
4471.1000 0.82093865
4472.0000 0.85868186
4472.9000 0.89609647
4473.8000 0.93846494
4474.7000 0.96103781
4475.6000 0.95070863
4476.5000 0.9477486
4477.4000 0.965119
4478.3000 0.96421707
4479.2000 0.92227906
4480.1000 0.84490609
4481.0000 0.75960863
4481.9000 0.74107546
4482.8000 0.81011379
4483.7000 0.89147455
4484.6000 0.93436903
4485.5000 0.95484293
4486.4000 0.96278012
4487.3000 0.9282195
4488.2000 0.84704494
4489.1000 0.78523922
4490.0000 0.78553665
4490.9000 0.81676245
4491.8000 0.85913205
4492.7000 0.89042228
4493.6000 0.87560123
4494.5000 0.85062277
4495.4000 0.86094618
4496.3000 0.87879878
4497.2000 0.89574152
4498.1000 0.93328887
4499.0000 0.95625734
4499.9000 0.92069459
4500.8000 0.85503876
4501.7000 0.85074693
4502.6000 0.92636341
4503.5000 0.99471438
4504.4000 1.01831281
4505.3000 1.00999546
4506.2000 0.98408622
4507.1000 0.93440568
4508.0000 0.88624281
4508.9000 0.90071309
4509.8000 0.95145297
4510.7000 0.98981273
4511.6000 0.99826676
4512.5000 0.98346239
4513.4000 0.96153504
4514.3000 0.91303688
4515.2000 0.86581075
4516.1000 0.87545562
4517.0000 0.90466201
4517.9000 0.89864635
4518.8000 0.88045156
4519.7000 0.86322743
4520.6000 0.8737933
4521.5000 0.87405026
4522.4000 0.83617872
4523.3000 0.83229244
4524.2000 0.84766459
4525.1000 0.84738678
4526.0000 0.84614515
4526.9000 0.85269314
4527.8000 0.82878798
4528.7000 0.78353816
4529.6000 0.78740364
4530.5000 0.82583058
4531.4000 0.85361028
4532.3000 0.85332686
4533.2000 0.79646122
4534.1000 0.74677992
4535.0000 0.77811456
4535.9000 0.85560912
4536.8000 0.92946494
4537.7000 0.96590507
4538.6000 0.95322454
4539.5000 0.9169113
4540.4000 0.87078911
4541.3000 0.83954549
4542.2000 0.8698594
4543.1000 0.89726979
4544.0000 0.8786335
4544.9000 0.85030282
4545.8000 0.86951578
4546.7000 0.90336776
4547.6000 0.89914364
4548.5000 0.82305664
4549.4000 0.73353678
4550.3000 0.75243646
4551.2000 0.83674973
4552.1000 0.86777234
4553.0000 0.83891952
4553.9000 0.77719319
4554.8000 0.72935796
4555.7000 0.73981291
4556.6000 0.80865812
4557.5000 0.85673869
4558.4000 0.85064739
4559.3000 0.86634845
4560.2000 0.91065675
4561.1000 0.93596101
4562.0000 0.92687345
4562.9000 0.87124908
4563.8000 0.80112737
4564.7000 0.78954285
4565.6000 0.8282724
4566.5000 0.88122982
4567.4000 0.92087168
4568.3000 0.9269706
4569.2000 0.93024784
4570.1000 0.92425525
4571.0000 0.8631987
4571.9000 0.8040272
4572.8000 0.83343029
4573.7000 0.91079229
4574.6000 0.93347949
4575.5000 0.90275562
4576.4000 0.87625003
4577.3000 0.89318985
4578.2000 0.90560031
4579.1000 0.87646013
4580.0000 0.83416796
4580.9000 0.81926793
4581.8000 0.80189615
4582.7000 0.74180329
4583.6000 0.70107794
4584.5000 0.75097942
4585.4000 0.83961964
4586.3000 0.88477278
4587.2000 0.8782202
4588.1000 0.85628533
4589.0000 0.84555304
4589.9000 0.83544761
4590.8000 0.82565212
4591.7000 0.81565034
4592.6000 0.81501758
4593.5000 0.84399301
4594.4000 0.87855524
4595.3000 0.88587701
4596.2000 0.88570821
4597.1000 0.89958644
4598.0000 0.9079656
4598.9000 0.90350932
4599.8000 0.88009381
4600.7000 0.86029136
4601.6000 0.86417061
4602.5000 0.87948054
4603.4000 0.9003123
4604.3000 0.90635568
4605.2000 0.90078694
4606.1000 0.90446723
4607.0000 0.91628075
4607.9000 0.92660594
4608.8000 0.93639201
4609.7000 0.94177294
4610.6000 0.93820691
4611.5000 0.92574197
4612.4000 0.91890645
4613.3000 0.91318911
4614.2000 0.91502964
4615.1000 0.90516996
4616.0000 0.87249959
4616.9000 0.86085898
4617.8000 0.85860211
4618.7000 0.83124137
4619.6000 0.81395298
4620.5000 0.84002042
4621.4000 0.89008868
4622.3000 0.92351478
4623.2000 0.93486267
4624.1000 0.92700642
4625.0000 0.90420419
4625.9000 0.89350551
4626.8000 0.90136802
4627.7000 0.8867799
4628.6000 0.83724934
4629.5000 0.81413656
4630.4000 0.86092782
4631.3000 0.9179824
4632.2000 0.92040038
4633.1000 0.87880522
4634.0000 0.83805209
4634.9000 0.83375943
4635.8000 0.8534379
4636.7000 0.86800843
4637.6000 0.87624067
4638.5000 0.88981283
4639.4000 0.90660584
4640.3000 0.91728443
4641.2000 0.92410815
4642.1000 0.92726362
4643.0000 0.92391407
4643.9000 0.9171837
4644.8000 0.9030264
4645.7000 0.87581545
4646.6000 0.84769332
4647.5000 0.83108991
4648.4000 0.83416623
4649.3000 0.86596912
4650.2000 0.90154654
4651.1000 0.9149974
4652.0000 0.91752893
4652.9000 0.91957754
4653.8000 0.90036315
4654.7000 0.86326325
4655.6000 0.83319193
4656.5000 0.80713004
4657.4000 0.8247661
4658.3000 0.88517046
4659.2000 0.93294853
4660.1000 0.94180679
4661.0000 0.92026818
4661.9000 0.88596445
4662.8000 0.85561931
4663.7000 0.84910321
4664.6000 0.86673051
4665.5000 0.85359347
4666.4000 0.79018092
4667.3000 0.74486947
4668.2000 0.75842458
4669.1000 0.7764138
4670.0000 0.7743116
4670.9000 0.80296528
4671.8000 0.85448879
4672.7000 0.88449937
4673.6000 0.89735049
4674.5000 0.90339768
4675.4000 0.92014378
4676.3000 0.9377088
4677.2000 0.9300788
4678.1000 0.89575428
4679.0000 0.87210715
4679.9000 0.86847663
4680.8000 0.87718397
4681.7000 0.87923634
4682.6000 0.88433146
4683.5000 0.91122484
4684.4000 0.92136776
4685.3000 0.91309631
4686.2000 0.91400754
4687.1000 0.92662609
4688.0000 0.92990792
4688.9000 0.92153734
4689.8000 0.9132998
4690.7000 0.8958922
4691.6000 0.88719386
4692.5000 0.89653814
4693.4000 0.91234654
4694.3000 0.91742611
4695.2000 0.91939235
4696.1000 0.92472249
4697.0000 0.91823179
4697.9000 0.88857496
4698.8000 0.86253685
4699.7000 0.8674615
4700.6000 0.88164008
4701.5000 0.87945783
4702.4000 0.84688878
4703.3000 0.82864159
4704.2000 0.85875767
4705.1000 0.89013934
4706.0000 0.89198273
4706.9000 0.85974717
4707.8000 0.82130855
4708.7000 0.8041175
4709.6000 0.8272689
4710.5000 0.87606728
4711.4000 0.90907258
4712.3000 0.91112697
4713.2000 0.88991189
4714.1000 0.86275893
4715.0000 0.85678941
4715.9000 0.8807745
4716.8000 0.91132754
4717.7000 0.91651505
4718.6000 0.90446317
4719.5000 0.89978111
4720.4000 0.90597922
4721.3000 0.91481596
4722.2000 0.91988117
4723.1000 0.9224577
4724.0000 0.93290806
4724.9000 0.94411069
4725.8000 0.93872857
4726.7000 0.90816122
4727.6000 0.87245959
4728.5000 0.86291838
4729.4000 0.86638051
4730.3000 0.84890085
4731.2000 0.82209027
4732.1000 0.83699518
4733.0000 0.87299764
4733.9000 0.88859046
4734.8000 0.89467973
4735.7000 0.88333076
4736.6000 0.84671187
4737.5000 0.84947878
4738.4000 0.88859367
4739.3000 0.90950173
4740.2000 0.89694393
4741.1000 0.88583958
4742.0000 0.89761943
4742.9000 0.9185158
4743.8000 0.92588753
4744.7000 0.91883105
4745.6000 0.90960521
4746.5000 0.91382968
4747.4000 0.91498375
4748.3000 0.90757877
4749.2000 0.91055119
4750.1000 0.92677313
4751.0000 0.93184835
4751.9000 0.91574425
4752.8000 0.89695662
4753.7000 0.87666529
4754.6000 0.8686592
4755.5000 0.86501175
4756.4000 0.86621231
4757.3000 0.88753861
4758.2000 0.90844125
4759.1000 0.91792822
4760.0000 0.92025107
4760.9000 0.89122111
4761.8000 0.83453262
4762.7000 0.77852172
4763.6000 0.74942219
4764.5000 0.75608385
4765.4000 0.78720695
4766.3000 0.82880056
4767.2000 0.86572599
4768.1000 0.88578844
4769.0000 0.89560074
4769.9000 0.90098834
4770.8000 0.88824683
4771.7000 0.87092113
4772.6000 0.87553692
4773.5000 0.89701635
4774.4000 0.91363502
4775.3000 0.91605645
4776.2000 0.91096807
4777.1000 0.91671896
4778.0000 0.92088145
4778.9000 0.89301169
4779.8000 0.85192686
4780.7000 0.8602711
4781.6000 0.90268719
4782.5000 0.90809786
4783.4000 0.88789213
4784.3000 0.89807713
4785.2000 0.90469658
4786.1000 0.87913978
4787.0000 0.86368805
4787.9000 0.87791222
4788.8000 0.88246292
4789.7000 0.87976724
4790.6000 0.8885206
4791.5000 0.89384705
4792.4000 0.89832163
4793.3000 0.92115486
4794.2000 0.94458765
4795.1000 0.95177025
4796.0000 0.94399083
4796.9000 0.92639476
4797.8000 0.88753289
4798.7000 0.85436732
4799.6000 0.85359281
4800.5000 0.87100339
4801.4000 0.89695793
4802.3000 0.91222197
4803.2000 0.90373546
4804.1000 0.86582667
4805.0000 0.82777733
4805.9000 0.83303344
4806.8000 0.86610663
4807.7000 0.8920722
4808.6000 0.90208435
4809.5000 0.8994348
4810.4000 0.89167631
4811.3000 0.8804971
4812.2000 0.87419802
4813.1000 0.88149786
4814.0000 0.89800966
4814.9000 0.91343367
4815.8000 0.92275977
4816.7000 0.92262024
4817.6000 0.92273486
4818.5000 0.92455375
4819.4000 0.92915988
4820.3000 0.93008643
4821.2000 0.92566258
4822.1000 0.89490855
4823.0000 0.82224852
4823.9000 0.76224226
4824.8000 0.78040421
4825.7000 0.84596682
4826.6000 0.89254177
4827.5000 0.90109015
4828.4000 0.88648427
4829.3000 0.87658495
4830.2000 0.87706929
4831.1000 0.87971318
4832.0000 0.87408936
4832.9000 0.86302346
4833.8000 0.86611462
4834.7000 0.86923361
4835.6000 0.85315931
4836.5000 0.84430838
4837.4000 0.85745478
4838.3000 0.862468
4839.2000 0.84777039
4840.1000 0.83696717
4841.0000 0.84754151
4841.9000 0.8616544
4842.8000 0.86257255
4843.7000 0.86286533
4844.6000 0.86785156
4845.5000 0.86731225
4846.4000 0.84789562
4847.3000 0.80039471
4848.2000 0.74782723
4849.1000 0.73998731
4850.0000 0.77567875
4850.9000 0.8092621
4851.8000 0.81739104
4852.7000 0.80313051
4853.6000 0.76315552
4854.5000 0.69082463
4855.4000 0.62704521
4856.3000 0.62212121
4857.2000 0.64740199
4858.1000 0.64146084
4859.0000 0.58082193
4859.9000 0.47974867
4860.8000 0.39124408
4861.7000 0.38542682
4862.6000 0.46148473
4863.5000 0.53817582
4864.4000 0.57974744
4865.3000 0.61713648
4866.2000 0.66836917
4867.1000 0.72223395
4868.0000 0.76229483
4868.9000 0.78416091
4869.8000 0.77296793
4870.7000 0.72241867
4871.6000 0.6840533
4872.5000 0.69849354
4873.4000 0.73643029
4874.3000 0.76589328
4875.2000 0.77589905
4876.1000 0.76757807
4877.0000 0.76724982
4877.9000 0.78638458
4878.8000 0.8232044
4879.7000 0.86466932
4880.6000 0.88118267
4881.5000 0.86540359
4882.4000 0.83210248
4883.3000 0.78991312
4884.2000 0.76453012
4885.1000 0.77612698
4886.0000 0.80471271
4886.9000 0.83299559
4887.8000 0.84867173
4888.7000 0.84309107
4889.6000 0.81477398
4890.5000 0.76333874
4891.4000 0.74430829
4892.3000 0.79126865
4893.2000 0.84697068
4894.1000 0.88024944
4895.0000 0.90566266
4895.9000 0.9191972
4896.8000 0.92282361
4897.7000 0.92241758
4898.6000 0.89608163
4899.5000 0.84008241
4900.4000 0.81270081
4901.3000 0.84166563
4902.2000 0.86922538
4903.1000 0.86223835
4904.0000 0.85780239
4904.9000 0.88194275
4905.8000 0.91007996
4906.7000 0.91949588
4907.6000 0.91054821
4908.5000 0.88809645
4909.4000 0.84082258
4910.3000 0.785842
4911.2000 0.77500504
4912.1000 0.81699222
4913.0000 0.86065412
4913.9000 0.87894571
4914.8000 0.89172447
4915.7000 0.90165663
4916.6000 0.8931309
4917.5000 0.85188478
4918.4000 0.79350173
4919.3000 0.74830949
4920.2000 0.72382015
4921.1000 0.73373574
4922.0000 0.76706612
4922.9000 0.76174319
4923.8000 0.72556442
4924.7000 0.74155039
4925.6000 0.81276339
4926.5000 0.87414229
4927.4000 0.89454234
4928.3000 0.90053523
4929.2000 0.90663743
4930.1000 0.90560567
4931.0000 0.89614248
4931.9000 0.87505138
4932.8000 0.82601482
4933.7000 0.77051634
4934.6000 0.77511603
4935.5000 0.83285463
4936.4000 0.86833566
4937.3000 0.85222518
4938.2000 0.80734026
4939.1000 0.78308213
4940.0000 0.81597686
4940.9000 0.86804324
4941.8000 0.89757472
4942.7000 0.9094547
4943.6000 0.9136411
4944.5000 0.9054395
4945.4000 0.88519353
4946.3000 0.86970752
4947.2000 0.8773464
4948.1000 0.89480346
4949.0000 0.89745003
4949.9000 0.89288616
4950.8000 0.89698011
4951.7000 0.90039057
4952.6000 0.89115697
4953.5000 0.8821274
4954.4000 0.88914645
4955.3000 0.89326453
4956.2000 0.85139579
4957.1000 0.77495772
4958.0000 0.76310629
4958.9000 0.83149624
4959.8000 0.89168048
4960.7000 0.91000795
4961.6000 0.90517879
4962.5000 0.89755601
4963.4000 0.90245438
4964.3000 0.90543181
4965.2000 0.88260382
4966.1000 0.86125094
4967.0000 0.85804307
4967.9000 0.8599149
4968.8000 0.86349374
4969.7000 0.86355591
4970.6000 0.8617391
4971.5000 0.87494648
4972.4000 0.8790971
4973.3000 0.88489622
4974.2000 0.90512133
4975.1000 0.9143852
4976.0000 0.90431058
4976.9000 0.89370322
4977.8000 0.88029426
4978.7000 0.86544997
4979.6000 0.84989738
4980.5000 0.82675821
4981.4000 0.77846265
4982.3000 0.72199047
4983.2000 0.70175117
4984.1000 0.72436309
4985.0000 0.76114178
4985.9000 0.80435187
4986.8000 0.85270673
4987.7000 0.87544423
4988.6000 0.86770809
4989.5000 0.85640937
4990.4000 0.83371419
4991.3000 0.81687254
4992.2000 0.81670707
4993.1000 0.80193979
4994.0000 0.80262852
4994.9000 0.84171432
4995.8000 0.86753237
4996.7000 0.87042028
4997.6000 0.86599791
4998.5000 0.85474855
4999.4000 0.82582116
5000.3000 0.78641695
5001.2000 0.76342481
5002.1000 0.77466428
5003.0000 0.81239891
5003.9000 0.82934374
5004.8000 0.78693682
5005.7000 0.73062181
5006.6000 0.73354721
5007.5000 0.79162598
5008.4000 0.84978878
5009.3000 0.85942823
5010.2000 0.83932889
5011.1000 0.80636007
5012.0000 0.76939893
5012.9000 0.73955125
5013.8000 0.72894031
5014.7000 0.75003469
5015.6000 0.79573888
5016.5000 0.80570132
5017.4000 0.74086618
5018.3000 0.6759209
5019.2000 0.69220096
5020.1000 0.75885648
5021.0000 0.79912454
5021.9000 0.80165797
5022.8000 0.80383933
5023.7000 0.82338548
5024.6000 0.84163743
5025.5000 0.85421854
5026.4000 0.84080136
5027.3000 0.81266707
5028.2000 0.82041442
5029.1000 0.84123451
5030.0000 0.82182962
5030.9000 0.79330361
5031.8000 0.81447709
5032.7000 0.85908711
5033.6000 0.87743479
5034.5000 0.85737979
5035.4000 0.81750655
5036.3000 0.80451483
5037.2000 0.81806076
5038.1000 0.82028568
5039.0000 0.80169916
5039.9000 0.76807511
5040.8000 0.71253711
5041.7000 0.70838612
5042.6000 0.77771872
5043.5000 0.84020466
5044.4000 0.87112653
5045.3000 0.88393974
5046.2000 0.88491076
5047.1000 0.87139213
5048.0000 0.83667535
5048.9000 0.80636042
5049.8000 0.79304749
5050.7000 0.78029579
5051.6000 0.76424611
5052.5000 0.7837671
5053.4000 0.82938057
5054.3000 0.85709369
5055.2000 0.86293995
5056.1000 0.85666519
5057.0000 0.8564834
5057.9000 0.86533481
5058.8000 0.87751442
5059.7000 0.88356411
5060.6000 0.88807309
5061.5000 0.89381927
5062.4000 0.891271
5063.3000 0.86945093
5064.2000 0.83188367
5065.1000 0.80651629
5066.0000 0.8199144
5066.9000 0.83341628
5067.8000 0.82269442
5068.7000 0.80786186
5069.6000 0.82361418
5070.5000 0.84585643
5071.4000 0.82692391
5072.3000 0.79459846
5073.2000 0.80070341
5074.1000 0.80912578
5075.0000 0.8057915
5075.9000 0.8173852
5076.8000 0.83346182
5077.7000 0.83191782
5078.6000 0.78682625
5079.5000 0.73906422
5080.4000 0.73630643
5081.3000 0.77544963
5082.2000 0.80252844
5083.1000 0.79179209
5084.0000 0.79460824
5084.9000 0.82894558
5085.8000 0.84490025
5086.7000 0.81761372
5087.6000 0.79620844
5088.5000 0.81888402
5089.4000 0.84495789
5090.3000 0.84342128
5091.2000 0.84388149
5092.1000 0.85336304
5093.0000 0.86181122
5093.9000 0.86490464
5094.8000 0.86519235
5095.7000 0.85645765
5096.6000 0.81785762
5097.5000 0.77553421
5098.4000 0.74961662
5099.3000 0.74267673
5100.2000 0.7562238
5101.1000 0.79101932
5102.0000 0.82856113
5102.9000 0.84906268
5103.8000 0.85497403
5104.7000 0.85251921
5105.6000 0.84482837
5106.5000 0.82112163
5107.4000 0.79164904
5108.3000 0.78838587
5109.2000 0.79444557
5110.1000 0.78885412
5111.0000 0.79794472
5111.9000 0.82636875
5112.8000 0.84817594
5113.7000 0.85132194
5114.6000 0.83804303
5115.5000 0.83608693
5116.4000 0.84696096
5117.3000 0.85819912
5118.2000 0.86239219
5119.1000 0.85048687
5120.0000 0.83394784
5120.9000 0.82506448
5121.8000 0.81469369
5122.7000 0.78335673
5123.6000 0.7553311
5124.5000 0.75861245
5125.4000 0.78029108
5126.3000 0.79493451
5127.2000 0.78589422
5128.1000 0.7614727
5129.0000 0.74201518
5129.9000 0.75841117
5130.8000 0.78630817
5131.7000 0.78479779
5132.6000 0.77192897
5133.5000 0.77221316
5134.4000 0.80299175
5135.3000 0.82847273
5136.2000 0.81281316
5137.1000 0.77960831
5138.0000 0.77007288
5138.9000 0.75628549
5139.8000 0.75974554
5140.7000 0.79207319
5141.6000 0.79296982
5142.5000 0.765028
5143.4000 0.77763033
5144.3000 0.81580019
5145.2000 0.8176648
5146.1000 0.78962827
5147.0000 0.77881867
5147.9000 0.78625208
5148.8000 0.80265057
5149.7000 0.8124404
5150.6000 0.79675174
5151.5000 0.78149658
5152.4000 0.77194333
5153.3000 0.74092823
5154.2000 0.71150583
5155.1000 0.73696125
5156.0000 0.79382443
5156.9000 0.82769185
5157.8000 0.83541983
5158.7000 0.83219278
5159.6000 0.82714522
5160.5000 0.81783867
5161.4000 0.79570603
5162.3000 0.7811271
5163.2000 0.80148375
5164.1000 0.82452905
5165.0000 0.80760801
5165.9000 0.75472653
5166.8000 0.67807525
5167.7000 0.61756021
5168.6000 0.60539514
5169.5000 0.65390116
5170.4000 0.71895748
5171.3000 0.72102302
5172.2000 0.67847371
5173.1000 0.69019353
5174.0000 0.76249224
5174.9000 0.82480425
5175.8000 0.84416223
5176.7000 0.83898115
5177.6000 0.83858103
5178.5000 0.84106869
5179.4000 0.83830023
5180.3000 0.83719313
5181.2000 0.83423114
5182.1000 0.80694252
5183.0000 0.74038118
5183.9000 0.69094557
5184.8000 0.70554316
5185.7000 0.73533773
5186.6000 0.75523782
5187.5000 0.75525665
5188.4000 0.73073554
5189.3000 0.74100149
5190.2000 0.77196813
5191.1000 0.7439962
5192.0000 0.6972779
5192.9000 0.71172893
5193.8000 0.75273669
5194.7000 0.74598885
5195.6000 0.71833134
5196.5000 0.71154308
5197.4000 0.70815349
5198.3000 0.72411507
5199.2000 0.76097453
5200.1000 0.78059548
5201.0000 0.78169745
5201.9000 0.77890295
5202.8000 0.77631915
5203.7000 0.75699252
5204.6000 0.71216536
5205.5000 0.67755115
5206.4000 0.69637609
5207.3000 0.73595583
5208.2000 0.73704594
5209.1000 0.73929876
5210.0000 0.76388896
5210.9000 0.77016014
5211.8000 0.77605993
5212.7000 0.80742604
5213.6000 0.82281244
5214.5000 0.79554027
5215.4000 0.74952465
5216.3000 0.72393727
5217.2000 0.74147975
5218.1000 0.78487855
5219.0000 0.82147974
5219.9000 0.83578813
5220.8000 0.83822787
5221.7000 0.84003741
5222.6000 0.84068042
5223.5000 0.83913904
5224.4000 0.82223827
5225.3000 0.7576524
5226.2000 0.65415287
5227.1000 0.60054725
5228.0000 0.66111338
5228.9000 0.75020927
5229.8000 0.79065764
5230.7000 0.80474967
5231.6000 0.79101044
5232.5000 0.74146903
5233.4000 0.69772476
5234.3000 0.68231553
5235.2000 0.70233995
5236.1000 0.74204099
5237.0000 0.75779784
5237.9000 0.76406288
5238.8000 0.7778759
5239.7000 0.7811898
5240.6000 0.79002595
5241.5000 0.80423647
5242.4000 0.79476196
5243.3000 0.78369421
5244.2000 0.79923594
5245.1000 0.82241178
5246.0000 0.81576753
5246.9000 0.79090041
5247.8000 0.78336787
5248.7000 0.7797848
5249.6000 0.76434988
5250.5000 0.76047176
5251.4000 0.77731013
5252.3000 0.79599094
5253.2000 0.79779524
5254.1000 0.77713364
5255.0000 0.75629449
5255.9000 0.75960672
5256.8000 0.7790333
5257.7000 0.79946327
5258.6000 0.81654346
5259.5000 0.82222283
5260.4000 0.80400163
5261.3000 0.7599057
5262.2000 0.71493578
5263.1000 0.6885336
5264.0000 0.65934968
5264.9000 0.63103533
5265.8000 0.63447219
5266.7000 0.67317814
5267.6000 0.71473515
5268.5000 0.69581503
5269.4000 0.63290125
5270.3000 0.62498528
5271.2000 0.69414616
5272.1000 0.75108063
5273.0000 0.74997872
5273.9000 0.71844381
5274.8000 0.67488676
5275.7000 0.65184605
5276.6000 0.6995644
5277.5000 0.77498782
5278.4000 0.80117661
5279.3000 0.77768654
5280.2000 0.75331026
5281.1000 0.75374925
5282.0000 0.75399601
5282.9000 0.72618383
5283.8000 0.68654037
5284.7000 0.70371157
5285.6000 0.76969767
5286.5000 0.81761581
5287.4000 0.83152777
5288.3000 0.83275259
5289.2000 0.83287168
5290.1000 0.83374834
5291.0000 0.83391869
5291.9000 0.82706481
5292.8000 0.81436145
5293.7000 0.80959731
5294.6000 0.81631666
5295.5000 0.81857336
5296.4000 0.79954594
5297.3000 0.77149689
5298.2000 0.76170951
5299.1000 0.78221023
5300.0000 0.80459476
5300.9000 0.80210227
5301.8000 0.78316015
5302.7000 0.7774201
5303.6000 0.79396349
5304.5000 0.81005991
5305.4000 0.80407745
5306.3000 0.78197503
5307.2000 0.7645964
5308.1000 0.76595885
5309.0000 0.78525817
5309.9000 0.80563897
5310.8000 0.812769
5311.7000 0.80869168
5312.6000 0.79561633
5313.5000 0.78128731
5314.4000 0.78130186
5315.3000 0.76429737
5316.2000 0.70887429
5317.1000 0.68654376
5318.0000 0.73189962
5318.9000 0.78006113
5319.8000 0.79938829
5320.7000 0.80752701
5321.6000 0.81091791
5322.5000 0.79967076
5323.4000 0.76548326
5324.3000 0.72614199
5325.2000 0.71788394
5326.1000 0.7354219
5327.0000 0.72028702
5327.9000 0.66053039
5328.8000 0.64406592
5329.7000 0.70505953
5330.6000 0.77162826
5331.5000 0.79682273
5332.4000 0.79156947
5333.3000 0.77577639
5334.2000 0.76127553
5335.1000 0.74905127
5336.0000 0.73013633
5336.9000 0.70671749
5337.8000 0.70408374
5338.7000 0.71771091
5339.6000 0.71851224
5340.5000 0.71041393
5341.4000 0.72846925
5342.3000 0.76919729
5343.2000 0.79729337
5344.1000 0.80229396
5345.0000 0.78305662
5345.9000 0.75754964
5346.8000 0.75832754
5347.7000 0.77523786
5348.6000 0.77171648
5349.5000 0.75660115
5350.4000 0.7643162
5351.3000 0.79191756
5352.2000 0.80254102
5353.1000 0.79607946
5354.0000 0.79964042
5354.9000 0.81494153
5355.8000 0.82150155
5356.7000 0.81616408
5357.6000 0.81779999
5358.5000 0.82299805
5359.4000 0.82417971
5360.3000 0.81958461
5361.2000 0.79743147
5362.1000 0.75574988
5363.0000 0.72375965
5363.9000 0.72431564
5364.8000 0.73768491
5365.7000 0.75299203
5366.6000 0.76274711
5367.5000 0.7584995
5368.4000 0.74936545
5369.3000 0.72909874
5370.2000 0.69753462
5371.1000 0.68254524
5372.0000 0.70585179
5372.9000 0.75050247
5373.8000 0.78188151
5374.7000 0.79738754
5375.6000 0.80760556
5376.5000 0.81013906
5377.4000 0.80559158
5378.3000 0.79473448
5379.2000 0.77212954
5380.1000 0.73513639
5381.0000 0.71036172
5381.9000 0.71583927
5382.8000 0.72647959
5383.7000 0.74021143
5384.6000 0.76802242
5385.5000 0.78989404
5386.4000 0.7961598
5387.3000 0.7972818
5388.2000 0.79412609
5389.1000 0.78105992
5390.0000 0.76900721
5390.9000 0.76470536
5391.8000 0.75774837
5392.7000 0.74757373
5393.6000 0.74917036
5394.5000 0.76115829
5395.4000 0.75249588
5396.3000 0.70983255
5397.2000 0.68039644
5398.1000 0.70144546
5399.0000 0.73980916
5399.9000 0.75421196
5400.8000 0.75010055
5401.7000 0.74710172
5402.6000 0.73403537
5403.5000 0.70105314
5404.4000 0.66911787
5405.3000 0.65763658
5406.2000 0.67368752
5407.1000 0.70712584
5408.0000 0.72919089
5408.9000 0.72479934
5409.8000 0.70287412
5410.7000 0.69823778
5411.6000 0.72660458
5412.5000 0.75099593
5413.4000 0.74113268
5414.3000 0.71389884
5415.2000 0.70713896
5416.1000 0.73346096
5417.0000 0.757029
5417.9000 0.74749875
5418.8000 0.72745365
5419.7000 0.72562385
5420.6000 0.73084003
5421.5000 0.73887771
5422.4000 0.74479878
5423.3000 0.72443312
5424.2000 0.68757445
5425.1000 0.68458772
5426.0000 0.72687185
5426.9000 0.76700419
5427.8000 0.77027863
5428.7000 0.7388584
5429.6000 0.70483851
5430.5000 0.71358377
5431.4000 0.74479264
5432.3000 0.74359471
5433.2000 0.71104842
5434.1000 0.69040328
5435.0000 0.70090413
5435.9000 0.73069835
5436.8000 0.75844944
5437.7000 0.77542889
5438.6000 0.78521973
5439.5000 0.78711522
5440.4000 0.7858212
5441.3000 0.78695071
5442.2000 0.78710747
5443.1000 0.78320843
5444.0000 0.76680881
5444.9000 0.73612809
5445.8000 0.69777638
5446.7000 0.67303592
5447.6000 0.69540435
5448.5000 0.74438155
5449.4000 0.77261758
5450.3000 0.77794653
5451.2000 0.77926016
5452.1000 0.77879399
5453.0000 0.77384275
5453.9000 0.75272429
5454.8000 0.70698541
5455.7000 0.68032736
5456.6000 0.70938176
5457.5000 0.75458735
5458.4000 0.77732414
5459.3000 0.78093106
5460.2000 0.77828497
5461.1000 0.7694394
5462.0000 0.74565917
5462.9000 0.71602154
5463.8000 0.71283287
5464.7000 0.73979396
5465.6000 0.75479448
5466.5000 0.7480275
5467.4000 0.74679732
5468.3000 0.75517327
5469.2000 0.76188385
5470.1000 0.76538604
5471.0000 0.76586425
5471.9000 0.75631887
5472.8000 0.7384665
5473.7000 0.72662199
5474.6000 0.72314328
5475.5000 0.70195562
5476.4000 0.65660858
5477.3000 0.63829368
5478.2000 0.67112595
5479.1000 0.71427906
5480.0000 0.73183602
5480.9000 0.7299701
5481.8000 0.73115253
5482.7000 0.74289042
5483.6000 0.75445074
5484.5000 0.76129186
5485.4000 0.7618258
5486.3000 0.75123346
5487.2000 0.73653495
5488.1000 0.73251283
5489.0000 0.73759365
5489.9000 0.73812544
5490.8000 0.73289955
5491.7000 0.73372471
5492.6000 0.73724532
5493.5000 0.73827761
5494.4000 0.74419689
5495.3000 0.74736381
5496.2000 0.73338568
5497.1000 0.71010989
5498.0000 0.70780492
5498.9000 0.73364729
5499.8000 0.74998325
5500.7000 0.73022932
5501.6000 0.6934576
5502.5000 0.68166929
5503.4000 0.7056796
5504.3000 0.73361331
5505.2000 0.73498183
5506.1000 0.71339065
5507.0000 0.69975114
5507.9000 0.70469028
5508.8000 0.70950943
5509.7000 0.70710069
5510.6000 0.70972973
5511.5000 0.71826649
5512.4000 0.72217721
5513.3000 0.72780907
5514.2000 0.74375784
5515.1000 0.75906819
5516.0000 0.76246279
5516.9000 0.75905544
5517.8000 0.75953716
5518.7000 0.76000524
5519.6000 0.75713038
5520.5000 0.75351125
5521.4000 0.75244987
5522.3000 0.75220728
5523.2000 0.75208426
5524.1000 0.74554932
5525.0000 0.72100204
5525.9000 0.684214
5526.8000 0.65507644
5527.7000 0.64710027
5528.6000 0.66392791
5529.5000 0.69984472
5530.4000 0.73857427
5531.3000 0.75869608
5532.2000 0.75808734
5533.1000 0.74001181
5534.0000 0.70298576
5534.9000 0.67623395
5535.8000 0.69399291
5536.7000 0.73427379
5537.6000 0.75573313
5538.5000 0.76116431
5539.4000 0.76437664
5540.3000 0.76322973
5541.2000 0.75970125
5542.1000 0.75370908
5543.0000 0.73959494
5543.9000 0.72330183
5544.8000 0.7143932
5545.7000 0.71716517
5546.6000 0.72640902
5547.5000 0.74033988
5548.4000 0.75317079
5549.3000 0.75965142
5550.2000 0.76143575
5551.1000 0.75633818
5552.0000 0.75064337
5552.9000 0.75509113
5553.8000 0.74933881
5554.7000 0.73114997
5555.6000 0.72807759
5556.5000 0.74647766
5557.4000 0.7615965
5558.3000 0.76307648
5559.2000 0.76089007
5560.1000 0.75441915
5561.0000 0.74413425
5561.9000 0.73903918
5562.8000 0.73182368
5563.7000 0.71759725
5564.6000 0.71028614
5565.5000 0.70675009
5566.4000 0.70760536
5567.3000 0.71945029
5568.2000 0.73358208
5569.1000 0.72792488
5570.0000 0.70942426
5570.9000 0.70691556
5571.8000 0.70710689
5572.7000 0.69048983
5573.6000 0.68733793
5574.5000 0.71149731
5575.4000 0.72369617
5576.3000 0.71873748
5577.2000 0.72303116
5578.1000 0.73509586
5579.0000 0.74493587
5579.9000 0.74983877
5580.8000 0.74168378
5581.7000 0.73173583
5582.6000 0.73547405
5583.5000 0.74829346
5584.4000 0.75110757
5585.3000 0.73213702
5586.2000 0.69884551
5587.1000 0.66865444
5588.0000 0.65977061
5588.9000 0.66831118
5589.8000 0.68338603
5590.7000 0.70444888
5591.6000 0.7273103
5592.5000 0.74160743
5593.4000 0.73375881
5594.3000 0.71015912
5595.2000 0.7133826
5596.1000 0.74572176
5597.0000 0.75222546
5597.9000 0.72629172
5598.8000 0.71073884
5599.7000 0.72392678
5600.6000 0.72983903
5601.5000 0.70782274
5602.4000 0.68911844
5603.3000 0.69536078
5604.2000 0.7270804
5605.1000 0.7602393
5606.0000 0.76864475
5606.9000 0.76761019
5607.8000 0.77114278
5608.7000 0.77297854
5609.6000 0.7698133
5610.5000 0.76742131
5611.4000 0.77068532
5612.3000 0.77344334
5613.2000 0.763843
5614.1000 0.73636603
5615.0000 0.70101994
5615.9000 0.68254274
5616.8000 0.69943947
5617.7000 0.73218596
5618.6000 0.74547035
5619.5000 0.74384499
5620.4000 0.73993695
5621.3000 0.7395969
5622.2000 0.74948931
5623.1000 0.74553251
5624.0000 0.71533787
5624.9000 0.69740349
5625.8000 0.70794111
5626.7000 0.7205916
5627.6000 0.72309357
5628.5000 0.73050588
5629.4000 0.7401967
5630.3000 0.7442193
5631.2000 0.74956137
5632.1000 0.74855328
5633.0000 0.73946035
5633.9000 0.73394454
5634.8000 0.73537916
5635.7000 0.73454636
5636.6000 0.72495353
5637.5000 0.71365064
5638.4000 0.71229964
5639.3000 0.71865946
5640.2000 0.71341926
5641.1000 0.69592172
5642.0000 0.69575226
5642.9000 0.71444136
5643.8000 0.72686309
5644.7000 0.72960919
5645.6000 0.7322337
5646.5000 0.73724473
5647.4000 0.74273527
5648.3000 0.74401456
5649.2000 0.74201
5650.1000 0.73906362
5651.0000 0.7380504
5651.9000 0.74095428
5652.8000 0.74153721
5653.7000 0.73661637
5654.6000 0.72739232
5655.5000 0.71692938
5656.4000 0.69923753
5657.3000 0.65932798
5658.2000 0.61682093
5659.1000 0.62049729
5660.0000 0.67128962
5660.9000 0.71201992
5661.8000 0.70504773
5662.7000 0.67735875
5663.6000 0.67897081
5664.5000 0.71117413
5665.4000 0.72776389
5666.3000 0.71311605
5667.2000 0.69389677
5668.1000 0.68472695
5669.0000 0.68830198
5669.9000 0.70613509
5670.8000 0.72600454
5671.7000 0.74034184
5672.6000 0.74680918
5673.5000 0.74423081
5674.4000 0.73925972
5675.3000 0.7353819
5676.2000 0.7353965
5677.1000 0.74176747
5678.0000 0.74434632
5678.9000 0.73948663
5679.8000 0.73438603
5680.7000 0.73048776
5681.6000 0.71450067
5682.5000 0.68924934
5683.4000 0.67368376
5684.3000 0.6722995
5685.2000 0.68307203
5686.1000 0.6978268
5687.0000 0.70425719
5687.9000 0.69896555
5688.8000 0.69585472
5689.7000 0.71003878
5690.6000 0.72452325
5691.5000 0.72624767
5692.4000 0.72821057
5693.3000 0.73304832
5694.2000 0.73737484
5695.1000 0.73808551
5696.0000 0.73504817
5696.9000 0.73201752
5697.8000 0.73241335
5698.7000 0.73692226
5699.6000 0.73262233
5700.5000 0.7172696
5701.4000 0.70985562
5702.3000 0.71773535
5703.2000 0.72867149
5704.1000 0.7283935
5705.0000 0.7189678
5705.9000 0.70516443
5706.8000 0.69452226
5707.7000 0.69080859
5708.6000 0.6811139
5709.5000 0.67266893
5710.4000 0.68082035
5711.3000 0.69403803
5712.2000 0.70505989
5713.1000 0.71723789
5714.0000 0.72482967
5714.9000 0.726152
5715.8000 0.73405725
5716.7000 0.74162006
5717.6000 0.73519421
5718.5000 0.72746688
5719.4000 0.7361328
5720.3000 0.74953985
5721.2000 0.75016046
5722.1000 0.74644083
5723.0000 0.74571002
5723.9000 0.7467888
5724.8000 0.74926221
5725.7000 0.75050735
5726.6000 0.74925506
5727.5000 0.74566841
5728.4000 0.74143678
5729.3000 0.73899192
5730.2000 0.73859382
5731.1000 0.73467553
5732.0000 0.726385
5732.9000 0.7252059
5733.8000 0.73548585
5734.7000 0.75039333
5735.6000 0.75731695
5736.5000 0.74869078
5737.4000 0.73573136
5738.3000 0.73086882
5739.2000 0.73140949
5740.1000 0.73023516
5741.0000 0.72689337
5741.9000 0.72785383
5742.8000 0.73907858
5743.7000 0.7541759
5744.6000 0.75422239
5745.5000 0.74130338
5746.4000 0.73223799
5747.3000 0.729222
5748.2000 0.72733915
5749.1000 0.72767645
5750.0000 0.7300452
5750.9000 0.73100024
5751.8000 0.72473085
5752.7000 0.71282029
5753.6000 0.70468205
5754.5000 0.70218039
5755.4000 0.70941097
5756.3000 0.72077018
5757.2000 0.72696471
5758.1000 0.72810239
5759.0000 0.7289232
5759.9000 0.72844142
5760.8000 0.72811466
5761.7000 0.72610992
5762.6000 0.71313375
5763.5000 0.70754522
5764.4000 0.72309691
5765.3000 0.73335773
5766.2000 0.73312736
5767.1000 0.73820585
5768.0000 0.73726934
5768.9000 0.72925478
5769.8000 0.7288608
5770.7000 0.73012626
5771.6000 0.72582519
5772.5000 0.72674936
5773.4000 0.72885132
5774.3000 0.7229169
5775.2000 0.72208804
5776.1000 0.72832173
5777.0000 0.73862076
5777.9000 0.74496186
5778.8000 0.7342338
5779.7000 0.70917112
5780.6000 0.69372129
5781.5000 0.69995207
5782.4000 0.71523207
5783.3000 0.72522289
5784.2000 0.72273672
5785.1000 0.71598631
5786.0000 0.71969938
5786.9000 0.73101979
5787.8000 0.73483253
5788.7000 0.73102498
5789.6000 0.72718602
5790.5000 0.71988589
5791.4000 0.71752208
5792.3000 0.72307873
5793.2000 0.71945292
5794.1000 0.7144869
5795.0000 0.71802431
5795.9000 0.71786022
5796.8000 0.71175534
5797.7000 0.70424265
5798.6000 0.702968
5799.5000 0.71283638
5800.4000 0.72220331
5801.3000 0.72978151
5802.2000 0.73528641
5803.1000 0.7292403
5804.0000 0.71839052
5804.9000 0.70951992
5805.8000 0.70413607
5806.7000 0.70674688
5807.6000 0.71408135
5808.5000 0.7174319
5809.4000 0.71515989
5810.3000 0.71765774
5811.2000 0.72538722
5812.1000 0.72934854
5813.0000 0.72672987
5813.9000 0.72102618
5814.8000 0.71371984
5815.7000 0.70528275
5816.6000 0.70720786
5817.5000 0.72234696
5818.4000 0.73376977
5819.3000 0.72981143
5820.2000 0.72024047
5821.1000 0.7162503
5822.0000 0.72326177
5822.9000 0.73303938
5823.8000 0.7355777
5824.7000 0.73592913
5825.6000 0.73441088
5826.5000 0.73305327
5827.4000 0.73744178
5828.3000 0.73911262
5829.2000 0.73288661
5830.1000 0.73025918
5831.0000 0.73324394
5831.9000 0.73561794
5832.8000 0.73696178
5833.7000 0.73595256
5834.6000 0.73075753
5835.5000 0.72795808
5836.4000 0.73223394
5837.3000 0.73547816
5838.2000 0.73555952
5839.1000 0.73408383
5840.0000 0.73238057
5840.9000 0.73275793
5841.8000 0.73413897
5842.7000 0.73497397
5843.6000 0.73206282
5844.5000 0.72845542
5845.4000 0.72847688
5846.3000 0.7271722
5847.2000 0.72554028
5848.1000 0.72874826
5849.0000 0.7341308
5849.9000 0.73561537
5850.8000 0.73074192
5851.7000 0.71985996
5852.6000 0.69722593
5853.5000 0.67115986
5854.4000 0.66946059
5855.3000 0.68919528
5856.2000 0.69427067
5857.1000 0.68047196
5858.0000 0.67663509
5858.9000 0.6883164
5859.8000 0.7007814
5860.7000 0.71108764
5861.6000 0.715114
5862.5000 0.71509951
5863.4000 0.71936142
5864.3000 0.72426176
5865.2000 0.72150809
5866.1000 0.71822768
5867.0000 0.7233187
5867.9000 0.72720611
5868.8000 0.72221184
5869.7000 0.71458745
5870.6000 0.71015942
5871.5000 0.71538746
5872.4000 0.72531682
5873.3000 0.72961718
5874.2000 0.73104668
5875.1000 0.73158157
5876.0000 0.72843724
5876.9000 0.72552371
5877.8000 0.72272545
5878.7000 0.71974778
5879.6000 0.71890402
5880.5000 0.71602637
5881.4000 0.71067768
5882.3000 0.70699739
5883.2000 0.70692354
5884.1000 0.70926106
5885.0000 0.71142346
5885.9000 0.71505308
5886.8000 0.71823424
5887.7000 0.7061637
5888.6000 0.66163325
5889.5000 0.5977335
5890.4000 0.57904488
5891.3000 0.63009471
5892.2000 0.68484241
5893.1000 0.6995101
5894.0000 0.68482131
5894.9000 0.64025855
5895.8000 0.59128618
5896.7000 0.59956509
5897.6000 0.65945983
5898.5000 0.70647758
5899.4000 0.72020912
5900.3000 0.72255737
5901.2000 0.72397381
5902.1000 0.71970558
5903.0000 0.71518523
5903.9000 0.71291077
5904.8000 0.70931697
5905.7000 0.70965421
5906.6000 0.71382076
5907.5000 0.71342522
5908.4000 0.71431535
5909.3000 0.72493827
5910.2000 0.73025572
5911.1000 0.72017199
5912.0000 0.71284026
5912.9000 0.70953995
5913.8000 0.69733959
5914.7000 0.69379532
5915.6000 0.71029425
5916.5000 0.72551537
5917.4000 0.72789133
5918.3000 0.72494525
5919.2000 0.72230655
5920.1000 0.71899694
5921.0000 0.71519762
5921.9000 0.71244413
5922.8000 0.70933163
5923.7000 0.70859796
5924.6000 0.71548349
5925.5000 0.72751683
5926.4000 0.73124427
5927.3000 0.72223634
5928.2000 0.70865059
5929.1000 0.69380665
5930.0000 0.68416208
5930.9000 0.69155312
5931.8000 0.70771909
5932.7000 0.71252477
5933.6000 0.70152283
5934.5000 0.69261843
5935.4000 0.69835961
5936.3000 0.71308458
5937.2000 0.72302288
5938.1000 0.72120696
5939.0000 0.71570933
5939.9000 0.71284616
5940.8000 0.71284145
5941.7000 0.71772492
5942.6000 0.7200135
5943.5000 0.71643978
5944.4000 0.71217239
5945.3000 0.708969
5946.2000 0.70718116
5947.1000 0.7011435
5948.0000 0.69024503
5948.9000 0.68581849
5949.8000 0.69172609
5950.7000 0.69565886
5951.6000 0.68784142
5952.5000 0.67542809
5953.4000 0.67584276
5954.3000 0.69366348
5955.2000 0.71176684
5956.1000 0.71349466
5957.0000 0.70212084
5957.9000 0.69178677
5958.8000 0.69115549
5959.7000 0.69818038
5960.6000 0.70907813
5961.5000 0.72000462
5962.4000 0.72333467
5963.3000 0.71928418
5964.2000 0.71569222
5965.1000 0.71172869
5966.0000 0.70883906
5966.9000 0.71548253
5967.8000 0.72583574
5968.7000 0.72343838
5969.6000 0.71554852
5970.5000 0.71907789
5971.4000 0.72685534
5972.3000 0.72570413
5973.2000 0.71811378
5974.1000 0.70807564
5975.0000 0.70015544
5975.9000 0.69983226
5976.8000 0.70529342
5977.7000 0.70884144
5978.6000 0.70363295
5979.5000 0.69954014
5980.4000 0.70477861
5981.3000 0.71097249
5982.2000 0.71242106
5983.1000 0.70591176
5984.0000 0.69387072
5984.9000 0.68596083
5985.8000 0.68538988
5986.7000 0.68922031
5987.6000 0.69703931
5988.5000 0.70622158
5989.4000 0.7052362
5990.3000 0.68843263
5991.2000 0.66807127
5992.1000 0.66769862
5993.0000 0.68843395
5993.9000 0.70411205
5994.8000 0.70387286
5995.7000 0.69985986
5996.6000 0.69548512
5997.5000 0.69020653
5998.4000 0.69144166
5999.3000 0.69912851
6000.2000 0.70282209
6001.1000 0.6966055
6002.0000 0.685803
6002.9000 0.68096393
6003.8000 0.68674809
6004.7000 0.69678235
6005.6000 0.70149064
6006.5000 0.70139897
6007.4000 0.69319254
6008.3000 0.68246388
6009.2000 0.68961126
6010.1000 0.70366299
6011.0000 0.70370185
6011.9000 0.69157642
6012.8000 0.67979437
6013.7000 0.68191755
6014.6000 0.69750553
6015.5000 0.70744008
6016.4000 0.70120138
6017.3000 0.69262189
6018.2000 0.69149405
6019.1000 0.68843055
6020.0000 0.6838159
6020.9000 0.68310583
6021.8000 0.68162197
6022.7000 0.67768067
6023.6000 0.67390734
6024.5000 0.67733556
6025.4000 0.68787462
6026.3000 0.69125521
6027.2000 0.68622559
6028.1000 0.6847648
6029.0000 0.68982345
6029.9000 0.69518542
6030.8000 0.70006818
6031.7000 0.70452148
6032.6000 0.70636588
6033.5000 0.70580983
6034.4000 0.70445549
6035.3000 0.70409197
6036.2000 0.70363379
6037.1000 0.70462108
6038.0000 0.70791817
6038.9000 0.70894217
6039.8000 0.70333308
6040.7000 0.69264859
6041.6000 0.68551755
6042.5000 0.68702286
6043.4000 0.68783706
6044.3000 0.67885017
6045.2000 0.66739309
6046.1000 0.66533816
6047.0000 0.67697293
6047.9000 0.69366252
6048.8000 0.69649959
6049.7000 0.68566918
6050.6000 0.67652446
6051.5000 0.6717689
6052.4000 0.66552383
6053.3000 0.66314065
6054.2000 0.67020476
6055.1000 0.67725343
6056.0000 0.67574233
6056.9000 0.67665076
6057.8000 0.68777728
6058.7000 0.69671106
6059.6000 0.69652951
6060.5000 0.69429523
6061.4000 0.69199002
6062.3000 0.6923514
6063.2000 0.69394112
6064.1000 0.68338948
6065.0000 0.66475862
6065.9000 0.66283762
6066.8000 0.67764628
6067.7000 0.68596578
6068.6000 0.68681937
6069.5000 0.6957491
6070.4000 0.70879549
6071.3000 0.71141702
6072.2000 0.70762485
6073.1000 0.70706481
6074.0000 0.70817524
6074.9000 0.70807081
6075.8000 0.70768625
6076.7000 0.70184702
6077.6000 0.69049788
6078.5000 0.68544841
6079.4000 0.69125295
6080.3000 0.69945914
6081.2000 0.70489156
6082.1000 0.70358258
6083.0000 0.69513363
6083.9000 0.68136477
6084.8000 0.67175901
6085.7000 0.67764175
6086.6000 0.68906677
6087.5000 0.69429928
6088.4000 0.69925642
6089.3000 0.69932604
6090.2000 0.69277549
6091.1000 0.69144821
6092.0000 0.6971823
6092.9000 0.69992411
6093.8000 0.69843584
6094.7000 0.70227814
6095.6000 0.7081548
6096.5000 0.70955539
6097.4000 0.70751029
6098.3000 0.70316905
6099.2000 0.70096481
6100.1000 0.69766337
6101.0000 0.68519092
6101.9000 0.65561932
6102.8000 0.62995827
6103.7000 0.64022154
6104.6000 0.67284638
6105.5000 0.69701523
6106.4000 0.69789511
6107.3000 0.68373108
6108.2000 0.67649031
6109.1000 0.68399602
6110.0000 0.69246048
6110.9000 0.69131285
6111.8000 0.68577832
6112.7000 0.67954826
6113.6000 0.67285883
6114.5000 0.66933793
6115.4000 0.66951954
6116.3000 0.6730209
6117.2000 0.68199557
6118.1000 0.69393957
6119.0000 0.70039672
6119.9000 0.69364578
6120.8000 0.66915733
6121.7000 0.63661462
6122.6000 0.62645262
6123.5000 0.65056306
6124.4000 0.68031633
6125.3000 0.69261998
6126.2000 0.69258124
6127.1000 0.68789154
6128.0000 0.68129236
6128.9000 0.67503101
6129.8000 0.66677731
6130.7000 0.66510278
6131.6000 0.67166203
6132.5000 0.67573237
6133.4000 0.67757702
6134.3000 0.68060482
6135.2000 0.67023951
6136.1000 0.63635927
6137.0000 0.60747439
6137.9000 0.61279613
6138.8000 0.63817632
6139.7000 0.65060371
6140.6000 0.63013875
6141.5000 0.60256898
6142.4000 0.61798894
6143.3000 0.66311783
6144.2000 0.68739724
6145.1000 0.68542761
6146.0000 0.67292422
6146.9000 0.6508736
6147.8000 0.6303429
6148.7000 0.62619835
6149.6000 0.63927305
6150.5000 0.66378528
6151.4000 0.68463498
6152.3000 0.69192511
6153.2000 0.68805099
6154.1000 0.67680699
6155.0000 0.66872615
6155.9000 0.66955262
6156.8000 0.67020279
6157.7000 0.67067611
6158.6000 0.67783153
6159.5000 0.68270183
6160.4000 0.66953796
6161.3000 0.63835043
6162.2000 0.62066144
6163.1000 0.63546139
6164.0000 0.65981811
6164.9000 0.67049557
6165.8000 0.67106181
6166.7000 0.67813754
6167.6000 0.68348527
6168.5000 0.66732991
6169.4000 0.64132977
6170.3000 0.63267285
6171.2000 0.64794904
6172.1000 0.66764885
6173.0000 0.67536795
6173.9000 0.67162538
6174.8000 0.6624043
6175.7000 0.65853804
6176.6000 0.66334689
6177.5000 0.6725269
6178.4000 0.68016487
6179.3000 0.68519694
6180.2000 0.68954217
6181.1000 0.69439894
6182.0000 0.69677842
6182.9000 0.68917942
6183.8000 0.68235773
6184.7000 0.68640828
6185.6000 0.68717724
6186.5000 0.68305999
6187.4000 0.68348235
6188.3000 0.68453133
6189.2000 0.68067741
6190.1000 0.66859335
6191.0000 0.64927626
6191.9000 0.64352667
6192.8000 0.66110265
6193.7000 0.67759734
6194.6000 0.67932457
6195.5000 0.67589241
6196.4000 0.67363787
6197.3000 0.67151445
6198.2000 0.6670329
6199.1000 0.66087896
6200.0000 0.66069359
6200.9000 0.67339891
6201.8000 0.68396831
6202.7000 0.67724586
6203.6000 0.67064488
6204.5000 0.67782497
6205.4000 0.69097793
6206.3000 0.69551069
6207.2000 0.68685925
6208.1000 0.67935807
6209.0000 0.68215066
6209.9000 0.68483257
6210.8000 0.68478751
6211.7000 0.68570912
6212.6000 0.68166846
6213.5000 0.67427635
6214.4000 0.66764587
6215.3000 0.66412312
6216.2000 0.67149943
6217.1000 0.68581492
6218.0000 0.69000959
6218.9000 0.67837703
6219.8000 0.66857076
6220.7000 0.67627692
6221.6000 0.69353133
6222.5000 0.70165366
6223.4000 0.69882357
6224.3000 0.70045382
6225.2000 0.70466298
6226.1000 0.69912601
6227.0000 0.69549471
6227.9000 0.70047957
6228.8000 0.6946646
6229.7000 0.66904998
6230.6000 0.64680308
6231.5000 0.64549494
6232.4000 0.65755314
6233.3000 0.67402041
6234.2000 0.69306582
6235.1000 0.70446444
6236.0000 0.69797659
6236.9000 0.676507
6237.8000 0.64890069
6238.7000 0.63339317
6239.6000 0.64087224
6240.5000 0.65740997
6241.4000 0.67010838
6242.3000 0.67705619
6243.2000 0.67305863
6244.1000 0.65433234
6245.0000 0.62642783
6245.9000 0.60181344
6246.8000 0.59075636
6247.7000 0.60341734
6248.6000 0.63606912
6249.5000 0.66615176
6250.4000 0.67547792
6251.3000 0.66420233
6252.2000 0.64645731
6253.1000 0.63432622
6254.0000 0.63224661
6254.9000 0.64032102
6255.8000 0.65045792
6256.7000 0.66164082
6257.6000 0.67130059
6258.5000 0.67230159
6259.4000 0.67039108
6260.3000 0.67151397
6261.2000 0.67218524
6262.1000 0.66922647
6263.0000 0.67091489
6263.9000 0.67807758
6264.8000 0.68085009
6265.7000 0.68430328
6266.6000 0.69120306
6267.5000 0.68989491
6268.4000 0.67870814
6269.3000 0.66730368
6270.2000 0.66585141
6271.1000 0.67149073
6272.0000 0.67548633
6272.9000 0.68084586
6273.8000 0.68715012
6274.7000 0.68684816
6275.6000 0.6802972
6276.5000 0.67427826
6277.4000 0.66978276
6278.3000 0.65862757
6279.2000 0.64245969
6280.1000 0.63879067
6281.0000 0.65223449
6281.9000 0.66455835
6282.8000 0.66891319
6283.7000 0.67331511
6284.6000 0.6776256
6285.5000 0.67759728
6286.4000 0.67753285
6287.3000 0.68504
6288.2000 0.69130772
6289.1000 0.68785691
6290.0000 0.68337512
6290.9000 0.68290049
6291.8000 0.68447781
6292.7000 0.68697441
6293.6000 0.68957621
6294.5000 0.69320142
6295.4000 0.69542962
6296.3000 0.69106334
6297.2000 0.68020451
6298.1000 0.66949934
6299.0000 0.66283351
6299.9000 0.65709704
6300.8000 0.6495747
6301.7000 0.64510137
6302.6000 0.65335613
6303.5000 0.67406982
6304.4000 0.68893832
6305.3000 0.68908435
6306.2000 0.68507367
6307.1000 0.68657833
6308.0000 0.68757212
6308.9000 0.6794011
6309.8000 0.67034823
6310.7000 0.67191637
6311.6000 0.68051541
6312.5000 0.68647391
6313.4000 0.68069613
6314.3000 0.66758221
6315.2000 0.66199297
6316.1000 0.66185093
6317.0000 0.65218449
6317.9000 0.63926828
6318.8000 0.64060873
6319.7000 0.64925539
6320.6000 0.65661174
6321.5000 0.65920711
6322.4000 0.65932137
6323.3000 0.66207743
6324.2000 0.67148447
6325.1000 0.68002576
6326.0000 0.68398023
6326.9000 0.68582559
6327.8000 0.68455267
6328.7000 0.68369997
6329.6000 0.68101716
6330.5000 0.67298979
6331.4000 0.66711646
6332.3000 0.66501087
6333.2000 0.6605674
6334.1000 0.6496253
6335.0000 0.63643992
6335.9000 0.63034928
6336.8000 0.63465166
6337.7000 0.64315349
6338.6000 0.6521886
6339.5000 0.66279995
6340.4000 0.66519225
6341.3000 0.65207291
6342.2000 0.64071465
6343.1000 0.64473915
6344.0000 0.65311784
6344.9000 0.64914
6345.8000 0.62651414
6346.7000 0.60034299
6347.6000 0.60259771
6348.5000 0.63349867
6349.4000 0.65749466
6350.3000 0.6627357
6351.2000 0.66823059
6352.1000 0.6786623
6353.0000 0.68357468
6353.9000 0.6805371
6354.8000 0.67430931
6355.7000 0.67073554
6356.6000 0.66924632
6357.5000 0.66541207
6358.4000 0.65962404
6359.3000 0.65295869
6360.2000 0.64931566
6361.1000 0.65131003
6362.0000 0.65519935
6362.9000 0.66021389
6363.8000 0.66441131
6364.7000 0.66404694
6365.6000 0.65744406
6366.5000 0.65192509
6367.4000 0.65309495
6368.3000 0.65098488
6369.2000 0.63904792
6370.1000 0.62333435
6371.0000 0.61961102
6371.9000 0.63682008
6372.8000 0.65928119
6373.7000 0.67222011
6374.6000 0.67591995
6375.5000 0.67594588
6376.4000 0.67481655
6377.3000 0.66684121
6378.2000 0.65675247
6379.1000 0.65952289
6380.0000 0.66921961
6380.9000 0.66847974
6381.8000 0.65790355
6382.7000 0.65174252
6383.6000 0.65087414
6384.5000 0.65009165
6385.4000 0.65679663
6386.3000 0.67117333
6387.2000 0.67986244
6388.1000 0.68119788
6389.0000 0.67886394
6389.9000 0.67457318
6390.8000 0.67127991
6391.7000 0.66294205
6392.6000 0.64300734
6393.5000 0.62940878
6394.4000 0.643058
6395.3000 0.66679996
6396.2000 0.67694956
6397.1000 0.67634732
6398.0000 0.66984951
6398.9000 0.65087634
6399.8000 0.63267517
6400.7000 0.63963532
6401.6000 0.65727884
6402.5000 0.665465
6403.4000 0.66945159
6404.3000 0.67002916
6405.2000 0.66927099
6406.1000 0.66232228
6407.0000 0.64521444
6407.9000 0.64015979
6408.8000 0.65741181
6409.7000 0.67189801
6410.6000 0.66126198
6411.5000 0.64051342
6412.4000 0.64032918
6413.3000 0.6550172
6414.2000 0.65996802
6415.1000 0.6490531
6416.0000 0.63165063
6416.9000 0.62434715
6417.8000 0.6341967
6418.7000 0.64392251
6419.6000 0.64165157
6420.5000 0.63583922
6421.4000 0.63606262
6422.3000 0.65248173
6423.2000 0.67751861
6424.1000 0.68570483
6425.0000 0.67995888
6425.9000 0.67931205
6426.8000 0.6845535
6427.7000 0.68664563
6428.6000 0.67902434
6429.5000 0.66139245
6430.4000 0.6398204
6431.3000 0.624089
6432.2000 0.61756855
6433.1000 0.6235804
6434.0000 0.64372563
6434.9000 0.66098285
6435.8000 0.6645121
6436.7000 0.65966421
6437.6000 0.64362592
6438.5000 0.6245687
6439.4000 0.62698579
6440.3000 0.65072167
6441.2000 0.66948479
6442.1000 0.67060411
6443.0000 0.66590327
6443.9000 0.6635989
6444.8000 0.66065586
6445.7000 0.65818089
6446.6000 0.659284
6447.5000 0.66124141
6448.4000 0.65066546
6449.3000 0.63093847
6450.2000 0.62776303
6451.1000 0.64521563
6452.0000 0.66299605
6452.9000 0.66442508
6453.8000 0.64970583
6454.7000 0.62184799
6455.6000 0.58469003
6456.5000 0.57078755
6457.4000 0.60036927
6458.3000 0.64117271
6459.2000 0.66403759
6460.1000 0.66343588
6461.0000 0.64013499
6461.9000 0.61137456
6462.8000 0.60584778
6463.7000 0.63136983
6464.6000 0.66112846
6465.5000 0.67144692
6466.4000 0.67190295
6467.3000 0.67088228
6468.2000 0.66636038
6469.1000 0.65958083
6470.0000 0.65095443
6470.9000 0.64269662
6471.8000 0.64221686
6472.7000 0.6508863
6473.6000 0.65795004
6474.5000 0.66131347
6475.4000 0.66557527
6476.3000 0.6663273
6477.2000 0.66749763
6478.1000 0.66993219
6479.0000 0.66918159
6479.9000 0.66714782
6480.8000 0.65866929
6481.7000 0.64550352
6482.6000 0.6422565
6483.5000 0.64878386
6484.4000 0.65549016
6485.3000 0.66284448
6486.2000 0.66877145
6487.1000 0.66710413
6488.0000 0.66248649
6488.9000 0.65660167
6489.8000 0.64526278
6490.7000 0.631666
6491.6000 0.62071955
6492.5000 0.61166382
6493.4000 0.59279734
6494.3000 0.56727463
6495.2000 0.55515796
6496.1000 0.55631298
6497.0000 0.57059944
6497.9000 0.60536361
6498.8000 0.64007592
6499.7000 0.65462828
6500.6000 0.65440792
6501.5000 0.65304697
6502.4000 0.65710235
6503.3000 0.66396451
6504.2000 0.66849059
6505.1000 0.66850966
6506.0000 0.66742951
6506.9000 0.66797781
6507.8000 0.66586918
6508.7000 0.66067111
6509.6000 0.65589285
6510.5000 0.65639174
6511.4000 0.6641739
6512.3000 0.66700304
6513.2000 0.65743738
6514.1000 0.64100242
6515.0000 0.61671489
6515.9000 0.59183413
6516.8000 0.59416199
6517.7000 0.62124056
6518.6000 0.63782322
6519.5000 0.64046133
6520.4000 0.64770937
6521.3000 0.65584314
6522.2000 0.65680778
6523.1000 0.6530807
6524.0000 0.64520574
6524.9000 0.63573134
6525.8000 0.6295765
6526.7000 0.62771189
6527.6000 0.63311064
6528.5000 0.6438638
6529.4000 0.64951283
6530.3000 0.64598
6531.2000 0.63973916
6532.1000 0.6357556
6533.0000 0.63128442
6533.9000 0.62320024
6534.8000 0.62049645
6535.7000 0.62518531
6536.6000 0.62454587
6537.5000 0.61804092
6538.4000 0.61620629
6539.3000 0.62388909
6540.2000 0.6345619
6541.1000 0.63861847
6542.0000 0.63910556
6542.9000 0.64048624
6543.8000 0.63771796
6544.7000 0.62444305
6545.6000 0.60988277
6546.5000 0.6077441
6547.4000 0.6200639
6548.3000 0.62930131
6549.2000 0.62480545
6550.1000 0.61560136
6551.0000 0.60875165
6551.9000 0.60591447
6552.8000 0.6000616
6553.7000 0.59141701
6554.6000 0.58153963
6555.5000 0.5727303
6556.4000 0.57079059
6557.3000 0.56066746
6558.2000 0.53277224
6559.1000 0.49815214
6560.0000 0.46440539
6560.9000 0.4165594
6561.8000 0.34500954
6562.7000 0.3022278
6563.6000 0.33845246
6564.5000 0.41758719
6565.4000 0.47816488
6566.3000 0.5096873
6567.2000 0.52721012
6568.1000 0.5412339
6569.0000 0.55631965
6569.9000 0.57356381
6570.8000 0.59055185
6571.7000 0.60048628
6572.6000 0.60315794
6573.5000 0.6054666
6574.4000 0.60658431
6575.3000 0.60593277
6576.2000 0.60970575
6577.1000 0.61604971
6578.0000 0.61987281
6578.9000 0.62107849
6579.8000 0.61902624
6580.7000 0.61778086
6581.6000 0.62135345
6582.5000 0.62485361
6583.4000 0.62551808
6584.3000 0.62829161
6585.2000 0.6264208
6586.1000 0.61158258
6587.0000 0.59748417
6587.9000 0.60169041
6588.8000 0.61736357
6589.7000 0.62736142
6590.6000 0.62739658
6591.5000 0.62117475
6592.4000 0.61043
6593.3000 0.60308778
6594.2000 0.61253208
6595.1000 0.63187444
6596.0000 0.64072114
6596.9000 0.63670206
6597.8000 0.63521719
6598.7000 0.6419825
6599.6000 0.64661992
6600.5000 0.64920366
6601.4000 0.65209937
6602.3000 0.64724034
6603.2000 0.63897824
6604.1000 0.62844652
6605.0000 0.61759561
6605.9000 0.61170679
6606.8000 0.60660678
6607.7000 0.60697424
6608.6000 0.6162793
6609.5000 0.6257658
6610.4000 0.63110441
6611.3000 0.63255012
6612.2000 0.62834746
6613.1000 0.62280464
6614.0000 0.62444949
6614.9000 0.62798905
6615.8000 0.62307072
6616.7000 0.61862952
6617.6000 0.62456369
6618.5000 0.63066536
6619.4000 0.62740004
6620.3000 0.6236726
6621.2000 0.62518817
6622.1000 0.62718558
6623.0000 0.62900174
6623.9000 0.62944239
6624.8000 0.62919062
6625.7000 0.63027406
6626.6000 0.62760127
6627.5000 0.62711591
6628.4000 0.6367662
6629.3000 0.64610308
6630.2000 0.64668155
6631.1000 0.64229572
6632.0000 0.63530415
6632.9000 0.62664485
6633.8000 0.62216902
6634.7000 0.62708014
6635.6000 0.63442069
6636.5000 0.63753957
6637.4000 0.63897091
6638.3000 0.63988465
6639.2000 0.63993311
6640.1000 0.63436663
6641.0000 0.62493503
6641.9000 0.6224069
6642.8000 0.62215137
6643.7000 0.62205297
6644.6000 0.62453079
6645.5000 0.62646055
6646.4000 0.62639666
6647.3000 0.62692934
6648.2000 0.62997991
6649.1000 0.63152444
6650.0000 0.63172394
6650.9000 0.63227671
6651.8000 0.63322759
6652.7000 0.63312012
6653.6000 0.62973982
6654.5000 0.62311459
6655.4000 0.61885273
6656.3000 0.62122452
6657.2000 0.6284762
6658.1000 0.63492143
6659.0000 0.63607669
6659.9000 0.63179886
6660.8000 0.62582344
6661.7000 0.61987877
6662.6000 0.61215609
6663.5000 0.61122018
6664.4000 0.61899388
6665.3000 0.62177378
6666.2000 0.6216926
6667.1000 0.62369281
6668.0000 0.62223631
6668.9000 0.62029552
6669.8000 0.62054735
6670.7000 0.62012452
6671.6000 0.62027663
6672.5000 0.62190419
6673.4000 0.62611383
6674.3000 0.63154322
6675.2000 0.63188666
6676.1000 0.62009573
6677.0000 0.5978545
6677.9000 0.5795092
6678.8000 0.57960296
6679.7000 0.59547007
6680.6000 0.61139786
6681.5000 0.62021911
6682.4000 0.62176603
6683.3000 0.62191927
6684.2000 0.62714291
6685.1000 0.63035744
6686.0000 0.63013101
6686.9000 0.63105738
6687.8000 0.63052452
6688.7000 0.6316601
6689.6000 0.63779902
6690.5000 0.64203221
6691.4000 0.64020658
6692.3000 0.63837022
6693.2000 0.63588667
6694.1000 0.63082951
6695.0000 0.62982863
6695.9000 0.62933582
6696.8000 0.62415785
6697.7000 0.62210459
6698.6000 0.62541211
6699.5000 0.63021111
6700.4000 0.63300872
6701.3000 0.63338935
6702.2000 0.63097465
6703.1000 0.62459111
6704.0000 0.62006456
6704.9000 0.62163216
6705.8000 0.62399292
6706.7000 0.62469715
6707.6000 0.62366772
6708.5000 0.62382561
6709.4000 0.63025659
6710.3000 0.63469613
6711.2000 0.62873054
6712.1000 0.61911654
6713.0000 0.61757267
6713.9000 0.62365097
6714.8000 0.62691271
6715.7000 0.61953825
6716.6000 0.6028856
6717.5000 0.59155691
6718.4000 0.59616977
6719.3000 0.60463268
6720.2000 0.60778111
6721.1000 0.60797089
6722.0000 0.61002356
6722.9000 0.6164909
6723.8000 0.62148428
6724.7000 0.61725372
6725.6000 0.60513031
6726.5000 0.60043013
6727.4000 0.61224413
6728.3000 0.62178671
6729.2000 0.62063134
6730.1000 0.62388951
6731.0000 0.63058287
6731.9000 0.63199103
6732.8000 0.63593394
6733.7000 0.64155442
6734.6000 0.63819903
6735.5000 0.63100213
6736.4000 0.62732917
6737.3000 0.62472194
6738.2000 0.62103438
6739.1000 0.6172533
6740.0000 0.61629385
6740.9000 0.61668086
6741.8000 0.61541712
6742.7000 0.61109281
6743.6000 0.60698318
6744.5000 0.61002105
6745.4000 0.61497563
6746.3000 0.61301351
6747.2000 0.60321814
6748.1000 0.59283054
6749.0000 0.59286422
6749.9000 0.60190487
6750.8000 0.60846961
6751.7000 0.61253756
6752.6000 0.6177668
6753.5000 0.62191188
6754.4000 0.61965209
6755.3000 0.61198783
6756.2000 0.60272276
6757.1000 0.59673506
6758.0000 0.60122639
6758.9000 0.61124068
6759.8000 0.61614674
6760.7000 0.61523008
6761.6000 0.61476958
6762.5000 0.61397451
6763.4000 0.60969728
6764.3000 0.61103439
6765.2000 0.61719233
6766.1000 0.61365682
6767.0000 0.604128
6767.9000 0.60467297
6768.8000 0.61789668
6769.7000 0.63143975
6770.6000 0.63141006
6771.5000 0.62323809
6772.4000 0.61691809
6773.3000 0.61557198
6774.2000 0.62112838
6775.1000 0.63032258
6776.0000 0.63537651
6776.9000 0.63221401
6777.8000 0.6244002
6778.7000 0.61929071
6779.6000 0.61677492
6780.5000 0.61431706
6781.4000 0.6117453
6782.3000 0.60598636
6783.2000 0.60371006
6784.1000 0.60945284
6785.0000 0.61380833
6785.9000 0.61211574
6786.8000 0.6080429
6787.7000 0.60950053
6788.6000 0.61458814
6789.5000 0.60965323
6790.4000 0.59988266
6791.3000 0.60324842
6792.2000 0.6164915
6793.1000 0.62204719
6794.0000 0.61646527
6794.9000 0.60510802
6795.8000 0.59670633
6796.7000 0.59978402
6797.6000 0.60548306
6798.5000 0.60511422
6799.4000 0.60618001
6800.3000 0.60688168
6801.2000 0.60378557
6802.1000 0.60413915
6803.0000 0.60920262
6803.9000 0.61088347
6804.8000 0.61081308
6805.7000 0.61133748
6806.6000 0.60708618
6807.5000 0.60479814
6808.4000 0.60684681
6809.3000 0.60802066
6810.2000 0.60925794
6811.1000 0.61042458
6812.0000 0.61272854
6812.9000 0.61461639
6813.8000 0.61177325
6814.7000 0.61086398
6815.6000 0.61206681
6816.5000 0.61120856
6817.4000 0.60973787
6818.3000 0.61231959
6819.2000 0.61767161
6820.1000 0.6157496
6821.0000 0.61296433
6821.9000 0.61652714
6822.8000 0.61499965
6823.7000 0.60865849
6824.6000 0.6095174
6825.5000 0.61330283
6826.4000 0.60723728
6827.3000 0.59461248
6828.2000 0.58661258
6829.1000 0.58912045
6830.0000 0.6017251
6830.9000 0.61092412
6831.8000 0.60881114
6832.7000 0.60848069
6833.6000 0.6088531
6834.5000 0.60305738
6835.4000 0.6003713
6836.3000 0.60250127
6837.2000 0.60348022
6838.1000 0.59930527
6839.0000 0.59286565
6839.9000 0.59324378
6840.8000 0.59449887
6841.7000 0.58989024
6842.6000 0.58820748
6843.5000 0.59435517
6844.4000 0.60245466
6845.3000 0.60869575
6846.2000 0.61177123
6847.1000 0.6075508
6848.0000 0.60290074
6848.9000 0.60791385
6849.8000 0.6153276
6850.7000 0.61655325
6851.6000 0.61502779
6852.5000 0.61204177
6853.4000 0.60525304
6854.3000 0.59612036
6855.2000 0.59164554
6856.1000 0.59694743
6857.0000 0.60734266
6857.9000 0.61149997
6858.8000 0.61017811
6859.7000 0.60929066
6860.6000 0.60706121
6861.5000 0.60554552
6862.4000 0.60873216
6863.3000 0.6131354
6864.2000 0.61275345
6865.1000 0.60690445
6866.0000 0.59761018
6866.9000 0.58923823
6867.8000 0.59025824
6868.7000 0.60778606
6869.6000 0.62298799
6870.5000 0.61844426
6871.4000 0.60303038
6872.3000 0.59147441
6873.2000 0.59210622
6874.1000 0.59828681
6875.0000 0.59766144
6875.9000 0.59463674
6876.8000 0.59712619
6877.7000 0.6039322
6878.6000 0.60878313
6879.5000 0.60856795
6880.4000 0.60372704
6881.3000 0.596856
6882.2000 0.5938763
6883.1000 0.59773254
6884.0000 0.60386974
6884.9000 0.60664207
6885.8000 0.61124003
6886.7000 0.61960906
6887.6000 0.61903274
6888.5000 0.61457258
6889.4000 0.61589146
6890.3000 0.61575699
6891.2000 0.60943013
6892.1000 0.60967118
6893.0000 0.62039673
6893.9000 0.61737257
6894.8000 0.59853351
6895.7000 0.58961749
6896.6000 0.59888768
6897.5000 0.60299999
6898.4000 0.59219509
6899.3000 0.58540702
6900.2000 0.59177136
6901.1000 0.594899
6902.0000 0.58796513
6902.9000 0.58559138
6903.8000 0.59449285
6904.7000 0.60378683
6905.6000 0.6030187
6906.5000 0.59863943
6907.4000 0.59963167
6908.3000 0.60991645
6909.2000 0.62033367
6910.1000 0.6197508
6911.0000 0.61428189
6911.9000 0.6084041
6912.8000 0.60604501
6913.7000 0.60858941
6914.6000 0.60392034
6915.5000 0.59177995
6916.4000 0.58563411
6917.3000 0.59255153
6918.2000 0.60428137
6919.1000 0.60217428
6920.0000 0.59072405
6920.9000 0.58631462
6921.8000 0.58770293
6922.7000 0.5917545
6923.6000 0.59610111
6924.5000 0.5956288
6925.4000 0.5916481
6926.3000 0.58655053
6927.2000 0.58238459
6928.1000 0.58277577
6929.0000 0.58569086
6929.9000 0.58433878
6930.8000 0.58126479
6931.7000 0.5815922
6932.6000 0.58499599
6933.5000 0.58896029
6934.4000 0.59226644
6935.3000 0.59794217
6936.2000 0.60391378
6937.1000 0.60375935
6938.0000 0.60229993
6938.9000 0.60508698
6939.8000 0.61033994
6940.7000 0.61508948
6941.6000 0.61557949
6942.5000 0.61315018
6943.4000 0.60832536
6944.3000 0.60124195
6945.2000 0.59932971
6946.1000 0.60498744
6947.0000 0.60822022
6947.9000 0.60572529
6948.8000 0.60299945
6949.7000 0.60150665
6950.6000 0.60004652
6951.5000 0.60053766
6952.4000 0.60084635
6953.3000 0.59889644
6954.2000 0.59753042
6955.1000 0.5977518
6956.0000 0.60096848
6956.9000 0.60807633
6957.8000 0.61122453
6958.7000 0.60738677
6959.6000 0.60171652
6960.5000 0.59887892
6961.4000 0.59726578
6962.3000 0.59366757
6963.2000 0.59404719
6964.1000 0.5996682
6965.0000 0.60111552
6965.9000 0.59565288
6966.8000 0.59445119
6967.7000 0.60064834
6968.6000 0.60205394
6969.5000 0.59739774
6970.4000 0.59457517
6971.3000 0.59123772
6972.2000 0.58708113
6973.1000 0.58718926
6974.0000 0.58939373
6974.9000 0.58438784
6975.8000 0.57320935
6976.7000 0.56428653
6977.6000 0.55984914
6978.5000 0.55943525
6979.4000 0.56326097
6980.3000 0.57022303
6981.2000 0.57763082
6982.1000 0.57926971
6983.0000 0.57722759
6983.9000 0.57847089
6984.8000 0.58102494
6985.7000 0.58276474
6986.6000 0.58493423
6987.5000 0.5877611
6988.4000 0.5896368
6989.3000 0.58626759
6990.2000 0.58063734
6991.1000 0.57719213
6992.0000 0.57342982
6992.9000 0.5693658
6993.8000 0.57242227
6994.7000 0.5822168
6995.6000 0.58877176
6996.5000 0.59226108
6997.4000 0.59349787
6998.3000 0.58515978
6999.2000 0.57754755
7000.1000 0.58408546
7001.0000 0.59520286
7001.9000 0.59949452
7002.8000 0.5953868
7003.7000 0.58605582
7004.6000 0.57505751
7005.5000 0.57183611
7006.4000 0.58225089
7007.3000 0.59591401
7008.2000 0.60003078
7009.1000 0.5955869
7010.0000 0.59109187
7010.9000 0.58489597
7011.8000 0.57493699
7012.7000 0.56941986
7013.6000 0.56826037
7014.5000 0.56828564
7015.4000 0.56904715
7016.3000 0.56832939
7017.2000 0.56886607
7018.1000 0.57433283
7019.0000 0.57781279
7019.9000 0.57778215
7020.8000 0.57758671
7021.7000 0.5765574
7022.6000 0.57528621
7023.5000 0.57549286
7024.4000 0.5804835
7025.3000 0.58915854
7026.2000 0.59478915
7027.1000 0.59437186
7028.0000 0.5904904
7028.9000 0.59049881
7029.8000 0.5950973
7030.7000 0.59924024
7031.6000 0.59667778
7032.5000 0.59128326
7033.4000 0.59086192
7034.3000 0.58804518
7035.2000 0.58316672
7036.1000 0.58163679
7037.0000 0.58082658
7037.9000 0.5789457
7038.8000 0.58402389
7039.7000 0.59318137
7040.6000 0.59048265
7041.5000 0.57824504
7042.4000 0.57065177
7043.3000 0.57027805
7044.2000 0.5697791
7045.1000 0.56590343
7046.0000 0.56576806
7046.9000 0.57493889
7047.8000 0.58397561
7048.7000 0.58422154
7049.6000 0.57924771
7050.5000 0.57737833
7051.4000 0.58359569
7052.3000 0.58770871
7053.2000 0.58437568
7054.1000 0.57728308
7055.0000 0.5733403
7055.9000 0.57964766
7056.8000 0.58933461
7057.7000 0.59172726
7058.6000 0.58492935
7059.5000 0.57456684
7060.4000 0.56942427
7061.3000 0.57608455
7062.2000 0.58983821
7063.1000 0.59620762
7064.0000 0.59708118
7064.9000 0.60064703
7065.8000 0.59878427
7066.7000 0.58968973
7067.6000 0.58278471
7068.5000 0.58343387
7069.4000 0.58625811
7070.3000 0.58234853
7071.2000 0.57608712
7072.1000 0.57519531
7073.0000 0.58347279
7073.9000 0.5878002
7074.8000 0.57436061
7075.7000 0.55671215
7076.6000 0.55088019
7077.5000 0.5560084
7078.4000 0.56934243
7079.3000 0.58304143
7080.2000 0.58434874
7081.1000 0.57561451
7082.0000 0.56894243
7082.9000 0.56646174
7083.8000 0.56605363
7084.7000 0.5695411
7085.6000 0.57114083
7086.5000 0.56536847
7087.4000 0.56023765
7088.3000 0.56216913
7089.2000 0.56362045
7090.1000 0.56214768
7091.0000 0.56497115
7091.9000 0.56625003
7092.8000 0.56074494
7093.7000 0.55777532
7094.6000 0.55948567
7095.5000 0.55767816
7096.4000 0.55646914
7097.3000 0.5664106
7098.2000 0.57884336
7099.1000 0.58105975
7100.0000 0.58028364
7100.9000 0.58467656
7101.8000 0.59108931
7102.7000 0.5899716
7103.6000 0.58506024
7104.5000 0.58791208
7105.4000 0.59428382
7106.3000 0.59136319
7107.2000 0.58269083
7108.1000 0.57560033
7109.0000 0.57239276
7109.9000 0.5719294
7110.8000 0.56895602
7111.7000 0.56387424
7112.6000 0.56079149
7113.5000 0.56117874
7114.4000 0.56195539
7115.3000 0.56195897
7116.2000 0.56385571
7117.1000 0.56706142
7118.0000 0.56803739
7118.9000 0.56396872
7119.8000 0.56126016
7120.7000 0.56491417
7121.6000 0.56583816
7122.5000 0.56151289
7123.4000 0.55977631
7124.3000 0.56398791
7125.2000 0.57149011
7126.1000 0.57654643
7127.0000 0.57744342
7127.9000 0.57100701
7128.8000 0.56049579
7129.7000 0.55080223
7130.6000 0.5479058
7131.5000 0.55331731
7132.4000 0.56095308
7133.3000 0.56437522
7134.2000 0.56599128
7135.1000 0.56812304
7136.0000 0.57057923
7136.9000 0.57612139
7137.8000 0.58128327
7138.7000 0.58080155
7139.6000 0.57646418
7140.5000 0.57281262
7141.4000 0.56743318
7142.3000 0.56110799
7143.2000 0.56549627
7144.1000 0.57782412
7145.0000 0.58331972
7145.9000 0.57828629
7146.8000 0.55949205
7147.7000 0.53693622
7148.6000 0.53717345
7149.5000 0.55714071
7150.4000 0.56927198
7151.3000 0.57092088
7152.2000 0.57639062
7153.1000 0.58156639
7154.0000 0.57633144
7154.9000 0.56751204
7155.8000 0.56488174
7156.7000 0.56802738
7157.6000 0.57402617
7158.5000 0.58141035
7159.4000 0.58540022
7160.3000 0.5853613
7161.2000 0.58429438
7162.1000 0.57819897
7163.0000 0.56776053
7163.9000 0.55811083
7164.8000 0.55545878
7165.7000 0.56630075
7166.6000 0.5836249
7167.5000 0.5959326
7168.4000 0.59854198
7169.3000 0.59261459
7170.2000 0.58730286
7171.1000 0.58577269
7172.0000 0.58434075
7172.9000 0.58551103
7173.8000 0.59151602
7174.7000 0.5917272
7175.6000 0.58101881
7176.5000 0.57273358
7177.4000 0.57677537
7178.3000 0.58378416
7179.2000 0.5816561
7180.1000 0.5708254
7181.0000 0.56278771
7181.9000 0.56566298
7182.8000 0.57102072
7183.7000 0.56906599
7184.6000 0.56152594
7185.5000 0.55106771
7186.4000 0.54235506
7187.3000 0.54418498
7188.2000 0.55372018
7189.1000 0.55668062
7190.0000 0.55207419
7190.9000 0.5477038
7191.8000 0.54749477
7192.7000 0.55380964
7193.6000 0.55958831
7194.5000 0.55700874
7195.4000 0.55087602
7196.3000 0.54970145
7197.2000 0.55464733
7198.1000 0.56178439
7199.0000 0.56768489
7199.9000 0.5637542
7200.8000 0.54744852
7201.7000 0.53736091
7202.6000 0.54503638
7203.5000 0.55548763
7204.4000 0.55370063
7205.3000 0.54160994
7206.2000 0.53098601
7207.1000 0.53067213
7208.0000 0.5395515
7208.9000 0.55022061
7209.8000 0.55467415
7210.7000 0.55427504
7211.6000 0.55402935
7212.5000 0.55292416
7213.4000 0.54783535
7214.3000 0.54122066
7215.2000 0.54168487
7216.1000 0.54934627
7217.0000 0.55451626
7217.9000 0.55339962
7218.8000 0.55246836
7219.7000 0.55173218
7220.6000 0.54407388
7221.5000 0.53507125
7222.4000 0.52847332
7223.3000 0.52058488
7224.2000 0.5173924
7225.1000 0.526398
7226.0000 0.54691362
7226.9000 0.56974906
7227.8000 0.58368784
7228.7000 0.58588779
7229.6000 0.58429015
7230.5000 0.58621418
7231.4000 0.59072518
7232.3000 0.59437943
7233.2000 0.5933705
7234.1000 0.58777696
7235.0000 0.58357137
7235.9000 0.57930571
7236.8000 0.57409674
7237.7000 0.57035488
7238.6000 0.56722391
7239.5000 0.56597525
7240.4000 0.56834
7241.3000 0.5711413
7242.2000 0.57019609
7243.1000 0.56555438
7244.0000 0.56185943
7244.9000 0.56327325
7245.8000 0.56969553
7246.7000 0.57496661
7247.6000 0.57464647
7248.5000 0.5688082
7249.4000 0.55633473
7250.3000 0.54821509
7251.2000 0.55543953
7252.1000 0.56392175
7253.0000 0.56251281
7253.9000 0.55666775
7254.8000 0.5539791
7255.7000 0.55642253
7256.6000 0.55593419
7257.5000 0.55521989
7258.4000 0.55753499
7259.3000 0.55462527
7260.2000 0.54792857
7261.1000 0.54409176
7262.0000 0.54519129
7262.9000 0.54919446
7263.8000 0.55536479
7264.7000 0.56434125
7265.6000 0.5726034
7266.5000 0.57454312
7267.4000 0.57143557
7268.3000 0.57140428
7269.2000 0.5762254
7270.1000 0.57524443
7271.0000 0.5671109
7271.9000 0.5619278
7272.8000 0.5615322
7273.7000 0.56005388
7274.6000 0.55789834
7275.5000 0.5610975
7276.4000 0.56732345
7277.3000 0.57022613
7278.2000 0.56487739
7279.1000 0.55500174
7280.0000 0.54793143
7280.9000 0.54195535
7281.8000 0.53637791
7282.7000 0.53566855
7283.6000 0.53603584
7284.5000 0.53648639
7285.4000 0.54088223
7286.3000 0.54128462
7287.2000 0.53095192
7288.1000 0.51239902
7289.0000 0.49851456
7289.9000 0.5043326
7290.8000 0.51963091
7291.7000 0.52468663
7292.6000 0.52309567
7293.5000 0.52793843
7294.4000 0.54160523
7295.3000 0.55027086
7296.2000 0.54572928
7297.1000 0.53827757
7298.0000 0.54191393
7298.9000 0.5512892
7299.8000 0.54977548
7300.7000 0.54154849
7301.6000 0.54017383
7302.5000 0.54515243
7303.4000 0.55555034
7304.3000 0.56578666
7305.2000 0.55999595
7306.1000 0.54148161
7307.0000 0.52638084
7307.9000 0.51922178
7308.8000 0.51595229
7309.7000 0.51274228
7310.6000 0.51423609
7311.5000 0.52754676
7312.4000 0.547086
7313.3000 0.56048131
7314.2000 0.5642252
7315.1000 0.56484908
7316.0000 0.56539327
7316.9000 0.56493622
7317.8000 0.56491804
7318.7000 0.56194168
7319.6000 0.55051768
7320.5000 0.54148424
7321.4000 0.54638368
7322.3000 0.55801266
7323.2000 0.56410342
7324.1000 0.55827218
7325.0000 0.54442811
7325.9000 0.53686237
7326.8000 0.54210746
7327.7000 0.54907054
7328.6000 0.54809743
7329.5000 0.54234594
7330.4000 0.54072368
7331.3000 0.54804069
7332.2000 0.55401319
7333.1000 0.5510515
7334.0000 0.55112314
7334.9000 0.55891824
7335.8000 0.56287265
7336.7000 0.55913734
7337.6000 0.55359
7338.5000 0.55356973
7339.4000 0.55929691
7340.3000 0.56360751
7341.2000 0.5640536
7342.1000 0.56315619
7343.0000 0.56398195
7343.9000 0.56882495
7344.8000 0.57434601
7345.7000 0.57317096
7346.6000 0.56285322
7347.5000 0.55339444
7348.4000 0.55563056
7349.3000 0.5574432
7350.2000 0.55087751
7351.1000 0.5452857
7352.0000 0.54140973
7352.9000 0.53293443
7353.8000 0.5206154
7354.7000 0.51326209
7355.6000 0.5169847
7356.5000 0.52650338
7357.4000 0.53169221
7358.3000 0.53295016
7359.2000 0.53732347
7360.1000 0.54194927
7361.0000 0.54063761
7361.9000 0.53935862
7362.8000 0.54495186
7363.7000 0.55037379
7364.6000 0.5496946
7365.5000 0.54683882
7366.4000 0.54650152
7367.3000 0.54834467
7368.2000 0.55248839
7369.1000 0.55524361
7370.0000 0.55193913
7370.9000 0.54448277
7371.8000 0.53794903
7372.7000 0.53990686
7373.6000 0.54968733
7374.5000 0.55551565
7375.4000 0.55365646
7376.3000 0.55084246
7377.2000 0.54705417
7378.1000 0.53823006
7379.0000 0.52859712
7379.9000 0.52256191
7380.8000 0.5209074
7381.7000 0.52424532
7382.6000 0.52541465
7383.5000 0.52026314
7384.4000 0.51130223
7385.3000 0.4998132
7386.2000 0.49309301
7387.1000 0.49522325
7388.0000 0.49721798
7388.9000 0.49756277
7389.8000 0.50653636
7390.7000 0.52088004
7391.6000 0.52277792
7392.5000 0.51296878
7393.4000 0.50701708
7394.3000 0.50792235
7395.2000 0.51178902
7396.1000 0.52481133
7397.0000 0.54801345
7397.9000 0.55205804
7398.8000 0.54721433
7399.7000 0.54116017
7400.6000 0.53596193
7401.5000 0.53445637
7402.4000 0.53779423
7403.3000 0.54065496
7404.2000 0.5380823
7405.1000 0.52875072
7406.0000 0.5202415
7406.9000 0.5196647
7407.8000 0.52113223
7408.7000 0.51460487
7409.6000 0.50493068
7410.5000 0.50130504
7411.4000 0.50245076
7412.3000 0.41394275
7413.2000 0.09564395
7414.1000 0.00198487
7415.0000 0.00000233
7415.9000 0
7416.8000 0
7417.7000 0
7418.6000 0
7419.5000 0
7420.4000 0
7421.3000 0
7422.2000 0
7423.1000 0
7424.0000 0
7424.9000 0
7425.8000 0
7426.7000 0
7427.6000 0
7428.5000 0
7429.4000 0
