3500.000	0.0000
3500.900	0.0000
3501.800	0.0000
3502.700	0.0000
3503.600	0.0000
3504.500	0.0000
3505.400	0.0000
3506.300	0.0000
3507.200	0.0000
3508.100	0.0000
3509.000	0.0000
3509.900	0.0000
3510.800	0.0000
3511.700	0.0000
3512.600	0.0000
3513.500	0.0000
3514.400	0.0000
3515.300	0.0000
3516.200	0.0000
3517.100	0.0000
3518.000	0.0000
3518.900	0.0000
3519.800	0.0000
3520.700	0.0000
3521.600	0.0000
3522.500	0.0000
3523.400	0.0000
3524.300	0.0000
3525.200	0.0000
3526.100	0.0000
3527.000	0.0000
3527.900	0.0000
3528.800	0.0000
3529.700	0.0000
3530.600	0.0000
3531.500	0.0000
3532.400	0.0000
3533.300	-0.0008
3534.200	-0.0202
3535.100	0.1718
3536.000	0.7515
3536.900	0.7345
3537.800	0.7472
3538.700	0.7676
3539.600	0.7701
3540.500	0.7526
3541.400	0.7520
3542.300	0.7743
3543.200	0.7876
3544.100	0.7893
3545.000	0.7830
3545.900	0.7865
3546.800	0.7915
3547.700	0.7930
3548.600	0.8034
3549.500	0.8148
3550.400	0.8112
3551.300	0.7948
3552.200	0.7825
3553.100	0.7656
3554.000	0.7504
3554.900	0.7552
3555.800	0.7772
3556.700	0.7885
3557.600	0.7892
3558.500	0.7761
3559.400	0.7672
3560.300	0.7692
3561.200	0.7916
3562.100	0.8202
3563.000	0.8125
3563.900	0.7480
3564.800	0.6737
3565.700	0.6446
3566.600	0.6683
3567.500	0.6887
3568.400	0.6622
3569.300	0.6191
3570.200	0.6125
3571.100	0.6115
3572.000	0.6346
3572.900	0.6464
3573.800	0.6422
3574.700	0.6387
3575.600	0.6541
3576.500	0.6891
3577.400	0.7132
3578.300	0.7112
3579.200	0.7099
3580.100	0.6616
3581.000	0.5803
3581.900	0.5929
3582.800	0.6711
3583.700	0.6784
3584.600	0.6082
3585.500	0.5541
3586.400	0.5479
3587.300	0.5793
3588.200	0.6196
3589.100	0.6398
3590.000	0.6937
3590.900	0.7588
3591.800	0.7574
3592.700	0.7370
3593.600	0.7397
3594.500	0.7549
3595.400	0.7485
3596.300	0.7636
3597.200	0.7822
3598.100	0.7813
3599.000	0.7767
3599.900	0.7929
3600.800	0.7824
3601.700	0.7213
3602.600	0.6801
3603.500	0.6738
3604.400	0.6655
3605.300	0.6509
3606.200	0.6657
3607.100	0.6912
3608.000	0.6637
3608.900	0.6173
3609.800	0.6228
3610.700	0.6693
3611.600	0.6820
3612.500	0.6467
3613.400	0.6276
3614.300	0.6698
3615.200	0.7372
3616.100	0.7607
3617.000	0.6945
3617.900	0.5986
3618.800	0.5768
3619.700	0.6352
3620.600	0.6959
3621.500	0.7250
3622.400	0.7449
3623.300	0.7362
3624.200	0.7344
3625.100	0.7818
3626.000	0.8371
3626.900	0.8548
3627.800	0.8481
3628.700	0.8171
3629.600	0.7240
3630.500	0.6185
3631.400	0.5806
3632.300	0.6299
3633.200	0.6831
3634.100	0.6824
3635.000	0.6769
3635.900	0.6906
3636.800	0.7150
3637.700	0.7523
3638.600	0.7907
3639.500	0.7927
3640.400	0.7780
3641.300	0.7577
3642.200	0.7126
3643.100	0.6860
3644.000	0.6728
3644.900	0.6716
3645.800	0.7006
3646.700	0.7020
3647.600	0.6789
3648.500	0.6859
3649.400	0.6950
3650.300	0.7027
3651.200	0.7174
3652.100	0.7430
3653.000	0.7802
3653.900	0.7933
3654.800	0.7842
3655.700	0.7845
3656.600	0.8003
3657.500	0.8117
3658.400	0.8056
3659.300	0.8057
3660.200	0.8077
3661.100	0.8042
3662.000	0.7874
3662.900	0.7689
3663.800	0.7644
3664.700	0.7820
3665.600	0.7955
3666.500	0.7825
3667.400	0.7587
3668.300	0.7325
3669.200	0.7131
3670.100	0.7359
3671.000	0.7893
3671.900	0.8264
3672.800	0.8218
3673.700	0.8018
3674.600	0.8072
3675.500	0.8043
3676.400	0.7550
3677.300	0.7130
3678.200	0.7113
3679.100	0.7190
3680.000	0.7174
3680.900	0.7199
3681.800	0.7418
3682.700	0.7615
3683.600	0.7633
3684.500	0.7443
3685.400	0.7064
3686.300	0.6895
3687.200	0.7039
3688.100	0.7270
3689.000	0.7552
3689.900	0.7778
3690.800	0.8049
3691.700	0.8342
3692.600	0.8236
3693.500	0.7934
3694.400	0.7902
3695.300	0.7995
3696.200	0.7800
3697.100	0.7655
3698.000	0.8057
3698.900	0.8690
3699.800	0.8949
3700.700	0.8801
3701.600	0.8480
3702.500	0.7717
3703.400	0.7029
3704.300	0.6737
3705.200	0.6568
3706.100	0.6633
3707.000	0.6968
3707.900	0.7259
3708.800	0.7434
3709.700	0.7478
3710.600	0.7478
3711.500	0.7529
3712.400	0.7920
3713.300	0.8701
3714.200	0.9148
3715.100	0.9123
3716.000	0.9154
3716.900	0.9244
3717.800	0.8834
3718.700	0.8017
3719.600	0.7018
3720.500	0.6212
3721.400	0.5860
3722.300	0.6277
3723.200	0.7308
3724.100	0.8259
3725.000	0.8836
3725.900	0.8736
3726.800	0.8129
3727.700	0.8082
3728.600	0.8624
3729.500	0.8782
3730.400	0.8374
3731.300	0.7790
3732.200	0.7009
3733.100	0.6087
3734.000	0.5395
3734.900	0.5405
3735.800	0.5839
3736.700	0.6362
3737.600	0.7126
3738.500	0.7885
3739.400	0.8484
3740.300	0.8969
3741.200	0.8987
3742.100	0.8479
3743.000	0.7992
3743.900	0.7742
3744.800	0.7398
3745.700	0.7097
3746.600	0.6943
3747.500	0.6387
3748.400	0.5425
3749.300	0.5002
3750.200	0.5630
3751.100	0.6759
3752.000	0.7710
3752.900	0.8488
3753.800	0.9310
3754.700	0.9905
3755.600	1.0063
3756.500	0.9410
3757.400	0.8165
3758.300	0.7493
3759.200	0.7718
3760.100	0.8202
3761.000	0.8497
3761.900	0.8658
3762.800	0.8658
3763.700	0.8556
3764.600	0.8643
3765.500	0.8655
3766.400	0.8175
3767.300	0.7841
3768.200	0.7583
3769.100	0.6942
3770.000	0.6284
3770.900	0.6426
3771.800	0.7441
3772.700	0.8418
3773.600	0.8844
3774.500	0.8990
3775.400	0.9138
3776.300	0.9304
3777.200	0.9586
3778.100	0.9702
3779.000	0.9899
3779.900	1.0360
3780.800	1.0542
3781.700	1.0484
3782.600	1.0460
3783.500	1.0703
3784.400	1.0649
3785.300	0.9924
3786.200	0.9278
3787.100	0.9306
3788.000	0.9329
3788.900	0.9016
3789.800	0.8991
3790.700	0.9223
3791.600	0.9213
3792.500	0.8815
3793.400	0.8269
3794.300	0.7928
3795.200	0.7734
3796.100	0.7211
3797.000	0.6359
3797.900	0.5927
3798.800	0.6517
3799.700	0.7707
3800.600	0.8650
3801.500	0.9161
3802.400	0.9730
3803.300	1.0261
3804.200	1.0329
3805.100	0.9954
3806.000	0.9490
3806.900	0.9389
3807.800	0.9813
3808.700	1.0394
3809.600	1.0786
3810.500	1.0945
3811.400	1.0791
3812.300	1.0131
3813.200	0.9276
3814.100	0.8654
3815.000	0.8329
3815.900	0.8569
3816.800	0.9440
3817.700	1.0090
3818.600	0.9854
3819.500	0.8859
3820.400	0.8240
3821.300	0.8800
3822.200	0.9580
3823.100	0.9506
3824.000	0.8644
3824.900	0.7896
3825.800	0.7642
3826.700	0.7498
3827.600	0.7348
3828.500	0.7357
3829.400	0.7545
3830.300	0.7547
3831.200	0.7056
3832.100	0.6287
3833.000	0.5796
3833.900	0.5460
3834.800	0.5262
3835.700	0.5540
3836.600	0.6005
3837.500	0.6199
3838.400	0.6427
3839.300	0.6833
3840.200	0.7278
3841.100	0.8093
3842.000	0.9013
3842.900	0.9577
3843.800	0.9726
3844.700	0.9791
3845.600	0.9839
3846.500	1.0148
3847.400	1.0705
3848.300	1.0835
3849.200	1.0437
3850.100	1.0161
3851.000	1.0484
3851.900	1.0924
3852.800	1.1011
3853.700	1.0711
3854.600	1.0253
3855.500	0.9797
3856.400	0.9860
3857.300	1.0077
3858.200	0.9553
3859.100	0.8782
3860.000	0.8791
3860.900	0.9815
3861.800	1.0806
3862.700	1.1140
3863.600	1.1146
3864.500	1.0980
3865.400	1.0749
3866.300	1.0691
3867.200	1.0880
3868.100	1.1151
3869.000	1.1034
3869.900	1.0592
3870.800	0.9973
3871.700	0.9219
3872.600	0.8849
3873.500	0.9287
3874.400	1.0150
3875.300	1.0666
3876.200	1.0430
3877.100	0.9586
3878.000	0.8891
3878.900	0.9232
3879.800	1.0116
3880.700	1.0299
3881.600	0.9789
3882.500	0.9286
3883.400	0.9088
3884.300	0.8921
3885.200	0.8342
3886.100	0.7533
3887.000	0.6877
3887.900	0.6312
3888.800	0.5897
3889.700	0.6266
3890.600	0.7324
3891.500	0.8232
3892.400	0.8639
3893.300	0.8747
3894.200	0.8785
3895.100	0.8910
3896.000	0.9297
3896.900	0.9705
3897.800	0.9777
3898.700	0.9677
3899.600	0.9696
3900.500	1.0063
3901.400	1.0391
3902.300	1.0180
3903.200	0.9770
3904.100	0.9488
3905.000	0.9202
3905.900	0.9200
3906.800	0.9790
3907.700	1.0416
3908.600	1.0685
3909.500	1.0712
3910.400	1.0847
3911.300	1.1148
3912.200	1.1215
3913.100	1.0825
3914.000	1.0503
3914.900	1.0501
3915.800	1.0480
3916.700	1.0258
3917.600	1.0178
3918.500	1.0035
3919.400	0.9732
3920.300	0.9555
3921.200	0.9641
3922.100	0.9847
3923.000	1.0046
3923.900	1.0105
3924.800	0.9802
3925.700	0.9212
3926.600	0.8729
3927.500	0.8024
3928.400	0.7014
3929.300	0.6143
3930.200	0.5178
3931.100	0.4139
3932.000	0.3320
3932.900	0.2851
3933.800	0.2757
3934.700	0.3047
3935.600	0.3753
3936.500	0.4776
3937.400	0.5879
3938.300	0.6987
3939.200	0.7956
3940.100	0.8573
3941.000	0.8886
3941.900	0.9001
3942.800	0.8875
3943.700	0.8708
3944.600	0.9094
3945.500	0.9979
3946.400	1.0447
3947.300	1.0118
3948.200	0.9778
3949.100	0.9920
3950.000	1.0343
3950.900	1.0584
3951.800	1.0383
3952.700	1.0139
3953.600	1.0344
3954.500	1.0517
3955.400	1.0171
3956.300	0.9804
3957.200	0.9818
3958.100	1.0190
3959.000	1.0464
3959.900	1.0106
3960.800	0.9112
3961.700	0.8194
3962.600	0.7793
3963.500	0.7614
3964.400	0.7118
3965.300	0.6096
3966.200	0.4793
3967.100	0.3628
3968.000	0.2904
3968.900	0.2783
3969.800	0.3299
3970.700	0.4348
3971.600	0.5544
3972.500	0.6510
3973.400	0.7219
3974.300	0.7880
3975.200	0.8515
3976.100	0.8967
3977.000	0.9337
3977.900	0.9787
3978.800	1.0268
3979.700	1.0712
3980.600	1.0842
3981.500	1.0543
3982.400	1.0301
3983.300	1.0384
3984.200	1.0511
3985.100	1.0541
3986.000	1.0559
3986.900	1.0679
3987.800	1.1081
3988.700	1.1454
3989.600	1.1353
3990.500	1.1261
3991.400	1.1508
3992.300	1.1639
3993.200	1.1621
3994.100	1.1449
3995.000	1.1224
3995.900	1.0927
3996.800	1.0525
3997.700	1.0524
3998.600	1.1154
3999.500	1.1632
4000.400	1.1720
4001.300	1.1778
4002.200	1.1992
4003.100	1.2005
4004.000	1.1477
4004.900	1.0513
4005.800	1.0100
4006.700	1.0670
4007.600	1.1465
4008.500	1.1852
4009.400	1.1831
4010.300	1.1801
4011.200	1.1832
4012.100	1.1699
4013.000	1.1524
4013.900	1.1527
4014.800	1.1717
4015.700	1.1839
4016.600	1.1740
4017.500	1.1623
4018.400	1.1880
4019.300	1.2357
4020.200	1.2464
4021.100	1.2217
4022.000	1.2027
4022.900	1.1976
4023.800	1.1737
4024.700	1.1570
4025.600	1.1828
4026.500	1.2278
4027.400	1.2448
4028.300	1.2291
4029.200	1.1789
4030.100	1.0984
4031.000	1.0460
4031.900	1.0438
4032.800	1.0597
4033.700	1.0806
4034.600	1.1157
4035.500	1.1597
4036.400	1.2072
4037.300	1.2467
4038.200	1.2583
4039.100	1.2401
4040.000	1.2069
4040.900	1.1905
4041.800	1.2109
4042.700	1.2179
4043.600	1.1581
4044.500	1.0500
4045.400	0.9796
4046.300	1.0361
4047.200	1.1596
4048.100	1.2181
4049.000	1.2180
4049.900	1.2262
4050.800	1.2285
4051.700	1.2011
4052.600	1.1673
4053.500	1.1437
4054.400	1.1286
4055.300	1.1263
4056.200	1.1273
4057.100	1.1032
4058.000	1.0904
4058.900	1.1235
4059.800	1.1830
4060.700	1.2146
4061.600	1.1721
4062.500	1.0818
4063.400	1.0269
4064.300	1.0656
4065.200	1.1224
4066.100	1.1279
4067.000	1.1246
4067.900	1.1607
4068.800	1.2087
4069.700	1.2063
4070.600	1.1429
4071.500	1.0898
4072.400	1.1207
4073.300	1.1819
4074.200	1.2005
4075.100	1.1774
4076.000	1.1019
4076.900	1.0143
4077.800	0.9972
4078.700	1.0549
4079.600	1.1261
4080.500	1.1794
4081.400	1.2110
4082.300	1.2014
4083.200	1.1538
4084.100	1.1117
4085.000	1.1082
4085.900	1.1303
4086.800	1.1731
4087.700	1.2154
4088.600	1.2322
4089.500	1.2201
4090.400	1.1963
4091.300	1.1712
4092.200	1.1492
4093.100	1.1474
4094.000	1.1481
4094.900	1.1177
4095.800	1.0782
4096.700	1.0458
4097.600	1.0152
4098.500	0.9737
4099.400	0.9001
4100.300	0.7811
4101.200	0.6645
4102.100	0.6540
4103.000	0.7625
4103.900	0.9029
4104.800	1.0013
4105.700	1.0503
4106.600	1.0705
4107.500	1.0731
4108.400	1.0814
4109.300	1.0923
4110.200	1.1019
4111.100	1.1232
4112.000	1.1421
4112.900	1.1537
4113.800	1.1670
4114.700	1.1934
4115.600	1.2290
4116.500	1.2407
4117.400	1.2026
4118.300	1.1458
4119.200	1.1349
4120.100	1.1647
4121.000	1.1728
4121.900	1.1618
4122.800	1.1655
4123.700	1.1876
4124.600	1.1985
4125.500	1.1842
4126.400	1.1688
4127.300	1.1585
4128.200	1.1566
4129.100	1.1688
4130.000	1.1746
4130.900	1.1501
4131.800	1.1098
4132.700	1.0940
4133.600	1.1029
4134.500	1.1280
4135.400	1.1729
4136.300	1.2066
4137.200	1.2188
4138.100	1.2372
4139.000	1.2551
4139.900	1.2647
4140.800	1.2568
4141.700	1.2112
4142.600	1.1383
4143.500	1.0988
4144.400	1.1329
4145.300	1.1917
4146.200	1.2199
4147.100	1.2223
4148.000	1.2064
4148.900	1.1861
4149.800	1.1845
4150.700	1.1953
4151.600	1.1936
4152.500	1.1804
4153.400	1.1516
4154.300	1.1194
4155.200	1.1246
4156.100	1.1349
4157.000	1.1452
4157.900	1.1742
4158.800	1.2007
4159.700	1.2106
4160.600	1.2046
4161.500	1.2088
4162.400	1.2336
4163.300	1.2483
4164.200	1.2574
4165.100	1.2601
4166.000	1.2271
4166.900	1.1835
4167.800	1.1818
4168.700	1.2127
4169.600	1.2212
4170.500	1.1770
4171.400	1.1017
4172.300	1.0482
4173.200	1.0486
4174.100	1.0869
4175.000	1.1267
4175.900	1.1485
4176.800	1.1375
4177.700	1.1270
4178.600	1.1459
4179.500	1.1849
4180.400	1.2031
4181.300	1.1764
4182.200	1.1410
4183.100	1.1364
4184.000	1.1593
4184.900	1.1895
4185.800	1.1887
4186.700	1.1419
4187.600	1.0990
4188.500	1.1297
4189.400	1.1888
4190.300	1.2021
4191.200	1.1880
4192.100	1.2058
4193.000	1.2542
4193.900	1.2584
4194.800	1.2131
4195.700	1.1756
4196.600	1.1503
4197.500	1.1125
4198.400	1.0717
4199.300	1.0806
4200.200	1.1127
4201.100	1.1226
4202.000	1.1264
4202.900	1.1451
4203.800	1.1650
4204.700	1.1714
4205.600	1.1821
4206.500	1.1960
4207.400	1.2049
4208.300	1.1981
4209.200	1.1810
4210.100	1.1803
4211.000	1.2119
4211.900	1.2531
4212.800	1.2588
4213.700	1.2278
4214.600	1.1713
4215.500	1.1184
4216.400	1.1207
4217.300	1.1647
4218.200	1.1970
4219.100	1.2049
4220.000	1.2182
4220.900	1.2349
4221.800	1.2255
4222.700	1.1943
4223.600	1.1555
4224.500	1.0955
4225.400	0.9987
4226.300	0.9204
4227.200	0.9534
4228.100	1.0812
4229.000	1.1905
4229.900	1.2376
4230.800	1.2447
4231.700	1.2201
4232.600	1.1743
4233.500	1.1490
4234.400	1.1559
4235.300	1.1385
4236.200	1.1101
4237.100	1.1151
4238.000	1.1209
4238.900	1.1118
4239.800	1.1220
4240.700	1.1646
4241.600	1.1946
4242.500	1.1899
4243.400	1.1899
4244.300	1.2089
4245.200	1.1939
4246.100	1.1427
4247.000	1.1044
4247.900	1.1070
4248.800	1.1185
4249.700	1.1038
4250.600	1.1088
4251.500	1.1655
4252.400	1.2066
4253.300	1.1873
4254.200	1.1531
4255.100	1.1561
4256.000	1.1917
4256.900	1.2149
4257.800	1.1903
4258.700	1.1318
4259.600	1.0756
4260.500	1.0585
4261.400	1.1074
4262.300	1.1874
4263.200	1.2261
4264.100	1.2132
4265.000	1.2076
4265.900	1.2175
4266.800	1.2059
4267.700	1.1798
4268.600	1.1628
4269.500	1.1408
4270.400	1.0778
4271.300	1.0141
4272.200	1.0257
4273.100	1.0680
4274.000	1.0688
4274.900	1.0769
4275.800	1.1260
4276.700	1.1756
4277.600	1.2044
4278.500	1.2044
4279.400	1.1660
4280.300	1.1373
4281.200	1.1314
4282.100	1.1366
4283.000	1.1541
4283.900	1.1627
4284.800	1.1433
4285.700	1.1158
4286.600	1.1038
4287.500	1.0942
4288.400	1.0516
4289.300	0.9874
4290.200	0.9758
4291.100	1.0429
4292.000	1.1165
4292.900	1.1440
4293.800	1.1314
4294.700	1.1136
4295.600	1.0973
4296.500	1.0684
4297.400	1.0322
4298.300	0.9753
4299.200	0.9070
4300.100	0.8816
4301.000	0.9014
4301.900	0.9241
4302.800	0.9376
4303.700	0.9584
4304.600	0.9768
4305.500	0.9829
4306.400	0.9675
4307.300	0.9212
4308.200	0.8854
4309.100	0.9012
4310.000	0.9461
4310.900	0.9873
4311.800	1.0095
4312.700	1.0169
4313.600	1.0251
4314.500	1.0529
4315.400	1.1272
4316.300	1.2060
4317.200	1.2287
4318.100	1.2193
4319.000	1.2124
4319.900	1.1955
4320.800	1.1681
4321.700	1.1583
4322.600	1.1427
4323.500	1.0827
4324.400	1.0008
4325.300	0.9512
4326.200	0.9782
4327.100	1.0693
4328.000	1.1552
4328.900	1.1855
4329.800	1.1683
4330.700	1.1484
4331.600	1.1451
4332.500	1.1468
4333.400	1.1430
4334.300	1.1372
4335.200	1.1127
4336.100	1.0482
4337.000	0.9564
4337.900	0.8655
4338.800	0.7688
4339.700	0.6685
4340.600	0.6397
4341.500	0.7278
4342.400	0.8566
4343.300	0.9362
4344.200	0.9816
4345.100	1.0339
4346.000	1.0820
4346.900	1.1111
4347.800	1.1311
4348.700	1.1522
4349.600	1.1461
4350.500	1.0833
4351.400	1.0114
4352.300	1.0127
4353.200	1.0819
4354.100	1.1401
4355.000	1.1660
4355.900	1.1887
4356.800	1.2095
4357.700	1.2000
4358.600	1.1661
4359.500	1.1475
4360.400	1.1710
4361.300	1.2082
4362.200	1.2214
4363.100	1.2298
4364.000	1.2475
4364.900	1.2574
4365.800	1.2413
4366.700	1.2016
4367.600	1.1640
4368.500	1.1520
4369.400	1.1547
4370.300	1.1639
4371.200	1.1783
4372.100	1.1917
4373.000	1.1685
4373.900	1.1112
4374.800	1.0772
4375.700	1.1088
4376.600	1.1768
4377.500	1.2152
4378.400	1.2189
4379.300	1.2142
4380.200	1.2102
4381.100	1.1947
4382.000	1.1259
4382.900	1.0100
4383.800	0.9402
4384.700	0.9808
4385.600	1.0775
4386.500	1.1375
4387.400	1.1497
4388.300	1.1458
4389.200	1.1378
4390.100	1.1296
4391.000	1.1418
4391.900	1.1756
4392.800	1.1927
4393.700	1.1605
4394.600	1.1112
4395.500	1.1166
4396.400	1.1749
4397.300	1.2183
4398.200	1.2131
4399.100	1.1652
4400.000	1.1073
4400.900	1.0997
4401.800	1.1538
4402.700	1.1867
4403.600	1.1477
4404.500	1.0950
4405.400	1.1098
4406.300	1.1566
4407.200	1.1569
4408.100	1.1350
4409.000	1.1516
4409.900	1.1908
4410.800	1.2181
4411.700	1.2381
4412.600	1.2462
4413.500	1.2094
4414.400	1.1281
4415.300	1.0824
4416.200	1.1044
4417.100	1.1375
4418.000	1.1667
4418.900	1.2063
4419.800	1.2349
4420.700	1.2339
4421.600	1.2040
4422.500	1.1744
4423.400	1.1748
4424.300	1.1892
4425.200	1.1911
4426.100	1.1870
4427.000	1.1916
4427.900	1.2036
4428.800	1.2116
4429.700	1.2012
4430.600	1.1864
4431.500	1.1940
4432.400	1.1959
4433.300	1.1719
4434.200	1.1298
4435.100	1.1009
4436.000	1.1272
4436.900	1.1892
4437.800	1.2345
4438.700	1.2532
4439.600	1.2523
4440.500	1.2216
4441.400	1.1657
4442.300	1.1106
4443.200	1.0957
4444.100	1.1339
4445.000	1.1941
4445.900	1.2195
4446.800	1.2039
4447.700	1.1973
4448.600	1.2114
4449.500	1.2095
4450.400	1.1888
4451.300	1.1897
4452.200	1.2049
4453.100	1.1844
4454.000	1.1209
4454.900	1.0658
4455.800	1.0645
4456.700	1.0998
4457.600	1.1178
4458.500	1.1195
4459.400	1.1301
4460.300	1.1298
4461.200	1.1096
4462.100	1.1132
4463.000	1.1497
4463.900	1.1749
4464.800	1.1777
4465.700	1.1823
4466.600	1.1869
4467.500	1.1695
4468.400	1.1367
4469.300	1.1222
4470.200	1.1491
4471.100	1.1923
4472.000	1.2150
4472.900	1.2300
4473.800	1.2437
4474.700	1.2331
4475.600	1.2095
4476.500	1.2148
4477.400	1.2399
4478.300	1.2415
4479.200	1.2010
4480.100	1.1338
4481.000	1.0818
4481.900	1.0843
4482.800	1.1361
4483.700	1.1945
4484.600	1.2266
4485.500	1.2406
4486.400	1.2469
4487.300	1.2299
4488.200	1.1855
4489.100	1.1442
4490.000	1.1368
4490.900	1.1590
4491.800	1.1936
4492.700	1.2085
4493.600	1.1945
4494.500	1.1754
4495.400	1.1762
4496.300	1.1874
4497.200	1.2040
4498.100	1.2130
4499.000	1.2078
4499.900	1.1946
4500.800	1.1763
4501.700	1.1848
4502.600	1.2265
4503.500	1.2582
4504.400	1.2675
4505.300	1.2664
4506.200	1.2586
4507.100	1.2382
4508.000	1.2119
4508.900	1.2086
4509.800	1.2382
4510.700	1.2563
4511.600	1.2409
4512.500	1.2181
4513.400	1.2043
4514.300	1.1957
4515.200	1.1993
4516.100	1.2103
4517.000	1.2052
4517.900	1.1967
4518.800	1.2003
4519.700	1.2068
4520.600	1.2104
4521.500	1.1929
4522.400	1.1683
4523.300	1.1735
4524.200	1.1832
4525.100	1.1678
4526.000	1.1394
4526.900	1.1129
4527.800	1.0999
4528.700	1.0948
4529.600	1.1003
4530.500	1.1178
4531.400	1.1356
4532.300	1.1270
4533.200	1.0896
4534.100	1.0616
4535.000	1.0689
4535.900	1.1130
4536.800	1.1727
4537.700	1.2179
4538.600	1.2217
4539.500	1.2057
4540.400	1.1988
4541.300	1.1966
4542.200	1.2029
4543.100	1.2046
4544.000	1.1879
4544.900	1.1709
4545.800	1.1689
4546.700	1.1714
4547.600	1.1532
4548.500	1.1073
4549.400	1.0774
4550.300	1.1056
4551.200	1.1614
4552.100	1.1808
4553.000	1.1572
4553.900	1.1262
4554.800	1.1123
4555.700	1.1234
4556.600	1.1628
4557.500	1.1925
4558.400	1.1945
4559.300	1.1974
4560.200	1.2091
4561.100	1.2222
4562.000	1.2207
4562.900	1.1892
4563.800	1.1508
4564.700	1.1436
4565.600	1.1577
4566.500	1.1741
4567.400	1.1963
4568.300	1.2142
4569.200	1.2242
4570.100	1.2037
4571.000	1.1521
4571.900	1.1282
4572.800	1.1614
4573.700	1.2038
4574.600	1.2142
4575.500	1.2025
4576.400	1.1988
4577.300	1.2041
4578.200	1.1976
4579.100	1.1763
4580.000	1.1520
4580.900	1.1369
4581.800	1.1331
4582.700	1.1301
4583.600	1.1236
4584.500	1.1334
4585.400	1.1447
4586.300	1.1539
4587.200	1.1655
4588.100	1.1697
4589.000	1.1726
4589.900	1.1713
4590.800	1.1603
4591.700	1.1438
4592.600	1.1462
4593.500	1.1697
4594.400	1.1804
4595.300	1.1709
4596.200	1.1648
4597.100	1.1722
4598.000	1.1808
4598.900	1.1834
4599.800	1.1712
4600.700	1.1545
4601.600	1.1532
4602.500	1.1630
4603.400	1.1684
4604.300	1.1698
4605.200	1.1708
4606.100	1.1803
4607.000	1.1875
4607.900	1.1950
4608.800	1.2058
4609.700	1.2080
4610.600	1.1980
4611.500	1.1800
4612.400	1.1645
4613.300	1.1664
4614.200	1.1827
4615.100	1.1851
4616.000	1.1705
4616.900	1.1580
4617.800	1.1478
4618.700	1.1330
4619.600	1.1361
4620.500	1.1596
4621.400	1.1796
4622.300	1.1936
4623.200	1.2026
4624.100	1.2005
4625.000	1.1866
4625.900	1.1800
4626.800	1.1885
4627.700	1.1884
4628.600	1.1678
4629.500	1.1538
4630.400	1.1619
4631.300	1.1674
4632.200	1.1601
4633.100	1.1542
4634.000	1.1562
4634.900	1.1594
4635.800	1.1613
4636.700	1.1568
4637.600	1.1467
4638.500	1.1468
4639.400	1.1577
4640.300	1.1706
4641.200	1.1779
4642.100	1.1787
4643.000	1.1760
4643.900	1.1730
4644.800	1.1623
4645.700	1.1372
4646.600	1.1140
4647.500	1.1114
4648.400	1.1229
4649.300	1.1436
4650.200	1.1634
4651.100	1.1655
4652.000	1.1573
4652.900	1.1525
4653.800	1.1437
4654.700	1.1328
4655.600	1.1322
4656.500	1.1377
4657.400	1.1544
4658.300	1.1792
4659.200	1.1931
4660.100	1.1946
4661.000	1.1904
4661.900	1.1827
4662.800	1.1738
4663.700	1.1668
4664.600	1.1616
4665.500	1.1377
4666.400	1.0845
4667.300	1.0460
4668.200	1.0564
4669.100	1.0948
4670.000	1.1331
4670.900	1.1572
4671.800	1.1596
4672.700	1.1512
4673.600	1.1530
4674.500	1.1662
4675.400	1.1787
4676.300	1.1835
4677.200	1.1747
4678.100	1.1499
4679.000	1.1302
4679.900	1.1301
4680.800	1.1337
4681.700	1.1366
4682.600	1.1480
4683.500	1.1695
4684.400	1.1839
4685.300	1.1815
4686.200	1.1747
4687.100	1.1717
4688.000	1.1711
4688.900	1.1668
4689.800	1.1544
4690.700	1.1449
4691.600	1.1493
4692.500	1.1672
4693.400	1.1791
4694.300	1.1802
4695.200	1.1841
4696.100	1.1862
4697.000	1.1744
4697.900	1.1495
4698.800	1.1255
4699.700	1.1180
4700.600	1.1241
4701.500	1.1102
4702.400	1.0781
4703.300	1.0741
4704.200	1.1084
4705.100	1.1446
4706.000	1.1456
4706.900	1.1185
4707.800	1.0968
4708.700	1.0896
4709.600	1.1018
4710.500	1.1318
4711.400	1.1611
4712.300	1.1700
4713.200	1.1517
4714.100	1.1294
4715.000	1.1315
4715.900	1.1558
4716.800	1.1794
4717.700	1.1829
4718.600	1.1826
4719.500	1.1907
4720.400	1.1915
4721.300	1.1823
4722.200	1.1771
4723.100	1.1859
4724.000	1.1968
4724.900	1.1944
4725.800	1.1804
4726.700	1.1554
4727.600	1.1273
4728.500	1.1140
4729.400	1.1167
4730.300	1.1207
4731.200	1.1265
4732.100	1.1397
4733.000	1.1494
4733.900	1.1572
4734.800	1.1675
4735.700	1.1538
4736.600	1.1307
4737.500	1.1432
4738.400	1.1725
4739.300	1.1782
4740.200	1.1620
4741.100	1.1475
4742.000	1.1550
4742.900	1.1704
4743.800	1.1706
4744.700	1.1589
4745.600	1.1548
4746.500	1.1612
4747.400	1.1617
4748.300	1.1598
4749.200	1.1684
4750.100	1.1703
4751.000	1.1627
4751.900	1.1530
4752.800	1.1368
4753.700	1.1266
4754.600	1.1285
4755.500	1.1299
4756.400	1.1292
4757.300	1.1389
4758.200	1.1551
4759.100	1.1678
4760.000	1.1710
4760.900	1.1536
4761.800	1.1209
4762.700	1.1027
4763.600	1.1071
4764.500	1.1037
4765.400	1.1003
4766.300	1.1134
4767.200	1.1314
4768.100	1.1470
4769.000	1.1665
4769.900	1.1716
4770.800	1.1523
4771.700	1.1379
4772.600	1.1498
4773.500	1.1727
4774.400	1.1837
4775.300	1.1837
4776.200	1.1810
4777.100	1.1856
4778.000	1.1829
4778.900	1.1679
4779.800	1.1558
4780.700	1.1625
4781.600	1.1747
4782.500	1.1608
4783.400	1.1414
4784.300	1.1474
4785.200	1.1527
4786.100	1.1388
4787.000	1.1332
4787.900	1.1363
4788.800	1.1261
4789.700	1.1269
4790.600	1.1468
4791.500	1.1596
4792.400	1.1645
4793.300	1.1733
4794.200	1.1823
4795.100	1.1869
4796.000	1.1877
4796.900	1.1815
4797.800	1.1652
4798.700	1.1458
4799.600	1.1375
4800.500	1.1387
4801.400	1.1503
4802.300	1.1615
4803.200	1.1559
4804.100	1.1393
4805.000	1.1295
4805.900	1.1315
4806.800	1.1384
4807.700	1.1417
4808.600	1.1438
4809.500	1.1444
4810.400	1.1447
4811.300	1.1469
4812.200	1.1509
4813.100	1.1574
4814.000	1.1652
4814.900	1.1712
4815.800	1.1714
4816.700	1.1616
4817.600	1.1606
4818.500	1.1708
4819.400	1.1715
4820.300	1.1644
4821.200	1.1564
4822.100	1.1307
4823.000	1.0944
4823.900	1.0764
4824.800	1.0930
4825.700	1.1261
4826.600	1.1442
4827.500	1.1431
4828.400	1.1256
4829.300	1.1075
4830.200	1.1113
4831.100	1.1194
4832.000	1.1169
4832.900	1.1181
4833.800	1.1218
4834.700	1.1162
4835.600	1.1077
4836.500	1.1152
4837.400	1.1256
4838.300	1.1131
4839.200	1.0887
4840.100	1.0753
4841.000	1.0809
4841.900	1.0956
4842.800	1.1006
4843.700	1.1006
4844.600	1.1120
4845.500	1.1177
4846.400	1.1072
4847.300	1.0898
4848.200	1.0744
4849.100	1.0706
4850.000	1.0833
4850.900	1.0906
4851.800	1.0818
4852.700	1.0670
4853.600	1.0443
4854.500	1.0037
4855.400	0.9651
4856.300	0.9577
4857.200	0.9553
4858.100	0.9185
4859.000	0.8388
4859.900	0.7217
4860.800	0.6153
4861.700	0.6069
4862.600	0.7066
4863.500	0.8207
4864.400	0.8956
4865.300	0.9434
4866.200	0.9799
4867.100	1.0096
4868.000	1.0332
4868.900	1.0434
4869.800	1.0278
4870.700	0.9938
4871.600	0.9756
4872.500	0.9951
4873.400	1.0342
4874.300	1.0671
4875.200	1.0774
4876.100	1.0719
4877.000	1.0693
4877.900	1.0763
4878.800	1.0964
4879.700	1.1184
4880.600	1.1191
4881.500	1.1070
4882.400	1.1026
4883.300	1.1058
4884.200	1.1023
4885.100	1.0876
4886.000	1.0745
4886.900	1.0718
4887.800	1.0746
4888.700	1.0725
4889.600	1.0551
4890.500	1.0240
4891.400	1.0192
4892.300	1.0636
4893.200	1.1204
4894.100	1.1504
4895.000	1.1580
4895.900	1.1581
4896.800	1.1515
4897.700	1.1477
4898.600	1.1423
4899.500	1.1280
4900.400	1.1265
4901.300	1.1361
4902.200	1.1263
4903.100	1.1034
4904.000	1.0941
4904.900	1.1053
4905.800	1.1219
4906.700	1.1249
4907.600	1.1199
4908.500	1.1087
4909.400	1.0815
4910.300	1.0576
4911.200	1.0636
4912.100	1.0904
4913.000	1.1145
4913.900	1.1330
4914.800	1.1442
4915.700	1.1418
4916.600	1.1211
4917.500	1.0829
4918.400	1.0381
4919.300	1.0085
4920.200	1.0068
4921.100	1.0351
4922.000	1.0672
4922.900	1.0716
4923.800	1.0577
4924.700	1.0641
4925.600	1.0995
4926.500	1.1312
4927.400	1.1376
4928.300	1.1388
4929.200	1.1479
4930.100	1.1477
4931.000	1.1371
4931.900	1.1159
4932.800	1.0783
4933.700	1.0486
4934.600	1.0598
4935.500	1.0934
4936.400	1.1042
4937.300	1.0784
4938.200	1.0428
4939.100	1.0415
4940.000	1.0810
4940.900	1.1230
4941.800	1.1387
4942.700	1.1435
4943.600	1.1497
4944.500	1.1411
4945.400	1.1164
4946.300	1.1031
4947.200	1.1178
4948.100	1.1364
4949.000	1.1384
4949.900	1.1326
4950.800	1.1342
4951.700	1.1341
4952.600	1.1243
4953.500	1.1197
4954.400	1.1279
4955.300	1.1261
4956.200	1.0801
4957.100	1.0158
4958.000	1.0099
4958.900	1.0711
4959.800	1.1268
4960.700	1.1432
4961.600	1.1423
4962.500	1.1441
4963.400	1.1459
4964.300	1.1346
4965.200	1.1104
4966.100	1.0996
4967.000	1.1037
4967.900	1.1049
4968.800	1.1077
4969.700	1.1151
4970.600	1.1164
4971.500	1.1113
4972.400	1.1134
4973.300	1.1242
4974.200	1.1331
4975.100	1.1336
4976.000	1.1321
4976.900	1.1272
4977.800	1.1105
4978.700	1.0968
4979.600	1.0941
4980.500	1.0836
4981.400	1.0478
4982.300	1.0034
4983.200	0.9812
4984.100	0.9909
4985.000	1.0221
4985.900	1.0654
4986.800	1.1117
4987.700	1.1356
4988.600	1.1317
4989.500	1.1121
4990.400	1.0885
4991.300	1.0832
4992.200	1.0986
4993.100	1.1050
4994.000	1.1017
4994.900	1.1071
4995.800	1.1140
4996.700	1.1178
4997.600	1.1184
4998.500	1.1033
4999.400	1.0766
5000.300	1.0575
5001.200	1.0499
5002.100	1.0561
5003.000	1.0715
5003.900	1.0760
5004.800	1.0518
5005.700	1.0159
5006.600	1.0096
5007.500	1.0426
5008.400	1.0819
5009.300	1.0991
5010.200	1.0939
5011.100	1.0697
5012.000	1.0367
5012.900	1.0151
5013.800	1.0110
5014.700	1.0258
5015.600	1.0471
5016.500	1.0427
5017.400	1.0139
5018.300	0.9986
5019.200	1.0236
5020.100	1.0646
5021.000	1.0777
5021.900	1.0664
5022.800	1.0641
5023.700	1.0784
5024.600	1.0871
5025.500	1.0853
5026.400	1.0739
5027.300	1.0622
5028.200	1.0671
5029.100	1.0769
5030.000	1.0791
5030.900	1.0788
5031.800	1.0924
5032.700	1.1172
5033.600	1.1238
5034.500	1.0955
5035.400	1.0587
5036.300	1.0511
5037.200	1.0686
5038.100	1.0701
5039.000	1.0478
5039.900	1.0139
5040.800	0.9778
5041.700	0.9772
5042.600	1.0253
5043.500	1.0730
5044.400	1.0955
5045.300	1.1085
5046.200	1.1161
5047.100	1.1099
5048.000	1.0856
5048.900	1.0598
5049.800	1.0440
5050.700	1.0358
5051.600	1.0361
5052.500	1.0541
5053.400	1.0816
5054.300	1.1009
5055.200	1.1098
5056.100	1.1036
5057.000	1.0946
5057.900	1.0979
5058.800	1.1073
5059.700	1.1113
5060.600	1.1115
5061.500	1.1136
5062.400	1.1108
5063.300	1.0912
5064.200	1.0604
5065.100	1.0458
5066.000	1.0558
5066.900	1.0647
5067.800	1.0613
5068.700	1.0616
5069.600	1.0755
5070.500	1.0842
5071.400	1.0740
5072.300	1.0623
5073.200	1.0624
5074.100	1.0627
5075.000	1.0592
5075.900	1.0661
5076.800	1.0777
5077.700	1.0671
5078.600	1.0247
5079.500	0.9832
5080.400	0.9816
5081.300	1.0058
5082.200	1.0258
5083.100	1.0324
5084.000	1.0411
5084.900	1.0582
5085.800	1.0717
5086.700	1.0727
5087.600	1.0694
5088.500	1.0744
5089.400	1.0757
5090.300	1.0709
5091.200	1.0763
5092.100	1.0906
5093.000	1.1008
5093.900	1.0970
5094.800	1.0837
5095.700	1.0683
5096.600	1.0460
5097.500	1.0188
5098.400	0.9962
5099.300	0.9952
5100.200	1.0241
5101.100	1.0668
5102.000	1.0928
5102.900	1.0936
5103.800	1.0809
5104.700	1.0705
5105.600	1.0634
5106.500	1.0475
5107.400	1.0315
5108.300	1.0346
5109.200	1.0388
5110.100	1.0339
5111.000	1.0480
5111.900	1.0722
5112.800	1.0837
5113.700	1.0857
5114.600	1.0796
5115.500	1.0723
5116.400	1.0782
5117.300	1.0914
5118.200	1.0991
5119.100	1.1009
5120.000	1.0923
5120.900	1.0739
5121.800	1.0547
5122.700	1.0381
5123.600	1.0261
5124.500	1.0197
5125.400	1.0203
5126.300	1.0272
5127.200	1.0359
5128.100	1.0403
5129.000	1.0376
5129.900	1.0395
5130.800	1.0467
5131.700	1.0466
5132.600	1.0404
5133.500	1.0408
5134.400	1.0516
5135.300	1.0597
5136.200	1.0477
5137.100	1.0254
5138.000	1.0072
5138.900	0.9895
5139.800	0.9968
5140.700	1.0219
5141.600	1.0151
5142.500	0.9965
5143.400	1.0149
5144.300	1.0499
5145.200	1.0567
5146.100	1.0398
5147.000	1.0213
5147.900	1.0189
5148.800	1.0342
5149.700	1.0428
5150.600	1.0341
5151.500	1.0271
5152.400	1.0290
5153.300	1.0236
5154.200	1.0179
5155.100	1.0281
5156.000	1.0447
5156.900	1.0589
5157.800	1.0659
5158.700	1.0677
5159.600	1.0699
5160.500	1.0678
5161.400	1.0503
5162.300	1.0324
5163.200	1.0348
5164.100	1.0401
5165.000	1.0162
5165.900	0.9506
5166.800	0.8727
5167.700	0.8334
5168.600	0.8574
5169.500	0.9218
5170.400	0.9590
5171.300	0.9179
5172.200	0.8537
5173.100	0.8624
5174.000	0.9465
5174.900	1.0260
5175.800	1.0542
5176.700	1.0568
5177.600	1.0663
5178.500	1.0711
5179.400	1.0644
5180.300	1.0528
5181.200	1.0252
5182.100	0.9514
5183.000	0.8481
5183.900	0.8153
5184.800	0.8882
5185.700	0.9826
5186.600	1.0301
5187.500	1.0252
5188.400	1.0028
5189.300	1.0087
5190.200	1.0195
5191.100	0.9910
5192.000	0.9597
5192.900	0.9716
5193.800	0.9994
5194.700	0.9990
5195.600	0.9865
5196.500	0.9893
5197.400	1.0006
5198.300	1.0167
5199.200	1.0406
5200.100	1.0517
5201.000	1.0402
5201.900	1.0290
5202.800	1.0348
5203.700	1.0269
5204.600	0.9897
5205.500	0.9638
5206.400	0.9743
5207.300	0.9869
5208.200	0.9767
5209.100	0.9776
5210.000	1.0059
5210.900	1.0385
5211.800	1.0605
5212.700	1.0663
5213.600	1.0564
5214.500	1.0287
5215.400	0.9985
5216.300	0.9924
5217.200	1.0063
5218.100	1.0304
5219.000	1.0573
5219.900	1.0717
5220.800	1.0747
5221.700	1.0771
5222.600	1.0772
5223.500	1.0627
5224.400	1.0309
5225.300	0.9844
5226.200	0.9333
5227.100	0.9173
5228.000	0.9573
5228.900	1.0085
5229.800	1.0302
5230.700	1.0357
5231.600	1.0230
5232.500	0.9904
5233.400	0.9715
5234.300	0.9779
5235.200	0.9940
5236.100	1.0138
5237.000	1.0302
5237.900	1.0475
5238.800	1.0584
5239.700	1.0576
5240.600	1.0565
5241.500	1.0505
5242.400	1.0353
5243.300	1.0330
5244.200	1.0521
5245.100	1.0666
5246.000	1.0577
5246.900	1.0371
5247.800	1.0327
5248.700	1.0376
5249.600	1.0266
5250.500	1.0139
5251.400	1.0209
5252.300	1.0337
5253.200	1.0281
5254.100	1.0146
5255.000	1.0131
5255.900	1.0248
5256.800	1.0377
5257.700	1.0509
5258.600	1.0633
5259.500	1.0628
5260.400	1.0396
5261.300	0.9969
5262.200	0.9613
5263.100	0.9462
5264.000	0.9351
5264.900	0.9189
5265.800	0.9152
5266.700	0.9433
5267.600	0.9763
5268.500	0.9553
5269.400	0.9007
5270.300	0.9016
5271.200	0.9581
5272.100	0.9917
5273.000	0.9876
5273.900	0.9785
5274.800	0.9634
5275.700	0.9574
5276.600	0.9853
5277.500	1.0251
5278.400	1.0427
5279.300	1.0375
5280.200	1.0233
5281.100	1.0108
5282.000	0.9956
5282.900	0.9754
5283.800	0.9639
5284.700	0.9832
5285.600	1.0263
5286.500	1.0517
5287.400	1.0540
5288.300	1.0516
5289.200	1.0554
5290.100	1.0604
5291.000	1.0599
5291.900	1.0531
5292.800	1.0445
5293.700	1.0432
5294.600	1.0407
5295.500	1.0276
5296.400	0.9993
5297.300	0.9707
5298.200	0.9673
5299.100	0.9929
5300.000	1.0171
5300.900	1.0125
5301.800	0.9988
5302.700	1.0038
5303.600	1.0224
5304.500	1.0343
5305.400	1.0308
5306.300	1.0188
5307.200	1.0165
5308.100	1.0236
5309.000	1.0287
5309.900	1.0283
5310.800	1.0279
5311.700	1.0270
5312.600	1.0221
5313.500	1.0203
5314.400	1.0204
5315.300	1.0029
5316.200	0.9759
5317.100	0.9761
5318.000	1.0017
5318.900	1.0207
5319.800	1.0236
5320.700	1.0224
5321.600	1.0203
5322.500	1.0065
5323.400	0.9815
5324.300	0.9686
5325.200	0.9748
5326.100	0.9746
5327.000	0.9389
5327.900	0.8886
5328.800	0.8896
5329.700	0.9450
5330.600	0.9919
5331.500	1.0011
5332.400	0.9939
5333.300	0.9943
5334.200	1.0045
5335.100	1.0088
5336.000	0.9999
5336.900	0.9919
5337.800	0.9938
5338.700	0.9895
5339.600	0.9688
5340.500	0.9556
5341.400	0.9665
5342.300	0.9876
5343.200	1.0054
5344.100	1.0093
5345.000	1.0024
5345.900	0.9965
5346.800	0.9943
5347.700	0.9870
5348.600	0.9768
5349.500	0.9802
5350.400	1.0006
5351.300	1.0197
5352.200	1.0246
5353.100	1.0180
5354.000	1.0182
5354.900	1.0267
5355.800	1.0324
5356.700	1.0341
5357.600	1.0346
5358.500	1.0358
5359.400	1.0382
5360.300	1.0359
5361.200	1.0245
5362.100	1.0069
5363.000	0.9894
5363.900	0.9794
5364.800	0.9781
5365.700	0.9858
5366.600	0.9909
5367.500	0.9838
5368.400	0.9740
5369.300	0.9594
5370.200	0.9435
5371.100	0.9343
5372.000	0.9453
5372.900	0.9761
5373.800	1.0026
5374.700	1.0136
5375.600	1.0150
5376.500	1.0155
5377.400	1.0161
5378.300	1.0108
5379.200	0.9998
5380.100	0.9891
5381.000	0.9833
5381.900	0.9792
5382.800	0.9729
5383.700	0.9780
5384.600	0.9997
5385.500	1.0144
5386.400	1.0171
5387.300	1.0137
5388.200	1.0078
5389.100	0.9970
5390.000	0.9868
5390.900	0.9825
5391.800	0.9761
5392.700	0.9706
5393.600	0.9754
5394.500	0.9871
5395.400	0.9903
5396.300	0.9696
5397.200	0.9481
5398.100	0.9559
5399.000	0.9774
5399.900	0.9888
5400.800	0.9915
5401.700	0.9940
5402.600	0.9863
5403.500	0.9581
5404.400	0.9257
5405.300	0.9161
5406.200	0.9352
5407.100	0.9662
5408.000	0.9783
5408.900	0.9635
5409.800	0.9434
5410.700	0.9441
5411.600	0.9709
5412.500	0.9963
5413.400	0.9954
5414.300	0.9759
5415.200	0.9651
5416.100	0.9766
5417.000	0.9958
5417.900	1.0032
5418.800	1.0000
5419.700	0.9939
5420.600	0.9885
5421.500	0.9914
5422.400	0.9873
5423.300	0.9656
5424.200	0.9508
5425.100	0.9643
5426.000	0.9937
5426.900	1.0149
5427.800	1.0096
5428.700	0.9759
5429.600	0.9469
5430.500	0.9542
5431.400	0.9792
5432.300	0.9873
5433.200	0.9750
5434.100	0.9596
5435.000	0.9587
5435.900	0.9747
5436.800	0.9962
5437.700	1.0122
5438.600	1.0199
5439.500	1.0205
5440.400	1.0176
5441.300	1.0139
5442.200	1.0128
5443.100	1.0093
5444.000	0.9899
5444.900	0.9601
5445.800	0.9343
5446.700	0.9287
5447.600	0.9492
5448.500	0.9802
5449.400	1.0012
5450.300	1.0072
5451.200	1.0022
5452.100	0.9959
5453.000	0.9924
5453.900	0.9736
5454.800	0.9379
5455.700	0.9249
5456.600	0.9545
5457.500	0.9932
5458.400	1.0080
5459.300	1.0061
5460.200	1.0009
5461.100	0.9889
5462.000	0.9654
5462.900	0.9451
5463.800	0.9466
5464.700	0.9663
5465.600	0.9771
5466.500	0.9762
5467.400	0.9802
5468.300	0.9869
5469.200	0.9878
5470.100	0.9890
5471.000	0.9917
5471.900	0.9869
5472.800	0.9745
5473.700	0.9671
5474.600	0.9621
5475.500	0.9400
5476.400	0.9135
5477.300	0.9173
5478.200	0.9491
5479.100	0.9713
5480.000	0.9692
5480.900	0.9614
5481.800	0.9650
5482.700	0.9767
5483.600	0.9882
5484.500	0.9926
5485.400	0.9871
5486.300	0.9753
5487.200	0.9639
5488.100	0.9641
5489.000	0.9780
5489.900	0.9881
5490.800	0.9882
5491.700	0.9876
5492.600	0.9869
5493.500	0.9831
5494.400	0.9817
5495.300	0.9817
5496.200	0.9736
5497.100	0.9632
5498.000	0.9657
5498.900	0.9758
5499.800	0.9780
5500.700	0.9660
5501.600	0.9476
5502.500	0.9445
5503.400	0.9593
5504.300	0.9726
5505.200	0.9691
5506.100	0.9556
5507.000	0.9510
5507.900	0.9617
5508.800	0.9714
5509.700	0.9733
5510.600	0.9696
5511.500	0.9601
5512.400	0.9516
5513.300	0.9539
5514.200	0.9634
5515.100	0.9724
5516.000	0.9789
5516.900	0.9846
5517.800	0.9877
5518.700	0.9867
5519.600	0.9840
5520.500	0.9810
5521.400	0.9788
5522.300	0.9797
5523.200	0.9801
5524.100	0.9753
5525.000	0.9664
5525.900	0.9527
5526.800	0.9306
5527.700	0.9110
5528.600	0.9090
5529.500	0.9336
5530.400	0.9665
5531.300	0.9810
5532.200	0.9755
5533.100	0.9639
5534.000	0.9544
5534.900	0.9484
5535.800	0.9567
5536.700	0.9702
5537.600	0.9718
5538.500	0.9695
5539.400	0.9743
5540.300	0.9811
5541.200	0.9800
5542.100	0.9712
5543.000	0.9631
5543.900	0.9594
5544.800	0.9601
5545.700	0.9629
5546.600	0.9653
5547.500	0.9702
5548.400	0.9746
5549.300	0.9759
5550.200	0.9771
5551.100	0.9756
5552.000	0.9691
5552.900	0.9634
5553.800	0.9512
5554.700	0.9402
5555.600	0.9446
5556.500	0.9538
5557.400	0.9563
5558.300	0.9578
5559.200	0.9618
5560.100	0.9639
5561.000	0.9639
5561.900	0.9542
5562.800	0.9407
5563.700	0.9395
5564.600	0.9434
5565.500	0.9430
5566.400	0.9441
5567.300	0.9422
5568.200	0.9304
5569.100	0.9264
5570.000	0.9403
5570.900	0.9501
5571.800	0.9392
5572.700	0.9255
5573.600	0.9315
5574.500	0.9498
5575.400	0.9528
5576.300	0.9402
5577.200	0.9389
5578.100	0.9510
5579.000	0.9606
5579.900	0.9631
5580.800	0.9577
5581.700	0.9480
5582.600	0.9406
5583.500	0.9422
5584.400	0.9492
5585.300	0.9393
5586.200	0.9115
5587.100	0.8899
5588.000	0.8911
5588.900	0.9036
5589.800	0.9147
5590.700	0.9287
5591.600	0.9420
5592.500	0.9407
5593.400	0.9212
5594.300	0.9063
5595.200	0.9136
5596.100	0.9328
5597.000	0.9426
5597.900	0.9317
5598.800	0.9183
5599.700	0.9246
5600.600	0.9361
5601.500	0.9259
5602.400	0.9059
5603.300	0.9060
5604.200	0.9294
5605.100	0.9517
5606.000	0.9654
5606.900	0.9712
5607.800	0.9712
5608.700	0.9702
5609.600	0.9640
5610.500	0.9590
5611.400	0.9599
5612.300	0.9593
5613.200	0.9515
5614.100	0.9302
5615.000	0.8990
5615.900	0.8816
5616.800	0.8959
5617.700	0.9214
5618.600	0.9357
5619.500	0.9415
5620.400	0.9464
5621.300	0.9466
5622.200	0.9397
5623.100	0.9275
5624.000	0.9124
5624.900	0.9070
5625.800	0.9224
5626.700	0.9466
5627.600	0.9620
5628.500	0.9658
5629.400	0.9611
5630.300	0.9519
5631.200	0.9453
5632.100	0.9454
5633.000	0.9474
5633.900	0.9430
5634.800	0.9355
5635.700	0.9365
5636.600	0.9358
5637.500	0.9316
5638.400	0.9342
5639.300	0.9391
5640.200	0.9345
5641.100	0.9257
5642.000	0.9282
5642.900	0.9355
5643.800	0.9388
5644.700	0.9463
5645.600	0.9566
5646.500	0.9612
5647.400	0.9608
5648.300	0.9576
5649.200	0.9553
5650.100	0.9527
5651.000	0.9476
5651.900	0.9480
5652.800	0.9520
5653.700	0.9477
5654.600	0.9299
5655.500	0.9145
5656.400	0.9115
5657.300	0.9012
5658.200	0.8829
5659.100	0.8859
5660.000	0.9145
5660.900	0.9322
5661.800	0.9256
5662.700	0.9186
5663.600	0.9256
5664.500	0.9373
5665.400	0.9392
5666.300	0.9258
5667.200	0.9118
5668.100	0.9119
5669.000	0.9260
5669.900	0.9435
5670.800	0.9546
5671.700	0.9543
5672.600	0.9519
5673.500	0.9530
5674.400	0.9502
5675.300	0.9425
5676.200	0.9349
5677.100	0.9351
5678.000	0.9387
5678.900	0.9362
5679.800	0.9299
5680.700	0.9233
5681.600	0.9132
5682.500	0.9057
5683.400	0.9042
5684.300	0.9057
5685.200	0.9116
5686.100	0.9132
5687.000	0.9075
5687.900	0.9015
5688.800	0.9018
5689.700	0.9109
5690.600	0.9195
5691.500	0.9235
5692.400	0.9292
5693.300	0.9394
5694.200	0.9456
5695.100	0.9418
5696.000	0.9342
5696.900	0.9337
5697.800	0.9363
5698.700	0.9347
5699.600	0.9301
5700.500	0.9255
5701.400	0.9197
5702.300	0.9167
5703.200	0.9202
5704.100	0.9259
5705.000	0.9229
5705.900	0.9127
5706.800	0.9076
5707.700	0.9043
5708.600	0.8926
5709.500	0.8788
5710.400	0.8782
5711.300	0.8880
5712.200	0.9041
5713.100	0.9211
5714.000	0.9318
5714.900	0.9360
5715.800	0.9396
5716.700	0.9413
5717.600	0.9358
5718.500	0.9322
5719.400	0.9342
5720.300	0.9396
5721.200	0.9435
5722.100	0.9416
5723.000	0.9399
5723.900	0.9406
5724.800	0.9398
5725.700	0.9341
5726.600	0.9315
5727.500	0.9338
5728.400	0.9367
5729.300	0.9368
5730.200	0.9330
5731.100	0.9293
5732.000	0.9312
5732.900	0.9338
5733.800	0.9337
5734.700	0.9378
5735.600	0.9423
5736.500	0.9409
5737.400	0.9385
5738.300	0.9385
5739.200	0.9363
5740.100	0.9316
5741.000	0.9307
5741.900	0.9363
5742.800	0.9412
5743.700	0.9427
5744.600	0.9395
5745.500	0.9346
5746.400	0.9323
5747.300	0.9326
5748.200	0.9329
5749.100	0.9313
5750.000	0.9302
5750.900	0.9262
5751.800	0.9146
5752.700	0.8987
5753.600	0.8881
5754.500	0.8896
5755.400	0.8994
5756.300	0.9119
5757.200	0.9269
5758.100	0.9393
5759.000	0.9394
5759.900	0.9299
5760.800	0.9187
5761.700	0.9132
5762.600	0.9100
5763.500	0.9096
5764.400	0.9139
5765.300	0.9214
5766.200	0.9315
5767.100	0.9383
5768.000	0.9411
5768.900	0.9373
5769.800	0.9295
5770.700	0.9251
5771.600	0.9235
5772.500	0.9197
5773.400	0.9151
5774.300	0.9148
5775.200	0.9174
5776.100	0.9210
5777.000	0.9252
5777.900	0.9288
5778.800	0.9270
5779.700	0.9186
5780.600	0.9089
5781.500	0.9026
5782.400	0.8990
5783.300	0.8983
5784.200	0.8982
5785.100	0.8983
5786.000	0.9001
5786.900	0.9042
5787.800	0.9112
5788.700	0.9205
5789.600	0.9240
5790.500	0.9191
5791.400	0.9100
5792.300	0.9012
5793.200	0.8995
5794.100	0.9069
5795.000	0.9172
5795.900	0.9174
5796.800	0.9112
5797.700	0.9087
5798.600	0.9097
5799.500	0.9127
5800.400	0.9135
5801.300	0.9120
5802.200	0.9093
5803.100	0.9068
5804.000	0.9044
5804.900	0.9048
5805.800	0.9058
5806.700	0.9047
5807.600	0.9052
5808.500	0.9067
5809.400	0.9120
5810.300	0.9191
5811.200	0.9223
5812.100	0.9213
5813.000	0.9189
5813.900	0.9180
5814.800	0.9123
5815.700	0.9027
5816.600	0.9002
5817.500	0.9052
5818.400	0.9093
5819.300	0.9135
5820.200	0.9184
5821.100	0.9187
5822.000	0.9184
5822.900	0.9192
5823.800	0.9156
5824.700	0.9080
5825.600	0.9001
5826.500	0.9006
5827.400	0.9097
5828.300	0.9170
5829.200	0.9155
5830.100	0.9097
5831.000	0.9088
5831.900	0.9125
5832.800	0.9133
5833.700	0.9079
5834.600	0.9062
5835.500	0.9073
5836.400	0.9087
5837.300	0.9121
5838.200	0.9174
5839.100	0.9188
5840.000	0.9158
5840.900	0.9151
5841.800	0.9142
5842.700	0.9141
5843.600	0.9161
5844.500	0.9145
5845.400	0.9100
5846.300	0.9073
5847.200	0.9006
5848.100	0.8955
5849.000	0.9029
5849.900	0.9109
5850.800	0.9087
5851.700	0.9003
5852.600	0.8898
5853.500	0.8792
5854.400	0.8764
5855.300	0.8839
5856.200	0.8827
5857.100	0.8691
5858.000	0.8636
5858.900	0.8710
5859.800	0.8827
5860.700	0.8902
5861.600	0.8873
5862.500	0.8801
5863.400	0.8776
5864.300	0.8834
5865.200	0.8958
5866.100	0.9055
5867.000	0.9074
5867.900	0.9035
5868.800	0.8915
5869.700	0.8844
5870.600	0.8919
5871.500	0.9031
5872.400	0.9039
5873.300	0.8975
5874.200	0.8989
5875.100	0.8994
5876.000	0.8906
5876.900	0.8838
5877.800	0.8872
5878.700	0.8933
5879.600	0.8952
5880.500	0.8900
5881.400	0.8845
5882.300	0.8856
5883.200	0.8852
5884.100	0.8819
5885.000	0.8833
5885.900	0.8846
5886.800	0.8753
5887.700	0.8596
5888.600	0.8341
5889.500	0.7943
5890.400	0.7753
5891.300	0.8034
5892.200	0.8477
5893.100	0.8645
5894.000	0.8547
5894.900	0.8286
5895.800	0.8018
5896.700	0.8057
5897.600	0.8438
5898.500	0.8793
5899.400	0.8890
5900.300	0.8881
5901.200	0.8897
5902.100	0.8881
5903.000	0.8893
5903.900	0.8939
5904.800	0.8911
5905.700	0.8837
5906.600	0.8826
5907.500	0.8905
5908.400	0.8938
5909.300	0.8902
5910.200	0.8847
5911.100	0.8828
5912.000	0.8834
5912.900	0.8801
5913.800	0.8724
5914.700	0.8704
5915.600	0.8765
5916.500	0.8825
5917.400	0.8869
5918.300	0.8868
5919.200	0.8862
5920.100	0.8901
5921.000	0.8910
5921.900	0.8872
5922.800	0.8873
5923.700	0.8906
5924.600	0.8864
5925.500	0.8831
5926.400	0.8838
5927.300	0.8857
5928.200	0.8853
5929.100	0.8752
5930.000	0.8601
5930.900	0.8580
5931.800	0.8705
5932.700	0.8799
5933.600	0.8810
5934.500	0.8751
5935.400	0.8681
5936.300	0.8722
5937.200	0.8845
5938.100	0.8863
5939.000	0.8815
5939.900	0.8835
5940.800	0.8872
5941.700	0.8830
5942.600	0.8775
5943.500	0.8785
5944.400	0.8838
5945.300	0.8865
5946.200	0.8860
5947.100	0.8806
5948.000	0.8711
5948.900	0.8658
5949.800	0.8701
5950.700	0.8779
5951.600	0.8768
5952.500	0.8716
5953.400	0.8723
5954.300	0.8764
5955.200	0.8789
5956.100	0.8790
5957.000	0.8809
5957.900	0.8824
5958.800	0.8810
5959.700	0.8784
5960.600	0.8798
5961.500	0.8841
5962.400	0.8846
5963.300	0.8809
5964.200	0.8792
5965.100	0.8785
5966.000	0.8735
5966.900	0.8725
5967.800	0.8785
5968.700	0.8862
5969.600	0.8896
5970.500	0.8887
5971.400	0.8823
5972.300	0.8741
5973.200	0.8734
5974.100	0.8776
5975.000	0.8761
5975.900	0.8692
5976.800	0.8616
5977.700	0.8591
5978.600	0.8653
5979.500	0.8775
5980.400	0.8862
5981.300	0.8882
5982.200	0.8844
5983.100	0.8715
5984.000	0.8566
5984.900	0.8511
5985.800	0.8546
5986.700	0.8583
5987.600	0.8600
5988.500	0.8663
5989.400	0.8778
5990.300	0.8839
5991.200	0.8766
5992.100	0.8637
5993.000	0.8600
5993.900	0.8657
5994.800	0.8681
5995.700	0.8656
5996.600	0.8620
5997.500	0.8604
5998.400	0.8641
5999.300	0.8684
6000.200	0.8709
6001.100	0.8687
6002.000	0.8591
6002.900	0.8455
6003.800	0.8410
6004.700	0.8512
6005.600	0.8664
6006.500	0.8732
6007.400	0.8631
6008.300	0.8482
6009.200	0.8471
6010.100	0.8567
6011.000	0.8638
6011.900	0.8637
6012.800	0.8595
6013.700	0.8538
6014.600	0.8514
6015.500	0.8561
6016.400	0.8573
6017.300	0.8563
6018.200	0.8578
6019.100	0.8553
6020.000	0.8470
6020.900	0.8421
6021.800	0.8457
6022.700	0.8500
6023.600	0.8460
6024.500	0.8433
6025.400	0.8531
6026.300	0.8616
6027.200	0.8582
6028.100	0.8545
6029.000	0.8582
6029.900	0.8623
6030.800	0.8640
6031.700	0.8675
6032.600	0.8707
6033.500	0.8690
6034.400	0.8634
6035.300	0.8624
6036.200	0.8653
6037.100	0.8662
6038.000	0.8644
6038.900	0.8657
6039.800	0.8723
6040.700	0.8734
6041.600	0.8653
6042.500	0.8601
6043.400	0.8626
6044.300	0.8624
6045.200	0.8574
6046.100	0.8541
6047.000	0.8579
6047.900	0.8651
6048.800	0.8672
6049.700	0.8647
6050.600	0.8617
6051.500	0.8609
6052.400	0.8596
6053.300	0.8565
6054.200	0.8545
6055.100	0.8564
6056.000	0.8592
6056.900	0.8597
6057.800	0.8605
6058.700	0.8657
6059.600	0.8722
6060.500	0.8738
6061.400	0.8706
6062.300	0.8655
6063.200	0.8607
6064.100	0.8525
6065.000	0.8429
6065.900	0.8420
6066.800	0.8526
6067.700	0.8627
6068.600	0.8671
6069.500	0.8686
6070.400	0.8696
6071.300	0.8696
6072.200	0.8668
6073.100	0.8629
6074.000	0.8606
6074.900	0.8619
6075.800	0.8616
6076.700	0.8566
6077.600	0.8499
6078.500	0.8454
6079.400	0.8444
6080.300	0.8514
6081.200	0.8621
6082.100	0.8646
6083.000	0.8590
6083.900	0.8506
6084.800	0.8469
6085.700	0.8494
6086.600	0.8535
6087.500	0.8575
6088.400	0.8596
6089.300	0.8610
6090.200	0.8609
6091.100	0.8550
6092.000	0.8457
6092.900	0.8469
6093.800	0.8594
6094.700	0.8684
6095.600	0.8648
6096.500	0.8564
6097.400	0.8503
6098.300	0.8481
6099.200	0.8457
6100.100	0.8419
6101.000	0.8346
6101.900	0.8177
6102.800	0.7996
6103.700	0.8060
6104.600	0.8322
6105.500	0.8484
6106.400	0.8508
6107.300	0.8475
6108.200	0.8430
6109.100	0.8414
6110.000	0.8451
6110.900	0.8482
6111.800	0.8469
6112.700	0.8432
6113.600	0.8392
6114.500	0.8377
6115.400	0.8374
6116.300	0.8365
6117.200	0.8357
6118.100	0.8359
6119.000	0.8366
6119.900	0.8342
6120.800	0.8267
6121.700	0.8174
6122.600	0.8119
6123.500	0.8150
6124.400	0.8253
6125.300	0.8358
6126.200	0.8414
6127.100	0.8384
6128.000	0.8359
6128.900	0.8407
6129.800	0.8472
6130.700	0.8496
6131.600	0.8475
6132.500	0.8422
6133.400	0.8375
6134.300	0.8369
6135.200	0.8365
6136.100	0.8223
6137.000	0.7973
6137.900	0.7892
6138.800	0.8094
6139.700	0.8339
6140.600	0.8347
6141.500	0.8181
6142.400	0.8089
6143.300	0.8180
6144.200	0.8349
6145.100	0.8466
6146.000	0.8495
6146.900	0.8451
6147.800	0.8390
6148.700	0.8341
6149.600	0.8317
6150.500	0.8356
6151.400	0.8443
6152.300	0.8499
6153.200	0.8479
6154.100	0.8402
6155.000	0.8355
6155.900	0.8390
6156.800	0.8406
6157.700	0.8345
6158.600	0.8261
6159.500	0.8243
6160.400	0.8205
6161.300	0.8065
6162.200	0.7941
6163.100	0.7955
6164.000	0.8077
6164.900	0.8171
6165.800	0.8196
6166.700	0.8194
6167.600	0.8195
6168.500	0.8159
6169.400	0.8039
6170.300	0.7934
6171.200	0.7997
6172.100	0.8162
6173.000	0.8281
6173.900	0.8299
6174.800	0.8265
6175.700	0.8209
6176.600	0.8191
6177.500	0.8251
6178.400	0.8339
6179.300	0.8374
6180.200	0.8352
6181.100	0.8334
6182.000	0.8357
6182.900	0.8423
6183.800	0.8484
6184.700	0.8501
6185.600	0.8444
6186.500	0.8340
6187.400	0.8283
6188.300	0.8308
6189.200	0.8342
6190.100	0.8285
6191.000	0.8180
6191.900	0.8116
6192.800	0.8151
6193.700	0.8250
6194.600	0.8312
6195.500	0.8331
6196.400	0.8331
6197.300	0.8344
6198.200	0.8391
6199.100	0.8406
6200.000	0.8341
6200.900	0.8271
6201.800	0.8276
6202.700	0.8312
6203.600	0.8282
6204.500	0.8227
6205.400	0.8242
6206.300	0.8302
6207.200	0.8314
6208.100	0.8281
6209.000	0.8260
6209.900	0.8243
6210.800	0.8216
6211.700	0.8228
6212.600	0.8248
6213.500	0.8192
6214.400	0.8123
6215.300	0.8126
6216.200	0.8210
6217.100	0.8284
6218.000	0.8257
6218.900	0.8146
6219.800	0.8072
6220.700	0.8137
6221.600	0.8246
6222.500	0.8255
6223.400	0.8229
6224.300	0.8268
6225.200	0.8275
6226.100	0.8217
6227.000	0.8217
6227.900	0.8277
6228.800	0.8254
6229.700	0.8080
6230.600	0.7869
6231.500	0.7766
6232.400	0.7842
6233.300	0.8029
6234.200	0.8217
6235.100	0.8300
6236.000	0.8247
6236.900	0.8105
6237.800	0.7985
6238.700	0.7967
6239.600	0.8014
6240.500	0.8100
6241.400	0.8191
6242.300	0.8215
6243.200	0.8141
6244.100	0.8027
6245.000	0.7956
6245.900	0.7923
6246.800	0.7929
6247.700	0.7992
6248.600	0.8053
6249.500	0.8130
6250.400	0.8188
6251.300	0.8132
6252.200	0.7968
6253.100	0.7858
6254.000	0.7863
6254.900	0.7922
6255.800	0.7995
6256.700	0.8037
6257.600	0.8061
6258.500	0.8092
6259.400	0.8158
6260.300	0.8242
6261.200	0.8268
6262.100	0.8224
6263.000	0.8160
6263.900	0.8110
6264.800	0.8066
6265.700	0.8055
6266.600	0.8075
6267.500	0.8107
6268.400	0.8149
6269.300	0.8175
6270.200	0.8119
6271.100	0.8044
6272.000	0.8069
6272.900	0.8126
6273.800	0.8180
6274.700	0.8230
6275.600	0.8217
6276.500	0.8185
6277.400	0.8176
6278.300	0.8130
6279.200	0.8086
6280.100	0.8141
6281.000	0.8247
6281.900	0.8263
6282.800	0.8147
6283.700	0.8084
6284.600	0.8134
6285.500	0.8188
6286.400	0.8228
6287.300	0.8246
6288.200	0.8230
6289.100	0.8175
6290.000	0.8126
6290.900	0.8140
6291.800	0.8154
6292.700	0.8108
6293.600	0.8039
6294.500	0.8032
6295.400	0.8088
6296.300	0.8131
6297.200	0.8125
6298.100	0.8042
6299.000	0.7962
6299.900	0.7938
6300.800	0.7924
6301.700	0.7875
6302.600	0.7871
6303.500	0.7974
6304.400	0.8067
6305.300	0.8093
6306.200	0.8101
6307.100	0.8114
6308.000	0.8071
6308.900	0.7999
6309.800	0.7985
6310.700	0.8003
6311.600	0.7998
6312.500	0.7981
6313.400	0.7944
6314.300	0.7862
6315.200	0.7837
6316.100	0.7905
6317.000	0.7955
6317.900	0.7909
6318.800	0.7802
6319.700	0.7824
6320.600	0.7918
6321.500	0.7951
6322.400	0.7889
6323.300	0.7858
6324.200	0.7920
6325.100	0.7984
6326.000	0.7998
6326.900	0.8011
6327.800	0.8040
6328.700	0.8062
6329.600	0.8035
6330.500	0.7964
6331.400	0.7923
6332.300	0.7951
6333.200	0.7952
6334.100	0.7890
6335.000	0.7799
6335.900	0.7739
6336.800	0.7748
6337.700	0.7797
6338.600	0.7825
6339.500	0.7806
6340.400	0.7833
6341.300	0.7930
6342.200	0.8022
6343.100	0.7984
6344.000	0.7846
6344.900	0.7781
6345.800	0.7804
6346.700	0.7796
6347.600	0.7791
6348.500	0.7846
6349.400	0.7871
6350.300	0.7873
6351.200	0.7886
6352.100	0.7875
6353.000	0.7851
6353.900	0.7845
6354.800	0.7848
6355.700	0.7841
6356.600	0.7869
6357.500	0.7863
6358.400	0.7792
6359.300	0.7760
6360.200	0.7791
6361.100	0.7790
6362.000	0.7745
6362.900	0.7724
6363.800	0.7757
6364.700	0.7820
6365.600	0.7867
6366.500	0.7856
6367.400	0.7818
6368.300	0.7798
6369.200	0.7788
6370.100	0.7751
6371.000	0.7698
6371.900	0.7712
6372.800	0.7808
6373.700	0.7923
6374.600	0.7966
6375.500	0.7933
6376.400	0.7866
6377.300	0.7845
6378.200	0.7904
6379.100	0.7949
6380.000	0.7922
6380.900	0.7887
6381.800	0.7917
6382.700	0.7947
6383.600	0.7917
6384.500	0.7842
6385.400	0.7789
6386.300	0.7845
6387.200	0.7965
6388.100	0.8012
6389.000	0.7959
6389.900	0.7893
6390.800	0.7849
6391.700	0.7851
6392.600	0.7814
6393.500	0.7681
6394.400	0.7585
6395.300	0.7645
6396.200	0.7783
6397.100	0.7857
6398.000	0.7862
6398.900	0.7770
6399.800	0.7621
6400.700	0.7607
6401.600	0.7771
6402.500	0.7920
6403.400	0.7960
6404.300	0.7930
6405.200	0.7879
6406.100	0.7788
6407.000	0.7681
6407.900	0.7618
6408.800	0.7642
6409.700	0.7728
6410.600	0.7753
6411.500	0.7671
6412.400	0.7656
6413.300	0.7755
6414.200	0.7778
6415.100	0.7717
6416.000	0.7695
6416.900	0.7704
6417.800	0.7702
6418.700	0.7721
6419.600	0.7743
6420.500	0.7712
6421.400	0.7661
6422.300	0.7681
6423.200	0.7793
6424.100	0.7886
6425.000	0.7930
6425.900	0.7912
6426.800	0.7832
6427.700	0.7784
6428.600	0.7774
6429.500	0.7730
6430.400	0.7646
6431.300	0.7610
6432.200	0.7641
6433.100	0.7691
6434.000	0.7709
6434.900	0.7717
6435.800	0.7761
6436.700	0.7816
6437.600	0.7785
6438.500	0.7635
6439.400	0.7543
6440.300	0.7621
6441.200	0.7731
6442.100	0.7802
6443.000	0.7874
6443.900	0.7863
6444.800	0.7790
6445.700	0.7796
6446.600	0.7872
6447.500	0.7924
6448.400	0.7929
6449.300	0.7824
6450.200	0.7686
6451.100	0.7689
6452.000	0.7792
6452.900	0.7858
6453.800	0.7868
6454.700	0.7821
6455.600	0.7708
6456.500	0.7579
6457.400	0.7537
6458.300	0.7618
6459.200	0.7686
6460.100	0.7662
6461.000	0.7613
6461.900	0.7536
6462.800	0.7427
6463.700	0.7406
6464.600	0.7554
6465.500	0.7719
6466.400	0.7791
6467.300	0.7805
6468.200	0.7791
6469.100	0.7744
6470.000	0.7707
6470.900	0.7693
6471.800	0.7684
6472.700	0.7723
6473.600	0.7787
6474.500	0.7812
6475.400	0.7784
6476.300	0.7751
6477.200	0.7763
6478.100	0.7784
6479.000	0.7781
6479.900	0.7751
6480.800	0.7715
6481.700	0.7672
6482.600	0.7635
6483.500	0.7615
6484.400	0.7630
6485.300	0.7688
6486.200	0.7750
6487.100	0.7762
6488.000	0.7717
6488.900	0.7666
6489.800	0.7624
6490.700	0.7537
6491.600	0.7415
6492.500	0.7298
6493.400	0.7156
6494.300	0.7038
6495.200	0.7024
6496.100	0.7077
6497.000	0.7165
6497.900	0.7313
6498.800	0.7446
6499.700	0.7494
6500.600	0.7519
6501.500	0.7579
6502.400	0.7632
6503.300	0.7666
6504.200	0.7687
6505.100	0.7685
6506.000	0.7679
6506.900	0.7648
6507.800	0.7634
6508.700	0.7686
6509.600	0.7737
6510.500	0.7759
6511.400	0.7786
6512.300	0.7770
6513.200	0.7673
6514.100	0.7560
6515.000	0.7463
6515.900	0.7427
6516.800	0.7460
6517.700	0.7485
6518.600	0.7495
6519.500	0.7538
6520.400	0.7568
6521.300	0.7558
6522.200	0.7588
6523.100	0.7633
6524.000	0.7593
6524.900	0.7549
6525.800	0.7591
6526.700	0.7633
6527.600	0.7591
6528.500	0.7516
6529.400	0.7508
6530.300	0.7559
6531.200	0.7586
6532.100	0.7552
6533.000	0.7506
6533.900	0.7442
6534.800	0.7372
6535.700	0.7372
6536.600	0.7435
6537.500	0.7494
6538.400	0.7491
6539.300	0.7445
6540.200	0.7411
6541.100	0.7404
6542.000	0.7372
6542.900	0.7307
6543.800	0.7265
6544.700	0.7256
6545.600	0.7235
6546.500	0.7198
6547.400	0.7191
6548.300	0.7227
6549.200	0.7278
6550.100	0.7260
6551.000	0.7166
6551.900	0.7086
6552.800	0.7031
6553.700	0.6969
6554.600	0.6907
6555.500	0.6864
6556.400	0.6807
6557.300	0.6733
6558.200	0.6623
6559.100	0.6415
6560.000	0.6081
6560.900	0.5604
6561.800	0.4931
6562.700	0.4274
6563.600	0.4161
6564.500	0.4755
6565.400	0.5531
6566.300	0.6041
6567.200	0.6338
6568.100	0.6549
6569.000	0.6683
6569.900	0.6757
6570.800	0.6826
6571.700	0.6900
6572.600	0.6982
6573.500	0.7054
6574.400	0.7090
6575.300	0.7121
6576.200	0.7180
6577.100	0.7226
6578.000	0.7274
6578.900	0.7332
6579.800	0.7341
6580.700	0.7328
6581.600	0.7335
6582.500	0.7357
6583.400	0.7374
6584.300	0.7367
6585.200	0.7353
6586.100	0.7323
6587.000	0.7300
6587.900	0.7325
6588.800	0.7400
6589.700	0.7441
6590.600	0.7388
6591.500	0.7256
6592.400	0.7129
6593.300	0.7076
6594.200	0.7140
6595.100	0.7307
6596.000	0.7451
6596.900	0.7489
6597.800	0.7441
6598.700	0.7398
6599.600	0.7415
6600.500	0.7459
6601.400	0.7470
6602.300	0.7456
6603.200	0.7440
6604.100	0.7426
6605.000	0.7397
6605.900	0.7375
6606.800	0.7384
6607.700	0.7384
6608.600	0.7370
6609.500	0.7387
6610.400	0.7422
6611.300	0.7475
6612.200	0.7526
6613.100	0.7503
6614.000	0.7446
6614.900	0.7444
6615.800	0.7452
6616.700	0.7400
6617.600	0.7337
6618.500	0.7331
6619.400	0.7363
6620.300	0.7402
6621.200	0.7420
6622.100	0.7404
6623.000	0.7384
6623.900	0.7419
6624.800	0.7474
6625.700	0.7472
6626.600	0.7413
6627.500	0.7344
6628.400	0.7317
6629.300	0.7333
6630.200	0.7327
6631.100	0.7278
6632.000	0.7241
6632.900	0.7207
6633.800	0.7182
6634.700	0.7213
6635.600	0.7260
6636.500	0.7268
6637.400	0.7270
6638.300	0.7295
6639.200	0.7340
6640.100	0.7350
6641.000	0.7348
6641.900	0.7350
6642.800	0.7318
6643.700	0.7259
6644.600	0.7252
6645.500	0.7335
6646.400	0.7407
6647.300	0.7423
6648.200	0.7411
6649.100	0.7374
6650.000	0.7348
6650.900	0.7343
6651.800	0.7322
6652.700	0.7282
6653.600	0.7268
6654.500	0.7301
6655.400	0.7358
6656.300	0.7382
6657.200	0.7389
6658.100	0.7369
6659.000	0.7293
6659.900	0.7214
6660.800	0.7202
6661.700	0.7222
6662.600	0.7191
6663.500	0.7157
6664.400	0.7190
6665.300	0.7272
6666.200	0.7325
6667.100	0.7315
6668.000	0.7259
6668.900	0.7224
6669.800	0.7244
6670.700	0.7277
6671.600	0.7292
6672.500	0.7275
6673.400	0.7250
6674.300	0.7254
6675.200	0.7258
6676.100	0.7233
6677.000	0.7185
6677.900	0.7125
6678.800	0.7113
6679.700	0.7165
6680.600	0.7259
6681.500	0.7326
6682.400	0.7337
6683.300	0.7315
6684.200	0.7274
6685.100	0.7248
6686.000	0.7249
6686.900	0.7246
6687.800	0.7234
6688.700	0.7224
6689.600	0.7212
6690.500	0.7235
6691.400	0.7282
6692.300	0.7288
6693.200	0.7256
6694.100	0.7193
6695.000	0.7160
6695.900	0.7188
6696.800	0.7222
6697.700	0.7221
6698.600	0.7217
6699.500	0.7232
6700.400	0.7278
6701.300	0.7325
6702.200	0.7317
6703.100	0.7222
6704.000	0.7079
6704.900	0.7019
6705.800	0.7083
6706.700	0.7179
6707.600	0.7212
6708.500	0.7202
6709.400	0.7214
6710.300	0.7256
6711.200	0.7277
6712.100	0.7202
6713.000	0.7117
6713.900	0.7118
6714.800	0.7155
6715.700	0.7138
6716.600	0.7055
6717.500	0.6968
6718.400	0.6957
6719.300	0.7019
6720.200	0.7089
6721.100	0.7110
6722.000	0.7114
6722.900	0.7127
6723.800	0.7158
6724.700	0.7210
6725.600	0.7254
6726.500	0.7261
6727.400	0.7229
6728.300	0.7189
6729.200	0.7188
6730.100	0.7215
6731.000	0.7229
6731.900	0.7238
6732.800	0.7230
6733.700	0.7210
6734.600	0.7207
6735.500	0.7163
6736.400	0.7054
6737.300	0.6998
6738.200	0.7072
6739.100	0.7146
6740.000	0.7137
6740.900	0.7136
6741.800	0.7169
6742.700	0.7172
6743.600	0.7147
6744.500	0.7124
6745.400	0.7093
6746.300	0.7058
6747.200	0.7042
6748.100	0.7037
6749.000	0.7029
6749.900	0.7035
6750.800	0.7091
6751.700	0.7155
6752.600	0.7167
6753.500	0.7163
6754.400	0.7190
6755.300	0.7200
6756.200	0.7169
6757.100	0.7100
6758.000	0.7030
6758.900	0.7019
6759.800	0.7061
6760.700	0.7068
6761.600	0.7027
6762.500	0.7014
6763.400	0.7082
6764.300	0.7137
6765.200	0.7120
6766.100	0.7072
6767.000	0.7045
6767.900	0.7042
6768.800	0.7023
6769.700	0.6991
6770.600	0.6976
6771.500	0.6998
6772.400	0.7023
6773.300	0.7076
6774.200	0.7154
6775.100	0.7192
6776.000	0.7205
6776.900	0.7222
6777.800	0.7188
6778.700	0.7136
6779.600	0.7127
6780.500	0.7116
6781.400	0.7093
6782.300	0.7095
6783.200	0.7101
6784.100	0.7102
6785.000	0.7103
6785.900	0.7084
6786.800	0.7075
6787.700	0.7108
6788.600	0.7128
6789.500	0.7125
6790.400	0.7098
6791.300	0.7062
6792.200	0.7046
6793.100	0.7041
6794.000	0.7028
6794.900	0.6992
6795.800	0.6966
6796.700	0.6992
6797.600	0.7022
6798.500	0.7027
6799.400	0.7039
6800.300	0.7068
6801.200	0.7083
6802.100	0.7057
6803.000	0.7043
6803.900	0.7059
6804.800	0.7090
6805.700	0.7100
6806.600	0.7080
6807.500	0.7053
6808.400	0.7044
6809.300	0.7039
6810.200	0.7040
6811.100	0.7050
6812.000	0.7034
6812.900	0.6998
6813.800	0.6967
6814.700	0.6958
6815.600	0.6978
6816.500	0.7018
6817.400	0.7052
6818.300	0.7052
6819.200	0.7038
6820.100	0.7020
6821.000	0.7001
6821.900	0.6995
6822.800	0.7037
6823.700	0.7081
6824.600	0.7075
6825.500	0.7069
6826.400	0.7087
6827.300	0.7084
6828.200	0.7027
6829.100	0.7000
6830.000	0.7035
6830.900	0.7047
6831.800	0.7033
6832.700	0.7056
6833.600	0.7068
6834.500	0.7028
6835.400	0.6975
6836.300	0.6952
6837.200	0.6928
6838.100	0.6902
6839.000	0.6885
6839.900	0.6863
6840.800	0.6803
6841.700	0.6750
6842.600	0.6763
6843.500	0.6839
6844.400	0.6927
6845.300	0.6967
6846.200	0.6985
6847.100	0.7013
6848.000	0.7048
6848.900	0.7071
6849.800	0.7074
6850.700	0.7041
6851.600	0.6980
6852.500	0.6964
6853.400	0.6992
6854.300	0.6969
6855.200	0.6881
6856.100	0.6846
6857.000	0.6883
6857.900	0.6891
6858.800	0.6869
6859.700	0.6875
6860.600	0.6903
6861.500	0.6919
6862.400	0.6955
6863.300	0.7020
6864.200	0.7033
6865.100	0.6947
6866.000	0.6875
6866.900	0.6882
6867.800	0.6889
6868.700	0.6901
6869.600	0.6963
6870.500	0.6988
6871.400	0.6934
6872.300	0.6891
6873.200	0.6916
6874.100	0.6942
6875.000	0.6963
6875.900	0.7005
6876.800	0.6995
6877.700	0.6945
6878.600	0.6910
6879.500	0.6906
6880.400	0.6886
6881.300	0.6851
6882.200	0.6844
6883.100	0.6841
6884.000	0.6857
6884.900	0.6928
6885.800	0.6966
6886.700	0.6915
6887.600	0.6887
6888.500	0.6929
6889.400	0.6959
6890.300	0.6943
6891.200	0.6933
6892.100	0.6918
6893.000	0.6866
6893.900	0.6843
6894.800	0.6875
6895.700	0.6900
6896.600	0.6839
6897.500	0.6802
6898.400	0.6874
6899.300	0.6964
6900.200	0.6937
6901.100	0.6838
6902.000	0.6801
6902.900	0.6831
6903.800	0.6864
6904.700	0.6819
6905.600	0.6730
6906.500	0.6693
6907.400	0.6722
6908.300	0.6778
6909.200	0.6850
6910.100	0.6891
6911.000	0.6867
6911.900	0.6832
6912.800	0.6863
6913.700	0.6888
6914.600	0.6845
6915.500	0.6797
6916.400	0.6838
6917.300	0.6919
6918.200	0.6913
6919.100	0.6860
6920.000	0.6873
6920.900	0.6923
6921.800	0.6957
6922.700	0.6990
6923.600	0.6993
6924.500	0.6914
6925.400	0.6821
6926.300	0.6814
6927.200	0.6883
6928.100	0.6909
6929.000	0.6868
6929.900	0.6826
6930.800	0.6850
6931.700	0.6884
6932.600	0.6863
6933.500	0.6836
6934.400	0.6831
6935.300	0.6826
6936.200	0.6833
6937.100	0.6884
6938.000	0.6917
6938.900	0.6930
6939.800	0.6967
6940.700	0.6977
6941.600	0.6924
6942.500	0.6862
6943.400	0.6810
6944.300	0.6747
6945.200	0.6716
6946.100	0.6755
6947.000	0.6827
6947.900	0.6864
6948.800	0.6856
6949.700	0.6830
6950.600	0.6773
6951.500	0.6717
6952.400	0.6721
6953.300	0.6737
6954.200	0.6798
6955.100	0.6903
6956.000	0.6916
6956.900	0.6849
6957.800	0.6846
6958.700	0.6888
6959.600	0.6901
6960.500	0.6893
6961.400	0.6866
6962.300	0.6869
6963.200	0.6878
6964.100	0.6825
6965.000	0.6754
6965.900	0.6738
6966.800	0.6763
6967.700	0.6775
6968.600	0.6757
6969.500	0.6738
6970.400	0.6798
6971.300	0.6889
6972.200	0.6916
6973.100	0.6880
6974.000	0.6830
6974.900	0.6740
6975.800	0.6626
6976.700	0.6568
6977.600	0.6551
6978.500	0.6538
6979.400	0.6539
6980.300	0.6601
6981.200	0.6693
6982.100	0.6723
6983.000	0.6728
6983.900	0.6755
6984.800	0.6792
6985.700	0.6818
6986.600	0.6828
6987.500	0.6811
6988.400	0.6803
6989.300	0.6827
6990.200	0.6843
6991.100	0.6793
6992.000	0.6734
6992.900	0.6755
6993.800	0.6813
6994.700	0.6817
6995.600	0.6781
6996.500	0.6752
6997.400	0.6766
6998.300	0.6814
6999.200	0.6824
7000.100	0.6771
7001.000	0.6720
7001.900	0.6701
7002.800	0.6685
7003.700	0.6697
7004.600	0.6711
7005.500	0.6696
7006.400	0.6677
7007.300	0.6695
7008.200	0.6725
7009.100	0.6730
7010.000	0.6738
7010.900	0.6756
7011.800	0.6754
7012.700	0.6691
7013.600	0.6633
7014.500	0.6666
7015.400	0.6691
7016.300	0.6615
7017.200	0.6527
7018.100	0.6510
7019.000	0.6537
7019.900	0.6614
7020.800	0.6690
7021.700	0.6710
7022.600	0.6684
7023.500	0.6660
7024.400	0.6648
7025.300	0.6646
7026.200	0.6659
7027.100	0.6681
7028.000	0.6733
7028.900	0.6750
7029.800	0.6716
7030.700	0.6705
7031.600	0.6713
7032.500	0.6688
7033.400	0.6647
7034.300	0.6620
7035.200	0.6649
7036.100	0.6706
7037.000	0.6715
7037.900	0.6635
7038.800	0.6555
7039.700	0.6582
7040.600	0.6704
7041.500	0.6758
7042.400	0.6692
7043.300	0.6642
7044.200	0.6626
7045.100	0.6599
7046.000	0.6606
7046.900	0.6665
7047.800	0.6700
7048.700	0.6678
7049.600	0.6655
7050.500	0.6680
7051.400	0.6717
7052.300	0.6705
7053.200	0.6669
7054.100	0.6652
7055.000	0.6658
7055.900	0.6642
7056.800	0.6610
7057.700	0.6596
7058.600	0.6604
7059.500	0.6637
7060.400	0.6652
7061.300	0.6666
7062.200	0.6722
7063.100	0.6800
7064.000	0.6838
7064.900	0.6818
7065.800	0.6771
7066.700	0.6734
7067.600	0.6684
7068.500	0.6612
7069.400	0.6557
7070.300	0.6573
7071.200	0.6615
7072.100	0.6648
7073.000	0.6688
7073.900	0.6738
7074.800	0.6758
7075.700	0.6725
7076.600	0.6678
7077.500	0.6675
7078.400	0.6719
7079.300	0.6706
7080.200	0.6627
7081.100	0.6592
7082.000	0.6632
7082.900	0.6662
7083.800	0.6633
7084.700	0.6573
7085.600	0.6549
7086.500	0.6600
7087.400	0.6642
7088.300	0.6620
7089.200	0.6555
7090.100	0.6480
7091.000	0.6437
7091.900	0.6429
7092.800	0.6447
7093.700	0.6484
7094.600	0.6546
7095.500	0.6610
7096.400	0.6663
7097.300	0.6683
7098.200	0.6659
7099.100	0.6594
7100.000	0.6540
7100.900	0.6543
7101.800	0.6579
7102.700	0.6603
7103.600	0.6571
7104.500	0.6516
7105.400	0.6490
7106.300	0.6491
7107.200	0.6494
7108.100	0.6489
7109.000	0.6491
7109.900	0.6504
7110.800	0.6488
7111.700	0.6449
7112.600	0.6434
7113.500	0.6476
7114.400	0.6546
7115.300	0.6576
7116.200	0.6536
7117.100	0.6474
7118.000	0.6442
7118.900	0.6457
7119.800	0.6501
7120.700	0.6512
7121.600	0.6486
7122.500	0.6490
7123.400	0.6540
7124.300	0.6578
7125.200	0.6549
7126.100	0.6500
7127.000	0.6486
7127.900	0.6544
7128.800	0.6624
7129.700	0.6621
7130.600	0.6519
7131.500	0.6451
7132.400	0.6452
7133.300	0.6463
7134.200	0.6494
7135.100	0.6558
7136.000	0.6629
7136.900	0.6646
7137.800	0.6605
7138.700	0.6565
7139.600	0.6560
7140.500	0.6573
7141.400	0.6567
7142.300	0.6534
7143.200	0.6504
7144.100	0.6489
7145.000	0.6454
7145.900	0.6417
7146.800	0.6402
7147.700	0.6394
7148.600	0.6395
7149.500	0.6401
7150.400	0.6408
7151.300	0.6449
7152.200	0.6508
7153.100	0.6521
7154.000	0.6464
7154.900	0.6384
7155.800	0.6397
7156.700	0.6522
7157.600	0.6631
7158.500	0.6643
7159.400	0.6595
7160.300	0.6531
7161.200	0.6486
7162.100	0.6472
7163.000	0.6470
7163.900	0.6431
7164.800	0.6353
7165.700	0.6300
7166.600	0.6333
7167.500	0.6441
7168.400	0.6534
7169.300	0.6553
7170.200	0.6506
7171.100	0.6470
7172.000	0.6508
7172.900	0.6586
7173.800	0.6623
7174.700	0.6610
7175.600	0.6550
7176.500	0.6490
7177.400	0.6488
7178.300	0.6504
7179.200	0.6524
7180.100	0.6544
7181.000	0.6507
7181.900	0.6426
7182.800	0.6388
7183.700	0.6409
7184.600	0.6435
7185.500	0.6411
7186.400	0.6350
7187.300	0.6296
7188.200	0.6281
7189.100	0.6275
7190.000	0.6306
7190.900	0.6375
7191.800	0.6430
7192.700	0.6451
7193.600	0.6422
7194.500	0.6396
7195.400	0.6386
7196.300	0.6356
7197.200	0.6321
7198.100	0.6334
7199.000	0.6365
7199.900	0.6372
7200.800	0.6353
7201.700	0.6274
7202.600	0.6183
7203.500	0.6172
7204.400	0.6231
7205.300	0.6276
7206.200	0.6266
7207.100	0.6206
7208.000	0.6159
7208.900	0.6194
7209.800	0.6280
7210.700	0.6357
7211.600	0.6370
7212.500	0.6353
7213.400	0.6334
7214.300	0.6313
7215.200	0.6302
7216.100	0.6339
7217.000	0.6419
7217.900	0.6407
7218.800	0.6301
7219.700	0.6226
7220.600	0.6246
7221.500	0.6324
7222.400	0.6368
7223.300	0.6355
7224.200	0.6363
7225.100	0.6403
7226.000	0.6404
7226.900	0.6371
7227.800	0.6408
7228.700	0.6463
7229.600	0.6455
7230.500	0.6424
7231.400	0.6402
7232.300	0.6364
7233.200	0.6361
7234.100	0.6415
7235.000	0.6423
7235.900	0.6359
7236.800	0.6325
7237.700	0.6342
7238.600	0.6339
7239.500	0.6343
7240.400	0.6366
7241.300	0.6355
7242.200	0.6349
7243.100	0.6373
7244.000	0.6385
7244.900	0.6374
7245.800	0.6395
7246.700	0.6420
7247.600	0.6385
7248.500	0.6314
7249.400	0.6274
7250.300	0.6242
7251.200	0.6183
7252.100	0.6209
7253.000	0.6274
7253.900	0.6265
7254.800	0.6240
7255.700	0.6272
7256.600	0.6325
7257.500	0.6367
7258.400	0.6403
7259.300	0.6412
7260.200	0.6401
7261.100	0.6339
7262.000	0.6275
7262.900	0.6271
7263.800	0.6311
7264.700	0.6366
7265.600	0.6405
7266.500	0.6430
7267.400	0.6454
7268.300	0.6477
7269.200	0.6499
7270.100	0.6461
7271.000	0.6355
7271.900	0.6283
7272.800	0.6304
7273.700	0.6339
7274.600	0.6292
7275.500	0.6222
7276.400	0.6228
7277.300	0.6299
7278.200	0.6323
7279.100	0.6287
7280.000	0.6266
7280.900	0.6279
7281.800	0.6255
7282.700	0.6170
7283.600	0.6108
7284.500	0.6092
7285.400	0.6097
7286.300	0.6112
7287.200	0.6126
7288.100	0.6076
7289.000	0.5994
7289.900	0.5965
7290.800	0.6024
7291.700	0.6103
7292.600	0.6133
7293.500	0.6139
7294.400	0.6156
7295.300	0.6235
7296.200	0.6320
7297.100	0.6313
7298.000	0.6270
7298.900	0.6268
7299.800	0.6300
7300.700	0.6316
7301.600	0.6345
7302.500	0.6394
7303.400	0.6443
7304.300	0.6464
7305.200	0.6431
7306.100	0.6336
7307.000	0.6266
7307.900	0.6290
7308.800	0.6333
7309.700	0.6299
7310.600	0.6232
7311.500	0.6217
7312.400	0.6249
7313.300	0.6275
7314.200	0.6289
7315.100	0.6308
7316.000	0.6315
7316.900	0.6316
7317.800	0.6328
7318.700	0.6355
7319.600	0.6352
7320.500	0.6293
7321.400	0.6217
7322.300	0.6210
7323.200	0.6270
7324.100	0.6312
7325.000	0.6286
7325.900	0.6219
7326.800	0.6178
7327.700	0.6179
7328.600	0.6174
7329.500	0.6125
7330.400	0.6093
7331.300	0.6138
7332.200	0.6225
7333.100	0.6309
7334.000	0.6380
7334.900	0.6404
7335.800	0.6357
7336.700	0.6318
7337.600	0.6308
7338.500	0.6297
7339.400	0.6283
7340.300	0.6258
7341.200	0.6202
7342.100	0.6166
7343.000	0.6223
7343.900	0.6294
7344.800	0.6258
7345.700	0.6191
7346.600	0.6202
7347.500	0.6265
7348.400	0.6306
7349.300	0.6301
7350.200	0.6267
7351.100	0.6209
7352.000	0.6172
7352.900	0.6191
7353.800	0.6227
7354.700	0.6212
7355.600	0.6162
7356.500	0.6130
7357.400	0.6148
7358.300	0.6193
7359.200	0.6203
7360.100	0.6194
7361.000	0.6208
7361.900	0.6203
7362.800	0.6164
7363.700	0.6147
7364.600	0.6185
7365.500	0.6230
7366.400	0.6224
7367.300	0.6225
7368.200	0.6258
7369.100	0.6231
7370.000	0.6178
7370.900	0.6165
7371.800	0.6184
7372.700	0.6184
7373.600	0.6139
7374.500	0.6088
7375.400	0.6077
7376.300	0.6141
7377.200	0.6197
7378.100	0.6187
7379.000	0.6171
7379.900	0.6178
7380.800	0.6129
7381.700	0.6032
7382.600	0.5982
7383.500	0.5993
7384.400	0.5984
7385.300	0.5942
7386.200	0.5897
7387.100	0.5887
7388.000	0.5882
7388.900	0.5812
7389.800	0.5726
7390.700	0.5753
7391.600	0.5872
7392.500	0.5918
7393.400	0.5861
7394.300	0.5816
7395.200	0.5851
7396.100	0.5919
7397.000	0.5958
7397.900	0.5960
7398.800	0.5946
7399.700	0.5946
7400.600	0.5986
7401.500	0.6048
7402.400	0.6083
7403.300	0.6061
7404.200	0.6000
7405.100	0.5944
7406.000	0.5908
7406.900	0.5891
7407.800	0.5864
7408.700	0.5807
7409.600	0.5796
7410.500	0.5898
7411.400	0.5581
7412.300	0.3025
7413.200	0.0353
7414.100	-0.0057
7415.000	-0.0001
7415.900	0.0000
7416.800	0.0000
7417.700	0.0000
7418.600	0.0000
7419.500	0.0000
7420.400	0.0000
7421.300	0.0000
7422.200	0.0000
7423.100	0.0000
7424.000	0.0000
7424.900	0.0000
7425.800	0.0000
7426.700	0.0000
7427.600	0.0000
7428.500	0.0000
