3500.000	0.0000
3500.900	0.0000
3501.800	0.0000
3502.700	0.0000
3503.600	0.0000
3504.500	0.0000
3505.400	0.0000
3506.300	0.0000
3507.200	0.0000
3508.100	0.0000
3509.000	0.0000
3509.900	0.0000
3510.800	0.0000
3511.700	0.0000
3512.600	0.0000
3513.500	0.0000
3514.400	0.0000
3515.300	0.0000
3516.200	0.0000
3517.100	0.0000
3518.000	0.0000
3518.900	0.0000
3519.800	0.0000
3520.700	0.0000
3521.600	0.0000
3522.500	0.0000
3523.400	0.0000
3524.300	0.0000
3525.200	0.0000
3526.100	0.0000
3527.000	0.0000
3527.900	0.0000
3528.800	0.0000
3529.700	0.0000
3530.600	0.0000
3531.500	0.0000
3532.400	0.0000
3533.300	0.0000
3534.200	0.0000
3535.100	0.0712
3536.000	0.7309
3536.900	0.8024
3537.800	0.8094
3538.700	0.8303
3539.600	0.8513
3540.500	0.8403
3541.400	0.8090
3542.300	0.8026
3543.200	0.8164
3544.100	0.8329
3545.000	0.8349
3545.900	0.8417
3546.800	0.8561
3547.700	0.8536
3548.600	0.8470
3549.500	0.8569
3550.400	0.8676
3551.300	0.8662
3552.200	0.8536
3553.100	0.8313
3554.000	0.8093
3554.900	0.8048
3555.800	0.8239
3556.700	0.8431
3557.600	0.8471
3558.500	0.8463
3559.400	0.8436
3560.300	0.8313
3561.200	0.8250
3562.100	0.8478
3563.000	0.8800
3563.900	0.8716
3564.800	0.8051
3565.700	0.7335
3566.600	0.7260
3567.500	0.7641
3568.400	0.7674
3569.300	0.7242
3570.200	0.6941
3571.100	0.7213
3572.000	0.7506
3572.900	0.7568
3573.800	0.7536
3574.700	0.7536
3575.600	0.7680
3576.500	0.7905
3577.400	0.8113
3578.300	0.8227
3579.200	0.8104
3580.100	0.7553
3581.000	0.6993
3581.900	0.7146
3582.800	0.7607
3583.700	0.7519
3584.600	0.6916
3585.500	0.6494
3586.400	0.6535
3587.300	0.6769
3588.200	0.7022
3589.100	0.7208
3590.000	0.7526
3590.900	0.7951
3591.800	0.8197
3592.700	0.8123
3593.600	0.8029
3594.500	0.8066
3595.400	0.8140
3596.300	0.8270
3597.200	0.8399
3598.100	0.8330
3599.000	0.8248
3599.900	0.8298
3600.800	0.8154
3601.700	0.7776
3602.600	0.7450
3603.500	0.7349
3604.400	0.7328
3605.300	0.7298
3606.200	0.7493
3607.100	0.7676
3608.000	0.7485
3608.900	0.7224
3609.800	0.7299
3610.700	0.7593
3611.600	0.7750
3612.500	0.7507
3613.400	0.7260
3614.300	0.7470
3615.200	0.7879
3616.100	0.7988
3617.000	0.7642
3617.900	0.6995
3618.800	0.6710
3619.700	0.7099
3620.600	0.7588
3621.500	0.7855
3622.400	0.7990
3623.300	0.7984
3624.200	0.7965
3625.100	0.8236
3626.000	0.8599
3626.900	0.8689
3627.800	0.8615
3628.700	0.8504
3629.600	0.7963
3630.500	0.7012
3631.400	0.6527
3632.300	0.6816
3633.200	0.7225
3634.100	0.7342
3635.000	0.7380
3635.900	0.7505
3636.800	0.7664
3637.700	0.7935
3638.600	0.8257
3639.500	0.8387
3640.400	0.8247
3641.300	0.7935
3642.200	0.7578
3643.100	0.7306
3644.000	0.7245
3644.900	0.7390
3645.800	0.7647
3646.700	0.7771
3647.600	0.7738
3648.500	0.7758
3649.400	0.7784
3650.300	0.7831
3651.200	0.7975
3652.100	0.8249
3653.000	0.8427
3653.900	0.8454
3654.800	0.8420
3655.700	0.8366
3656.600	0.8495
3657.500	0.8634
3658.400	0.8728
3659.300	0.8732
3660.200	0.8713
3661.100	0.8696
3662.000	0.8481
3662.900	0.8279
3663.800	0.8263
3664.700	0.8440
3665.600	0.8716
3666.500	0.8729
3667.400	0.8610
3668.300	0.8355
3669.200	0.8016
3670.100	0.8053
3671.000	0.8484
3671.900	0.8757
3672.800	0.8576
3673.700	0.8280
3674.600	0.8327
3675.500	0.8417
3676.400	0.8082
3677.300	0.7691
3678.200	0.7658
3679.100	0.7701
3680.000	0.7705
3680.900	0.7909
3681.800	0.8091
3682.700	0.8108
3683.600	0.8036
3684.500	0.7817
3685.400	0.7559
3686.300	0.7477
3687.200	0.7543
3688.100	0.7789
3689.000	0.8148
3689.900	0.8391
3690.800	0.8532
3691.700	0.8602
3692.600	0.8536
3693.500	0.8440
3694.400	0.8441
3695.300	0.8455
3696.200	0.8354
3697.100	0.8254
3698.000	0.8510
3698.900	0.9042
3699.800	0.9390
3700.700	0.9390
3701.600	0.9030
3702.500	0.8324
3703.400	0.7631
3704.300	0.7284
3705.200	0.7151
3706.100	0.7229
3707.000	0.7546
3707.900	0.7821
3708.800	0.7966
3709.700	0.7952
3710.600	0.7751
3711.500	0.7533
3712.400	0.7816
3713.300	0.8592
3714.200	0.9223
3715.100	0.9408
3716.000	0.9487
3716.900	0.9543
3717.800	0.9269
3718.700	0.8482
3719.600	0.7421
3720.500	0.6558
3721.400	0.6183
3722.300	0.6594
3723.200	0.7709
3724.100	0.8646
3725.000	0.9191
3725.900	0.9273
3726.800	0.8797
3727.700	0.8660
3728.600	0.9121
3729.500	0.9245
3730.400	0.8869
3731.300	0.8350
3732.200	0.7598
3733.100	0.6661
3734.000	0.6020
3734.900	0.6105
3735.800	0.6679
3736.700	0.7205
3737.600	0.7917
3738.500	0.8810
3739.400	0.9361
3740.300	0.9693
3741.200	0.9751
3742.100	0.9423
3743.000	0.9043
3743.900	0.8766
3744.800	0.8353
3745.700	0.7890
3746.600	0.7719
3747.500	0.7261
3748.400	0.6296
3749.300	0.5703
3750.200	0.6070
3751.100	0.7072
3752.000	0.8015
3752.900	0.8664
3753.800	0.9284
3754.700	0.9936
3755.600	1.0248
3756.500	0.9793
3757.400	0.8870
3758.300	0.8409
3759.200	0.8687
3760.100	0.9136
3761.000	0.9473
3761.900	0.9772
3762.800	0.9839
3763.700	0.9751
3764.600	0.9801
3765.500	0.9623
3766.400	0.9071
3767.300	0.8554
3768.200	0.8079
3769.100	0.7240
3770.000	0.6437
3770.900	0.6593
3771.800	0.7694
3772.700	0.8761
3773.600	0.9250
3774.500	0.9414
3775.400	0.9575
3776.300	0.9849
3777.200	1.0117
3778.100	1.0360
3779.000	1.0740
3779.900	1.1187
3780.800	1.1385
3781.700	1.1362
3782.600	1.1387
3783.500	1.1522
3784.400	1.1459
3785.300	1.0781
3786.200	1.0155
3787.100	1.0221
3788.000	1.0402
3788.900	1.0273
3789.800	1.0079
3790.700	1.0140
3791.600	1.0048
3792.500	0.9502
3793.400	0.8874
3794.300	0.8470
3795.200	0.8086
3796.100	0.7340
3797.000	0.6375
3797.900	0.5992
3798.800	0.6701
3799.700	0.7967
3800.600	0.8977
3801.500	0.9604
3802.400	1.0297
3803.300	1.0885
3804.200	1.1005
3805.100	1.0899
3806.000	1.0705
3806.900	1.0672
3807.800	1.1015
3808.700	1.1516
3809.600	1.1874
3810.500	1.1985
3811.400	1.1737
3812.300	1.1124
3813.200	1.0468
3814.100	1.0146
3815.000	1.0096
3815.900	1.0378
3816.800	1.1124
3817.700	1.1678
3818.600	1.1376
3819.500	1.0438
3820.400	0.9889
3821.300	1.0389
3822.200	1.1024
3823.100	1.0728
3824.000	0.9869
3824.900	0.9295
3825.800	0.9145
3826.700	0.9089
3827.600	0.8914
3828.500	0.8754
3829.400	0.8810
3830.300	0.8795
3831.200	0.8175
3832.100	0.7236
3833.000	0.6601
3833.900	0.6061
3834.800	0.5647
3835.700	0.5863
3836.600	0.6460
3837.500	0.6834
3838.400	0.7191
3839.300	0.7819
3840.200	0.8474
3841.100	0.9289
3842.000	1.0128
3842.900	1.0547
3843.800	1.0717
3844.700	1.0782
3845.600	1.0823
3846.500	1.1169
3847.400	1.1698
3848.300	1.1821
3849.200	1.1497
3850.100	1.1421
3851.000	1.1819
3851.900	1.2154
3852.800	1.2211
3853.700	1.2128
3854.600	1.1865
3855.500	1.1533
3856.400	1.1476
3857.300	1.1488
3858.200	1.0919
3859.100	1.0408
3860.000	1.0733
3860.900	1.1636
3861.800	1.2257
3862.700	1.2433
3863.600	1.2361
3864.500	1.2189
3865.400	1.2042
3866.300	1.2064
3867.200	1.2149
3868.100	1.2228
3869.000	1.2208
3869.900	1.1993
3870.800	1.1410
3871.700	1.0572
3872.600	1.0221
3873.500	1.0680
3874.400	1.1374
3875.300	1.1643
3876.200	1.1318
3877.100	1.0534
3878.000	0.9872
3878.900	1.0186
3879.800	1.1023
3880.700	1.1147
3881.600	1.0672
3882.500	1.0251
3883.400	0.9997
3884.300	0.9590
3885.200	0.8841
3886.100	0.8011
3887.000	0.7228
3887.900	0.6382
3888.800	0.5891
3889.700	0.6461
3890.600	0.7680
3891.500	0.8664
3892.400	0.9182
3893.300	0.9406
3894.200	0.9578
3895.100	0.9865
3896.000	1.0296
3896.900	1.0616
3897.800	1.0642
3898.700	1.0642
3899.600	1.0827
3900.500	1.1171
3901.400	1.1349
3902.300	1.1102
3903.200	1.0818
3904.100	1.0699
3905.000	1.0519
3905.900	1.0549
3906.800	1.1054
3907.700	1.1660
3908.600	1.2018
3909.500	1.2117
3910.400	1.2222
3911.300	1.2375
3912.200	1.2275
3913.100	1.1902
3914.000	1.1730
3914.900	1.1790
3915.800	1.1714
3916.700	1.1526
3917.600	1.1316
3918.500	1.1158
3919.400	1.1152
3920.300	1.1156
3921.200	1.1262
3922.100	1.1467
3923.000	1.1620
3923.900	1.1614
3924.800	1.1251
3925.700	1.0742
3926.600	1.0202
3927.500	0.9400
3928.400	0.8450
3929.300	0.7398
3930.200	0.6085
3931.100	0.4637
3932.000	0.3304
3932.900	0.2422
3933.800	0.2336
3934.700	0.3155
3935.600	0.4586
3936.500	0.6176
3937.400	0.7574
3938.300	0.8790
3939.200	0.9810
3940.100	1.0370
3941.000	1.0543
3941.900	1.0615
3942.800	1.0540
3943.700	1.0430
3944.600	1.0763
3945.500	1.1463
3946.400	1.1717
3947.300	1.1331
3948.200	1.1004
3949.100	1.1204
3950.000	1.1602
3950.900	1.1695
3951.800	1.1424
3952.700	1.1291
3953.600	1.1613
3954.500	1.1708
3955.400	1.1162
3956.300	1.0680
3957.200	1.0908
3958.100	1.1468
3959.000	1.1628
3959.900	1.1174
3960.800	1.0342
3961.700	0.9638
3962.600	0.9263
3963.500	0.8845
3964.400	0.8094
3965.300	0.6881
3966.200	0.5265
3967.100	0.3685
3968.000	0.2719
3968.900	0.2713
3969.800	0.3591
3970.700	0.4941
3971.600	0.6349
3972.500	0.7468
3973.400	0.8256
3974.300	0.8977
3975.200	0.9616
3976.100	1.0008
3977.000	1.0351
3977.900	1.0836
3978.800	1.1336
3979.700	1.1651
3980.600	1.1641
3981.500	1.1434
3982.400	1.1365
3983.300	1.1509
3984.200	1.1674
3985.100	1.1713
3986.000	1.1658
3986.900	1.1763
3987.800	1.2055
3988.700	1.2145
3989.600	1.2059
3990.500	1.2203
3991.400	1.2553
3992.300	1.2780
3993.200	1.2730
3994.100	1.2491
3995.000	1.2224
3995.900	1.1937
3996.800	1.1646
3997.700	1.1626
3998.600	1.2079
3999.500	1.2576
4000.400	1.2724
4001.300	1.2773
4002.200	1.2912
4003.100	1.2805
4004.000	1.2162
4004.900	1.1400
4005.800	1.1284
4006.700	1.1827
4007.600	1.2473
4008.500	1.2778
4009.400	1.2783
4010.300	1.2778
4011.200	1.2733
4012.100	1.2674
4013.000	1.2651
4013.900	1.2568
4014.800	1.2615
4015.700	1.2712
4016.600	1.2580
4017.500	1.2565
4018.400	1.2945
4019.300	1.3289
4020.200	1.3271
4021.100	1.3075
4022.000	1.2910
4022.900	1.2795
4023.800	1.2580
4024.700	1.2454
4025.600	1.2760
4026.500	1.3162
4027.400	1.3181
4028.300	1.2906
4029.200	1.2424
4030.100	1.1823
4031.000	1.1570
4031.900	1.1687
4032.800	1.1824
4033.700	1.2086
4034.600	1.2385
4035.500	1.2725
4036.400	1.3106
4037.300	1.3392
4038.200	1.3469
4039.100	1.3269
4040.000	1.2882
4040.900	1.2653
4041.800	1.2782
4042.700	1.2839
4043.600	1.2317
4044.500	1.1462
4045.400	1.1029
4046.300	1.1643
4047.200	1.2728
4048.100	1.3184
4049.000	1.3178
4049.900	1.3199
4050.800	1.3190
4051.700	1.2967
4052.600	1.2654
4053.500	1.2425
4054.400	1.2316
4055.300	1.2364
4056.200	1.2386
4057.100	1.2200
4058.000	1.2131
4058.900	1.2456
4059.800	1.2883
4060.700	1.2969
4061.600	1.2525
4062.500	1.1850
4063.400	1.1574
4064.300	1.1985
4065.200	1.2434
4066.100	1.2324
4067.000	1.2108
4067.900	1.2390
4068.800	1.2887
4069.700	1.2854
4070.600	1.2224
4071.500	1.1794
4072.400	1.2108
4073.300	1.2630
4074.200	1.2713
4075.100	1.2364
4076.000	1.1776
4076.900	1.1234
4077.800	1.1196
4078.700	1.1660
4079.600	1.2161
4080.500	1.2505
4081.400	1.2593
4082.300	1.2361
4083.200	1.1991
4084.100	1.1708
4085.000	1.1700
4085.900	1.2012
4086.800	1.2419
4087.700	1.2649
4088.600	1.2645
4089.500	1.2499
4090.400	1.2280
4091.300	1.2022
4092.200	1.1862
4093.100	1.1861
4094.000	1.1758
4094.900	1.1385
4095.800	1.0944
4096.700	1.0564
4097.600	1.0131
4098.500	0.9594
4099.400	0.8754
4100.300	0.7464
4101.200	0.6427
4102.100	0.6588
4103.000	0.7773
4103.900	0.9045
4104.800	0.9983
4105.700	1.0551
4106.600	1.0839
4107.500	1.1036
4108.400	1.1212
4109.300	1.1334
4110.200	1.1524
4111.100	1.1779
4112.000	1.1949
4112.900	1.2072
4113.800	1.2196
4114.700	1.2349
4115.600	1.2612
4116.500	1.2713
4117.400	1.2415
4118.300	1.1984
4119.200	1.1910
4120.100	1.2093
4121.000	1.2086
4121.900	1.2003
4122.800	1.2078
4123.700	1.2340
4124.600	1.2540
4125.500	1.2478
4126.400	1.2261
4127.300	1.2082
4128.200	1.2131
4129.100	1.2380
4130.000	1.2523
4130.900	1.2333
4131.800	1.1921
4132.700	1.1757
4133.600	1.1917
4134.500	1.2220
4135.400	1.2617
4136.300	1.2789
4137.200	1.2849
4138.100	1.3065
4139.000	1.3214
4139.900	1.3205
4140.800	1.3109
4141.700	1.2736
4142.600	1.2118
4143.500	1.1800
4144.400	1.2177
4145.300	1.2738
4146.200	1.2920
4147.100	1.2880
4148.000	1.2785
4148.900	1.2701
4149.800	1.2710
4150.700	1.2800
4151.600	1.2760
4152.500	1.2566
4153.400	1.2288
4154.300	1.2091
4155.200	1.2143
4156.100	1.2208
4157.000	1.2220
4157.900	1.2371
4158.800	1.2557
4159.700	1.2714
4160.600	1.2800
4161.500	1.2856
4162.400	1.2942
4163.300	1.2980
4164.200	1.3024
4165.100	1.3023
4166.000	1.2779
4166.900	1.2460
4167.800	1.2491
4168.700	1.2795
4169.600	1.2794
4170.500	1.2323
4171.400	1.1698
4172.300	1.1297
4173.200	1.1386
4174.100	1.1805
4175.000	1.2133
4175.900	1.2182
4176.800	1.2038
4177.700	1.1957
4178.600	1.2166
4179.500	1.2530
4180.400	1.2630
4181.300	1.2317
4182.200	1.2063
4183.100	1.2129
4184.000	1.2330
4184.900	1.2508
4185.800	1.2377
4186.700	1.1954
4187.600	1.1829
4188.500	1.2227
4189.400	1.2715
4190.300	1.2829
4191.200	1.2696
4192.100	1.2821
4193.000	1.3105
4193.900	1.3044
4194.800	1.2644
4195.700	1.2349
4196.600	1.2232
4197.500	1.1910
4198.400	1.1644
4199.300	1.1919
4200.200	1.2283
4201.100	1.2257
4202.000	1.2164
4202.900	1.2316
4203.800	1.2419
4204.700	1.2424
4205.600	1.2515
4206.500	1.2628
4207.400	1.2710
4208.300	1.2692
4209.200	1.2547
4210.100	1.2532
4211.000	1.2766
4211.900	1.3017
4212.800	1.3014
4213.700	1.2723
4214.600	1.2208
4215.500	1.1828
4216.400	1.1986
4217.300	1.2310
4218.200	1.2433
4219.100	1.2480
4220.000	1.2604
4220.900	1.2766
4221.800	1.2720
4222.700	1.2513
4223.600	1.2151
4224.500	1.1560
4225.400	1.0782
4226.300	1.0181
4227.200	1.0604
4228.100	1.1861
4229.000	1.2686
4229.900	1.2911
4230.800	1.2949
4231.700	1.2709
4232.600	1.2251
4233.500	1.2039
4234.400	1.2116
4235.300	1.2051
4236.200	1.1996
4237.100	1.2150
4238.000	1.2149
4238.900	1.1981
4239.800	1.2056
4240.700	1.2388
4241.600	1.2541
4242.500	1.2431
4243.400	1.2447
4244.300	1.2509
4245.200	1.2282
4246.100	1.1877
4247.000	1.1693
4247.900	1.1877
4248.800	1.2034
4249.700	1.1866
4250.600	1.1876
4251.500	1.2321
4252.400	1.2615
4253.300	1.2434
4254.200	1.2176
4255.100	1.2205
4256.000	1.2473
4256.900	1.2630
4257.800	1.2448
4258.700	1.2052
4259.600	1.1659
4260.500	1.1550
4261.400	1.1979
4262.300	1.2584
4263.200	1.2903
4264.100	1.2927
4265.000	1.2865
4265.900	1.2771
4266.800	1.2584
4267.700	1.2446
4268.600	1.2401
4269.500	1.2199
4270.400	1.1680
4271.300	1.1241
4272.200	1.1417
4273.100	1.1815
4274.000	1.1898
4274.900	1.1976
4275.800	1.2320
4276.700	1.2675
4277.600	1.2780
4278.500	1.2646
4279.400	1.2422
4280.300	1.2258
4281.200	1.2131
4282.100	1.1977
4283.000	1.1983
4283.900	1.2121
4284.800	1.2099
4285.700	1.1951
4286.600	1.1844
4287.500	1.1641
4288.400	1.1163
4289.300	1.0683
4290.200	1.0725
4291.100	1.1298
4292.000	1.1901
4292.900	1.2075
4293.800	1.1854
4294.700	1.1676
4295.600	1.1623
4296.500	1.1477
4297.400	1.1147
4298.300	1.0584
4299.200	1.0059
4300.100	0.9990
4301.000	1.0175
4301.900	1.0247
4302.800	1.0386
4303.700	1.0741
4304.600	1.0967
4305.500	1.0900
4306.400	1.0630
4307.300	1.0231
4308.200	1.0061
4309.100	1.0352
4310.000	1.0800
4310.900	1.1127
4311.800	1.1253
4312.700	1.1239
4313.600	1.1135
4314.500	1.1208
4315.400	1.1721
4316.300	1.2285
4317.200	1.2452
4318.100	1.2347
4319.000	1.2188
4319.900	1.2025
4320.800	1.1912
4321.700	1.1966
4322.600	1.1846
4323.500	1.1388
4324.400	1.0797
4325.300	1.0390
4326.200	1.0607
4327.100	1.1259
4328.000	1.1716
4328.900	1.1798
4329.800	1.1645
4330.700	1.1516
4331.600	1.1518
4332.500	1.1502
4333.400	1.1370
4334.300	1.1185
4335.200	1.0848
4336.100	1.0165
4337.000	0.9237
4337.900	0.8349
4338.800	0.7399
4339.700	0.6407
4340.600	0.6239
4341.500	0.7281
4342.400	0.8530
4343.300	0.9277
4344.200	0.9764
4345.100	1.0319
4346.000	1.0791
4346.900	1.1045
4347.800	1.1267
4348.700	1.1468
4349.600	1.1399
4350.500	1.0910
4351.400	1.0409
4352.300	1.0529
4353.200	1.1147
4354.100	1.1597
4355.000	1.1770
4355.900	1.1938
4356.800	1.2076
4357.700	1.2013
4358.600	1.1856
4359.500	1.1902
4360.400	1.2186
4361.300	1.2430
4362.200	1.2491
4363.100	1.2491
4364.000	1.2565
4364.900	1.2586
4365.800	1.2412
4366.700	1.2114
4367.600	1.1917
4368.500	1.1928
4369.400	1.2021
4370.300	1.2116
4371.200	1.2291
4372.100	1.2353
4373.000	1.2080
4373.900	1.1601
4374.800	1.1384
4375.700	1.1647
4376.600	1.2130
4377.500	1.2486
4378.400	1.2588
4379.300	1.2548
4380.200	1.2506
4381.100	1.2338
4382.000	1.1749
4382.900	1.0896
4383.800	1.0504
4384.700	1.0890
4385.600	1.1523
4386.500	1.1899
4387.400	1.1982
4388.300	1.2004
4389.200	1.2063
4390.100	1.2105
4391.000	1.2176
4391.900	1.2306
4392.800	1.2264
4393.700	1.1941
4394.600	1.1647
4395.500	1.1772
4396.400	1.2211
4397.300	1.2476
4398.200	1.2366
4399.100	1.1990
4400.000	1.1652
4400.900	1.1702
4401.800	1.2056
4402.700	1.2221
4403.600	1.1926
4404.500	1.1639
4405.400	1.1852
4406.300	1.2168
4407.200	1.2106
4408.100	1.1953
4409.000	1.2064
4409.900	1.2322
4410.800	1.2522
4411.700	1.2662
4412.600	1.2683
4413.500	1.2402
4414.400	1.1851
4415.300	1.1481
4416.200	1.1532
4417.100	1.1717
4418.000	1.1978
4418.900	1.2386
4419.800	1.2647
4420.700	1.2553
4421.600	1.2272
4422.500	1.2134
4423.400	1.2204
4424.300	1.2238
4425.200	1.2165
4426.100	1.2116
4427.000	1.2188
4427.900	1.2379
4428.800	1.2452
4429.700	1.2285
4430.600	1.2158
4431.500	1.2215
4432.400	1.2184
4433.300	1.1921
4434.200	1.1597
4435.100	1.1480
4436.000	1.1784
4436.900	1.2310
4437.800	1.2677
4438.700	1.2756
4439.600	1.2618
4440.500	1.2354
4441.400	1.1975
4442.300	1.1550
4443.200	1.1413
4444.100	1.1747
4445.000	1.2242
4445.900	1.2409
4446.800	1.2253
4447.700	1.2169
4448.600	1.2225
4449.500	1.2166
4450.400	1.2073
4451.300	1.2143
4452.200	1.2239
4453.100	1.2024
4454.000	1.1481
4454.900	1.1131
4455.800	1.1312
4456.700	1.1630
4457.600	1.1703
4458.500	1.1614
4459.400	1.1628
4460.300	1.1658
4461.200	1.1571
4462.100	1.1654
4463.000	1.1927
4463.900	1.2068
4464.800	1.2079
4465.700	1.2047
4466.600	1.1967
4467.500	1.1826
4468.400	1.1610
4469.300	1.1567
4470.200	1.1787
4471.100	1.2090
4472.000	1.2331
4472.900	1.2446
4473.800	1.2449
4474.700	1.2337
4475.600	1.2220
4476.500	1.2313
4477.400	1.2485
4478.300	1.2441
4479.200	1.2149
4480.100	1.1644
4481.000	1.1177
4481.900	1.1169
4482.800	1.1607
4483.700	1.2035
4484.600	1.2262
4485.500	1.2389
4486.400	1.2435
4487.300	1.2318
4488.200	1.2026
4489.100	1.1770
4490.000	1.1760
4490.900	1.1956
4491.800	1.2201
4492.700	1.2302
4493.600	1.2131
4494.500	1.1924
4495.400	1.1949
4496.300	1.2122
4497.200	1.2293
4498.100	1.2423
4499.000	1.2413
4499.900	1.2237
4500.800	1.2065
4501.700	1.2123
4502.600	1.2388
4503.500	1.2581
4504.400	1.2609
4505.300	1.2571
4506.200	1.2492
4507.100	1.2335
4508.000	1.2228
4508.900	1.2311
4509.800	1.2504
4510.700	1.2613
4511.600	1.2582
4512.500	1.2481
4513.400	1.2386
4514.300	1.2267
4515.200	1.2204
4516.100	1.2265
4517.000	1.2302
4517.900	1.2280
4518.800	1.2256
4519.700	1.2209
4520.600	1.2190
4521.500	1.2146
4522.400	1.2029
4523.300	1.1992
4524.200	1.2005
4525.100	1.1895
4526.000	1.1717
4526.900	1.1541
4527.800	1.1391
4528.700	1.1328
4529.600	1.1439
4530.500	1.1614
4531.400	1.1726
4532.300	1.1668
4533.200	1.1379
4534.100	1.1153
4535.000	1.1288
4535.900	1.1717
4536.800	1.2179
4537.700	1.2407
4538.600	1.2366
4539.500	1.2228
4540.400	1.2125
4541.300	1.2095
4542.200	1.2134
4543.100	1.2165
4544.000	1.2113
4544.900	1.2041
4545.800	1.2016
4546.700	1.1945
4547.600	1.1672
4548.500	1.1263
4549.400	1.1111
4550.300	1.1446
4551.200	1.1839
4552.100	1.1838
4553.000	1.1593
4553.900	1.1389
4554.800	1.1348
4555.700	1.1478
4556.600	1.1744
4557.500	1.1973
4558.400	1.2047
4559.300	1.2136
4560.200	1.2290
4561.100	1.2362
4562.000	1.2235
4562.900	1.1964
4563.800	1.1769
4564.700	1.1786
4565.600	1.1928
4566.500	1.2094
4567.400	1.2217
4568.300	1.2249
4569.200	1.2188
4570.100	1.1988
4571.000	1.1716
4571.900	1.1660
4572.800	1.1880
4573.700	1.2091
4574.600	1.2105
4575.500	1.2036
4576.400	1.2053
4577.300	1.2094
4578.200	1.2016
4579.100	1.1847
4580.000	1.1684
4580.900	1.1584
4581.800	1.1530
4582.700	1.1473
4583.600	1.1468
4584.500	1.1580
4585.400	1.1721
4586.300	1.1815
4587.200	1.1859
4588.100	1.1865
4589.000	1.1856
4589.900	1.1826
4590.800	1.1737
4591.700	1.1622
4592.600	1.1662
4593.500	1.1840
4594.400	1.1929
4595.300	1.1904
4596.200	1.1892
4597.100	1.1926
4598.000	1.1942
4598.900	1.1918
4599.800	1.1819
4600.700	1.1747
4601.600	1.1767
4602.500	1.1808
4603.400	1.1857
4604.300	1.1897
4605.200	1.1950
4606.100	1.1995
4607.000	1.2017
4607.900	1.2076
4608.800	1.2134
4609.700	1.2106
4610.600	1.2011
4611.500	1.1942
4612.400	1.1915
4613.300	1.1914
4614.200	1.1963
4615.100	1.1937
4616.000	1.1837
4616.900	1.1790
4617.800	1.1740
4618.700	1.1667
4619.600	1.1744
4620.500	1.1952
4621.400	1.2119
4622.300	1.2154
4623.200	1.2088
4624.100	1.1971
4625.000	1.1868
4625.900	1.1890
4626.800	1.1983
4627.700	1.1951
4628.600	1.1781
4629.500	1.1735
4630.400	1.1890
4631.300	1.1977
4632.200	1.1892
4633.100	1.1806
4634.000	1.1833
4634.900	1.1891
4635.800	1.1873
4636.700	1.1773
4637.600	1.1709
4638.500	1.1775
4639.400	1.1887
4640.300	1.1968
4641.200	1.2051
4642.100	1.2067
4643.000	1.1971
4643.900	1.1898
4644.800	1.1787
4645.700	1.1571
4646.600	1.1432
4647.500	1.1483
4648.400	1.1635
4649.300	1.1793
4650.200	1.1881
4651.100	1.1855
4652.000	1.1824
4652.900	1.1790
4653.800	1.1653
4654.700	1.1558
4655.600	1.1586
4656.500	1.1652
4657.400	1.1792
4658.300	1.1975
4659.200	1.2074
4660.100	1.2078
4661.000	1.2003
4661.900	1.1924
4662.800	1.1868
4663.700	1.1823
4664.600	1.1742
4665.500	1.1529
4666.400	1.1180
4667.300	1.0956
4668.200	1.1058
4669.100	1.1312
4670.000	1.1503
4670.900	1.1645
4671.800	1.1698
4672.700	1.1676
4673.600	1.1714
4674.500	1.1813
4675.400	1.1887
4676.300	1.1903
4677.200	1.1797
4678.100	1.1625
4679.000	1.1543
4679.900	1.1576
4680.800	1.1643
4681.700	1.1706
4682.600	1.1758
4683.500	1.1795
4684.400	1.1798
4685.300	1.1794
4686.200	1.1793
4687.100	1.1771
4688.000	1.1714
4688.900	1.1666
4689.800	1.1617
4690.700	1.1573
4691.600	1.1614
4692.500	1.1717
4693.400	1.1789
4694.300	1.1812
4695.200	1.1840
4696.100	1.1852
4697.000	1.1782
4697.900	1.1614
4698.800	1.1471
4699.700	1.1452
4700.600	1.1429
4701.500	1.1237
4702.400	1.0997
4703.300	1.1011
4704.200	1.1298
4705.100	1.1530
4706.000	1.1526
4706.900	1.1359
4707.800	1.1235
4708.700	1.1247
4709.600	1.1345
4710.500	1.1520
4711.400	1.1685
4712.300	1.1702
4713.200	1.1562
4714.100	1.1432
4715.000	1.1493
4715.900	1.1663
4716.800	1.1759
4717.700	1.1778
4718.600	1.1772
4719.500	1.1769
4720.400	1.1742
4721.300	1.1689
4722.200	1.1686
4723.100	1.1760
4724.000	1.1827
4724.900	1.1799
4725.800	1.1681
4726.700	1.1507
4727.600	1.1358
4728.500	1.1324
4729.400	1.1365
4730.300	1.1364
4731.200	1.1355
4732.100	1.1413
4733.000	1.1496
4733.900	1.1553
4734.800	1.1508
4735.700	1.1341
4736.600	1.1280
4737.500	1.1453
4738.400	1.1646
4739.300	1.1650
4740.200	1.1550
4741.100	1.1507
4742.000	1.1567
4742.900	1.1627
4743.800	1.1596
4744.700	1.1547
4745.600	1.1546
4746.500	1.1554
4747.400	1.1549
4748.300	1.1566
4749.200	1.1610
4750.100	1.1624
4751.000	1.1576
4751.900	1.1505
4752.800	1.1431
4753.700	1.1359
4754.600	1.1305
4755.500	1.1279
4756.400	1.1308
4757.300	1.1420
4758.200	1.1559
4759.100	1.1650
4760.000	1.1622
4760.900	1.1445
4761.800	1.1240
4762.700	1.1168
4763.600	1.1182
4764.500	1.1163
4765.400	1.1139
4766.300	1.1199
4767.200	1.1328
4768.100	1.1431
4769.000	1.1484
4769.900	1.1487
4770.800	1.1423
4771.700	1.1379
4772.600	1.1419
4773.500	1.1500
4774.400	1.1574
4775.300	1.1605
4776.200	1.1605
4777.100	1.1607
4778.000	1.1574
4778.900	1.1483
4779.800	1.1429
4780.700	1.1481
4781.600	1.1513
4782.500	1.1432
4783.400	1.1372
4784.300	1.1384
4785.200	1.1329
4786.100	1.1243
4787.000	1.1275
4787.900	1.1333
4788.800	1.1329
4789.700	1.1379
4790.600	1.1481
4791.500	1.1536
4792.400	1.1598
4793.300	1.1688
4794.200	1.1734
4795.100	1.1730
4796.000	1.1706
4796.900	1.1624
4797.800	1.1490
4798.700	1.1409
4799.600	1.1432
4800.500	1.1493
4801.400	1.1530
4802.300	1.1528
4803.200	1.1492
4804.100	1.1409
4805.000	1.1346
4805.900	1.1378
4806.800	1.1439
4807.700	1.1486
4808.600	1.1492
4809.500	1.1421
4810.400	1.1360
4811.300	1.1390
4812.200	1.1465
4813.100	1.1537
4814.000	1.1587
4814.900	1.1613
4815.800	1.1607
4816.700	1.1571
4817.600	1.1547
4818.500	1.1570
4819.400	1.1606
4820.300	1.1597
4821.200	1.1529
4822.100	1.1359
4823.000	1.1130
4823.900	1.1071
4824.800	1.1258
4825.700	1.1467
4826.600	1.1520
4827.500	1.1440
4828.400	1.1351
4829.300	1.1340
4830.200	1.1373
4831.100	1.1377
4832.000	1.1381
4832.900	1.1420
4833.800	1.1430
4834.700	1.1391
4835.600	1.1364
4836.500	1.1368
4837.400	1.1331
4838.300	1.1211
4839.200	1.1082
4840.100	1.1059
4841.000	1.1118
4841.900	1.1137
4842.800	1.1098
4843.700	1.1117
4844.600	1.1172
4845.500	1.1140
4846.400	1.1010
4847.300	1.0848
4848.200	1.0750
4849.100	1.0749
4850.000	1.0741
4850.900	1.0685
4851.800	1.0613
4852.700	1.0492
4853.600	1.0237
4854.500	0.9899
4855.400	0.9657
4856.300	0.9515
4857.200	0.9277
4858.100	0.8743
4859.000	0.7781
4859.900	0.6557
4860.800	0.5772
4861.700	0.6130
4862.600	0.7284
4863.500	0.8325
4864.400	0.8969
4865.300	0.9378
4866.200	0.9708
4867.100	0.9993
4868.000	1.0208
4868.900	1.0308
4869.800	1.0193
4870.700	0.9946
4871.600	0.9907
4872.500	1.0179
4873.400	1.0500
4874.300	1.0641
4875.200	1.0644
4876.100	1.0615
4877.000	1.0574
4877.900	1.0613
4878.800	1.0819
4879.700	1.1039
4880.600	1.1083
4881.500	1.1022
4882.400	1.0990
4883.300	1.0948
4884.200	1.0850
4885.100	1.0768
4886.000	1.0758
4886.900	1.0785
4887.800	1.0792
4888.700	1.0735
4889.600	1.0545
4890.500	1.0321
4891.400	1.0419
4892.300	1.0830
4893.200	1.1175
4894.100	1.1353
4895.000	1.1432
4895.900	1.1421
4896.800	1.1366
4897.700	1.1289
4898.600	1.1182
4899.500	1.1081
4900.400	1.1087
4901.300	1.1157
4902.200	1.1118
4903.100	1.1024
4904.000	1.1082
4904.900	1.1274
4905.800	1.1417
4906.700	1.1397
4907.600	1.1275
4908.500	1.1124
4909.400	1.0929
4910.300	1.0836
4911.200	1.0979
4912.100	1.1186
4913.000	1.1279
4913.900	1.1321
4914.800	1.1396
4915.700	1.1387
4916.600	1.1185
4917.500	1.0835
4918.400	1.0506
4919.300	1.0355
4920.200	1.0401
4921.100	1.0593
4922.000	1.0742
4922.900	1.0692
4923.800	1.0637
4924.700	1.0809
4925.600	1.1097
4926.500	1.1259
4927.400	1.1299
4928.300	1.1319
4929.200	1.1326
4930.100	1.1322
4931.000	1.1291
4931.900	1.1122
4932.800	1.0787
4933.700	1.0586
4934.600	1.0767
4935.500	1.1025
4936.400	1.1021
4937.300	1.0793
4938.200	1.0539
4939.100	1.0547
4940.000	1.0871
4940.900	1.1191
4941.800	1.1302
4942.700	1.1321
4943.600	1.1321
4944.500	1.1243
4945.400	1.1135
4946.300	1.1142
4947.200	1.1251
4948.100	1.1331
4949.000	1.1330
4949.900	1.1300
4950.800	1.1278
4951.700	1.1237
4952.600	1.1199
4953.500	1.1214
4954.400	1.1202
4955.300	1.0991
4956.200	1.0530
4957.100	1.0183
4958.000	1.0424
4958.900	1.0972
4959.800	1.1263
4960.700	1.1318
4961.600	1.1308
4962.500	1.1305
4963.400	1.1311
4964.300	1.1215
4965.200	1.1041
4966.100	1.0937
4967.000	1.0957
4967.900	1.0995
4968.800	1.0976
4969.700	1.0971
4970.600	1.1040
4971.500	1.1115
4972.400	1.1149
4973.300	1.1191
4974.200	1.1243
4975.100	1.1242
4976.000	1.1206
4976.900	1.1149
4977.800	1.1037
4978.700	1.0932
4979.600	1.0864
4980.500	1.0703
4981.400	1.0395
4982.300	1.0102
4983.200	1.0038
4984.100	1.0198
4985.000	1.0453
4985.900	1.0760
4986.800	1.1037
4987.700	1.1116
4988.600	1.1033
4989.500	1.0905
4990.400	1.0775
4991.300	1.0737
4992.200	1.0797
4993.100	1.0816
4994.000	1.0878
4994.900	1.1089
4995.800	1.1305
4996.700	1.1327
4997.600	1.1110
4998.500	1.0839
4999.400	1.0681
5000.300	1.0599
5001.200	1.0583
5002.100	1.0668
5003.000	1.0789
5003.900	1.0738
5004.800	1.0436
5005.700	1.0160
5006.600	1.0253
5007.500	1.0640
5008.400	1.0967
5009.300	1.1021
5010.200	1.0879
5011.100	1.0683
5012.000	1.0508
5012.900	1.0408
5013.800	1.0381
5014.700	1.0472
5015.600	1.0587
5016.500	1.0488
5017.400	1.0228
5018.300	1.0182
5019.200	1.0463
5020.100	1.0743
5021.000	1.0780
5021.900	1.0711
5022.800	1.0732
5023.700	1.0818
5024.600	1.0866
5025.500	1.0824
5026.400	1.0693
5027.300	1.0617
5028.200	1.0714
5029.100	1.0828
5030.000	1.0822
5030.900	1.0818
5031.800	1.0905
5032.700	1.0973
5033.600	1.0893
5034.500	1.0675
5035.400	1.0493
5036.300	1.0507
5037.200	1.0608
5038.100	1.0582
5039.000	1.0394
5039.900	1.0099
5040.800	0.9879
5041.700	1.0038
5042.600	1.0492
5043.500	1.0839
5044.400	1.1004
5045.300	1.1057
5046.200	1.0974
5047.100	1.0791
5048.000	1.0602
5048.900	1.0471
5049.800	1.0420
5050.700	1.0420
5051.600	1.0493
5052.500	1.0679
5053.400	1.0872
5054.300	1.0929
5055.200	1.0892
5056.100	1.0867
5057.000	1.0874
5057.900	1.0898
5058.800	1.0937
5059.700	1.0989
5060.600	1.1044
5061.500	1.1073
5062.400	1.1022
5063.300	1.0827
5064.200	1.0564
5065.100	1.0463
5066.000	1.0573
5066.900	1.0658
5067.800	1.0640
5068.700	1.0678
5069.600	1.0790
5070.500	1.0788
5071.400	1.0647
5072.300	1.0564
5073.200	1.0574
5074.100	1.0567
5075.000	1.0589
5075.900	1.0693
5076.800	1.0726
5077.700	1.0530
5078.600	1.0184
5079.500	0.9973
5080.400	1.0065
5081.300	1.0302
5082.200	1.0438
5083.100	1.0462
5084.000	1.0560
5084.900	1.0732
5085.800	1.0784
5086.700	1.0737
5087.600	1.0736
5088.500	1.0771
5089.400	1.0765
5090.300	1.0743
5091.200	1.0792
5092.100	1.0884
5093.000	1.0916
5093.900	1.0891
5094.800	1.0827
5095.700	1.0687
5096.600	1.0460
5097.500	1.0231
5098.400	1.0113
5099.300	1.0196
5100.200	1.0458
5101.100	1.0688
5102.000	1.0768
5102.900	1.0754
5103.800	1.0729
5104.700	1.0704
5105.600	1.0614
5106.500	1.0442
5107.400	1.0343
5108.300	1.0383
5109.200	1.0427
5110.100	1.0485
5111.000	1.0670
5111.900	1.0854
5112.800	1.0896
5113.700	1.0841
5114.600	1.0774
5115.500	1.0764
5116.400	1.0834
5117.300	1.0916
5118.200	1.0954
5119.100	1.0938
5120.000	1.0868
5120.900	1.0776
5121.800	1.0669
5122.700	1.0536
5123.600	1.0412
5124.500	1.0368
5125.400	1.0410
5126.300	1.0469
5127.200	1.0504
5128.100	1.0505
5129.000	1.0507
5129.900	1.0538
5130.800	1.0566
5131.700	1.0536
5132.600	1.0470
5133.500	1.0478
5134.400	1.0590
5135.300	1.0608
5136.200	1.0435
5137.100	1.0242
5138.000	1.0111
5138.900	1.0066
5139.800	1.0173
5140.700	1.0277
5141.600	1.0207
5142.500	1.0186
5143.400	1.0391
5144.300	1.0589
5145.200	1.0583
5146.100	1.0473
5147.000	1.0394
5147.900	1.0420
5148.800	1.0531
5149.700	1.0563
5150.600	1.0469
5151.500	1.0417
5152.400	1.0447
5153.300	1.0453
5154.200	1.0455
5155.100	1.0522
5156.000	1.0619
5156.900	1.0671
5157.800	1.0666
5158.700	1.0677
5159.600	1.0693
5160.500	1.0618
5161.400	1.0478
5162.300	1.0421
5163.200	1.0484
5164.100	1.0453
5165.000	1.0127
5165.900	0.9543
5166.800	0.8996
5167.700	0.8891
5168.600	0.9268
5169.500	0.9710
5170.400	0.9728
5171.300	0.9245
5172.200	0.8891
5173.100	0.9232
5174.000	0.9960
5174.900	1.0451
5175.800	1.0572
5176.700	1.0562
5177.600	1.0567
5178.500	1.0569
5179.400	1.0546
5180.300	1.0459
5181.200	1.0124
5182.100	0.9415
5183.000	0.8737
5183.900	0.8788
5184.800	0.9472
5185.700	1.0053
5186.600	1.0204
5187.500	1.0082
5188.400	1.0001
5189.300	1.0093
5190.200	1.0102
5191.100	0.9901
5192.000	0.9785
5192.900	0.9905
5193.800	1.0010
5194.700	0.9960
5195.600	0.9918
5196.500	0.9948
5197.400	0.9989
5198.300	1.0082
5199.200	1.0236
5200.100	1.0327
5201.000	1.0277
5201.900	1.0179
5202.800	1.0113
5203.700	0.9996
5204.600	0.9841
5205.500	0.9812
5206.400	0.9878
5207.300	0.9849
5208.200	0.9791
5209.100	0.9917
5210.000	1.0143
5210.900	1.0293
5211.800	1.0381
5212.700	1.0412
5213.600	1.0298
5214.500	1.0057
5215.400	0.9854
5216.300	0.9818
5217.200	0.9969
5218.100	1.0203
5219.000	1.0374
5219.900	1.0428
5220.800	1.0428
5221.700	1.0425
5222.600	1.0399
5223.500	1.0302
5224.400	1.0071
5225.300	0.9662
5226.200	0.9277
5227.100	0.9290
5228.000	0.9674
5228.900	1.0005
5229.800	1.0136
5230.700	1.0151
5231.600	1.0013
5232.500	0.9801
5233.400	0.9727
5234.300	0.9817
5235.200	0.9982
5236.100	1.0130
5237.000	1.0209
5237.900	1.0250
5238.800	1.0268
5239.700	1.0266
5240.600	1.0245
5241.500	1.0184
5242.400	1.0137
5243.300	1.0179
5244.200	1.0275
5245.100	1.0323
5246.000	1.0273
5246.900	1.0195
5247.800	1.0163
5248.700	1.0139
5249.600	1.0076
5250.500	1.0058
5251.400	1.0129
5252.300	1.0161
5253.200	1.0098
5254.100	1.0033
5255.000	1.0058
5255.900	1.0161
5256.800	1.0263
5257.700	1.0330
5258.600	1.0346
5259.500	1.0271
5260.400	1.0075
5261.300	0.9808
5262.200	0.9589
5263.100	0.9464
5264.000	0.9367
5264.900	0.9298
5265.800	0.9357
5266.700	0.9576
5267.600	0.9698
5268.500	0.9465
5269.400	0.9164
5270.300	0.9271
5271.200	0.9659
5272.100	0.9856
5273.000	0.9823
5273.900	0.9748
5274.800	0.9664
5275.700	0.9694
5276.600	0.9925
5277.500	1.0161
5278.400	1.0219
5279.300	1.0140
5280.200	1.0015
5281.100	0.9883
5282.000	0.9761
5282.900	0.9675
5283.800	0.9712
5284.700	0.9924
5285.600	1.0158
5286.500	1.0259
5287.400	1.0262
5288.300	1.0241
5289.200	1.0249
5290.100	1.0283
5291.000	1.0294
5291.900	1.0274
5292.800	1.0238
5293.700	1.0200
5294.600	1.0170
5295.500	1.0089
5296.400	0.9921
5297.300	0.9777
5298.200	0.9805
5299.100	0.9967
5300.000	1.0079
5300.900	1.0057
5301.800	0.9993
5302.700	1.0035
5303.600	1.0158
5304.500	1.0226
5305.400	1.0198
5306.300	1.0141
5307.200	1.0125
5308.100	1.0178
5309.000	1.0244
5309.900	1.0278
5310.800	1.0287
5311.700	1.0282
5312.600	1.0258
5313.500	1.0228
5314.400	1.0147
5315.300	0.9941
5316.200	0.9762
5317.100	0.9827
5318.000	1.0053
5318.900	1.0200
5319.800	1.0212
5320.700	1.0182
5321.600	1.0123
5322.500	0.9973
5323.400	0.9772
5324.300	0.9699
5325.200	0.9784
5326.100	0.9750
5327.000	0.9433
5327.900	0.9160
5328.800	0.9319
5329.700	0.9754
5330.600	1.0042
5331.500	1.0071
5332.400	1.0008
5333.300	0.9990
5334.200	1.0019
5335.100	1.0004
5336.000	0.9940
5336.900	0.9921
5337.800	0.9943
5338.700	0.9876
5339.600	0.9719
5340.500	0.9657
5341.400	0.9795
5342.300	0.9987
5343.200	1.0089
5344.100	1.0089
5345.000	1.0017
5345.900	0.9962
5346.800	0.9956
5347.700	0.9906
5348.600	0.9815
5349.500	0.9841
5350.400	1.0008
5351.300	1.0145
5352.200	1.0145
5353.100	1.0099
5354.000	1.0114
5354.900	1.0170
5355.800	1.0193
5356.700	1.0183
5357.600	1.0196
5358.500	1.0228
5359.400	1.0237
5360.300	1.0198
5361.200	1.0097
5362.100	0.9964
5363.000	0.9863
5363.900	0.9797
5364.800	0.9753
5365.700	0.9774
5366.600	0.9827
5367.500	0.9861
5368.400	0.9837
5369.300	0.9693
5370.200	0.9525
5371.100	0.9520
5372.000	0.9707
5372.900	0.9943
5373.800	1.0095
5374.700	1.0167
5375.600	1.0184
5376.500	1.0166
5377.400	1.0146
5378.300	1.0113
5379.200	1.0038
5380.100	0.9954
5381.000	0.9916
5381.900	0.9896
5382.800	0.9861
5383.700	0.9901
5384.600	1.0038
5385.500	1.0144
5386.400	1.0169
5387.300	1.0137
5388.200	1.0061
5389.100	0.9980
5390.000	0.9944
5390.900	0.9917
5391.800	0.9837
5392.700	0.9792
5393.600	0.9883
5394.500	0.9993
5395.400	0.9935
5396.300	0.9731
5397.200	0.9626
5398.100	0.9728
5399.000	0.9856
5399.900	0.9880
5400.800	0.9895
5401.700	0.9909
5402.600	0.9786
5403.500	0.9537
5404.400	0.9353
5405.300	0.9364
5406.200	0.9554
5407.100	0.9786
5408.000	0.9855
5408.900	0.9724
5409.800	0.9578
5410.700	0.9595
5411.600	0.9750
5412.500	0.9867
5413.400	0.9822
5414.300	0.9684
5415.200	0.9655
5416.100	0.9768
5417.000	0.9870
5417.900	0.9883
5418.800	0.9862
5419.700	0.9881
5420.600	0.9921
5421.500	0.9907
5422.400	0.9774
5423.300	0.9573
5424.200	0.9500
5425.100	0.9650
5426.000	0.9849
5426.900	0.9927
5427.800	0.9815
5428.700	0.9592
5429.600	0.9488
5430.500	0.9606
5431.400	0.9772
5432.300	0.9777
5433.200	0.9650
5434.100	0.9551
5435.000	0.9601
5435.900	0.9750
5436.800	0.9883
5437.700	0.9960
5438.600	0.9982
5439.500	0.9984
5440.400	0.9987
5441.300	0.9982
5442.200	0.9964
5443.100	0.9900
5444.000	0.9758
5444.900	0.9560
5445.800	0.9381
5446.700	0.9370
5447.600	0.9586
5448.500	0.9850
5449.400	0.9985
5450.300	0.9997
5451.200	0.9965
5452.100	0.9933
5453.000	0.9849
5453.900	0.9635
5454.800	0.9388
5455.700	0.9396
5456.600	0.9675
5457.500	0.9894
5458.400	0.9918
5459.300	0.9878
5460.200	0.9829
5461.100	0.9705
5462.000	0.9519
5462.900	0.9422
5463.800	0.9505
5464.700	0.9638
5465.600	0.9681
5466.500	0.9698
5467.400	0.9767
5468.300	0.9838
5469.200	0.9868
5470.100	0.9866
5471.000	0.9831
5471.900	0.9764
5472.800	0.9695
5473.700	0.9654
5474.600	0.9558
5475.500	0.9337
5476.400	0.9157
5477.300	0.9230
5478.200	0.9474
5479.100	0.9639
5480.000	0.9647
5480.900	0.9606
5481.800	0.9623
5482.700	0.9693
5483.600	0.9764
5484.500	0.9812
5485.400	0.9800
5486.300	0.9696
5487.200	0.9598
5488.100	0.9619
5489.000	0.9702
5489.900	0.9745
5490.800	0.9747
5491.700	0.9741
5492.600	0.9726
5493.500	0.9701
5494.400	0.9687
5495.300	0.9654
5496.200	0.9574
5497.100	0.9519
5498.000	0.9583
5498.900	0.9674
5499.800	0.9634
5500.700	0.9502
5501.600	0.9444
5502.500	0.9516
5503.400	0.9622
5504.300	0.9655
5505.200	0.9590
5506.100	0.9498
5507.000	0.9499
5507.900	0.9587
5508.800	0.9643
5509.700	0.9631
5510.600	0.9587
5511.500	0.9526
5512.400	0.9503
5513.300	0.9559
5514.200	0.9656
5515.100	0.9726
5516.000	0.9752
5516.900	0.9762
5517.800	0.9773
5518.700	0.9777
5519.600	0.9748
5520.500	0.9718
5521.400	0.9715
5522.300	0.9724
5523.200	0.9711
5524.100	0.9671
5525.000	0.9591
5525.900	0.9451
5526.800	0.9256
5527.700	0.9116
5528.600	0.9185
5529.500	0.9432
5530.400	0.9649
5531.300	0.9730
5532.200	0.9709
5533.100	0.9599
5534.000	0.9458
5534.900	0.9413
5535.800	0.9503
5536.700	0.9631
5537.600	0.9690
5538.500	0.9694
5539.400	0.9710
5540.300	0.9720
5541.200	0.9690
5542.100	0.9623
5543.000	0.9549
5543.900	0.9518
5544.800	0.9543
5545.700	0.9593
5546.600	0.9642
5547.500	0.9683
5548.400	0.9716
5549.300	0.9737
5550.200	0.9731
5551.100	0.9707
5552.000	0.9713
5552.900	0.9659
5553.800	0.9551
5554.700	0.9503
5555.600	0.9570
5556.500	0.9644
5557.400	0.9664
5558.300	0.9688
5559.200	0.9682
5560.100	0.9631
5561.000	0.9605
5561.900	0.9569
5562.800	0.9504
5563.700	0.9501
5564.600	0.9516
5565.500	0.9484
5566.400	0.9480
5567.300	0.9490
5568.200	0.9428
5569.100	0.9326
5570.000	0.9306
5570.900	0.9353
5571.800	0.9311
5572.700	0.9253
5573.600	0.9352
5574.500	0.9470
5575.400	0.9450
5576.300	0.9447
5577.200	0.9533
5578.100	0.9590
5579.000	0.9613
5579.900	0.9635
5580.800	0.9569
5581.700	0.9469
5582.600	0.9479
5583.500	0.9562
5584.400	0.9562
5585.300	0.9397
5586.200	0.9149
5587.100	0.9014
5588.000	0.8990
5588.900	0.9026
5589.800	0.9171
5590.700	0.9352
5591.600	0.9441
5592.500	0.9412
5593.400	0.9286
5594.300	0.9198
5595.200	0.9278
5596.100	0.9363
5597.000	0.9287
5597.900	0.9163
5598.800	0.9168
5599.700	0.9246
5600.600	0.9230
5601.500	0.9117
5602.400	0.9029
5603.300	0.9134
5604.200	0.9357
5605.100	0.9465
5606.000	0.9501
5606.900	0.9518
5607.800	0.9483
5608.700	0.9471
5609.600	0.9491
5610.500	0.9493
5611.400	0.9491
5612.300	0.9508
5613.200	0.9460
5614.100	0.9256
5615.000	0.9017
5615.900	0.9021
5616.800	0.9235
5617.700	0.9413
5618.600	0.9481
5619.500	0.9487
5620.400	0.9458
5621.300	0.9431
5622.200	0.9413
5623.100	0.9330
5624.000	0.9189
5624.900	0.9164
5625.800	0.9309
5626.700	0.9444
5627.600	0.9472
5628.500	0.9460
5629.400	0.9469
5630.300	0.9506
5631.200	0.9517
5632.100	0.9467
5633.000	0.9386
5633.900	0.9348
5634.800	0.9361
5635.700	0.9354
5636.600	0.9298
5637.500	0.9240
5638.400	0.9257
5639.300	0.9321
5640.200	0.9327
5641.100	0.9300
5642.000	0.9333
5642.900	0.9368
5643.800	0.9358
5644.700	0.9336
5645.600	0.9332
5646.500	0.9364
5647.400	0.9381
5648.300	0.9397
5649.200	0.9391
5650.100	0.9347
5651.000	0.9344
5651.900	0.9376
5652.800	0.9362
5653.700	0.9274
5654.600	0.9152
5655.500	0.9118
5656.400	0.9162
5657.300	0.9051
5658.200	0.8873
5659.100	0.8935
5660.000	0.9165
5660.900	0.9270
5661.800	0.9196
5662.700	0.9136
5663.600	0.9206
5664.500	0.9289
5665.400	0.9273
5666.300	0.9227
5667.200	0.9229
5668.100	0.9258
5669.000	0.9272
5669.900	0.9311
5670.800	0.9362
5671.700	0.9393
5672.600	0.9403
5673.500	0.9349
5674.400	0.9252
5675.300	0.9189
5676.200	0.9258
5677.100	0.9356
5678.000	0.9345
5678.900	0.9275
5679.800	0.9244
5680.700	0.9218
5681.600	0.9145
5682.500	0.9078
5683.400	0.9082
5684.300	0.9094
5685.200	0.9100
5686.100	0.9085
5687.000	0.9022
5687.900	0.8957
5688.800	0.8976
5689.700	0.9063
5690.600	0.9120
5691.500	0.9144
5692.400	0.9169
5693.300	0.9153
5694.200	0.9131
5695.100	0.9126
5696.000	0.9154
5696.900	0.9203
5697.800	0.9172
5698.700	0.9129
5699.600	0.9136
5700.500	0.9096
5701.400	0.9013
5702.300	0.9033
5703.200	0.9129
5704.100	0.9144
5705.000	0.9067
5705.900	0.9012
5706.800	0.9024
5707.700	0.8994
5708.600	0.8857
5709.500	0.8772
5710.400	0.8798
5711.300	0.8862
5712.200	0.8956
5713.100	0.9025
5714.000	0.9051
5714.900	0.9078
5715.800	0.9108
5716.700	0.9114
5717.600	0.9089
5718.500	0.9118
5719.400	0.9176
5720.300	0.9222
5721.200	0.9209
5722.100	0.9169
5723.000	0.9174
5723.900	0.9205
5724.800	0.9179
5725.700	0.9139
5726.600	0.9175
5727.500	0.9207
5728.400	0.9164
5729.300	0.9097
5730.200	0.9077
5731.100	0.9048
5732.000	0.9018
5732.900	0.9060
5733.800	0.9124
5734.700	0.9147
5735.600	0.9124
5736.500	0.9097
5737.400	0.9128
5738.300	0.9119
5739.200	0.9108
5740.100	0.9123
5741.000	0.9110
5741.900	0.9067
5742.800	0.9046
5743.700	0.9085
5744.600	0.9119
5745.500	0.9078
5746.400	0.9017
5747.300	0.8990
5748.200	0.8998
5749.100	0.9035
5750.000	0.9080
5750.900	0.9072
5751.800	0.8962
5752.700	0.8844
5753.600	0.8787
5754.500	0.8856
5755.400	0.8952
5756.300	0.8988
5757.200	0.9012
5758.100	0.9035
5759.000	0.9025
5759.900	0.9009
5760.800	0.8987
5761.700	0.8925
5762.600	0.8864
5763.500	0.8887
5764.400	0.8985
5765.300	0.9047
5766.200	0.9067
5767.100	0.9068
5768.000	0.9036
5768.900	0.9014
5769.800	0.9030
5770.700	0.9025
5771.600	0.8963
5772.500	0.8936
5773.400	0.9009
5774.300	0.9029
5775.200	0.8972
5776.100	0.8960
5777.000	0.9003
5777.900	0.9035
5778.800	0.9031
5779.700	0.8977
5780.600	0.8900
5781.500	0.8896
5782.400	0.8950
5783.300	0.8954
5784.200	0.8909
5785.100	0.8846
5786.000	0.8834
5786.900	0.8897
5787.800	0.8940
5788.700	0.8935
5789.600	0.8931
5790.500	0.8918
5791.400	0.8892
5792.300	0.8893
5793.200	0.8906
5794.100	0.8910
5795.000	0.8938
5795.900	0.8937
5796.800	0.8897
5797.700	0.8897
5798.600	0.8951
5799.500	0.8980
5800.400	0.8956
5801.300	0.8928
5802.200	0.8940
5803.100	0.8968
5804.000	0.8954
5804.900	0.8901
5805.800	0.8850
5806.700	0.8863
5807.600	0.8914
5808.500	0.8930
5809.400	0.8909
5810.300	0.8915
5811.200	0.8931
5812.100	0.8942
5813.000	0.8958
5813.900	0.8959
5814.800	0.8923
5815.700	0.8891
5816.600	0.8889
5817.500	0.8904
5818.400	0.8920
5819.300	0.8950
5820.200	0.8979
5821.100	0.8967
5822.000	0.8936
5822.900	0.8936
5823.800	0.8965
5824.700	0.8999
5825.600	0.8997
5826.500	0.8978
5827.400	0.8973
5828.300	0.8969
5829.200	0.8982
5830.100	0.8980
5831.000	0.8974
5831.900	0.8982
5832.800	0.8984
5833.700	0.8969
5834.600	0.8940
5835.500	0.8925
5836.400	0.8909
5837.300	0.8881
5838.200	0.8898
5839.100	0.8964
5840.000	0.8982
5840.900	0.8945
5841.800	0.8940
5842.700	0.8967
5843.600	0.8993
5844.500	0.8987
5845.400	0.8920
5846.300	0.8861
5847.200	0.8842
5848.100	0.8849
5849.000	0.8874
5849.900	0.8901
5850.800	0.8897
5851.700	0.8870
5852.600	0.8829
5853.500	0.8780
5854.400	0.8785
5855.300	0.8838
5856.200	0.8817
5857.100	0.8680
5858.000	0.8611
5858.900	0.8687
5859.800	0.8741
5860.700	0.8769
5861.600	0.8806
5862.500	0.8834
5863.400	0.8847
5864.300	0.8858
5865.200	0.8873
5866.100	0.8884
5867.000	0.8900
5867.900	0.8907
5868.800	0.8888
5869.700	0.8874
5870.600	0.8884
5871.500	0.8918
5872.400	0.8925
5873.300	0.8889
5874.200	0.8835
5875.100	0.8782
5876.000	0.8810
5876.900	0.8865
5877.800	0.8855
5878.700	0.8843
5879.600	0.8868
5880.500	0.8875
5881.400	0.8831
5882.300	0.8781
5883.200	0.8738
5884.100	0.8677
5885.000	0.8661
5885.900	0.8674
5886.800	0.8668
5887.700	0.8616
5888.600	0.8349
5889.500	0.7883
5890.400	0.7714
5891.300	0.8062
5892.200	0.8441
5893.100	0.8591
5894.000	0.8556
5894.900	0.8303
5895.800	0.7963
5896.700	0.7971
5897.600	0.8347
5898.500	0.8599
5899.400	0.8641
5900.300	0.8665
5901.200	0.8721
5902.100	0.8764
5903.000	0.8777
5903.900	0.8777
5904.800	0.8761
5905.700	0.8731
5906.600	0.8707
5907.500	0.8718
5908.400	0.8739
5909.300	0.8727
5910.200	0.8725
5911.100	0.8752
5912.000	0.8782
5912.900	0.8763
5913.800	0.8657
5914.700	0.8582
5915.600	0.8615
5916.500	0.8659
5917.400	0.8653
5918.300	0.8590
5919.200	0.8584
5920.100	0.8663
5921.000	0.8727
5921.900	0.8742
5922.800	0.8725
5923.700	0.8703
5924.600	0.8721
5925.500	0.8749
5926.400	0.8748
5927.300	0.8723
5928.200	0.8701
5929.100	0.8658
5930.000	0.8609
5930.900	0.8607
5931.800	0.8636
5932.700	0.8664
5933.600	0.8663
5934.500	0.8635
5935.400	0.8644
5936.300	0.8693
5937.200	0.8732
5938.100	0.8741
5939.000	0.8711
5939.900	0.8641
5940.800	0.8555
5941.700	0.8528
5942.600	0.8563
5943.500	0.8603
5944.400	0.8600
5945.300	0.8558
5946.200	0.8533
5947.100	0.8523
5948.000	0.8489
5948.900	0.8443
5949.800	0.8469
5950.700	0.8565
5951.600	0.8601
5952.500	0.8590
5953.400	0.8601
5954.300	0.8632
5955.200	0.8648
5956.100	0.8598
5957.000	0.8524
5957.900	0.8512
5958.800	0.8562
5959.700	0.8616
5960.600	0.8611
5961.500	0.8598
5962.400	0.8624
5963.300	0.8641
5964.200	0.8647
5965.100	0.8656
5966.000	0.8654
5966.900	0.8634
5967.800	0.8599
5968.700	0.8604
5969.600	0.8604
5970.500	0.8586
5971.400	0.8603
5972.300	0.8603
5973.200	0.8560
5974.100	0.8519
5975.000	0.8493
5975.900	0.8481
5976.800	0.8480
5977.700	0.8514
5978.600	0.8564
5979.500	0.8594
5980.400	0.8618
5981.300	0.8621
5982.200	0.8576
5983.100	0.8469
5984.000	0.8356
5984.900	0.8296
5985.800	0.8320
5986.700	0.8368
5987.600	0.8403
5988.500	0.8466
5989.400	0.8512
5990.300	0.8498
5991.200	0.8476
5992.100	0.8473
5993.000	0.8495
5993.900	0.8513
5994.800	0.8500
5995.700	0.8492
5996.600	0.8489
5997.500	0.8485
5998.400	0.8501
5999.300	0.8507
6000.200	0.8499
6001.100	0.8491
6002.000	0.8457
6002.900	0.8424
6003.800	0.8454
6004.700	0.8531
6005.600	0.8566
6006.500	0.8529
6007.400	0.8460
6008.300	0.8408
6009.200	0.8413
6010.100	0.8441
6011.000	0.8457
6011.900	0.8473
6012.800	0.8463
6013.700	0.8431
6014.600	0.8435
6015.500	0.8456
6016.400	0.8466
6017.300	0.8477
6018.200	0.8488
6019.100	0.8456
6020.000	0.8376
6020.900	0.8316
6021.800	0.8319
6022.700	0.8346
6023.600	0.8322
6024.500	0.8274
6025.400	0.8302
6026.300	0.8340
6027.200	0.8337
6028.100	0.8349
6029.000	0.8388
6029.900	0.8410
6030.800	0.8408
6031.700	0.8414
6032.600	0.8444
6033.500	0.8463
6034.400	0.8456
6035.300	0.8429
6036.200	0.8418
6037.100	0.8432
6038.000	0.8454
6038.900	0.8455
6039.800	0.8419
6040.700	0.8390
6041.600	0.8378
6042.500	0.8377
6043.400	0.8385
6044.300	0.8365
6045.200	0.8348
6046.100	0.8365
6047.000	0.8374
6047.900	0.8356
6048.800	0.8349
6049.700	0.8368
6050.600	0.8382
6051.500	0.8389
6052.400	0.8376
6053.300	0.8336
6054.200	0.8311
6055.100	0.8287
6056.000	0.8264
6056.900	0.8294
6057.800	0.8343
6058.700	0.8362
6059.600	0.8371
6060.500	0.8372
6061.400	0.8342
6062.300	0.8329
6063.200	0.8356
6064.100	0.8330
6065.000	0.8225
6065.900	0.8164
6066.800	0.8231
6067.700	0.8334
6068.600	0.8344
6069.500	0.8317
6070.400	0.8325
6071.300	0.8333
6072.200	0.8345
6073.100	0.8366
6074.000	0.8369
6074.900	0.8349
6075.800	0.8326
6076.700	0.8293
6077.600	0.8234
6078.500	0.8155
6079.400	0.8136
6080.300	0.8205
6081.200	0.8291
6082.100	0.8327
6083.000	0.8316
6083.900	0.8312
6084.800	0.8302
6085.700	0.8285
6086.600	0.8262
6087.500	0.8270
6088.400	0.8302
6089.300	0.8308
6090.200	0.8311
6091.100	0.8311
6092.000	0.8283
6092.900	0.8243
6093.800	0.8205
6094.700	0.8204
6095.600	0.8214
6096.500	0.8214
6097.400	0.8221
6098.300	0.8241
6099.200	0.8254
6100.100	0.8232
6101.000	0.8176
6101.900	0.8055
6102.800	0.7945
6103.700	0.8002
6104.600	0.8148
6105.500	0.8232
6106.400	0.8246
6107.300	0.8232
6108.200	0.8234
6109.100	0.8266
6110.000	0.8288
6110.900	0.8264
6111.800	0.8250
6112.700	0.8274
6113.600	0.8294
6114.500	0.8292
6115.400	0.8269
6116.300	0.8234
6117.200	0.8230
6118.100	0.8261
6119.000	0.8280
6119.900	0.8265
6120.800	0.8190
6121.700	0.8057
6122.600	0.7979
6123.500	0.8080
6124.400	0.8227
6125.300	0.8263
6126.200	0.8261
6127.100	0.8254
6128.000	0.8215
6128.900	0.8181
6129.800	0.8172
6130.700	0.8172
6131.600	0.8167
6132.500	0.8179
6133.400	0.8235
6134.300	0.8270
6135.200	0.8198
6136.100	0.7977
6137.000	0.7760
6137.900	0.7739
6138.800	0.7897
6139.700	0.8069
6140.600	0.8093
6141.500	0.8006
6142.400	0.7985
6143.300	0.8082
6144.200	0.8171
6145.100	0.8179
6146.000	0.8181
6146.900	0.8206
6147.800	0.8198
6148.700	0.8178
6149.600	0.8158
6150.500	0.8158
6151.400	0.8157
6152.300	0.8133
6153.200	0.8142
6154.100	0.8142
6155.000	0.8109
6155.900	0.8100
6156.800	0.8122
6157.700	0.8153
6158.600	0.8179
6159.500	0.8186
6160.400	0.8103
6161.300	0.7894
6162.200	0.7721
6163.100	0.7774
6164.000	0.7952
6164.900	0.8031
6165.800	0.8019
6166.700	0.8017
6167.600	0.8031
6168.500	0.7952
6169.400	0.7791
6170.300	0.7753
6171.200	0.7909
6172.100	0.8038
6173.000	0.8063
6173.900	0.8050
6174.800	0.8016
6175.700	0.7987
6176.600	0.8016
6177.500	0.8094
6178.400	0.8143
6179.300	0.8132
6180.200	0.8110
6181.100	0.8091
6182.000	0.8069
6182.900	0.8083
6183.800	0.8121
6184.700	0.8130
6185.600	0.8110
6186.500	0.8083
6187.400	0.8081
6188.300	0.8079
6189.200	0.8055
6190.100	0.7991
6191.000	0.7877
6191.900	0.7806
6192.800	0.7865
6193.700	0.7967
6194.600	0.8004
6195.500	0.8004
6196.400	0.8018
6197.300	0.8043
6198.200	0.8050
6199.100	0.8055
6200.000	0.8053
6200.900	0.8049
6201.800	0.8053
6202.700	0.8057
6203.600	0.8076
6204.500	0.8098
6205.400	0.8085
6206.300	0.8043
6207.200	0.8024
6208.100	0.8000
6209.000	0.7981
6209.900	0.8014
6210.800	0.8042
6211.700	0.8021
6212.600	0.7961
6213.500	0.7893
6214.400	0.7881
6215.300	0.7900
6216.200	0.7949
6217.100	0.8009
6218.000	0.7996
6218.900	0.7935
6219.800	0.7906
6220.700	0.7945
6221.600	0.7994
6222.500	0.8041
6223.400	0.8072
6224.300	0.8067
6225.200	0.8040
6226.100	0.7999
6227.000	0.7970
6227.900	0.7961
6228.800	0.7960
6229.700	0.7911
6230.600	0.7810
6231.500	0.7780
6232.400	0.7870
6233.300	0.7943
6234.200	0.7984
6235.100	0.8033
6236.000	0.8055
6236.900	0.8014
6237.800	0.7920
6238.700	0.7891
6239.600	0.7912
6240.500	0.7921
6241.400	0.7916
6242.300	0.7939
6243.200	0.7960
6244.100	0.7941
6245.000	0.7900
6245.900	0.7839
6246.800	0.7791
6247.700	0.7805
6248.600	0.7863
6249.500	0.7949
6250.400	0.8031
6251.300	0.8024
6252.200	0.7918
6253.100	0.7811
6254.000	0.7765
6254.900	0.7798
6255.800	0.7854
6256.700	0.7882
6257.600	0.7888
6258.500	0.7893
6259.400	0.7907
6260.300	0.7929
6261.200	0.7956
6262.100	0.7981
6263.000	0.8013
6263.900	0.8002
6264.800	0.7961
6265.700	0.7957
6266.600	0.7995
6267.500	0.8012
6268.400	0.7976
6269.300	0.7959
6270.200	0.7967
6271.100	0.7971
6272.000	0.7978
6272.900	0.7998
6273.800	0.7985
6274.700	0.7946
6275.600	0.7933
6276.500	0.7943
6277.400	0.7969
6278.300	0.7986
6279.200	0.7970
6280.100	0.7914
6281.000	0.7867
6281.900	0.7884
6282.800	0.7957
6283.700	0.8013
6284.600	0.7999
6285.500	0.7967
6286.400	0.7936
6287.300	0.7925
6288.200	0.7948
6289.100	0.7937
6290.000	0.7875
6290.900	0.7811
6291.800	0.7795
6292.700	0.7830
6293.600	0.7880
6294.500	0.7907
6295.400	0.7909
6296.300	0.7895
6297.200	0.7860
6298.100	0.7816
6299.000	0.7817
6299.900	0.7828
6300.800	0.7764
6301.700	0.7695
6302.600	0.7691
6303.500	0.7767
6304.400	0.7875
6305.300	0.7898
6306.200	0.7867
6307.100	0.7846
6308.000	0.7827
6308.900	0.7814
6309.800	0.7814
6310.700	0.7808
6311.600	0.7790
6312.500	0.7780
6313.400	0.7784
6314.300	0.7753
6315.200	0.7695
6316.100	0.7694
6317.000	0.7720
6317.900	0.7668
6318.800	0.7613
6319.700	0.7664
6320.600	0.7737
6321.500	0.7759
6322.400	0.7722
6323.300	0.7700
6324.200	0.7730
6325.100	0.7772
6326.000	0.7803
6326.900	0.7836
6327.800	0.7833
6328.700	0.7817
6329.600	0.7789
6330.500	0.7771
6331.400	0.7781
6332.300	0.7778
6333.200	0.7761
6334.100	0.7738
6335.000	0.7668
6335.900	0.7587
6336.800	0.7562
6337.700	0.7613
6338.600	0.7714
6339.500	0.7763
6340.400	0.7777
6341.300	0.7764
6342.200	0.7756
6343.100	0.7740
6344.000	0.7725
6344.900	0.7712
6345.800	0.7711
6346.700	0.7691
6347.600	0.7664
6348.500	0.7711
6349.400	0.7762
6350.300	0.7783
6351.200	0.7790
6352.100	0.7786
6353.000	0.7770
6353.900	0.7730
6354.800	0.7687
6355.700	0.7691
6356.600	0.7714
6357.500	0.7711
6358.400	0.7706
6359.300	0.7703
6360.200	0.7706
6361.100	0.7692
6362.000	0.7648
6362.900	0.7623
6363.800	0.7633
6364.700	0.7667
6365.600	0.7708
6366.500	0.7752
6367.400	0.7759
6368.300	0.7758
6369.200	0.7761
6370.100	0.7762
6371.000	0.7734
6371.900	0.7718
6372.800	0.7740
6373.700	0.7751
6374.600	0.7754
6375.500	0.7788
6376.400	0.7793
6377.300	0.7762
6378.200	0.7748
6379.100	0.7745
6380.000	0.7748
6380.900	0.7749
6381.800	0.7735
6382.700	0.7716
6383.600	0.7703
6384.500	0.7696
6385.400	0.7698
6386.300	0.7713
6387.200	0.7740
6388.100	0.7758
6389.000	0.7730
6389.900	0.7686
6390.800	0.7649
6391.700	0.7641
6392.600	0.7626
6393.500	0.7538
6394.400	0.7524
6395.300	0.7644
6396.200	0.7735
6397.100	0.7720
6398.000	0.7669
6398.900	0.7597
6399.800	0.7492
6400.700	0.7457
6401.600	0.7585
6402.500	0.7701
6403.400	0.7694
6404.300	0.7629
6405.200	0.7582
6406.100	0.7569
6407.000	0.7542
6407.900	0.7488
6408.800	0.7510
6409.700	0.7569
6410.600	0.7525
6411.500	0.7432
6412.400	0.7443
6413.300	0.7524
6414.200	0.7578
6415.100	0.7599
6416.000	0.7592
6416.900	0.7551
6417.800	0.7531
6418.700	0.7553
6419.600	0.7527
6420.500	0.7452
6421.400	0.7433
6422.300	0.7497
6423.200	0.7559
6424.100	0.7587
6425.000	0.7597
6425.900	0.7614
6426.800	0.7616
6427.700	0.7612
6428.600	0.7622
6429.500	0.7565
6430.400	0.7438
6431.300	0.7381
6432.200	0.7445
6433.100	0.7501
6434.000	0.7531
6434.900	0.7574
6435.800	0.7600
6436.700	0.7594
6437.600	0.7536
6438.500	0.7405
6439.400	0.7300
6440.300	0.7374
6441.200	0.7512
6442.100	0.7545
6443.000	0.7535
6443.900	0.7552
6444.800	0.7568
6445.700	0.7577
6446.600	0.7560
6447.500	0.7532
6448.400	0.7507
6449.300	0.7438
6450.200	0.7364
6451.100	0.7373
6452.000	0.7436
6452.900	0.7505
6453.800	0.7546
6454.700	0.7521
6455.600	0.7396
6456.500	0.7289
6457.400	0.7304
6458.300	0.7388
6459.200	0.7463
6460.100	0.7488
6461.000	0.7468
6461.900	0.7348
6462.800	0.7184
6463.700	0.7230
6464.600	0.7413
6465.500	0.7525
6466.400	0.7533
6467.300	0.7490
6468.200	0.7442
6469.100	0.7403
6470.000	0.7398
6470.900	0.7393
6471.800	0.7356
6472.700	0.7328
6473.600	0.7350
6474.500	0.7388
6475.400	0.7385
6476.300	0.7370
6477.200	0.7403
6478.100	0.7418
6479.000	0.7398
6479.900	0.7407
6480.800	0.7422
6481.700	0.7392
6482.600	0.7351
6483.500	0.7346
6484.400	0.7376
6485.300	0.7407
6486.200	0.7453
6487.100	0.7490
6488.000	0.7489
6488.900	0.7465
6489.800	0.7425
6490.700	0.7346
6491.600	0.7277
6492.500	0.7247
6493.400	0.7168
6494.300	0.7002
6495.200	0.6886
6496.100	0.6893
6497.000	0.6966
6497.900	0.7125
6498.800	0.7263
6499.700	0.7292
6500.600	0.7319
6501.500	0.7376
6502.400	0.7405
6503.300	0.7394
6504.200	0.7377
6505.100	0.7377
6506.000	0.7394
6506.900	0.7416
6507.800	0.7423
6508.700	0.7402
6509.600	0.7363
6510.500	0.7339
6511.400	0.7355
6512.300	0.7381
6513.200	0.7380
6514.100	0.7308
6515.000	0.7172
6515.900	0.7059
6516.800	0.7063
6517.700	0.7156
6518.600	0.7227
6519.500	0.7263
6520.400	0.7289
6521.300	0.7295
6522.200	0.7289
6523.100	0.7264
6524.000	0.7238
6524.900	0.7236
6525.800	0.7236
6526.700	0.7241
6527.600	0.7270
6528.500	0.7301
6529.400	0.7308
6530.300	0.7284
6531.200	0.7235
6532.100	0.7186
6533.000	0.7180
6533.900	0.7186
6534.800	0.7169
6535.700	0.7172
6536.600	0.7199
6537.500	0.7214
6538.400	0.7205
6539.300	0.7176
6540.200	0.7145
6541.100	0.7114
6542.000	0.7083
6542.900	0.7047
6543.800	0.7003
6544.700	0.6977
6545.600	0.6927
6546.500	0.6843
6547.400	0.6804
6548.300	0.6811
6549.200	0.6830
6550.100	0.6860
6551.000	0.6864
6551.900	0.6801
6552.800	0.6717
6553.700	0.6670
6554.600	0.6629
6555.500	0.6542
6556.400	0.6417
6557.300	0.6300
6558.200	0.6204
6559.100	0.6061
6560.000	0.5796
6560.900	0.5326
6561.800	0.4559
6562.700	0.3771
6563.600	0.3662
6564.500	0.4384
6565.400	0.5230
6566.300	0.5746
6567.200	0.6029
6568.100	0.6193
6569.000	0.6299
6569.900	0.6406
6570.800	0.6513
6571.700	0.6603
6572.600	0.6667
6573.500	0.6697
6574.400	0.6708
6575.300	0.6731
6576.200	0.6782
6577.100	0.6845
6578.000	0.6883
6578.900	0.6895
6579.800	0.6908
6580.700	0.6937
6581.600	0.6967
6582.500	0.6982
6583.400	0.6981
6584.300	0.6973
6585.200	0.6970
6586.100	0.6965
6587.000	0.6976
6587.900	0.6984
6588.800	0.6992
6589.700	0.7054
6590.600	0.7117
6591.500	0.7087
6592.400	0.6953
6593.300	0.6829
6594.200	0.6844
6595.100	0.6965
6596.000	0.7050
6596.900	0.7055
6597.800	0.7016
6598.700	0.6979
6599.600	0.6991
6600.500	0.7065
6601.400	0.7109
6602.300	0.7060
6603.200	0.7009
6604.100	0.7012
6605.000	0.7016
6605.900	0.7026
6606.800	0.7034
6607.700	0.7029
6608.600	0.7026
6609.500	0.7038
6610.400	0.7083
6611.300	0.7123
6612.200	0.7132
6613.100	0.7112
6614.000	0.7079
6614.900	0.7058
6615.800	0.7049
6616.700	0.7077
6617.600	0.7117
6618.500	0.7123
6619.400	0.7105
6620.300	0.7083
6621.200	0.7075
6622.100	0.7104
6623.000	0.7140
6623.900	0.7148
6624.800	0.7127
6625.700	0.7106
6626.600	0.7087
6627.500	0.7052
6628.400	0.7027
6629.300	0.7029
6630.200	0.7041
6631.100	0.7052
6632.000	0.7055
6632.900	0.7045
6633.800	0.7014
6634.700	0.6994
6635.600	0.7005
6636.500	0.7040
6637.400	0.7058
6638.300	0.7028
6639.200	0.6994
6640.100	0.6979
6641.000	0.6998
6641.900	0.7027
6642.800	0.7007
6643.700	0.6952
6644.600	0.6928
6645.500	0.6966
6646.400	0.7000
6647.300	0.7013
6648.200	0.7023
6649.100	0.7030
6650.000	0.7054
6650.900	0.7081
6651.800	0.7085
6652.700	0.7089
6653.600	0.7087
6654.500	0.7077
6655.400	0.7064
6656.300	0.7047
6657.200	0.7049
6658.100	0.7066
6659.000	0.7053
6659.900	0.7023
6660.800	0.7033
6661.700	0.7053
6662.600	0.7020
6663.500	0.6969
6664.400	0.6977
6665.300	0.7041
6666.200	0.7055
6667.100	0.7033
6668.000	0.7040
6668.900	0.7071
6669.800	0.7104
6670.700	0.7093
6671.600	0.7057
6672.500	0.7065
6673.400	0.7085
6674.300	0.7055
6675.200	0.7028
6676.100	0.7006
6677.000	0.6947
6677.900	0.6867
6678.800	0.6867
6679.700	0.6962
6680.600	0.7032
6681.500	0.7060
6682.400	0.7077
6683.300	0.7077
6684.200	0.7039
6685.100	0.6979
6686.000	0.6970
6686.900	0.7002
6687.800	0.7018
6688.700	0.7020
6689.600	0.7027
6690.500	0.7037
6691.400	0.7004
6692.300	0.6959
6693.200	0.6965
6694.100	0.6996
6695.000	0.7027
6695.900	0.7038
6696.800	0.7024
6697.700	0.7024
6698.600	0.7039
6699.500	0.7034
6700.400	0.7005
6701.300	0.7007
6702.200	0.7040
6703.100	0.7063
6704.000	0.7057
6704.900	0.7018
6705.800	0.6982
6706.700	0.6973
6707.600	0.6976
6708.500	0.6994
6709.400	0.7029
6710.300	0.7036
6711.200	0.7033
6712.100	0.7023
6713.000	0.6986
6713.900	0.6946
6714.800	0.6922
6715.700	0.6928
6716.600	0.6902
6717.500	0.6836
6718.400	0.6827
6719.300	0.6907
6720.200	0.6983
6721.100	0.6989
6722.000	0.6949
6722.900	0.6945
6723.800	0.6975
6724.700	0.6995
6725.600	0.6969
6726.500	0.6922
6727.400	0.6927
6728.300	0.6969
6729.200	0.6999
6730.100	0.7008
6731.000	0.6981
6731.900	0.6932
6732.800	0.6900
6733.700	0.6883
6734.600	0.6884
6735.500	0.6920
6736.400	0.6958
6737.300	0.6961
6738.200	0.6952
6739.100	0.6934
6740.000	0.6923
6740.900	0.6935
6741.800	0.6946
6742.700	0.6933
6743.600	0.6905
6744.500	0.6892
6745.400	0.6879
6746.300	0.6862
6747.200	0.6866
6748.100	0.6870
6749.000	0.6858
6749.900	0.6840
6750.800	0.6839
6751.700	0.6858
6752.600	0.6879
6753.500	0.6888
6754.400	0.6904
6755.300	0.6913
6756.200	0.6888
6757.100	0.6850
6758.000	0.6844
6758.900	0.6854
6759.800	0.6852
6760.700	0.6860
6761.600	0.6889
6762.500	0.6904
6763.400	0.6895
6764.300	0.6892
6765.200	0.6914
6766.100	0.6904
6767.000	0.6835
6767.900	0.6770
6768.800	0.6776
6769.700	0.6837
6770.600	0.6860
6771.500	0.6824
6772.400	0.6784
6773.300	0.6779
6774.200	0.6781
6775.100	0.6753
6776.000	0.6743
6776.900	0.6782
6777.800	0.6816
6778.700	0.6808
6779.600	0.6782
6780.500	0.6776
6781.400	0.6782
6782.300	0.6769
6783.200	0.6756
6784.100	0.6754
6785.000	0.6757
6785.900	0.6760
6786.800	0.6747
6787.700	0.6758
6788.600	0.6811
6789.500	0.6855
6790.400	0.6854
6791.300	0.6823
6792.200	0.6794
6793.100	0.6779
6794.000	0.6783
6794.900	0.6784
6795.800	0.6753
6796.700	0.6705
6797.600	0.6686
6798.500	0.6699
6799.400	0.6717
6800.300	0.6727
6801.200	0.6754
6802.100	0.6795
6803.000	0.6805
6803.900	0.6765
6804.800	0.6724
6805.700	0.6729
6806.600	0.6747
6807.500	0.6764
6808.400	0.6786
6809.300	0.6779
6810.200	0.6739
6811.100	0.6704
6812.000	0.6711
6812.900	0.6743
6813.800	0.6764
6814.700	0.6774
6815.600	0.6766
6816.500	0.6769
6817.400	0.6789
6818.300	0.6780
6819.200	0.6754
6820.100	0.6725
6821.000	0.6698
6821.900	0.6699
6822.800	0.6719
6823.700	0.6730
6824.600	0.6727
6825.500	0.6711
6826.400	0.6684
6827.300	0.6670
6828.200	0.6678
6829.100	0.6698
6830.000	0.6731
6830.900	0.6763
6831.800	0.6757
6832.700	0.6736
6833.600	0.6728
6834.500	0.6750
6835.400	0.6780
6836.300	0.6792
6837.200	0.6781
6838.100	0.6732
6839.000	0.6669
6839.900	0.6618
6840.800	0.6599
6841.700	0.6619
6842.600	0.6631
6843.500	0.6605
6844.400	0.6589
6845.300	0.6617
6846.200	0.6656
6847.100	0.6694
6848.000	0.6722
6848.900	0.6733
6849.800	0.6741
6850.700	0.6760
6851.600	0.6766
6852.500	0.6742
6853.400	0.6703
6854.300	0.6663
6855.200	0.6617
6856.100	0.6580
6857.000	0.6579
6857.900	0.6597
6858.800	0.6608
6859.700	0.6611
6860.600	0.6631
6861.500	0.6671
6862.400	0.6695
6863.300	0.6699
6864.200	0.6682
6865.100	0.6644
6866.000	0.6620
6866.900	0.6597
6867.800	0.6590
6868.700	0.6702
6869.600	0.6810
6870.500	0.6777
6871.400	0.6702
6872.300	0.6662
6873.200	0.6641
6874.100	0.6639
6875.000	0.6608
6875.900	0.6607
6876.800	0.6629
6877.700	0.6649
6878.600	0.6668
6879.500	0.6667
6880.400	0.6673
6881.300	0.6652
6882.200	0.6608
6883.100	0.6588
6884.000	0.6606
6884.900	0.6641
6885.800	0.6604
6886.700	0.6577
6887.600	0.6639
6888.500	0.6690
6889.400	0.6660
6890.300	0.6678
6891.200	0.6737
6892.100	0.6731
6893.000	0.6720
6893.900	0.6756
6894.800	0.6757
6895.700	0.6685
6896.600	0.6655
6897.500	0.6710
6898.400	0.6740
6899.300	0.6686
6900.200	0.6640
6901.100	0.6665
6902.000	0.6695
6902.900	0.6661
6903.800	0.6637
6904.700	0.6696
6905.600	0.6756
6906.500	0.6751
6907.400	0.6700
6908.300	0.6651
6909.200	0.6646
6910.100	0.6703
6911.000	0.6720
6911.900	0.6679
6912.800	0.6658
6913.700	0.6671
6914.600	0.6653
6915.500	0.6576
6916.400	0.6513
6917.300	0.6528
6918.200	0.6586
6919.100	0.6626
6920.000	0.6644
6920.900	0.6640
6921.800	0.6631
6922.700	0.6639
6923.600	0.6645
6924.500	0.6660
6925.400	0.6660
6926.300	0.6637
6927.200	0.6633
6928.100	0.6620
6929.000	0.6599
6929.900	0.6582
6930.800	0.6568
6931.700	0.6571
6932.600	0.6566
6933.500	0.6568
6934.400	0.6581
6935.300	0.6599
6936.200	0.6608
6937.100	0.6579
6938.000	0.6541
6938.900	0.6501
6939.800	0.6456
6940.700	0.6460
6941.600	0.6491
6942.500	0.6507
6943.400	0.6531
6944.300	0.6545
6945.200	0.6547
6946.100	0.6540
6947.000	0.6521
6947.900	0.6509
6948.800	0.6528
6949.700	0.6540
6950.600	0.6558
6951.500	0.6556
6952.400	0.6546
6953.300	0.6547
6954.200	0.6559
6955.100	0.6551
6956.000	0.6524
6956.900	0.6524
6957.800	0.6561
6958.700	0.6561
6959.600	0.6507
6960.500	0.6476
6961.400	0.6500
6962.300	0.6560
6963.200	0.6600
6964.100	0.6611
6965.000	0.6617
6965.900	0.6600
6966.800	0.6552
6967.700	0.6532
6968.600	0.6572
6969.500	0.6604
6970.400	0.6607
6971.300	0.6608
6972.200	0.6604
6973.100	0.6596
6974.000	0.6598
6974.900	0.6595
6975.800	0.6556
6976.700	0.6495
6977.600	0.6458
6978.500	0.6445
6979.400	0.6437
6980.300	0.6469
6981.200	0.6534
6982.100	0.6587
6983.000	0.6604
6983.900	0.6570
6984.800	0.6517
6985.700	0.6480
6986.600	0.6462
6987.500	0.6480
6988.400	0.6505
6989.300	0.6496
6990.200	0.6483
6991.100	0.6475
6992.000	0.6474
6992.900	0.6475
6993.800	0.6464
6994.700	0.6478
6995.600	0.6526
6996.500	0.6549
6997.400	0.6521
6998.300	0.6473
6999.200	0.6433
7000.100	0.6403
7001.000	0.6398
7001.900	0.6432
7002.800	0.6458
7003.700	0.6418
7004.600	0.6334
7005.500	0.6280
7006.400	0.6273
7007.300	0.6296
7008.200	0.6340
7009.100	0.6380
7010.000	0.6402
7010.900	0.6395
7011.800	0.6373
7012.700	0.6379
7013.600	0.6397
7014.500	0.6382
7015.400	0.6333
7016.300	0.6277
7017.200	0.6274
7018.100	0.6356
7019.000	0.6465
7019.900	0.6524
7020.800	0.6515
7021.700	0.6481
7022.600	0.6447
7023.500	0.6407
7024.400	0.6379
7025.300	0.6376
7026.200	0.6373
7027.100	0.6343
7028.000	0.6317
7028.900	0.6353
7029.800	0.6399
7030.700	0.6413
7031.600	0.6406
7032.500	0.6387
7033.400	0.6355
7034.300	0.6303
7035.200	0.6239
7036.100	0.6189
7037.000	0.6166
7037.900	0.6174
7038.800	0.6195
7039.700	0.6223
7040.600	0.6286
7041.500	0.6380
7042.400	0.6441
7043.300	0.6428
7044.200	0.6382
7045.100	0.6368
7046.000	0.6392
7046.900	0.6425
7047.800	0.6464
7048.700	0.6491
7049.600	0.6475
7050.500	0.6429
7051.400	0.6400
7052.300	0.6376
7053.200	0.6332
7054.100	0.6310
7055.000	0.6310
7055.900	0.6299
7056.800	0.6270
7057.700	0.6244
7058.600	0.6250
7059.500	0.6271
7060.400	0.6270
7061.300	0.6248
7062.200	0.6244
7063.100	0.6261
7064.000	0.6294
7064.900	0.6330
7065.800	0.6337
7066.700	0.6302
7067.600	0.6245
7068.500	0.6218
7069.400	0.6244
7070.300	0.6280
7071.200	0.6291
7072.100	0.6288
7073.000	0.6291
7073.900	0.6310
7074.800	0.6329
7075.700	0.6340
7076.600	0.6327
7077.500	0.6290
7078.400	0.6274
7079.300	0.6293
7080.200	0.6324
7081.100	0.6355
7082.000	0.6375
7082.900	0.6365
7083.800	0.6316
7084.700	0.6258
7085.600	0.6232
7086.500	0.6225
7087.400	0.6226
7088.300	0.6244
7089.200	0.6265
7090.100	0.6245
7091.000	0.6211
7091.900	0.6214
7092.800	0.6243
7093.700	0.6245
7094.600	0.6203
7095.500	0.6163
7096.400	0.6171
7097.300	0.6190
7098.200	0.6178
7099.100	0.6185
7100.000	0.6203
7100.900	0.6221
7101.800	0.6263
7102.700	0.6287
7103.600	0.6247
7104.500	0.6205
7105.400	0.6224
7106.300	0.6226
7107.200	0.6196
7108.100	0.6206
7109.000	0.6236
7109.900	0.6244
7110.800	0.6222
7111.700	0.6207
7112.600	0.6200
7113.500	0.6203
7114.400	0.6205
7115.300	0.6196
7116.200	0.6183
7117.100	0.6187
7118.000	0.6188
7118.900	0.6192
7119.800	0.6205
7120.700	0.6204
7121.600	0.6172
7122.500	0.6122
7123.400	0.6114
7124.300	0.6164
7125.200	0.6238
7126.100	0.6259
7127.000	0.6252
7127.900	0.6291
7128.800	0.6302
7129.700	0.6304
7130.600	0.6257
7131.500	0.6223
7132.400	0.6259
7133.300	0.6314
7134.200	0.6362
7135.100	0.6392
7136.000	0.6391
7136.900	0.6399
7137.800	0.6413
7138.700	0.6433
7139.600	0.6452
7140.500	0.6439
7141.400	0.6425
7142.300	0.6422
7143.200	0.6419
7144.100	0.6422
7145.000	0.6434
7145.900	0.6430
7146.800	0.6385
7147.700	0.6306
7148.600	0.6222
7149.500	0.6229
7150.400	0.6314
7151.300	0.6389
7152.200	0.6407
7153.100	0.6398
7154.000	0.6401
7154.900	0.6401
7155.800	0.6393
7156.700	0.6400
7157.600	0.6427
7158.500	0.6440
7159.400	0.6450
7160.300	0.6447
7161.200	0.6428
7162.100	0.6400
7163.000	0.6355
7163.900	0.6298
7164.800	0.6217
7165.700	0.6153
7166.600	0.6150
7167.500	0.6189
7168.400	0.6247
7169.300	0.6282
7170.200	0.6246
7171.100	0.6230
7172.000	0.6263
7172.900	0.6273
7173.800	0.6257
7174.700	0.6256
7175.600	0.6254
7176.500	0.6248
7177.400	0.6244
7178.300	0.6270
7179.200	0.6289
7180.100	0.6248
7181.000	0.6197
7181.900	0.6181
7182.800	0.6228
7183.700	0.6259
7184.600	0.6255
7185.500	0.6297
7186.400	0.6302
7187.300	0.6287
7188.200	0.6314
7189.100	0.6293
7190.000	0.6224
7190.900	0.6187
7191.800	0.6191
7192.700	0.6227
7193.600	0.6213
7194.500	0.6205
7195.400	0.6217
7196.300	0.6220
7197.200	0.6207
7198.100	0.6211
7199.000	0.6287
7199.900	0.6368
7200.800	0.6376
7201.700	0.6353
7202.600	0.6311
7203.500	0.6254
7204.400	0.6253
7205.300	0.6311
7206.200	0.6312
7207.100	0.6239
7208.000	0.6176
7208.900	0.6171
7209.800	0.6212
7210.700	0.6284
7211.600	0.6342
7212.500	0.6359
7213.400	0.6338
7214.300	0.6293
7215.200	0.6255
7216.100	0.6253
7217.000	0.6269
7217.900	0.6269
7218.800	0.6267
7219.700	0.6280
7220.600	0.6273
7221.500	0.6249
7222.400	0.6234
7223.300	0.6223
7224.200	0.6224
7225.100	0.6252
7226.000	0.6281
7226.900	0.6283
7227.800	0.6274
7228.700	0.6274
7229.600	0.6282
7230.500	0.6289
7231.400	0.6292
7232.300	0.6280
7233.200	0.6274
7234.100	0.6276
7235.000	0.6247
7235.900	0.6214
7236.800	0.6210
7237.700	0.6220
7238.600	0.6214
7239.500	0.6161
7240.400	0.6081
7241.300	0.6073
7242.200	0.6130
7243.100	0.6161
7244.000	0.6174
7244.900	0.6193
7245.800	0.6179
7246.700	0.6164
7247.600	0.6181
7248.500	0.6211
7249.400	0.6232
7250.300	0.6200
7251.200	0.6138
7252.100	0.6129
7253.000	0.6206
7253.900	0.6312
7254.800	0.6347
7255.700	0.6295
7256.600	0.6220
7257.500	0.6193
7258.400	0.6228
7259.300	0.6274
7260.200	0.6272
7261.100	0.6218
7262.000	0.6169
7262.900	0.6186
7263.800	0.6241
7264.700	0.6277
7265.600	0.6292
7266.500	0.6312
7267.400	0.6314
7268.300	0.6266
7269.200	0.6194
7270.100	0.6152
7271.000	0.6184
7271.900	0.6237
7272.800	0.6244
7273.700	0.6246
7274.600	0.6238
7275.500	0.6183
7276.400	0.6139
7277.300	0.6158
7278.200	0.6205
7279.100	0.6237
7280.000	0.6266
7280.900	0.6286
7281.800	0.6251
7282.700	0.6178
7283.600	0.6113
7284.500	0.6078
7285.400	0.6053
7286.300	0.6046
7287.200	0.6068
7288.100	0.6075
7289.000	0.6050
7289.900	0.6012
7290.800	0.6012
7291.700	0.6040
7292.600	0.6032
7293.500	0.6004
7294.400	0.5997
7295.300	0.6026
7296.200	0.6075
7297.100	0.6109
7298.000	0.6142
7298.900	0.6185
7299.800	0.6202
7300.700	0.6182
7301.600	0.6171
7302.500	0.6165
7303.400	0.6145
7304.300	0.6143
7305.200	0.6158
7306.100	0.6167
7307.000	0.6148
7307.900	0.6105
7308.800	0.6054
7309.700	0.6024
7310.600	0.6042
7311.500	0.6084
7312.400	0.6118
7313.300	0.6127
7314.200	0.6118
7315.100	0.6108
7316.000	0.6094
7316.900	0.6046
7317.800	0.5996
7318.700	0.6019
7319.600	0.6082
7320.500	0.6109
7321.400	0.6093
7322.300	0.6068
7323.200	0.6046
7324.100	0.6029
7325.000	0.6015
7325.900	0.5980
7326.800	0.5930
7327.700	0.5922
7328.600	0.5974
7329.500	0.6032
7330.400	0.6058
7331.300	0.6038
7332.200	0.6031
7333.100	0.6041
7334.000	0.6058
7334.900	0.6086
7335.800	0.6102
7336.700	0.6104
7337.600	0.6110
7338.500	0.6129
7339.400	0.6152
7340.300	0.6144
7341.200	0.6102
7342.100	0.6053
7343.000	0.6023
7343.900	0.6014
7344.800	0.6023
7345.700	0.6060
7346.600	0.6086
7347.500	0.6087
7348.400	0.6089
7349.300	0.6091
7350.200	0.6067
7351.100	0.6053
7352.000	0.6071
7352.900	0.6075
7353.800	0.6057
7354.700	0.6050
7355.600	0.6022
7356.500	0.5972
7357.400	0.5950
7358.300	0.5955
7359.200	0.5957
7360.100	0.5962
7361.000	0.5974
7361.900	0.5965
7362.800	0.5907
7363.700	0.5840
7364.600	0.5807
7365.500	0.5814
7366.400	0.5827
7367.300	0.5824
7368.200	0.5821
7369.100	0.5815
7370.000	0.5793
7370.900	0.5769
7371.800	0.5745
7372.700	0.5730
7373.600	0.5733
7374.500	0.5763
7375.400	0.5761
7376.300	0.5725
7377.200	0.5730
7378.100	0.5755
7379.000	0.5758
7379.900	0.5742
7380.800	0.5713
7381.700	0.5671
7382.600	0.5623
7383.500	0.5593
7384.400	0.5597
7385.300	0.5602
7386.200	0.5588
7387.100	0.5566
7388.000	0.5540
7388.900	0.5506
7389.800	0.5479
7390.700	0.5477
7391.600	0.5502
7392.500	0.5530
7393.400	0.5539
7394.300	0.5535
7395.200	0.5553
7396.100	0.5593
7397.000	0.5601
7397.900	0.5595
7398.800	0.5621
7399.700	0.5642
7400.600	0.5634
7401.500	0.5626
7402.400	0.5635
7403.300	0.5656
7404.200	0.5666
7405.100	0.5638
7406.000	0.5597
7406.900	0.5582
7407.800	0.5587
7408.700	0.5577
7409.600	0.5547
7410.500	0.5516
7411.400	0.5380
7412.300	0.4112
7413.200	0.1449
7414.100	0.0150
7415.000	0.0004
7415.900	0.0000
7416.800	0.0000
7417.700	0.0000
7418.600	0.0000
7419.500	0.0000
7420.400	0.0000
7421.300	0.0000
7422.200	0.0000
7423.100	0.0000
7424.000	0.0000
7424.900	0.0000
7425.800	0.0000
7426.700	0.0000
7427.600	0.0000
7428.500	0.0000
