3500.000	0.0000
3500.900	0.0000
3501.800	0.0000
3502.700	0.0000
3503.600	0.0000
3504.500	0.0000
3505.400	0.0000
3506.300	0.0000
3507.200	0.0000
3508.100	0.0000
3509.000	0.0000
3509.900	0.0000
3510.800	0.0000
3511.700	0.0000
3512.600	0.0000
3513.500	0.0000
3514.400	0.0000
3515.300	0.0000
3516.200	0.0000
3517.100	0.0000
3518.000	0.0000
3518.900	0.0000
3519.800	0.0000
3520.700	0.0000
3521.600	0.0000
3522.500	0.0000
3523.400	0.0000
3524.300	0.0000
3525.200	0.0000
3526.100	0.0000
3527.000	0.0000
3527.900	0.0000
3528.800	0.0000
3529.700	0.0000
3530.600	0.0000
3531.500	0.0000
3532.400	0.0000
3533.300	0.0000
3534.200	0.0000
3535.100	0.0199
3536.000	0.6147
3536.900	0.6361
3537.800	0.6497
3538.700	0.6738
3539.600	0.6858
3540.500	0.6711
3541.400	0.6576
3542.300	0.6638
3543.200	0.6802
3544.100	0.6896
3545.000	0.6871
3545.900	0.6878
3546.800	0.6874
3547.700	0.6816
3548.600	0.6883
3549.500	0.7046
3550.400	0.7112
3551.300	0.7025
3552.200	0.6904
3553.100	0.6767
3554.000	0.6700
3554.900	0.6831
3555.800	0.7006
3556.700	0.7069
3557.600	0.7096
3558.500	0.7123
3559.400	0.7069
3560.300	0.6947
3561.200	0.6945
3562.100	0.7193
3563.000	0.7397
3563.900	0.7085
3564.800	0.6334
3565.700	0.5832
3566.600	0.5950
3567.500	0.6230
3568.400	0.6136
3569.300	0.5805
3570.200	0.5759
3571.100	0.5977
3572.000	0.6135
3572.900	0.6160
3573.800	0.6173
3574.700	0.6268
3575.600	0.6464
3576.500	0.6698
3577.400	0.6794
3578.300	0.6749
3579.200	0.6557
3580.100	0.5999
3581.000	0.5533
3581.900	0.5784
3582.800	0.6242
3583.700	0.6128
3584.600	0.5560
3585.500	0.5146
3586.400	0.5106
3587.300	0.5302
3588.200	0.5574
3589.100	0.5850
3590.000	0.6264
3590.900	0.6763
3591.800	0.6937
3592.700	0.6771
3593.600	0.6715
3594.500	0.6840
3595.400	0.6958
3596.300	0.7047
3597.200	0.7084
3598.100	0.7113
3599.000	0.7175
3599.900	0.7129
3600.800	0.6850
3601.700	0.6433
3602.600	0.6117
3603.500	0.6023
3604.400	0.6047
3605.300	0.6091
3606.200	0.6196
3607.100	0.6240
3608.000	0.6025
3608.900	0.5787
3609.800	0.5836
3610.700	0.6143
3611.600	0.6320
3612.500	0.6065
3613.400	0.5813
3614.300	0.6132
3615.200	0.6710
3616.100	0.6810
3617.000	0.6260
3617.900	0.5549
3618.800	0.5348
3619.700	0.5699
3620.600	0.6155
3621.500	0.6495
3622.400	0.6613
3623.300	0.6494
3624.200	0.6455
3625.100	0.6805
3626.000	0.7317
3626.900	0.7499
3627.800	0.7438
3628.700	0.7262
3629.600	0.6624
3630.500	0.5709
3631.400	0.5363
3632.300	0.5741
3633.200	0.6041
3634.100	0.5983
3635.000	0.6023
3635.900	0.6222
3636.800	0.6416
3637.700	0.6714
3638.600	0.7085
3639.500	0.7249
3640.400	0.7051
3641.300	0.6703
3642.200	0.6374
3643.100	0.6142
3644.000	0.5974
3644.900	0.5990
3645.800	0.6235
3646.700	0.6355
3647.600	0.6293
3648.500	0.6326
3649.400	0.6434
3650.300	0.6439
3651.200	0.6536
3652.100	0.6857
3653.000	0.7089
3653.900	0.7101
3654.800	0.7060
3655.700	0.7134
3656.600	0.7304
3657.500	0.7392
3658.400	0.7379
3659.300	0.7329
3660.200	0.7333
3661.100	0.7368
3662.000	0.7216
3662.900	0.6946
3663.800	0.6845
3664.700	0.6955
3665.600	0.7078
3666.500	0.7121
3667.400	0.7088
3668.300	0.6851
3669.200	0.6554
3670.100	0.6658
3671.000	0.7160
3671.900	0.7469
3672.800	0.7357
3673.700	0.7284
3674.600	0.7430
3675.500	0.7355
3676.400	0.6897
3677.300	0.6546
3678.200	0.6605
3679.100	0.6711
3680.000	0.6710
3680.900	0.6821
3681.800	0.6974
3682.700	0.7065
3683.600	0.7046
3684.500	0.6843
3685.400	0.6611
3686.300	0.6458
3687.200	0.6483
3688.100	0.6754
3689.000	0.7063
3689.900	0.7283
3690.800	0.7413
3691.700	0.7495
3692.600	0.7507
3693.500	0.7446
3694.400	0.7444
3695.300	0.7359
3696.200	0.7015
3697.100	0.6858
3698.000	0.7318
3698.900	0.8029
3699.800	0.8364
3700.700	0.8236
3701.600	0.7805
3702.500	0.7160
3703.400	0.6507
3704.300	0.6139
3705.200	0.6111
3706.100	0.6324
3707.000	0.6651
3707.900	0.6872
3708.800	0.6915
3709.700	0.6887
3710.600	0.6754
3711.500	0.6556
3712.400	0.6867
3713.300	0.7675
3714.200	0.8187
3715.100	0.8241
3716.000	0.8382
3716.900	0.8622
3717.800	0.8425
3718.700	0.7653
3719.600	0.6652
3720.500	0.5802
3721.400	0.5362
3722.300	0.5672
3723.200	0.6582
3724.100	0.7558
3725.000	0.8277
3725.900	0.8283
3726.800	0.7696
3727.700	0.7569
3728.600	0.8062
3729.500	0.8213
3730.400	0.7831
3731.300	0.7357
3732.200	0.6682
3733.100	0.5758
3734.000	0.5084
3734.900	0.5118
3735.800	0.5586
3736.700	0.6123
3737.600	0.6914
3738.500	0.7772
3739.400	0.8304
3740.300	0.8577
3741.200	0.8563
3742.100	0.8171
3743.000	0.7746
3743.900	0.7566
3744.800	0.7274
3745.700	0.6832
3746.600	0.6602
3747.500	0.6145
3748.400	0.5207
3749.300	0.4625
3750.200	0.5064
3751.100	0.6176
3752.000	0.7135
3752.900	0.7753
3753.800	0.8312
3754.700	0.8862
3755.600	0.9107
3756.500	0.8528
3757.400	0.7469
3758.300	0.7046
3759.200	0.7449
3760.100	0.7983
3761.000	0.8342
3761.900	0.8591
3762.800	0.8667
3763.700	0.8770
3764.600	0.9023
3765.500	0.8865
3766.400	0.8230
3767.300	0.7772
3768.200	0.7479
3769.100	0.6701
3770.000	0.5831
3770.900	0.5968
3771.800	0.7012
3772.700	0.7943
3773.600	0.8287
3774.500	0.8331
3775.400	0.8451
3776.300	0.8734
3777.200	0.8915
3778.100	0.9046
3779.000	0.9460
3779.900	0.9975
3780.800	1.0156
3781.700	1.0022
3782.600	1.0045
3783.500	1.0366
3784.400	1.0437
3785.300	0.9637
3786.200	0.8683
3787.100	0.8562
3788.000	0.8708
3788.900	0.8536
3789.800	0.8393
3790.700	0.8539
3791.600	0.8621
3792.500	0.8296
3793.400	0.7777
3794.300	0.7418
3795.200	0.7148
3796.100	0.6540
3797.000	0.5622
3797.900	0.5206
3798.800	0.5854
3799.700	0.7080
3800.600	0.8039
3801.500	0.8612
3802.400	0.9214
3803.300	0.9758
3804.200	0.9961
3805.100	0.9835
3806.000	0.9449
3806.900	0.9215
3807.800	0.9593
3808.700	1.0323
3809.600	1.0853
3810.500	1.0971
3811.400	1.0715
3812.300	1.0098
3813.200	0.9306
3814.100	0.8746
3815.000	0.8579
3815.900	0.8972
3816.800	0.9836
3817.700	1.0411
3818.600	1.0073
3819.500	0.9050
3820.400	0.8513
3821.300	0.9114
3822.200	0.9823
3823.100	0.9513
3824.000	0.8554
3824.900	0.7879
3825.800	0.7753
3826.700	0.7817
3827.600	0.7689
3828.500	0.7536
3829.400	0.7613
3830.300	0.7629
3831.200	0.7042
3832.100	0.6170
3833.000	0.5618
3833.900	0.5268
3834.800	0.5046
3835.700	0.5290
3836.600	0.5816
3837.500	0.6022
3838.400	0.6172
3839.300	0.6619
3840.200	0.7157
3841.100	0.7989
3842.000	0.8776
3842.900	0.9021
3843.800	0.9198
3844.700	0.9317
3845.600	0.9337
3846.500	0.9786
3847.400	1.0451
3848.300	1.0500
3849.200	0.9990
3850.100	0.9869
3851.000	1.0376
3851.900	1.0831
3852.800	1.0860
3853.700	1.0696
3854.600	1.0392
3855.500	1.0005
3856.400	1.0034
3857.300	1.0171
3858.200	0.9542
3859.100	0.8813
3860.000	0.9088
3860.900	1.0066
3861.800	1.0825
3862.700	1.1071
3863.600	1.0994
3864.500	1.0787
3865.400	1.0582
3866.300	1.0606
3867.200	1.0858
3868.100	1.1033
3869.000	1.0895
3869.900	1.0516
3870.800	0.9961
3871.700	0.9183
3872.600	0.8720
3873.500	0.9141
3874.400	1.0005
3875.300	1.0482
3876.200	1.0308
3877.100	0.9538
3878.000	0.8801
3878.900	0.9133
3879.800	1.0088
3880.700	1.0258
3881.600	0.9576
3882.500	0.8992
3883.400	0.8810
3884.300	0.8489
3885.200	0.7801
3886.100	0.7150
3887.000	0.6631
3887.900	0.5948
3888.800	0.5460
3889.700	0.5859
3890.600	0.6880
3891.500	0.7746
3892.400	0.8180
3893.300	0.8370
3894.200	0.8516
3895.100	0.8741
3896.000	0.9138
3896.900	0.9467
3897.800	0.9475
3898.700	0.9366
3899.600	0.9473
3900.500	0.9948
3901.400	1.0286
3902.300	0.9994
3903.200	0.9643
3904.100	0.9510
3905.000	0.9188
3905.900	0.9072
3906.800	0.9584
3907.700	1.0248
3908.600	1.0562
3909.500	1.0551
3910.400	1.0673
3911.300	1.0992
3912.200	1.0937
3913.100	1.0442
3914.000	1.0178
3914.900	1.0290
3915.800	1.0259
3916.700	1.0100
3917.600	0.9982
3918.500	0.9818
3919.400	0.9654
3920.300	0.9516
3921.200	0.9582
3922.100	0.9787
3923.000	0.9957
3923.900	0.9986
3924.800	0.9542
3925.700	0.8852
3926.600	0.8270
3927.500	0.7468
3928.400	0.6454
3929.300	0.5505
3930.200	0.4517
3931.100	0.3522
3932.000	0.2647
3932.900	0.1992
3933.800	0.1838
3934.700	0.2339
3935.600	0.3305
3936.500	0.4425
3937.400	0.5547
3938.300	0.6744
3939.200	0.7881
3940.100	0.8543
3941.000	0.8767
3941.900	0.8882
3942.800	0.8865
3943.700	0.8776
3944.600	0.9147
3945.500	0.9977
3946.400	1.0304
3947.300	0.9856
3948.200	0.9571
3949.100	0.9912
3950.000	1.0397
3950.900	1.0466
3951.800	1.0084
3952.700	0.9885
3953.600	1.0271
3954.500	1.0490
3955.400	0.9962
3956.300	0.9444
3957.200	0.9639
3958.100	1.0200
3959.000	1.0457
3959.900	1.0026
3960.800	0.9059
3961.700	0.8189
3962.600	0.7764
3963.500	0.7432
3964.400	0.6726
3965.300	0.5593
3966.200	0.4237
3967.100	0.2972
3968.000	0.2207
3968.900	0.2214
3969.800	0.2928
3970.700	0.4043
3971.600	0.5172
3972.500	0.6043
3973.400	0.6732
3974.300	0.7462
3975.200	0.8126
3976.100	0.8573
3977.000	0.8981
3977.900	0.9514
3978.800	1.0120
3979.700	1.0588
3980.600	1.0628
3981.500	1.0343
3982.400	1.0233
3983.300	1.0330
3984.200	1.0439
3985.100	1.0518
3986.000	1.0468
3986.900	1.0594
3987.800	1.1026
3988.700	1.1203
3989.600	1.1053
3990.500	1.1059
3991.400	1.1348
3992.300	1.1660
3993.200	1.1686
3994.100	1.1405
3995.000	1.1045
3995.900	1.0687
3996.800	1.0300
3997.700	1.0222
3998.600	1.0810
3999.500	1.1537
4000.400	1.1696
4001.300	1.1611
4002.200	1.1703
4003.100	1.1682
4004.000	1.1092
4004.900	1.0182
4005.800	0.9951
4006.700	1.0590
4007.600	1.1331
4008.500	1.1616
4009.400	1.1557
4010.300	1.1606
4011.200	1.1667
4012.100	1.1485
4013.000	1.1346
4013.900	1.1413
4014.800	1.1611
4015.700	1.1712
4016.600	1.1494
4017.500	1.1401
4018.400	1.1842
4019.300	1.2296
4020.200	1.2251
4021.100	1.2001
4022.000	1.1922
4022.900	1.1870
4023.800	1.1632
4024.700	1.1556
4025.600	1.1949
4026.500	1.2413
4027.400	1.2489
4028.300	1.2197
4029.200	1.1587
4030.100	1.0838
4031.000	1.0505
4031.900	1.0602
4032.800	1.0809
4033.700	1.1116
4034.600	1.1446
4035.500	1.1774
4036.400	1.2166
4037.300	1.2503
4038.200	1.2553
4039.100	1.2244
4040.000	1.1793
4040.900	1.1652
4041.800	1.1972
4042.700	1.2108
4043.600	1.1469
4044.500	1.0370
4045.400	0.9849
4046.300	1.0623
4047.200	1.1818
4048.100	1.2265
4049.000	1.2204
4049.900	1.2165
4050.800	1.2064
4051.700	1.1771
4052.600	1.1453
4053.500	1.1212
4054.400	1.1044
4055.300	1.1092
4056.200	1.1129
4057.100	1.0916
4058.000	1.0874
4058.900	1.1299
4059.800	1.1840
4060.700	1.2015
4061.600	1.1608
4062.500	1.0817
4063.400	1.0439
4064.300	1.0951
4065.200	1.1489
4066.100	1.1283
4067.000	1.1069
4067.900	1.1583
4068.800	1.2243
4069.700	1.2151
4070.600	1.1365
4071.500	1.0861
4072.400	1.1164
4073.300	1.1672
4074.200	1.1717
4075.100	1.1216
4076.000	1.0417
4076.900	0.9773
4077.800	0.9803
4078.700	1.0353
4079.600	1.0997
4080.500	1.1630
4081.400	1.1910
4082.300	1.1609
4083.200	1.1082
4084.100	1.0798
4085.000	1.0881
4085.900	1.1196
4086.800	1.1580
4087.700	1.1884
4088.600	1.1924
4089.500	1.1787
4090.400	1.1569
4091.300	1.1224
4092.200	1.1019
4093.100	1.1131
4094.000	1.1102
4094.900	1.0657
4095.800	1.0179
4096.700	0.9910
4097.600	0.9634
4098.500	0.9191
4099.400	0.8455
4100.300	0.7186
4101.200	0.6084
4102.100	0.6226
4103.000	0.7450
4103.900	0.8704
4104.800	0.9528
4105.700	0.9999
4106.600	1.0245
4107.500	1.0431
4108.400	1.0530
4109.300	1.0529
4110.200	1.0650
4111.100	1.0919
4112.000	1.1169
4112.900	1.1376
4113.800	1.1512
4114.700	1.1695
4115.600	1.2027
4116.500	1.2160
4117.400	1.1757
4118.300	1.1163
4119.200	1.1083
4120.100	1.1387
4121.000	1.1403
4121.900	1.1212
4122.800	1.1259
4123.700	1.1565
4124.600	1.1788
4125.500	1.1676
4126.400	1.1369
4127.300	1.1115
4128.200	1.1132
4129.100	1.1419
4130.000	1.1583
4130.900	1.1319
4131.800	1.0875
4132.700	1.0755
4133.600	1.0975
4134.500	1.1411
4135.400	1.1907
4136.300	1.2055
4137.200	1.2093
4138.100	1.2404
4139.000	1.2661
4139.900	1.2653
4140.800	1.2418
4141.700	1.1842
4142.600	1.1111
4143.500	1.0924
4144.400	1.1467
4145.300	1.2022
4146.200	1.2172
4147.100	1.2124
4148.000	1.1964
4148.900	1.1726
4149.800	1.1673
4150.700	1.1813
4151.600	1.1890
4152.500	1.1763
4153.400	1.1403
4154.300	1.1154
4155.200	1.1182
4156.100	1.1242
4157.000	1.1400
4157.900	1.1682
4158.800	1.1895
4159.700	1.1977
4160.600	1.1953
4161.500	1.2051
4162.400	1.2287
4163.300	1.2430
4164.200	1.2555
4165.100	1.2585
4166.000	1.2270
4166.900	1.1814
4167.800	1.1789
4168.700	1.2138
4169.600	1.2129
4170.500	1.1507
4171.400	1.0655
4172.300	1.0107
4173.200	1.0205
4174.100	1.0754
4175.000	1.1263
4175.900	1.1390
4176.800	1.1095
4177.700	1.0882
4178.600	1.1194
4179.500	1.1791
4180.400	1.2003
4181.300	1.1556
4182.200	1.1162
4183.100	1.1210
4184.000	1.1471
4184.900	1.1869
4185.800	1.1797
4186.700	1.1178
4187.600	1.1001
4188.500	1.1516
4189.400	1.1992
4190.300	1.1948
4191.200	1.1770
4192.100	1.2096
4193.000	1.2607
4193.900	1.2500
4194.800	1.1882
4195.700	1.1486
4196.600	1.1391
4197.500	1.0942
4198.400	1.0556
4199.300	1.0924
4200.200	1.1339
4201.100	1.1264
4202.000	1.1155
4202.900	1.1298
4203.800	1.1392
4204.700	1.1382
4205.600	1.1533
4206.500	1.1735
4207.400	1.1897
4208.300	1.1971
4209.200	1.1866
4210.100	1.1851
4211.000	1.2110
4211.900	1.2387
4212.800	1.2440
4213.700	1.2196
4214.600	1.1586
4215.500	1.1030
4216.400	1.1162
4217.300	1.1651
4218.200	1.1879
4219.100	1.1920
4220.000	1.2024
4220.900	1.2139
4221.800	1.2052
4222.700	1.1800
4223.600	1.1390
4224.500	1.0696
4225.400	0.9758
4226.300	0.9122
4227.200	0.9684
4228.100	1.1077
4229.000	1.2002
4229.900	1.2270
4230.800	1.2289
4231.700	1.1964
4232.600	1.1417
4233.500	1.1243
4234.400	1.1341
4235.300	1.1194
4236.200	1.1070
4237.100	1.1192
4238.000	1.1173
4238.900	1.0997
4239.800	1.1114
4240.700	1.1522
4241.600	1.1706
4242.500	1.1612
4243.400	1.1688
4244.300	1.1849
4245.200	1.1617
4246.100	1.1114
4247.000	1.0885
4247.900	1.1072
4248.800	1.1216
4249.700	1.1085
4250.600	1.1209
4251.500	1.1761
4252.400	1.2075
4253.300	1.1837
4254.200	1.1482
4255.100	1.1543
4256.000	1.1931
4256.900	1.1988
4257.800	1.1567
4258.700	1.1055
4259.600	1.0603
4260.500	1.0571
4261.400	1.1161
4262.300	1.1841
4263.200	1.2126
4264.100	1.2138
4265.000	1.2171
4265.900	1.2103
4266.800	1.1810
4267.700	1.1549
4268.600	1.1516
4269.500	1.1342
4270.400	1.0726
4271.300	1.0300
4272.200	1.0573
4273.100	1.0938
4274.000	1.0935
4274.900	1.1012
4275.800	1.1435
4276.700	1.1855
4277.600	1.1985
4278.500	1.1816
4279.400	1.1499
4280.300	1.1363
4281.200	1.1366
4282.100	1.1253
4283.000	1.1313
4283.900	1.1438
4284.800	1.1256
4285.700	1.1002
4286.600	1.0900
4287.500	1.0718
4288.400	1.0171
4289.300	0.9585
4290.200	0.9602
4291.100	1.0311
4292.000	1.1083
4292.900	1.1279
4293.800	1.0985
4294.700	1.0793
4295.600	1.0764
4296.500	1.0598
4297.400	1.0225
4298.300	0.9518
4299.200	0.8841
4300.100	0.8798
4301.000	0.9071
4301.900	0.9125
4302.800	0.9251
4303.700	0.9647
4304.600	0.9875
4305.500	0.9782
4306.400	0.9531
4307.300	0.9101
4308.200	0.8865
4309.100	0.9185
4310.000	0.9774
4310.900	1.0202
4311.800	1.0337
4312.700	1.0318
4313.600	1.0219
4314.500	1.0334
4315.400	1.1011
4316.300	1.1750
4317.200	1.1948
4318.100	1.1827
4319.000	1.1687
4319.900	1.1437
4320.800	1.1240
4321.700	1.1283
4322.600	1.1157
4323.500	1.0619
4324.400	0.9875
4325.300	0.9443
4326.200	0.9859
4327.100	1.0784
4328.000	1.1422
4328.900	1.1446
4329.800	1.1073
4330.700	1.0821
4331.600	1.0897
4332.500	1.0996
4333.400	1.0914
4334.300	1.0768
4335.200	1.0488
4336.100	0.9804
4337.000	0.8809
4337.900	0.7893
4338.800	0.6976
4339.700	0.6030
4340.600	0.5962
4341.500	0.7081
4342.400	0.8261
4343.300	0.8842
4344.200	0.9305
4345.100	0.9918
4346.000	1.0390
4346.900	1.0634
4347.800	1.0881
4348.700	1.1116
4349.600	1.0962
4350.500	1.0242
4351.400	0.9589
4352.300	0.9839
4353.200	1.0638
4354.100	1.1087
4355.000	1.1254
4355.900	1.1515
4356.800	1.1672
4357.700	1.1459
4358.600	1.1140
4359.500	1.1207
4360.400	1.1636
4361.300	1.1969
4362.200	1.2003
4363.100	1.2008
4364.000	1.2161
4364.900	1.2238
4365.800	1.2022
4366.700	1.1579
4367.600	1.1293
4368.500	1.1324
4369.400	1.1380
4370.300	1.1429
4371.200	1.1622
4372.100	1.1725
4373.000	1.1345
4373.900	1.0646
4374.800	1.0380
4375.700	1.0824
4376.600	1.1502
4377.500	1.1918
4378.400	1.1959
4379.300	1.1893
4380.200	1.1949
4381.100	1.1863
4382.000	1.1113
4382.900	0.9926
4383.800	0.9337
4384.700	0.9769
4385.600	1.0636
4386.500	1.1166
4387.400	1.1221
4388.300	1.1195
4389.200	1.1184
4390.100	1.1137
4391.000	1.1270
4391.900	1.1575
4392.800	1.1647
4393.700	1.1243
4394.600	1.0815
4395.500	1.1039
4396.400	1.1648
4397.300	1.1918
4398.200	1.1733
4399.100	1.1249
4400.000	1.0757
4400.900	1.0794
4401.800	1.1388
4402.700	1.1705
4403.600	1.1320
4404.500	1.1005
4405.400	1.1344
4406.300	1.1706
4407.200	1.1503
4408.100	1.1194
4409.000	1.1328
4409.900	1.1695
4410.800	1.1933
4411.700	1.2084
4412.600	1.2126
4413.500	1.1769
4414.400	1.1093
4415.300	1.0749
4416.200	1.0863
4417.100	1.1014
4418.000	1.1312
4418.900	1.1831
4419.800	1.2136
4420.700	1.1991
4421.600	1.1595
4422.500	1.1383
4423.400	1.1494
4424.300	1.1632
4425.200	1.1606
4426.100	1.1515
4427.000	1.1533
4427.900	1.1737
4428.800	1.1792
4429.700	1.1472
4430.600	1.1290
4431.500	1.1403
4432.400	1.1386
4433.300	1.1138
4434.200	1.0774
4435.100	1.0657
4436.000	1.1110
4436.900	1.1724
4437.800	1.2084
4438.700	1.2199
4439.600	1.2091
4440.500	1.1766
4441.400	1.1223
4442.300	1.0667
4443.200	1.0530
4444.100	1.1002
4445.000	1.1669
4445.900	1.1906
4446.800	1.1709
4447.700	1.1634
4448.600	1.1712
4449.500	1.1571
4450.400	1.1396
4451.300	1.1536
4452.200	1.1711
4453.100	1.1436
4454.000	1.0766
4454.900	1.0309
4455.800	1.0487
4456.700	1.0863
4457.600	1.0918
4458.500	1.0815
4459.400	1.0899
4460.300	1.0939
4461.200	1.0737
4462.100	1.0839
4463.000	1.1280
4463.900	1.1442
4464.800	1.1364
4465.700	1.1344
4466.600	1.1342
4467.500	1.1211
4468.400	1.0910
4469.300	1.0787
4470.200	1.1020
4471.100	1.1402
4472.000	1.1702
4472.900	1.1901
4473.800	1.2064
4474.700	1.2007
4475.600	1.1817
4476.500	1.1864
4477.400	1.2062
4478.300	1.1981
4479.200	1.1478
4480.100	1.0801
4481.000	1.0351
4481.900	1.0444
4482.800	1.1034
4483.700	1.1568
4484.600	1.1786
4485.500	1.1906
4486.400	1.1923
4487.300	1.1720
4488.200	1.1294
4489.100	1.0951
4490.000	1.0984
4490.900	1.1277
4491.800	1.1618
4492.700	1.1756
4493.600	1.1572
4494.500	1.1395
4495.400	1.1446
4496.300	1.1578
4497.200	1.1755
4498.100	1.1912
4499.000	1.1907
4499.900	1.1696
4500.800	1.1460
4501.700	1.1551
4502.600	1.1946
4503.500	1.2253
4504.400	1.2340
4505.300	1.2323
4506.200	1.2229
4507.100	1.2005
4508.000	1.1804
4508.900	1.1878
4509.800	1.2117
4510.700	1.2210
4511.600	1.2116
4512.500	1.1971
4513.400	1.1807
4514.300	1.1648
4515.200	1.1631
4516.100	1.1733
4517.000	1.1716
4517.900	1.1631
4518.800	1.1651
4519.700	1.1712
4520.600	1.1749
4521.500	1.1617
4522.400	1.1373
4523.300	1.1378
4524.200	1.1440
4525.100	1.1294
4526.000	1.1127
4526.900	1.1019
4527.800	1.0831
4528.700	1.0646
4529.600	1.0703
4530.500	1.0916
4531.400	1.1103
4532.300	1.1053
4533.200	1.0669
4534.100	1.0389
4535.000	1.0537
4535.900	1.1038
4536.800	1.1673
4537.700	1.2032
4538.600	1.1978
4539.500	1.1744
4540.400	1.1532
4541.300	1.1517
4542.200	1.1685
4543.100	1.1731
4544.000	1.1530
4544.900	1.1351
4545.800	1.1370
4546.700	1.1389
4547.600	1.1162
4548.500	1.0639
4549.400	1.0330
4550.300	1.0709
4551.200	1.1224
4552.100	1.1311
4553.000	1.1091
4553.900	1.0818
4554.800	1.0674
4555.700	1.0836
4556.600	1.1244
4557.500	1.1531
4558.400	1.1582
4559.300	1.1639
4560.200	1.1765
4561.100	1.1843
4562.000	1.1730
4562.900	1.1385
4563.800	1.1112
4564.700	1.1097
4565.600	1.1286
4566.500	1.1578
4567.400	1.1788
4568.300	1.1844
4569.200	1.1829
4570.100	1.1608
4571.000	1.1183
4571.900	1.1118
4572.800	1.1530
4573.700	1.1850
4574.600	1.1840
4575.500	1.1721
4576.400	1.1704
4577.300	1.1732
4578.200	1.1628
4579.100	1.1393
4580.000	1.1167
4580.900	1.1038
4581.800	1.0994
4582.700	1.0907
4583.600	1.0863
4584.500	1.1032
4585.400	1.1215
4586.300	1.1327
4587.200	1.1432
4588.100	1.1519
4589.000	1.1536
4589.900	1.1455
4590.800	1.1264
4591.700	1.1059
4592.600	1.1133
4593.500	1.1451
4594.400	1.1582
4595.300	1.1475
4596.200	1.1424
4597.100	1.1448
4598.000	1.1514
4598.900	1.1518
4599.800	1.1336
4600.700	1.1251
4601.600	1.1344
4602.500	1.1442
4603.400	1.1514
4604.300	1.1509
4605.200	1.1484
4606.100	1.1534
4607.000	1.1625
4607.900	1.1756
4608.800	1.1864
4609.700	1.1841
4610.600	1.1700
4611.500	1.1629
4612.400	1.1585
4613.300	1.1558
4614.200	1.1639
4615.100	1.1569
4616.000	1.1394
4616.900	1.1389
4617.800	1.1379
4618.700	1.1256
4619.600	1.1299
4620.500	1.1543
4621.400	1.1709
4622.300	1.1764
4623.200	1.1817
4624.100	1.1730
4625.000	1.1539
4625.900	1.1525
4626.800	1.1663
4627.700	1.1650
4628.600	1.1411
4629.500	1.1296
4630.400	1.1519
4631.300	1.1691
4632.200	1.1579
4633.100	1.1398
4634.000	1.1375
4634.900	1.1474
4635.800	1.1500
4636.700	1.1378
4637.600	1.1276
4638.500	1.1350
4639.400	1.1459
4640.300	1.1538
4641.200	1.1661
4642.100	1.1683
4643.000	1.1570
4643.900	1.1488
4644.800	1.1395
4645.700	1.1161
4646.600	1.0916
4647.500	1.0895
4648.400	1.1111
4649.300	1.1392
4650.200	1.1550
4651.100	1.1530
4652.000	1.1549
4652.900	1.1577
4653.800	1.1348
4654.700	1.1156
4655.600	1.1193
4656.500	1.1262
4657.400	1.1490
4658.300	1.1860
4659.200	1.2083
4660.100	1.2058
4661.000	1.1876
4661.900	1.1671
4662.800	1.1525
4663.700	1.1491
4664.600	1.1441
4665.500	1.1146
4666.400	1.0610
4667.300	1.0269
4668.200	1.0475
4669.100	1.0882
4670.000	1.1135
4670.900	1.1287
4671.800	1.1322
4672.700	1.1284
4673.600	1.1382
4674.500	1.1627
4675.400	1.1840
4676.300	1.1854
4677.200	1.1619
4678.100	1.1288
4679.000	1.1124
4679.900	1.1165
4680.800	1.1243
4681.700	1.1313
4682.600	1.1467
4683.500	1.1596
4684.400	1.1604
4685.300	1.1573
4686.200	1.1585
4687.100	1.1599
4688.000	1.1574
4688.900	1.1545
4689.800	1.1451
4690.700	1.1317
4691.600	1.1343
4692.500	1.1542
4693.400	1.1684
4694.300	1.1712
4695.200	1.1750
4696.100	1.1765
4697.000	1.1650
4697.900	1.1391
4698.800	1.1181
4699.700	1.1197
4700.600	1.1225
4701.500	1.1043
4702.400	1.0767
4703.300	1.0768
4704.200	1.1106
4705.100	1.1364
4706.000	1.1311
4706.900	1.1039
4707.800	1.0799
4708.700	1.0805
4709.600	1.1022
4710.500	1.1346
4711.400	1.1584
4712.300	1.1579
4713.200	1.1390
4714.100	1.1187
4715.000	1.1194
4715.900	1.1431
4716.800	1.1613
4717.700	1.1628
4718.600	1.1635
4719.500	1.1684
4720.400	1.1669
4721.300	1.1582
4722.200	1.1560
4723.100	1.1651
4724.000	1.1759
4724.900	1.1791
4725.800	1.1630
4726.700	1.1309
4727.600	1.1058
4728.500	1.1013
4729.400	1.1056
4730.300	1.1023
4731.200	1.1030
4732.100	1.1168
4733.000	1.1301
4733.900	1.1384
4734.800	1.1395
4735.700	1.1228
4736.600	1.1071
4737.500	1.1223
4738.400	1.1483
4739.300	1.1513
4740.200	1.1391
4741.100	1.1354
4742.000	1.1473
4742.900	1.1576
4743.800	1.1511
4744.700	1.1416
4745.600	1.1441
4746.500	1.1490
4747.400	1.1455
4748.300	1.1429
4749.200	1.1501
4750.100	1.1540
4751.000	1.1467
4751.900	1.1356
4752.800	1.1222
4753.700	1.1098
4754.600	1.1061
4755.500	1.1061
4756.400	1.1087
4757.300	1.1216
4758.200	1.1405
4759.100	1.1540
4760.000	1.1515
4760.900	1.1218
4761.800	1.0840
4762.700	1.0715
4763.600	1.0772
4764.500	1.0789
4765.400	1.0767
4766.300	1.0867
4767.200	1.1099
4768.100	1.1283
4769.000	1.1380
4769.900	1.1380
4770.800	1.1253
4771.700	1.1160
4772.600	1.1247
4773.500	1.1469
4774.400	1.1634
4775.300	1.1611
4776.200	1.1570
4777.100	1.1638
4778.000	1.1632
4778.900	1.1480
4779.800	1.1381
4780.700	1.1460
4781.600	1.1472
4782.500	1.1278
4783.400	1.1175
4784.300	1.1263
4785.200	1.1206
4786.100	1.0985
4787.000	1.0965
4787.900	1.1061
4788.800	1.1029
4789.700	1.1060
4790.600	1.1220
4791.500	1.1318
4792.400	1.1378
4793.300	1.1521
4794.200	1.1683
4795.100	1.1737
4796.000	1.1669
4796.900	1.1523
4797.800	1.1310
4798.700	1.1165
4799.600	1.1139
4800.500	1.1228
4801.400	1.1397
4802.300	1.1473
4803.200	1.1400
4804.100	1.1197
4805.000	1.1057
4805.900	1.1121
4806.800	1.1204
4807.700	1.1229
4808.600	1.1232
4809.500	1.1219
4810.400	1.1228
4811.300	1.1251
4812.200	1.1287
4813.100	1.1354
4814.000	1.1433
4814.900	1.1489
4815.800	1.1493
4816.700	1.1453
4817.600	1.1421
4818.500	1.1443
4819.400	1.1436
4820.300	1.1354
4821.200	1.1271
4822.100	1.1009
4823.000	1.0613
4823.900	1.0520
4824.800	1.0790
4825.700	1.1078
4826.600	1.1185
4827.500	1.1110
4828.400	1.0922
4829.300	1.0814
4830.200	1.0847
4831.100	1.0860
4832.000	1.0858
4832.900	1.0922
4833.800	1.0974
4834.700	1.0947
4835.600	1.0867
4836.500	1.0876
4837.400	1.0885
4838.300	1.0729
4839.200	1.0549
4840.100	1.0511
4841.000	1.0609
4841.900	1.0651
4842.800	1.0596
4843.700	1.0627
4844.600	1.0740
4845.500	1.0800
4846.400	1.0708
4847.300	1.0447
4848.200	1.0234
4849.100	1.0261
4850.000	1.0421
4850.900	1.0465
4851.800	1.0368
4852.700	1.0231
4853.600	0.9964
4854.500	0.9489
4855.400	0.9115
4856.300	0.9060
4857.200	0.9037
4858.100	0.8679
4859.000	0.7818
4859.900	0.6538
4860.800	0.5518
4861.700	0.5777
4862.600	0.6979
4863.500	0.8021
4864.400	0.8638
4865.300	0.9069
4866.200	0.9456
4867.100	0.9775
4868.000	0.9998
4868.900	1.0102
4869.800	0.9918
4870.700	0.9544
4871.600	0.9438
4872.500	0.9757
4873.400	1.0162
4874.300	1.0361
4875.200	1.0355
4876.100	1.0301
4877.000	1.0270
4877.900	1.0342
4878.800	1.0661
4879.700	1.0971
4880.600	1.0930
4881.500	1.0738
4882.400	1.0679
4883.300	1.0653
4884.200	1.0542
4885.100	1.0413
4886.000	1.0371
4886.900	1.0441
4887.800	1.0515
4888.700	1.0501
4889.600	1.0349
4890.500	1.0012
4891.400	1.0016
4892.300	1.0523
4893.200	1.0967
4894.100	1.1172
4895.000	1.1237
4895.900	1.1226
4896.800	1.1226
4897.700	1.1214
4898.600	1.1034
4899.500	1.0830
4900.400	1.0835
4901.300	1.0911
4902.200	1.0784
4903.100	1.0574
4904.000	1.0616
4904.900	1.0885
4905.800	1.1088
4906.700	1.1071
4907.600	1.0935
4908.500	1.0719
4909.400	1.0333
4910.300	1.0064
4911.200	1.0230
4912.100	1.0589
4913.000	1.0815
4913.900	1.0938
4914.800	1.1068
4915.700	1.1085
4916.600	1.0867
4917.500	1.0438
4918.400	1.0008
4919.300	0.9783
4920.200	0.9801
4921.100	1.0047
4922.000	1.0328
4922.900	1.0272
4923.800	1.0066
4924.700	1.0256
4925.600	1.0702
4926.500	1.0929
4927.400	1.0929
4928.300	1.0973
4929.200	1.1027
4930.100	1.0996
4931.000	1.0989
4931.900	1.0841
4932.800	1.0376
4933.700	1.0071
4934.600	1.0293
4935.500	1.0611
4936.400	1.0633
4937.300	1.0346
4938.200	1.0016
4939.100	0.9991
4940.000	1.0382
4940.900	1.0805
4941.800	1.0960
4942.700	1.1021
4943.600	1.1055
4944.500	1.0982
4945.400	1.0798
4946.300	1.0728
4947.200	1.0877
4948.100	1.0982
4949.000	1.0942
4949.900	1.0908
4950.800	1.0954
4951.700	1.0962
4952.600	1.0874
4953.500	1.0847
4954.400	1.0889
4955.300	1.0793
4956.200	1.0286
4957.100	0.9706
4958.000	0.9912
4958.900	1.0628
4959.800	1.0989
4960.700	1.1011
4961.600	1.0992
4962.500	1.1008
4963.400	1.1055
4964.300	1.0986
4965.200	1.0785
4966.100	1.0644
4967.000	1.0618
4967.900	1.0616
4968.800	1.0600
4969.700	1.0595
4970.600	1.0661
4971.500	1.0770
4972.400	1.0811
4973.300	1.0870
4974.200	1.0984
4975.100	1.1046
4976.000	1.1028
4976.900	1.0905
4977.800	1.0706
4978.700	1.0579
4979.600	1.0530
4980.500	1.0378
4981.400	0.9995
4982.300	0.9583
4983.200	0.9443
4984.100	0.9603
4985.000	0.9885
4985.900	1.0338
4986.800	1.0857
4987.700	1.0993
4988.600	1.0774
4989.500	1.0547
4990.400	1.0373
4991.300	1.0371
4992.200	1.0479
4993.100	1.0440
4994.000	1.0446
4994.900	1.0649
4995.800	1.0782
4996.700	1.0772
4997.600	1.0702
4998.500	1.0501
4999.400	1.0272
5000.300	1.0158
5001.200	1.0088
5002.100	1.0131
5003.000	1.0323
5003.900	1.0344
5004.800	1.0015
5005.700	0.9656
5006.600	0.9714
5007.500	1.0169
5008.400	1.0602
5009.300	1.0696
5010.200	1.0537
5011.100	1.0251
5012.000	0.9937
5012.900	0.9760
5013.800	0.9729
5014.700	0.9890
5015.600	1.0128
5016.500	1.0065
5017.400	0.9733
5018.300	0.9611
5019.200	0.9936
5020.100	1.0298
5021.000	1.0352
5021.900	1.0256
5022.800	1.0325
5023.700	1.0515
5024.600	1.0629
5025.500	1.0578
5026.400	1.0362
5027.300	1.0179
5028.200	1.0311
5029.100	1.0532
5030.000	1.0547
5030.900	1.0542
5031.800	1.0694
5032.700	1.0842
5033.600	1.0792
5034.500	1.0471
5035.400	1.0121
5036.300	1.0120
5037.200	1.0304
5038.100	1.0254
5039.000	0.9991
5039.900	0.9621
5040.800	0.9273
5041.700	0.9425
5042.600	1.0060
5043.500	1.0530
5044.400	1.0723
5045.300	1.0833
5046.200	1.0834
5047.100	1.0648
5048.000	1.0344
5048.900	1.0153
5049.800	1.0144
5050.700	1.0126
5051.600	1.0106
5052.500	1.0317
5053.400	1.0621
5054.300	1.0733
5055.200	1.0711
5056.100	1.0686
5057.000	1.0697
5057.900	1.0755
5058.800	1.0806
5059.700	1.0829
5060.600	1.0852
5061.500	1.0878
5062.400	1.0856
5063.300	1.0616
5064.200	1.0209
5065.100	1.0060
5066.000	1.0261
5066.900	1.0376
5067.800	1.0299
5068.700	1.0326
5069.600	1.0516
5070.500	1.0564
5071.400	1.0334
5072.300	1.0166
5073.200	1.0243
5074.100	1.0313
5075.000	1.0315
5075.900	1.0435
5076.800	1.0558
5077.700	1.0353
5078.600	0.9824
5079.500	0.9468
5080.400	0.9570
5081.300	0.9896
5082.200	1.0074
5083.100	1.0061
5084.000	1.0171
5084.900	1.0482
5085.800	1.0632
5086.700	1.0520
5087.600	1.0434
5088.500	1.0488
5089.400	1.0513
5090.300	1.0452
5091.200	1.0483
5092.100	1.0620
5093.000	1.0696
5093.900	1.0694
5094.800	1.0632
5095.700	1.0466
5096.600	1.0183
5097.500	0.9850
5098.400	0.9602
5099.300	0.9658
5100.200	1.0032
5101.100	1.0424
5102.000	1.0606
5102.900	1.0618
5103.800	1.0547
5104.700	1.0462
5105.600	1.0359
5106.500	1.0162
5107.400	1.0000
5108.300	1.0037
5109.200	1.0064
5110.100	1.0060
5111.000	1.0269
5111.900	1.0528
5112.800	1.0612
5113.700	1.0573
5114.600	1.0499
5115.500	1.0506
5116.400	1.0621
5117.300	1.0705
5118.200	1.0689
5119.100	1.0606
5120.000	1.0481
5120.900	1.0354
5121.800	1.0250
5122.700	1.0107
5123.600	0.9968
5124.500	0.9902
5125.400	0.9928
5126.300	1.0015
5127.200	1.0049
5128.100	1.0007
5129.000	0.9981
5129.900	1.0061
5130.800	1.0135
5131.700	1.0093
5132.600	1.0020
5133.500	1.0042
5134.400	1.0238
5135.300	1.0351
5136.200	1.0142
5137.100	0.9883
5138.000	0.9730
5138.900	0.9611
5139.800	0.9754
5140.700	0.9957
5141.600	0.9770
5142.500	0.9560
5143.400	0.9821
5144.300	1.0169
5145.200	1.0162
5146.100	0.9988
5147.000	0.9884
5147.900	0.9910
5148.800	1.0058
5149.700	1.0139
5150.600	1.0036
5151.500	0.9932
5152.400	0.9925
5153.300	0.9895
5154.200	0.9872
5155.100	0.9985
5156.000	1.0172
5156.900	1.0313
5157.800	1.0329
5158.700	1.0290
5159.600	1.0306
5160.500	1.0259
5161.400	1.0082
5162.300	1.0023
5163.200	1.0126
5164.100	1.0072
5165.000	0.9703
5165.900	0.9085
5166.800	0.8444
5167.700	0.8198
5168.600	0.8527
5169.500	0.9148
5170.400	0.9392
5171.300	0.8857
5172.200	0.8282
5173.100	0.8617
5174.000	0.9546
5174.900	1.0172
5175.800	1.0314
5176.700	1.0311
5177.600	1.0360
5178.500	1.0383
5179.400	1.0342
5180.300	1.0284
5181.200	1.0057
5182.100	0.9335
5183.000	0.8377
5183.900	0.8231
5184.800	0.9033
5185.700	0.9787
5186.600	1.0015
5187.500	0.9835
5188.400	0.9646
5189.300	0.9785
5190.200	0.9859
5191.100	0.9546
5192.000	0.9339
5192.900	0.9569
5193.800	0.9769
5194.700	0.9624
5195.600	0.9517
5196.500	0.9609
5197.400	0.9708
5198.300	0.9842
5199.200	1.0043
5200.100	1.0155
5201.000	1.0078
5201.900	0.9966
5202.800	0.9931
5203.700	0.9805
5204.600	0.9557
5205.500	0.9455
5206.400	0.9592
5207.300	0.9623
5208.200	0.9506
5209.100	0.9637
5210.000	0.9904
5210.900	1.0064
5211.800	1.0209
5212.700	1.0315
5213.600	1.0224
5214.500	0.9910
5215.400	0.9604
5216.300	0.9538
5217.200	0.9697
5218.100	0.9988
5219.000	1.0236
5219.900	1.0323
5220.800	1.0346
5221.700	1.0350
5222.600	1.0294
5223.500	1.0152
5224.400	0.9891
5225.300	0.9415
5226.200	0.8852
5227.100	0.8797
5228.000	0.9326
5228.900	0.9767
5229.800	0.9923
5230.700	1.0006
5231.600	0.9900
5232.500	0.9620
5233.400	0.9472
5234.300	0.9489
5235.200	0.9617
5236.100	0.9812
5237.000	0.9947
5237.900	1.0030
5238.800	1.0058
5239.700	1.0046
5240.600	1.0065
5241.500	0.9995
5242.400	0.9883
5243.300	0.9934
5244.200	1.0106
5245.100	1.0215
5246.000	1.0120
5246.900	0.9941
5247.800	0.9907
5248.700	0.9902
5249.600	0.9793
5250.500	0.9766
5251.400	0.9915
5252.300	1.0023
5253.200	0.9943
5254.100	0.9805
5255.000	0.9818
5255.900	1.0007
5256.800	1.0182
5257.700	1.0246
5258.600	1.0248
5259.500	1.0186
5260.400	0.9959
5261.300	0.9573
5262.200	0.9251
5263.100	0.9078
5264.000	0.8936
5264.900	0.8827
5265.800	0.8909
5266.700	0.9257
5267.600	0.9502
5268.500	0.9212
5269.400	0.8763
5270.300	0.8907
5271.200	0.9453
5272.100	0.9673
5273.000	0.9558
5273.900	0.9435
5274.800	0.9279
5275.700	0.9276
5276.600	0.9656
5277.500	1.0036
5278.400	1.0112
5279.300	0.9986
5280.200	0.9836
5281.100	0.9722
5282.000	0.9616
5282.900	0.9457
5283.800	0.9428
5284.700	0.9725
5285.600	1.0099
5286.500	1.0236
5287.400	1.0182
5288.300	1.0145
5289.200	1.0196
5290.100	1.0243
5291.000	1.0233
5291.900	1.0207
5292.800	1.0163
5293.700	1.0141
5294.600	1.0125
5295.500	0.9986
5296.400	0.9683
5297.300	0.9407
5298.200	0.9435
5299.100	0.9729
5300.000	0.9941
5300.900	0.9895
5301.800	0.9782
5302.700	0.9838
5303.600	1.0009
5304.500	1.0083
5305.400	1.0025
5306.300	0.9896
5307.200	0.9823
5308.100	0.9901
5309.000	1.0047
5309.900	1.0107
5310.800	1.0114
5311.700	1.0101
5312.600	1.0010
5313.500	0.9927
5314.400	0.9885
5315.300	0.9675
5316.200	0.9402
5317.100	0.9477
5318.000	0.9780
5318.900	0.9957
5319.800	0.9971
5320.700	0.9921
5321.600	0.9897
5322.500	0.9809
5323.400	0.9566
5324.300	0.9428
5325.200	0.9540
5326.100	0.9597
5327.000	0.9191
5327.900	0.8683
5328.800	0.8792
5329.700	0.9375
5330.600	0.9819
5331.500	0.9880
5332.400	0.9765
5333.300	0.9755
5334.200	0.9821
5335.100	0.9822
5336.000	0.9724
5336.900	0.9665
5337.800	0.9704
5338.700	0.9624
5339.600	0.9380
5340.500	0.9286
5341.400	0.9499
5342.300	0.9770
5343.200	0.9906
5344.100	0.9895
5345.000	0.9749
5345.900	0.9667
5346.800	0.9697
5347.700	0.9642
5348.600	0.9493
5349.500	0.9495
5350.400	0.9724
5351.300	0.9916
5352.200	0.9877
5353.100	0.9795
5354.000	0.9879
5354.900	1.0035
5355.800	1.0095
5356.700	1.0072
5357.600	1.0076
5358.500	1.0106
5359.400	1.0093
5360.300	1.0006
5361.200	0.9836
5362.100	0.9640
5363.000	0.9558
5363.900	0.9508
5364.800	0.9447
5365.700	0.9506
5366.600	0.9556
5367.500	0.9561
5368.400	0.9523
5369.300	0.9333
5370.200	0.9124
5371.100	0.9110
5372.000	0.9355
5372.900	0.9644
5373.800	0.9827
5374.700	0.9923
5375.600	0.9944
5376.500	0.9900
5377.400	0.9856
5378.300	0.9781
5379.200	0.9630
5380.100	0.9488
5381.000	0.9483
5381.900	0.9485
5382.800	0.9417
5383.700	0.9512
5384.600	0.9716
5385.500	0.9830
5386.400	0.9843
5387.300	0.9810
5388.200	0.9720
5389.100	0.9591
5390.000	0.9520
5390.900	0.9504
5391.800	0.9453
5392.700	0.9400
5393.600	0.9490
5394.500	0.9636
5395.400	0.9600
5396.300	0.9339
5397.200	0.9200
5398.100	0.9332
5399.000	0.9484
5399.900	0.9503
5400.800	0.9542
5401.700	0.9607
5402.600	0.9455
5403.500	0.9121
5404.400	0.8897
5405.300	0.8925
5406.200	0.9175
5407.100	0.9429
5408.000	0.9478
5408.900	0.9289
5409.800	0.9084
5410.700	0.9158
5411.600	0.9443
5412.500	0.9612
5413.400	0.9519
5414.300	0.9319
5415.200	0.9316
5416.100	0.9513
5417.000	0.9638
5417.900	0.9600
5418.800	0.9561
5419.700	0.9542
5420.600	0.9519
5421.500	0.9561
5422.400	0.9516
5423.300	0.9271
5424.200	0.9159
5425.100	0.9359
5426.000	0.9646
5426.900	0.9769
5427.800	0.9626
5428.700	0.9289
5429.600	0.9145
5430.500	0.9378
5431.400	0.9597
5432.300	0.9554
5433.200	0.9379
5434.100	0.9260
5435.000	0.9344
5435.900	0.9522
5436.800	0.9676
5437.700	0.9795
5438.600	0.9843
5439.500	0.9852
5440.400	0.9847
5441.300	0.9841
5442.200	0.9841
5443.100	0.9762
5444.000	0.9558
5444.900	0.9318
5445.800	0.9094
5446.700	0.9086
5447.600	0.9410
5448.500	0.9720
5449.400	0.9813
5450.300	0.9788
5451.200	0.9771
5452.100	0.9762
5453.000	0.9684
5453.900	0.9418
5454.800	0.9047
5455.700	0.9038
5456.600	0.9406
5457.500	0.9696
5458.400	0.9774
5459.300	0.9776
5460.200	0.9735
5461.100	0.9568
5462.000	0.9263
5462.900	0.9090
5463.800	0.9250
5464.700	0.9463
5465.600	0.9485
5466.500	0.9488
5467.400	0.9577
5468.300	0.9656
5469.200	0.9680
5470.100	0.9670
5471.000	0.9655
5471.900	0.9590
5472.800	0.9463
5473.700	0.9397
5474.600	0.9333
5475.500	0.9028
5476.400	0.8753
5477.300	0.8906
5478.200	0.9295
5479.100	0.9511
5480.000	0.9452
5480.900	0.9366
5481.800	0.9416
5482.700	0.9518
5483.600	0.9626
5484.500	0.9703
5485.400	0.9672
5486.300	0.9502
5487.200	0.9347
5488.100	0.9366
5489.000	0.9490
5489.900	0.9568
5490.800	0.9597
5491.700	0.9585
5492.600	0.9510
5493.500	0.9478
5494.400	0.9549
5495.300	0.9586
5496.200	0.9454
5497.100	0.9306
5498.000	0.9391
5498.900	0.9564
5499.800	0.9535
5500.700	0.9321
5501.600	0.9192
5502.500	0.9261
5503.400	0.9417
5504.300	0.9500
5505.200	0.9416
5506.100	0.9277
5507.000	0.9278
5507.900	0.9365
5508.800	0.9405
5509.700	0.9401
5510.600	0.9390
5511.500	0.9330
5512.400	0.9263
5513.300	0.9296
5514.200	0.9418
5515.100	0.9530
5516.000	0.9560
5516.900	0.9580
5517.800	0.9623
5518.700	0.9623
5519.600	0.9595
5520.500	0.9580
5521.400	0.9572
5522.300	0.9563
5523.200	0.9554
5524.100	0.9496
5525.000	0.9365
5525.900	0.9185
5526.800	0.8970
5527.700	0.8810
5528.600	0.8923
5529.500	0.9241
5530.400	0.9468
5531.300	0.9520
5532.200	0.9481
5533.100	0.9387
5534.000	0.9211
5534.900	0.9123
5535.800	0.9264
5536.700	0.9444
5537.600	0.9495
5538.500	0.9502
5539.400	0.9526
5540.300	0.9525
5541.200	0.9492
5542.100	0.9392
5543.000	0.9278
5543.900	0.9273
5544.800	0.9332
5545.700	0.9348
5546.600	0.9375
5547.500	0.9455
5548.400	0.9513
5549.300	0.9509
5550.200	0.9494
5551.100	0.9458
5552.000	0.9422
5552.900	0.9358
5553.800	0.9296
5554.700	0.9321
5555.600	0.9405
5556.500	0.9448
5557.400	0.9445
5558.300	0.9455
5559.200	0.9486
5560.100	0.9496
5561.000	0.9416
5561.900	0.9295
5562.800	0.9207
5563.700	0.9201
5564.600	0.9207
5565.500	0.9192
5566.400	0.9239
5567.300	0.9296
5568.200	0.9253
5569.100	0.9130
5570.000	0.9139
5570.900	0.9223
5571.800	0.9138
5572.700	0.9041
5573.600	0.9171
5574.500	0.9274
5575.400	0.9223
5576.300	0.9204
5577.200	0.9277
5578.100	0.9376
5579.000	0.9427
5579.900	0.9411
5580.800	0.9316
5581.700	0.9234
5582.600	0.9241
5583.500	0.9306
5584.400	0.9318
5585.300	0.9168
5586.200	0.8901
5587.100	0.8720
5588.000	0.8628
5588.900	0.8656
5589.800	0.8819
5590.700	0.9015
5591.600	0.9121
5592.500	0.9104
5593.400	0.8907
5594.300	0.8814
5595.200	0.9052
5596.100	0.9215
5597.000	0.9091
5597.900	0.8858
5598.800	0.8844
5599.700	0.8956
5600.600	0.8902
5601.500	0.8717
5602.400	0.8681
5603.300	0.8891
5604.200	0.9280
5605.100	0.9475
5606.000	0.9486
5606.900	0.9470
5607.800	0.9428
5608.700	0.9430
5609.600	0.9428
5610.500	0.9399
5611.400	0.9382
5612.300	0.9363
5613.200	0.9262
5614.100	0.8948
5615.000	0.8602
5615.900	0.8687
5616.800	0.8972
5617.700	0.9183
5618.600	0.9238
5619.500	0.9217
5620.400	0.9278
5621.300	0.9375
5622.200	0.9376
5623.100	0.9174
5624.000	0.8888
5624.900	0.8840
5625.800	0.9055
5626.700	0.9233
5627.600	0.9250
5628.500	0.9300
5629.400	0.9381
5630.300	0.9357
5631.200	0.9291
5632.100	0.9217
5633.000	0.9128
5633.900	0.9081
5634.800	0.9092
5635.700	0.9085
5636.600	0.8998
5637.500	0.8877
5638.400	0.8928
5639.300	0.9030
5640.200	0.9029
5641.100	0.8991
5642.000	0.9050
5642.900	0.9135
5643.800	0.9171
5644.700	0.9179
5645.600	0.9187
5646.500	0.9273
5647.400	0.9340
5648.300	0.9265
5649.200	0.9105
5650.100	0.9064
5651.000	0.9129
5651.900	0.9153
5652.800	0.9145
5653.700	0.9066
5654.600	0.8909
5655.500	0.8920
5656.400	0.8939
5657.300	0.8641
5658.200	0.8400
5659.100	0.8605
5660.000	0.8958
5660.900	0.9042
5661.800	0.8866
5662.700	0.8829
5663.600	0.8997
5664.500	0.9145
5665.400	0.9115
5666.300	0.8999
5667.200	0.8940
5668.100	0.8914
5669.000	0.8975
5669.900	0.9098
5670.800	0.9197
5671.700	0.9250
5672.600	0.9286
5673.500	0.9252
5674.400	0.9132
5675.300	0.9045
5676.200	0.9135
5677.100	0.9203
5678.000	0.9164
5678.900	0.9094
5679.800	0.9067
5680.700	0.9050
5681.600	0.8890
5682.500	0.8739
5683.400	0.8680
5684.300	0.8712
5685.200	0.8838
5686.100	0.8810
5687.000	0.8745
5687.900	0.8735
5688.800	0.8850
5689.700	0.8953
5690.600	0.8972
5691.500	0.8978
5692.400	0.9009
5693.300	0.8984
5694.200	0.8962
5695.100	0.9025
5696.000	0.9095
5696.900	0.9061
5697.800	0.8997
5698.700	0.9048
5699.600	0.9043
5700.500	0.8910
5701.400	0.8850
5702.300	0.8980
5703.200	0.9130
5704.100	0.9085
5705.000	0.8975
5705.900	0.8852
5706.800	0.8767
5707.700	0.8691
5708.600	0.8553
5709.500	0.8489
5710.400	0.8527
5711.300	0.8591
5712.200	0.8794
5713.100	0.9016
5714.000	0.9012
5714.900	0.8935
5715.800	0.8958
5716.700	0.8959
5717.600	0.8919
5718.500	0.8935
5719.400	0.9013
5720.300	0.9094
5721.200	0.9103
5722.100	0.9100
5723.000	0.9159
5723.900	0.9247
5724.800	0.9224
5725.700	0.9112
5726.600	0.9047
5727.500	0.9066
5728.400	0.9105
5729.300	0.9123
5730.200	0.9079
5731.100	0.8980
5732.000	0.8924
5732.900	0.8975
5733.800	0.9034
5734.700	0.9043
5735.600	0.9031
5736.500	0.9047
5737.400	0.9062
5738.300	0.9046
5739.200	0.9050
5740.100	0.9061
5741.000	0.9060
5741.900	0.9041
5742.800	0.9044
5743.700	0.9065
5744.600	0.9030
5745.500	0.8964
5746.400	0.8907
5747.300	0.8829
5748.200	0.8826
5749.100	0.8910
5750.000	0.8987
5750.900	0.8960
5751.800	0.8769
5752.700	0.8549
5753.600	0.8491
5754.500	0.8656
5755.400	0.8856
5756.300	0.8909
5757.200	0.8909
5758.100	0.8918
5759.000	0.8855
5759.900	0.8815
5760.800	0.8780
5761.700	0.8669
5762.600	0.8607
5763.500	0.8694
5764.400	0.8856
5765.300	0.8930
5766.200	0.8939
5767.100	0.8934
5768.000	0.8936
5768.900	0.8974
5769.800	0.8960
5770.700	0.8876
5771.600	0.8788
5772.500	0.8799
5773.400	0.8887
5774.300	0.8906
5775.200	0.8893
5776.100	0.8931
5777.000	0.8954
5777.900	0.8929
5778.800	0.8880
5779.700	0.8825
5780.600	0.8757
5781.500	0.8736
5782.400	0.8756
5783.300	0.8755
5784.200	0.8739
5785.100	0.8730
5786.000	0.8795
5786.900	0.8856
5787.800	0.8850
5788.700	0.8878
5789.600	0.8880
5790.500	0.8801
5791.400	0.8762
5792.300	0.8758
5793.200	0.8791
5794.100	0.8876
5795.000	0.8931
5795.900	0.8917
5796.800	0.8829
5797.700	0.8752
5798.600	0.8778
5799.500	0.8853
5800.400	0.8905
5801.300	0.8933
5802.200	0.8926
5803.100	0.8880
5804.000	0.8807
5804.900	0.8733
5805.800	0.8708
5806.700	0.8762
5807.600	0.8827
5808.500	0.8840
5809.400	0.8823
5810.300	0.8821
5811.200	0.8823
5812.100	0.8809
5813.000	0.8815
5813.900	0.8828
5814.800	0.8771
5815.700	0.8678
5816.600	0.8699
5817.500	0.8817
5818.400	0.8853
5819.300	0.8802
5820.200	0.8795
5821.100	0.8835
5822.000	0.8862
5822.900	0.8886
5823.800	0.8891
5824.700	0.8859
5825.600	0.8842
5826.500	0.8869
5827.400	0.8904
5828.300	0.8921
5829.200	0.8936
5830.100	0.8908
5831.000	0.8868
5831.900	0.8896
5832.800	0.8892
5833.700	0.8843
5834.600	0.8809
5835.500	0.8816
5836.400	0.8844
5837.300	0.8816
5838.200	0.8820
5839.100	0.8862
5840.000	0.8864
5840.900	0.8846
5841.800	0.8862
5842.700	0.8907
5843.600	0.8929
5844.500	0.8882
5845.400	0.8834
5846.300	0.8856
5847.200	0.8874
5848.100	0.8817
5849.000	0.8792
5849.900	0.8849
5850.800	0.8849
5851.700	0.8730
5852.600	0.8581
5853.500	0.8507
5854.400	0.8572
5855.300	0.8623
5856.200	0.8488
5857.100	0.8330
5858.000	0.8375
5858.900	0.8520
5859.800	0.8630
5860.700	0.8644
5861.600	0.8582
5862.500	0.8593
5863.400	0.8678
5864.300	0.8721
5865.200	0.8714
5866.100	0.8691
5867.000	0.8717
5867.900	0.8794
5868.800	0.8826
5869.700	0.8801
5870.600	0.8734
5871.500	0.8726
5872.400	0.8735
5873.300	0.8686
5874.200	0.8689
5875.100	0.8752
5876.000	0.8794
5876.900	0.8790
5877.800	0.8781
5878.700	0.8764
5879.600	0.8674
5880.500	0.8618
5881.400	0.8672
5882.300	0.8691
5883.200	0.8669
5884.100	0.8655
5885.000	0.8634
5885.900	0.8627
5886.800	0.8648
5887.700	0.8555
5888.600	0.8082
5889.500	0.7559
5890.400	0.7661
5891.300	0.8145
5892.200	0.8406
5893.100	0.8450
5894.000	0.8338
5894.900	0.7920
5895.800	0.7633
5896.700	0.7912
5897.600	0.8332
5898.500	0.8476
5899.400	0.8464
5900.300	0.8477
5901.200	0.8515
5902.100	0.8539
5903.000	0.8550
5903.900	0.8513
5904.800	0.8479
5905.700	0.8503
5906.600	0.8530
5907.500	0.8515
5908.400	0.8505
5909.300	0.8520
5910.200	0.8562
5911.100	0.8602
5912.000	0.8567
5912.900	0.8426
5913.800	0.8307
5914.700	0.8336
5915.600	0.8432
5916.500	0.8496
5917.400	0.8537
5918.300	0.8544
5919.200	0.8517
5920.100	0.8540
5921.000	0.8571
5921.900	0.8570
5922.800	0.8551
5923.700	0.8542
5924.600	0.8552
5925.500	0.8541
5926.400	0.8556
5927.300	0.8523
5928.200	0.8433
5929.100	0.8318
5930.000	0.8306
5930.900	0.8447
5931.800	0.8545
5932.700	0.8533
5933.600	0.8462
5934.500	0.8406
5935.400	0.8477
5936.300	0.8579
5937.200	0.8620
5938.100	0.8643
5939.000	0.8645
5939.900	0.8594
5940.800	0.8513
5941.700	0.8444
5942.600	0.8465
5943.500	0.8550
5944.400	0.8586
5945.300	0.8546
5946.200	0.8477
5947.100	0.8404
5948.000	0.8324
5948.900	0.8320
5949.800	0.8392
5950.700	0.8459
5951.600	0.8456
5952.500	0.8429
5953.400	0.8479
5954.300	0.8531
5955.200	0.8536
5956.100	0.8516
5957.000	0.8510
5957.900	0.8508
5958.800	0.8488
5959.700	0.8491
5960.600	0.8486
5961.500	0.8483
5962.400	0.8499
5963.300	0.8533
5964.200	0.8576
5965.100	0.8536
5966.000	0.8481
5966.900	0.8503
5967.800	0.8551
5968.700	0.8568
5969.600	0.8566
5970.500	0.8554
5971.400	0.8544
5972.300	0.8485
5973.200	0.8434
5974.100	0.8418
5975.000	0.8404
5975.900	0.8343
5976.800	0.8283
5977.700	0.8320
5978.600	0.8414
5979.500	0.8483
5980.400	0.8490
5981.300	0.8447
5982.200	0.8384
5983.100	0.8307
5984.000	0.8197
5984.900	0.8196
5985.800	0.8255
5986.700	0.8268
5987.600	0.8281
5988.500	0.8368
5989.400	0.8466
5990.300	0.8432
5991.200	0.8344
5992.100	0.8367
5993.000	0.8455
5993.900	0.8513
5994.800	0.8526
5995.700	0.8490
5996.600	0.8374
5997.500	0.8288
5998.400	0.8347
5999.300	0.8391
6000.200	0.8397
6001.100	0.8371
6002.000	0.8289
6002.900	0.8250
6003.800	0.8285
6004.700	0.8339
6005.600	0.8320
6006.500	0.8262
6007.400	0.8165
6008.300	0.8123
6009.200	0.8264
6010.100	0.8415
6011.000	0.8432
6011.900	0.8375
6012.800	0.8275
6013.700	0.8258
6014.600	0.8316
6015.500	0.8301
6016.400	0.8292
6017.300	0.8310
6018.200	0.8256
6019.100	0.8147
6020.000	0.8055
6020.900	0.8038
6021.800	0.8100
6022.700	0.8172
6023.600	0.8165
6024.500	0.8200
6025.400	0.8307
6026.300	0.8302
6027.200	0.8271
6028.100	0.8295
6029.000	0.8347
6029.900	0.8371
6030.800	0.8317
6031.700	0.8303
6032.600	0.8358
6033.500	0.8391
6034.400	0.8395
6035.300	0.8359
6036.200	0.8340
6037.100	0.8373
6038.000	0.8385
6038.900	0.8372
6039.800	0.8330
6040.700	0.8248
6041.600	0.8208
6042.500	0.8273
6043.400	0.8346
6044.300	0.8329
6045.200	0.8307
6046.100	0.8340
6047.000	0.8384
6047.900	0.8419
6048.800	0.8422
6049.700	0.8401
6050.600	0.8366
6051.500	0.8330
6052.400	0.8319
6053.300	0.8339
6054.200	0.8343
6055.100	0.8261
6056.000	0.8200
6056.900	0.8250
6057.800	0.8295
6058.700	0.8318
6059.600	0.8366
6060.500	0.8380
6061.400	0.8345
6062.300	0.8280
6063.200	0.8255
6064.100	0.8200
6065.000	0.8086
6065.900	0.8076
6066.800	0.8192
6067.700	0.8312
6068.600	0.8348
6069.500	0.8317
6070.400	0.8299
6071.300	0.8268
6072.200	0.8273
6073.100	0.8310
6074.000	0.8321
6074.900	0.8325
6075.800	0.8279
6076.700	0.8167
6077.600	0.8028
6078.500	0.7978
6079.400	0.8111
6080.300	0.8255
6081.200	0.8279
6082.100	0.8213
6083.000	0.8152
6083.900	0.8110
6084.800	0.8090
6085.700	0.8116
6086.600	0.8161
6087.500	0.8157
6088.400	0.8167
6089.300	0.8186
6090.200	0.8210
6091.100	0.8203
6092.000	0.8170
6092.900	0.8154
6093.800	0.8174
6094.700	0.8196
6095.600	0.8186
6096.500	0.8168
6097.400	0.8155
6098.300	0.8166
6099.200	0.8211
6100.100	0.8207
6101.000	0.8033
6101.900	0.7726
6102.800	0.7587
6103.700	0.7805
6104.600	0.8070
6105.500	0.8177
6106.400	0.8171
6107.300	0.8169
6108.200	0.8185
6109.100	0.8167
6110.000	0.8150
6110.900	0.8168
6111.800	0.8135
6112.700	0.8085
6113.600	0.8115
6114.500	0.8125
6115.400	0.8069
6116.300	0.8054
6117.200	0.8083
6118.100	0.8096
6119.000	0.8092
6119.900	0.8113
6120.800	0.8001
6121.700	0.7777
6122.600	0.7797
6123.500	0.7980
6124.400	0.8096
6125.300	0.8123
6126.200	0.8122
6127.100	0.8098
6128.000	0.8060
6128.900	0.8053
6129.800	0.8080
6130.700	0.8087
6131.600	0.8069
6132.500	0.8082
6133.400	0.8131
6134.300	0.8130
6135.200	0.8009
6136.100	0.7708
6137.000	0.7498
6137.900	0.7606
6138.800	0.7875
6139.700	0.8022
6140.600	0.7904
6141.500	0.7740
6142.400	0.7808
6143.300	0.8022
6144.200	0.8120
6145.100	0.8093
6146.000	0.8054
6146.900	0.7990
6147.800	0.7909
6148.700	0.7943
6149.600	0.8028
6150.500	0.8066
6151.400	0.8106
6152.300	0.8151
6153.200	0.8106
6154.100	0.7944
6155.000	0.7861
6155.900	0.7926
6156.800	0.7996
6157.700	0.8048
6158.600	0.8100
6159.500	0.8092
6160.400	0.7881
6161.300	0.7553
6162.200	0.7454
6163.100	0.7598
6164.000	0.7787
6164.900	0.7887
6165.800	0.7873
6166.700	0.7883
6167.600	0.7861
6168.500	0.7692
6169.400	0.7576
6170.300	0.7653
6171.200	0.7835
6172.100	0.7964
6173.000	0.7969
6173.900	0.7933
6174.800	0.7893
6175.700	0.7871
6176.600	0.7899
6177.500	0.7959
6178.400	0.7973
6179.300	0.7942
6180.200	0.7916
6181.100	0.7908
6182.000	0.7946
6182.900	0.8002
6183.800	0.8036
6184.700	0.8024
6185.600	0.7979
6186.500	0.7959
6187.400	0.7962
6188.300	0.7962
6189.200	0.7934
6190.100	0.7818
6191.000	0.7687
6191.900	0.7761
6192.800	0.7929
6193.700	0.7977
6194.600	0.7945
6195.500	0.7959
6196.400	0.8002
6197.300	0.8012
6198.200	0.8012
6199.100	0.7956
6200.000	0.7886
6200.900	0.7950
6201.800	0.8083
6202.700	0.8116
6203.600	0.8066
6204.500	0.8037
6205.400	0.8046
6206.300	0.8031
6207.200	0.8042
6208.100	0.8091
6209.000	0.8088
6209.900	0.8048
6210.800	0.8039
6211.700	0.8045
6212.600	0.7957
6213.500	0.7867
6214.400	0.7883
6215.300	0.7910
6216.200	0.7963
6217.100	0.8025
6218.000	0.7988
6218.900	0.7884
6219.800	0.7868
6220.700	0.7969
6221.600	0.8049
6222.500	0.8065
6223.400	0.8026
6224.300	0.7997
6225.200	0.8038
6226.100	0.8087
6227.000	0.8059
6227.900	0.7991
6228.800	0.7897
6229.700	0.7743
6230.600	0.7619
6231.500	0.7648
6232.400	0.7791
6233.300	0.7911
6234.200	0.7976
6235.100	0.8003
6236.000	0.7956
6236.900	0.7809
6237.800	0.7686
6238.700	0.7696
6239.600	0.7772
6240.500	0.7852
6241.400	0.7924
6242.300	0.7923
6243.200	0.7838
6244.100	0.7716
6245.000	0.7597
6245.900	0.7508
6246.800	0.7492
6247.700	0.7608
6248.600	0.7761
6249.500	0.7834
6250.400	0.7802
6251.300	0.7699
6252.200	0.7569
6253.100	0.7445
6254.000	0.7412
6254.900	0.7498
6255.800	0.7590
6256.700	0.7643
6257.600	0.7663
6258.500	0.7703
6259.400	0.7780
6260.300	0.7809
6261.200	0.7784
6262.100	0.7770
6263.000	0.7771
6263.900	0.7715
6264.800	0.7650
6265.700	0.7672
6266.600	0.7714
6267.500	0.7733
6268.400	0.7745
6269.300	0.7701
6270.200	0.7653
6271.100	0.7713
6272.000	0.7815
6272.900	0.7847
6273.800	0.7837
6274.700	0.7851
6275.600	0.7874
6276.500	0.7868
6277.400	0.7811
6278.300	0.7719
6279.200	0.7668
6280.100	0.7677
6281.000	0.7741
6281.900	0.7821
6282.800	0.7870
6283.700	0.7908
6284.600	0.7896
6285.500	0.7856
6286.400	0.7852
6287.300	0.7845
6288.200	0.7817
6289.100	0.7786
6290.000	0.7728
6290.900	0.7688
6291.800	0.7735
6292.700	0.7764
6293.600	0.7746
6294.500	0.7792
6295.400	0.7838
6296.300	0.7817
6297.200	0.7764
6298.100	0.7681
6299.000	0.7645
6299.900	0.7604
6300.800	0.7493
6301.700	0.7430
6302.600	0.7539
6303.500	0.7727
6304.400	0.7818
6305.300	0.7838
6306.200	0.7850
6307.100	0.7844
6308.000	0.7814
6308.900	0.7746
6309.800	0.7692
6310.700	0.7673
6311.600	0.7673
6312.500	0.7706
6313.400	0.7701
6314.300	0.7622
6315.200	0.7561
6316.100	0.7574
6317.000	0.7553
6317.900	0.7475
6318.800	0.7533
6319.700	0.7691
6320.600	0.7731
6321.500	0.7651
6322.400	0.7588
6323.300	0.7621
6324.200	0.7700
6325.100	0.7742
6326.000	0.7737
6326.900	0.7728
6327.800	0.7723
6328.700	0.7729
6329.600	0.7724
6330.500	0.7713
6331.400	0.7722
6332.300	0.7752
6333.200	0.7770
6334.100	0.7684
6335.000	0.7522
6335.900	0.7398
6336.800	0.7381
6337.700	0.7445
6338.600	0.7512
6339.500	0.7559
6340.400	0.7593
6341.300	0.7630
6342.200	0.7625
6343.100	0.7583
6344.000	0.7576
6344.900	0.7592
6345.800	0.7545
6346.700	0.7480
6347.600	0.7545
6348.500	0.7652
6349.400	0.7670
6350.300	0.7642
6351.200	0.7649
6352.100	0.7669
6353.000	0.7660
6353.900	0.7604
6354.800	0.7566
6355.700	0.7581
6356.600	0.7604
6357.500	0.7608
6358.400	0.7592
6359.300	0.7564
6360.200	0.7537
6361.100	0.7517
6362.000	0.7527
6362.900	0.7530
6363.800	0.7532
6364.700	0.7574
6365.600	0.7606
6366.500	0.7598
6367.400	0.7629
6368.300	0.7620
6369.200	0.7552
6370.100	0.7529
6371.000	0.7510
6371.900	0.7512
6372.800	0.7569
6373.700	0.7619
6374.600	0.7627
6375.500	0.7623
6376.400	0.7619
6377.300	0.7596
6378.200	0.7588
6379.100	0.7563
6380.000	0.7515
6380.900	0.7523
6381.800	0.7567
6382.700	0.7572
6383.600	0.7524
6384.500	0.7523
6385.400	0.7531
6386.300	0.7553
6387.200	0.7591
6388.100	0.7615
6389.000	0.7607
6389.900	0.7574
6390.800	0.7535
6391.700	0.7517
6392.600	0.7398
6393.500	0.7267
6394.400	0.7339
6395.300	0.7489
6396.200	0.7568
6397.100	0.7587
6398.000	0.7535
6398.900	0.7383
6399.800	0.7227
6400.700	0.7285
6401.600	0.7460
6402.500	0.7538
6403.400	0.7551
6404.300	0.7538
6405.200	0.7510
6406.100	0.7466
6407.000	0.7357
6407.900	0.7300
6408.800	0.7370
6409.700	0.7412
6410.600	0.7336
6411.500	0.7239
6412.400	0.7254
6413.300	0.7329
6414.200	0.7346
6415.100	0.7301
6416.000	0.7271
6416.900	0.7301
6417.800	0.7380
6418.700	0.7401
6419.600	0.7352
6420.500	0.7262
6421.400	0.7238
6422.300	0.7377
6423.200	0.7520
6424.100	0.7571
6425.000	0.7536
6425.900	0.7499
6426.800	0.7478
6427.700	0.7464
6428.600	0.7452
6429.500	0.7372
6430.400	0.7237
6431.300	0.7192
6432.200	0.7237
6433.100	0.7283
6434.000	0.7344
6434.900	0.7418
6435.800	0.7458
6436.700	0.7452
6437.600	0.7306
6438.500	0.7056
6439.400	0.7061
6440.300	0.7279
6441.200	0.7446
6442.100	0.7477
6443.000	0.7476
6443.900	0.7494
6444.800	0.7482
6445.700	0.7449
6446.600	0.7425
6447.500	0.7417
6448.400	0.7311
6449.300	0.7148
6450.200	0.7161
6451.100	0.7275
6452.000	0.7341
6452.900	0.7353
6453.800	0.7361
6454.700	0.7283
6455.600	0.7095
6456.500	0.7056
6457.400	0.7214
6458.300	0.7341
6459.200	0.7381
6460.100	0.7354
6461.000	0.7259
6461.900	0.7040
6462.800	0.6922
6463.700	0.7092
6464.600	0.7281
6465.500	0.7338
6466.400	0.7346
6467.300	0.7296
6468.200	0.7243
6469.100	0.7227
6470.000	0.7237
6470.900	0.7174
6471.800	0.7131
6472.700	0.7230
6473.600	0.7323
6474.500	0.7325
6475.400	0.7314
6476.300	0.7352
6477.200	0.7373
6478.100	0.7358
6479.000	0.7365
6479.900	0.7341
6480.800	0.7262
6481.700	0.7200
6482.600	0.7181
6483.500	0.7184
6484.400	0.7204
6485.300	0.7233
6486.200	0.7254
6487.100	0.7270
6488.000	0.7311
6488.900	0.7337
6489.800	0.7281
6490.700	0.7147
6491.600	0.7056
6492.500	0.6966
6493.400	0.6761
6494.300	0.6602
6495.200	0.6563
6496.100	0.6548
6497.000	0.6674
6497.900	0.6880
6498.800	0.6941
6499.700	0.6955
6500.600	0.7052
6501.500	0.7161
6502.400	0.7209
6503.300	0.7214
6504.200	0.7244
6505.100	0.7249
6506.000	0.7222
6506.900	0.7201
6507.800	0.7175
6508.700	0.7159
6509.600	0.7190
6510.500	0.7245
6511.400	0.7240
6512.300	0.7192
6513.200	0.7192
6514.100	0.7164
6515.000	0.7064
6515.900	0.6962
6516.800	0.6956
6517.700	0.6999
6518.600	0.7018
6519.500	0.7082
6520.400	0.7156
6521.300	0.7176
6522.200	0.7154
6523.100	0.7144
6524.000	0.7147
6524.900	0.7118
6525.800	0.7057
6526.700	0.6984
6527.600	0.6992
6528.500	0.7053
6529.400	0.7089
6530.300	0.7093
6531.200	0.7070
6532.100	0.7033
6533.000	0.6999
6533.900	0.6982
6534.800	0.6982
6535.700	0.6981
6536.600	0.7001
6537.500	0.7012
6538.400	0.7016
6539.300	0.6998
6540.200	0.6971
6541.100	0.6954
6542.000	0.6979
6542.900	0.6996
6543.800	0.6946
6544.700	0.6854
6545.600	0.6732
6546.500	0.6675
6547.400	0.6756
6548.300	0.6851
6549.200	0.6855
6550.100	0.6801
6551.000	0.6776
6551.900	0.6764
6552.800	0.6707
6553.700	0.6617
6554.600	0.6510
6555.500	0.6429
6556.400	0.6360
6557.300	0.6242
6558.200	0.6064
6559.100	0.5841
6560.000	0.5540
6560.900	0.4945
6561.800	0.3982
6562.700	0.3378
6563.600	0.3762
6564.500	0.4679
6565.400	0.5434
6566.300	0.5855
6567.200	0.6075
6568.100	0.6193
6569.000	0.6279
6569.900	0.6379
6570.800	0.6468
6571.700	0.6535
6572.600	0.6584
6573.500	0.6647
6574.400	0.6679
6575.300	0.6678
6576.200	0.6729
6577.100	0.6786
6578.000	0.6806
6578.900	0.6828
6579.800	0.6835
6580.700	0.6847
6581.600	0.6879
6582.500	0.6900
6583.400	0.6909
6584.300	0.6897
6585.200	0.6837
6586.100	0.6775
6587.000	0.6765
6587.900	0.6833
6588.800	0.6922
6589.700	0.6977
6590.600	0.6997
6591.500	0.6923
6592.400	0.6736
6593.300	0.6607
6594.200	0.6683
6595.100	0.6838
6596.000	0.6932
6596.900	0.6943
6597.800	0.6897
6598.700	0.6897
6599.600	0.6954
6600.500	0.7029
6601.400	0.7070
6602.300	0.7071
6603.200	0.7036
6604.100	0.6958
6605.000	0.6934
6605.900	0.6959
6606.800	0.6957
6607.700	0.6932
6608.600	0.6892
6609.500	0.6899
6610.400	0.6960
6611.300	0.7001
6612.200	0.7016
6613.100	0.6986
6614.000	0.6950
6614.900	0.6960
6615.800	0.6997
6616.700	0.7010
6617.600	0.6975
6618.500	0.6966
6619.400	0.7015
6620.300	0.7039
6621.200	0.7023
6622.100	0.7006
6623.000	0.7008
6623.900	0.7009
6624.800	0.6990
6625.700	0.6969
6626.600	0.6933
6627.500	0.6902
6628.400	0.6920
6629.300	0.6961
6630.200	0.7002
6631.100	0.6999
6632.000	0.6936
6632.900	0.6851
6633.800	0.6801
6634.700	0.6839
6635.600	0.6917
6636.500	0.6979
6637.400	0.7005
6638.300	0.6958
6639.200	0.6915
6640.100	0.6938
6641.000	0.7006
6641.900	0.7006
6642.800	0.6881
6643.700	0.6786
6644.600	0.6826
6645.500	0.6909
6646.400	0.6948
6647.300	0.6963
6648.200	0.6989
6649.100	0.6992
6650.000	0.6985
6650.900	0.7006
6651.800	0.7009
6652.700	0.6966
6653.600	0.6928
6654.500	0.6951
6655.400	0.6975
6656.300	0.6957
6657.200	0.6964
6658.100	0.6969
6659.000	0.6937
6659.900	0.6902
6660.800	0.6869
6661.700	0.6819
6662.600	0.6756
6663.500	0.6731
6664.400	0.6769
6665.300	0.6811
6666.200	0.6872
6667.100	0.6903
6668.000	0.6895
6668.900	0.6880
6669.800	0.6883
6670.700	0.6880
6671.600	0.6858
6672.500	0.6850
6673.400	0.6852
6674.300	0.6848
6675.200	0.6870
6676.100	0.6839
6677.000	0.6713
6677.900	0.6605
6678.800	0.6643
6679.700	0.6755
6680.600	0.6868
6681.500	0.6927
6682.400	0.6940
6683.300	0.6901
6684.200	0.6884
6685.100	0.6911
6686.000	0.6931
6686.900	0.6940
6687.800	0.6908
6688.700	0.6872
6689.600	0.6855
6690.500	0.6859
6691.400	0.6898
6692.300	0.6933
6693.200	0.6969
6694.100	0.6975
6695.000	0.6961
6695.900	0.6932
6696.800	0.6911
6697.700	0.6945
6698.600	0.6978
6699.500	0.6979
6700.400	0.6974
6701.300	0.6981
6702.200	0.6960
6703.100	0.6904
6704.000	0.6855
6704.900	0.6832
6705.800	0.6862
6706.700	0.6916
6707.600	0.6906
6708.500	0.6919
6709.400	0.6935
6710.300	0.6899
6711.200	0.6874
6712.100	0.6889
6713.000	0.6876
6713.900	0.6850
6714.800	0.6817
6715.700	0.6769
6716.600	0.6656
6717.500	0.6586
6718.400	0.6678
6719.300	0.6806
6720.200	0.6867
6721.100	0.6839
6722.000	0.6812
6722.900	0.6837
6723.800	0.6867
6724.700	0.6862
6725.600	0.6823
6726.500	0.6814
6727.400	0.6857
6728.300	0.6864
6729.200	0.6855
6730.100	0.6865
6731.000	0.6874
6731.900	0.6865
6732.800	0.6849
6733.700	0.6858
6734.600	0.6857
6735.500	0.6823
6736.400	0.6806
6737.300	0.6772
6738.200	0.6744
6739.100	0.6768
6740.000	0.6796
6740.900	0.6800
6741.800	0.6779
6742.700	0.6768
6743.600	0.6776
6744.500	0.6795
6745.400	0.6806
6746.300	0.6782
6747.200	0.6754
6748.100	0.6711
6749.000	0.6671
6749.900	0.6666
6750.800	0.6694
6751.700	0.6751
6752.600	0.6803
6753.500	0.6848
6754.400	0.6884
6755.300	0.6845
6756.200	0.6765
6757.100	0.6741
6758.000	0.6776
6758.900	0.6809
6759.800	0.6819
6760.700	0.6834
6761.600	0.6867
6762.500	0.6880
6763.400	0.6855
6764.300	0.6824
6765.200	0.6817
6766.100	0.6785
6767.000	0.6703
6767.900	0.6663
6768.800	0.6729
6769.700	0.6782
6770.600	0.6799
6771.500	0.6801
6772.400	0.6805
6773.300	0.6806
6774.200	0.6798
6775.100	0.6780
6776.000	0.6783
6776.900	0.6791
6777.800	0.6782
6778.700	0.6779
6779.600	0.6771
6780.500	0.6771
6781.400	0.6720
6782.300	0.6669
6783.200	0.6672
6784.100	0.6692
6785.000	0.6732
6785.900	0.6765
6786.800	0.6758
6787.700	0.6731
6788.600	0.6715
6789.500	0.6745
6790.400	0.6772
6791.300	0.6749
6792.200	0.6744
6793.100	0.6763
6794.000	0.6765
6794.900	0.6773
6795.800	0.6780
6796.700	0.6790
6797.600	0.6801
6798.500	0.6796
6799.400	0.6762
6800.300	0.6719
6801.200	0.6714
6802.100	0.6723
6803.000	0.6732
6803.900	0.6738
6804.800	0.6744
6805.700	0.6730
6806.600	0.6691
6807.500	0.6705
6808.400	0.6762
6809.300	0.6742
6810.200	0.6681
6811.100	0.6663
6812.000	0.6674
6812.900	0.6695
6813.800	0.6707
6814.700	0.6708
6815.600	0.6704
6816.500	0.6703
6817.400	0.6722
6818.300	0.6730
6819.200	0.6710
6820.100	0.6692
6821.000	0.6699
6821.900	0.6729
6822.800	0.6736
6823.700	0.6699
6824.600	0.6681
6825.500	0.6701
6826.400	0.6695
6827.300	0.6626
6828.200	0.6568
6829.100	0.6594
6830.000	0.6666
6830.900	0.6703
6831.800	0.6673
6832.700	0.6637
6833.600	0.6634
6834.500	0.6654
6835.400	0.6686
6836.300	0.6701
6837.200	0.6666
6838.100	0.6586
6839.000	0.6531
6839.900	0.6521
6840.800	0.6475
6841.700	0.6439
6842.600	0.6451
6843.500	0.6507
6844.400	0.6618
6845.300	0.6700
6846.200	0.6738
6847.100	0.6749
6848.000	0.6702
6848.900	0.6662
6849.800	0.6674
6850.700	0.6704
6851.600	0.6706
6852.500	0.6687
6853.400	0.6640
6854.300	0.6544
6855.200	0.6511
6856.100	0.6539
6857.000	0.6526
6857.900	0.6514
6858.800	0.6545
6859.700	0.6578
6860.600	0.6582
6861.500	0.6579
6862.400	0.6575
6863.300	0.6566
6864.200	0.6579
6865.100	0.6602
6866.000	0.6608
6866.900	0.6609
6867.800	0.6547
6868.700	0.6460
6869.600	0.6466
6870.500	0.6507
6871.400	0.6488
6872.300	0.6484
6873.200	0.6509
6874.100	0.6524
6875.000	0.6510
6875.900	0.6492
6876.800	0.6499
6877.700	0.6498
6878.600	0.6504
6879.500	0.6521
6880.400	0.6510
6881.300	0.6467
6882.200	0.6461
6883.100	0.6483
6884.000	0.6497
6884.900	0.6502
6885.800	0.6491
6886.700	0.6446
6887.600	0.6457
6888.500	0.6553
6889.400	0.6545
6890.300	0.6467
6891.200	0.6484
6892.100	0.6510
6893.000	0.6451
6893.900	0.6412
6894.800	0.6449
6895.700	0.6494
6896.600	0.6477
6897.500	0.6426
6898.400	0.6461
6899.300	0.6519
6900.200	0.6488
6901.100	0.6429
6902.000	0.6448
6902.900	0.6495
6903.800	0.6500
6904.700	0.6460
6905.600	0.6450
6906.500	0.6483
6907.400	0.6515
6908.300	0.6540
6909.200	0.6496
6910.100	0.6410
6911.000	0.6404
6911.900	0.6451
6912.800	0.6464
6913.700	0.6423
6914.600	0.6358
6915.500	0.6349
6916.400	0.6338
6917.300	0.6354
6918.200	0.6370
6919.100	0.6335
6920.000	0.6354
6920.900	0.6402
6921.800	0.6403
6922.700	0.6389
6923.600	0.6349
6924.500	0.6311
6925.400	0.6338
6926.300	0.6387
6927.200	0.6423
6928.100	0.6421
6929.000	0.6404
6929.900	0.6404
6930.800	0.6411
6931.700	0.6376
6932.600	0.6324
6933.500	0.6338
6934.400	0.6389
6935.300	0.6422
6936.200	0.6447
6937.100	0.6463
6938.000	0.6465
6938.900	0.6468
6939.800	0.6484
6940.700	0.6532
6941.600	0.6538
6942.500	0.6465
6943.400	0.6392
6944.300	0.6314
6945.200	0.6259
6946.100	0.6303
6947.000	0.6359
6947.900	0.6384
6948.800	0.6398
6949.700	0.6374
6950.600	0.6315
6951.500	0.6301
6952.400	0.6343
6953.300	0.6347
6954.200	0.6338
6955.100	0.6353
6956.000	0.6404
6956.900	0.6449
6957.800	0.6455
6958.700	0.6424
6959.600	0.6404
6960.500	0.6436
6961.400	0.6469
6962.300	0.6459
6963.200	0.6422
6964.100	0.6397
6965.000	0.6387
6965.900	0.6402
6966.800	0.6422
6967.700	0.6410
6968.600	0.6388
6969.500	0.6366
6970.400	0.6345
6971.300	0.6317
6972.200	0.6318
6973.100	0.6339
6974.000	0.6340
6974.900	0.6307
6975.800	0.6257
6976.700	0.6209
6977.600	0.6152
6978.500	0.6116
6979.400	0.6154
6980.300	0.6241
6981.200	0.6315
6982.100	0.6360
6983.000	0.6380
6983.900	0.6375
6984.800	0.6348
6985.700	0.6330
6986.600	0.6322
6987.500	0.6350
6988.400	0.6408
6989.300	0.6440
6990.200	0.6433
6991.100	0.6405
6992.000	0.6363
6992.900	0.6356
6993.800	0.6375
6994.700	0.6376
6995.600	0.6378
6996.500	0.6380
6997.400	0.6380
6998.300	0.6363
6999.200	0.6335
7000.100	0.6314
7001.000	0.6319
7001.900	0.6329
7002.800	0.6307
7003.700	0.6290
7004.600	0.6269
7005.500	0.6234
7006.400	0.6256
7007.300	0.6310
7008.200	0.6349
7009.100	0.6363
7010.000	0.6380
7010.900	0.6407
7011.800	0.6384
7012.700	0.6342
7013.600	0.6367
7014.500	0.6363
7015.400	0.6261
7016.300	0.6168
7017.200	0.6216
7018.100	0.6347
7019.000	0.6431
7019.900	0.6450
7020.800	0.6430
7021.700	0.6376
7022.600	0.6323
7023.500	0.6314
7024.400	0.6334
7025.300	0.6349
7026.200	0.6374
7027.100	0.6406
7028.000	0.6428
7028.900	0.6423
7029.800	0.6386
7030.700	0.6359
7031.600	0.6340
7032.500	0.6315
7033.400	0.6276
7034.300	0.6212
7035.200	0.6203
7036.100	0.6266
7037.000	0.6285
7037.900	0.6235
7038.800	0.6250
7039.700	0.6344
7040.600	0.6391
7041.500	0.6375
7042.400	0.6354
7043.300	0.6331
7044.200	0.6339
7045.100	0.6360
7046.000	0.6354
7046.900	0.6364
7047.800	0.6380
7048.700	0.6377
7049.600	0.6380
7050.500	0.6402
7051.400	0.6427
7052.300	0.6439
7053.200	0.6457
7054.100	0.6461
7055.000	0.6441
7055.900	0.6452
7056.800	0.6497
7057.700	0.6540
7058.600	0.6533
7059.500	0.6491
7060.400	0.6464
7061.300	0.6449
7062.200	0.6455
7063.100	0.6454
7064.000	0.6474
7064.900	0.6561
7065.800	0.6616
7066.700	0.6558
7067.600	0.6443
7068.500	0.6375
7069.400	0.6383
7070.300	0.6413
7071.200	0.6436
7072.100	0.6441
7073.000	0.6414
7073.900	0.6371
7074.800	0.6336
7075.700	0.6338
7076.600	0.6345
7077.500	0.6332
7078.400	0.6314
7079.300	0.6297
7080.200	0.6288
7081.100	0.6278
7082.000	0.6266
7082.900	0.6235
7083.800	0.6163
7084.700	0.6103
7085.600	0.6089
7086.500	0.6097
7087.400	0.6112
7088.300	0.6083
7089.200	0.6002
7090.100	0.5927
7091.000	0.5893
7091.900	0.5881
7092.800	0.5852
7093.700	0.5836
7094.600	0.5848
7095.500	0.5856
7096.400	0.5835
7097.300	0.5790
7098.200	0.5875
7099.100	0.6242
7100.000	0.6329
7100.900	0.6322
7101.800	0.6318
7102.700	0.6300
7103.600	0.6275
7104.500	0.6278
7105.400	0.6280
7106.300	0.6266
7107.200	0.6250
7108.100	0.6248
7109.000	0.6269
7109.900	0.6286
7110.800	0.6255
7111.700	0.6212
7112.600	0.6200
7113.500	0.6225
7114.400	0.6251
7115.300	0.6246
7116.200	0.6237
7117.100	0.6261
7118.000	0.6284
7118.900	0.6267
7119.800	0.6228
7120.700	0.6188
7121.600	0.6151
7122.500	0.6150
7123.400	0.6218
7124.300	0.6275
7125.200	0.6285
7126.100	0.6267
7127.000	0.6239
7127.900	0.6218
7128.800	0.6173
7129.700	0.6115
7130.600	0.6055
7131.500	0.6052
7132.400	0.6102
7133.300	0.6160
7134.200	0.6195
7135.100	0.6201
7136.000	0.6188
7136.900	0.6186
7137.800	0.6209
7138.700	0.6235
7139.600	0.6229
7140.500	0.6206
7141.400	0.6187
7142.300	0.6162
7143.200	0.6152
7144.100	0.6150
7145.000	0.6146
7145.900	0.6143
7146.800	0.6082
7147.700	0.5974
7148.600	0.5957
7149.500	0.6039
7150.400	0.6097
7151.300	0.6107
7152.200	0.6126
7153.100	0.6151
7154.000	0.6160
7154.900	0.6155
7155.800	0.6155
7156.700	0.6184
7157.600	0.6203
7158.500	0.6184
7159.400	0.6175
7160.300	0.6191
7161.200	0.6206
7162.100	0.6180
7163.000	0.6085
7163.900	0.5953
7164.800	0.5885
7165.700	0.5941
7166.600	0.6049
7167.500	0.6132
7168.400	0.6166
7169.300	0.6166
7170.200	0.6169
7171.100	0.6156
7172.000	0.6147
7172.900	0.6167
7173.800	0.6167
7174.700	0.6140
7175.600	0.6106
7176.500	0.6104
7177.400	0.6128
7178.300	0.6121
7179.200	0.6084
7180.100	0.6045
7181.000	0.6019
7181.900	0.6021
7182.800	0.6048
7183.700	0.6082
7184.600	0.6083
7185.500	0.6045
7186.400	0.5991
7187.300	0.5937
7188.200	0.5930
7189.100	0.5952
7190.000	0.5994
7190.900	0.6040
7191.800	0.6051
7192.700	0.6025
7193.600	0.6027
7194.500	0.6043
7195.400	0.6030
7196.300	0.6007
7197.200	0.6015
7198.100	0.6031
7199.000	0.6041
7199.900	0.6078
7200.800	0.6083
7201.700	0.6007
7202.600	0.5963
7203.500	0.6036
7204.400	0.6118
7205.300	0.6099
7206.200	0.5985
7207.100	0.5876
7208.000	0.5884
7208.900	0.5972
7209.800	0.6049
7210.700	0.6082
7211.600	0.6078
7212.500	0.6065
7213.400	0.6049
7214.300	0.6041
7215.200	0.6072
7216.100	0.6115
7217.000	0.6108
7217.900	0.6071
7218.800	0.6063
7219.700	0.6080
7220.600	0.6079
7221.500	0.6057
7222.400	0.6061
7223.300	0.6075
7224.200	0.6081
7225.100	0.6080
7226.000	0.6090
7226.900	0.6137
7227.800	0.6182
7228.700	0.6187
7229.600	0.6179
7230.500	0.6201
7231.400	0.6228
7232.300	0.6231
7233.200	0.6206
7234.100	0.6171
7235.000	0.6138
7235.900	0.6106
7236.800	0.6119
7237.700	0.6140
7238.600	0.6127
7239.500	0.6128
7240.400	0.6162
7241.300	0.6153
7242.200	0.6105
7243.100	0.6083
7244.000	0.6084
7244.900	0.6090
7245.800	0.6113
7246.700	0.6120
7247.600	0.6120
7248.500	0.6123
7249.400	0.6085
7250.300	0.6016
7251.200	0.6021
7252.100	0.6111
7253.000	0.6190
7253.900	0.6172
7254.800	0.6116
7255.700	0.6107
7256.600	0.6133
7257.500	0.6170
7258.400	0.6164
7259.300	0.6102
7260.200	0.6064
7261.100	0.6041
7262.000	0.6021
7262.900	0.6040
7263.800	0.6097
7264.700	0.6167
7265.600	0.6194
7266.500	0.6160
7267.400	0.6112
7268.300	0.6074
7269.200	0.6074
7270.100	0.6094
7271.000	0.6106
7271.900	0.6105
7272.800	0.6101
7273.700	0.6052
7274.600	0.5991
7275.500	0.6020
7276.400	0.6118
7277.300	0.6167
7278.200	0.6131
7279.100	0.6100
7280.000	0.6104
7280.900	0.6091
7281.800	0.6041
7282.700	0.6018
7283.600	0.6007
7284.500	0.5979
7285.400	0.5981
7286.300	0.5998
7287.200	0.5972
7288.100	0.5867
7289.000	0.5786
7289.900	0.5843
7290.800	0.5932
7291.700	0.5953
7292.600	0.5939
7293.500	0.5973
7294.400	0.6032
7295.300	0.6058
7296.200	0.6051
7297.100	0.6029
7298.000	0.6018
7298.900	0.6017
7299.800	0.6003
7300.700	0.5969
7301.600	0.5982
7302.500	0.6027
7303.400	0.6062
7304.300	0.6059
7305.200	0.6024
7306.100	0.5980
7307.000	0.5942
7307.900	0.5948
7308.800	0.5970
7309.700	0.5954
7310.600	0.5943
7311.500	0.5998
7312.400	0.6077
7313.300	0.6109
7314.200	0.6107
7315.100	0.6107
7316.000	0.6120
7316.900	0.6132
7317.800	0.6137
7318.700	0.6111
7319.600	0.6041
7320.500	0.5980
7321.400	0.5977
7322.300	0.5995
7323.200	0.5980
7324.100	0.5947
7325.000	0.5886
7325.900	0.5844
7326.800	0.5873
7327.700	0.5951
7328.600	0.5989
7329.500	0.5973
7330.400	0.5942
7331.300	0.5932
7332.200	0.5966
7333.100	0.6015
7334.000	0.6032
7334.900	0.6037
7335.800	0.6030
7336.700	0.6011
7337.600	0.5986
7338.500	0.5983
7339.400	0.6010
7340.300	0.6028
7341.200	0.6026
7342.100	0.6026
7343.000	0.6037
7343.900	0.6047
7344.800	0.6042
7345.700	0.6034
7346.600	0.6036
7347.500	0.6036
7348.400	0.6012
7349.300	0.5972
7350.200	0.5946
7351.100	0.5916
7352.000	0.5911
7352.900	0.5944
7353.800	0.5936
7354.700	0.5895
7355.600	0.5891
7356.500	0.5912
7357.400	0.5919
7358.300	0.5914
7359.200	0.5911
7360.100	0.5899
7361.000	0.5880
7361.900	0.5873
7362.800	0.5873
7363.700	0.5879
7364.600	0.5881
7365.500	0.5875
7366.400	0.5869
7367.300	0.5872
7368.200	0.5874
7369.100	0.5865
7370.000	0.5866
7370.900	0.5878
7371.800	0.5873
7372.700	0.5859
7373.600	0.5840
7374.500	0.5821
7375.400	0.5824
7376.300	0.5834
7377.200	0.5848
7378.100	0.5857
7379.000	0.5844
7379.900	0.5815
7380.800	0.5798
7381.700	0.5806
7382.600	0.5829
7383.500	0.5837
7384.400	0.5793
7385.300	0.5713
7386.200	0.5647
7387.100	0.5619
7388.000	0.5636
7388.900	0.5685
7389.800	0.5760
7390.700	0.5825
7391.600	0.5814
7392.500	0.5748
7393.400	0.5709
7394.300	0.5746
7395.200	0.5828
7396.100	0.5875
7397.000	0.5866
7397.900	0.5833
7398.800	0.5800
7399.700	0.5786
7400.600	0.5798
7401.500	0.5839
7402.400	0.5871
7403.300	0.5864
7404.200	0.5830
7405.100	0.5786
7406.000	0.5768
7406.900	0.5776
7407.800	0.5744
7408.700	0.5676
7409.600	0.5658
7410.500	0.5687
7411.400	0.5700
7412.300	0.4685
7413.200	0.1082
7414.100	0.0022
7415.000	0.0000
7415.900	0.0000
7416.800	0.0000
7417.700	0.0000
7418.600	0.0000
7419.500	0.0000
7420.400	0.0000
7421.300	0.0000
7422.200	0.0000
7423.100	0.0000
7424.000	0.0000
7424.900	0.0000
7425.800	0.0000
7426.700	0.0000
7427.600	0.0000
7428.500	0.0000
