3500.0000 0
3500.9000 0
3501.8000 0
3502.7000 0
3503.6000 0
3504.5000 0
3505.4000 0
3506.3000 0
3507.2000 0
3508.1000 0
3509.0000 0
3509.9000 0
3510.8000 0
3511.7000 0
3512.6000 0
3513.5000 0
3514.4000 0
3515.3000 0
3516.2000 0
3517.1000 0
3518.0000 0
3518.9000 0
3519.8000 0
3520.7000 0
3521.6000 0
3522.5000 0
3523.4000 0
3524.3000 0
3525.2000 0
3526.1000 0
3527.0000 0
3527.9000 0
3528.8000 0
3529.7000 0
3530.6000 0
3531.5000 0
3532.4000 0
3533.3000 0
3534.2000 0
3535.1000 0.00640315
3536.0000 0.19789307
3536.9000 0.20538065
3537.8000 0.22989747
3538.7000 0.26068479
3539.6000 0.27793032
3540.5000 0.25477508
3541.4000 0.25741223
3542.3000 0.28507748
3543.2000 0.25385866
3544.1000 0.24729796
3545.0000 0.26836118
3545.9000 0.28678739
3546.8000 0.30540487
3547.7000 0.26266059
3548.6000 0.23184153
3549.5000 0.26158676
3550.4000 0.24421877
3551.3000 0.21661593
3552.2000 0.23267604
3553.1000 0.26732096
3554.0000 0.27892911
3554.9000 0.26951864
3555.8000 0.27911046
3556.7000 0.27120459
3557.6000 0.25012186
3558.5000 0.23398396
3559.4000 0.25239849
3560.3000 0.26999536
3561.2000 0.26809534
3562.1000 0.31150618
3563.0000 0.31988871
3563.9000 0.29892996
3564.8000 0.25617322
3565.7000 0.22837125
3566.6000 0.23089494
3567.5000 0.22690369
3568.4000 0.19906491
3569.3000 0.18517345
3570.2000 0.19283269
3571.1000 0.15313357
3572.0000 0.19080673
3572.9000 0.21638569
3573.8000 0.14479665
3574.7000 0.18783271
3575.6000 0.22115488
3576.5000 0.17469712
3577.4000 0.14068738
3578.3000 0.17436405
3579.2000 0.22137989
3580.1000 0.2439312
3581.0000 0.22386691
3581.9000 0.24503081
3582.8000 0.34956494
3583.7000 0.25179601
3584.6000 0.19755933
3585.5000 0.16188928
3586.4000 0.10586332
3587.3000 0.11449537
3588.2000 0.17325395
3589.1000 0.16949131
3590.0000 0.19746825
3590.9000 0.24706458
3591.8000 0.27672994
3592.7000 0.26286617
3593.6000 0.29193345
3594.5000 0.33931133
3595.4000 0.31291357
3596.3000 0.32919499
3597.2000 0.38662046
3598.1000 0.33651495
3599.0000 0.28517136
3599.9000 0.30520296
3600.8000 0.32553351
3601.7000 0.30804455
3602.6000 0.21753438
3603.5000 0.13699412
3604.4000 0.13927625
3605.3000 0.21196645
3606.2000 0.23098375
3607.1000 0.22400385
3608.0000 0.24065979
3608.9000 0.21076
3609.8000 0.21271752
3610.7000 0.14834009
3611.6000 0.12246949
3612.5000 0.12758216
3613.4000 0.26009098
3614.3000 0.26159844
3615.2000 0.26112261
3616.1000 0.21775936
3617.0000 0.23124067
3617.9000 0.28471592
3618.8000 0.25084072
3619.7000 0.16360323
3620.6000 0.24988341
3621.5000 0.21681422
3622.4000 0.1891814
3623.3000 0.23075756
3624.2000 0.24377017
3625.1000 0.26329929
3626.0000 0.32459906
3626.9000 0.33950683
3627.8000 0.35932019
3628.7000 0.36507216
3629.6000 0.26420623
3630.5000 0.19187535
3631.4000 0.17886813
3632.3000 0.16453597
3633.2000 0.15807271
3634.1000 0.24551871
3635.0000 0.1882309
3635.9000 0.20988773
3636.8000 0.266662
3637.7000 0.3349044
3638.6000 0.36079717
3639.5000 0.29674751
3640.4000 0.24381138
3641.3000 0.31357577
3642.2000 0.31649932
3643.1000 0.3088645
3644.0000 0.2335369
3644.9000 0.16728017
3645.8000 0.18491752
3646.7000 0.23058429
3647.6000 0.24866568
3648.5000 0.23114319
3649.4000 0.23962563
3650.3000 0.24151824
3651.2000 0.22507414
3652.1000 0.26528284
3653.0000 0.30109927
3653.9000 0.26040125
3654.8000 0.25453192
3655.7000 0.26421127
3656.6000 0.2680265
3657.5000 0.27542242
3658.4000 0.27967271
3659.3000 0.30021763
3660.2000 0.37417099
3661.1000 0.33328763
3662.0000 0.26048607
3662.9000 0.26848227
3663.8000 0.28031218
3664.7000 0.27872533
3665.6000 0.32799086
3666.5000 0.28316107
3667.4000 0.28200623
3668.3000 0.28078488
3669.2000 0.30982426
3670.1000 0.26331472
3671.0000 0.29744005
3671.9000 0.27742904
3672.8000 0.27629676
3673.7000 0.2251168
3674.6000 0.2271723
3675.5000 0.26030505
3676.4000 0.31527847
3677.3000 0.35560405
3678.2000 0.28064588
3679.1000 0.26889235
3680.0000 0.282868
3680.9000 0.2972084
3681.8000 0.31679302
3682.7000 0.32980919
3683.6000 0.29456076
3684.5000 0.28063211
3685.4000 0.22331823
3686.3000 0.20137787
3687.2000 0.25954282
3688.1000 0.24914861
3689.0000 0.27335501
3689.9000 0.3389743
3690.8000 0.27827463
3691.7000 0.27579284
3692.6000 0.34484363
3693.5000 0.32892165
3694.4000 0.31530276
3695.3000 0.28148314
3696.2000 0.33529839
3697.1000 0.292651
3698.0000 0.31750059
3698.9000 0.35987347
3699.8000 0.3395355
3700.7000 0.30182639
3701.6000 0.33612624
3702.5000 0.361081
3703.4000 0.31443995
3704.3000 0.31148857
3705.2000 0.2805059
3706.1000 0.29220441
3707.0000 0.27146605
3707.9000 0.25765675
3708.8000 0.27050087
3709.7000 0.26878834
3710.6000 0.27559173
3711.5000 0.28055024
3712.4000 0.33003864
3713.3000 0.39814597
3714.2000 0.38075715
3715.1000 0.33171335
3716.0000 0.29013515
3716.9000 0.40838456
3717.8000 0.47668624
3718.7000 0.37181205
3719.6000 0.31842211
3720.5000 0.28494984
3721.4000 0.26556611
3722.3000 0.24862561
3723.2000 0.31138861
3724.1000 0.35674116
3725.0000 0.38173133
3725.9000 0.39073107
3726.8000 0.32843143
3727.7000 0.30233997
3728.6000 0.32798743
3729.5000 0.3677282
3730.4000 0.31984276
3731.3000 0.2637597
3732.2000 0.25701338
3733.1000 0.23757809
3734.0000 0.21088985
3734.9000 0.23947307
3735.8000 0.23695156
3736.7000 0.26428184
3737.6000 0.2873657
3738.5000 0.2873702
3739.4000 0.30272755
3740.3000 0.41582879
3741.2000 0.40480796
3742.1000 0.38331166
3743.0000 0.35614574
3743.9000 0.33956939
3744.8000 0.30371782
3745.7000 0.28218076
3746.6000 0.2890898
3747.5000 0.2998383
3748.4000 0.19724165
3749.3000 0.1589634
3750.2000 0.21326822
3751.1000 0.27397978
3752.0000 0.31424958
3752.9000 0.36581039
3753.8000 0.43006459
3754.7000 0.44141069
3755.6000 0.42332423
3756.5000 0.33360714
3757.4000 0.26763973
3758.3000 0.2446508
3759.2000 0.26941329
3760.1000 0.26401925
3761.0000 0.30055305
3761.9000 0.38126865
3762.8000 0.3482253
3763.7000 0.3385255
3764.6000 0.37206441
3765.5000 0.38750398
3766.4000 0.32006702
3767.3000 0.28611323
3768.2000 0.33156565
3769.1000 0.30823326
3770.0000 0.27087456
3770.9000 0.29273599
3771.8000 0.35276249
3772.7000 0.37590325
3773.6000 0.36755341
3774.5000 0.36612231
3775.4000 0.36008084
3776.3000 0.34686443
3777.2000 0.33771378
3778.1000 0.35709122
3779.0000 0.40691659
3779.9000 0.43862355
3780.8000 0.46374795
3781.7000 0.46095717
3782.6000 0.44868723
3783.5000 0.46400249
3784.4000 0.48799774
3785.3000 0.41867062
3786.2000 0.32193446
3787.1000 0.31375799
3788.0000 0.31499884
3788.9000 0.31480646
3789.8000 0.31756219
3790.7000 0.354673
3791.6000 0.36432245
3792.5000 0.33682534
3793.4000 0.28599381
3794.3000 0.28764963
3795.2000 0.30819592
3796.1000 0.30683151
3797.0000 0.26866394
3797.9000 0.25623286
3798.8000 0.28677741
3799.7000 0.37019464
3800.6000 0.43819928
3801.5000 0.40600911
3802.4000 0.40060636
3803.3000 0.41859591
3804.2000 0.4728359
3805.1000 0.47828332
3806.0000 0.39089224
3806.9000 0.37500766
3807.8000 0.34592223
3808.7000 0.4541907
3809.6000 0.4865911
3810.5000 0.51071322
3811.4000 0.46204862
3812.3000 0.42571342
3813.2000 0.32981345
3814.1000 0.30955487
3815.0000 0.30863199
3815.9000 0.29344144
3816.8000 0.34224239
3817.7000 0.3591699
3818.6000 0.35634589
3819.5000 0.3482269
3820.4000 0.31865972
3821.3000 0.3732461
3822.2000 0.42213008
3823.1000 0.40588662
3824.0000 0.33365208
3824.9000 0.27106586
3825.8000 0.23439889
3826.7000 0.24641399
3827.6000 0.2972247
3828.5000 0.30602542
3829.4000 0.31710875
3830.3000 0.36045557
3831.2000 0.31105435
3832.1000 0.24044
3833.0000 0.24594422
3833.9000 0.25761268
3834.8000 0.26116878
3835.7000 0.26537603
3836.6000 0.27329352
3837.5000 0.2922897
3838.4000 0.28045952
3839.3000 0.25436822
3840.2000 0.25635073
3841.1000 0.29869822
3842.0000 0.37357256
3842.9000 0.38777497
3843.8000 0.39656463
3844.7000 0.38665739
3845.6000 0.37532955
3846.5000 0.38510829
3847.4000 0.3919583
3848.3000 0.39369684
3849.2000 0.34888127
3850.1000 0.33444142
3851.0000 0.35636494
3851.9000 0.38153216
3852.8000 0.37225187
3853.7000 0.37195319
3854.6000 0.37243417
3855.5000 0.3600252
3856.4000 0.37087476
3857.3000 0.36737135
3858.2000 0.31154245
3859.1000 0.30142757
3860.0000 0.34588423
3860.9000 0.37993622
3861.8000 0.4017868
3862.7000 0.4259581
3863.6000 0.42597431
3864.5000 0.41118971
3865.4000 0.40591151
3866.3000 0.4096261
3867.2000 0.41748768
3868.1000 0.40265235
3869.0000 0.40069157
3869.9000 0.35579044
3870.8000 0.37264609
3871.7000 0.32544068
3872.6000 0.31594178
3873.5000 0.34650239
3874.4000 0.41276532
3875.3000 0.44996616
3876.2000 0.46893626
3877.1000 0.4336302
3878.0000 0.37055787
3878.9000 0.32999107
3879.8000 0.41388112
3880.7000 0.39805144
3881.6000 0.32130882
3882.5000 0.32025117
3883.4000 0.36267412
3884.3000 0.37741548
3885.2000 0.3326523
3886.1000 0.34472468
3887.0000 0.30395851
3887.9000 0.28459045
3888.8000 0.25470123
3889.7000 0.25289267
3890.6000 0.30334154
3891.5000 0.36065969
3892.4000 0.3975724
3893.3000 0.36215836
3894.2000 0.35945109
3895.1000 0.35710704
3896.0000 0.37848675
3896.9000 0.4106372
3897.8000 0.38564649
3898.7000 0.38904461
3899.6000 0.39645046
3900.5000 0.41457695
3901.4000 0.45675051
3902.3000 0.45421046
3903.2000 0.41225445
3904.1000 0.42286637
3905.0000 0.3900488
3905.9000 0.33126184
3906.8000 0.3390066
3907.7000 0.37203318
3908.6000 0.42806965
3909.5000 0.46809098
3910.4000 0.49306554
3911.3000 0.50402045
3912.2000 0.45995173
3913.1000 0.39732736
3914.0000 0.38681459
3914.9000 0.41223499
3915.8000 0.3957538
3916.7000 0.38844773
3917.6000 0.40213609
3918.5000 0.38978231
3919.4000 0.36372975
3920.3000 0.36495551
3921.2000 0.36202884
3922.1000 0.35973209
3923.0000 0.37253946
3923.9000 0.36747298
3924.8000 0.33536124
3925.7000 0.28332001
3926.6000 0.26003459
3927.5000 0.2316134
3928.4000 0.1826894
3929.3000 0.17466192
3930.2000 0.16570374
3931.1000 0.13489629
3932.0000 0.09308751
3932.9000 0.08313563
3933.8000 0.07699525
3934.7000 0.09169582
3935.6000 0.11706376
3936.5000 0.14249468
3937.4000 0.16323197
3938.3000 0.20966038
3939.2000 0.24871042
3940.1000 0.25851846
3941.0000 0.27325752
3941.9000 0.28347206
3942.8000 0.270441
3943.7000 0.29622912
3944.6000 0.35198498
3945.5000 0.42311585
3946.4000 0.43847731
3947.3000 0.40105987
3948.2000 0.35425088
3949.1000 0.40396217
3950.0000 0.42089254
3950.9000 0.4329153
3951.8000 0.39574903
3952.7000 0.36560529
3953.6000 0.40709925
3954.5000 0.50355977
3955.4000 0.44582346
3956.3000 0.39327461
3957.2000 0.37172467
3958.1000 0.42209014
3959.0000 0.43830624
3959.9000 0.40815708
3960.8000 0.3645519
3961.7000 0.31814587
3962.6000 0.30003884
3963.5000 0.25027186
3964.4000 0.22172628
3965.3000 0.19103566
3966.2000 0.18047555
3967.1000 0.13780484
3968.0000 0.10967858
3968.9000 0.10048969
3969.8000 0.11018891
3970.7000 0.13596065
3971.6000 0.17334761
3972.5000 0.20030451
3973.4000 0.22298142
3974.3000 0.27825826
3975.2000 0.33720917
3976.1000 0.35977274
3977.0000 0.38029835
3977.9000 0.40281767
3978.8000 0.44976419
3979.7000 0.50757593
3980.6000 0.49140817
3981.5000 0.42215052
3982.4000 0.41227916
3983.3000 0.43024224
3984.2000 0.44934043
3985.1000 0.46718338
3986.0000 0.47488058
3986.9000 0.48766154
3987.8000 0.49359
3988.7000 0.48726708
3989.6000 0.48521507
3990.5000 0.48873994
3991.4000 0.49867684
3992.3000 0.50660115
3993.2000 0.51323998
3994.1000 0.50934231
3995.0000 0.49364018
3995.9000 0.45166188
3996.8000 0.40612185
3997.7000 0.41000596
3998.6000 0.46072495
3999.5000 0.51727462
4000.4000 0.55891341
4001.3000 0.5594126
4002.2000 0.54798657
4003.1000 0.54571545
4004.0000 0.52642488
4004.9000 0.4699468
4005.8000 0.4366447
4006.7000 0.46100166
4007.6000 0.51900434
4008.5000 0.55081546
4009.4000 0.52865952
4010.3000 0.52411807
4011.2000 0.53020525
4012.1000 0.53450644
4013.0000 0.52956498
4013.9000 0.51904714
4014.8000 0.55073065
4015.7000 0.57033908
4016.6000 0.57475984
4017.5000 0.56156033
4018.4000 0.56288588
4019.3000 0.63492006
4020.2000 0.60978693
4021.1000 0.54451472
4022.0000 0.51572889
4022.9000 0.51373613
4023.8000 0.49061248
4024.7000 0.50501531
4025.6000 0.57622302
4026.5000 0.62681043
4027.4000 0.62735003
4028.3000 0.60550606
4029.2000 0.55358255
4030.1000 0.46855345
4031.0000 0.43361938
4031.9000 0.40292484
4032.8000 0.38693929
4033.7000 0.43324366
4034.6000 0.50114363
4035.5000 0.56535852
4036.4000 0.57538748
4037.3000 0.61200541
4038.2000 0.63045269
4039.1000 0.62349981
4040.0000 0.56299543
4040.9000 0.51995927
4041.8000 0.56341434
4042.7000 0.62331641
4043.6000 0.56778908
4044.5000 0.46777269
4045.4000 0.43845341
4046.3000 0.50492477
4047.2000 0.56981134
4048.1000 0.58397877
4049.0000 0.57584131
4049.9000 0.57239801
4050.8000 0.56965202
4051.7000 0.54786754
4052.6000 0.51694864
4053.5000 0.48690322
4054.4000 0.47588712
4055.3000 0.51260024
4056.2000 0.53108555
4057.1000 0.53990436
4058.0000 0.52486897
4058.9000 0.55691636
4059.8000 0.59315795
4060.7000 0.59178132
4061.6000 0.57037735
4062.5000 0.52435142
4063.4000 0.46758753
4064.3000 0.49020246
4065.2000 0.54262292
4066.1000 0.512806
4067.0000 0.47992486
4067.9000 0.52265173
4068.8000 0.58920717
4069.7000 0.59339911
4070.6000 0.54646611
4071.5000 0.49817804
4072.4000 0.535357
4073.3000 0.59032798
4074.2000 0.5554589
4075.1000 0.4934746
4076.0000 0.42617926
4076.9000 0.36809355
4077.8000 0.34844571
4078.7000 0.39257228
4079.6000 0.4794102
4080.5000 0.5578624
4081.4000 0.60523421
4082.3000 0.57203448
4083.2000 0.50842613
4084.1000 0.50303739
4085.0000 0.49577838
4085.9000 0.50110483
4086.8000 0.52686042
4087.7000 0.59048384
4088.6000 0.63837731
4089.5000 0.62874043
4090.4000 0.60762644
4091.3000 0.60208797
4092.2000 0.6181801
4093.1000 0.64058369
4094.0000 0.6341123
4094.9000 0.61656207
4095.8000 0.55418813
4096.7000 0.54056138
4097.6000 0.52653968
4098.5000 0.50528717
4099.4000 0.48616913
4100.3000 0.40294719
4101.2000 0.31241441
4102.1000 0.32307741
4103.0000 0.40375614
4103.9000 0.50603461
4104.8000 0.56742436
4105.7000 0.6018461
4106.6000 0.57859361
4107.5000 0.55848199
4108.4000 0.54329938
4109.3000 0.51772988
4110.2000 0.51673383
4111.1000 0.53783393
4112.0000 0.54570901
4112.9000 0.58135915
4113.8000 0.61000305
4114.7000 0.61299735
4115.6000 0.63993567
4116.5000 0.63877523
4117.4000 0.5908401
4118.3000 0.50989062
4119.2000 0.49213478
4120.1000 0.54248393
4121.0000 0.55325729
4121.9000 0.52767104
4122.8000 0.52229989
4123.7000 0.52585894
4124.6000 0.55289108
4125.5000 0.54206645
4126.4000 0.52873069
4127.3000 0.51624221
4128.2000 0.4776018
4129.1000 0.47750625
4130.0000 0.49538323
4130.9000 0.50785226
4131.8000 0.47739729
4132.7000 0.47180191
4133.6000 0.5071674
4134.5000 0.52828217
4135.4000 0.59425539
4136.3000 0.61637253
4137.2000 0.60883677
4138.1000 0.62046629
4139.0000 0.65736562
4139.9000 0.67798996
4140.8000 0.665811
4141.7000 0.59169066
4142.6000 0.50258833
4143.5000 0.47786662
4144.4000 0.5187571
4145.3000 0.59322846
4146.2000 0.62021822
4147.1000 0.62510163
4148.0000 0.61867732
4148.9000 0.58972931
4149.8000 0.56202263
4150.7000 0.58406037
4151.6000 0.59276241
4152.5000 0.56857526
4153.4000 0.54308975
4154.3000 0.53272259
4155.2000 0.52292371
4156.1000 0.50533974
4157.0000 0.53049392
4157.9000 0.57921731
4158.8000 0.59992576
4159.7000 0.60518682
4160.6000 0.58220142
4161.5000 0.56441277
4162.4000 0.61344904
4163.3000 0.64334881
4164.2000 0.64638549
4165.1000 0.65478295
4166.0000 0.644382
4166.9000 0.6170485
4167.8000 0.60328948
4168.7000 0.60498518
4169.6000 0.6086821
4170.5000 0.57534826
4171.4000 0.49546504
4172.3000 0.41865298
4173.2000 0.40260404
4174.1000 0.45414433
4175.0000 0.50290328
4175.9000 0.51782447
4176.8000 0.49352697
4177.7000 0.45555672
4178.6000 0.48667517
4179.5000 0.55038279
4180.4000 0.60123974
4181.3000 0.57249033
4182.2000 0.54072976
4183.1000 0.53336418
4184.0000 0.5473429
4184.9000 0.58276123
4185.8000 0.59640181
4186.7000 0.55161113
4187.6000 0.53434479
4188.5000 0.56250829
4189.4000 0.60891289
4190.3000 0.59971339
4191.2000 0.56176972
4192.1000 0.60855973
4193.0000 0.68625981
4193.9000 0.68752289
4194.8000 0.62065482
4195.7000 0.5459035
4196.6000 0.53699642
4197.5000 0.50441897
4198.4000 0.47510627
4199.3000 0.51911992
4200.2000 0.54734665
4201.1000 0.53967845
4202.0000 0.50900275
4202.9000 0.51620919
4203.8000 0.51449358
4204.7000 0.50628787
4205.6000 0.50626802
4206.5000 0.5652706
4207.4000 0.59553784
4208.3000 0.59712404
4209.2000 0.58852285
4210.1000 0.59617841
4211.0000 0.61924273
4211.9000 0.65962881
4212.8000 0.67214137
4213.7000 0.64199454
4214.6000 0.57877988
4215.5000 0.50633162
4216.4000 0.53956002
4217.3000 0.63507581
4218.2000 0.65799683
4219.1000 0.63039619
4220.0000 0.6193589
4220.9000 0.63335049
4221.8000 0.63552243
4222.7000 0.58822262
4223.6000 0.55947483
4224.5000 0.52569574
4225.4000 0.45795491
4226.3000 0.40983945
4227.2000 0.44739759
4228.1000 0.57050222
4229.0000 0.65475631
4229.9000 0.68712604
4230.8000 0.6854254
4231.7000 0.62506062
4232.6000 0.54802513
4233.5000 0.52361774
4234.4000 0.54550701
4235.3000 0.55906373
4236.2000 0.547584
4237.1000 0.55277091
4238.0000 0.55540603
4238.9000 0.54206187
4239.8000 0.55750138
4240.7000 0.61341703
4241.6000 0.63281971
4242.5000 0.6225093
4243.4000 0.61560386
4244.3000 0.62363046
4245.2000 0.60228872
4246.1000 0.53931624
4247.0000 0.50890708
4247.9000 0.54481798
4248.8000 0.57909817
4249.7000 0.57613581
4250.6000 0.56274283
4251.5000 0.58874214
4252.4000 0.6235081
4253.3000 0.61353487
4254.2000 0.591061
4255.1000 0.59581703
4256.0000 0.61308318
4256.9000 0.62209302
4257.8000 0.59046137
4258.7000 0.55730945
4259.6000 0.54914308
4260.5000 0.56682026
4261.4000 0.59547913
4262.3000 0.63508308
4263.2000 0.67259932
4264.1000 0.67696899
4265.0000 0.67305899
4265.9000 0.67295492
4266.8000 0.67741358
4267.7000 0.66163158
4268.6000 0.62891376
4269.5000 0.60339791
4270.4000 0.55889601
4271.3000 0.51751566
4272.2000 0.53776145
4273.1000 0.57135516
4274.0000 0.57482833
4274.9000 0.57741088
4275.8000 0.62365836
4276.7000 0.67630106
4277.6000 0.6571126
4278.5000 0.63605535
4279.4000 0.63576514
4280.3000 0.61131293
4281.2000 0.6162585
4282.1000 0.60293394
4283.0000 0.59927732
4283.9000 0.59662336
4284.8000 0.57071161
4285.7000 0.5600968
4286.6000 0.56703609
4287.5000 0.54990435
4288.4000 0.49332434
4289.3000 0.42937022
4290.2000 0.42550719
4291.1000 0.51729327
4292.0000 0.61037564
4292.9000 0.63556337
4293.8000 0.58467901
4294.7000 0.53838295
4295.6000 0.54933476
4296.5000 0.53255469
4297.4000 0.52780336
4298.3000 0.47738075
4299.2000 0.39755368
4300.1000 0.37074238
4301.0000 0.40836397
4301.9000 0.41451505
4302.8000 0.40627408
4303.7000 0.45395961
4304.6000 0.48681787
4305.5000 0.49607909
4306.4000 0.53570014
4307.3000 0.50333649
4308.2000 0.46070015
4309.1000 0.4716886
4310.0000 0.53353959
4310.9000 0.61290884
4311.8000 0.6181162
4312.7000 0.5501591
4313.6000 0.50170606
4314.5000 0.4864811
4315.4000 0.55748731
4316.3000 0.65111619
4317.2000 0.69367403
4318.1000 0.69885981
4319.0000 0.6723938
4319.9000 0.66262627
4320.8000 0.62146354
4321.7000 0.64631331
4322.6000 0.68145078
4323.5000 0.64190465
4324.4000 0.55783868
4325.3000 0.48796961
4326.2000 0.51831919
4327.1000 0.61818504
4328.0000 0.69351912
4328.9000 0.69552737
4329.8000 0.64186764
4330.7000 0.61076212
4331.6000 0.63660645
4332.5000 0.65947217
4333.4000 0.65162641
4334.3000 0.65248382
4335.2000 0.66544044
4336.1000 0.61317098
4337.0000 0.49502969
4337.9000 0.40881613
4338.8000 0.37231523
4339.7000 0.32212687
4340.6000 0.30121714
4341.5000 0.38869566
4342.4000 0.49227145
4343.3000 0.51481277
4344.2000 0.51371413
4345.1000 0.56730551
4346.0000 0.61423153
4346.9000 0.63155907
4347.8000 0.66573048
4348.7000 0.69179457
4349.6000 0.66277641
4350.5000 0.57567066
4351.4000 0.48904246
4352.3000 0.52477843
4353.2000 0.61990333
4354.1000 0.65091211
4355.0000 0.67026788
4355.9000 0.72809893
4356.8000 0.75190026
4357.7000 0.69381946
4358.6000 0.60924697
4359.5000 0.60561872
4360.4000 0.66994566
4361.3000 0.71515423
4362.2000 0.73107845
4363.1000 0.73707426
4364.0000 0.74378216
4364.9000 0.7566911
4365.8000 0.74335492
4366.7000 0.68727231
4367.6000 0.61332667
4368.5000 0.59133351
4369.4000 0.60101461
4370.3000 0.61997229
4371.2000 0.65738052
4372.1000 0.68342429
4373.0000 0.64184403
4373.9000 0.54915595
4374.8000 0.50919974
4375.7000 0.57178622
4376.6000 0.67369467
4377.5000 0.73376805
4378.4000 0.73254699
4379.3000 0.69350213
4380.2000 0.68612295
4381.1000 0.69713461
4382.0000 0.65123779
4382.9000 0.53918785
4383.8000 0.44077992
4384.7000 0.44369811
4385.6000 0.51810074
4386.5000 0.57937574
4387.4000 0.60375923
4388.3000 0.62646776
4389.2000 0.62443942
4390.1000 0.60389155
4391.0000 0.59217376
4391.9000 0.64736629
4392.8000 0.67504412
4393.7000 0.61724788
4394.6000 0.54204684
4395.5000 0.55721509
4396.4000 0.65047306
4397.3000 0.69041753
4398.2000 0.63033295
4399.1000 0.56196821
4400.0000 0.50936681
4400.9000 0.52412313
4401.8000 0.61724913
4402.7000 0.6721552
4403.6000 0.64211881
4404.5000 0.5898481
4405.4000 0.61955243
4406.3000 0.66724652
4407.2000 0.63661957
4408.1000 0.56647742
4409.0000 0.56797856
4409.9000 0.61828506
4410.8000 0.6598531
4411.7000 0.66994411
4412.6000 0.69129914
4413.5000 0.67142546
4414.4000 0.58673424
4415.3000 0.52503186
4416.2000 0.54458165
4417.1000 0.52681386
4418.0000 0.53366965
4418.9000 0.61561716
4419.8000 0.69734025
4420.7000 0.68708593
4421.6000 0.62314415
4422.5000 0.58202964
4423.4000 0.60976058
4424.3000 0.65730649
4425.2000 0.65953082
4426.1000 0.65535152
4427.0000 0.65456665
4427.9000 0.65356141
4428.8000 0.65610141
4429.7000 0.62213147
4430.6000 0.5957911
4431.5000 0.61343127
4432.4000 0.63472259
4433.3000 0.6185323
4434.2000 0.57707894
4435.1000 0.54094273
4436.0000 0.58338028
4436.9000 0.67403567
4437.8000 0.72793776
4438.7000 0.73154801
4439.6000 0.72398579
4440.5000 0.6668182
4441.4000 0.57963192
4442.3000 0.50901514
4443.2000 0.47425744
4444.1000 0.51856256
4445.0000 0.62464893
4445.9000 0.68017513
4446.8000 0.65378362
4447.7000 0.65492475
4448.6000 0.67881346
4449.5000 0.64885646
4450.4000 0.59894735
4451.3000 0.63308263
4452.2000 0.66416264
4453.1000 0.63300645
4454.0000 0.56828684
4454.9000 0.50494099
4455.8000 0.52415657
4456.7000 0.57490301
4457.6000 0.58899075
4458.5000 0.56800151
4459.4000 0.57290041
4460.3000 0.58750391
4461.2000 0.55870557
4462.1000 0.53934997
4463.0000 0.58426851
4463.9000 0.6028164
4464.8000 0.61589378
4465.7000 0.63280475
4466.6000 0.61895782
4467.5000 0.58449233
4468.4000 0.53766549
4469.3000 0.51651824
4470.2000 0.56130242
4471.1000 0.61277926
4472.0000 0.65669811
4472.9000 0.68005979
4473.8000 0.71786177
4474.7000 0.72613597
4475.6000 0.71072215
4476.5000 0.72917199
4477.4000 0.75352031
4478.3000 0.72501457
4479.2000 0.65599459
4480.1000 0.59175122
4481.0000 0.55517215
4481.9000 0.55670726
4482.8000 0.61000586
4483.7000 0.66155195
4484.6000 0.70361936
4485.5000 0.72582847
4486.4000 0.71151245
4487.3000 0.68359452
4488.2000 0.62431604
4489.1000 0.56525987
4490.0000 0.57297528
4490.9000 0.60699719
4491.8000 0.64919525
4492.7000 0.6809451
4493.6000 0.65009785
4494.5000 0.62056416
4495.4000 0.63372433
4496.3000 0.64613527
4497.2000 0.66374087
4498.1000 0.68891871
4499.0000 0.70974338
4499.9000 0.6928063
4500.8000 0.63341641
4501.7000 0.63033962
4502.6000 0.70626146
4503.5000 0.76332659
4504.4000 0.77660227
4505.3000 0.77298957
4506.2000 0.74778378
4507.1000 0.71632057
4508.0000 0.68965858
4508.9000 0.69795221
4509.8000 0.73793787
4510.7000 0.76628458
4511.6000 0.75807184
4512.5000 0.73621291
4513.4000 0.71503681
4514.3000 0.6739527
4515.2000 0.6476
4516.1000 0.66447657
4517.0000 0.67041612
4517.9000 0.65967929
4518.8000 0.67739564
4519.7000 0.68050992
4520.6000 0.6888876
4521.5000 0.67824471
4522.4000 0.62300056
4523.3000 0.61816823
4524.2000 0.63369244
4525.1000 0.62386298
4526.0000 0.61621571
4526.9000 0.60320884
4527.8000 0.58767426
4528.7000 0.57762367
4529.6000 0.5908857
4530.5000 0.62024289
4531.4000 0.63316941
4532.3000 0.63797456
4533.2000 0.58097708
4534.1000 0.52822763
4535.0000 0.54785031
4535.9000 0.62141794
4536.8000 0.71317089
4537.7000 0.74954766
4538.6000 0.72079164
4539.5000 0.67508876
4540.4000 0.64582837
4541.3000 0.64397037
4542.2000 0.67143619
4543.1000 0.67585146
4544.0000 0.63876647
4544.9000 0.61957812
4545.8000 0.65381682
4546.7000 0.65987891
4547.6000 0.6430825
4548.5000 0.59698069
4549.4000 0.54632801
4550.3000 0.58821493
4551.2000 0.64134902
4552.1000 0.65308958
4553.0000 0.6306138
4553.9000 0.56981564
4554.8000 0.53832972
4555.7000 0.56348765
4556.6000 0.63288444
4557.5000 0.67537737
4558.4000 0.67499024
4559.3000 0.69328886
4560.2000 0.69620734
4561.1000 0.71571136
4562.0000 0.71288663
4562.9000 0.64768153
4563.8000 0.59003162
4564.7000 0.59358191
4565.6000 0.61725318
4566.5000 0.66114306
4567.4000 0.71391553
4568.3000 0.72138387
4569.2000 0.73256832
4570.1000 0.71526837
4571.0000 0.64467764
4571.9000 0.59283096
4572.8000 0.65641439
4573.7000 0.7175926
4574.6000 0.71282887
4575.5000 0.69013309
4576.4000 0.67927849
4577.3000 0.70816255
4578.2000 0.70442343
4579.1000 0.65198529
4580.0000 0.62508595
4580.9000 0.62198991
4581.8000 0.61378139
4582.7000 0.55626726
4583.6000 0.52505034
4584.5000 0.58611435
4585.4000 0.65309495
4586.3000 0.668971
4587.2000 0.67460233
4588.1000 0.66414708
4589.0000 0.6787805
4589.9000 0.66610891
4590.8000 0.63594496
4591.7000 0.60332525
4592.6000 0.60351402
4593.5000 0.64225596
4594.4000 0.6512605
4595.3000 0.65362173
4596.2000 0.64590997
4597.1000 0.65961379
4598.0000 0.66442394
4598.9000 0.67664111
4599.8000 0.65480512
4600.7000 0.62210011
4601.6000 0.64465827
4602.5000 0.66735232
4603.4000 0.69006932
4604.3000 0.68820101
4605.2000 0.67617333
4606.1000 0.69674498
4607.0000 0.71349531
4607.9000 0.72893822
4608.8000 0.76175404
4609.7000 0.76157922
4610.6000 0.73667616
4611.5000 0.71455699
4612.4000 0.69658214
4613.3000 0.6807456
4614.2000 0.69925702
4615.1000 0.71137208
4616.0000 0.67775244
4616.9000 0.66089529
4617.8000 0.67656326
4618.7000 0.6491257
4619.6000 0.63452047
4620.5000 0.68028319
4621.4000 0.72062021
4622.3000 0.73024923
4623.2000 0.72748232
4624.1000 0.72964412
4625.0000 0.70635533
4625.9000 0.69530153
4626.8000 0.71271837
4627.7000 0.70461023
4628.6000 0.65594536
4629.5000 0.64329058
4630.4000 0.68937194
4631.3000 0.72511774
4632.2000 0.70942014
4633.1000 0.67809123
4634.0000 0.66290301
4634.9000 0.66149712
4635.8000 0.66993415
4636.7000 0.67116404
4637.6000 0.66609806
4638.5000 0.67513376
4639.4000 0.6958999
4640.3000 0.71583575
4641.2000 0.73907614
4642.1000 0.73829317
4643.0000 0.7188223
4643.9000 0.70235306
4644.8000 0.68454778
4645.7000 0.64941365
4646.6000 0.61430919
4647.5000 0.60209304
4648.4000 0.62146258
4649.3000 0.66814798
4650.2000 0.71322519
4651.1000 0.71584892
4652.0000 0.70447749
4652.9000 0.71462238
4653.8000 0.69878209
4654.7000 0.65325314
4655.6000 0.62486619
4656.5000 0.6090669
4657.4000 0.6399138
4658.3000 0.7202574
4659.2000 0.77244002
4660.1000 0.76443487
4661.0000 0.72935349
4661.9000 0.68427974
4662.8000 0.65069342
4663.7000 0.65093946
4664.6000 0.66331792
4665.5000 0.64783931
4666.4000 0.58099109
4667.3000 0.5290032
4668.2000 0.54489934
4669.1000 0.58013123
4670.0000 0.6057654
4670.9000 0.64972031
4671.8000 0.68617302
4672.7000 0.68686455
4673.6000 0.69080871
4674.5000 0.71120763
4675.4000 0.74101007
4676.3000 0.75446486
4677.2000 0.73435372
4678.1000 0.70091736
4679.0000 0.67571265
4679.9000 0.66156495
4680.8000 0.65464365
4681.7000 0.65616494
4682.6000 0.67772406
4683.5000 0.7090072
4684.4000 0.7182138
4685.3000 0.71666771
4686.2000 0.72033203
4687.1000 0.72279185
4688.0000 0.71846056
4688.9000 0.71141398
4689.8000 0.70124388
4690.7000 0.68597472
4691.6000 0.68601698
4692.5000 0.70123529
4693.4000 0.71633154
4694.3000 0.71995848
4695.2000 0.72702932
4696.1000 0.74108684
4697.0000 0.72999644
4697.9000 0.68701488
4698.8000 0.66247207
4699.7000 0.67397112
4700.6000 0.68710369
4701.5000 0.67961144
4702.4000 0.65142351
4703.3000 0.63502496
4704.2000 0.66091055
4705.1000 0.68010736
4706.0000 0.668495
4706.9000 0.63364094
4707.8000 0.60599345
4708.7000 0.60247386
4709.6000 0.63518935
4710.5000 0.6816504
4711.4000 0.71351731
4712.3000 0.71600688
4713.2000 0.68589193
4714.1000 0.65199107
4715.0000 0.66070551
4715.9000 0.6953904
4716.8000 0.72368258
4717.7000 0.71950555
4718.6000 0.71271741
4719.5000 0.71082097
4720.4000 0.71523494
4721.3000 0.71775466
4722.2000 0.72061467
4723.1000 0.73322338
4724.0000 0.75128466
4724.9000 0.74576676
4725.8000 0.73174149
4726.7000 0.70910597
4727.6000 0.66744566
4728.5000 0.65576667
4729.4000 0.66172534
4730.3000 0.65832311
4731.2000 0.64675266
4732.1000 0.67043293
4733.0000 0.68543571
4733.9000 0.70626098
4734.8000 0.71949697
4735.7000 0.70369911
4736.6000 0.66799492
4737.5000 0.68037522
4738.4000 0.71941173
4739.3000 0.72039199
4740.2000 0.70132774
4741.1000 0.68841755
4742.0000 0.70398217
4742.9000 0.72352237
4743.8000 0.7393536
4744.7000 0.73205876
4745.6000 0.7222243
4746.5000 0.73203331
4747.4000 0.72963697
4748.3000 0.72366065
4749.2000 0.73520058
4750.1000 0.74771523
4751.0000 0.74463934
4751.9000 0.71775526
4752.8000 0.69272661
4753.7000 0.68249094
4754.6000 0.67129159
4755.5000 0.66641665
4756.4000 0.66828924
4757.3000 0.69060636
4758.2000 0.71531069
4759.1000 0.74092984
4760.0000 0.73931623
4760.9000 0.7048794
4761.8000 0.64915079
4762.7000 0.60389036
4763.6000 0.59731203
4764.5000 0.60276723
4765.4000 0.62241507
4766.3000 0.64654475
4767.2000 0.68258196
4768.1000 0.70274287
4769.0000 0.7207889
4769.9000 0.74421185
4770.8000 0.73156071
4771.7000 0.68947566
4772.6000 0.69318914
4773.5000 0.72353584
4774.4000 0.75478429
4775.3000 0.74418664
4776.2000 0.73857427
4777.1000 0.75131017
4778.0000 0.75334132
4778.9000 0.73182464
4779.8000 0.70138335
4780.7000 0.72533566
4781.6000 0.74859846
4782.5000 0.72415233
4783.4000 0.69018066
4784.3000 0.71202052
4785.2000 0.7184633
4786.1000 0.68130982
4787.0000 0.67004806
4787.9000 0.68747157
4788.8000 0.6702919
4789.7000 0.67499292
4790.6000 0.70359433
4791.5000 0.70840806
4792.4000 0.71655667
4793.3000 0.75521356
4794.2000 0.77993143
4795.1000 0.79122108
4796.0000 0.78143495
4796.9000 0.75557756
4797.8000 0.7122255
4798.7000 0.67801976
4799.6000 0.68839115
4800.5000 0.69844556
4801.4000 0.72494197
4802.3000 0.74708265
4803.2000 0.72160596
4804.1000 0.69407427
4805.0000 0.66021085
4805.9000 0.67338735
4806.8000 0.69842041
4807.7000 0.70135182
4808.6000 0.69878608
4809.5000 0.70107907
4810.4000 0.69422156
4811.3000 0.68971771
4812.2000 0.70176262
4813.1000 0.72377163
4814.0000 0.74271667
4814.9000 0.75189292
4815.8000 0.75773376
4816.7000 0.74971968
4817.6000 0.74253815
4818.5000 0.75317132
4819.4000 0.76446354
4820.3000 0.75195289
4821.2000 0.74262339
4822.1000 0.71791548
4823.0000 0.65583599
4823.9000 0.61824316
4824.8000 0.64632988
4825.7000 0.70629096
4826.6000 0.75141466
4827.5000 0.75243676
4828.4000 0.72224498
4829.3000 0.70787275
4830.2000 0.71621454
4831.1000 0.72183102
4832.0000 0.71649271
4832.9000 0.71788681
4833.8000 0.72330356
4834.7000 0.72513157
4835.6000 0.71816987
4836.5000 0.72099811
4837.4000 0.74104476
4838.3000 0.72146535
4839.2000 0.68153417
4840.1000 0.67101103
4841.0000 0.69404292
4841.9000 0.71733028
4842.8000 0.70781457
4843.7000 0.70457196
4844.6000 0.71861798
4845.5000 0.73392969
4846.4000 0.71616083
4847.3000 0.67400891
4848.2000 0.63522404
4849.1000 0.63951772
4850.0000 0.68926728
4850.9000 0.72367287
4851.8000 0.71964628
4852.7000 0.71374959
4853.6000 0.67708123
4854.5000 0.59591985
4855.4000 0.53959757
4856.3000 0.56596673
4857.2000 0.61563963
4858.1000 0.60419863
4859.0000 0.53655225
4859.9000 0.41944429
4860.8000 0.31965047
4861.7000 0.31851104
4862.6000 0.43004349
4863.5000 0.52980083
4864.4000 0.5652824
4865.3000 0.58449268
4866.2000 0.61713499
4867.1000 0.65062022
4868.0000 0.66555184
4868.9000 0.67186219
4869.8000 0.65323108
4870.7000 0.59369689
4871.6000 0.5565725
4872.5000 0.59632015
4873.4000 0.63935798
4874.3000 0.64069259
4875.2000 0.64338338
4876.1000 0.63843071
4877.0000 0.64598387
4877.9000 0.66639304
4878.8000 0.70188171
4879.7000 0.74184304
4880.6000 0.73200297
4881.5000 0.68694806
4882.4000 0.65617031
4883.3000 0.6355561
4884.2000 0.61734939
4885.1000 0.61082006
4886.0000 0.61034864
4886.9000 0.63226551
4887.8000 0.65838999
4888.7000 0.65310663
4889.6000 0.63042635
4890.5000 0.59871745
4891.4000 0.59338599
4892.3000 0.64733881
4893.2000 0.70412385
4894.1000 0.73817444
4895.0000 0.7659086
4895.9000 0.76968884
4896.8000 0.76225096
4897.7000 0.75543612
4898.6000 0.72648555
4899.5000 0.68153846
4900.4000 0.66818839
4901.3000 0.70499623
4902.2000 0.70962989
4903.1000 0.68175733
4904.0000 0.68406576
4904.9000 0.71343583
4905.8000 0.74750018
4906.7000 0.75823504
4907.6000 0.73311961
4908.5000 0.69349009
4909.4000 0.64391476
4910.3000 0.60525799
4911.2000 0.61743122
4912.1000 0.67620605
4913.0000 0.71959621
4913.9000 0.72198766
4914.8000 0.73452002
4915.7000 0.74511135
4916.6000 0.72095466
4917.5000 0.66763091
4918.4000 0.61100376
4919.3000 0.58197242
4920.2000 0.56555647
4921.1000 0.57105976
4922.0000 0.60390145
4922.9000 0.59839398
4923.8000 0.5613721
4924.7000 0.57985669
4925.6000 0.66470718
4926.5000 0.72074157
4927.4000 0.72595245
4928.3000 0.73454863
4929.2000 0.74662703
4930.1000 0.74196523
4931.0000 0.74093348
4931.9000 0.72554833
4932.8000 0.6647014
4933.7000 0.60746104
4934.6000 0.63146245
4935.5000 0.690575
4936.4000 0.69721669
4937.3000 0.65768659
4938.2000 0.60655034
4939.1000 0.59554696
4940.0000 0.65566117
4940.9000 0.72355217
4941.8000 0.73800635
4942.7000 0.73217052
4943.6000 0.74349505
4944.5000 0.73711312
4945.4000 0.70362473
4946.3000 0.69465959
4947.2000 0.721771
4948.1000 0.74237758
4949.0000 0.74490505
4949.9000 0.73974824
4950.8000 0.73980856
4951.7000 0.7381767
4952.6000 0.7236495
4953.5000 0.71751511
4954.4000 0.72652185
4955.3000 0.73524839
4956.2000 0.69422019
4957.1000 0.61835569
4958.0000 0.62588823
4958.9000 0.70103645
4959.8000 0.75210762
4960.7000 0.75669706
4961.6000 0.739779
4962.5000 0.74102187
4963.4000 0.75633568
4964.3000 0.74048287
4965.2000 0.70434231
4966.1000 0.69080174
4967.0000 0.69682485
4967.9000 0.69307423
4968.8000 0.6876986
4969.7000 0.68534452
4970.6000 0.68974841
4971.5000 0.70281112
4972.4000 0.71707553
4973.3000 0.73636764
4974.2000 0.7544325
4975.1000 0.76470667
4976.0000 0.75213945
4976.9000 0.72757155
4977.8000 0.70739442
4978.7000 0.69533592
4979.6000 0.68308115
4980.5000 0.65539598
4981.4000 0.60007238
4982.3000 0.5456847
4983.2000 0.54123408
4984.1000 0.57250196
4985.0000 0.59872121
4985.9000 0.64044321
4986.8000 0.69933981
4987.7000 0.72652227
4988.6000 0.70944297
4989.5000 0.6871174
4990.4000 0.66087312
4991.3000 0.65554899
4992.2000 0.67614377
4993.1000 0.66317409
4994.0000 0.65933686
4994.9000 0.69463146
4995.8000 0.71908242
4996.7000 0.72330332
4997.6000 0.71453929
4998.5000 0.67947865
4999.4000 0.64398044
5000.3000 0.62268418
5001.2000 0.62103021
5002.1000 0.63330787
5003.0000 0.65714425
5003.9000 0.6670835
5004.8000 0.62334794
5005.7000 0.5769189
5006.6000 0.59763223
5007.5000 0.6576519
5008.4000 0.70839471
5009.3000 0.71619505
5010.2000 0.68594432
5011.1000 0.65125442
5012.0000 0.61529833
5012.9000 0.5858646
5013.8000 0.57076633
5014.7000 0.59538633
5015.6000 0.63697684
5016.5000 0.62910652
5017.4000 0.56875366
5018.3000 0.53209686
5019.2000 0.57800746
5020.1000 0.64153445
5021.0000 0.66404057
5021.9000 0.64368635
5022.8000 0.64569575
5023.7000 0.67410982
5024.6000 0.68724883
5025.5000 0.68975157
5026.4000 0.67358577
5027.3000 0.64427012
5028.2000 0.65879804
5029.1000 0.68336672
5030.0000 0.67971528
5030.9000 0.66684592
5031.8000 0.69412708
5032.7000 0.72550303
5033.6000 0.73172265
5034.5000 0.6947422
5035.4000 0.63786846
5036.3000 0.63286906
5037.2000 0.65973181
5038.1000 0.65258265
5039.0000 0.615749
5039.9000 0.58133566
5040.8000 0.5437907
5041.7000 0.56445467
5042.6000 0.64830792
5043.5000 0.70648891
5044.4000 0.7237016
5045.3000 0.74032474
5046.2000 0.75477558
5047.1000 0.72705072
5048.0000 0.66759169
5048.9000 0.63444889
5049.8000 0.635539
5050.7000 0.64501512
5051.6000 0.63957739
5052.5000 0.67176658
5053.4000 0.71660072
5054.3000 0.73521221
5055.2000 0.73581922
5056.1000 0.72730476
5057.0000 0.72883093
5057.9000 0.74457216
5058.8000 0.74641848
5059.7000 0.74274069
5060.6000 0.74977183
5061.5000 0.75937611
5062.4000 0.76312041
5063.3000 0.73526978
5064.2000 0.67660201
5065.1000 0.64901203
5066.0000 0.6732288
5066.9000 0.68571913
5067.8000 0.67702836
5068.7000 0.66599023
5069.6000 0.6948117
5070.5000 0.71274537
5071.4000 0.68169832
5072.3000 0.65149111
5073.2000 0.6667912
5074.1000 0.67381632
5075.0000 0.66543704
5075.9000 0.66930526
5076.8000 0.69700485
5077.7000 0.69756067
5078.6000 0.61738461
5079.5000 0.55116493
5080.4000 0.56021875
5081.3000 0.61307484
5082.2000 0.65260112
5083.1000 0.64976853
5084.0000 0.66428232
5084.9000 0.70308834
5085.8000 0.71952784
5086.7000 0.69127291
5087.6000 0.67646408
5088.5000 0.69928151
5089.4000 0.71134788
5090.3000 0.7011916
5091.2000 0.70345521
5092.1000 0.72404051
5093.0000 0.73567611
5093.9000 0.74406701
5094.8000 0.7504921
5095.7000 0.72681344
5096.6000 0.67643088
5097.5000 0.62439072
5098.4000 0.58685553
5099.3000 0.58156937
5100.2000 0.62385619
5101.1000 0.68190587
5102.0000 0.716299
5102.9000 0.71658045
5103.8000 0.71332783
5104.7000 0.70410347
5105.6000 0.69090533
5106.5000 0.66442758
5107.4000 0.63790154
5108.3000 0.65419149
5109.2000 0.65886384
5110.1000 0.64390635
5111.0000 0.67172235
5111.9000 0.70705897
5112.8000 0.71372104
5113.7000 0.71314502
5114.6000 0.69290274
5115.5000 0.69229382
5116.4000 0.71020401
5117.3000 0.72400063
5118.2000 0.73155004
5119.1000 0.7167176
5120.0000 0.70231283
5120.9000 0.69384611
5121.8000 0.67394549
5122.7000 0.62603539
5123.6000 0.59647757
5124.5000 0.61363071
5125.4000 0.63800722
5126.3000 0.65234393
5127.2000 0.64185619
5128.1000 0.63383478
5129.0000 0.62315571
5129.9000 0.6360839
5130.8000 0.64738792
5131.7000 0.63926643
5132.6000 0.64495105
5133.5000 0.65976375
5134.4000 0.70148623
5135.3000 0.71787065
5136.2000 0.6791321
5137.1000 0.6344552
5138.0000 0.64119673
5138.9000 0.6253323
5139.8000 0.63667941
5140.7000 0.67148
5141.6000 0.63972849
5142.5000 0.60524297
5143.4000 0.64495683
5144.3000 0.68837792
5145.2000 0.67491251
5146.1000 0.63979089
5147.0000 0.63702673
5147.9000 0.64668804
5148.8000 0.67655379
5149.7000 0.69427097
5150.6000 0.66561306
5151.5000 0.63980573
5152.4000 0.63869715
5153.3000 0.61657763
5154.2000 0.61357689
5155.1000 0.64502794
5156.0000 0.67189419
5156.9000 0.70388299
5157.8000 0.71728379
5158.7000 0.70882887
5159.6000 0.70935792
5160.5000 0.69814163
5161.4000 0.67265594
5162.3000 0.6698668
5163.2000 0.69791907
5164.1000 0.69214159
5165.0000 0.64611328
5165.9000 0.58531761
5166.8000 0.52407181
5167.7000 0.48719776
5168.6000 0.49591124
5169.5000 0.55325538
5170.4000 0.61967772
5171.3000 0.59157652
5172.2000 0.53504008
5173.1000 0.5533663
5174.0000 0.64702976
5174.9000 0.71942133
5175.8000 0.72086674
5176.7000 0.71210939
5177.6000 0.71705472
5178.5000 0.72170687
5179.4000 0.70841366
5180.3000 0.70198417
5181.2000 0.69873941
5182.1000 0.65933031
5183.0000 0.56772321
5183.9000 0.52559078
5184.8000 0.58535016
5185.7000 0.6375699
5186.6000 0.65192568
5187.5000 0.63453436
5188.4000 0.6102739
5189.3000 0.63883275
5190.2000 0.669801
5191.1000 0.60937649
5192.0000 0.55049616
5192.9000 0.58078009
5193.8000 0.63326424
5194.7000 0.61063957
5195.6000 0.57938504
5196.5000 0.58961391
5197.4000 0.58873272
5198.3000 0.60885513
5199.2000 0.64648199
5200.1000 0.65963835
5201.0000 0.66485441
5201.9000 0.6683355
5202.8000 0.66890389
5203.7000 0.64823103
5204.6000 0.59653044
5205.5000 0.57341349
5206.4000 0.59933364
5207.3000 0.63173139
5208.2000 0.60995048
5209.1000 0.62191999
5210.0000 0.65212375
5210.9000 0.65063715
5211.8000 0.66656411
5212.7000 0.69898838
5213.6000 0.70379031
5214.5000 0.66138595
5215.4000 0.61265332
5216.3000 0.59890288
5217.2000 0.61221278
5218.1000 0.64983755
5219.0000 0.69153762
5219.9000 0.70400524
5220.8000 0.71204752
5221.7000 0.71802408
5222.6000 0.70578712
5223.5000 0.6828745
5224.4000 0.6440016
5225.3000 0.58312905
5226.2000 0.50697935
5227.1000 0.49298465
5228.0000 0.58498842
5228.9000 0.64547038
5229.8000 0.66186166
5230.7000 0.67899245
5231.6000 0.67265159
5232.5000 0.62361521
5233.4000 0.59810632
5234.3000 0.59216648
5235.2000 0.60012484
5236.1000 0.63782847
5237.0000 0.65983349
5237.9000 0.67207801
5238.8000 0.67864519
5239.7000 0.67159939
5240.6000 0.69281924
5241.5000 0.69456577
5242.4000 0.66988981
5243.3000 0.67101866
5244.2000 0.70116335
5245.1000 0.72008282
5246.0000 0.69087172
5246.9000 0.64769286
5247.8000 0.64423054
5248.7000 0.6438095
5249.6000 0.61702394
5250.5000 0.60890645
5251.4000 0.64901012
5252.3000 0.66613579
5253.2000 0.66256684
5254.1000 0.64785302
5255.0000 0.62710005
5255.9000 0.64557743
5256.8000 0.67854768
5257.7000 0.70929611
5258.6000 0.722844
5259.5000 0.70642334
5260.4000 0.67555499
5261.3000 0.61876881
5262.2000 0.56381053
5263.1000 0.54067504
5264.0000 0.51857537
5264.9000 0.51084864
5265.8000 0.52075475
5266.7000 0.56299597
5267.6000 0.6061824
5268.5000 0.57523727
5269.4000 0.51622921
5270.3000 0.53149301
5271.2000 0.60921955
5272.1000 0.63599426
5273.0000 0.60930485
5273.9000 0.58785772
5274.8000 0.56161457
5275.7000 0.55809557
5276.6000 0.62032324
5277.5000 0.68727708
5278.4000 0.68751782
5279.3000 0.65827745
5280.2000 0.6326738
5281.1000 0.63427418
5282.0000 0.63095409
5282.9000 0.60945672
5283.8000 0.57698768
5284.7000 0.61932886
5285.6000 0.69178671
5286.5000 0.72443026
5287.4000 0.7153933
5288.3000 0.70536286
5289.2000 0.70101637
5290.1000 0.71343577
5291.0000 0.71588039
5291.9000 0.70318919
5292.8000 0.68777853
5293.7000 0.68736339
5294.6000 0.69197488
5295.5000 0.67640525
5296.4000 0.63657492
5297.3000 0.58847183
5298.2000 0.58812344
5299.1000 0.64563847
5300.0000 0.68117046
5300.9000 0.6621483
5301.8000 0.64101636
5302.7000 0.64708769
5303.6000 0.68112332
5304.5000 0.6989423
5305.4000 0.69204468
5306.3000 0.66653359
5307.2000 0.65488702
5308.1000 0.6677835
5309.0000 0.69519591
5309.9000 0.70609802
5310.8000 0.70119143
5311.7000 0.70007801
5312.6000 0.6894173
5313.5000 0.67737556
5314.4000 0.68088901
5315.3000 0.65583479
5316.2000 0.60734528
5317.1000 0.60335016
5318.0000 0.65495038
5318.9000 0.67960542
5319.8000 0.68501019
5320.7000 0.68374521
5321.6000 0.6770184
5322.5000 0.66919786
5323.4000 0.64551938
5324.3000 0.61357969
5325.2000 0.62046552
5326.1000 0.63396138
5327.0000 0.60994709
5327.9000 0.5360719
5328.8000 0.53141153
5329.7000 0.61158007
5330.6000 0.67527413
5331.5000 0.69146174
5332.4000 0.66554224
5333.3000 0.65064949
5334.2000 0.66157579
5335.1000 0.6592167
5336.0000 0.6392141
5336.9000 0.61303943
5337.8000 0.62255889
5338.7000 0.63304567
5339.6000 0.60874921
5340.5000 0.59678352
5341.4000 0.62822545
5342.3000 0.67947751
5343.2000 0.69261104
5344.1000 0.68632907
5345.0000 0.66485834
5345.9000 0.63409406
5346.8000 0.64161986
5347.7000 0.64820671
5348.6000 0.62436122
5349.5000 0.62018663
5350.4000 0.65279919
5351.3000 0.69110435
5352.2000 0.69188827
5353.1000 0.67450696
5354.0000 0.68565565
5354.9000 0.71911365
5355.8000 0.72981
5356.7000 0.71943939
5357.6000 0.71722931
5358.5000 0.7163713
5359.4000 0.71004474
5360.3000 0.70575762
5361.2000 0.68147475
5362.1000 0.64268082
5363.0000 0.6287607
5363.9000 0.6330421
5364.8000 0.62687159
5365.7000 0.64061195
5366.6000 0.65720147
5367.5000 0.65105247
5368.4000 0.6489464
5369.3000 0.62051147
5370.2000 0.58879036
5371.1000 0.58795404
5372.0000 0.61813176
5372.9000 0.67375225
5373.8000 0.69446254
5374.7000 0.70193893
5375.6000 0.71193826
5376.5000 0.70463377
5377.4000 0.69740462
5378.3000 0.68948007
5379.2000 0.67242479
5380.1000 0.64218992
5381.0000 0.63091385
5381.9000 0.64641052
5382.8000 0.65162647
5383.7000 0.65638125
5384.6000 0.68427712
5385.5000 0.69846958
5386.4000 0.69733477
5387.3000 0.69528943
5388.2000 0.69053191
5389.1000 0.67401695
5390.0000 0.66329288
5390.9000 0.65689069
5391.8000 0.64736003
5392.7000 0.64063841
5393.6000 0.64438128
5394.5000 0.65995884
5395.4000 0.65304881
5396.3000 0.6122179
5397.2000 0.5877735
5398.1000 0.61781073
5399.0000 0.65419257
5399.9000 0.65877318
5400.8000 0.65549898
5401.7000 0.66263032
5402.6000 0.64540857
5403.5000 0.60465479
5404.4000 0.57330978
5405.3000 0.57054192
5406.2000 0.59126586
5407.1000 0.62731308
5408.0000 0.63994801
5408.9000 0.61539054
5409.8000 0.58629394
5410.7000 0.60080117
5411.6000 0.64371645
5412.5000 0.671233
5413.4000 0.6533187
5414.3000 0.62602973
5415.2000 0.63225883
5416.1000 0.66318721
5417.0000 0.6762653
5417.9000 0.66679162
5418.8000 0.65202242
5419.7000 0.64658678
5420.6000 0.64234364
5421.5000 0.65360034
5422.4000 0.66446406
5423.3000 0.63751352
5424.2000 0.60423356
5425.1000 0.62089813
5426.0000 0.67068225
5426.9000 0.69933343
5427.8000 0.6863904
5428.7000 0.64074814
5429.6000 0.61093456
5430.5000 0.6378659
5431.4000 0.66470879
5432.3000 0.64811069
5433.2000 0.61927372
5434.1000 0.60298049
5435.0000 0.60831594
5435.9000 0.63373828
5436.8000 0.66181707
5437.7000 0.69022822
5438.6000 0.70743972
5439.5000 0.71055239
5440.4000 0.70721394
5441.3000 0.70331383
5442.2000 0.7064057
5443.1000 0.70154244
5444.0000 0.6755693
5444.9000 0.63721782
5445.8000 0.60282516
5446.7000 0.58858997
5447.6000 0.62513018
5448.5000 0.67779082
5449.4000 0.70159727
5450.3000 0.70279509
5451.2000 0.70230925
5452.1000 0.70183575
5453.0000 0.69196838
5453.9000 0.66065013
5454.8000 0.61214477
5455.7000 0.60211146
5456.6000 0.64844096
5457.5000 0.69081396
5458.4000 0.70511836
5459.3000 0.70374972
5460.2000 0.69664443
5461.1000 0.67873204
5462.0000 0.63834542
5462.9000 0.60695612
5463.8000 0.62427151
5464.7000 0.66148078
5465.6000 0.66860604
5466.5000 0.66046768
5467.4000 0.67009926
5468.3000 0.68578172
5469.2000 0.68703413
5470.1000 0.68200183
5471.0000 0.68105638
5471.9000 0.67196399
5472.8000 0.64217681
5473.7000 0.63105106
5474.6000 0.64015782
5475.5000 0.60967124
5476.4000 0.55688316
5477.3000 0.56330091
5478.2000 0.61552161
5479.1000 0.65342915
5480.0000 0.65078741
5480.9000 0.63078052
5481.8000 0.63771218
5482.7000 0.65820742
5483.6000 0.67344421
5484.5000 0.68864566
5485.4000 0.68898636
5486.3000 0.66902906
5487.2000 0.64445502
5488.1000 0.64420205
5489.0000 0.66267586
5489.9000 0.66110379
5490.8000 0.65856844
5491.7000 0.66416639
5492.6000 0.65561241
5493.5000 0.6468491
5494.4000 0.65874666
5495.3000 0.67370182
5496.2000 0.66191429
5497.1000 0.63438451
5498.0000 0.6392774
5498.9000 0.67638707
5499.8000 0.68528605
5500.7000 0.65078211
5501.6000 0.61108935
5502.5000 0.61565733
5503.4000 0.64378178
5504.3000 0.66481423
5505.2000 0.65863574
5506.1000 0.63041472
5507.0000 0.62244159
5507.9000 0.63829267
5508.8000 0.6387701
5509.7000 0.63208127
5510.6000 0.63604367
5511.5000 0.63481891
5512.4000 0.62489557
5513.3000 0.63349074
5514.2000 0.65857482
5515.1000 0.67770791
5516.0000 0.68166739
5516.9000 0.6816113
5517.8000 0.68797952
5518.7000 0.69028908
5519.6000 0.68530482
5520.5000 0.68107015
5521.4000 0.67864382
5522.3000 0.67948592
5523.2000 0.68229806
5524.1000 0.6712538
5525.0000 0.64266551
5525.9000 0.6113838
5526.8000 0.59104985
5527.7000 0.58794743
5528.6000 0.60447645
5529.5000 0.64598548
5530.4000 0.67656511
5531.3000 0.68445575
5532.2000 0.67793417
5533.1000 0.66190195
5534.0000 0.63233137
5534.9000 0.60778493
5535.8000 0.62801582
5536.7000 0.66459298
5537.6000 0.67638987
5538.5000 0.67610604
5539.4000 0.68283981
5540.3000 0.68860304
5541.2000 0.68912679
5542.1000 0.67655504
5543.0000 0.64969814
5543.9000 0.63261449
5544.8000 0.63736206
5545.7000 0.64481032
5546.6000 0.65433413
5547.5000 0.670623
5548.4000 0.68449938
5549.3000 0.68769521
5550.2000 0.68850422
5551.1000 0.68525106
5552.0000 0.67864585
5552.9000 0.66996217
5553.8000 0.65484601
5554.7000 0.64843506
5555.6000 0.65975964
5556.5000 0.66955543
5557.4000 0.66718215
5558.3000 0.66778034
5559.2000 0.6712293
5560.1000 0.6671837
5561.0000 0.66240019
5561.9000 0.65037775
5562.8000 0.63457894
5563.7000 0.63689721
5564.6000 0.64502227
5565.5000 0.64177024
5566.4000 0.64040816
5567.3000 0.64768386
5568.2000 0.64929456
5569.1000 0.63677001
5570.0000 0.63915533
5570.9000 0.65281099
5571.8000 0.64066976
5572.7000 0.62040198
5573.6000 0.63350558
5574.5000 0.65487576
5575.4000 0.64727592
5576.3000 0.63818234
5577.2000 0.65141708
5578.1000 0.66410613
5579.0000 0.67007637
5579.9000 0.67354399
5580.8000 0.66398668
5581.7000 0.65009093
5582.6000 0.65447664
5583.5000 0.66974115
5584.4000 0.67441761
5585.3000 0.6544162
5586.2000 0.61302221
5587.1000 0.57972234
5588.0000 0.56913704
5588.9000 0.57784289
5589.8000 0.60363317
5590.7000 0.6284126
5591.6000 0.63606083
5592.5000 0.63440019
5593.4000 0.61923099
5594.3000 0.609743
5595.2000 0.63517213
5596.1000 0.66554475
5597.0000 0.65847921
5597.9000 0.62932879
5598.8000 0.62176782
5599.7000 0.63009334
5600.6000 0.62297946
5601.5000 0.60456491
5602.4000 0.59490937
5603.3000 0.61606902
5604.2000 0.65630817
5605.1000 0.68196046
5606.0000 0.6894877
5606.9000 0.69039023
5607.8000 0.68921745
5608.7000 0.68826318
5609.6000 0.68600786
5610.5000 0.68797213
5611.4000 0.68927634
5612.3000 0.68721575
5613.2000 0.67622119
5614.1000 0.64110953
5615.0000 0.5970782
5615.9000 0.59697258
5616.8000 0.63138574
5617.7000 0.65673178
5618.6000 0.66074646
5619.5000 0.6585961
5620.4000 0.65825862
5621.3000 0.66758335
5622.2000 0.67319137
5623.1000 0.65074593
5624.0000 0.61389899
5624.9000 0.60806876
5625.8000 0.6307832
5626.7000 0.64878607
5627.6000 0.65753514
5628.5000 0.66848338
5629.4000 0.68134218
5630.3000 0.68865776
5631.2000 0.68937039
5632.1000 0.68340975
5633.0000 0.6679312
5633.9000 0.65382504
5634.8000 0.65434813
5635.7000 0.65488738
5636.6000 0.64247328
5637.5000 0.6269747
5638.4000 0.63141066
5639.3000 0.64208245
5640.2000 0.62996405
5641.1000 0.61523741
5642.0000 0.62679136
5642.9000 0.64482886
5643.8000 0.65147424
5644.7000 0.65585375
5645.6000 0.66585833
5646.5000 0.67587966
5647.4000 0.6820786
5648.3000 0.67610562
5649.2000 0.65861452
5650.1000 0.6510002
5651.0000 0.65568757
5651.9000 0.66748983
5652.8000 0.66784269
5653.7000 0.6517235
5654.6000 0.6292901
5655.5000 0.62987757
5656.4000 0.63014871
5657.3000 0.57917684
5658.2000 0.53382277
5659.1000 0.56230938
5660.0000 0.61682278
5660.9000 0.63495517
5661.8000 0.60833073
5662.7000 0.58963174
5663.6000 0.61829197
5664.5000 0.65055013
5665.4000 0.65161258
5666.3000 0.62981492
5667.2000 0.61246592
5668.1000 0.61190712
5669.0000 0.62203449
5669.9000 0.64527065
5670.8000 0.66429007
5671.7000 0.6754089
5672.6000 0.68377143
5673.5000 0.68585247
5674.4000 0.67445809
5675.3000 0.66111106
5676.2000 0.66563833
5677.1000 0.67519122
5678.0000 0.67101455
5678.9000 0.65640438
5679.8000 0.65882486
5680.7000 0.66021937
5681.6000 0.63888705
5682.5000 0.60812628
5683.4000 0.59951419
5684.3000 0.60593897
5685.2000 0.62198913
5686.1000 0.62603831
5687.0000 0.61939567
5687.9000 0.61077809
5688.8000 0.62231725
5689.7000 0.64275008
5690.6000 0.64865446
5691.5000 0.65578836
5692.4000 0.66477454
5693.3000 0.66017687
5694.2000 0.6538496
5695.1000 0.65891367
5696.0000 0.66212803
5696.9000 0.66480315
5697.8000 0.66015625
5698.7000 0.65727353
5699.6000 0.65052778
5700.5000 0.63125116
5701.4000 0.61933064
5702.3000 0.63459623
5703.2000 0.65243328
5704.1000 0.65271771
5705.0000 0.63133162
5705.9000 0.6145575
5706.8000 0.61218768
5707.7000 0.60212642
5708.6000 0.58069742
5709.5000 0.57660109
5710.4000 0.58598298
5711.3000 0.58883673
5712.2000 0.605955
5713.1000 0.63092864
5714.0000 0.64388967
5714.9000 0.64806193
5715.8000 0.65424734
5716.7000 0.65549207
5717.6000 0.65168434
5718.5000 0.65319133
5719.4000 0.66102254
5720.3000 0.66754854
5721.2000 0.67081225
5722.1000 0.67756176
5723.0000 0.67987317
5723.9000 0.67566818
5724.8000 0.6727885
5725.7000 0.67131883
5726.6000 0.66788149
5727.5000 0.66484708
5728.4000 0.66725403
5729.3000 0.66899598
5730.2000 0.66634846
5731.1000 0.65627033
5732.0000 0.64942092
5732.9000 0.65904284
5733.8000 0.66994268
5734.7000 0.67453444
5735.6000 0.67503232
5736.5000 0.6741842
5737.4000 0.67493647
5738.3000 0.67437822
5739.2000 0.67341882
5740.1000 0.66910565
5741.0000 0.6638875
5741.9000 0.66301334
5742.8000 0.66677463
5743.7000 0.67192924
5744.6000 0.67690939
5745.5000 0.67865288
5746.4000 0.67289144
5747.3000 0.65797096
5748.2000 0.65189147
5749.1000 0.6625421
5750.0000 0.67369574
5750.9000 0.66973001
5751.8000 0.6448369
5752.7000 0.61886084
5753.6000 0.61239916
5754.5000 0.62555081
5755.4000 0.64721602
5756.3000 0.66156489
5757.2000 0.66890568
5758.1000 0.67334324
5759.0000 0.6677475
5759.9000 0.6550253
5760.8000 0.64232302
5761.7000 0.62638211
5762.6000 0.61614668
5763.5000 0.62946248
5764.4000 0.65265274
5765.3000 0.66660076
5766.2000 0.67277443
5767.1000 0.6727103
5768.0000 0.66918361
5768.9000 0.66472989
5769.8000 0.66217381
5770.7000 0.66122139
5771.6000 0.6553719
5772.5000 0.65025675
5773.4000 0.6503399
5774.3000 0.64605677
5775.2000 0.64727491
5776.1000 0.66055864
5777.0000 0.66921276
5777.9000 0.66642308
5778.8000 0.65598905
5779.7000 0.63998377
5780.6000 0.6227994
5781.5000 0.61450309
5782.4000 0.6185174
5783.3000 0.62385511
5784.2000 0.62331152
5785.1000 0.62274075
5786.0000 0.62966037
5786.9000 0.63881296
5787.8000 0.64579773
5788.7000 0.65256953
5789.6000 0.65133131
5790.5000 0.64169812
5791.4000 0.63532054
5792.3000 0.63612676
5793.2000 0.63770276
5794.1000 0.64377123
5795.0000 0.65549606
5795.9000 0.65673465
5796.8000 0.64167672
5797.7000 0.62994647
5798.6000 0.63725549
5799.5000 0.65361714
5800.4000 0.66543669
5801.3000 0.67160684
5802.2000 0.67171937
5803.1000 0.65734255
5804.0000 0.6377964
5804.9000 0.62842786
5805.8000 0.62557769
5806.7000 0.63142252
5807.6000 0.64454269
5808.5000 0.65258121
5809.4000 0.65477204
5810.3000 0.65455794
5811.2000 0.65407479
5812.1000 0.65573996
5813.0000 0.65703702
5813.9000 0.65551859
5814.8000 0.64704227
5815.7000 0.63487917
5816.6000 0.63528728
5817.5000 0.64958888
5818.4000 0.66361815
5819.3000 0.66761547
5820.2000 0.66621357
5821.1000 0.66638875
5822.0000 0.66668677
5822.9000 0.66410869
5823.8000 0.66204929
5824.7000 0.66370273
5825.6000 0.66593397
5826.5000 0.66723633
5827.4000 0.66738015
5828.3000 0.66602939
5829.2000 0.66667825
5830.1000 0.66472709
5831.0000 0.66019106
5831.9000 0.66201186
5832.8000 0.66511011
5833.7000 0.66426969
5834.6000 0.66181839
5835.5000 0.66078234
5836.4000 0.66146386
5837.3000 0.66000831
5838.2000 0.65996033
5839.1000 0.6641587
5840.0000 0.66704071
5840.9000 0.66767991
5841.8000 0.66546643
5842.7000 0.6633873
5843.6000 0.6635077
5844.5000 0.66206384
5845.4000 0.6584686
5846.3000 0.65512824
5847.2000 0.65387148
5848.1000 0.65154076
5849.0000 0.652906
5849.9000 0.65886497
5850.8000 0.65846032
5851.7000 0.64609241
5852.6000 0.61805248
5853.5000 0.59639508
5854.4000 0.60592115
5855.3000 0.62423861
5856.2000 0.61910099
5857.1000 0.59727436
5858.0000 0.59623843
5858.9000 0.61452091
5859.8000 0.63385403
5860.7000 0.64170617
5861.6000 0.63370246
5862.5000 0.63076574
5863.4000 0.64238805
5864.3000 0.65392965
5865.2000 0.65778023
5866.1000 0.65389925
5867.0000 0.65069252
5867.9000 0.65403616
5868.8000 0.65839386
5869.7000 0.65893644
5870.6000 0.66206723
5871.5000 0.66031772
5872.4000 0.65730673
5873.3000 0.65543121
5874.2000 0.65632135
5875.1000 0.65178502
5876.0000 0.64366901
5876.9000 0.64325702
5877.8000 0.64815772
5878.7000 0.65021628
5879.6000 0.64808422
5880.5000 0.64434546
5881.4000 0.64494216
5882.3000 0.64285392
5883.2000 0.63345915
5884.1000 0.63327247
5885.0000 0.64290625
5885.9000 0.65055954
5886.8000 0.65048009
5887.7000 0.63813305
5888.6000 0.5861758
5889.5000 0.51190394
5890.4000 0.50671518
5891.3000 0.5615676
5892.2000 0.60206616
5893.1000 0.61745846
5894.0000 0.61015755
5894.9000 0.5603711
5895.8000 0.5159862
5896.7000 0.5388242
5897.6000 0.5912571
5898.5000 0.62115216
5899.4000 0.63099372
5900.3000 0.63571244
5901.2000 0.63822967
5902.1000 0.64055103
5903.0000 0.64518207
5903.9000 0.64500833
5904.8000 0.63683373
5905.7000 0.63113678
5906.6000 0.63306433
5907.5000 0.6389519
5908.4000 0.64199698
5909.3000 0.63813543
5910.2000 0.63522679
5911.1000 0.63923299
5912.0000 0.64132732
5912.9000 0.62854636
5913.8000 0.60973823
5914.7000 0.60753375
5915.6000 0.61593562
5916.5000 0.62686551
5917.4000 0.63775575
5918.3000 0.64010322
5919.2000 0.63979191
5920.1000 0.64396197
5921.0000 0.64534408
5921.9000 0.64390659
5922.8000 0.64164609
5923.7000 0.64161545
5924.6000 0.64504385
5925.5000 0.64713532
5926.4000 0.64446467
5927.3000 0.63277787
5928.2000 0.62259042
5929.1000 0.60901916
5930.0000 0.60248256
5930.9000 0.61638081
5931.8000 0.63455689
5932.7000 0.63832527
5933.6000 0.63143039
5934.5000 0.62554866
5935.4000 0.63507283
5936.3000 0.64662707
5937.2000 0.65075892
5938.1000 0.65284175
5939.0000 0.65085286
5939.9000 0.64700431
5940.8000 0.64024675
5941.7000 0.63601196
5942.6000 0.63784605
5943.5000 0.64154905
5944.4000 0.64615005
5945.3000 0.64667982
5946.2000 0.64427519
5947.1000 0.63334912
5948.0000 0.61514932
5948.9000 0.61123431
5949.8000 0.62545365
5950.7000 0.6377126
5951.6000 0.62906325
5952.5000 0.6157887
5953.4000 0.62446487
5954.3000 0.64091748
5955.2000 0.644651
5956.1000 0.63664377
5957.0000 0.63064343
5957.9000 0.62870789
5958.8000 0.63547242
5959.7000 0.64251423
5960.6000 0.64543933
5961.5000 0.64615679
5962.4000 0.64684325
5963.3000 0.6482746
5964.2000 0.64698905
5965.1000 0.6413064
5966.0000 0.63900328
5966.9000 0.64510393
5967.8000 0.64861757
5968.7000 0.65008098
5969.6000 0.65336561
5970.5000 0.65585232
5971.4000 0.65559626
5972.3000 0.652744
5973.2000 0.64970458
5974.1000 0.64210445
5975.0000 0.6306662
5975.9000 0.62039495
5976.8000 0.61785918
5977.7000 0.62852252
5978.6000 0.64052331
5979.5000 0.6487394
5980.4000 0.65427822
5981.3000 0.65246338
5982.2000 0.64312226
5983.1000 0.6226564
5984.0000 0.60324109
5984.9000 0.60084456
5985.8000 0.61371511
5986.7000 0.61971593
5987.6000 0.62564874
5988.5000 0.63385963
5989.4000 0.63798428
5990.3000 0.62587494
5991.2000 0.60902166
5992.1000 0.61749637
5993.0000 0.63618439
5993.9000 0.64788651
5994.8000 0.6503678
5995.7000 0.64696378
5996.6000 0.6353882
5997.5000 0.62396342
5998.4000 0.62810057
5999.3000 0.63710248
6000.2000 0.64501262
6001.1000 0.63989246
6002.0000 0.62578881
6002.9000 0.61731094
6003.8000 0.62502742
6004.7000 0.63556814
6005.6000 0.63391888
6006.5000 0.62067801
6007.4000 0.60257328
6008.3000 0.59283137
6009.2000 0.60869467
6010.1000 0.63034093
6011.0000 0.63754576
6011.9000 0.62843323
6012.8000 0.61509478
6013.7000 0.61418563
6014.6000 0.62331682
6015.5000 0.62030351
6016.4000 0.61408603
6017.3000 0.62150711
6018.2000 0.63165957
6019.1000 0.62057477
6020.0000 0.59963137
6020.9000 0.59492862
6021.8000 0.60067093
6022.7000 0.60827935
6023.6000 0.60601306
6024.5000 0.60962093
6025.4000 0.62243658
6026.3000 0.61939085
6027.2000 0.61155534
6028.1000 0.61950541
6029.0000 0.62875503
6029.9000 0.63121355
6030.8000 0.63178092
6031.7000 0.63739955
6032.6000 0.64206129
6033.5000 0.63842648
6034.4000 0.63496137
6035.3000 0.632815
6036.2000 0.63051593
6037.1000 0.63662529
6038.0000 0.64133978
6038.9000 0.64119947
6039.8000 0.64111453
6040.7000 0.63516283
6041.6000 0.62464225
6042.5000 0.62376791
6043.4000 0.63084197
6044.3000 0.63650727
6045.2000 0.6351167
6046.1000 0.62937403
6047.0000 0.63260084
6047.9000 0.63947487
6048.8000 0.64289761
6049.7000 0.64542276
6050.6000 0.6458624
6051.5000 0.63849777
6052.4000 0.62443531
6053.3000 0.61794972
6054.2000 0.62069803
6055.1000 0.62201065
6056.0000 0.61994958
6056.9000 0.62676466
6057.8000 0.64052534
6058.7000 0.65157849
6059.6000 0.6518175
6060.5000 0.64923668
6061.4000 0.64669991
6062.3000 0.63800752
6063.2000 0.63458812
6064.1000 0.62100995
6065.0000 0.59652489
6065.9000 0.59859961
6066.8000 0.62355328
6067.7000 0.64078397
6068.6000 0.64397818
6069.5000 0.64204592
6070.4000 0.64526081
6071.3000 0.64738119
6072.2000 0.65011197
6073.1000 0.65164465
6074.0000 0.64821452
6074.9000 0.64496851
6075.8000 0.64087385
6076.7000 0.63391221
6077.6000 0.61599666
6078.5000 0.60269356
6079.4000 0.61334181
6080.3000 0.63056773
6081.2000 0.63685173
6082.1000 0.62869722
6083.0000 0.61534452
6083.9000 0.60807931
6084.8000 0.60627937
6085.7000 0.61075562
6086.6000 0.61873132
6087.5000 0.6265974
6088.4000 0.62873685
6089.3000 0.62622398
6090.2000 0.62229908
6091.1000 0.62236273
6092.0000 0.62261266
6092.9000 0.62428522
6093.8000 0.62548113
6094.7000 0.63096654
6095.6000 0.63517243
6096.5000 0.63211435
6097.4000 0.6292901
6098.3000 0.63200784
6099.2000 0.63732928
6100.1000 0.63603723
6101.0000 0.61599916
6101.9000 0.57022202
6102.8000 0.54649478
6103.7000 0.57421464
6104.6000 0.61150455
6105.5000 0.62624484
6106.4000 0.62337226
6107.3000 0.61778367
6108.2000 0.61597687
6109.1000 0.6257233
6110.0000 0.63045228
6110.9000 0.62999225
6111.8000 0.62556899
6112.7000 0.61849046
6113.6000 0.619205
6114.5000 0.61972165
6115.4000 0.6159482
6116.3000 0.61321014
6117.2000 0.62111878
6118.1000 0.63057053
6119.0000 0.63279718
6119.9000 0.63067621
6120.8000 0.61655313
6121.7000 0.58602571
6122.6000 0.58093542
6123.5000 0.60516399
6124.4000 0.61959136
6125.3000 0.6225999
6126.2000 0.62700766
6127.1000 0.62319469
6128.0000 0.61496687
6128.9000 0.60916597
6129.8000 0.60882562
6130.7000 0.61514872
6131.6000 0.61912549
6132.5000 0.62179053
6133.4000 0.62699032
6134.3000 0.62561399
6135.2000 0.60372263
6136.1000 0.55518997
6137.0000 0.51673299
6137.9000 0.53502333
6138.8000 0.5870862
6139.7000 0.60925722
6140.6000 0.58073109
6141.5000 0.53752983
6142.4000 0.55020726
6143.3000 0.59805375
6144.2000 0.62468088
6145.1000 0.62739354
6146.0000 0.62303412
6146.9000 0.60504156
6147.8000 0.58296764
6148.7000 0.57452512
6149.6000 0.58135104
6150.5000 0.59878349
6151.4000 0.60970277
6152.3000 0.61443114
6153.2000 0.61584473
6154.1000 0.6031009
6155.0000 0.59104991
6155.9000 0.59658921
6156.8000 0.60725904
6157.7000 0.61035317
6158.6000 0.61163718
6159.5000 0.60736138
6160.4000 0.58353847
6161.3000 0.54594946
6162.2000 0.52706081
6163.1000 0.54596549
6164.0000 0.57687193
6164.9000 0.59506774
6165.8000 0.59680074
6166.7000 0.60040122
6167.6000 0.60269415
6168.5000 0.57620728
6169.4000 0.54718506
6170.3000 0.5567587
6171.2000 0.58763885
6172.1000 0.60621989
6173.0000 0.60434419
6173.9000 0.59922934
6174.8000 0.59701866
6175.7000 0.59618193
6176.6000 0.5960086
6177.5000 0.60613626
6178.4000 0.61545825
6179.3000 0.61221319
6180.2000 0.6097073
6181.1000 0.61669415
6182.0000 0.62446004
6182.9000 0.62507164
6183.8000 0.62291741
6184.7000 0.62276822
6185.6000 0.61748254
6186.5000 0.61066675
6187.4000 0.61084139
6188.3000 0.61614031
6189.2000 0.61978936
6190.1000 0.60300452
6191.0000 0.56668288
6191.9000 0.56195569
6192.8000 0.59362173
6193.7000 0.61375117
6194.6000 0.61408663
6195.5000 0.6157831
6196.4000 0.62531942
6197.3000 0.62985629
6198.2000 0.62885201
6199.1000 0.61791819
6200.0000 0.60186499
6200.9000 0.60126561
6201.8000 0.61525035
6202.7000 0.62810069
6203.6000 0.63050711
6204.5000 0.62902248
6205.4000 0.62991506
6206.3000 0.6295101
6207.2000 0.63037527
6208.1000 0.63313782
6209.0000 0.63354826
6209.9000 0.63072419
6210.8000 0.62860286
6211.7000 0.62018788
6212.6000 0.60181874
6213.5000 0.58708829
6214.4000 0.58676147
6215.3000 0.59284437
6216.2000 0.60346317
6217.1000 0.6125145
6218.0000 0.60728192
6218.9000 0.58625895
6219.8000 0.57645875
6220.7000 0.59032297
6221.6000 0.60807687
6222.5000 0.61692613
6223.4000 0.62064886
6224.3000 0.62007141
6225.2000 0.61723775
6226.1000 0.61247808
6227.0000 0.61189491
6227.9000 0.61179584
6228.8000 0.59799004
6229.7000 0.57397485
6230.6000 0.55614412
6231.5000 0.56355309
6232.4000 0.57573676
6233.3000 0.58830279
6234.2000 0.60983253
6235.1000 0.62502813
6236.0000 0.61704278
6236.9000 0.59390187
6237.8000 0.56696826
6238.7000 0.55695897
6239.6000 0.5638504
6240.5000 0.57750607
6241.4000 0.59533519
6242.3000 0.60137159
6243.2000 0.59200096
6244.1000 0.57727462
6245.0000 0.55553412
6245.9000 0.53382021
6246.8000 0.52808315
6247.7000 0.54857606
6248.6000 0.58197194
6249.5000 0.60517204
6250.4000 0.61209112
6251.3000 0.59959841
6252.2000 0.57366705
6253.1000 0.55715185
6254.0000 0.55701256
6254.9000 0.5655784
6255.8000 0.57011169
6256.7000 0.57533199
6257.6000 0.58073485
6258.5000 0.58186311
6259.4000 0.5916431
6260.3000 0.59781295
6261.2000 0.59703714
6262.1000 0.60005367
6263.0000 0.60778695
6263.9000 0.60160565
6264.8000 0.58666754
6265.7000 0.58973032
6266.6000 0.60465652
6267.5000 0.61417341
6268.4000 0.61339098
6269.3000 0.59861481
6270.2000 0.58790904
6271.1000 0.59351534
6272.0000 0.60744393
6272.9000 0.61674303
6273.8000 0.61872578
6274.7000 0.61754405
6275.6000 0.61776108
6276.5000 0.61027116
6277.4000 0.60073024
6278.3000 0.59201282
6279.2000 0.5717625
6280.1000 0.56043839
6281.0000 0.57492805
6281.9000 0.59349078
6282.8000 0.60270435
6283.7000 0.60865432
6284.6000 0.60985029
6285.5000 0.60754371
6286.4000 0.60845512
6287.3000 0.61070293
6288.2000 0.61168236
6289.1000 0.61249667
6290.0000 0.60537928
6290.9000 0.59668797
6291.8000 0.59943521
6292.7000 0.60774803
6293.6000 0.61240667
6294.5000 0.60993344
6295.4000 0.60569435
6296.3000 0.60186958
6297.2000 0.59025192
6298.1000 0.58070266
6299.0000 0.58124906
6299.9000 0.57609129
6300.8000 0.55675226
6301.7000 0.54105997
6302.6000 0.55365318
6303.5000 0.58369547
6304.4000 0.60367447
6305.3000 0.60791594
6306.2000 0.60714471
6307.1000 0.60409659
6308.0000 0.60078895
6308.9000 0.59151137
6309.8000 0.58185816
6310.7000 0.58416021
6311.6000 0.59060216
6312.5000 0.59401441
6313.4000 0.5870136
6314.3000 0.56522489
6315.2000 0.55620253
6316.1000 0.56803018
6317.0000 0.56600666
6317.9000 0.55113554
6318.8000 0.55414641
6319.7000 0.56987149
6320.6000 0.57819325
6321.5000 0.57975274
6322.4000 0.57445836
6323.3000 0.58199728
6324.2000 0.59659702
6325.1000 0.60649079
6326.0000 0.60562664
6326.9000 0.59903938
6327.8000 0.59832692
6328.7000 0.60007131
6329.6000 0.59606618
6330.5000 0.59037703
6331.4000 0.58637512
6332.3000 0.59189945
6333.2000 0.59721315
6334.1000 0.58491182
6335.0000 0.56021261
6335.9000 0.54715317
6336.8000 0.55258805
6337.7000 0.56827033
6338.6000 0.57667708
6339.5000 0.58685249
6340.4000 0.59687477
6341.3000 0.59965736
6342.2000 0.59519947
6343.1000 0.58244866
6344.0000 0.57600355
6344.9000 0.57861578
6345.8000 0.57184064
6346.7000 0.55598283
6347.6000 0.56097448
6348.5000 0.58392519
6349.4000 0.59904087
6350.3000 0.59873354
6351.2000 0.59425581
6352.1000 0.59293503
6353.0000 0.5921492
6353.9000 0.58498222
6354.8000 0.57721543
6355.7000 0.58198625
6356.6000 0.58877575
6357.5000 0.58522773
6358.4000 0.57613575
6359.3000 0.57797045
6360.2000 0.58071887
6361.1000 0.57687706
6362.0000 0.56873769
6362.9000 0.56855649
6363.8000 0.57539713
6364.7000 0.5831629
6365.6000 0.5875383
6366.5000 0.58746785
6367.4000 0.58984423
6368.3000 0.58329529
6369.2000 0.57142341
6370.1000 0.56452113
6371.0000 0.56358588
6371.9000 0.57456577
6372.8000 0.59114385
6373.7000 0.60219276
6374.6000 0.60492057
6375.5000 0.60267818
6376.4000 0.59880501
6377.3000 0.59337682
6378.2000 0.58867824
6379.1000 0.58990115
6380.0000 0.58882022
6380.9000 0.58902752
6381.8000 0.59404129
6382.7000 0.59452027
6383.6000 0.58618796
6384.5000 0.5815593
6385.4000 0.58631617
6386.3000 0.5940851
6387.2000 0.59913898
6388.1000 0.60104597
6389.0000 0.60040402
6389.9000 0.59834665
6390.8000 0.59544802
6391.7000 0.58837569
6392.6000 0.56914723
6393.5000 0.55291623
6394.4000 0.56537002
6395.3000 0.589553
6396.2000 0.60455316
6397.1000 0.60789889
6398.0000 0.5991075
6398.9000 0.5728299
6399.8000 0.54479748
6400.7000 0.55009812
6401.6000 0.57583797
6402.5000 0.59350258
6403.4000 0.60001242
6404.3000 0.5983634
6405.2000 0.5935899
6406.1000 0.58289307
6407.0000 0.5599668
6407.9000 0.54828966
6408.8000 0.56378746
6409.7000 0.58315903
6410.6000 0.57539916
6411.5000 0.55922794
6412.4000 0.56552774
6413.3000 0.58024859
6414.2000 0.58272034
6415.1000 0.57705933
6416.0000 0.56478274
6416.9000 0.55762476
6417.8000 0.56700313
6418.7000 0.57558292
6419.6000 0.56598872
6420.5000 0.54611951
6421.4000 0.54409522
6422.3000 0.56548542
6423.2000 0.58997321
6424.1000 0.60168719
6425.0000 0.60298997
6425.9000 0.60178691
6426.8000 0.60022444
6427.7000 0.59972233
6428.6000 0.597709
6429.5000 0.58165568
6430.4000 0.55761766
6431.3000 0.54602087
6432.2000 0.54529583
6433.1000 0.55555201
6434.0000 0.57639718
6434.9000 0.59326822
6435.8000 0.59665579
6436.7000 0.59191114
6437.6000 0.57375133
6438.5000 0.54257357
6439.4000 0.53819573
6440.3000 0.56720662
6441.2000 0.59402692
6442.1000 0.60142332
6443.0000 0.59792995
6443.9000 0.59684497
6444.8000 0.59898984
6445.7000 0.59989357
6446.6000 0.59625053
6447.5000 0.59091675
6448.4000 0.57538968
6449.3000 0.5513348
6450.2000 0.54851139
6451.1000 0.56901032
6452.0000 0.58556378
6452.9000 0.58996892
6453.8000 0.5853942
6454.7000 0.56252408
6455.6000 0.5230366
6456.5000 0.50795996
6457.4000 0.53923857
6458.3000 0.57718956
6459.2000 0.59301221
6460.1000 0.59141552
6461.0000 0.5737505
6461.9000 0.53994125
6462.8000 0.52669013
6463.7000 0.5512464
6464.6000 0.58074039
6465.5000 0.59239769
6466.4000 0.59235197
6467.3000 0.58889222
6468.2000 0.58365923
6469.1000 0.57945067
6470.0000 0.57734686
6470.9000 0.56811517
6471.8000 0.5601154
6472.7000 0.56855935
6473.6000 0.58155566
6474.5000 0.5815478
6475.4000 0.57309616
6476.3000 0.57517844
6477.2000 0.58695906
6478.1000 0.59076709
6479.0000 0.58597761
6479.9000 0.57950431
6480.8000 0.56907326
6481.7000 0.55614132
6482.6000 0.55129468
6483.5000 0.55923742
6484.4000 0.57037407
6485.3000 0.57817733
6486.2000 0.5828855
6487.1000 0.5847376
6488.0000 0.58467019
6488.9000 0.58335066
6489.8000 0.57515693
6490.7000 0.55471426
6491.6000 0.53673142
6492.5000 0.52449191
6493.4000 0.50272483
6494.3000 0.48036468
6495.2000 0.46900144
6496.1000 0.45669994
6497.0000 0.46361867
6497.9000 0.50104803
6498.8000 0.52851862
6499.7000 0.5404467
6500.6000 0.55573982
6501.5000 0.56934494
6502.4000 0.57609028
6503.3000 0.57877421
6504.2000 0.58044469
6505.1000 0.58370841
6506.0000 0.58552796
6506.9000 0.5853616
6507.8000 0.58391529
6508.7000 0.58365017
6509.6000 0.58663619
6510.5000 0.58833814
6511.4000 0.58671433
6512.3000 0.58481824
6513.2000 0.58318293
6514.1000 0.57616085
6515.0000 0.55446857
6515.9000 0.53154713
6516.8000 0.53064477
6517.7000 0.54335296
6518.6000 0.55438554
6519.5000 0.56854981
6520.4000 0.58325952
6521.3000 0.58735502
6522.2000 0.58324528
6523.1000 0.57954425
6524.0000 0.57963413
6524.9000 0.57991093
6525.8000 0.57204294
6526.7000 0.56357372
6527.6000 0.56546378
6528.5000 0.57390755
6529.4000 0.58204675
6530.3000 0.58502918
6531.2000 0.5828777
6532.1000 0.57696456
6533.0000 0.5689379
6533.9000 0.56542635
6534.8000 0.56903493
6535.7000 0.57335287
6536.6000 0.57355547
6537.5000 0.57342041
6538.4000 0.57559514
6539.3000 0.57727671
6540.2000 0.57662165
6541.1000 0.57530504
6542.0000 0.57382321
6542.9000 0.56927764
6543.8000 0.56443393
6544.7000 0.55705512
6545.6000 0.54168189
6546.5000 0.53469831
6547.4000 0.54690397
6548.3000 0.55956358
6549.2000 0.56405777
6550.1000 0.56549948
6551.0000 0.56663412
6551.9000 0.56599128
6552.8000 0.55872923
6553.7000 0.54935253
6554.6000 0.54192197
6555.5000 0.53457558
6556.4000 0.53127605
6557.3000 0.53059655
6558.2000 0.5198521
6559.1000 0.49514997
6560.0000 0.46280432
6560.9000 0.41324374
6561.8000 0.33642936
6562.7000 0.2724019
6563.6000 0.27945837
6564.5000 0.35128421
6565.4000 0.43384928
6566.3000 0.48983499
6567.2000 0.51502383
6568.1000 0.51781344
6569.0000 0.51106107
6569.9000 0.51621288
6570.8000 0.53103107
6571.7000 0.5429064
6572.6000 0.54738992
6573.5000 0.54462296
6574.4000 0.53911018
6575.3000 0.54242569
6576.2000 0.5557645
6577.1000 0.56565976
6578.0000 0.56848407
6578.9000 0.56713748
6579.8000 0.56405628
6580.7000 0.56186497
6581.6000 0.56499434
6582.5000 0.56811267
6583.4000 0.56851101
6584.3000 0.56772339
6585.2000 0.5636366
6586.1000 0.55380762
6587.0000 0.54868639
6587.9000 0.55495608
6588.8000 0.56524712
6589.7000 0.57320935
6590.6000 0.57121891
6591.5000 0.55284095
6592.4000 0.52208173
6593.3000 0.50500673
6594.2000 0.52192342
6595.1000 0.55028498
6596.0000 0.56336296
6596.9000 0.55954725
6597.8000 0.55408108
6598.7000 0.55874062
6599.6000 0.56948125
6600.5000 0.57438147
6601.4000 0.57297778
6602.3000 0.57170886
6603.2000 0.56480628
6604.1000 0.54850823
6605.0000 0.54123616
6605.9000 0.54928213
6606.8000 0.55496889
6607.7000 0.5513835
6608.6000 0.54676628
6609.5000 0.55118489
6610.4000 0.56222492
6611.3000 0.56904316
6612.2000 0.56811094
6613.1000 0.56198955
6614.0000 0.55937356
6614.9000 0.56477273
6615.8000 0.56952065
6616.7000 0.56947583
6617.6000 0.56993514
6618.5000 0.57146078
6619.4000 0.572303
6620.3000 0.57438743
6621.2000 0.57327974
6622.1000 0.57366681
6623.0000 0.57366556
6623.9000 0.56925517
6624.8000 0.56114113
6625.7000 0.56027496
6626.6000 0.56391799
6627.5000 0.5641858
6628.4000 0.56451464
6629.3000 0.5658713
6630.2000 0.5667513
6631.1000 0.5636794
6632.0000 0.55534095
6632.9000 0.54074252
6633.8000 0.52854562
6634.7000 0.53356761
6635.6000 0.54833227
6636.5000 0.55875129
6637.4000 0.56186193
6638.3000 0.56211847
6639.2000 0.5600794
6640.1000 0.55798835
6641.0000 0.56094277
6641.9000 0.5594762
6642.8000 0.54910964
6643.7000 0.54008979
6644.6000 0.54145974
6645.5000 0.55169386
6646.4000 0.56113368
6647.3000 0.56430644
6648.2000 0.5687868
6649.1000 0.57285523
6650.0000 0.57178968
6650.9000 0.57145178
6651.8000 0.57133621
6652.7000 0.56844097
6653.6000 0.5627746
6654.5000 0.55906516
6655.4000 0.56022805
6656.3000 0.5630787
6657.2000 0.56610912
6658.1000 0.5652591
6659.0000 0.56312811
6659.9000 0.56112754
6660.8000 0.55851895
6661.7000 0.55311179
6662.6000 0.53911704
6663.5000 0.53083295
6664.4000 0.53883773
6665.3000 0.54941881
6666.2000 0.55715317
6667.1000 0.55869788
6668.0000 0.55721664
6668.9000 0.55590022
6669.8000 0.5555293
6670.7000 0.55671877
6671.6000 0.55966002
6672.5000 0.56281805
6673.4000 0.56435156
6674.3000 0.5647909
6675.2000 0.56317586
6676.1000 0.55447501
6677.0000 0.53399342
6677.9000 0.51274222
6678.8000 0.51771671
6679.7000 0.53859961
6680.6000 0.55146575
6681.5000 0.55849856
6682.4000 0.56186962
6683.3000 0.56146693
6684.2000 0.56249899
6685.1000 0.56545562
6686.0000 0.56567651
6686.9000 0.56615317
6687.8000 0.56577867
6688.7000 0.56543446
6689.6000 0.56361753
6690.5000 0.56355596
6691.4000 0.56432259
6692.3000 0.56223196
6693.2000 0.5600034
6694.1000 0.5589872
6695.0000 0.55440485
6695.9000 0.54654205
6696.8000 0.54425418
6697.7000 0.55034083
6698.6000 0.55504411
6699.5000 0.55642176
6700.4000 0.55883837
6701.3000 0.55826646
6702.2000 0.55504662
6703.1000 0.54957324
6704.0000 0.54451376
6704.9000 0.54236853
6705.8000 0.54610324
6706.7000 0.54737979
6707.6000 0.54496676
6708.5000 0.54841006
6709.4000 0.55601138
6710.3000 0.5584836
6711.2000 0.55512464
6712.1000 0.55175549
6713.0000 0.5499441
6713.9000 0.5503239
6714.8000 0.54925472
6715.7000 0.54653233
6716.6000 0.53515327
6717.5000 0.5198471
6718.4000 0.52227354
6719.3000 0.53685409
6720.2000 0.54760647
6721.1000 0.54904175
6722.0000 0.5480262
6722.9000 0.55326575
6723.8000 0.55574638
6724.7000 0.55205119
6725.6000 0.54555982
6726.5000 0.54149598
6727.4000 0.54472679
6728.3000 0.54971421
6729.2000 0.55393428
6730.1000 0.55697143
6731.0000 0.55506814
6731.9000 0.55211395
6732.8000 0.54890835
6733.7000 0.55073857
6734.6000 0.55330533
6735.5000 0.55463892
6736.4000 0.55570394
6737.3000 0.550152
6738.2000 0.54426235
6739.1000 0.54391783
6740.0000 0.54779828
6740.9000 0.55017871
6741.8000 0.54861724
6742.7000 0.54647887
6743.6000 0.54736888
6744.5000 0.55184209
6745.4000 0.55463177
6746.3000 0.55466884
6747.2000 0.55166882
6748.1000 0.54192704
6749.0000 0.52949309
6749.9000 0.52479941
6750.8000 0.53098863
6751.7000 0.54064929
6752.6000 0.5452863
6753.5000 0.54846132
6754.4000 0.55375862
6755.3000 0.55332774
6756.2000 0.54317611
6757.1000 0.53696179
6758.0000 0.54019225
6758.9000 0.54723662
6759.8000 0.55347502
6760.7000 0.55552804
6761.6000 0.55328989
6762.5000 0.55104136
6763.4000 0.55097032
6764.3000 0.55184889
6765.2000 0.55135852
6766.1000 0.54552734
6767.0000 0.53264028
6767.9000 0.52729195
6768.8000 0.53493655
6769.7000 0.5438571
6770.6000 0.54520398
6771.5000 0.5416835
6772.4000 0.54124874
6773.3000 0.54607302
6774.2000 0.55097371
6775.1000 0.554555
6776.0000 0.55676031
6776.9000 0.55549878
6777.8000 0.55384505
6778.7000 0.55564559
6779.6000 0.55705643
6780.5000 0.55470556
6781.4000 0.55027741
6782.3000 0.54536051
6783.2000 0.54068553
6784.1000 0.53918743
6785.0000 0.54008114
6785.9000 0.53973502
6786.8000 0.53971875
6787.7000 0.54465646
6788.6000 0.54983729
6789.5000 0.55009443
6790.4000 0.55034041
6791.3000 0.55357975
6792.2000 0.55558813
6793.1000 0.55208445
6794.0000 0.54364085
6794.9000 0.5347001
6795.8000 0.53302026
6796.7000 0.53848892
6797.6000 0.5431481
6798.5000 0.54548866
6799.4000 0.54684931
6800.3000 0.54673487
6801.2000 0.547171
6802.1000 0.54616809
6803.0000 0.54150456
6803.9000 0.53950864
6804.8000 0.54250878
6805.7000 0.54575092
6806.6000 0.54668492
6807.5000 0.54595608
6808.4000 0.54542935
6809.3000 0.5418334
6810.2000 0.53873241
6811.1000 0.54337031
6812.0000 0.54927331
6812.9000 0.54808092
6813.8000 0.54545164
6814.7000 0.54809576
6815.6000 0.54976809
6816.5000 0.54672933
6817.4000 0.54661083
6818.3000 0.54853857
6819.2000 0.54607666
6820.1000 0.54098779
6821.0000 0.54115915
6821.9000 0.54821187
6822.8000 0.55525047
6823.7000 0.5573433
6824.6000 0.55407137
6825.5000 0.55095351
6826.4000 0.5466547
6827.3000 0.5366779
6828.2000 0.52695811
6829.1000 0.52848363
6830.0000 0.53778416
6830.9000 0.54610467
6831.8000 0.54843694
6832.7000 0.54683381
6833.6000 0.54648548
6834.5000 0.54759073
6835.4000 0.54665321
6836.3000 0.54369968
6837.2000 0.54097337
6838.1000 0.53542662
6839.0000 0.52847439
6839.9000 0.52328008
6840.8000 0.51620609
6841.7000 0.51018417
6842.6000 0.50957423
6843.5000 0.51328075
6844.4000 0.52368659
6845.3000 0.53728449
6846.2000 0.54313505
6847.1000 0.54022276
6848.0000 0.53752732
6848.9000 0.5405668
6849.8000 0.54446852
6850.7000 0.54666764
6851.6000 0.54830998
6852.5000 0.54495239
6853.4000 0.53738022
6854.3000 0.52589351
6855.2000 0.51686424
6856.1000 0.51898247
6857.0000 0.52517205
6857.9000 0.52647614
6858.8000 0.52964526
6859.7000 0.53608638
6860.6000 0.53662497
6861.5000 0.53387022
6862.4000 0.53560537
6863.3000 0.540088
6864.2000 0.54343712
6865.1000 0.54201621
6866.0000 0.53695965
6866.9000 0.52509797
6867.8000 0.51397943
6868.7000 0.52273428
6869.6000 0.53954345
6870.5000 0.53740048
6871.4000 0.53108013
6872.3000 0.53158903
6873.2000 0.53482592
6874.1000 0.53884411
6875.0000 0.53781939
6875.9000 0.53544813
6876.8000 0.53295124
6877.7000 0.53270382
6878.6000 0.53049493
6879.5000 0.52980202
6880.4000 0.53304398
6881.3000 0.52988446
6882.2000 0.52370435
6883.1000 0.52347815
6884.0000 0.52898836
6884.9000 0.53423285
6885.8000 0.53058118
6886.7000 0.53321904
6887.6000 0.5419572
6888.5000 0.53873378
6889.4000 0.53367162
6890.3000 0.54208553
6891.2000 0.54484195
6892.1000 0.5343864
6893.0000 0.53063071
6893.9000 0.53780651
6894.8000 0.53138715
6895.7000 0.52014929
6896.6000 0.52250379
6897.5000 0.53559345
6898.4000 0.53791213
6899.3000 0.5281499
6900.2000 0.52247262
6901.1000 0.53080928
6902.0000 0.53706276
6902.9000 0.53260511
6903.8000 0.52075261
6904.7000 0.52174193
6905.6000 0.53248197
6906.5000 0.53473979
6907.4000 0.53015578
6908.3000 0.52595443
6909.2000 0.5309779
6910.1000 0.54079378
6911.0000 0.54225558
6911.9000 0.53801996
6912.8000 0.53267258
6913.7000 0.52306932
6914.6000 0.51999539
6915.5000 0.52069652
6916.4000 0.51858091
6917.3000 0.51810223
6918.2000 0.52358025
6919.1000 0.53239751
6920.0000 0.53851038
6920.9000 0.53883839
6921.8000 0.53717262
6922.7000 0.53124499
6923.6000 0.52444029
6924.5000 0.52392203
6925.4000 0.52672011
6926.3000 0.52801138
6927.2000 0.52976251
6928.1000 0.52917761
6929.0000 0.5256409
6929.9000 0.52775633
6930.8000 0.53051859
6931.7000 0.53097141
6932.6000 0.52584499
6933.5000 0.51988059
6934.4000 0.52279246
6935.3000 0.52783251
6936.2000 0.52815092
6937.1000 0.52733731
6938.0000 0.52892017
6938.9000 0.53039742
6939.8000 0.52953529
6940.7000 0.532417
6941.6000 0.53341329
6942.5000 0.53291804
6943.4000 0.52698493
6944.3000 0.51352167
6945.2000 0.50439095
6946.1000 0.50934249
6947.0000 0.51697576
6947.9000 0.52387816
6948.8000 0.52822042
6949.7000 0.52726191
6950.6000 0.52065337
6951.5000 0.51499343
6952.4000 0.51483703
6953.3000 0.52120703
6954.2000 0.52567494
6955.1000 0.52530009
6956.0000 0.52219558
6956.9000 0.52177858
6957.8000 0.5227198
6958.7000 0.52276713
6959.6000 0.52399892
6960.5000 0.52692568
6961.4000 0.53038108
6962.3000 0.5331924
6963.2000 0.53120035
6964.1000 0.52630651
6965.0000 0.52446055
6965.9000 0.5277347
6966.8000 0.53056788
6967.7000 0.52963293
6968.6000 0.52790433
6969.5000 0.52817959
6970.4000 0.52937317
6971.3000 0.52949882
6972.2000 0.53011918
6973.1000 0.53181875
6974.0000 0.53163832
6974.9000 0.52722931
6975.8000 0.51564181
6976.7000 0.50284189
6977.6000 0.4897961
6978.5000 0.47961566
6979.4000 0.48662394
6980.3000 0.50535071
6981.2000 0.51988137
6982.1000 0.52751249
6983.0000 0.52940989
6983.9000 0.52610344
6984.8000 0.52365059
6985.7000 0.52261853
6986.6000 0.52287167
6987.5000 0.52137935
6988.4000 0.51904327
6989.3000 0.51950473
6990.2000 0.52207524
6991.1000 0.52383101
6992.0000 0.52352995
6992.9000 0.52029026
6993.8000 0.51845318
6994.7000 0.52035481
6995.6000 0.52209407
6996.5000 0.52129346
6997.4000 0.51699394
6998.3000 0.50304985
6999.2000 0.49061882
7000.1000 0.49269313
7001.0000 0.50336593
7001.9000 0.51149005
7002.8000 0.50820684
7003.7000 0.4990114
7004.6000 0.49097058
7005.5000 0.48725349
7006.4000 0.49230298
7007.3000 0.50333703
7008.2000 0.51287293
7009.1000 0.51864064
7010.0000 0.51972622
7010.9000 0.515351
7011.8000 0.50851411
7012.7000 0.50785822
7013.6000 0.51414371
7014.5000 0.51506686
7015.4000 0.49815157
7016.3000 0.47706854
7017.2000 0.47555366
7018.1000 0.49097559
7019.0000 0.50695014
7019.9000 0.51703423
7020.8000 0.51963389
7021.7000 0.51341873
7022.6000 0.49990666
7023.5000 0.48975602
7024.4000 0.49188933
7025.3000 0.50133157
7026.2000 0.5094918
7027.1000 0.51355761
7028.0000 0.51512718
7028.9000 0.51751739
7029.8000 0.51951826
7030.7000 0.51858979
7031.6000 0.51766354
7032.5000 0.51892602
7033.4000 0.51816911
7034.3000 0.5097155
7035.2000 0.50348896
7036.1000 0.50830805
7037.0000 0.51127708
7037.9000 0.5036062
7038.8000 0.49962452
7039.7000 0.51036942
7040.6000 0.52209038
7041.5000 0.52404207
7042.4000 0.52253008
7043.3000 0.51943046
7044.2000 0.51611805
7045.1000 0.51673329
7046.0000 0.51963764
7046.9000 0.52083701
7047.8000 0.52068186
7048.7000 0.52003247
7049.6000 0.51980686
7050.5000 0.52043349
7051.4000 0.51742935
7052.3000 0.51359832
7053.2000 0.51564378
7054.1000 0.5188033
7055.0000 0.51583964
7055.9000 0.51288801
7056.8000 0.51700032
7057.7000 0.52269477
7058.6000 0.52082103
7059.5000 0.5143289
7060.4000 0.51091397
7061.3000 0.51046854
7062.2000 0.51157993
7063.1000 0.51449925
7064.0000 0.5198043
7064.9000 0.52268434
7065.8000 0.51722699
7066.7000 0.50700587
7067.6000 0.49885792
7068.5000 0.49729547
7069.4000 0.50334573
7070.3000 0.5109058
7071.2000 0.51256204
7072.1000 0.51170397
7073.0000 0.51623261
7073.9000 0.52033609
7074.8000 0.5173645
7075.7000 0.51232928
7076.6000 0.50955617
7077.5000 0.50915331
7078.4000 0.51000041
7079.3000 0.50994456
7080.2000 0.51223671
7081.1000 0.51613581
7082.0000 0.51696295
7082.9000 0.51003695
7083.8000 0.4989818
7084.7000 0.49362159
7085.6000 0.49570701
7086.5000 0.50051969
7087.4000 0.50421619
7088.3000 0.50660485
7089.2000 0.50587112
7090.1000 0.49794161
7091.0000 0.4941361
7091.9000 0.49989632
7092.8000 0.50572258
7093.7000 0.50945359
7094.6000 0.51015228
7095.5000 0.50903618
7096.4000 0.50933427
7097.3000 0.51307964
7098.2000 0.51929599
7099.1000 0.51955104
7100.0000 0.51626098
7100.9000 0.51503259
7101.8000 0.51623887
7102.7000 0.51929486
7103.6000 0.52296925
7104.5000 0.52302045
7105.4000 0.51997191
7106.3000 0.51724303
7107.2000 0.51495224
7108.1000 0.51393437
7109.0000 0.51457429
7109.9000 0.51183575
7110.8000 0.50152272
7111.7000 0.49593562
7112.6000 0.49747741
7113.5000 0.50193465
7114.4000 0.50552446
7115.3000 0.50766295
7116.2000 0.50906885
7117.1000 0.5076139
7118.0000 0.50678384
7118.9000 0.50545508
7119.8000 0.50301653
7120.7000 0.49755925
7121.6000 0.48470536
7122.5000 0.4794991
7123.4000 0.49368358
7124.3000 0.50905383
7125.2000 0.51304102
7126.1000 0.50996429
7127.0000 0.50744092
7127.9000 0.5057773
7128.8000 0.50381845
7129.7000 0.49612314
7130.6000 0.48444179
7131.5000 0.48485768
7132.4000 0.49510512
7133.3000 0.50277001
7134.2000 0.5084691
7135.1000 0.51195306
7136.0000 0.51228237
7136.9000 0.51177824
7137.8000 0.5126465
7138.7000 0.51489502
7139.6000 0.51559091
7140.5000 0.51443738
7141.4000 0.51226127
7142.3000 0.51062381
7143.2000 0.51257193
7144.1000 0.51004219
7145.0000 0.5065335
7145.9000 0.50686967
7146.8000 0.49522948
7147.7000 0.47114852
7148.6000 0.46502188
7149.5000 0.48244753
7150.4000 0.5010125
7151.3000 0.50787431
7152.2000 0.5097639
7153.1000 0.51176035
7154.0000 0.51069039
7154.9000 0.50585908
7155.8000 0.50314796
7156.7000 0.50932312
7157.6000 0.51184034
7158.5000 0.50837743
7159.4000 0.50724363
7160.3000 0.50801188
7161.2000 0.50580031
7162.1000 0.50182372
7163.0000 0.49374613
7163.9000 0.47437572
7164.8000 0.45694625
7165.7000 0.46266091
7166.6000 0.48271683
7167.5000 0.49769494
7168.4000 0.50667149
7169.3000 0.50946862
7170.2000 0.50789058
7171.1000 0.50787747
7172.0000 0.51053512
7172.9000 0.50922632
7173.8000 0.5077346
7174.7000 0.50940204
7175.6000 0.50851935
7176.5000 0.50248575
7177.4000 0.49720851
7178.3000 0.49943504
7179.2000 0.50018275
7180.1000 0.49302033
7181.0000 0.47846958
7181.9000 0.47219393
7182.8000 0.48492336
7183.7000 0.4966245
7184.6000 0.49783
7185.5000 0.49623373
7186.4000 0.48098722
7187.3000 0.46534872
7188.2000 0.46965203
7189.1000 0.47842458
7190.0000 0.4863624
7190.9000 0.48954403
7191.8000 0.4859817
7192.7000 0.47827932
7193.6000 0.47413445
7194.5000 0.47767788
7195.4000 0.48242202
7196.3000 0.4787254
7197.2000 0.47764
7198.1000 0.48583996
7199.0000 0.49557236
7199.9000 0.49862567
7200.8000 0.48630008
7201.7000 0.46752739
7202.6000 0.46518281
7203.5000 0.47802728
7204.4000 0.4927367
7205.3000 0.49663618
7206.2000 0.4755407
7207.1000 0.44935834
7208.0000 0.45060927
7208.9000 0.4678444
7209.8000 0.48112392
7210.7000 0.48821557
7211.6000 0.48974389
7212.5000 0.4892368
7213.4000 0.48433143
7214.3000 0.47507572
7215.2000 0.474231
7216.1000 0.48099563
7217.0000 0.48520535
7217.9000 0.48398858
7218.8000 0.48032439
7219.7000 0.48012337
7220.6000 0.48070201
7221.5000 0.47519174
7222.4000 0.46463495
7223.3000 0.45365268
7224.2000 0.4521395
7225.1000 0.46289235
7226.0000 0.47485965
7226.9000 0.48369712
7227.8000 0.48654997
7228.7000 0.48677725
7229.6000 0.48876992
7230.5000 0.49132678
7231.4000 0.49409223
7232.3000 0.49588853
7233.2000 0.49620599
7234.1000 0.48915076
7235.0000 0.47764
7235.9000 0.47427976
7236.8000 0.48102853
7237.7000 0.48663136
7238.6000 0.48551449
7239.5000 0.48024994
7240.4000 0.47588405
7241.3000 0.48046908
7242.2000 0.48922449
7243.1000 0.48922196
7244.0000 0.48216474
7244.9000 0.48032832
7245.8000 0.48446411
7246.7000 0.48932704
7247.6000 0.49260712
7248.5000 0.49053791
7249.4000 0.48111305
7250.3000 0.47116598
7251.2000 0.47300816
7252.1000 0.4812597
7253.0000 0.48479605
7253.9000 0.48461518
7254.8000 0.48460326
7255.7000 0.48729914
7256.6000 0.49003237
7257.5000 0.49045461
7258.4000 0.49143034
7259.3000 0.49019021
7260.2000 0.48314014
7261.1000 0.47268865
7262.0000 0.4697223
7262.9000 0.47874096
7263.8000 0.4882597
7264.7000 0.4922955
7265.6000 0.49354592
7266.5000 0.49535775
7267.4000 0.49676028
7268.3000 0.49567989
7269.2000 0.4945668
7270.1000 0.49686444
7271.0000 0.49910709
7271.9000 0.49765918
7272.8000 0.49477825
7273.7000 0.49262592
7274.6000 0.48930725
7275.5000 0.48691255
7276.4000 0.4881773
7277.3000 0.48859891
7278.2000 0.48817998
7279.1000 0.4884291
7280.0000 0.48896685
7280.9000 0.48606107
7281.8000 0.47502431
7282.7000 0.46370667
7283.6000 0.46053085
7284.5000 0.46348995
7285.4000 0.46942338
7286.3000 0.4734447
7287.2000 0.46797305
7288.1000 0.45036092
7289.0000 0.43682778
7289.9000 0.44002181
7290.8000 0.44963184
7291.7000 0.45230484
7292.6000 0.45071039
7293.5000 0.4553681
7294.4000 0.4662247
7295.3000 0.4760724
7296.2000 0.48204604
7297.1000 0.48614827
7298.0000 0.48855707
7298.9000 0.48710173
7299.8000 0.48135152
7300.7000 0.47836196
7301.6000 0.48122135
7302.5000 0.48596004
7303.4000 0.48905522
7304.3000 0.48936602
7305.2000 0.48851782
7306.1000 0.48295534
7307.0000 0.47295916
7307.9000 0.46539038
7308.8000 0.46392295
7309.7000 0.46195814
7310.6000 0.45667422
7311.5000 0.46107715
7312.4000 0.47649214
7313.3000 0.48708501
7314.2000 0.48898599
7315.1000 0.48891112
7316.0000 0.48910999
7316.9000 0.49087641
7317.8000 0.49229878
7318.7000 0.48942268
7319.6000 0.48059681
7320.5000 0.47274318
7321.4000 0.47705218
7322.3000 0.48282653
7323.2000 0.4792811
7324.1000 0.47478309
7325.0000 0.4700135
7325.9000 0.46380588
7326.8000 0.46705183
7327.7000 0.47889963
7328.6000 0.48787478
7329.5000 0.4872084
7330.4000 0.48032141
7331.3000 0.47813353
7332.2000 0.48198125
7333.1000 0.48445711
7334.0000 0.48943895
7334.9000 0.49335054
7335.8000 0.49151722
7336.7000 0.49069595
7337.6000 0.49217346
7338.5000 0.49311224
7339.4000 0.49283454
7340.3000 0.49144873
7341.2000 0.49289966
7342.1000 0.49505916
7343.0000 0.49585804
7343.9000 0.4944447
7344.8000 0.4924117
7345.7000 0.49008447
7346.6000 0.48861
7347.5000 0.49207634
7348.4000 0.49587312
7349.3000 0.49188268
7350.2000 0.48132077
7351.1000 0.47166398
7352.0000 0.46875665
7352.9000 0.47094181
7353.8000 0.46961796
7354.7000 0.46098974
7355.6000 0.45251799
7356.5000 0.45824754
7357.4000 0.47312114
7358.3000 0.48428452
7359.2000 0.48950514
7360.1000 0.48993906
7361.0000 0.48565912
7361.9000 0.47890845
7362.8000 0.47608387
7363.7000 0.47745967
7364.6000 0.48024738
7365.5000 0.48465717
7366.4000 0.4880769
7367.3000 0.48912209
7368.2000 0.48810393
7369.1000 0.48364002
7370.0000 0.47969934
7370.9000 0.48209256
7371.8000 0.48615569
7372.7000 0.48275372
7373.6000 0.47817189
7374.5000 0.47779542
7375.4000 0.47767171
7376.3000 0.47611129
7377.2000 0.47614852
7378.1000 0.47900644
7379.0000 0.48119199
7379.9000 0.48026201
7380.8000 0.47523898
7381.7000 0.46855196
7382.6000 0.46275055
7383.5000 0.45976502
7384.4000 0.45541978
7385.3000 0.44452298
7386.2000 0.43386418
7387.1000 0.43212107
7388.0000 0.43574423
7388.9000 0.43532261
7389.8000 0.43925613
7390.7000 0.4526526
7391.6000 0.46088693
7392.5000 0.45435026
7393.4000 0.44285771
7394.3000 0.44430131
7395.2000 0.45315164
7396.1000 0.45760971
7397.0000 0.46269986
7397.9000 0.46579042
7398.8000 0.46358517
7399.7000 0.45778051
7400.6000 0.45543432
7401.5000 0.45968685
7402.4000 0.46599734
7403.3000 0.46803448
7404.2000 0.46261698
7405.1000 0.45259118
7406.0000 0.44834915
7406.9000 0.4525758
7407.8000 0.45294508
7408.7000 0.44425967
7409.6000 0.43739665
7410.5000 0.43949884
7411.4000 0.4471122
7412.3000 0.37287277
7413.2000 0.0864478
7414.1000 0.0017946
7415.0000 0.0000021
7415.9000 0
7416.8000 0
7417.7000 0
7418.6000 0
7419.5000 0
7420.4000 0
7421.3000 0
7422.2000 0
7423.1000 0
7424.0000 0
7424.9000 0
7425.8000 0
7426.7000 0
7427.6000 0
7428.5000 0
7429.4000 0
