3500.0000 0
3500.9000 0
3501.8000 0
3502.7000 0
3503.6000 0
3504.5000 0
3505.4000 0
3506.3000 0
3507.2000 0
3508.1000 0
3509.0000 0
3509.9000 0
3510.8000 0
3511.7000 0
3512.6000 0
3513.5000 0
3514.4000 0
3515.3000 0
3516.2000 0
3517.1000 0
3518.0000 0
3518.9000 0
3519.8000 0
3520.7000 0
3521.6000 0
3522.5000 0
3523.4000 0
3524.3000 0
3525.2000 0
3526.1000 0
3527.0000 0
3527.9000 0
3528.8000 0
3529.7000 0
3530.6000 0
3531.5000 0
3532.4000 0
3533.3000 0
3534.2000 0.00000001
3535.1000 0.02224779
3536.0000 0.68753392
3536.9000 0.71225208
3537.8000 0.72595674
3538.7000 0.74431539
3539.6000 0.75045621
3540.5000 0.7372663
3541.4000 0.72888076
3542.3000 0.73760355
3543.2000 0.75123972
3544.1000 0.75191283
3545.0000 0.74613297
3545.9000 0.74761713
3546.8000 0.75105649
3547.7000 0.75107497
3548.6000 0.75370938
3549.5000 0.76526564
3550.4000 0.7743715
3551.3000 0.77074641
3552.2000 0.75665224
3553.1000 0.74416071
3554.0000 0.73690057
3554.9000 0.74777132
3555.8000 0.76373088
3556.7000 0.76784694
3557.6000 0.77210724
3558.5000 0.77668709
3559.4000 0.77609605
3560.3000 0.77236301
3561.2000 0.77027625
3562.1000 0.78132373
3563.0000 0.79047936
3563.9000 0.76683795
3564.8000 0.7163747
3565.7000 0.68463475
3566.6000 0.6927141
3567.5000 0.7106142
3568.4000 0.70424342
3569.3000 0.68110806
3570.2000 0.67453563
3571.1000 0.68557316
3572.0000 0.68670678
3572.9000 0.69027191
3573.8000 0.69669265
3574.7000 0.70357025
3575.6000 0.71510112
3576.5000 0.73446679
3577.4000 0.75586426
3578.3000 0.76797491
3579.2000 0.75446838
3580.1000 0.71005511
3581.0000 0.66618782
3581.9000 0.67749566
3582.8000 0.71380198
3583.7000 0.70420396
3584.6000 0.64473671
3585.5000 0.60370958
3586.4000 0.60524523
3587.3000 0.62814367
3588.2000 0.65072906
3589.1000 0.66895264
3590.0000 0.70358223
3590.9000 0.74792951
3591.8000 0.76363349
3592.7000 0.76180053
3593.6000 0.75859654
3594.5000 0.76214749
3595.4000 0.77137911
3596.3000 0.77525818
3597.2000 0.78138882
3598.1000 0.79196578
3599.0000 0.79234052
3599.9000 0.78130138
3600.8000 0.75507653
3601.7000 0.71901208
3602.6000 0.69483131
3603.5000 0.68941283
3604.4000 0.68889862
3605.3000 0.6966607
3606.2000 0.71857309
3607.1000 0.72403193
3608.0000 0.69248927
3608.9000 0.663867
3609.8000 0.66867888
3610.7000 0.69337398
3611.6000 0.70895225
3612.5000 0.69242114
3613.4000 0.67437732
3614.3000 0.69296306
3615.2000 0.72348464
3616.1000 0.73299509
3617.0000 0.70704955
3617.9000 0.65851551
3618.8000 0.63921165
3619.7000 0.66433436
3620.6000 0.69543993
3621.5000 0.71098602
3622.4000 0.72485095
3623.3000 0.72234309
3624.2000 0.72228926
3625.1000 0.7588864
3626.0000 0.80152798
3626.9000 0.81240821
3627.8000 0.8092798
3628.7000 0.79307145
3629.6000 0.74171156
3630.5000 0.65732396
3631.4000 0.63150078
3632.3000 0.67271227
3633.2000 0.70482612
3634.1000 0.70827949
3635.0000 0.71413654
3635.9000 0.72434396
3636.8000 0.72643644
3637.7000 0.73590255
3638.6000 0.75821441
3639.5000 0.7669909
3640.4000 0.75667322
3641.3000 0.74726671
3642.2000 0.72947091
3643.1000 0.70331806
3644.0000 0.69218278
3644.9000 0.69139779
3645.8000 0.70850021
3646.7000 0.72163111
3647.6000 0.71491152
3648.5000 0.70634991
3649.4000 0.7056936
3650.3000 0.71425885
3651.2000 0.7372793
3652.1000 0.77240008
3653.0000 0.79852891
3653.9000 0.79539251
3654.8000 0.78371727
3655.7000 0.7844246
3656.6000 0.79168296
3657.5000 0.79594803
3658.4000 0.78876054
3659.3000 0.78303754
3660.2000 0.78402996
3661.1000 0.7789973
3662.0000 0.77015239
3662.9000 0.7647022
3663.8000 0.76483732
3664.7000 0.77310574
3665.6000 0.78057468
3666.5000 0.78265142
3667.4000 0.7752682
3668.3000 0.75129014
3669.2000 0.73322153
3670.1000 0.74957299
3671.0000 0.78383732
3671.9000 0.8075918
3672.8000 0.79951167
3673.7000 0.7783761
3674.6000 0.77921373
3675.5000 0.78040344
3676.4000 0.75405663
3677.3000 0.72388446
3678.2000 0.72166103
3679.1000 0.73074871
3680.0000 0.73340762
3680.9000 0.7462042
3681.8000 0.74612474
3682.7000 0.7421385
3683.6000 0.74939042
3684.5000 0.74139327
3685.4000 0.71554393
3686.3000 0.69514632
3687.2000 0.70472085
3688.1000 0.74309105
3689.0000 0.77949846
3689.9000 0.78446186
3690.8000 0.78789467
3691.7000 0.79644603
3692.6000 0.80725902
3693.5000 0.8038792
3694.4000 0.81106263
3695.3000 0.80616981
3696.2000 0.76333106
3697.1000 0.7319479
3698.0000 0.77131712
3698.9000 0.85052449
3699.8000 0.88800198
3700.7000 0.8687098
3701.6000 0.82436258
3702.5000 0.75965679
3703.4000 0.68824083
3704.3000 0.66119134
3705.2000 0.68192405
3706.1000 0.72106218
3707.0000 0.76568657
3707.9000 0.78357166
3708.8000 0.77487439
3709.7000 0.74245226
3710.6000 0.69277686
3711.5000 0.65909863
3712.4000 0.68637037
3713.3000 0.77275568
3714.2000 0.84698325
3715.1000 0.8716194
3716.0000 0.88613164
3716.9000 0.91176808
3717.8000 0.90807712
3718.7000 0.84340721
3719.6000 0.73782778
3720.5000 0.63511604
3721.4000 0.57678992
3722.3000 0.60480672
3723.2000 0.71376866
3724.1000 0.82116002
3725.0000 0.88010877
3725.9000 0.88350308
3726.8000 0.84468639
3727.7000 0.844419
3728.6000 0.89218211
3729.5000 0.89884669
3730.4000 0.85689712
3731.3000 0.79974455
3732.2000 0.71170062
3733.1000 0.60390019
3734.0000 0.53703082
3734.9000 0.55232912
3735.8000 0.61826718
3736.7000 0.68972105
3737.6000 0.78245205
3738.5000 0.87137204
3739.4000 0.91273826
3740.3000 0.92708057
3741.2000 0.92308486
3742.1000 0.89336765
3743.0000 0.8573885
3743.9000 0.83949608
3744.8000 0.81219941
3745.7000 0.7725172
3746.6000 0.75238568
3747.5000 0.69721347
3748.4000 0.58464873
3749.3000 0.50295252
3750.2000 0.52291107
3751.1000 0.63848072
3752.0000 0.76378608
3752.9000 0.84030056
3753.8000 0.90331143
3754.7000 0.9641121
3755.6000 0.99045914
3756.5000 0.95234525
3757.4000 0.87157464
3758.3000 0.82115132
3759.2000 0.83942127
3760.1000 0.88077253
3761.0000 0.90605372
3761.9000 0.93818432
3762.8000 0.96866804
3763.7000 0.96362287
3764.6000 0.96456087
3765.5000 0.95100832
3766.4000 0.89168423
3767.3000 0.84337318
3768.2000 0.79022247
3769.1000 0.69643867
3770.0000 0.59792823
3770.9000 0.60590357
3771.8000 0.71844333
3772.7000 0.82642728
3773.6000 0.87350351
3774.5000 0.88557106
3775.4000 0.89990056
3776.3000 0.9408446
3777.2000 0.98336178
3778.1000 0.99467367
3779.0000 1.0259552
3779.9000 1.07003868
3780.8000 1.08949018
3781.7000 1.08392775
3782.6000 1.07298422
3783.5000 1.0799613
3784.4000 1.07976067
3785.3000 1.02800632
3786.2000 0.96046174
3787.1000 0.95445615
3788.0000 0.9774642
3788.9000 0.96889782
3789.8000 0.95588332
3790.7000 0.96046346
3791.6000 0.9631086
3792.5000 0.93008494
3793.4000 0.86996496
3794.3000 0.81874114
3795.2000 0.77447158
3796.1000 0.69804847
3797.0000 0.58885312
3797.9000 0.5406183
3798.8000 0.61985356
3799.7000 0.75592756
3800.6000 0.85864258
3801.5000 0.91615599
3802.4000 0.97518551
3803.3000 1.03395283
3804.2000 1.05455482
3805.1000 1.04360569
3806.0000 1.02608228
3806.9000 1.02596474
3807.8000 1.06631553
3808.7000 1.12760282
3809.6000 1.16557693
3810.5000 1.16750598
3811.4000 1.14630902
3812.3000 1.08851588
3813.2000 1.02228785
3814.1000 0.99924713
3815.0000 1.00471926
3815.9000 1.03997779
3816.8000 1.1085701
3817.7000 1.16230214
3818.6000 1.149032
3819.5000 1.06482029
3820.4000 0.99547088
3821.3000 1.02563858
3822.2000 1.08722544
3823.1000 1.06701195
3824.0000 0.9817372
3824.9000 0.9363879
3825.8000 0.9411155
3826.7000 0.94099575
3827.6000 0.91727668
3828.5000 0.88732576
3829.4000 0.87836158
3830.3000 0.87091458
3831.2000 0.8122884
3832.1000 0.72188503
3833.0000 0.65992022
3833.9000 0.59327292
3834.8000 0.527174
3835.7000 0.54111522
3836.6000 0.62096494
3837.5000 0.68387544
3838.4000 0.71898597
3839.3000 0.78811842
3840.2000 0.84687966
3841.1000 0.89577824
3842.0000 0.96542263
3842.9000 1.00320601
3843.8000 1.02470922
3844.7000 1.04438436
3845.6000 1.04449034
3846.5000 1.07498121
3847.4000 1.13965726
3848.3000 1.16475153
3849.2000 1.12790287
3850.1000 1.10521758
3851.0000 1.14301062
3851.9000 1.18307221
3852.8000 1.18810344
3853.7000 1.18048894
3854.6000 1.15782976
3855.5000 1.12630415
3856.4000 1.12456489
3857.3000 1.14282274
3858.2000 1.10686135
3859.1000 1.04835081
3860.0000 1.06993866
3860.9000 1.1506958
3861.8000 1.21097374
3862.7000 1.22166812
3863.6000 1.21201539
3864.5000 1.19989586
3865.4000 1.18506873
3866.3000 1.18298852
3867.2000 1.19008517
3868.1000 1.19947278
3869.0000 1.21584022
3869.9000 1.20320964
3870.8000 1.14907575
3871.7000 1.06777668
3872.6000 1.01600027
3873.5000 1.04387689
3874.4000 1.11728871
3875.3000 1.16166747
3876.2000 1.14438581
3877.1000 1.06909418
3878.0000 0.98624915
3878.9000 0.99735737
3879.8000 1.08000112
3880.7000 1.10716832
3881.6000 1.06051075
3882.5000 1.0156585
3883.4000 0.98898822
3884.3000 0.94564855
3885.2000 0.87033308
3886.1000 0.79078025
3887.0000 0.719244
3887.9000 0.62825596
3888.8000 0.56418276
3889.7000 0.61700052
3890.6000 0.7487995
3891.5000 0.8571828
3892.4000 0.90485293
3893.3000 0.91870606
3894.2000 0.93682504
3895.1000 0.97023731
3896.0000 1.01264167
3896.9000 1.03662169
3897.8000 1.02955627
3898.7000 1.02913117
3899.6000 1.0361104
3900.5000 1.06916177
3901.4000 1.11100316
3902.3000 1.10681653
3903.2000 1.08557582
3904.1000 1.07323098
3905.0000 1.04447675
3905.9000 1.0303762
3906.8000 1.08271742
3907.7000 1.1463635
3908.6000 1.16889715
3909.5000 1.17241728
3910.4000 1.18900824
3911.3000 1.20871758
3912.2000 1.18947554
3913.1000 1.13794732
3914.0000 1.11889231
3914.9000 1.14394569
3915.8000 1.14122069
3916.7000 1.11151648
3917.6000 1.09789729
3918.5000 1.08349931
3919.4000 1.08047283
3920.3000 1.09251177
3921.2000 1.1082778
3922.1000 1.1334796
3923.0000 1.14437127
3923.9000 1.14874172
3924.8000 1.11949277
3925.7000 1.0691582
3926.6000 1.03909826
3927.5000 0.99190986
3928.4000 0.91013259
3929.3000 0.82578909
3930.2000 0.70483613
3931.1000 0.54874706
3932.0000 0.38657406
3932.9000 0.25806427
3933.8000 0.22990568
3934.7000 0.32210582
3935.6000 0.49050602
3936.5000 0.67037684
3937.4000 0.81496263
3938.3000 0.92805725
3939.2000 1.02552259
3940.1000 1.07617331
3941.0000 1.07849514
3941.9000 1.07883894
3942.8000 1.07544661
3943.7000 1.05913031
3944.6000 1.07585716
3945.5000 1.12989819
3946.4000 1.15072834
3947.3000 1.11468017
3948.2000 1.08306694
3949.1000 1.090626
3950.0000 1.10964346
3950.9000 1.11572278
3951.8000 1.10165882
3952.7000 1.10009205
3953.6000 1.1318953
3954.5000 1.14277577
3955.4000 1.09532511
3956.3000 1.04211748
3957.2000 1.04782641
3958.1000 1.09695661
3959.0000 1.12258506
3959.9000 1.09511328
3960.8000 1.02903235
3961.7000 0.96753067
3962.6000 0.93409783
3963.5000 0.90133733
3964.4000 0.84249437
3965.3000 0.7375614
3966.2000 0.58117253
3967.1000 0.40503156
3968.0000 0.27691025
3968.9000 0.25767255
3969.8000 0.34532219
3970.7000 0.48824015
3971.6000 0.63383448
3972.5000 0.74011946
3973.4000 0.81093699
3974.3000 0.88161302
3975.2000 0.94375938
3976.1000 0.97346592
3977.0000 0.9996134
3977.9000 1.039855
3978.8000 1.08913147
3979.7000 1.12901509
3980.6000 1.12687933
3981.5000 1.09895468
3982.4000 1.08725488
3983.3000 1.09635401
3984.2000 1.11564565
3985.1000 1.13234699
3986.0000 1.12794626
3986.9000 1.12592685
3987.8000 1.16135764
3988.7000 1.17586362
3989.6000 1.16287172
3990.5000 1.177158
3991.4000 1.20900786
3992.3000 1.22478032
3993.2000 1.21735609
3994.1000 1.19699311
3995.0000 1.17046392
3995.9000 1.14754355
3996.8000 1.11585808
3997.7000 1.10292661
3998.6000 1.13910437
3999.5000 1.19594836
4000.4000 1.21614575
4001.3000 1.21291196
4002.2000 1.22545612
4003.1000 1.23237944
4004.0000 1.18462336
4004.9000 1.10954916
4005.8000 1.09828055
4006.7000 1.15452909
4007.6000 1.21037996
4008.5000 1.23412621
4009.4000 1.23347354
4010.3000 1.24320793
4011.2000 1.24630761
4012.1000 1.22733605
4013.0000 1.21651483
4013.9000 1.22547162
4014.8000 1.24277699
4015.7000 1.2513907
4016.6000 1.23015749
4017.5000 1.21986639
4018.4000 1.25463641
4019.3000 1.29255259
4020.2000 1.29408157
4021.1000 1.27394426
4022.0000 1.25831628
4022.9000 1.24932837
4023.8000 1.23472393
4024.7000 1.22533953
4025.6000 1.26008165
4026.5000 1.30518281
4027.4000 1.30345154
4028.3000 1.26836574
4029.2000 1.22315466
4030.1000 1.17105639
4031.0000 1.14801419
4031.9000 1.15266693
4032.8000 1.15645075
4033.7000 1.17307949
4034.6000 1.20254052
4035.5000 1.23281646
4036.4000 1.27500212
4037.3000 1.31128621
4038.2000 1.31666672
4039.1000 1.29674196
4040.0000 1.2563138
4040.9000 1.2314862
4041.8000 1.25770164
4042.7000 1.28114247
4043.6000 1.23704636
4044.5000 1.1487391
4045.4000 1.09956932
4046.3000 1.15240431
4047.2000 1.24725151
4048.1000 1.27978218
4049.0000 1.27482367
4049.9000 1.27955186
4050.8000 1.27645719
4051.7000 1.25581741
4052.6000 1.23088253
4053.5000 1.2098881
4054.4000 1.19777811
4055.3000 1.20466268
4056.2000 1.21060431
4057.1000 1.19297016
4058.0000 1.18585598
4058.9000 1.21766269
4059.8000 1.25960469
4060.7000 1.2709583
4061.6000 1.23787415
4062.5000 1.17045569
4063.4000 1.13284039
4064.3000 1.18087101
4065.2000 1.23210752
4066.1000 1.21063423
4067.0000 1.17699099
4067.9000 1.19868672
4068.8000 1.25379658
4069.7000 1.25178242
4070.6000 1.19259918
4071.5000 1.15238845
4072.4000 1.17855906
4073.3000 1.22389042
4074.2000 1.23222959
4075.1000 1.20935392
4076.0000 1.15880036
4076.9000 1.09680283
4077.8000 1.08492708
4078.7000 1.1259985
4079.6000 1.17459035
4080.5000 1.21433103
4081.4000 1.23337209
4082.3000 1.214782
4083.2000 1.17057216
4084.1000 1.13899779
4085.0000 1.14024925
4085.9000 1.16141188
4086.8000 1.19284809
4087.7000 1.21134615
4088.6000 1.2083025
4089.5000 1.19928026
4090.4000 1.1872164
4091.3000 1.16485405
4092.2000 1.14508653
4093.1000 1.13326025
4094.0000 1.12057984
4094.9000 1.08914959
4095.8000 1.05432379
4096.7000 1.02409363
4097.6000 0.98708242
4098.5000 0.93526882
4099.4000 0.85805613
4100.3000 0.73037803
4101.2000 0.60508502
4102.1000 0.59856659
4103.0000 0.72099066
4103.9000 0.86185706
4104.8000 0.94831711
4105.7000 0.99931419
4106.6000 1.03249931
4107.5000 1.05109203
4108.4000 1.06959653
4109.3000 1.08606708
4110.2000 1.10401022
4111.1000 1.1275624
4112.0000 1.14285827
4112.9000 1.15684962
4113.8000 1.17090058
4114.7000 1.18373466
4115.6000 1.20228124
4116.5000 1.21092486
4117.4000 1.18384731
4118.3000 1.14406717
4119.2000 1.14584374
4120.1000 1.17289102
4121.0000 1.17179906
4121.9000 1.15621388
4122.8000 1.16757941
4123.7000 1.20262384
4124.6000 1.2211709
4125.5000 1.20925927
4126.4000 1.18272197
4127.3000 1.16125846
4128.2000 1.16113305
4129.1000 1.18339372
4130.0000 1.20346498
4130.9000 1.1897403
4131.8000 1.15206206
4132.7000 1.1380378
4133.6000 1.15349674
4134.5000 1.18352711
4135.4000 1.22308135
4136.3000 1.24400663
4137.2000 1.24398541
4138.1000 1.25715876
4139.0000 1.27443981
4139.9000 1.27873111
4140.8000 1.2740891
4141.7000 1.24336982
4142.6000 1.18252921
4143.5000 1.14749265
4144.4000 1.18383777
4145.3000 1.23834836
4146.2000 1.25180852
4147.1000 1.23969865
4148.0000 1.23080349
4148.9000 1.22159195
4149.8000 1.21977282
4150.7000 1.23294342
4151.6000 1.23124826
4152.5000 1.21698093
4153.4000 1.19018435
4154.3000 1.16382957
4155.2000 1.17337382
4156.1000 1.18638206
4157.0000 1.18803442
4157.9000 1.19891357
4158.8000 1.21632648
4159.7000 1.2353394
4160.6000 1.24205661
4161.5000 1.24183071
4162.4000 1.25381374
4163.3000 1.26025248
4164.2000 1.26104307
4165.1000 1.26750386
4166.0000 1.25163984
4166.9000 1.21885037
4167.8000 1.2160275
4168.7000 1.24766481
4169.6000 1.25101256
4170.5000 1.20655334
4171.4000 1.14241028
4172.3000 1.09931612
4173.2000 1.09600806
4174.1000 1.13060963
4175.0000 1.17235708
4175.9000 1.18736494
4176.8000 1.16883516
4177.7000 1.15227723
4178.6000 1.16533697
4179.5000 1.20386243
4180.4000 1.22514987
4181.3000 1.20206356
4182.2000 1.18000877
4183.1000 1.18499875
4184.0000 1.1933707
4184.9000 1.20738852
4185.8000 1.20646656
4186.7000 1.16561604
4187.6000 1.1420393
4188.5000 1.18036103
4189.4000 1.22496641
4190.3000 1.2249105
4191.2000 1.20655477
4192.1000 1.22799277
4193.0000 1.26823676
4193.9000 1.26666081
4194.8000 1.22839391
4195.7000 1.19807243
4196.6000 1.19375932
4197.5000 1.16687405
4198.4000 1.12207246
4199.3000 1.14898288
4200.2000 1.19664323
4201.1000 1.18857908
4202.0000 1.17391777
4202.9000 1.18964422
4203.8000 1.20028436
4204.7000 1.2046051
4205.6000 1.21824753
4206.5000 1.22328067
4207.4000 1.22585261
4208.3000 1.2261889
4209.2000 1.21523261
4210.1000 1.21145713
4211.0000 1.22833157
4211.9000 1.25555789
4212.8000 1.26461792
4213.7000 1.24351132
4214.6000 1.19409788
4215.5000 1.14819121
4216.4000 1.1566813
4217.3000 1.20054483
4218.2000 1.21975529
4219.1000 1.2136234
4220.0000 1.21653807
4220.9000 1.22958791
4221.8000 1.22540665
4222.7000 1.20949805
4223.6000 1.18664813
4224.5000 1.14377284
4225.4000 1.07964921
4226.3000 1.02493525
4227.2000 1.05080771
4228.1000 1.15590775
4229.0000 1.23945451
4229.9000 1.26101887
4230.8000 1.2582258
4231.7000 1.2366116
4232.6000 1.19155824
4233.5000 1.16311848
4234.4000 1.1728034
4235.3000 1.17525041
4236.2000 1.1714921
4237.1000 1.18553638
4238.0000 1.18562102
4238.9000 1.17175281
4239.8000 1.17765498
4240.7000 1.20541298
4241.6000 1.21937287
4242.5000 1.21250975
4243.4000 1.21841466
4244.3000 1.2240926
4245.2000 1.19881546
4246.1000 1.15814519
4247.0000 1.13786566
4247.9000 1.15608037
4248.8000 1.17076683
4249.7000 1.15255272
4250.6000 1.14960396
4251.5000 1.19790637
4252.4000 1.23772907
4253.3000 1.22043455
4254.2000 1.19211531
4255.1000 1.20036733
4256.0000 1.2295332
4256.9000 1.23601949
4257.8000 1.21318293
4258.7000 1.18055654
4259.6000 1.14476442
4260.5000 1.1317966
4261.4000 1.16619706
4262.3000 1.21341658
4263.2000 1.23834515
4264.1000 1.24134135
4265.0000 1.23886657
4265.9000 1.2376343
4266.8000 1.2175703
4267.7000 1.19799137
4268.6000 1.19712472
4269.5000 1.19098926
4270.4000 1.14723003
4271.3000 1.09994209
4272.2000 1.11742508
4273.1000 1.15405476
4274.0000 1.15589559
4274.9000 1.16002178
4275.8000 1.1905936
4276.7000 1.2194407
4277.6000 1.22989178
4278.5000 1.22877681
4279.4000 1.2164247
4280.3000 1.20423436
4281.2000 1.19084215
4282.1000 1.16169834
4283.0000 1.15544617
4283.9000 1.1814388
4284.8000 1.18838274
4285.7000 1.18068838
4286.6000 1.1693188
4287.5000 1.14627802
4288.4000 1.10154963
4289.3000 1.04878891
4290.2000 1.04267049
4291.1000 1.10580134
4292.0000 1.16946685
4292.9000 1.17929673
4293.8000 1.15186965
4294.7000 1.1444068
4295.6000 1.1573801
4296.5000 1.14926708
4297.4000 1.12093878
4298.3000 1.06599259
4299.2000 1.00896454
4300.1000 1.00116229
4301.0000 1.02407873
4301.9000 1.02334809
4302.8000 1.02871323
4303.7000 1.0708425
4304.6000 1.09538889
4305.5000 1.08868861
4306.4000 1.06621683
4307.3000 1.02536213
4308.2000 1.00057936
4309.1000 1.03300107
4310.0000 1.07961178
4310.9000 1.1105181
4311.8000 1.11392295
4312.7000 1.09710765
4313.6000 1.06993425
4314.5000 1.06415975
4315.4000 1.11313713
4316.3000 1.18338859
4317.2000 1.20198226
4318.1000 1.18405914
4319.0000 1.1677587
4319.9000 1.14504302
4320.8000 1.12520087
4321.7000 1.13878047
4322.6000 1.15049934
4323.5000 1.11830151
4324.4000 1.06135786
4325.3000 1.01524544
4326.2000 1.03340065
4327.1000 1.09613824
4328.0000 1.13536644
4328.9000 1.13472152
4329.8000 1.11033034
4330.7000 1.08877432
4331.6000 1.08513212
4332.5000 1.08813226
4333.4000 1.07979727
4334.3000 1.06339705
4335.2000 1.03396046
4336.1000 0.97391248
4337.0000 0.88522249
4337.9000 0.80049998
4338.8000 0.7117216
4339.7000 0.60413843
4340.6000 0.56846595
4341.5000 0.66819912
4342.4000 0.80312598
4343.3000 0.88058704
4344.2000 0.92742527
4345.1000 0.97958487
4346.0000 1.02954328
4346.9000 1.06080377
4347.8000 1.08449531
4348.7000 1.10396421
4349.6000 1.09794986
4350.5000 1.0527451
4351.4000 1.0037179
4352.3000 1.01180804
4353.2000 1.07313228
4354.1000 1.12148023
4355.0000 1.14001966
4355.9000 1.1579299
4356.8000 1.17469192
4357.7000 1.16987991
4358.6000 1.15288377
4359.5000 1.15460396
4360.4000 1.17675948
4361.3000 1.19764137
4362.2000 1.2047869
4363.1000 1.20883167
4364.0000 1.2157588
4364.9000 1.2168386
4365.8000 1.20266259
4366.7000 1.17303455
4367.6000 1.15254736
4368.5000 1.15408123
4369.4000 1.15993059
4370.3000 1.16891277
4371.2000 1.18938124
4372.1000 1.20345294
4373.0000 1.17865372
4373.9000 1.12378991
4374.8000 1.0941726
4375.7000 1.12269378
4376.6000 1.1765871
4377.5000 1.21435857
4378.4000 1.22154248
4379.3000 1.212237
4380.2000 1.21201861
4381.1000 1.21211576
4382.0000 1.17362297
4382.9000 1.09937978
4383.8000 1.05235147
4384.7000 1.07027781
4385.6000 1.12260771
4386.5000 1.16187429
4387.4000 1.16566038
4388.3000 1.16532683
4389.2000 1.17618239
4390.1000 1.17719984
4391.0000 1.17818439
4391.9000 1.19135547
4392.8000 1.1919893
4393.7000 1.15715969
4394.6000 1.11912513
4395.5000 1.12611496
4396.4000 1.1732831
4397.3000 1.20412171
4398.2000 1.19522691
4399.1000 1.15311873
4400.0000 1.10975933
4400.9000 1.11327279
4401.8000 1.15690565
4402.7000 1.18870497
4403.6000 1.17054665
4404.5000 1.13564563
4405.4000 1.14918232
4406.3000 1.18425822
4407.2000 1.17104614
4408.1000 1.14521849
4409.0000 1.15764248
4409.9000 1.18681407
4410.8000 1.19803619
4411.7000 1.20560575
4412.6000 1.21193933
4413.5000 1.19254637
4414.4000 1.13954687
4415.3000 1.09891927
4416.2000 1.1027801
4417.1000 1.11557555
4418.0000 1.13790476
4418.9000 1.18024063
4419.8000 1.20681274
4420.7000 1.20061588
4421.6000 1.17683423
4422.5000 1.16378617
4423.4000 1.18013
4424.3000 1.19005597
4425.2000 1.17822039
4426.1000 1.16868341
4427.0000 1.16486192
4427.9000 1.17845798
4428.8000 1.19469798
4429.7000 1.18235636
4430.6000 1.16682959
4431.5000 1.1724788
4432.4000 1.17918682
4433.3000 1.15718389
4434.2000 1.12281096
4435.1000 1.10593462
4436.0000 1.13570583
4436.9000 1.18666875
4437.8000 1.21074235
4438.7000 1.21586263
4439.6000 1.21070588
4440.5000 1.19268727
4441.4000 1.1563158
4442.3000 1.1086936
4443.2000 1.08415186
4444.1000 1.11003423
4445.0000 1.16899538
4445.9000 1.19843495
4446.8000 1.18238139
4447.7000 1.16938639
4448.6000 1.17996025
4449.5000 1.17427599
4450.4000 1.15918481
4451.3000 1.1687187
4452.2000 1.18598437
4453.1000 1.17164671
4454.0000 1.12573087
4454.9000 1.0890671
4455.8000 1.1012789
4456.7000 1.13417113
4457.6000 1.13928759
4458.5000 1.12902129
4459.4000 1.13498867
4460.3000 1.13929546
4461.2000 1.1234585
4462.1000 1.12419331
4463.0000 1.1522125
4463.9000 1.15998447
4464.8000 1.15193868
4465.7000 1.15054083
4466.6000 1.14206278
4467.5000 1.12307453
4468.4000 1.0998497
4469.3000 1.09804225
4470.2000 1.12934101
4471.1000 1.16086221
4472.0000 1.18002737
4472.9000 1.19066918
4473.8000 1.1929214
4474.7000 1.18307078
4475.6000 1.16120398
4476.5000 1.16203678
4477.4000 1.18611062
4478.3000 1.19256496
4479.2000 1.1691097
4480.1000 1.12023079
4481.0000 1.07098961
4481.9000 1.06626987
4482.8000 1.1104176
4483.7000 1.15531182
4484.6000 1.17260647
4485.5000 1.18232
4486.4000 1.1913687
4487.3000 1.17878258
4488.2000 1.14587677
4489.1000 1.12209415
4490.0000 1.12401938
4490.9000 1.14132273
4491.8000 1.16273975
4492.7000 1.1733427
4493.6000 1.16025567
4494.5000 1.14387321
4495.4000 1.15141618
4496.3000 1.1674763
4497.2000 1.17930245
4498.1000 1.19153857
4499.0000 1.19011486
4499.9000 1.16580176
4500.8000 1.13892007
4501.7000 1.14346182
4502.6000 1.17607081
4503.5000 1.19950414
4504.4000 1.20879972
4505.3000 1.21171176
4506.2000 1.20616472
4507.1000 1.19031715
4508.0000 1.17405391
4508.9000 1.17496848
4509.8000 1.1909709
4510.7000 1.20190489
4511.6000 1.20119107
4512.5000 1.19574654
4513.4000 1.18472564
4514.3000 1.16672826
4515.2000 1.15876007
4516.1000 1.16880369
4517.0000 1.17377281
4517.9000 1.16807222
4518.8000 1.16591537
4519.7000 1.16365266
4520.6000 1.15965533
4521.5000 1.15519547
4522.4000 1.14455664
4523.3000 1.14287889
4524.2000 1.15164089
4525.1000 1.15537846
4526.0000 1.14898157
4526.9000 1.12919962
4527.8000 1.10566843
4528.7000 1.09413946
4529.6000 1.10231519
4530.5000 1.11568165
4531.4000 1.12625122
4532.3000 1.11815667
4533.2000 1.0820936
4534.1000 1.06223643
4535.0000 1.08024228
4535.9000 1.11739612
4536.8000 1.15623415
4537.7000 1.17791128
4538.6000 1.17951608
4539.5000 1.17229331
4540.4000 1.15882313
4541.3000 1.15159142
4542.2000 1.16125953
4543.1000 1.16949642
4544.0000 1.15786433
4544.9000 1.14390278
4545.8000 1.14325786
4546.7000 1.14552081
4547.6000 1.13110268
4548.5000 1.0824796
4549.4000 1.04397535
4550.3000 1.07261837
4551.2000 1.12662435
4552.1000 1.14500654
4553.0000 1.12515628
4553.9000 1.09683585
4554.8000 1.08472121
4555.7000 1.09275472
4556.6000 1.12204325
4557.5000 1.14544463
4558.4000 1.14881158
4559.3000 1.15686357
4560.2000 1.16956758
4561.1000 1.17509031
4562.0000 1.16440558
4562.9000 1.13793921
4563.8000 1.12042928
4564.7000 1.1275872
4565.6000 1.14695573
4566.5000 1.16424966
4567.4000 1.17506123
4568.3000 1.17677188
4569.2000 1.17739499
4570.1000 1.1620326
4571.0000 1.12484312
4571.9000 1.10766447
4572.8000 1.13471508
4573.7000 1.16645169
4574.6000 1.17324996
4575.5000 1.16434431
4576.4000 1.1563009
4577.3000 1.15751874
4578.2000 1.15731621
4579.1000 1.14845777
4580.0000 1.13806069
4580.9000 1.12908804
4581.8000 1.11998165
4582.7000 1.10465908
4583.6000 1.09383249
4584.5000 1.11085439
4585.4000 1.13316715
4586.3000 1.14323616
4587.2000 1.15110409
4588.1000 1.15188897
4589.0000 1.15010357
4589.9000 1.1463145
4590.8000 1.14134419
4591.7000 1.13144147
4592.6000 1.13402462
4593.5000 1.15620303
4594.4000 1.16728771
4595.3000 1.16410148
4596.2000 1.16216969
4597.1000 1.16367495
4598.0000 1.16809952
4598.9000 1.17036927
4599.8000 1.15873027
4600.7000 1.14753175
4601.6000 1.14484477
4602.5000 1.14513636
4603.4000 1.14761853
4604.3000 1.1572125
4605.2000 1.15997052
4606.1000 1.16399777
4607.0000 1.16866994
4607.9000 1.17569578
4608.8000 1.18372703
4609.7000 1.17984724
4610.6000 1.16737413
4611.5000 1.15922904
4612.4000 1.15921819
4613.3000 1.15851867
4614.2000 1.16080487
4615.1000 1.15854001
4616.0000 1.15005362
4616.9000 1.14710891
4617.8000 1.14308333
4618.7000 1.13271904
4619.6000 1.13509119
4620.5000 1.15290737
4621.4000 1.16896963
4622.3000 1.17508054
4623.2000 1.17393875
4624.1000 1.16761076
4625.0000 1.15767694
4625.9000 1.15555298
4626.8000 1.16311955
4627.7000 1.16338265
4628.6000 1.14651489
4629.5000 1.13569248
4630.4000 1.14990592
4631.3000 1.16694498
4632.2000 1.1636188
4633.1000 1.1517911
4634.0000 1.15110862
4634.9000 1.15830195
4635.8000 1.15975928
4636.7000 1.15109468
4637.6000 1.14430737
4638.5000 1.15177083
4639.4000 1.16123533
4640.3000 1.16634178
4641.2000 1.17063713
4642.1000 1.17039907
4643.0000 1.16679275
4643.9000 1.16150248
4644.8000 1.15296888
4645.7000 1.13881326
4646.6000 1.12177563
4647.5000 1.1182071
4648.4000 1.13168859
4649.3000 1.15142488
4650.2000 1.16359401
4651.1000 1.16221631
4652.0000 1.15727043
4652.9000 1.15371203
4653.8000 1.14168286
4654.7000 1.13381565
4655.6000 1.1412555
4656.5000 1.14680326
4657.4000 1.15399063
4658.3000 1.17318237
4659.2000 1.18572676
4660.1000 1.18398368
4661.0000 1.18040252
4661.9000 1.17583704
4662.8000 1.16787136
4663.7000 1.16450834
4664.6000 1.16293526
4665.5000 1.14798653
4666.4000 1.11617482
4667.3000 1.09148669
4668.2000 1.09858477
4669.1000 1.11905372
4670.0000 1.13334346
4670.9000 1.14684701
4671.8000 1.15444291
4672.7000 1.15435445
4673.6000 1.15469241
4674.5000 1.16455436
4675.4000 1.17478275
4676.3000 1.17332387
4677.2000 1.16133094
4678.1000 1.14387262
4679.0000 1.13591814
4679.9000 1.14007354
4680.8000 1.14564371
4681.7000 1.15326309
4682.6000 1.16181064
4683.5000 1.16831696
4684.4000 1.16848159
4685.3000 1.16033638
4686.2000 1.15689588
4687.1000 1.16210616
4688.0000 1.16849589
4688.9000 1.16762209
4689.8000 1.15832257
4690.7000 1.1492759
4691.6000 1.15068507
4692.5000 1.16043067
4693.4000 1.16842282
4694.3000 1.17300165
4695.2000 1.17666078
4696.1000 1.179726
4697.0000 1.17585719
4697.9000 1.16331935
4698.8000 1.1523335
4699.7000 1.15288985
4700.6000 1.1522783
4701.5000 1.13671172
4702.4000 1.11074245
4703.3000 1.10624409
4704.2000 1.13354719
4705.1000 1.15570259
4706.0000 1.15382946
4706.9000 1.13816893
4707.8000 1.12468088
4708.7000 1.1226579
4709.6000 1.13182533
4710.5000 1.14896739
4711.4000 1.16431272
4712.3000 1.16586804
4713.2000 1.15136814
4714.1000 1.13602519
4715.0000 1.13839805
4715.9000 1.15658963
4716.8000 1.16833985
4717.7000 1.16682315
4718.6000 1.16223466
4719.5000 1.16363227
4720.4000 1.16469204
4721.3000 1.15867174
4722.2000 1.15416706
4723.1000 1.16016006
4724.0000 1.17038751
4724.9000 1.17512274
4725.8000 1.16906738
4726.7000 1.15521097
4727.6000 1.14229834
4728.5000 1.13868356
4729.4000 1.13899696
4730.3000 1.12957942
4731.2000 1.12372315
4732.1000 1.13254058
4733.0000 1.14488006
4733.9000 1.15361309
4734.8000 1.15379465
4735.7000 1.13961756
4736.6000 1.12692463
4737.5000 1.1358397
4738.4000 1.15457892
4739.3000 1.15976238
4740.2000 1.15401852
4741.1000 1.14979589
4742.0000 1.1511575
4742.9000 1.15479982
4743.8000 1.15364969
4744.7000 1.15084112
4745.6000 1.15343165
4746.5000 1.15393114
4747.4000 1.14776492
4748.3000 1.14610898
4749.2000 1.15256035
4750.1000 1.15737128
4751.0000 1.15355968
4751.9000 1.14610934
4752.8000 1.13484573
4753.7000 1.12438273
4754.6000 1.12230396
4755.5000 1.12225103
4756.4000 1.12387598
4757.3000 1.1305263
4758.2000 1.14033389
4759.1000 1.14696002
4760.0000 1.1453104
4760.9000 1.13251972
4761.8000 1.11237204
4762.7000 1.10243797
4763.6000 1.10313249
4764.5000 1.10477078
4765.4000 1.10772693
4766.3000 1.11484277
4767.2000 1.12445188
4768.1000 1.13266349
4769.0000 1.13815475
4769.9000 1.13963366
4770.8000 1.13071978
4771.7000 1.12275887
4772.6000 1.12638378
4773.5000 1.13659394
4774.4000 1.14446437
4775.3000 1.14259911
4776.2000 1.13866258
4777.1000 1.14160311
4778.0000 1.14344573
4778.9000 1.13246894
4779.8000 1.12223351
4780.7000 1.12712276
4781.6000 1.13581884
4782.5000 1.12968016
4783.4000 1.12080407
4784.3000 1.12172294
4785.2000 1.12098432
4786.1000 1.11190617
4787.0000 1.10783672
4787.9000 1.11333883
4788.8000 1.11382508
4789.7000 1.11760592
4790.6000 1.12683725
4791.5000 1.13088357
4792.4000 1.13486552
4793.3000 1.13991106
4794.2000 1.14713407
4795.1000 1.15079927
4796.0000 1.14867294
4796.9000 1.14004099
4797.8000 1.12691784
4798.7000 1.11872149
4799.6000 1.11845815
4800.5000 1.12131214
4801.4000 1.12925649
4802.3000 1.13331974
4803.2000 1.12813962
4804.1000 1.11297452
4805.0000 1.09908485
4805.9000 1.10758269
4806.8000 1.11928427
4807.7000 1.12040997
4808.6000 1.12469006
4809.5000 1.1268059
4810.4000 1.12271762
4811.3000 1.12246096
4812.2000 1.12527835
4813.1000 1.12956774
4814.0000 1.13312948
4814.9000 1.13610268
4815.8000 1.13654304
4816.7000 1.13437915
4817.6000 1.13322043
4818.5000 1.13423657
4819.4000 1.13537896
4820.3000 1.13260925
4821.2000 1.12833095
4822.1000 1.11317277
4823.0000 1.08469522
4823.9000 1.07182646
4824.8000 1.08732295
4825.7000 1.10969865
4826.6000 1.12094116
4827.5000 1.11781788
4828.4000 1.10770297
4829.3000 1.10254264
4830.2000 1.10418761
4831.1000 1.10270488
4832.0000 1.10086954
4832.9000 1.10504222
4833.8000 1.10807383
4834.7000 1.10155559
4835.6000 1.0911386
4836.5000 1.09049606
4837.4000 1.09301925
4838.3000 1.08837414
4839.2000 1.08015382
4840.1000 1.07177985
4841.0000 1.07151473
4841.9000 1.07376122
4842.8000 1.06887054
4843.7000 1.06764674
4844.6000 1.07036054
4845.5000 1.06961
4846.4000 1.06236756
4847.3000 1.04484248
4848.2000 1.02722859
4849.1000 1.0258683
4850.0000 1.03541076
4850.9000 1.03625965
4851.8000 1.02530861
4852.7000 1.01259887
4853.6000 0.99204934
4854.5000 0.95900869
4855.4000 0.92973644
4856.3000 0.91845161
4857.2000 0.90472376
4858.1000 0.86393869
4859.0000 0.78567171
4859.9000 0.66170025
4860.8000 0.54427344
4861.7000 0.54549044
4862.6000 0.6671192
4863.5000 0.78648472
4864.4000 0.85293245
4865.3000 0.89485848
4866.2000 0.93162113
4867.1000 0.96175444
4868.0000 0.98257113
4868.9000 0.99564183
4869.8000 0.99356538
4870.7000 0.96872634
4871.6000 0.95374167
4872.5000 0.9776122
4873.4000 1.0110836
4874.3000 1.03022504
4875.2000 1.03920722
4876.1000 1.03830147
4877.0000 1.03033996
4877.9000 1.02537107
4878.8000 1.04570436
4879.7000 1.0772686
4880.6000 1.08359241
4881.5000 1.07785273
4882.4000 1.07318974
4883.3000 1.0682826
4884.2000 1.06472647
4885.1000 1.06420159
4886.0000 1.06570399
4886.9000 1.06669867
4887.8000 1.0674696
4888.7000 1.06383157
4889.6000 1.05017269
4890.5000 1.02392054
4891.4000 1.0189817
4892.3000 1.05855632
4893.2000 1.10034454
4894.1000 1.11607528
4895.0000 1.11647797
4895.9000 1.11495972
4896.8000 1.11630428
4897.7000 1.11612344
4898.6000 1.10822487
4899.5000 1.09587336
4900.4000 1.0913837
4901.3000 1.09553742
4902.2000 1.08899629
4903.1000 1.07490587
4904.0000 1.07743561
4904.9000 1.09318471
4905.8000 1.10437036
4906.7000 1.10768819
4907.6000 1.10643876
4908.5000 1.09726226
4909.4000 1.07627845
4910.3000 1.05804038
4911.2000 1.06366909
4912.1000 1.08489549
4913.0000 1.09917843
4913.9000 1.10427952
4914.8000 1.1097517
4915.7000 1.10954165
4916.6000 1.09871387
4917.5000 1.07637
4918.4000 1.04230964
4919.3000 1.01877296
4920.2000 1.02020526
4921.1000 1.0413605
4922.0000 1.06182516
4922.9000 1.05210268
4923.8000 1.03198206
4924.7000 1.04235601
4925.6000 1.07652485
4926.5000 1.09964228
4927.4000 1.10282683
4928.3000 1.10240805
4929.2000 1.10660231
4930.1000 1.10547388
4931.0000 1.09944236
4931.9000 1.08821213
4932.8000 1.06058931
4933.7000 1.03318298
4934.6000 1.04244709
4935.5000 1.07291222
4936.4000 1.08228207
4937.3000 1.06718886
4938.2000 1.04359555
4939.1000 1.03677189
4940.0000 1.06161559
4940.9000 1.09400558
4941.8000 1.10844302
4942.7000 1.11277997
4943.6000 1.1118933
4944.5000 1.10341752
4945.4000 1.08882022
4946.3000 1.08154619
4947.2000 1.08901083
4948.1000 1.0998745
4949.0000 1.10120034
4949.9000 1.09712076
4950.8000 1.09654403
4951.7000 1.09794831
4952.6000 1.09268844
4953.5000 1.09069598
4954.4000 1.09773409
4955.3000 1.09290528
4956.2000 1.05604959
4957.1000 1.00584865
4958.0000 1.00848377
4958.9000 1.06202042
4959.8000 1.10011804
4960.7000 1.10823071
4961.6000 1.10458934
4962.5000 1.10400152
4963.4000 1.10499084
4964.3000 1.10024655
4965.2000 1.08784342
4966.1000 1.07771075
4967.0000 1.07647491
4967.9000 1.07875276
4968.8000 1.07858694
4969.7000 1.07901347
4970.6000 1.08173454
4971.5000 1.08703518
4972.4000 1.09022999
4973.3000 1.09318936
4974.2000 1.10133672
4975.1000 1.10617578
4976.0000 1.10462403
4976.9000 1.10112095
4977.8000 1.09240639
4978.7000 1.08182001
4979.6000 1.07311952
4980.5000 1.06014144
4981.4000 1.0352186
4982.3000 1.00397539
4983.2000 0.99108583
4984.1000 1.00694001
4985.0000 1.03971601
4985.9000 1.07193887
4986.8000 1.0864929
4987.7000 1.08581924
4988.6000 1.08104873
4989.5000 1.07158625
4990.4000 1.05696094
4991.3000 1.04761243
4992.2000 1.05438602
4993.1000 1.06019664
4994.0000 1.05963218
4994.9000 1.07025695
4995.8000 1.08277941
4996.7000 1.08589602
4997.6000 1.08151782
4998.5000 1.06971395
4999.4000 1.05547178
5000.3000 1.04560006
5001.2000 1.04125714
5002.1000 1.04414308
5003.0000 1.05763686
5003.9000 1.06235909
5004.8000 1.03576112
5005.7000 1.00179601
5006.6000 1.00159132
5007.5000 1.03313935
5008.4000 1.06676841
5009.3000 1.07875216
5010.2000 1.06864238
5011.1000 1.04706848
5012.0000 1.02750313
5012.9000 1.01980066
5013.8000 1.01582766
5014.7000 1.02130187
5015.6000 1.03880382
5016.5000 1.04024148
5017.4000 1.01196206
5018.3000 0.99062222
5019.2000 1.01109505
5020.1000 1.04331124
5021.0000 1.05262685
5021.9000 1.04801869
5022.8000 1.04838824
5023.7000 1.05907869
5024.6000 1.06749427
5025.5000 1.06511903
5026.4000 1.05532444
5027.3000 1.04378426
5028.2000 1.04696786
5029.1000 1.06005132
5030.0000 1.06364751
5030.9000 1.06008875
5031.8000 1.06387663
5032.7000 1.07528746
5033.6000 1.07624745
5034.5000 1.05730581
5035.4000 1.03306901
5036.3000 1.02952147
5037.2000 1.04479861
5038.1000 1.04906583
5039.0000 1.03529477
5039.9000 1.01158094
5040.8000 0.9825604
5041.7000 0.98233122
5042.6000 1.02229464
5043.5000 1.05927527
5044.4000 1.0706718
5045.3000 1.07417607
5046.2000 1.07681334
5047.1000 1.07068098
5048.0000 1.05507624
5048.9000 1.03900528
5049.8000 1.02854598
5050.7000 1.02253616
5051.6000 1.02380824
5052.5000 1.03973663
5053.4000 1.05999529
5054.3000 1.06764281
5055.2000 1.06735218
5056.1000 1.06722426
5057.0000 1.0681802
5057.9000 1.0712378
5058.8000 1.07353151
5059.7000 1.07442212
5060.6000 1.07524443
5061.5000 1.07639027
5062.4000 1.0740875
5063.3000 1.06122267
5064.2000 1.0405798
5065.1000 1.03188789
5066.0000 1.04270506
5066.9000 1.05221844
5067.8000 1.04667974
5068.7000 1.04112232
5069.6000 1.04977703
5070.5000 1.05816209
5071.4000 1.05158937
5072.3000 1.04192674
5073.2000 1.0414927
5074.1000 1.03995919
5075.0000 1.03708756
5075.9000 1.04420018
5076.8000 1.05308557
5077.7000 1.04582512
5078.6000 1.01717734
5079.5000 0.98993188
5080.4000 0.99172741
5081.3000 1.01504076
5082.2000 1.02847886
5083.1000 1.02564251
5084.0000 1.028947
5084.9000 1.04724646
5085.8000 1.06048048
5086.7000 1.05884528
5087.6000 1.05286205
5088.5000 1.05481756
5089.4000 1.05920076
5090.3000 1.05588853
5091.2000 1.05569887
5092.1000 1.06450582
5093.0000 1.06934011
5093.9000 1.06730604
5094.8000 1.06416309
5095.7000 1.05612028
5096.6000 1.0398016
5097.5000 1.01918852
5098.4000 1.00352478
5099.3000 1.00458503
5100.2000 1.02455091
5101.1000 1.0485872
5102.0000 1.06091273
5102.9000 1.06160092
5103.8000 1.05794001
5104.7000 1.05422795
5105.6000 1.04778492
5106.5000 1.03145516
5107.4000 1.01483262
5108.3000 1.01760554
5109.2000 1.02456868
5110.1000 1.02422011
5111.0000 1.03308499
5111.9000 1.05116642
5112.8000 1.0624392
5113.7000 1.0603447
5114.6000 1.05282474
5115.5000 1.05111158
5116.4000 1.05965734
5117.3000 1.06872797
5118.2000 1.06880295
5119.1000 1.0635252
5120.0000 1.05790055
5120.9000 1.05196679
5121.8000 1.04589546
5122.7000 1.03434491
5123.6000 1.01918077
5124.5000 1.01198804
5125.4000 1.01793766
5126.3000 1.02720344
5127.2000 1.02867293
5128.1000 1.02425468
5129.0000 1.02146065
5129.9000 1.02806222
5130.8000 1.03805256
5131.7000 1.03893745
5132.6000 1.02930617
5133.5000 1.0202955
5134.4000 1.02805567
5135.3000 1.04171872
5136.2000 1.0362792
5137.1000 1.01759636
5138.0000 1.00078988
5138.9000 0.98603606
5139.8000 0.98824543
5140.7000 1.00670469
5141.6000 1.00856769
5142.5000 0.99644917
5143.4000 1.00577807
5144.3000 1.02676594
5145.2000 1.03127658
5146.1000 1.0233475
5147.0000 1.01463103
5147.9000 1.01266277
5148.8000 1.02202332
5149.7000 1.02959049
5150.6000 1.02259505
5151.5000 1.01419783
5152.4000 1.01361012
5153.3000 1.01167083
5154.2000 1.00806606
5155.1000 1.01498842
5156.0000 1.02879119
5156.9000 1.03779757
5157.8000 1.03810048
5158.7000 1.03442204
5159.6000 1.03528214
5160.5000 1.03375947
5161.4000 1.02153802
5162.3000 1.012133
5163.2000 1.01815832
5164.1000 1.02480364
5165.0000 1.01273394
5165.9000 0.97196704
5166.8000 0.91198719
5167.7000 0.87416756
5168.6000 0.88690591
5169.5000 0.93562609
5170.4000 0.96978718
5171.3000 0.94606161
5172.2000 0.89865661
5173.1000 0.90499878
5174.0000 0.9677856
5174.9000 1.02048767
5175.8000 1.03461838
5176.7000 1.03352797
5177.6000 1.03404415
5178.5000 1.03585899
5179.4000 1.03569543
5180.3000 1.03381574
5181.2000 1.02464592
5182.1000 0.98257947
5183.0000 0.91287905
5183.9000 0.8843807
5184.8000 0.92791271
5185.7000 0.9844327
5186.6000 1.00951076
5187.5000 1.00356591
5188.4000 0.98569906
5189.3000 0.9859755
5190.2000 0.99620521
5191.1000 0.98242217
5192.0000 0.96446502
5192.9000 0.97592491
5193.8000 0.99257106
5194.7000 0.98564994
5195.6000 0.97569013
5196.5000 0.98164755
5197.4000 0.98762506
5198.3000 0.99384481
5199.2000 1.00870419
5200.1000 1.02154398
5201.0000 1.02117932
5201.9000 1.01126337
5202.8000 1.00263417
5203.7000 0.99398816
5204.6000 0.97593415
5205.5000 0.96477419
5206.4000 0.97397411
5207.3000 0.98007137
5208.2000 0.97249848
5209.1000 0.9785707
5210.0000 1.00291657
5210.9000 1.02103531
5211.8000 1.02971113
5212.7000 1.03475904
5213.6000 1.02838635
5214.5000 1.00866675
5215.4000 0.98560441
5216.3000 0.97652054
5217.2000 0.98743325
5218.1000 1.00682068
5219.0000 1.023646
5219.9000 1.03440285
5220.8000 1.03807473
5221.7000 1.03965902
5222.6000 1.03895986
5223.5000 1.03532469
5224.4000 1.02455115
5225.3000 0.99331373
5226.2000 0.9427591
5227.1000 0.91900504
5228.0000 0.95284438
5228.9000 0.994412
5229.8000 1.00907147
5230.7000 1.01457632
5231.6000 1.00828969
5232.5000 0.98459589
5233.4000 0.96833903
5234.3000 0.97114581
5235.2000 0.98571402
5236.1000 1.00308979
5237.0000 1.01486433
5237.9000 1.01800847
5238.8000 1.01670492
5239.7000 1.01659083
5240.6000 1.0197314
5241.5000 1.02027798
5242.4000 1.01317132
5243.3000 1.0113188
5244.2000 1.02058148
5245.1000 1.02729666
5246.0000 1.02468872
5246.9000 1.01906097
5247.8000 1.0172652
5248.7000 1.01560771
5249.6000 1.00782466
5250.5000 1.00130427
5251.4000 1.00633371
5252.3000 1.01401806
5253.2000 1.01460683
5254.1000 1.00950682
5255.0000 1.00644374
5255.9000 1.01105475
5256.8000 1.02151954
5257.7000 1.02949297
5258.6000 1.03088951
5259.5000 1.02722752
5260.4000 1.01335335
5261.3000 0.98779809
5262.2000 0.96506441
5263.1000 0.95351082
5264.0000 0.94471186
5264.9000 0.93673873
5265.8000 0.93737292
5266.7000 0.95549977
5267.6000 0.97554857
5268.5000 0.96191311
5269.4000 0.92033851
5270.3000 0.91197044
5271.2000 0.95441711
5272.1000 0.98995703
5273.0000 0.9907555
5273.9000 0.97908473
5274.8000 0.9649061
5275.7000 0.9573068
5276.6000 0.97484767
5277.5000 1.00388539
5278.4000 1.01809776
5279.3000 1.01517475
5280.2000 1.00510633
5281.1000 0.99406844
5282.0000 0.98335493
5282.9000 0.97228926
5283.8000 0.96686542
5284.7000 0.98325461
5285.6000 1.01048934
5286.5000 1.02514422
5287.4000 1.02483511
5288.3000 1.01994956
5289.2000 1.01794517
5290.1000 1.02019095
5291.0000 1.02250898
5291.9000 1.02169645
5292.8000 1.0200994
5293.7000 1.02023554
5294.6000 1.01955628
5295.5000 1.01395965
5296.4000 1.00224781
5297.3000 0.98831999
5298.2000 0.98538685
5299.1000 0.99673617
5300.0000 1.0080514
5300.9000 1.00690663
5301.8000 0.99756837
5302.7000 0.99538285
5303.6000 1.00579357
5304.5000 1.01435816
5305.4000 1.0132283
5306.3000 1.00788128
5307.2000 1.00518262
5308.1000 1.00669134
5309.0000 1.01162982
5309.9000 1.0180074
5310.8000 1.01970959
5311.7000 1.01780868
5312.6000 1.0127542
5313.5000 1.00797439
5314.4000 1.00415182
5315.3000 0.98793191
5316.2000 0.96151125
5317.1000 0.95635593
5318.0000 0.97826928
5318.9000 0.99804258
5319.8000 1.00420046
5320.7000 1.00464427
5321.6000 1.00387609
5322.5000 0.99574339
5323.4000 0.97779649
5324.3000 0.96285111
5325.2000 0.96830839
5326.1000 0.97801244
5327.0000 0.95577776
5327.9000 0.9141885
5328.8000 0.90840364
5329.7000 0.94845831
5330.6000 0.98806334
5331.5000 1.00013757
5332.4000 0.99572378
5333.3000 0.99217963
5334.2000 0.99300182
5335.1000 0.99285591
5336.0000 0.98481512
5336.9000 0.97722274
5337.8000 0.97954589
5338.7000 0.97974795
5339.6000 0.9655214
5340.5000 0.95112658
5341.4000 0.95925975
5342.3000 0.98007143
5343.2000 0.99478632
5344.1000 0.99897349
5345.0000 0.99256659
5345.9000 0.98269337
5346.8000 0.98121661
5347.7000 0.9825545
5348.6000 0.97771859
5349.5000 0.97460544
5350.4000 0.98349905
5351.3000 0.99477333
5352.2000 0.99707121
5353.1000 0.99357098
5354.0000 0.99423349
5354.9000 1.00095272
5355.8000 1.00484359
5356.7000 1.00624502
5357.6000 1.00554466
5358.5000 1.00457501
5359.4000 1.00581539
5360.3000 1.00231504
5361.2000 0.99299413
5362.1000 0.97960651
5363.0000 0.96769935
5363.9000 0.96285003
5364.8000 0.95985425
5365.7000 0.9623481
5366.6000 0.96973491
5367.5000 0.97150975
5368.4000 0.9707396
5369.3000 0.96274287
5370.2000 0.94303143
5371.1000 0.93000138
5372.0000 0.94183207
5372.9000 0.96839154
5373.8000 0.98410189
5374.7000 0.98922795
5375.6000 0.99264312
5376.5000 0.9944967
5377.4000 0.9941234
5378.3000 0.99042863
5379.2000 0.98154038
5380.1000 0.97120798
5381.0000 0.96645296
5381.9000 0.96616846
5382.8000 0.95995724
5383.7000 0.95863348
5384.6000 0.97156978
5385.5000 0.983082
5386.4000 0.98476565
5387.3000 0.98238403
5388.2000 0.97936988
5389.1000 0.97458035
5390.0000 0.97051245
5390.9000 0.96942461
5391.8000 0.96417254
5392.7000 0.95597911
5393.6000 0.95620292
5394.5000 0.96721274
5395.4000 0.97052366
5396.3000 0.95082217
5397.2000 0.93094772
5398.1000 0.93991482
5399.0000 0.95856881
5399.9000 0.96279114
5400.8000 0.96185917
5401.7000 0.9673
5402.6000 0.96515226
5403.5000 0.94543397
5404.4000 0.92293161
5405.3000 0.91460711
5406.2000 0.92556983
5407.1000 0.94968849
5408.0000 0.96514124
5408.9000 0.9569484
5409.8000 0.93896711
5410.7000 0.93581396
5411.6000 0.95157254
5412.5000 0.96673149
5413.4000 0.96574843
5414.3000 0.95197022
5415.2000 0.94420904
5416.1000 0.95457458
5417.0000 0.96918154
5417.9000 0.97133213
5418.8000 0.96517533
5419.7000 0.96522528
5420.6000 0.97100753
5421.5000 0.97434479
5422.4000 0.96903336
5423.3000 0.95228225
5424.2000 0.937796
5425.1000 0.94441611
5426.0000 0.96272999
5426.9000 0.97512937
5427.8000 0.97161442
5428.7000 0.95072114
5429.6000 0.93046588
5430.5000 0.93690377
5431.4000 0.95861363
5432.3000 0.9650892
5433.2000 0.952133
5434.1000 0.93595177
5435.0000 0.93574321
5435.9000 0.95118111
5436.8000 0.9650054
5437.7000 0.971735
5438.6000 0.97658443
5439.5000 0.98064023
5440.4000 0.97924519
5441.3000 0.97706819
5442.2000 0.97859293
5443.1000 0.97717983
5444.0000 0.96724403
5444.9000 0.95036882
5445.8000 0.9318763
5446.7000 0.92148149
5447.6000 0.93185562
5448.5000 0.95644444
5449.4000 0.97327352
5450.3000 0.97823989
5451.2000 0.97759104
5452.1000 0.97576338
5453.0000 0.97150677
5453.9000 0.9556312
5454.8000 0.92644548
5455.7000 0.91147506
5456.6000 0.93183666
5457.5000 0.96027642
5458.4000 0.97339422
5459.3000 0.97648364
5460.2000 0.97506797
5461.1000 0.96667957
5462.0000 0.94990093
5462.9000 0.93320584
5463.8000 0.93700236
5464.7000 0.9540695
5465.6000 0.96054482
5466.5000 0.95876831
5467.4000 0.96135288
5468.3000 0.9668141
5469.2000 0.96892172
5470.1000 0.96821725
5471.0000 0.96732277
5471.9000 0.96476799
5472.8000 0.960136
5473.7000 0.95628637
5474.6000 0.95278156
5475.5000 0.93675375
5476.4000 0.91253978
5477.3000 0.91114259
5478.2000 0.93536562
5479.1000 0.9543435
5480.0000 0.95739204
5480.9000 0.95365751
5481.8000 0.95375848
5482.7000 0.95854998
5483.6000 0.96371162
5484.5000 0.96820676
5485.4000 0.97028679
5486.3000 0.96356368
5487.2000 0.95334285
5488.1000 0.95164323
5489.0000 0.95744067
5489.9000 0.9623974
5490.8000 0.96438587
5491.7000 0.9648205
5492.6000 0.96250701
5493.5000 0.95899957
5494.4000 0.95817244
5495.3000 0.95914894
5496.2000 0.95468563
5497.1000 0.94458246
5498.0000 0.94467348
5498.9000 0.95588124
5499.8000 0.95828837
5500.7000 0.94713044
5501.6000 0.93655306
5502.5000 0.93826509
5503.4000 0.94721377
5504.3000 0.95187116
5505.2000 0.94790298
5506.1000 0.93631244
5507.0000 0.93144304
5507.9000 0.94081879
5508.8000 0.94768006
5509.7000 0.94866407
5510.6000 0.9493767
5511.5000 0.9474715
5512.4000 0.94339001
5513.3000 0.94287264
5514.2000 0.94767511
5515.1000 0.95300227
5516.0000 0.95474476
5516.9000 0.95472938
5517.8000 0.95482278
5518.7000 0.95576143
5519.6000 0.95479804
5520.5000 0.95244414
5521.4000 0.9517591
5522.3000 0.95029336
5523.2000 0.94818121
5524.1000 0.94549263
5525.0000 0.94035655
5525.9000 0.92983127
5526.8000 0.91308719
5527.7000 0.89599627
5528.6000 0.89619225
5529.5000 0.91872442
5530.4000 0.94155663
5531.3000 0.94920838
5532.2000 0.94898278
5533.1000 0.94396585
5534.0000 0.93108517
5534.9000 0.92181867
5535.8000 0.92829347
5536.7000 0.94361055
5537.6000 0.95119911
5538.5000 0.94972932
5539.4000 0.94803649
5540.3000 0.94828957
5541.2000 0.947501
5542.1000 0.94393814
5543.0000 0.93741179
5543.9000 0.93566042
5544.8000 0.93958491
5545.7000 0.94276345
5546.6000 0.94377685
5547.5000 0.94431132
5548.4000 0.94606572
5549.3000 0.94638461
5550.2000 0.94582158
5551.1000 0.94600797
5552.0000 0.94707024
5552.9000 0.94325584
5553.8000 0.93155366
5554.7000 0.92804092
5555.6000 0.93710083
5556.5000 0.94935638
5557.4000 0.95134151
5558.3000 0.94584042
5559.2000 0.94419485
5560.1000 0.94114256
5561.0000 0.93812102
5561.9000 0.93618357
5562.8000 0.9324432
5563.7000 0.93457484
5564.6000 0.93562084
5565.5000 0.93182123
5566.4000 0.93403667
5567.3000 0.94056076
5568.2000 0.93864006
5569.1000 0.92839253
5570.0000 0.92727381
5570.9000 0.9345541
5571.8000 0.92908925
5572.7000 0.91636574
5573.6000 0.91758466
5574.5000 0.92903113
5575.4000 0.93039227
5576.3000 0.92428595
5577.2000 0.92790902
5578.1000 0.93464673
5579.0000 0.93385392
5579.9000 0.92919445
5580.8000 0.9243769
5581.7000 0.92368013
5582.6000 0.92647743
5583.5000 0.93442017
5584.4000 0.94078588
5585.3000 0.93319398
5586.2000 0.91405475
5587.1000 0.89746684
5588.0000 0.88937986
5588.9000 0.88723671
5589.8000 0.89312726
5590.7000 0.90982962
5591.6000 0.92536628
5592.5000 0.92665678
5593.4000 0.91560787
5594.3000 0.9038021
5595.2000 0.90888846
5596.1000 0.92507106
5597.0000 0.92633092
5597.9000 0.90861571
5598.8000 0.89768773
5599.7000 0.90649837
5600.6000 0.90962642
5601.5000 0.89708722
5602.4000 0.88450027
5603.3000 0.88919771
5604.2000 0.9113729
5605.1000 0.92929995
5606.0000 0.93258923
5606.9000 0.93292981
5607.8000 0.93506718
5608.7000 0.93716866
5609.6000 0.93871629
5610.5000 0.93930209
5611.4000 0.93841356
5612.3000 0.93789238
5613.2000 0.93670803
5614.1000 0.92340159
5615.0000 0.89988899
5615.9000 0.88825548
5616.8000 0.90105897
5617.7000 0.92200863
5618.6000 0.92860538
5619.5000 0.92290258
5620.4000 0.91887444
5621.3000 0.92069632
5622.2000 0.92614174
5623.1000 0.92633319
5624.0000 0.91874576
5624.9000 0.91641915
5625.8000 0.92472243
5626.7000 0.93311816
5627.6000 0.93380755
5628.5000 0.93561971
5629.4000 0.94063848
5630.3000 0.94059253
5631.2000 0.9396683
5632.1000 0.93826592
5633.0000 0.93125045
5633.9000 0.92403585
5634.8000 0.92365998
5635.7000 0.92681944
5636.6000 0.9240098
5637.5000 0.91585493
5638.4000 0.91400772
5639.3000 0.91913426
5640.2000 0.92405069
5641.1000 0.92343175
5642.0000 0.92374003
5642.9000 0.92687154
5643.8000 0.9272058
5644.7000 0.92607301
5645.6000 0.92542863
5646.5000 0.92713338
5647.4000 0.93181759
5648.3000 0.93572748
5649.2000 0.93656701
5650.1000 0.93193024
5651.0000 0.92493069
5651.9000 0.92306626
5652.8000 0.92604697
5653.7000 0.92641437
5654.6000 0.91749352
5655.5000 0.90968663
5656.4000 0.90906489
5657.3000 0.89949113
5658.2000 0.8823297
5659.1000 0.88380545
5660.0000 0.90688527
5660.9000 0.92261541
5661.8000 0.92015493
5662.7000 0.91494203
5663.6000 0.91848582
5664.5000 0.92502087
5665.4000 0.92423564
5666.3000 0.91674185
5667.2000 0.91297072
5668.1000 0.91540611
5669.0000 0.9165433
5669.9000 0.91986859
5670.8000 0.92753363
5671.7000 0.93142349
5672.6000 0.92810345
5673.5000 0.92305136
5674.4000 0.92016661
5675.3000 0.91901445
5676.2000 0.91815436
5677.1000 0.91725808
5678.0000 0.91884524
5678.9000 0.92126006
5679.8000 0.9223507
5680.7000 0.92241263
5681.6000 0.91906601
5682.5000 0.91168648
5683.4000 0.90459102
5684.3000 0.90249282
5685.2000 0.90658957
5686.1000 0.90792209
5687.0000 0.899845
5687.9000 0.88963306
5688.8000 0.89204395
5689.7000 0.90376252
5690.6000 0.91291487
5691.5000 0.9181391
5692.4000 0.91986668
5693.3000 0.91676462
5694.2000 0.91486061
5695.1000 0.91686088
5696.0000 0.91872334
5696.9000 0.92003655
5697.8000 0.92185879
5698.7000 0.92366838
5699.6000 0.92191714
5700.5000 0.91493613
5701.4000 0.90730423
5702.3000 0.90583181
5703.2000 0.91345543
5704.1000 0.91756916
5705.0000 0.9155907
5705.9000 0.91465151
5706.8000 0.91163397
5707.7000 0.90205544
5708.6000 0.88960987
5709.5000 0.88230854
5710.4000 0.88368344
5711.3000 0.89056611
5712.2000 0.9030115
5713.1000 0.91372484
5714.0000 0.91659695
5714.9000 0.91466022
5715.8000 0.91172576
5716.7000 0.91076493
5717.6000 0.90558523
5718.5000 0.9009403
5719.4000 0.90741622
5720.3000 0.91605544
5721.2000 0.91625124
5722.1000 0.91579705
5723.0000 0.91786331
5723.9000 0.9169358
5724.8000 0.91437709
5725.7000 0.91307724
5726.6000 0.91090804
5727.5000 0.90883589
5728.4000 0.90916121
5729.3000 0.90734494
5730.2000 0.90085524
5731.1000 0.89588547
5732.0000 0.89865583
5732.9000 0.90628266
5733.8000 0.91024548
5734.7000 0.91094494
5735.6000 0.90872061
5736.5000 0.90494686
5737.4000 0.90276992
5738.3000 0.90530223
5739.2000 0.90832049
5740.1000 0.90627283
5741.0000 0.90160209
5741.9000 0.89843738
5742.8000 0.90019166
5743.7000 0.90364403
5744.6000 0.8999958
5745.5000 0.89691997
5746.4000 0.89766514
5747.3000 0.89639992
5748.2000 0.89720154
5749.1000 0.90115178
5750.0000 0.90346336
5750.9000 0.8987155
5751.8000 0.88794035
5752.7000 0.88145894
5753.6000 0.88116139
5754.5000 0.88579762
5755.4000 0.89274257
5756.3000 0.89493698
5757.2000 0.89531618
5758.1000 0.89463788
5759.0000 0.89069927
5759.9000 0.88750273
5760.8000 0.88876218
5761.7000 0.88988322
5762.6000 0.88470161
5763.5000 0.88587815
5764.4000 0.89507884
5765.3000 0.90036678
5766.2000 0.90309829
5767.1000 0.90321869
5768.0000 0.89916402
5768.9000 0.89579362
5769.8000 0.89285207
5770.7000 0.89018846
5771.6000 0.88797331
5772.5000 0.88865787
5773.4000 0.88749492
5774.3000 0.88395494
5775.2000 0.89011967
5776.1000 0.89649385
5777.0000 0.89334685
5777.9000 0.89232266
5778.8000 0.89257067
5779.7000 0.88439196
5780.6000 0.87656218
5781.5000 0.87801814
5782.4000 0.87889761
5783.3000 0.87832534
5784.2000 0.8793751
5785.1000 0.87938672
5786.0000 0.88232541
5786.9000 0.88798916
5787.8000 0.89049596
5788.7000 0.89098954
5789.6000 0.88776773
5790.5000 0.88505602
5791.4000 0.88752323
5792.3000 0.89216501
5793.2000 0.89428121
5794.1000 0.88994241
5795.0000 0.88601667
5795.9000 0.88376403
5796.8000 0.88084584
5797.7000 0.87963325
5798.6000 0.88126719
5799.5000 0.89030439
5800.4000 0.90013546
5801.3000 0.90102875
5802.2000 0.89523095
5803.1000 0.89061421
5804.0000 0.89233172
5804.9000 0.89463925
5805.8000 0.89295912
5806.7000 0.88791466
5807.6000 0.88288933
5808.5000 0.88602996
5809.4000 0.89167064
5810.3000 0.8908357
5811.2000 0.88624388
5812.1000 0.88399732
5813.0000 0.88528943
5813.9000 0.88711262
5814.8000 0.88646179
5815.7000 0.88354647
5816.6000 0.88348508
5817.5000 0.88946503
5818.4000 0.89556634
5819.3000 0.89509636
5820.2000 0.89263612
5821.1000 0.89055669
5822.0000 0.89215106
5822.9000 0.89750892
5823.8000 0.89659941
5824.7000 0.89249128
5825.6000 0.89337713
5826.5000 0.89543092
5827.4000 0.89485133
5828.3000 0.89583784
5829.2000 0.89772505
5830.1000 0.89396471
5831.0000 0.88851076
5831.9000 0.88656443
5832.8000 0.8879059
5833.7000 0.89297891
5834.6000 0.8941133
5835.5000 0.89140236
5836.4000 0.88916188
5837.3000 0.885544
5838.2000 0.88300711
5839.1000 0.88350254
5840.0000 0.88668674
5840.9000 0.88983011
5841.8000 0.88837099
5842.7000 0.88772351
5843.6000 0.89072078
5844.5000 0.89161956
5845.4000 0.89042139
5846.3000 0.8880623
5847.2000 0.88518327
5848.1000 0.88258809
5849.0000 0.88350809
5849.9000 0.88231897
5850.8000 0.87832326
5851.7000 0.87848139
5852.6000 0.87430561
5853.5000 0.86608821
5854.4000 0.86492765
5855.3000 0.87217945
5856.2000 0.87483776
5857.1000 0.86369902
5858.0000 0.85777456
5858.9000 0.86499882
5859.8000 0.87003034
5860.7000 0.8751421
5861.6000 0.87987149
5862.5000 0.8807593
5863.4000 0.88466889
5864.3000 0.88507229
5865.2000 0.88187718
5866.1000 0.87980163
5867.0000 0.87980253
5867.9000 0.88054323
5868.8000 0.87863535
5869.7000 0.87779576
5870.6000 0.88302767
5871.5000 0.89053255
5872.4000 0.89527792
5873.3000 0.89026213
5874.2000 0.88038164
5875.1000 0.87773025
5876.0000 0.88046634
5876.9000 0.88454181
5877.8000 0.88808787
5878.7000 0.8904683
5879.6000 0.88876903
5880.5000 0.88419807
5881.4000 0.88119179
5882.3000 0.87850004
5883.2000 0.87633681
5884.1000 0.87535638
5885.0000 0.87428373
5885.9000 0.87342811
5886.8000 0.87411225
5887.7000 0.87188751
5888.6000 0.84551364
5889.5000 0.79288155
5890.4000 0.77054501
5891.3000 0.80788732
5892.2000 0.85362428
5893.1000 0.867235
5894.0000 0.85609174
5894.9000 0.82482082
5895.8000 0.78750277
5896.7000 0.78991896
5897.6000 0.8305043
5898.5000 0.86062503
5899.4000 0.86753923
5900.3000 0.86739004
5901.2000 0.86971289
5902.1000 0.87205619
5903.0000 0.8687228
5903.9000 0.86584139
5904.8000 0.8656131
5905.7000 0.86453283
5906.6000 0.86373025
5907.5000 0.86255407
5908.4000 0.8603701
5909.3000 0.85915619
5910.2000 0.86310357
5911.1000 0.8677035
5912.0000 0.86542475
5912.9000 0.85636204
5913.8000 0.84696496
5914.7000 0.84592414
5915.6000 0.85444635
5916.5000 0.86313784
5917.4000 0.86721247
5918.3000 0.86552757
5919.2000 0.86334717
5920.1000 0.86563241
5921.0000 0.86609656
5921.9000 0.86265665
5922.8000 0.85924584
5923.7000 0.85864049
5924.6000 0.85776311
5925.5000 0.8575834
5926.4000 0.86100137
5927.3000 0.86009848
5928.2000 0.85528153
5929.1000 0.85346419
5930.0000 0.85223532
5930.9000 0.85079068
5931.8000 0.85225612
5932.7000 0.85832083
5933.6000 0.86393976
5934.5000 0.86008465
5935.4000 0.8546195
5936.3000 0.85866475
5937.2000 0.86616176
5938.1000 0.86679006
5939.0000 0.86400819
5939.9000 0.86392045
5940.8000 0.86203104
5941.7000 0.85894656
5942.6000 0.85835785
5943.5000 0.85843796
5944.4000 0.85572654
5945.3000 0.85213941
5946.2000 0.84912556
5947.1000 0.84798777
5948.0000 0.8464728
5948.9000 0.84345895
5949.8000 0.84436584
5950.7000 0.85018182
5951.6000 0.85571253
5952.5000 0.85767847
5953.4000 0.85800427
5954.3000 0.85906321
5955.2000 0.85998529
5956.1000 0.85928434
5957.0000 0.85519916
5957.9000 0.85026687
5958.8000 0.8473258
5959.7000 0.84810489
5960.6000 0.84966284
5961.5000 0.84913403
5962.4000 0.84886432
5963.3000 0.85313529
5964.2000 0.86139089
5965.1000 0.86605579
5966.0000 0.86039311
5966.9000 0.85217863
5967.8000 0.85094357
5968.7000 0.85552496
5969.6000 0.85750139
5970.5000 0.85744518
5971.4000 0.85958111
5972.3000 0.86031699
5973.2000 0.8588202
5974.1000 0.85586464
5975.0000 0.84835881
5975.9000 0.83987755
5976.8000 0.83887225
5977.7000 0.84401143
5978.6000 0.84840977
5979.5000 0.85282803
5980.4000 0.85748929
5981.3000 0.85800886
5982.2000 0.85456073
5983.1000 0.84713578
5984.0000 0.8372907
5984.9000 0.8332873
5985.8000 0.83931512
5986.7000 0.84530121
5987.6000 0.84415293
5988.5000 0.84366864
5989.4000 0.84478778
5990.3000 0.84274542
5991.2000 0.83762008
5992.1000 0.83612561
5993.0000 0.8416276
5993.9000 0.84818083
5994.8000 0.85009438
5995.7000 0.84850544
5996.6000 0.84345376
5997.5000 0.838144
5998.4000 0.83489287
5999.3000 0.83399296
6000.2000 0.83921891
6001.1000 0.84572053
6002.0000 0.84701329
6002.9000 0.84474617
6003.8000 0.84316862
6004.7000 0.84191495
6005.6000 0.84013122
6006.5000 0.84134948
6007.4000 0.83820099
6008.3000 0.82863605
6009.2000 0.82646298
6010.1000 0.83332419
6011.0000 0.84119385
6011.9000 0.84522617
6012.8000 0.84250671
6013.7000 0.83553481
6014.6000 0.83064979
6015.5000 0.82967699
6016.4000 0.8287605
6017.3000 0.8303864
6018.2000 0.83391607
6019.1000 0.83158696
6020.0000 0.82539701
6020.9000 0.82262397
6021.8000 0.82473356
6022.7000 0.82915354
6023.6000 0.8292703
6024.5000 0.82329649
6025.4000 0.82053602
6026.3000 0.82574946
6027.2000 0.83170748
6028.1000 0.8307507
6029.0000 0.82970291
6029.9000 0.83300012
6030.8000 0.83692586
6031.7000 0.83795536
6032.6000 0.83750385
6033.5000 0.83652794
6034.4000 0.83364904
6035.3000 0.83051538
6036.2000 0.82938248
6037.1000 0.83252591
6038.0000 0.8385703
6038.9000 0.83705342
6039.8000 0.83204877
6040.7000 0.83483303
6041.6000 0.83663136
6042.5000 0.82990777
6043.4000 0.82589775
6044.3000 0.82949871
6045.2000 0.83212304
6046.1000 0.83100396
6047.0000 0.83231348
6047.9000 0.83302397
6048.8000 0.83066911
6049.7000 0.82898605
6050.6000 0.83066511
6051.5000 0.83319438
6052.4000 0.83136928
6053.3000 0.82797086
6054.2000 0.82933718
6055.1000 0.82724845
6056.0000 0.81950754
6056.9000 0.81967354
6057.8000 0.82586437
6058.7000 0.82784319
6059.6000 0.82753968
6060.5000 0.83044493
6061.4000 0.83332384
6062.3000 0.832923
6063.2000 0.82944846
6064.1000 0.82156748
6065.0000 0.81304467
6065.9000 0.80917525
6066.8000 0.81660247
6067.7000 0.82706636
6068.6000 0.82457358
6069.5000 0.81882453
6070.4000 0.82115823
6071.3000 0.82527113
6072.2000 0.82726049
6073.1000 0.82724947
6074.0000 0.82768506
6074.9000 0.82821155
6075.8000 0.82442349
6076.7000 0.82016933
6077.6000 0.81509763
6078.5000 0.80873948
6079.4000 0.80756301
6080.3000 0.81085217
6081.2000 0.81265694
6082.1000 0.81035465
6083.0000 0.80557328
6083.9000 0.80341166
6084.8000 0.80625087
6085.7000 0.81322926
6086.6000 0.81743985
6087.5000 0.81500614
6088.4000 0.81113911
6089.3000 0.80830336
6090.2000 0.80560124
6091.1000 0.8036195
6092.0000 0.80512017
6092.9000 0.80826366
6093.8000 0.81030917
6094.7000 0.80977172
6095.6000 0.80580747
6096.5000 0.8008557
6097.4000 0.80047691
6098.3000 0.80536991
6099.2000 0.81157452
6100.1000 0.8131367
6101.0000 0.80833972
6101.9000 0.796772
6102.8000 0.78355962
6103.7000 0.78264225
6104.6000 0.79220349
6105.5000 0.80270308
6106.4000 0.80753642
6107.3000 0.80376732
6108.2000 0.79829907
6109.1000 0.80039543
6110.0000 0.80780625
6110.9000 0.81179404
6111.8000 0.80927378
6112.7000 0.80606419
6113.6000 0.80688143
6114.5000 0.81023628
6115.4000 0.81038833
6116.3000 0.80633324
6117.2000 0.80718178
6118.1000 0.81049496
6119.0000 0.80854839
6119.9000 0.80610257
6120.8000 0.80202746
6121.7000 0.79129595
6122.6000 0.78113204
6123.5000 0.78644997
6124.4000 0.79954183
6125.3000 0.80447555
6126.2000 0.80296683
6127.1000 0.80205464
6128.0000 0.80318207
6128.9000 0.80175561
6129.8000 0.79748619
6130.7000 0.79703504
6131.6000 0.79904008
6132.5000 0.80097175
6133.4000 0.80052978
6134.3000 0.79947168
6135.2000 0.79850286
6136.1000 0.78530395
6137.0000 0.76330483
6137.9000 0.75638598
6138.8000 0.77144223
6139.7000 0.78898418
6140.6000 0.7873773
6141.5000 0.77192408
6142.4000 0.76829809
6143.3000 0.7808224
6144.2000 0.79166883
6145.1000 0.79488254
6146.0000 0.79727328
6146.9000 0.79774213
6147.8000 0.79204839
6148.7000 0.78727454
6149.6000 0.7903564
6150.5000 0.79727811
6151.4000 0.79991513
6152.3000 0.79927397
6153.2000 0.79963642
6154.1000 0.79812354
6155.0000 0.79697621
6155.9000 0.7999711
6156.8000 0.8025825
6157.7000 0.80400836
6158.6000 0.80544728
6159.5000 0.80547559
6160.4000 0.80223
6161.3000 0.78753799
6162.2000 0.76980507
6163.1000 0.76922148
6164.0000 0.78258711
6164.9000 0.79075593
6165.8000 0.78759706
6166.7000 0.78587157
6167.6000 0.78912872
6168.5000 0.78720331
6169.4000 0.77650613
6170.3000 0.77150196
6171.2000 0.78223395
6172.1000 0.79372764
6173.0000 0.79373658
6173.9000 0.79158944
6174.8000 0.79242069
6175.7000 0.79409981
6176.6000 0.79448944
6177.5000 0.79360348
6178.4000 0.79188186
6179.3000 0.78868622
6180.2000 0.78747314
6181.1000 0.78849
6182.0000 0.78860551
6182.9000 0.78734428
6183.8000 0.78696352
6184.7000 0.79033053
6185.6000 0.79488599
6186.5000 0.79660738
6187.4000 0.79446381
6188.3000 0.79222393
6189.2000 0.79298115
6190.1000 0.7896933
6191.0000 0.7782014
6191.9000 0.77045256
6192.8000 0.77670658
6193.7000 0.7902146
6194.6000 0.79558384
6195.5000 0.79302913
6196.4000 0.78939044
6197.3000 0.78871566
6198.2000 0.79482454
6199.1000 0.79833353
6200.0000 0.79135698
6200.9000 0.78499609
6201.8000 0.78789878
6202.7000 0.7927016
6203.6000 0.7929219
6204.5000 0.79324257
6205.4000 0.7960642
6206.3000 0.79809946
6207.2000 0.79933619
6208.1000 0.79593104
6209.0000 0.78944737
6209.9000 0.78788507
6210.8000 0.79249263
6211.7000 0.79472953
6212.6000 0.79065478
6213.5000 0.78561765
6214.4000 0.78298086
6215.3000 0.78234899
6216.2000 0.78313553
6217.1000 0.78510976
6218.0000 0.78537816
6218.9000 0.78271639
6219.8000 0.78193003
6220.7000 0.78381091
6221.6000 0.78537548
6222.5000 0.78966635
6223.4000 0.7922641
6224.3000 0.78921795
6225.2000 0.78762031
6226.1000 0.78786755
6227.0000 0.78672552
6227.9000 0.78261787
6228.8000 0.77877432
6229.7000 0.77508527
6230.6000 0.76608473
6231.5000 0.761114
6232.4000 0.7694217
6233.3000 0.77935332
6234.2000 0.78476894
6235.1000 0.78882307
6236.0000 0.78940845
6236.9000 0.78420979
6237.8000 0.77656573
6238.7000 0.77777743
6239.6000 0.78538173
6240.5000 0.78820395
6241.4000 0.79042804
6242.3000 0.79441643
6243.2000 0.79201025
6244.1000 0.78331965
6245.0000 0.77648824
6245.9000 0.77138394
6246.8000 0.76815236
6247.7000 0.77157158
6248.6000 0.78155476
6249.5000 0.79110688
6250.4000 0.79257482
6251.3000 0.78374314
6252.2000 0.77070987
6253.1000 0.76340979
6254.0000 0.76389563
6254.9000 0.76568323
6255.8000 0.76786989
6256.7000 0.77125895
6257.6000 0.77714896
6258.5000 0.78353328
6259.4000 0.78504229
6260.3000 0.78207642
6261.2000 0.77952349
6262.1000 0.78172076
6263.0000 0.78448397
6263.9000 0.78106368
6264.8000 0.77556801
6265.7000 0.77446365
6266.6000 0.77825552
6267.5000 0.78398889
6268.4000 0.78495491
6269.3000 0.77926779
6270.2000 0.77687556
6271.1000 0.77738357
6272.0000 0.77624112
6272.9000 0.77630413
6273.8000 0.77680528
6274.7000 0.77483559
6275.6000 0.77528244
6276.5000 0.77906722
6277.4000 0.78059655
6278.3000 0.77949882
6279.2000 0.77911431
6280.1000 0.77943695
6281.0000 0.78144926
6281.9000 0.78348154
6282.8000 0.782332
6283.7000 0.78115255
6284.6000 0.77912498
6285.5000 0.77515751
6286.4000 0.77017689
6287.3000 0.76593721
6288.2000 0.76851189
6289.1000 0.77284706
6290.0000 0.76865548
6290.9000 0.76272953
6291.8000 0.76387006
6292.7000 0.7698139
6293.6000 0.77408606
6294.5000 0.77399433
6295.4000 0.7721988
6296.3000 0.77146834
6297.2000 0.77065212
6298.1000 0.76488578
6299.0000 0.75869745
6299.9000 0.75979263
6300.8000 0.75898612
6301.7000 0.75290883
6302.6000 0.75467592
6303.5000 0.76675028
6304.4000 0.77671361
6305.3000 0.7806105
6306.2000 0.77971119
6307.1000 0.77352583
6308.0000 0.76728612
6308.9000 0.76809829
6309.8000 0.76916528
6310.7000 0.7665562
6311.6000 0.76644909
6312.5000 0.76850408
6313.4000 0.76770151
6314.3000 0.76191443
6315.2000 0.75785512
6316.1000 0.75774568
6317.0000 0.75830239
6317.9000 0.756028
6318.8000 0.75185484
6319.7000 0.75423521
6320.6000 0.75832713
6321.5000 0.76050764
6322.4000 0.76084852
6323.3000 0.76318234
6324.2000 0.76638794
6325.1000 0.76721692
6326.0000 0.76501864
6326.9000 0.76332581
6327.8000 0.76410782
6328.7000 0.76652563
6329.6000 0.76771683
6330.5000 0.76882231
6331.4000 0.7706756
6332.3000 0.77322
6333.2000 0.7718035
6334.1000 0.76409215
6335.0000 0.75543803
6335.9000 0.74891448
6336.8000 0.74661213
6337.7000 0.74953592
6338.6000 0.7519666
6339.5000 0.75504237
6340.4000 0.76037973
6341.3000 0.76244533
6342.2000 0.76055372
6343.1000 0.75710422
6344.0000 0.75646138
6344.9000 0.75772476
6345.8000 0.75598443
6346.7000 0.75253373
6347.6000 0.75051749
6348.5000 0.75475448
6349.4000 0.76283795
6350.3000 0.76764268
6351.2000 0.77004957
6352.1000 0.77234226
6353.0000 0.77273858
6353.9000 0.76877087
6354.8000 0.7603358
6355.7000 0.75557148
6356.6000 0.75766289
6357.5000 0.75926936
6358.4000 0.75605309
6359.3000 0.75477606
6360.2000 0.75705844
6361.1000 0.75574648
6362.0000 0.75382787
6362.9000 0.75696427
6363.8000 0.76146686
6364.7000 0.76123863
6365.6000 0.76029402
6366.5000 0.76349747
6367.4000 0.76546311
6368.3000 0.76440543
6369.2000 0.76369709
6370.1000 0.76010472
6371.0000 0.75575686
6371.9000 0.75440681
6372.8000 0.75625509
6373.7000 0.76017237
6374.6000 0.76147014
6375.5000 0.76249808
6376.4000 0.76277596
6377.3000 0.75829887
6378.2000 0.7556175
6379.1000 0.75582451
6380.0000 0.75533289
6380.9000 0.75734389
6381.8000 0.76177317
6382.7000 0.76327717
6383.6000 0.76075238
6384.5000 0.75783032
6385.4000 0.75733608
6386.3000 0.75874245
6387.2000 0.76195532
6388.1000 0.76112425
6389.0000 0.75768423
6389.9000 0.75645339
6390.8000 0.75561798
6391.7000 0.75381416
6392.6000 0.74510044
6393.5000 0.7320894
6394.4000 0.72877407
6395.3000 0.7360298
6396.2000 0.74502397
6397.1000 0.75089085
6398.0000 0.75218791
6398.9000 0.74428201
6399.8000 0.72909302
6400.7000 0.72490847
6401.6000 0.73656219
6402.5000 0.74776524
6403.4000 0.75010824
6404.3000 0.74974483
6405.2000 0.74944842
6406.1000 0.74507272
6407.0000 0.74137491
6407.9000 0.7416274
6408.8000 0.74357587
6409.7000 0.74655163
6410.6000 0.74502271
6411.5000 0.73961592
6412.4000 0.741009
6413.3000 0.74788111
6414.2000 0.75126797
6415.1000 0.74991226
6416.0000 0.74628639
6416.9000 0.74215961
6417.8000 0.74011141
6418.7000 0.74017632
6419.6000 0.73658311
6420.5000 0.72924638
6421.4000 0.72656912
6422.3000 0.73342305
6423.2000 0.7439099
6424.1000 0.74907309
6425.0000 0.74999928
6425.9000 0.75139654
6426.8000 0.75388139
6427.7000 0.7570554
6428.6000 0.75698626
6429.5000 0.75130647
6430.4000 0.74204946
6431.3000 0.73370671
6432.2000 0.73367947
6433.1000 0.73772222
6434.0000 0.74289906
6434.9000 0.75141573
6435.8000 0.75699675
6436.7000 0.7553941
6437.6000 0.74811614
6438.5000 0.73466372
6439.4000 0.72169822
6440.3000 0.72239095
6441.2000 0.73617959
6442.1000 0.74841404
6443.0000 0.75201446
6443.9000 0.75145298
6444.8000 0.75210983
6445.7000 0.75572133
6446.6000 0.75637668
6447.5000 0.7523914
6448.4000 0.74706036
6449.3000 0.73956591
6450.2000 0.73437285
6451.1000 0.7386927
6452.0000 0.74692249
6452.9000 0.74907166
6453.8000 0.74516535
6454.7000 0.73890066
6455.6000 0.72797132
6456.5000 0.71726406
6457.4000 0.72101575
6458.3000 0.73398155
6459.2000 0.74175125
6460.1000 0.7424857
6461.0000 0.737499
6461.9000 0.72647846
6462.8000 0.71514761
6463.7000 0.71805304
6464.6000 0.73265469
6465.5000 0.74387997
6466.4000 0.74625528
6467.3000 0.74217159
6468.2000 0.73831749
6469.1000 0.73639613
6470.0000 0.73312265
6470.9000 0.72925329
6471.8000 0.72568041
6472.7000 0.72621441
6473.6000 0.72954649
6474.5000 0.72917396
6475.4000 0.72735912
6476.3000 0.72927469
6477.2000 0.73442334
6478.1000 0.73634142
6479.0000 0.73383051
6479.9000 0.73217881
6480.8000 0.73074526
6481.7000 0.72743905
6482.6000 0.72523862
6483.5000 0.72435421
6484.4000 0.72288001
6485.3000 0.72171855
6486.2000 0.72404867
6487.1000 0.72670448
6488.0000 0.72535318
6488.9000 0.7240445
6489.8000 0.72414201
6490.7000 0.72182894
6491.6000 0.71572548
6492.5000 0.70980942
6493.4000 0.70355248
6494.3000 0.69444978
6495.2000 0.68911159
6496.1000 0.6887567
6497.0000 0.69125277
6497.9000 0.70081502
6498.8000 0.71128988
6499.7000 0.71423507
6500.6000 0.71542734
6501.5000 0.71990657
6502.4000 0.72377956
6503.3000 0.7222985
6504.2000 0.7192573
6505.1000 0.71922439
6506.0000 0.72218341
6506.9000 0.72619069
6507.8000 0.72535366
6508.7000 0.72183812
6509.6000 0.72049338
6510.5000 0.72085774
6511.4000 0.72133857
6512.3000 0.72141421
6513.2000 0.7191987
6514.1000 0.71561265
6515.0000 0.71227312
6515.9000 0.70690048
6516.8000 0.70148218
6517.7000 0.70287472
6518.6000 0.70717233
6519.5000 0.70903969
6520.4000 0.71050328
6521.3000 0.71140671
6522.2000 0.71303517
6523.1000 0.71383369
6524.0000 0.71261156
6524.9000 0.71314949
6525.8000 0.71154475
6526.7000 0.70636052
6527.6000 0.70559186
6528.5000 0.71170574
6529.4000 0.71708506
6530.3000 0.71613342
6531.2000 0.71111977
6532.1000 0.70756698
6533.0000 0.70725679
6533.9000 0.70761603
6534.8000 0.7068249
6535.7000 0.707551
6536.6000 0.70761025
6537.5000 0.70340496
6538.4000 0.69809169
6539.3000 0.69706124
6540.2000 0.69912946
6541.1000 0.69850284
6542.0000 0.69580263
6542.9000 0.69366735
6543.8000 0.69167858
6544.7000 0.68852097
6545.6000 0.68029314
6546.5000 0.66933858
6547.4000 0.66738534
6548.3000 0.67401981
6549.2000 0.67896801
6550.1000 0.67762518
6551.0000 0.67272711
6551.9000 0.66620982
6552.8000 0.65927738
6553.7000 0.65411067
6554.6000 0.64830971
6555.5000 0.63985449
6556.4000 0.63078189
6557.3000 0.62190628
6558.2000 0.61101735
6559.1000 0.59602338
6560.0000 0.57484424
6560.9000 0.53469282
6561.8000 0.45722395
6562.7000 0.36617738
6563.6000 0.34008583
6564.5000 0.410842
6565.4000 0.50577247
6566.3000 0.56331742
6567.2000 0.59366328
6568.1000 0.61250585
6569.0000 0.62457561
6569.9000 0.63516599
6570.8000 0.64611447
6571.7000 0.65469533
6572.6000 0.66030079
6573.5000 0.66476184
6574.4000 0.66573876
6575.3000 0.6661213
6576.2000 0.6714673
6577.1000 0.67801046
6578.0000 0.68183619
6578.9000 0.68282402
6579.8000 0.6810478
6580.7000 0.68160433
6581.6000 0.68623239
6582.5000 0.69122428
6583.4000 0.69234145
6584.3000 0.68933225
6585.2000 0.68878168
6586.1000 0.69012535
6587.0000 0.68908596
6587.9000 0.68675953
6588.8000 0.68714625
6589.7000 0.69104868
6590.6000 0.69452631
6591.5000 0.6941902
6592.4000 0.68837559
6593.3000 0.68082577
6594.2000 0.68256229
6595.1000 0.691872
6596.0000 0.69790876
6596.9000 0.69860703
6597.8000 0.69746244
6598.7000 0.69703406
6599.6000 0.69836491
6600.5000 0.70149606
6601.4000 0.70385206
6602.3000 0.70281225
6603.2000 0.69954032
6604.1000 0.69562095
6605.0000 0.69475973
6605.9000 0.69669813
6606.8000 0.69627321
6607.7000 0.69287813
6608.6000 0.69082481
6609.5000 0.69204819
6610.4000 0.69232804
6611.3000 0.69230282
6612.2000 0.69498599
6613.1000 0.69645804
6614.0000 0.69894463
6614.9000 0.70307797
6615.8000 0.70392048
6616.7000 0.70473528
6617.6000 0.70563596
6618.5000 0.70204151
6619.4000 0.69977415
6620.3000 0.70265597
6621.2000 0.70555711
6622.1000 0.70517635
6623.0000 0.70442498
6623.9000 0.70262051
6624.8000 0.6995908
6625.7000 0.70009565
6626.6000 0.70149058
6627.5000 0.70062238
6628.4000 0.69793296
6629.3000 0.69717085
6630.2000 0.69825864
6631.1000 0.69754899
6632.0000 0.69593406
6632.9000 0.69457906
6633.8000 0.69215959
6634.7000 0.69043803
6635.6000 0.6935901
6636.5000 0.69861042
6637.4000 0.70165062
6638.3000 0.70084429
6639.2000 0.69750196
6640.1000 0.69394857
6641.0000 0.69045407
6641.9000 0.68757921
6642.8000 0.68639815
6643.7000 0.68854982
6644.6000 0.69208324
6645.5000 0.69733053
6646.4000 0.70049399
6647.3000 0.70002204
6648.2000 0.70103216
6649.1000 0.70106143
6650.0000 0.69714385
6650.9000 0.69338006
6651.8000 0.69319946
6652.7000 0.69395375
6653.6000 0.69376338
6654.5000 0.69634932
6655.4000 0.69916117
6656.3000 0.69731992
6657.2000 0.69528067
6658.1000 0.6948126
6659.0000 0.69430292
6659.9000 0.69393957
6660.8000 0.69379514
6661.7000 0.69427562
6662.6000 0.69065702
6663.5000 0.6837675
6664.4000 0.6830439
6665.3000 0.68729335
6666.2000 0.68970293
6667.1000 0.6890375
6668.0000 0.68751955
6668.9000 0.68594813
6669.8000 0.6840958
6670.7000 0.68335974
6671.6000 0.68368882
6672.5000 0.68771285
6673.4000 0.69225407
6674.3000 0.69311225
6675.2000 0.69312376
6676.1000 0.6926856
6677.0000 0.68801886
6677.9000 0.67909372
6678.8000 0.67413104
6679.7000 0.68190384
6680.6000 0.69401151
6681.5000 0.69848996
6682.4000 0.69713557
6683.3000 0.69502574
6684.2000 0.69365543
6685.1000 0.69377059
6686.0000 0.69494009
6686.9000 0.69383544
6687.8000 0.69060051
6688.7000 0.69181478
6689.6000 0.69603091
6690.5000 0.69848561
6691.4000 0.69664997
6692.3000 0.6919468
6693.2000 0.6901136
6694.1000 0.69250667
6695.0000 0.69502246
6695.9000 0.69542402
6696.8000 0.69465184
6697.7000 0.69488662
6698.6000 0.6934275
6699.5000 0.69087785
6700.4000 0.68986386
6701.3000 0.68835068
6702.2000 0.68828428
6703.1000 0.68924123
6704.0000 0.68978447
6704.9000 0.69016755
6705.8000 0.69083798
6706.7000 0.69354844
6707.6000 0.69489354
6708.5000 0.69279635
6709.4000 0.69040304
6710.3000 0.68964273
6711.2000 0.69161099
6712.1000 0.69264144
6713.0000 0.69101822
6713.9000 0.68948609
6714.8000 0.68851691
6715.7000 0.68870282
6716.6000 0.68697572
6717.5000 0.68309474
6718.4000 0.68212557
6719.3000 0.68450207
6720.2000 0.6884371
6721.1000 0.68906504
6722.0000 0.68596894
6722.9000 0.68570101
6723.8000 0.68937737
6724.7000 0.69211847
6725.6000 0.68917561
6726.5000 0.68329942
6727.4000 0.68182969
6728.3000 0.68459606
6729.2000 0.68745738
6730.1000 0.68630892
6731.0000 0.68381488
6731.9000 0.68378288
6732.8000 0.68446296
6733.7000 0.68566805
6734.6000 0.68613434
6735.5000 0.68690461
6736.4000 0.68809611
6737.3000 0.68802691
6738.2000 0.68805552
6739.1000 0.6879034
6740.0000 0.68862092
6740.9000 0.69140941
6741.8000 0.69065708
6742.7000 0.68601668
6743.6000 0.6821081
6744.5000 0.68281507
6745.4000 0.68509829
6746.3000 0.68451345
6747.2000 0.68637431
6748.1000 0.68917423
6749.0000 0.68745571
6749.9000 0.68503028
6750.8000 0.6861763
6751.7000 0.68889558
6752.6000 0.68811768
6753.5000 0.6858089
6754.4000 0.68572247
6755.3000 0.68657339
6756.2000 0.68692875
6757.1000 0.68616837
6758.0000 0.68506706
6758.9000 0.68412405
6759.8000 0.68273938
6760.7000 0.68280035
6761.6000 0.68496627
6762.5000 0.68839014
6763.4000 0.69136947
6764.3000 0.69201243
6765.2000 0.69081682
6766.1000 0.68857253
6767.0000 0.68629372
6767.9000 0.68459862
6768.8000 0.68299764
6769.7000 0.68293417
6770.6000 0.68373209
6771.5000 0.68290007
6772.4000 0.68051219
6773.3000 0.67691708
6774.2000 0.67577505
6775.1000 0.67699242
6776.0000 0.6790688
6776.9000 0.68164134
6777.8000 0.68318903
6778.7000 0.68287402
6779.6000 0.68107313
6780.5000 0.67828232
6781.4000 0.67618835
6782.3000 0.67721224
6783.2000 0.67988008
6784.1000 0.6813392
6785.0000 0.68233621
6785.9000 0.68265927
6786.8000 0.68271554
6787.7000 0.68365598
6788.6000 0.68382657
6789.5000 0.6841715
6790.4000 0.6849919
6791.3000 0.68510205
6792.2000 0.68710476
6793.1000 0.68987459
6794.0000 0.68861002
6794.9000 0.6832149
6795.8000 0.68129647
6796.7000 0.68356961
6797.6000 0.68348652
6798.5000 0.68140966
6799.4000 0.68099189
6800.3000 0.68186373
6801.2000 0.68212503
6802.1000 0.68147457
6803.0000 0.68007153
6803.9000 0.67720598
6804.8000 0.67378056
6805.7000 0.67453063
6806.6000 0.6776492
6807.5000 0.67871296
6808.4000 0.67737478
6809.3000 0.67653716
6810.2000 0.67871374
6811.1000 0.68005359
6812.0000 0.67739105
6812.9000 0.67291933
6813.8000 0.67121005
6814.7000 0.67703271
6815.6000 0.68363446
6816.5000 0.6842128
6817.4000 0.68461698
6818.3000 0.68547112
6819.2000 0.68328321
6820.1000 0.67888373
6821.0000 0.67794353
6821.9000 0.67965138
6822.8000 0.67939115
6823.7000 0.67766851
6824.6000 0.67656916
6825.5000 0.67683929
6826.4000 0.67785615
6827.3000 0.67389297
6828.2000 0.66605091
6829.1000 0.66510642
6830.0000 0.67179507
6830.9000 0.67651099
6831.8000 0.67683733
6832.7000 0.67513925
6833.6000 0.67331219
6834.5000 0.67404085
6835.4000 0.67500979
6836.3000 0.67678881
6837.2000 0.67949921
6838.1000 0.67776555
6839.0000 0.67412049
6839.9000 0.67126775
6840.8000 0.66852832
6841.7000 0.6669969
6842.6000 0.66761601
6843.5000 0.66987753
6844.4000 0.67267305
6845.3000 0.67470932
6846.2000 0.67603219
6847.1000 0.67371798
6848.0000 0.66955751
6848.9000 0.66945899
6849.8000 0.66940516
6850.7000 0.66804266
6851.6000 0.66679555
6852.5000 0.66911256
6853.4000 0.67517012
6854.3000 0.67660517
6855.2000 0.66900045
6856.1000 0.66099942
6857.0000 0.66102093
6857.9000 0.66587156
6858.8000 0.66899014
6859.7000 0.67005861
6860.6000 0.66853505
6861.5000 0.66595083
6862.4000 0.66740292
6863.3000 0.67107511
6864.2000 0.67351454
6865.1000 0.67175335
6866.0000 0.66999012
6866.9000 0.6704548
6867.8000 0.66819173
6868.7000 0.66707408
6869.6000 0.67024618
6870.5000 0.67299891
6871.4000 0.67316943
6872.3000 0.67179531
6873.2000 0.67126626
6874.1000 0.66972631
6875.0000 0.66775596
6875.9000 0.6684674
6876.8000 0.67189187
6877.7000 0.67545432
6878.6000 0.67411476
6879.5000 0.66843188
6880.4000 0.664626
6881.3000 0.66680253
6882.2000 0.66923672
6883.1000 0.6651451
6884.0000 0.65938199
6884.9000 0.6594919
6885.8000 0.6631099
6886.7000 0.66735882
6887.6000 0.66841203
6888.5000 0.6658479
6889.4000 0.66239583
6890.3000 0.65829521
6891.2000 0.65810257
6892.1000 0.66170245
6893.0000 0.66555017
6893.9000 0.66733474
6894.8000 0.66708732
6895.7000 0.66909015
6896.6000 0.66913235
6897.5000 0.6641621
6898.4000 0.66005045
6899.3000 0.65980834
6900.2000 0.66139519
6901.1000 0.66341031
6902.0000 0.66463768
6902.9000 0.66154057
6903.8000 0.6569531
6904.7000 0.65678287
6905.6000 0.65939409
6906.5000 0.66123044
6907.4000 0.65998954
6908.3000 0.65555131
6909.2000 0.65314889
6910.1000 0.65151411
6911.0000 0.64824045
6911.9000 0.6456635
6912.8000 0.64565313
6913.7000 0.64837968
6914.6000 0.64938104
6915.5000 0.64930493
6916.4000 0.64866775
6917.3000 0.64590698
6918.2000 0.64517939
6919.1000 0.64720547
6920.0000 0.64879662
6920.9000 0.65100092
6921.8000 0.65382159
6922.7000 0.65439731
6923.6000 0.64975095
6924.5000 0.64433134
6925.4000 0.64529717
6926.3000 0.65202117
6927.2000 0.65866262
6928.1000 0.65917289
6929.0000 0.65771359
6929.9000 0.65723789
6930.8000 0.65640372
6931.7000 0.65670097
6932.6000 0.65528297
6933.5000 0.65192348
6934.4000 0.65220028
6935.3000 0.65507168
6936.2000 0.65538436
6937.1000 0.65078056
6938.0000 0.64734781
6938.9000 0.6493876
6939.8000 0.65220594
6940.7000 0.65161353
6941.6000 0.64837044
6942.5000 0.64902687
6943.4000 0.65181619
6944.3000 0.64688456
6945.2000 0.6372577
6946.1000 0.6329971
6947.0000 0.63801718
6947.9000 0.64600253
6948.8000 0.64972782
6949.7000 0.65049171
6950.6000 0.64887923
6951.5000 0.64659691
6952.4000 0.64834714
6953.3000 0.65039957
6954.2000 0.64999849
6955.1000 0.64719391
6956.0000 0.64605188
6956.9000 0.64807814
6957.8000 0.64866054
6958.7000 0.64832425
6959.6000 0.6499424
6960.5000 0.65263724
6961.4000 0.65119421
6962.3000 0.64483708
6963.2000 0.64146066
6964.1000 0.64367574
6965.0000 0.64598697
6965.9000 0.64380282
6966.8000 0.64123315
6967.7000 0.64307779
6968.6000 0.64281821
6969.5000 0.63970971
6970.4000 0.63903588
6971.3000 0.64005387
6972.2000 0.64225084
6973.1000 0.64492476
6974.0000 0.64616978
6974.9000 0.64619803
6975.8000 0.64602458
6976.7000 0.64572144
6977.6000 0.64231318
6978.5000 0.63696122
6979.4000 0.63711059
6980.3000 0.64242089
6981.2000 0.64739233
6982.1000 0.6495254
6983.0000 0.64865345
6983.9000 0.64735246
6984.8000 0.64899957
6985.7000 0.65437227
6986.6000 0.65665501
6987.5000 0.65300679
6988.4000 0.64712495
6989.3000 0.64342594
6990.2000 0.64624768
6991.1000 0.6510672
6992.0000 0.65259266
6992.9000 0.65367937
6993.8000 0.65500528
6994.7000 0.65392989
6995.6000 0.65080017
6996.5000 0.64987814
6997.4000 0.65253317
6998.3000 0.65266478
6999.2000 0.64881271
7000.1000 0.64731038
7001.0000 0.65100515
7001.9000 0.65457743
7002.8000 0.65390629
7003.7000 0.65103191
7004.6000 0.64747655
7005.5000 0.64290577
7006.4000 0.64070845
7007.3000 0.64129925
7008.2000 0.64033508
7009.1000 0.63856018
7010.0000 0.64205456
7010.9000 0.64857948
7011.8000 0.65061831
7012.7000 0.64814562
7013.6000 0.64540583
7014.5000 0.64547461
7015.4000 0.64578509
7016.3000 0.64185375
7017.2000 0.6371361
7018.1000 0.63634491
7019.0000 0.63797134
7019.9000 0.64093018
7020.8000 0.64401466
7021.7000 0.64335835
7022.6000 0.63904327
7023.5000 0.63466233
7024.4000 0.63194203
7025.3000 0.63074082
7026.2000 0.63449603
7027.1000 0.64105707
7028.0000 0.64314187
7028.9000 0.64051104
7029.8000 0.63657784
7030.7000 0.63584143
7031.6000 0.6385048
7032.5000 0.63996291
7033.4000 0.63971144
7034.3000 0.63690931
7035.2000 0.6310606
7036.1000 0.63154346
7037.0000 0.63840407
7037.9000 0.64235616
7038.8000 0.6410948
7039.7000 0.63971114
7040.6000 0.64236349
7041.5000 0.6454643
7042.4000 0.64753073
7043.3000 0.65041006
7044.2000 0.65272361
7045.1000 0.6539101
7046.0000 0.65224504
7046.9000 0.6488995
7047.8000 0.64966065
7048.7000 0.65347254
7049.6000 0.655303
7050.5000 0.65543097
7051.4000 0.65587431
7052.3000 0.65627944
7053.2000 0.65542811
7054.1000 0.65445244
7055.0000 0.65538061
7055.9000 0.65841472
7056.8000 0.65752488
7057.7000 0.65087503
7058.6000 0.64643085
7059.5000 0.64791781
7060.4000 0.64842099
7061.3000 0.64667171
7062.2000 0.64563155
7063.1000 0.64484149
7064.0000 0.64699632
7064.9000 0.65101665
7065.8000 0.64997149
7066.7000 0.64628118
7067.6000 0.64333576
7068.5000 0.64130837
7069.4000 0.64208484
7070.3000 0.64287812
7071.2000 0.64294398
7072.1000 0.64370728
7073.0000 0.64462399
7073.9000 0.64742124
7074.8000 0.65145576
7075.7000 0.65531957
7076.6000 0.65444797
7077.5000 0.64883655
7078.4000 0.64468104
7079.3000 0.64425004
7080.2000 0.6450246
7081.1000 0.64429766
7082.0000 0.64222205
7082.9000 0.63864988
7083.8000 0.63205099
7084.7000 0.62442213
7085.6000 0.61676908
7086.5000 0.61316347
7087.4000 0.61354214
7088.3000 0.61199349
7089.2000 0.60941678
7090.1000 0.6059618
7091.0000 0.60123217
7091.9000 0.59746492
7092.8000 0.59414524
7093.7000 0.59187818
7094.6000 0.59013009
7095.5000 0.58798671
7096.4000 0.58372617
7097.3000 0.57735395
7098.2000 0.58423841
7099.1000 0.62330323
7100.0000 0.63465565
7100.9000 0.63707829
7101.8000 0.63759935
7102.7000 0.63721311
7103.6000 0.63940573
7104.5000 0.64352357
7105.4000 0.64618754
7106.3000 0.64601624
7107.2000 0.64307809
7108.1000 0.6388886
7109.0000 0.63850474
7109.9000 0.64075774
7110.8000 0.64134026
7111.7000 0.64195603
7112.6000 0.64332527
7113.5000 0.64382935
7114.4000 0.64212668
7115.3000 0.63956302
7116.2000 0.64028984
7117.1000 0.63978934
7118.0000 0.63691759
7118.9000 0.63638484
7119.8000 0.63644153
7120.7000 0.63552445
7121.6000 0.63236266
7122.5000 0.63084185
7123.4000 0.63396943
7124.3000 0.63791764
7125.2000 0.63972878
7126.1000 0.63910776
7127.0000 0.63905692
7127.9000 0.63756108
7128.8000 0.63392502
7129.7000 0.6298753
7130.6000 0.62647688
7131.5000 0.62664056
7132.4000 0.63141841
7133.3000 0.63623744
7134.2000 0.63925618
7135.1000 0.64071953
7136.0000 0.63982272
7136.9000 0.63854784
7137.8000 0.63700509
7138.7000 0.63434756
7139.6000 0.63082206
7140.5000 0.6286512
7141.4000 0.62982458
7142.3000 0.63220686
7143.2000 0.63442034
7144.1000 0.63531876
7145.0000 0.63564867
7145.9000 0.63542837
7146.8000 0.63106614
7147.7000 0.62402415
7148.6000 0.62123865
7149.5000 0.62686402
7150.4000 0.63472408
7151.3000 0.63817549
7152.2000 0.6369068
7153.1000 0.63422549
7154.0000 0.63484794
7154.9000 0.63777822
7155.8000 0.63999897
7156.7000 0.64227378
7157.6000 0.6429947
7158.5000 0.63991213
7159.4000 0.63563198
7160.3000 0.63316196
7161.2000 0.63455725
7162.1000 0.6370337
7163.0000 0.63577259
7163.9000 0.62852901
7164.8000 0.62284559
7165.7000 0.62568206
7166.6000 0.63165849
7167.5000 0.63620979
7168.4000 0.640113
7169.3000 0.64148033
7170.2000 0.64102185
7171.1000 0.64268726
7172.0000 0.64511877
7172.9000 0.64598292
7173.8000 0.64617139
7174.7000 0.6428377
7175.6000 0.63780278
7176.5000 0.6379177
7177.4000 0.64181691
7178.3000 0.64341867
7179.2000 0.63927597
7180.1000 0.63386929
7181.0000 0.63035882
7181.9000 0.62951016
7182.8000 0.63241524
7183.7000 0.6342079
7184.6000 0.6351558
7185.5000 0.63668644
7186.4000 0.63525128
7187.3000 0.6333034
7188.2000 0.63389039
7189.1000 0.63306928
7190.0000 0.63268554
7190.9000 0.63643771
7191.8000 0.63798076
7192.7000 0.63662237
7193.6000 0.63332742
7194.5000 0.63190818
7195.4000 0.63280666
7196.3000 0.63333255
7197.2000 0.63502848
7198.1000 0.63689089
7199.0000 0.6395514
7199.9000 0.64132762
7200.8000 0.64067692
7201.7000 0.63710445
7202.6000 0.63021934
7203.5000 0.62696373
7204.4000 0.62970644
7205.3000 0.63132411
7206.2000 0.6281966
7207.1000 0.62443346
7208.0000 0.62519294
7208.9000 0.62984711
7209.8000 0.63566947
7210.7000 0.63920933
7211.6000 0.63904071
7212.5000 0.63942003
7213.4000 0.64151472
7214.3000 0.6394521
7215.2000 0.63667536
7216.1000 0.63837743
7217.0000 0.64233637
7217.9000 0.64676559
7218.8000 0.64959854
7219.7000 0.64993072
7220.6000 0.64832634
7221.5000 0.64525622
7222.4000 0.6434958
7223.3000 0.64408606
7224.2000 0.64714509
7225.1000 0.64687741
7226.0000 0.64164877
7226.9000 0.63910985
7227.8000 0.64233375
7228.7000 0.64578897
7229.6000 0.64528441
7230.5000 0.64526939
7231.4000 0.64782369
7232.3000 0.65110695
7233.2000 0.65277702
7234.1000 0.65219569
7235.0000 0.65177029
7235.9000 0.65059882
7236.8000 0.6446178
7237.7000 0.63838232
7238.6000 0.63553166
7239.5000 0.6364333
7240.4000 0.6413095
7241.3000 0.64523447
7242.2000 0.64658135
7243.1000 0.64438021
7244.0000 0.64154357
7244.9000 0.64007211
7245.8000 0.63829935
7246.7000 0.63694644
7247.6000 0.63395107
7248.5000 0.63049448
7249.4000 0.62793273
7250.3000 0.62659425
7251.2000 0.62947673
7252.1000 0.63477504
7253.0000 0.63966668
7253.9000 0.6412043
7254.8000 0.63721687
7255.7000 0.63241422
7256.6000 0.63294351
7257.5000 0.635822
7258.4000 0.63888133
7259.3000 0.63898981
7260.2000 0.63799042
7261.1000 0.63522375
7262.0000 0.63188398
7262.9000 0.63187075
7263.8000 0.63444263
7264.7000 0.63613266
7265.6000 0.63587677
7266.5000 0.63469607
7267.4000 0.63058084
7268.3000 0.62747133
7269.2000 0.62991184
7270.1000 0.63196069
7271.0000 0.6322366
7271.9000 0.63081807
7272.8000 0.62922943
7273.7000 0.62945759
7274.6000 0.62854159
7275.5000 0.62902158
7276.4000 0.63123035
7277.3000 0.63276702
7278.2000 0.63665581
7279.1000 0.63825923
7280.0000 0.63779926
7280.9000 0.63864547
7281.8000 0.63939291
7282.7000 0.63867939
7283.6000 0.63539994
7284.5000 0.62998486
7285.4000 0.62727767
7286.3000 0.62819088
7287.2000 0.62814647
7288.1000 0.62323594
7289.0000 0.61603135
7289.9000 0.61430204
7290.8000 0.61929613
7291.7000 0.62329447
7292.6000 0.62368721
7293.5000 0.62449902
7294.4000 0.6261515
7295.3000 0.62774974
7296.2000 0.6275689
7297.1000 0.6250459
7298.0000 0.62226826
7298.9000 0.62163579
7299.8000 0.61941278
7300.7000 0.61880857
7301.6000 0.62083656
7302.5000 0.62426651
7303.4000 0.62764013
7304.3000 0.62889946
7305.2000 0.63003123
7306.1000 0.63059431
7307.0000 0.62928623
7307.9000 0.62871957
7308.8000 0.6301825
7309.7000 0.6345312
7310.6000 0.63564509
7311.5000 0.63560349
7312.4000 0.63615364
7313.3000 0.63490117
7314.2000 0.63381553
7315.1000 0.6360389
7316.0000 0.63786888
7316.9000 0.63839245
7317.8000 0.63751054
7318.7000 0.63502729
7319.6000 0.63276607
7320.5000 0.62995243
7321.4000 0.62765867
7322.3000 0.62643009
7323.2000 0.62478822
7324.1000 0.62248421
7325.0000 0.61994064
7325.9000 0.61625171
7326.8000 0.61369407
7327.7000 0.61488199
7328.6000 0.61887777
7329.5000 0.62142289
7330.4000 0.61919892
7331.3000 0.61496162
7332.2000 0.61436564
7333.1000 0.61725289
7334.0000 0.61851043
7334.9000 0.61888295
7335.8000 0.61925745
7336.7000 0.6180135
7337.6000 0.6162492
7338.5000 0.61364329
7339.4000 0.61100042
7340.3000 0.61113751
7341.2000 0.61298943
7342.1000 0.61457145
7343.0000 0.61539412
7343.9000 0.61773425
7344.8000 0.61933297
7345.7000 0.61915886
7346.6000 0.61768287
7347.5000 0.61518997
7348.4000 0.61378843
7349.3000 0.61125034
7350.2000 0.60876697
7351.1000 0.60862291
7352.0000 0.60906351
7352.9000 0.60966188
7353.8000 0.61047024
7354.7000 0.60928178
7355.6000 0.60654318
7356.5000 0.60648125
7357.4000 0.60832977
7358.3000 0.60791141
7359.2000 0.60697573
7360.1000 0.60728979
7361.0000 0.60993284
7361.9000 0.61250645
7362.8000 0.61194229
7363.7000 0.61112213
7364.6000 0.60867584
7365.5000 0.60492843
7366.4000 0.60189104
7367.3000 0.59934568
7368.2000 0.59879118
7369.1000 0.59976828
7370.0000 0.60233134
7370.9000 0.60396218
7371.8000 0.60202539
7372.7000 0.5979811
7373.6000 0.59553355
7374.5000 0.59644979
7375.4000 0.59760076
7376.3000 0.59651339
7377.2000 0.59408432
7378.1000 0.59461492
7379.0000 0.59735829
7379.9000 0.59869158
7380.8000 0.59911561
7381.7000 0.59842199
7382.6000 0.59667164
7383.5000 0.59532034
7384.4000 0.59519362
7385.3000 0.59467602
7386.2000 0.59249461
7387.1000 0.59062582
7388.0000 0.58917546
7388.9000 0.58749747
7389.8000 0.58936691
7390.7000 0.59684867
7391.6000 0.60170394
7392.5000 0.59933406
7393.4000 0.59526598
7394.3000 0.59306169
7395.2000 0.5941785
7396.1000 0.59732378
7397.0000 0.59898192
7397.9000 0.60013634
7398.8000 0.60235351
7399.7000 0.60511488
7400.6000 0.60649365
7401.5000 0.6074062
7402.4000 0.60855222
7403.3000 0.6081472
7404.2000 0.60440409
7405.1000 0.59763324
7406.0000 0.59414309
7406.9000 0.5957858
7407.8000 0.5968377
7408.7000 0.59553754
7409.6000 0.59392017
7410.5000 0.5951705
7411.4000 0.59730721
7412.3000 0.48953193
7413.2000 0.1128799
7414.1000 0.00234205
7415.0000 0.00000275
7415.9000 0
7416.8000 0
7417.7000 0
7418.6000 0
7419.5000 0
7420.4000 0
7421.3000 0
7422.2000 0
7423.1000 0
7424.0000 0
7424.9000 0
7425.8000 0
7426.7000 0
7427.6000 0
7428.5000 0
7429.4000 0
