3500.0000 0
3500.9000 0
3501.8000 0
3502.7000 0
3503.6000 0
3504.5000 0
3505.4000 0
3506.3000 0
3507.2000 0
3508.1000 0
3509.0000 0
3509.9000 0
3510.8000 0
3511.7000 0
3512.6000 0
3513.5000 0
3514.4000 0
3515.3000 0
3516.2000 0
3517.1000 0
3518.0000 0
3518.9000 0
3519.8000 0
3520.7000 0
3521.6000 0
3522.5000 0
3523.4000 0
3524.3000 0
3525.2000 0
3526.1000 0
3527.0000 0
3527.9000 0
3528.8000 0
3529.7000 0
3530.6000 0
3531.5000 0
3532.4000 0
3533.3000 0
3534.2000 0.00000001
3535.1000 0.01777755
3536.0000 0.54883021
3536.9000 0.5519703
3537.8000 0.56462139
3538.7000 0.60152674
3539.6000 0.60738415
3540.5000 0.56709194
3541.4000 0.53933966
3542.3000 0.5565514
3543.2000 0.59364551
3544.1000 0.62062156
3545.0000 0.62298489
3545.9000 0.62813604
3546.8000 0.61479241
3547.7000 0.60514057
3548.6000 0.61647522
3549.5000 0.63824952
3550.4000 0.63429129
3551.3000 0.61542004
3552.2000 0.58426738
3553.1000 0.54494298
3554.0000 0.50988275
3554.9000 0.51770592
3555.8000 0.5529992
3556.7000 0.56876677
3557.6000 0.55051643
3558.5000 0.53179932
3559.4000 0.54111505
3560.3000 0.56899112
3561.2000 0.59736288
3562.1000 0.61986226
3563.0000 0.62018442
3563.9000 0.55716389
3564.8000 0.44090968
3565.7000 0.36884841
3566.6000 0.3892042
3567.5000 0.43900084
3568.4000 0.42741054
3569.3000 0.35799983
3570.2000 0.3194375
3571.1000 0.33751068
3572.0000 0.4120487
3572.9000 0.46180108
3573.8000 0.47728226
3574.7000 0.48506418
3575.6000 0.50440645
3576.5000 0.52977616
3577.4000 0.49923691
3578.3000 0.4273515
3579.2000 0.37791488
3580.1000 0.30840221
3581.0000 0.24641638
3581.9000 0.28199115
3582.8000 0.37433466
3583.7000 0.39477608
3584.6000 0.32851845
3585.5000 0.27734432
3586.4000 0.29122889
3587.3000 0.34358048
3588.2000 0.40174299
3589.1000 0.44909292
3590.0000 0.52463365
3590.9000 0.59770179
3591.8000 0.60773772
3592.7000 0.54474038
3593.6000 0.51126719
3594.5000 0.55661005
3595.4000 0.62171257
3596.3000 0.65134352
3597.2000 0.63005179
3598.1000 0.62271523
3599.0000 0.64591938
3599.9000 0.67806959
3600.8000 0.66275072
3601.7000 0.58272791
3602.6000 0.51401049
3603.5000 0.49135044
3604.4000 0.47113013
3605.3000 0.44698033
3606.2000 0.46599162
3607.1000 0.46694282
3608.0000 0.38783562
3608.9000 0.32510298
3609.8000 0.35107043
3610.7000 0.43690068
3611.6000 0.51079756
3612.5000 0.51013768
3613.4000 0.49808636
3614.3000 0.53898472
3615.2000 0.58242482
3616.1000 0.56663668
3617.0000 0.47638607
3617.9000 0.35076147
3618.8000 0.27942401
3619.7000 0.33683461
3620.6000 0.43990704
3621.5000 0.51509237
3622.4000 0.55964202
3623.3000 0.5539254
3624.2000 0.54586601
3625.1000 0.60535991
3626.0000 0.66921228
3626.9000 0.68172002
3627.8000 0.66947746
3628.7000 0.6441049
3629.6000 0.55691385
3630.5000 0.4076674
3631.4000 0.33148578
3632.3000 0.38460839
3633.2000 0.45212865
3634.1000 0.46365336
3635.0000 0.47719803
3635.9000 0.51029658
3636.8000 0.53170949
3637.7000 0.55532485
3638.6000 0.59465307
3639.5000 0.61897534
3640.4000 0.61508775
3641.3000 0.60014552
3642.2000 0.57050353
3643.1000 0.52678818
3644.0000 0.49014568
3644.9000 0.48009244
3645.8000 0.48294124
3646.7000 0.4379051
3647.6000 0.38380095
3648.5000 0.39909962
3649.4000 0.44376031
3650.3000 0.49064595
3651.2000 0.54516387
3652.1000 0.61313951
3653.0000 0.63890439
3653.9000 0.63803852
3654.8000 0.62408698
3655.7000 0.63313967
3656.6000 0.66661519
3657.5000 0.67451161
3658.4000 0.68890071
3659.3000 0.69389796
3660.2000 0.68770856
3661.1000 0.69564539
3662.0000 0.68129152
3662.9000 0.64580262
3663.8000 0.61791205
3664.7000 0.63774133
3665.6000 0.64675611
3666.5000 0.63671255
3667.4000 0.63992661
3668.3000 0.60954851
3669.2000 0.57892895
3670.1000 0.58722734
3671.0000 0.64644039
3671.9000 0.69493484
3672.8000 0.67569041
3673.7000 0.65334874
3674.6000 0.6678465
3675.5000 0.66678631
3676.4000 0.62219226
3677.3000 0.57761425
3678.2000 0.5553506
3679.1000 0.5291639
3680.0000 0.50131291
3680.9000 0.53586775
3681.8000 0.58238542
3682.7000 0.59621143
3683.6000 0.60616159
3684.5000 0.58704978
3685.4000 0.53865486
3686.3000 0.49731016
3687.2000 0.47348961
3688.1000 0.49294707
3689.0000 0.55558395
3689.9000 0.6318168
3690.8000 0.7078014
3691.7000 0.73802888
3692.6000 0.6820876
3693.5000 0.61473113
3694.4000 0.6192894
3695.3000 0.65506566
3696.2000 0.66931504
3697.1000 0.67333984
3698.0000 0.6923371
3698.9000 0.71727788
3699.8000 0.72418106
3700.7000 0.7025972
3701.6000 0.68008369
3702.5000 0.65290022
3703.4000 0.5828709
3704.3000 0.48646009
3705.2000 0.42211509
3706.1000 0.43049675
3707.0000 0.45858678
3707.9000 0.4499028
3708.8000 0.45118919
3709.7000 0.51063812
3710.6000 0.60017765
3711.5000 0.66928017
3712.4000 0.73302579
3713.3000 0.78591388
3714.2000 0.80117029
3715.1000 0.7463215
3716.0000 0.68882698
3716.9000 0.66206157
3717.8000 0.5846166
3718.7000 0.43765298
3719.6000 0.31098074
3720.5000 0.28107741
3721.4000 0.30305305
3722.3000 0.36738887
3723.2000 0.48193032
3724.1000 0.59272873
3725.0000 0.65829605
3725.9000 0.65471393
3726.8000 0.54294211
3727.7000 0.50191009
3728.6000 0.58893991
3729.5000 0.6401583
3730.4000 0.60265648
3731.3000 0.54687798
3732.2000 0.46926349
3733.1000 0.35364553
3734.0000 0.26807877
3734.9000 0.23600304
3735.8000 0.2440754
3736.7000 0.26861981
3737.6000 0.3405343
3738.5000 0.45594358
3739.4000 0.54407895
3740.3000 0.6009506
3741.2000 0.61457402
3742.1000 0.55913877
3743.0000 0.46428907
3743.9000 0.40616444
3744.8000 0.35950497
3745.7000 0.32315201
3746.6000 0.33799317
3747.5000 0.32007381
3748.4000 0.25958952
3749.3000 0.25939018
3750.2000 0.36369622
3751.1000 0.50406796
3752.0000 0.58436012
3752.9000 0.6126641
3753.8000 0.6629169
3754.7000 0.72602451
3755.6000 0.72762978
3756.5000 0.62474555
3757.4000 0.46517694
3758.3000 0.37915581
3759.2000 0.43331027
3760.1000 0.53333503
3761.0000 0.58114523
3761.9000 0.57052213
3762.8000 0.51424968
3763.7000 0.47882307
3764.6000 0.5142222
3765.5000 0.5355078
3766.4000 0.49002504
3767.3000 0.47775042
3768.2000 0.54311186
3769.1000 0.59611928
3770.0000 0.58881462
3770.9000 0.59555399
3771.8000 0.64704716
3772.7000 0.69250166
3773.6000 0.69758707
3774.5000 0.68134469
3775.4000 0.67222852
3776.3000 0.68083823
3777.2000 0.6922003
3778.1000 0.6989246
3779.0000 0.7159856
3779.9000 0.75292915
3780.8000 0.77010298
3781.7000 0.76200396
3782.6000 0.74906838
3783.5000 0.76223052
3784.4000 0.76540565
3785.3000 0.68525618
3786.2000 0.58421701
3787.1000 0.54359442
3788.0000 0.53686035
3788.9000 0.53930515
3789.8000 0.54318285
3790.7000 0.5923993
3791.6000 0.64083934
3792.5000 0.61511046
3793.4000 0.56217378
3794.3000 0.51259589
3795.2000 0.51323354
3796.1000 0.54406029
3797.0000 0.50961357
3797.9000 0.43606454
3798.8000 0.4296999
3799.7000 0.51299942
3800.6000 0.60946769
3801.5000 0.65861607
3802.4000 0.70961285
3803.3000 0.75646776
3804.2000 0.75107956
3805.1000 0.71822566
3806.0000 0.66429693
3806.9000 0.61828113
3807.8000 0.63827634
3808.7000 0.69437975
3809.6000 0.7378239
3810.5000 0.75001818
3811.4000 0.71685618
3812.3000 0.63736582
3813.2000 0.54748785
3814.1000 0.48860988
3815.0000 0.43333292
3815.9000 0.42220095
3816.8000 0.49377677
3817.7000 0.55110443
3818.6000 0.51043826
3819.5000 0.39856121
3820.4000 0.33461276
3821.3000 0.39495328
3822.2000 0.49305525
3823.1000 0.49556211
3824.0000 0.40213951
3824.9000 0.31313944
3825.8000 0.28491801
3826.7000 0.29984474
3827.6000 0.31392968
3828.5000 0.32471833
3829.4000 0.35528025
3830.3000 0.38402456
3831.2000 0.35887316
3832.1000 0.30286077
3833.0000 0.27907822
3833.9000 0.29243186
3834.8000 0.34444186
3835.7000 0.39304519
3836.6000 0.38551551
3837.5000 0.33074281
3838.4000 0.28826991
3839.3000 0.28543198
3840.2000 0.30678585
3841.1000 0.38609552
3842.0000 0.50376886
3842.9000 0.58718199
3843.8000 0.62204701
3844.7000 0.61903131
3845.6000 0.60999417
3846.5000 0.62452894
3847.4000 0.66049999
3848.3000 0.65027058
3849.2000 0.56753129
3850.1000 0.51956224
3851.0000 0.57231337
3851.9000 0.63402319
3852.8000 0.62844688
3853.7000 0.59965521
3854.6000 0.55802816
3855.5000 0.49661151
3856.4000 0.46717307
3857.3000 0.47397014
3858.2000 0.42189875
3859.1000 0.33408943
3860.0000 0.31587091
3860.9000 0.40563169
3861.8000 0.54043835
3862.7000 0.63858443
3863.6000 0.64168352
3864.5000 0.6039235
3865.4000 0.56938356
3866.3000 0.57828999
3867.2000 0.59832782
3868.1000 0.59711641
3869.0000 0.57605451
3869.9000 0.52594435
3870.8000 0.45715699
3871.7000 0.40301168
3872.6000 0.41896364
3873.5000 0.50618935
3874.4000 0.60037178
3875.3000 0.64315528
3876.2000 0.61225623
3877.1000 0.51907259
3878.0000 0.43429339
3878.9000 0.45453504
3879.8000 0.52663839
3880.7000 0.54234368
3881.6000 0.5044378
3882.5000 0.48513508
3883.4000 0.5350709
3884.3000 0.56399322
3885.2000 0.49460107
3886.1000 0.40486237
3887.0000 0.39170405
3887.9000 0.41975155
3888.8000 0.44033271
3889.7000 0.49720401
3890.6000 0.58520037
3891.5000 0.65056616
3892.4000 0.66658497
3893.3000 0.64753538
3894.2000 0.60935056
3895.1000 0.57693815
3896.0000 0.60627139
3896.9000 0.65807068
3897.8000 0.65614194
3898.7000 0.60869169
3899.6000 0.58010721
3900.5000 0.6076687
3901.4000 0.62809604
3902.3000 0.58637023
3903.2000 0.56425703
3904.1000 0.56590772
3905.0000 0.52127224
3905.9000 0.50090164
3906.8000 0.57243246
3907.7000 0.66262603
3908.6000 0.71180731
3909.5000 0.7094906
3910.4000 0.70808393
3911.3000 0.74321449
3912.2000 0.76905483
3913.1000 0.74978518
3914.0000 0.72740173
3914.9000 0.72033441
3915.8000 0.70121026
3916.7000 0.69430679
3917.6000 0.68479538
3918.5000 0.64263177
3919.4000 0.5880034
3920.3000 0.52532303
3921.2000 0.50623995
3922.1000 0.52366543
3923.0000 0.54537475
3923.9000 0.57404763
3924.8000 0.57174104
3925.7000 0.53125876
3926.6000 0.47559419
3927.5000 0.39922068
3928.4000 0.33241773
3929.3000 0.29591316
3930.2000 0.25975969
3931.1000 0.22641826
3932.0000 0.19033265
3932.9000 0.15727435
3933.8000 0.14704949
3934.7000 0.16938841
3935.6000 0.20957984
3936.5000 0.25858706
3937.4000 0.31435272
3938.3000 0.37705758
3939.2000 0.43863499
3940.1000 0.48204842
3941.0000 0.49989709
3941.9000 0.50833517
3942.8000 0.49080583
3943.7000 0.46378386
3944.6000 0.5033102
3945.5000 0.59986407
3946.4000 0.65566254
3947.3000 0.64319324
3948.2000 0.62901211
3949.1000 0.66684359
3950.0000 0.72784036
3950.9000 0.74990207
3951.8000 0.70863456
3952.7000 0.67125118
3953.6000 0.70980233
3954.5000 0.7446385
3955.4000 0.70813286
3956.3000 0.65712065
3957.2000 0.65337992
3958.1000 0.68774545
3959.0000 0.70498568
3959.9000 0.645392
3960.8000 0.51648134
3961.7000 0.42000151
3962.6000 0.40824625
3963.5000 0.42039511
3964.4000 0.40214956
3965.3000 0.34453252
3966.2000 0.2697686
3967.1000 0.20523906
3968.0000 0.1658739
3968.9000 0.16373986
3969.8000 0.20152754
3970.7000 0.26388079
3971.6000 0.33006853
3972.5000 0.3908034
3973.4000 0.43818414
3974.3000 0.4961344
3975.2000 0.56208205
3976.1000 0.60438055
3977.0000 0.63969016
3977.9000 0.69145483
3978.8000 0.74574864
3979.7000 0.78738457
3980.6000 0.79801887
3981.5000 0.77947897
3982.4000 0.75870883
3983.3000 0.74638957
3984.2000 0.75404954
3985.1000 0.78073722
3986.0000 0.77348822
3986.9000 0.77744013
3987.8000 0.81951487
3988.7000 0.84115487
3989.6000 0.82335067
3990.5000 0.83124602
3991.4000 0.8579616
3992.3000 0.87566596
3993.2000 0.86965197
3994.1000 0.84258527
3995.0000 0.81294823
3995.9000 0.80280399
3996.8000 0.76646572
3997.7000 0.74711555
3998.6000 0.79245108
3999.5000 0.85341662
4000.4000 0.85697037
4001.3000 0.85091662
4002.2000 0.88368374
4003.1000 0.90556216
4004.0000 0.8318789
4004.9000 0.70989227
4005.8000 0.67296928
4006.7000 0.7407853
4007.6000 0.83349568
4008.5000 0.87130433
4009.4000 0.87383097
4010.3000 0.87839442
4011.2000 0.8895449
4012.1000 0.89087814
4013.0000 0.88740492
4013.9000 0.87481463
4014.8000 0.88401842
4015.7000 0.89551616
4016.6000 0.85594463
4017.5000 0.82909411
4018.4000 0.86389863
4019.3000 0.89773148
4020.2000 0.88732904
4021.1000 0.87910736
4022.0000 0.890387
4022.9000 0.90274
4023.8000 0.88411796
4024.7000 0.86374038
4025.6000 0.88226378
4026.5000 0.91678768
4027.4000 0.93622887
4028.3000 0.93267465
4029.2000 0.87325501
4030.1000 0.77817523
4031.0000 0.72746336
4031.9000 0.73156238
4032.8000 0.73295981
4033.7000 0.74329305
4034.6000 0.77347273
4035.5000 0.82728708
4036.4000 0.90250313
4037.3000 0.96769309
4038.2000 0.98377055
4039.1000 0.94912732
4040.0000 0.89959115
4040.9000 0.8832112
4041.8000 0.90756267
4042.7000 0.90620297
4043.6000 0.81060255
4044.5000 0.65217942
4045.4000 0.54405862
4046.3000 0.59572464
4047.2000 0.74817151
4048.1000 0.85493469
4049.0000 0.89437461
4049.9000 0.92708468
4050.8000 0.94282317
4051.7000 0.91749913
4052.6000 0.88791394
4053.5000 0.86981392
4054.4000 0.84751952
4055.3000 0.84545517
4056.2000 0.84867865
4057.1000 0.81664217
4058.0000 0.78914875
4058.9000 0.82264715
4059.8000 0.89156944
4060.7000 0.91452652
4061.6000 0.85594344
4062.5000 0.71611243
4063.4000 0.61734819
4064.3000 0.67241198
4065.2000 0.77394509
4066.1000 0.80049437
4067.0000 0.80206019
4067.9000 0.8561632
4068.8000 0.91947341
4069.7000 0.90786648
4070.6000 0.7898196
4071.5000 0.69172764
4072.4000 0.74791098
4073.3000 0.85918647
4074.2000 0.90266562
4075.1000 0.86462301
4076.0000 0.79581773
4076.9000 0.73495388
4077.8000 0.738648
4078.7000 0.79256487
4079.6000 0.86342502
4080.5000 0.9369868
4081.4000 0.96568829
4082.3000 0.93482733
4083.2000 0.8712588
4084.1000 0.83211637
4085.0000 0.83871967
4085.9000 0.88707417
4086.8000 0.9533295
4087.7000 1.01168168
4088.6000 1.01681697
4089.5000 0.99283224
4090.4000 0.97665322
4091.3000 0.94826531
4092.2000 0.92791951
4093.1000 0.94717288
4094.0000 0.96292162
4094.9000 0.92158991
4095.8000 0.86959267
4096.7000 0.8547287
4097.6000 0.85573381
4098.5000 0.84758776
4099.4000 0.81684941
4100.3000 0.72990125
4101.2000 0.64249128
4102.1000 0.64381486
4103.0000 0.73054212
4103.9000 0.81560349
4104.8000 0.86368614
4105.7000 0.90176022
4106.6000 0.91639948
4107.5000 0.91691214
4108.4000 0.91430515
4109.3000 0.90334606
4110.2000 0.89816666
4111.1000 0.90627015
4112.0000 0.91914696
4112.9000 0.94697982
4113.8000 0.97044182
4114.7000 0.97663885
4115.6000 0.99162489
4116.5000 1.00015867
4117.4000 0.96190459
4118.3000 0.89692074
4119.2000 0.88542807
4120.1000 0.92531317
4121.0000 0.94185299
4121.9000 0.93213081
4122.8000 0.92736661
4123.7000 0.94278365
4124.6000 0.96112162
4125.5000 0.94631594
4126.4000 0.91657597
4127.3000 0.90076011
4128.2000 0.89862263
4129.1000 0.91103369
4130.0000 0.91927689
4130.9000 0.87802696
4131.8000 0.7964524
4132.7000 0.76678616
4133.6000 0.79321343
4134.5000 0.84038955
4135.4000 0.91109103
4136.3000 0.95242089
4137.2000 0.95799655
4138.1000 0.97261214
4139.0000 0.99123031
4139.9000 0.98828548
4140.8000 0.96300811
4141.7000 0.89276326
4142.6000 0.77854902
4143.5000 0.70972574
4144.4000 0.76605505
4145.3000 0.8670792
4146.2000 0.92449242
4147.1000 0.93933535
4148.0000 0.93204594
4148.9000 0.90571266
4149.8000 0.89664733
4150.7000 0.91328633
4151.6000 0.91979933
4152.5000 0.9032253
4153.4000 0.85469908
4154.3000 0.82486516
4155.2000 0.84845924
4156.1000 0.85763562
4157.0000 0.86323106
4157.9000 0.88734567
4158.8000 0.9155013
4159.7000 0.93905002
4160.6000 0.94831693
4161.5000 0.96016419
4162.4000 0.99121284
4163.3000 0.99222082
4164.2000 0.9808228
4165.1000 0.97190011
4166.0000 0.95238674
4166.9000 0.89957261
4167.8000 0.88612342
4168.7000 0.92713737
4169.6000 0.95169681
4170.5000 0.92298889
4171.4000 0.84434295
4172.3000 0.78394109
4173.2000 0.79461014
4174.1000 0.83435839
4175.0000 0.85928029
4175.9000 0.87546331
4176.8000 0.87525326
4177.7000 0.86880344
4178.6000 0.8990925
4179.5000 0.94444311
4180.4000 0.93719119
4181.3000 0.87334818
4182.2000 0.83954155
4183.1000 0.86454821
4184.0000 0.89564586
4184.9000 0.91418624
4185.8000 0.87781936
4186.7000 0.7849288
4187.6000 0.75041944
4188.5000 0.8178404
4189.4000 0.89552248
4190.3000 0.91009879
4191.2000 0.8822673
4192.1000 0.90417862
4193.0000 0.97109985
4193.9000 0.97066963
4194.8000 0.90490925
4195.7000 0.85565615
4196.6000 0.84590948
4197.5000 0.80523497
4198.4000 0.75129926
4199.3000 0.76968628
4200.2000 0.80505991
4201.1000 0.78660047
4202.0000 0.77437246
4202.9000 0.82179898
4203.8000 0.87615687
4204.7000 0.90999913
4205.6000 0.93199521
4206.5000 0.94078445
4207.4000 0.95046335
4208.3000 0.95627028
4209.2000 0.93152577
4210.1000 0.90447605
4211.0000 0.92547059
4211.9000 0.96252042
4212.8000 0.97625124
4213.7000 0.95559096
4214.6000 0.89530152
4215.5000 0.82941431
4216.4000 0.82692689
4217.3000 0.8756234
4218.2000 0.91070318
4219.1000 0.92951179
4220.0000 0.95468807
4220.9000 0.9620806
4221.8000 0.92921776
4222.7000 0.87925696
4223.6000 0.82548046
4224.5000 0.74876112
4225.4000 0.62211782
4226.3000 0.5069561
4227.2000 0.54304719
4228.1000 0.72169918
4229.0000 0.87017441
4229.9000 0.92504108
4230.8000 0.94336778
4231.7000 0.93086535
4232.6000 0.88190395
4233.5000 0.85608798
4234.4000 0.85840905
4235.3000 0.81001586
4236.2000 0.76686579
4237.1000 0.79718792
4238.0000 0.83911693
4238.9000 0.84426558
4239.8000 0.85439438
4240.7000 0.89649224
4241.6000 0.91089737
4242.5000 0.87662762
4243.4000 0.88558733
4244.3000 0.93618494
4245.2000 0.9494102
4246.1000 0.91020185
4247.0000 0.8458457
4247.9000 0.7987799
4248.8000 0.76217186
4249.7000 0.71936768
4250.6000 0.73524576
4251.5000 0.84341913
4252.4000 0.90506613
4253.3000 0.84814882
4254.2000 0.76717621
4255.1000 0.77343845
4256.0000 0.86931825
4256.9000 0.94507086
4257.8000 0.91451609
4258.7000 0.82334834
4259.6000 0.72648787
4260.5000 0.68567193
4261.4000 0.75810373
4262.3000 0.87360358
4263.2000 0.92739207
4264.1000 0.93054646
4265.0000 0.94375491
4265.9000 0.94946229
4266.8000 0.90941399
4267.7000 0.8643117
4268.6000 0.85673332
4269.5000 0.8159557
4270.4000 0.70707637
4271.3000 0.60415024
4272.2000 0.63048172
4273.1000 0.70825398
4274.0000 0.71024209
4274.9000 0.71540296
4275.8000 0.80433649
4276.7000 0.90284282
4277.6000 0.94397712
4278.5000 0.92599523
4279.4000 0.85106254
4280.3000 0.79267621
4281.2000 0.81009102
4282.1000 0.83833724
4283.0000 0.86793548
4283.9000 0.88459539
4284.8000 0.83208716
4285.7000 0.78008085
4286.6000 0.78741306
4287.5000 0.81552476
4288.4000 0.77888185
4289.3000 0.69681895
4290.2000 0.68109369
4291.1000 0.74464184
4292.0000 0.81958252
4292.9000 0.8563574
4293.8000 0.82179993
4294.7000 0.78985322
4295.6000 0.79022086
4296.5000 0.75922453
4297.4000 0.69774467
4298.3000 0.62638187
4299.2000 0.54579937
4300.1000 0.53175592
4301.0000 0.57571024
4301.9000 0.59539247
4302.8000 0.58863914
4303.7000 0.60600209
4304.6000 0.62215358
4305.5000 0.62486756
4306.4000 0.60273439
4307.3000 0.5337857
4308.2000 0.47739735
4309.1000 0.49467069
4310.0000 0.53605139
4310.9000 0.56784511
4311.8000 0.61042029
4312.7000 0.68262112
4313.6000 0.75723833
4314.5000 0.82876831
4315.4000 0.93214732
4316.3000 1.03669989
4317.2000 1.07196641
4318.1000 1.05064869
4319.0000 1.03302622
4319.9000 1.02067018
4320.8000 0.99857146
4321.7000 0.95589876
4322.6000 0.8529163
4323.5000 0.71758944
4324.4000 0.62447965
4325.3000 0.596654
4326.2000 0.66730547
4327.1000 0.81609184
4328.0000 0.94002348
4328.9000 0.98829889
4329.8000 0.98173887
4330.7000 0.97388631
4331.6000 0.98797935
4332.5000 0.99996948
4333.4000 1.00288725
4334.3000 1.0043596
4335.2000 0.99866658
4336.1000 0.94842827
4337.0000 0.84813213
4337.9000 0.76862723
4338.8000 0.7110467
4339.7000 0.64127254
4340.6000 0.63785666
4341.5000 0.73391336
4342.4000 0.82800651
4343.3000 0.8577199
4344.2000 0.88797051
4345.1000 0.93918639
4346.0000 0.95666403
4346.9000 0.94518334
4347.8000 0.95572799
4348.7000 1.00373948
4349.6000 1.01376247
4350.5000 0.92212003
4351.4000 0.79638213
4352.3000 0.7710883
4353.2000 0.84848201
4354.1000 0.90829813
4355.0000 0.91226405
4355.9000 0.92225456
4356.8000 0.96095437
4357.7000 0.96166521
4358.6000 0.91858476
4359.5000 0.90496457
4360.4000 0.95208538
4361.3000 1.00461066
4362.2000 1.00012219
4363.1000 0.97640067
4364.0000 1.00157976
4364.9000 1.03791189
4365.8000 1.00742006
4366.7000 0.94808173
4367.6000 0.92859864
4368.5000 0.95055008
4369.4000 0.95163524
4370.3000 0.92882603
4371.2000 0.92527127
4372.1000 0.93306571
4373.0000 0.90539575
4373.9000 0.85198158
4374.8000 0.82199562
4375.7000 0.83925843
4376.6000 0.89112306
4377.5000 0.9420507
4378.4000 0.95952111
4379.3000 0.9480682
4380.2000 0.93299776
4381.1000 0.90400153
4382.0000 0.79181367
4382.9000 0.6140337
4383.8000 0.53942722
4384.7000 0.63686556
4385.6000 0.7955519
4386.5000 0.88872731
4387.4000 0.89372647
4388.3000 0.88349539
4389.2000 0.87280381
4390.1000 0.86882436
4391.0000 0.88630944
4391.9000 0.92082286
4392.8000 0.94340187
4393.7000 0.92564923
4394.6000 0.8901099
4395.5000 0.90630585
4396.4000 0.96066552
4397.3000 1.00083256
4398.2000 0.99773979
4399.1000 0.95160514
4400.0000 0.89489722
4400.9000 0.88123244
4401.8000 0.92648494
4402.7000 0.93402892
4403.6000 0.8254652
4404.5000 0.71697885
4405.4000 0.76173109
4406.3000 0.87335682
4407.2000 0.90041918
4408.1000 0.89072323
4409.0000 0.92939079
4409.9000 0.98988265
4410.8000 1.0299027
4411.7000 1.05696142
4412.6000 1.05546486
4413.5000 0.99003088
4414.4000 0.87751651
4415.3000 0.82388538
4416.2000 0.88175452
4417.1000 0.95053726
4418.0000 0.99893874
4418.9000 1.04711163
4419.8000 1.07490087
4420.7000 1.05284846
4421.6000 1.00028801
4422.5000 0.96789283
4423.4000 0.97875488
4424.3000 0.98850304
4425.2000 0.97672534
4426.1000 0.96883923
4427.0000 0.97482824
4427.9000 1.00297952
4428.8000 1.02320957
4429.7000 0.99203432
4430.6000 0.97274846
4431.5000 1.00345838
4432.4000 1.0084089
4433.3000 0.96420544
4434.2000 0.90613937
4435.1000 0.87769651
4436.0000 0.91699362
4436.9000 0.99336129
4437.8000 1.05155504
4438.7000 1.07300174
4439.6000 1.05295634
4440.5000 1.00934064
4441.4000 0.95699769
4442.3000 0.91653955
4443.2000 0.92127615
4444.1000 0.97334719
4445.0000 1.03593254
4445.9000 1.05127633
4446.8000 1.01513171
4447.7000 1.00200522
4448.6000 1.0231353
4449.5000 1.02705586
4450.4000 1.01382947
4451.3000 1.01508117
4452.2000 1.01475394
4453.1000 0.9752652
4454.0000 0.89342946
4454.9000 0.83211619
4455.8000 0.84936887
4456.7000 0.89781684
4457.6000 0.9147228
4458.5000 0.90186965
4459.4000 0.90060711
4460.3000 0.90770745
4461.2000 0.89444041
4462.1000 0.91397804
4463.0000 0.97841948
4463.9000 1.01045275
4464.8000 1.00359869
4465.7000 0.99501818
4466.6000 0.99764097
4467.5000 1.00193667
4468.4000 0.97862637
4469.3000 0.95610535
4470.2000 0.96954936
4471.1000 1.00594151
4472.0000 1.04253447
4472.9000 1.06932855
4473.8000 1.08279824
4474.7000 1.06583607
4475.6000 1.04076469
4476.5000 1.05639398
4477.4000 1.08961141
4478.3000 1.08632231
4479.2000 1.03444803
4480.1000 0.97468156
4481.0000 0.93107581
4481.9000 0.92479473
4482.8000 0.97434622
4483.7000 1.03292215
4484.6000 1.06221676
4485.5000 1.07467544
4486.4000 1.08118236
4487.3000 1.05848801
4488.2000 1.01352811
4489.1000 0.97809416
4490.0000 0.9803645
4490.9000 1.0152241
4491.8000 1.05240488
4492.7000 1.0602026
4493.6000 1.02025139
4494.5000 0.98268896
4495.4000 0.98766381
4496.3000 1.00950563
4497.2000 1.03791296
4498.1000 1.06321609
4499.0000 1.07128263
4499.9000 1.06062639
4500.8000 1.03101146
4501.7000 1.03048289
4502.6000 1.07183599
4503.5000 1.10753083
4504.4000 1.12246776
4505.3000 1.12439239
4506.2000 1.12187946
4507.1000 1.10456443
4508.0000 1.09030557
4508.9000 1.09360838
4509.8000 1.10773969
4510.7000 1.10441852
4511.6000 1.08460915
4512.5000 1.06700623
4513.4000 1.05375063
4514.3000 1.04133821
4515.2000 1.04874969
4516.1000 1.05860615
4517.0000 1.04691136
4517.9000 1.03568316
4518.8000 1.05666411
4519.7000 1.07843816
4520.6000 1.08926666
4521.5000 1.07492745
4522.4000 1.03910613
4523.3000 1.0315907
4524.2000 1.03137386
4525.1000 1.00560558
4526.0000 0.96431881
4526.9000 0.93233478
4527.8000 0.90698737
4528.7000 0.89688951
4529.6000 0.92303556
4530.5000 0.94433665
4531.4000 0.96710819
4532.3000 0.98832089
4533.2000 0.96196282
4534.1000 0.92755121
4535.0000 0.91817099
4535.9000 0.96023178
4536.8000 1.04422081
4537.7000 1.09376025
4538.6000 1.09171355
4539.5000 1.0718137
4540.4000 1.04669845
4541.3000 1.04720008
4542.2000 1.07352459
4543.1000 1.08507526
4544.0000 1.05803668
4544.9000 1.02882457
4545.8000 1.02577162
4546.7000 1.02952874
4547.6000 1.02271163
4548.5000 0.99056017
4549.4000 0.9635511
4550.3000 0.99329513
4551.2000 1.03367436
4552.1000 1.03146219
4553.0000 1.01087093
4553.9000 0.99039584
4554.8000 0.98434824
4555.7000 1.00152731
4556.6000 1.04403126
4557.5000 1.07696128
4558.4000 1.08328354
4559.3000 1.08356428
4560.2000 1.08827102
4561.1000 1.09732175
4562.0000 1.09614885
4562.9000 1.0669874
4563.8000 1.03062069
4564.7000 1.01052999
4565.6000 1.01891589
4566.5000 1.05268192
4567.4000 1.07856596
4568.3000 1.08782578
4569.2000 1.08273304
4570.1000 1.0589515
4571.0000 1.01907873
4571.9000 1.01480711
4572.8000 1.06049871
4573.7000 1.09050536
4574.6000 1.08485746
4575.5000 1.08283055
4576.4000 1.08516073
4577.3000 1.08095407
4578.2000 1.06488526
4579.1000 1.03700125
4580.0000 1.00464189
4580.9000 0.98670059
4581.8000 1.00122893
4582.7000 1.02476013
4583.6000 1.02584147
4584.5000 1.01244545
4585.4000 0.99527138
4586.3000 1.00051653
4587.2000 1.03502834
4588.1000 1.06889105
4589.0000 1.08385372
4589.9000 1.07364833
4590.8000 1.04303837
4591.7000 1.01424026
4592.6000 1.01141167
4593.5000 1.03033948
4594.4000 1.03589582
4595.3000 1.02595091
4596.2000 1.02333248
4597.1000 1.02500677
4598.0000 1.03029442
4598.9000 1.03934455
4599.8000 1.02195144
4600.7000 1.00548947
4601.6000 1.01842368
4602.5000 1.02940214
4603.4000 1.03403068
4604.3000 1.03357828
4605.2000 1.03256226
4606.1000 1.04616642
4607.0000 1.05943155
4607.9000 1.07356691
4608.8000 1.09392047
4609.7000 1.0923568
4610.6000 1.06616902
4611.5000 1.04910338
4612.4000 1.03959453
4613.3000 1.03575611
4614.2000 1.05379128
4615.1000 1.06433749
4616.0000 1.05549586
4616.9000 1.05702758
4617.8000 1.05389655
4618.7000 1.03592193
4619.6000 1.04351473
4620.5000 1.0702765
4621.4000 1.07700157
4622.3000 1.06772947
4623.2000 1.07003415
4624.1000 1.06692231
4625.0000 1.04990339
4625.9000 1.04591525
4626.8000 1.067994
4627.7000 1.08284676
4628.6000 1.07012618
4629.5000 1.05609822
4630.4000 1.06739461
4631.3000 1.07853806
4632.2000 1.06373715
4633.1000 1.04795551
4634.0000 1.05414546
4634.9000 1.06570518
4635.8000 1.0575211
4636.7000 1.0297941
4637.6000 1.00987577
4638.5000 1.01102471
4639.4000 1.02206147
4640.3000 1.04420972
4641.2000 1.06773114
4642.1000 1.07633698
4643.0000 1.06727672
4643.9000 1.05895019
4644.8000 1.04126334
4645.7000 1.00329781
4646.6000 0.97353351
4647.5000 0.97206599
4648.4000 0.99206913
4649.3000 1.02234042
4650.2000 1.04107511
4651.1000 1.04198778
4652.0000 1.04847789
4652.9000 1.05312407
4653.8000 1.02517426
4654.7000 1.00166702
4655.6000 1.00932217
4656.5000 1.02652848
4657.4000 1.05669773
4658.3000 1.08727837
4659.2000 1.1015259
4660.1000 1.0999167
4661.0000 1.07903934
4661.9000 1.05344617
4662.8000 1.03692853
4663.7000 1.03504801
4664.6000 1.03601444
4665.5000 1.00564277
4666.4000 0.94045699
4667.3000 0.89282447
4668.2000 0.91297048
4669.1000 0.97652251
4670.0000 1.03048325
4670.9000 1.05339658
4671.8000 1.04467964
4672.7000 1.02283072
4673.6000 1.02204323
4674.5000 1.04062259
4675.4000 1.06657898
4676.3000 1.08176684
4677.2000 1.06067979
4678.1000 1.01935494
4679.0000 0.99353307
4679.9000 0.99452251
4680.8000 1.00108922
4681.7000 1.01030612
4682.6000 1.02982295
4683.5000 1.04805481
4684.4000 1.04788053
4685.3000 1.04684734
4686.2000 1.05064321
4687.1000 1.0502125
4688.0000 1.04635143
4688.9000 1.04586971
4689.8000 1.0361799
4690.7000 1.02135289
4691.6000 1.02365673
4692.5000 1.04624355
4693.4000 1.06114745
4694.3000 1.06972897
4695.2000 1.0794338
4696.1000 1.08097708
4697.0000 1.06485784
4697.9000 1.03032207
4698.8000 1.00507867
4699.7000 1.0090611
4700.6000 1.00857401
4701.5000 0.97820091
4702.4000 0.92599612
4703.3000 0.92595357
4704.2000 0.9817127
4705.1000 1.02567232
4706.0000 1.02322924
4706.9000 0.98662692
4707.8000 0.96970588
4708.7000 0.97566521
4709.6000 0.99154723
4710.5000 1.02561212
4711.4000 1.05457211
4712.3000 1.06013787
4713.2000 1.03577268
4714.1000 1.0008049
4715.0000 1.00831056
4715.9000 1.04731834
4716.8000 1.06929398
4717.7000 1.07245743
4718.6000 1.08112228
4719.5000 1.09384382
4720.4000 1.09122145
4721.3000 1.08057618
4722.2000 1.0744369
4723.1000 1.08145106
4724.0000 1.09705949
4724.9000 1.10217166
4725.8000 1.08407009
4726.7000 1.03964961
4727.6000 1.00178373
4728.5000 0.99533761
4729.4000 1.00117671
4730.3000 1.00602365
4731.2000 1.01532352
4732.1000 1.03396106
4733.0000 1.04296696
4733.9000 1.04920447
4734.8000 1.05384624
4735.7000 1.02762592
4736.6000 0.9959324
4737.5000 1.01718879
4738.4000 1.05612445
4739.3000 1.06483138
4740.2000 1.05138862
4741.1000 1.04577005
4742.0000 1.06182611
4742.9000 1.08141983
4743.8000 1.0779295
4744.7000 1.06541514
4745.6000 1.07087028
4746.5000 1.08360898
4747.4000 1.08337295
4748.3000 1.07747388
4749.2000 1.08185267
4750.1000 1.08344352
4751.0000 1.07793939
4751.9000 1.06188142
4752.8000 1.0471921
4753.7000 1.02804708
4754.6000 1.02011633
4755.5000 1.02240932
4756.4000 1.02392089
4757.3000 1.04071844
4758.2000 1.05689108
4759.1000 1.07203996
4760.0000 1.0767467
4760.9000 1.05462873
4761.8000 1.0160507
4762.7000 1.00409722
4763.6000 1.01559877
4764.5000 1.0135318
4765.4000 0.99782538
4766.3000 0.99544221
4767.2000 1.01645577
4768.1000 1.03773904
4769.0000 1.06130135
4769.9000 1.07682288
4770.8000 1.0600574
4771.7000 1.03899395
4772.6000 1.04546487
4773.5000 1.07395589
4774.4000 1.09555054
4775.3000 1.08927381
4776.2000 1.08117592
4777.1000 1.08871269
4778.0000 1.09520173
4778.9000 1.08569252
4779.8000 1.07862163
4780.7000 1.08581781
4781.6000 1.08524919
4782.5000 1.0570358
4783.4000 1.04106724
4784.3000 1.05947828
4785.2000 1.06029916
4786.1000 1.02685106
4787.0000 1.02093089
4787.9000 1.03500724
4788.8000 1.03062677
4789.7000 1.03404188
4790.6000 1.05501664
4791.5000 1.06668675
4792.4000 1.07473874
4793.3000 1.09087193
4794.2000 1.10803497
4795.1000 1.11729538
4796.0000 1.11358845
4796.9000 1.09639537
4797.8000 1.07438791
4798.7000 1.05337763
4799.6000 1.04586351
4800.5000 1.05328751
4801.4000 1.07169795
4802.3000 1.08640027
4803.2000 1.0847472
4804.1000 1.07090485
4805.0000 1.05986571
4805.9000 1.05900025
4806.8000 1.05423594
4807.7000 1.04883146
4808.6000 1.05575216
4809.5000 1.06488872
4810.4000 1.06857574
4811.3000 1.07666337
4812.2000 1.08200824
4813.1000 1.07992339
4814.0000 1.08212924
4814.9000 1.0908525
4815.8000 1.09785497
4816.7000 1.09736836
4817.6000 1.09554863
4818.5000 1.09871614
4819.4000 1.09840178
4820.3000 1.08890593
4821.2000 1.08272064
4822.1000 1.06001389
4823.0000 1.01887929
4823.9000 1.01309919
4824.8000 1.04954767
4825.7000 1.08089781
4826.6000 1.08858347
4827.5000 1.07732677
4828.4000 1.05567622
4829.3000 1.0470351
4830.2000 1.05242777
4831.1000 1.05191195
4832.0000 1.05164683
4832.9000 1.06225336
4833.8000 1.07477689
4834.7000 1.07755768
4835.6000 1.07451987
4836.5000 1.0760957
4837.4000 1.07067811
4838.3000 1.04704201
4839.2000 1.01998699
4840.1000 1.01157498
4841.0000 1.0277729
4841.9000 1.04002905
4842.8000 1.03296471
4843.7000 1.04201019
4844.6000 1.0685817
4845.5000 1.08300877
4846.4000 1.07907605
4847.3000 1.06245518
4848.2000 1.04497969
4849.1000 1.0466274
4850.0000 1.06248045
4850.9000 1.06472015
4851.8000 1.05356276
4852.7000 1.04882073
4853.6000 1.03574169
4854.5000 0.9956668
4855.4000 0.96317422
4856.3000 0.96946168
4857.2000 0.98179877
4858.1000 0.95395482
4859.0000 0.8739478
4859.9000 0.7514708
4860.8000 0.6507802
4861.7000 0.67204356
4862.6000 0.79122627
4863.5000 0.89127308
4864.4000 0.9444716
4865.3000 0.97537959
4866.2000 0.99310458
4867.1000 1.00460541
4868.0000 1.01631749
4868.9000 1.01970482
4869.8000 0.97682548
4870.7000 0.89002633
4871.6000 0.85227591
4872.5000 0.91025698
4873.4000 0.98586601
4874.3000 1.02079892
4875.2000 1.02344382
4876.1000 1.02202857
4877.0000 1.01271403
4877.9000 0.99979776
4878.8000 1.03108716
4879.7000 1.07176435
4880.6000 1.06115258
4881.5000 1.03208578
4882.4000 1.03202987
4883.3000 1.04675472
4884.2000 1.03454983
4885.1000 1.00072658
4886.0000 0.9802506
4886.9000 0.98628807
4887.8000 0.99483925
4888.7000 0.98261458
4889.6000 0.94046736
4890.5000 0.86783803
4891.4000 0.86112112
4892.3000 0.95367801
4893.2000 1.05112195
4894.1000 1.09788871
4895.0000 1.10947359
4895.9000 1.10960066
4896.8000 1.10604179
4897.7000 1.09933126
4898.6000 1.0857482
4899.5000 1.06696129
4900.4000 1.06513226
4901.3000 1.07328522
4902.2000 1.05375612
4903.1000 1.02048504
4904.0000 1.02166116
4904.9000 1.0556426
4905.8000 1.08779979
4906.7000 1.08280134
4907.6000 1.06017709
4908.5000 1.0331924
4909.4000 0.99503511
4910.3000 0.97551644
4911.2000 0.99830794
4912.1000 1.03365648
4913.0000 1.05340827
4913.9000 1.0646497
4914.8000 1.0830673
4915.7000 1.08928108
4916.6000 1.05744243
4917.5000 0.98547304
4918.4000 0.89269423
4919.3000 0.82707578
4920.2000 0.81884062
4921.1000 0.88545227
4922.0000 0.96855414
4922.9000 1.00230885
4923.8000 0.99283272
4924.7000 1.00077593
4925.6000 1.04053295
4926.5000 1.06239796
4927.4000 1.05896568
4928.3000 1.06767476
4929.2000 1.08257294
4930.1000 1.07828355
4931.0000 1.07632458
4931.9000 1.06388378
4932.8000 1.01213443
4933.7000 0.97265321
4934.6000 0.99859524
4935.5000 1.03096247
4936.4000 1.02476585
4937.3000 0.98670578
4938.2000 0.9401992
4939.1000 0.93713444
4940.0000 0.9969644
4940.9000 1.05425704
4941.8000 1.07201231
4942.7000 1.08057618
4943.6000 1.08800673
4944.5000 1.07450533
4945.4000 1.04587364
4946.3000 1.04312205
4947.2000 1.07073987
4948.1000 1.09202766
4949.0000 1.08671737
4949.9000 1.07602489
4950.8000 1.07938731
4951.7000 1.07706368
4952.6000 1.06766391
4953.5000 1.06098568
4954.4000 1.06099725
4955.3000 1.03492892
4956.2000 0.93773568
4957.1000 0.82499719
4958.0000 0.85150075
4958.9000 0.98612124
4959.8000 1.07539606
4960.7000 1.09276152
4961.6000 1.08510804
4962.5000 1.08919466
4963.4000 1.08981287
4964.3000 1.06742418
4965.2000 1.03598475
4966.1000 1.02555978
4967.0000 1.0329088
4967.9000 1.03148091
4968.8000 1.03063226
4969.7000 1.03207839
4970.6000 1.03796065
4971.5000 1.05614913
4972.4000 1.06713223
4973.3000 1.07337296
4974.2000 1.08598626
4975.1000 1.08460641
4976.0000 1.07804966
4976.9000 1.06706858
4977.8000 1.03950572
4978.7000 1.02304256
4979.6000 1.02650535
4980.5000 1.01280177
4981.4000 0.96419597
4982.3000 0.90725839
4983.2000 0.89099926
4984.1000 0.91620171
4985.0000 0.94721884
4985.9000 0.99361211
4986.8000 1.04581237
4987.7000 1.06321979
4988.6000 1.04983091
4989.5000 1.03453922
4990.4000 1.01517594
4991.3000 1.01770449
4992.2000 1.03587794
4993.1000 1.03662848
4994.0000 1.03366053
4994.9000 1.05427432
4995.8000 1.0619694
4996.7000 1.05914128
4997.6000 1.05198038
4998.5000 1.02905238
4999.4000 1.00167763
5000.3000 0.98826486
5001.2000 0.9800421
5002.1000 0.98175901
5003.0000 1.00049067
5003.9000 1.00677812
5004.8000 0.96558321
5005.7000 0.90646887
5006.6000 0.9117409
5007.5000 0.97836971
5008.4000 1.04056287
5009.3000 1.05682981
5010.2000 1.04382062
5011.1000 1.00482178
5012.0000 0.95558983
5012.9000 0.93391502
5013.8000 0.92546314
5014.7000 0.94253969
5015.6000 0.9758094
5016.5000 0.98049086
5017.4000 0.95589453
5018.3000 0.95265216
5019.2000 0.98754221
5020.1000 1.01258194
5021.0000 1.00622439
5021.9000 0.98059303
5022.8000 0.9858802
5023.7000 1.01424897
5024.6000 1.02426767
5025.5000 1.0199734
5026.4000 1.00115502
5027.3000 0.97753179
5028.2000 0.99780673
5029.1000 1.03030348
5030.0000 1.04098058
5030.9000 1.04585648
5031.8000 1.06366301
5032.7000 1.07947183
5033.6000 1.07097435
5034.5000 1.02871168
5035.4000 0.97064209
5036.3000 0.97009248
5037.2000 1.00434852
5038.1000 1.00083351
5039.0000 0.9655605
5039.9000 0.91683418
5040.8000 0.86160064
5041.7000 0.88088018
5042.6000 0.97034717
5043.5000 1.02936554
5044.4000 1.05226278
5045.3000 1.07347012
5046.2000 1.07744944
5047.1000 1.05357444
5048.0000 1.00525415
5048.9000 0.96658897
5049.8000 0.96087039
5050.7000 0.97503895
5051.6000 0.98889852
5052.5000 1.01387501
5053.4000 1.04381645
5054.3000 1.06068051
5055.2000 1.06503272
5056.1000 1.06285477
5057.0000 1.0638833
5057.9000 1.06708884
5058.8000 1.06425786
5059.7000 1.05953825
5060.6000 1.0685842
5061.5000 1.07413864
5062.4000 1.06861007
5063.3000 1.04138827
5064.2000 0.99090773
5065.1000 0.96631491
5066.0000 0.9966529
5066.9000 1.011482
5067.8000 0.99799007
5068.7000 0.99584967
5069.6000 1.02535009
5070.5000 1.04129469
5071.4000 1.01633024
5072.3000 0.99395359
5073.2000 1.00332677
5074.1000 1.01108456
5075.0000 1.0083828
5075.9000 1.0149281
5076.8000 1.02777684
5077.7000 1.01870048
5078.6000 0.9572776
5079.5000 0.90213203
5080.4000 0.91039646
5081.3000 0.95666021
5082.2000 0.97851259
5083.1000 0.97468239
5084.0000 0.98598236
5084.9000 1.01982963
5085.8000 1.03960884
5086.7000 1.03922319
5087.6000 1.03422201
5088.5000 1.03572547
5089.4000 1.03789198
5090.3000 1.03531694
5091.2000 1.03780174
5092.1000 1.05429506
5093.0000 1.06350446
5093.9000 1.05723619
5094.8000 1.04460025
5095.7000 1.0275197
5096.6000 0.99122077
5097.5000 0.95241416
5098.4000 0.92089468
5099.3000 0.93040794
5100.2000 0.98475325
5101.1000 1.03130162
5102.0000 1.04257452
5102.9000 1.03749716
5103.8000 1.02508533
5104.7000 1.01238823
5105.6000 1.00034583
5106.5000 0.98100811
5107.4000 0.96243268
5108.3000 0.97213948
5109.2000 0.97387344
5110.1000 0.96558386
5111.0000 0.9953208
5111.9000 1.03599024
5112.8000 1.04617798
5113.7000 1.04375017
5114.6000 1.03578758
5115.5000 1.0292666
5116.4000 1.04213345
5117.3000 1.06146407
5118.2000 1.0648818
5119.1000 1.05632329
5120.0000 1.03973007
5120.9000 1.02118468
5121.8000 1.0076462
5122.7000 0.98932379
5123.6000 0.96415693
5124.5000 0.9504655
5125.4000 0.95542401
5126.3000 0.97014415
5127.2000 0.98196328
5128.1000 0.98334062
5129.0000 0.97859883
5129.9000 0.98128664
5130.8000 0.996943
5131.7000 1.00224578
5132.6000 0.99466908
5133.5000 0.98452383
5134.4000 1.00235105
5135.3000 1.02297056
5136.2000 1.00094235
5137.1000 0.95979929
5138.0000 0.92793441
5138.9000 0.89776397
5139.8000 0.91683549
5140.7000 0.96421683
5141.6000 0.94751865
5142.5000 0.91844296
5143.4000 0.95326066
5144.3000 0.99670357
5145.2000 0.99022019
5146.1000 0.96986783
5147.0000 0.95676339
5147.9000 0.96070534
5148.8000 0.98524195
5149.7000 0.9920978
5150.6000 0.97253495
5151.5000 0.96521223
5152.4000 0.97453856
5153.3000 0.97929078
5154.2000 0.9815343
5155.1000 0.99156713
5156.0000 1.00882447
5156.9000 1.02970302
5157.8000 1.03692114
5158.7000 1.02883255
5159.6000 1.02524078
5160.5000 1.02306104
5161.4000 0.99491692
5162.3000 0.96801084
5163.2000 0.97384125
5164.1000 0.96409166
5165.0000 0.90163559
5165.9000 0.79312199
5166.8000 0.68317086
5167.7000 0.66716337
5168.6000 0.75513732
5169.5000 0.84993857
5170.4000 0.84829658
5171.3000 0.72201228
5172.2000 0.60261184
5173.1000 0.63817245
5174.0000 0.80221355
5174.9000 0.9390865
5175.8000 0.99069101
5176.7000 1.00407386
5177.6000 1.01323378
5178.5000 1.01237345
5179.4000 0.99554288
5180.3000 0.9612565
5181.2000 0.88595384
5182.1000 0.74464375
5183.0000 0.59749651
5183.9000 0.58488679
5184.8000 0.73208082
5185.7000 0.89050198
5186.6000 0.96698087
5187.5000 0.97481155
5188.4000 0.96077704
5189.3000 0.97596043
5190.2000 0.97440135
5191.1000 0.91322708
5192.0000 0.86680084
5192.9000 0.90284145
5193.8000 0.9526577
5194.7000 0.94827694
5195.6000 0.94281083
5196.5000 0.96553218
5197.4000 0.98490429
5198.3000 0.99576902
5199.2000 1.01581216
5200.1000 1.03219843
5201.0000 1.02231634
5201.9000 0.99815899
5202.8000 0.97926027
5203.7000 0.95337039
5204.6000 0.90665311
5205.5000 0.88622069
5206.4000 0.90011382
5207.3000 0.90169531
5208.2000 0.87564254
5209.1000 0.9017176
5210.0000 0.95991772
5210.9000 1.00182998
5211.8000 1.03364742
5212.7000 1.05050004
5213.6000 1.03681147
5214.5000 0.9932043
5215.4000 0.95165074
5216.3000 0.94187021
5217.2000 0.95885539
5218.1000 0.99237061
5219.0000 1.0283519
5219.9000 1.0431999
5220.8000 1.04602695
5221.7000 1.04310191
5222.6000 1.03302693
5223.5000 1.01222634
5224.4000 0.9741053
5225.3000 0.91664702
5226.2000 0.85045964
5227.1000 0.83514863
5228.0000 0.90652698
5228.9000 0.97334427
5229.8000 0.99296463
5230.7000 0.99879825
5231.6000 0.9720462
5232.5000 0.91645193
5233.4000 0.9137221
5234.3000 0.95722574
5235.2000 0.9882167
5236.1000 1.01660097
5237.0000 1.04118693
5237.9000 1.04959083
5238.8000 1.04714799
5239.7000 1.04637432
5240.6000 1.04854214
5241.5000 1.0376811
5242.4000 1.01953638
5243.3000 1.01936197
5244.2000 1.04131389
5245.1000 1.04971564
5246.0000 1.03086829
5246.9000 1.00286388
5247.8000 1.00014663
5248.7000 1.00788069
5249.6000 0.99279678
5250.5000 0.98231232
5251.4000 0.99845862
5252.3000 1.0119009
5253.2000 1.00543737
5254.1000 0.99078798
5255.0000 0.99032277
5255.9000 1.01822233
5256.8000 1.04906499
5257.7000 1.06042814
5258.6000 1.061638
5259.5000 1.0513438
5260.4000 1.01899707
5261.3000 0.96710581
5262.2000 0.9192093
5263.1000 0.88797563
5264.0000 0.86892849
5264.9000 0.85068429
5265.8000 0.84116036
5266.7000 0.87411326
5267.6000 0.90464747
5268.5000 0.84566635
5269.4000 0.75556165
5270.3000 0.78165442
5271.2000 0.89885563
5272.1000 0.96222222
5273.0000 0.96021795
5273.9000 0.9548865
5274.8000 0.94800317
5275.7000 0.94936055
5276.6000 0.99362057
5277.5000 1.03938401
5278.4000 1.04913688
5279.3000 1.03404546
5280.2000 1.00345671
5281.1000 0.96950042
5282.0000 0.94567764
5282.9000 0.93026078
5283.8000 0.93467587
5284.7000 0.9813242
5285.6000 1.0332756
5286.5000 1.05391419
5287.4000 1.05138004
5288.3000 1.04681802
5289.2000 1.05446076
5290.1000 1.06493068
5291.0000 1.06359458
5291.9000 1.05227888
5292.8000 1.04468584
5293.7000 1.04333973
5294.6000 1.04045105
5295.5000 1.01787782
5296.4000 0.97028947
5297.3000 0.92631054
5298.2000 0.92701942
5299.1000 0.97088492
5300.0000 1.00310147
5300.9000 0.99544305
5301.8000 0.98044646
5302.7000 0.99649435
5303.6000 1.03393149
5304.5000 1.05407298
5305.4000 1.05250371
5306.3000 1.03889
5307.2000 1.0286696
5308.1000 1.03862453
5309.0000 1.05455971
5309.9000 1.06112862
5310.8000 1.06106114
5311.7000 1.05621803
5312.6000 1.04819989
5313.5000 1.04593647
5314.4000 1.0428189
5315.3000 1.02457535
5316.2000 1.00259614
5317.1000 1.00899565
5318.0000 1.03469443
5318.9000 1.04298437
5319.8000 1.0375936
5320.7000 1.02766156
5321.6000 1.01372254
5322.5000 0.98619747
5323.4000 0.94039708
5324.3000 0.92362648
5325.2000 0.95512027
5326.1000 0.95788139
5327.0000 0.87798446
5327.9000 0.79461884
5328.8000 0.82302243
5329.7000 0.92947483
5330.6000 1.00354218
5331.5000 1.01756859
5332.4000 1.00365222
5333.3000 1.00627816
5334.2000 1.0271759
5335.1000 1.03803825
5336.0000 1.03267169
5336.9000 1.02462232
5337.8000 1.01825309
5338.7000 0.9897179
5339.6000 0.93727899
5340.5000 0.9149366
5341.4000 0.95021427
5342.3000 0.99563241
5343.2000 1.01548231
5344.1000 1.01820493
5345.0000 1.0054431
5345.9000 0.99494129
5346.8000 0.99843496
5347.7000 0.99180448
5348.6000 0.97534841
5349.5000 0.97840613
5350.4000 1.00739825
5351.3000 1.03219092
5352.2000 1.02750051
5353.1000 1.01751113
5354.0000 1.02809918
5354.9000 1.04667032
5355.8000 1.05460131
5356.7000 1.0564363
5357.6000 1.0580622
5358.5000 1.05425107
5359.4000 1.04889226
5360.3000 1.04111719
5361.2000 1.02774906
5362.1000 1.01408505
5363.0000 1.00483418
5363.9000 0.9895944
5364.8000 0.97220403
5365.7000 0.97432917
5366.6000 0.97887486
5367.5000 0.97552794
5368.4000 0.97087818
5369.3000 0.93937987
5370.2000 0.89035863
5371.1000 0.87279135
5372.0000 0.91456699
5372.9000 0.98143607
5373.8000 1.01984084
5374.7000 1.03797281
5375.6000 1.04702938
5376.5000 1.04356599
5377.4000 1.03599966
5378.3000 1.03188384
5379.2000 1.02410161
5380.1000 1.02049339
5381.0000 1.01810884
5381.9000 0.9983564
5382.8000 0.97246855
5383.7000 0.98132592
5384.6000 1.01669097
5385.5000 1.03537261
5386.4000 1.03438103
5387.3000 1.02744794
5388.2000 1.01863086
5389.1000 1.00489712
5390.0000 0.99372494
5390.9000 0.98460221
5391.8000 0.97131622
5392.7000 0.95881116
5393.6000 0.96332026
5394.5000 0.98192579
5395.4000 0.97804672
5396.3000 0.93786812
5397.2000 0.91471249
5398.1000 0.9446671
5399.0000 0.9786092
5399.9000 0.98238039
5400.8000 0.98674583
5401.7000 1.00225711
5402.6000 0.98578238
5403.5000 0.92966652
5404.4000 0.87923145
5405.3000 0.8665241
5406.2000 0.90178704
5407.1000 0.95801497
5408.0000 0.98150605
5408.9000 0.95687109
5409.8000 0.92840654
5410.7000 0.93916774
5411.6000 0.97908759
5412.5000 1.00835943
5413.4000 1.00418699
5414.3000 0.97437161
5415.2000 0.96434182
5416.1000 0.9934116
5417.0000 1.02129948
5417.9000 1.02465105
5418.8000 1.01314557
5419.7000 1.00125957
5420.6000 0.99902743
5421.5000 1.00545609
5422.4000 0.99515784
5423.3000 0.95585513
5424.2000 0.93938369
5425.1000 0.97439617
5426.0000 1.01681936
5426.9000 1.0314256
5427.8000 1.00307333
5428.7000 0.93886757
5429.6000 0.90550256
5430.5000 0.94509578
5431.4000 0.98985523
5432.3000 0.98352504
5433.2000 0.9526667
5434.1000 0.93016076
5435.0000 0.93814415
5435.9000 0.9674204
5436.8000 0.99610609
5437.7000 1.02144241
5438.6000 1.03780878
5439.5000 1.0401144
5440.4000 1.03712356
5441.3000 1.03380561
5442.2000 1.03411531
5443.1000 1.02721727
5444.0000 0.99908489
5444.9000 0.95650381
5445.8000 0.91031271
5446.7000 0.89530903
5447.6000 0.94281679
5448.5000 1.00536442
5449.4000 1.0339148
5450.3000 1.03661275
5451.2000 1.03195584
5452.1000 1.02560723
5453.0000 1.01226723
5453.9000 0.97658581
5454.8000 0.92149729
5455.7000 0.9132365
5456.6000 0.96834409
5457.5000 1.01944768
5458.4000 1.03449917
5459.3000 1.03019333
5460.2000 1.02029777
5461.1000 0.99961853
5462.0000 0.96392977
5462.9000 0.94101053
5463.8000 0.96108997
5464.7000 0.99399775
5465.6000 1.00006497
5466.5000 0.99682069
5467.4000 1.00786304
5468.3000 1.01871037
5469.2000 1.0170846
5470.1000 1.01149368
5471.0000 1.01085722
5471.9000 1.00796115
5472.8000 0.99446344
5473.7000 0.98696023
5474.6000 0.97914565
5475.5000 0.93546885
5476.4000 0.8911199
5477.3000 0.91232699
5478.2000 0.97024661
5479.1000 0.99743676
5480.0000 0.9836632
5480.9000 0.96139914
5481.8000 0.9630546
5482.7000 0.98156303
5483.6000 0.99984515
5484.5000 1.01627207
5485.4000 1.02007377
5486.3000 1.00014043
5487.2000 0.97582573
5488.1000 0.97793835
5489.0000 0.99442607
5489.9000 1.00635302
5490.8000 1.01513481
5491.7000 1.01609027
5492.6000 1.00470781
5493.5000 0.99608207
5494.4000 1.00330544
5495.3000 1.00833762
5496.2000 0.99379635
5497.1000 0.97543931
5498.0000 0.98835433
5498.9000 1.01205122
5499.8000 1.01005816
5500.7000 0.98755133
5501.6000 0.97190768
5502.5000 0.97652155
5503.4000 0.98957014
5504.3000 0.9988476
5505.2000 0.98470592
5506.1000 0.96230954
5507.0000 0.96741194
5507.9000 0.99348611
5508.8000 1.0067333
5509.7000 1.0024066
5510.6000 0.99154741
5511.5000 0.97099727
5512.4000 0.95061189
5513.3000 0.95263731
5514.2000 0.97213376
5515.1000 0.98980224
5516.0000 0.99898982
5516.9000 1.00465417
5517.8000 1.01165771
5518.7000 1.01609921
5519.6000 1.01604843
5520.5000 1.01091862
5521.4000 1.00658786
5522.3000 1.0064255
5523.2000 1.00806367
5524.1000 1.00298846
5525.0000 0.98874259
5525.9000 0.97088832
5526.8000 0.93776935
5527.7000 0.89907283
5528.6000 0.90243959
5529.5000 0.95311147
5530.4000 0.99675918
5531.3000 1.00383401
5532.2000 0.99789613
5533.1000 0.99284059
5534.0000 0.98550588
5534.9000 0.97656882
5535.8000 0.98233241
5536.7000 0.99652964
5537.6000 0.99724764
5538.5000 0.99524051
5539.4000 0.99972302
5540.3000 1.00635087
5541.2000 1.00637341
5542.1000 0.98998421
5543.0000 0.97501445
5543.9000 0.97868341
5544.8000 0.99209356
5545.7000 0.99432278
5546.6000 0.99173933
5547.5000 1.00033545
5548.4000 1.00987697
5549.3000 1.0109731
5550.2000 1.01060402
5551.1000 1.01226962
5552.0000 1.01174462
5552.9000 0.99566835
5553.8000 0.9797411
5554.7000 0.97852641
5555.6000 0.99088907
5556.5000 0.99788284
5557.4000 1.0001992
5558.3000 1.00349784
5559.2000 0.99696738
5560.1000 0.9895643
5561.0000 0.98675132
5561.9000 0.97386378
5562.8000 0.96105427
5563.7000 0.96054608
5564.6000 0.95984244
5565.5000 0.95717388
5566.4000 0.95944226
5567.3000 0.96366495
5568.2000 0.95608544
5569.1000 0.94129997
5570.0000 0.95181847
5570.9000 0.96287483
5571.8000 0.93268788
5572.7000 0.91453445
5573.6000 0.94505244
5574.5000 0.96798873
5575.4000 0.96340621
5576.3000 0.96636158
5577.2000 0.97956961
5578.1000 0.98451716
5579.0000 0.990973
5579.9000 0.99485058
5580.8000 0.98206168
5581.7000 0.97103697
5582.6000 0.97643852
5583.5000 0.98114961
5584.4000 0.97061449
5585.3000 0.93308455
5586.2000 0.88150847
5587.1000 0.85942125
5588.0000 0.86854827
5588.9000 0.89178836
5589.8000 0.92426497
5590.7000 0.95358431
5591.6000 0.96807206
5592.5000 0.95922011
5593.4000 0.93453217
5594.3000 0.92540491
5595.2000 0.95582587
5596.1000 0.98760915
5597.0000 0.97161597
5597.9000 0.94045269
5598.8000 0.94181103
5599.7000 0.95032877
5600.6000 0.93635899
5601.5000 0.91099489
5602.4000 0.9029032
5603.3000 0.93271142
5604.2000 0.97799248
5605.1000 1.00062358
5606.0000 1.00419855
5606.9000 1.00584924
5607.8000 1.0099932
5608.7000 1.00808156
5609.6000 1.00231946
5610.5000 1.00020182
5611.4000 1.00193822
5612.3000 0.9996863
5613.2000 0.97375131
5614.1000 0.91521204
5615.0000 0.85943156
5615.9000 0.87451077
5616.8000 0.93036586
5617.7000 0.9634946
5618.6000 0.97111571
5619.5000 0.97285098
5620.4000 0.97972655
5621.3000 0.99151033
5622.2000 0.99066639
5623.1000 0.95910162
5624.0000 0.92071617
5624.9000 0.92856181
5625.8000 0.96177477
5626.7000 0.98511368
5627.6000 0.98471439
5628.5000 0.98538697
5629.4000 0.9911865
5630.3000 0.99380147
5631.2000 0.99526465
5632.1000 0.99056315
5633.0000 0.98081839
5633.9000 0.9784373
5634.8000 0.97735637
5635.7000 0.97093081
5636.6000 0.9597736
5637.5000 0.95206934
5638.4000 0.96119618
5639.3000 0.9763307
5640.2000 0.9716695
5641.1000 0.96571338
5642.0000 0.97342432
5642.9000 0.98578089
5643.8000 0.99047309
5644.7000 0.98853129
5645.6000 0.9895764
5646.5000 0.99470949
5647.4000 0.99927002
5648.3000 0.99825704
5649.2000 0.98830968
5650.1000 0.98491502
5651.0000 0.99071717
5651.9000 0.99128526
5652.8000 0.98208827
5653.7000 0.96487415
5654.6000 0.94989914
5655.5000 0.96075851
5656.4000 0.96760547
5657.3000 0.93134916
5658.2000 0.90143824
5659.1000 0.92376596
5660.0000 0.95750874
5660.9000 0.95773292
5661.8000 0.94124478
5662.7000 0.94180238
5663.6000 0.9624179
5664.5000 0.97778624
5665.4000 0.97743189
5666.3000 0.96633321
5667.2000 0.96639854
5668.1000 0.97960377
5669.0000 0.98527646
5669.9000 0.98722655
5670.8000 0.9843812
5671.7000 0.99229312
5672.6000 1.00127089
5673.5000 0.99916542
5674.4000 0.98558646
5675.3000 0.97642088
5676.2000 0.98719585
5677.1000 0.99346977
5678.0000 0.99020326
5678.9000 0.9831692
5679.8000 0.98367006
5680.7000 0.98049676
5681.6000 0.96064562
5682.5000 0.94942951
5683.4000 0.95415771
5684.3000 0.95806766
5685.2000 0.95591241
5686.1000 0.94731653
5687.0000 0.93549943
5687.9000 0.92495137
5688.8000 0.94768977
5689.7000 0.97115159
5690.6000 0.97435617
5691.5000 0.97970724
5692.4000 0.98315722
5693.3000 0.97821027
5694.2000 0.98023993
5695.1000 0.9844901
5696.0000 0.9950332
5696.9000 0.99467009
5697.8000 0.9738543
5698.7000 0.96890038
5699.6000 0.97048402
5700.5000 0.95933449
5701.4000 0.94836825
5702.3000 0.96061516
5703.2000 0.97548383
5704.1000 0.97402763
5705.0000 0.95756978
5705.9000 0.94387484
5706.8000 0.93951529
5707.7000 0.92663652
5708.6000 0.90086019
5709.5000 0.89556205
5710.4000 0.90438652
5711.3000 0.91205227
5712.2000 0.94063503
5713.1000 0.97112846
5714.0000 0.97723103
5714.9000 0.97307152
5715.8000 0.97564757
5716.7000 0.97771698
5717.6000 0.97707999
5718.5000 0.98395371
5719.4000 0.99561596
5720.3000 0.99882901
5721.2000 0.99627519
5722.1000 0.99583262
5723.0000 0.99791002
5723.9000 1.00020552
5724.8000 0.99846923
5725.7000 0.99011445
5726.6000 0.9812119
5727.5000 0.98350877
5728.4000 0.99350357
5729.3000 0.99525589
5730.2000 0.98242706
5731.1000 0.97143751
5732.0000 0.97526121
5732.9000 0.98904705
5733.8000 0.9981491
5734.7000 0.99945861
5735.6000 0.99450231
5736.5000 0.9895066
5737.4000 0.9852944
5738.3000 0.98431182
5739.2000 0.98781943
5740.1000 0.99012589
5741.0000 0.98649979
5741.9000 0.98952675
5742.8000 0.99506992
5743.7000 1.0005846
5744.6000 1.00180864
5745.5000 0.99850142
5746.4000 0.9878009
5747.3000 0.9741751
5748.2000 0.97141063
5749.1000 0.98094642
5750.0000 0.98881453
5750.9000 0.98103762
5751.8000 0.95302218
5752.7000 0.93309021
5753.6000 0.93458545
5754.5000 0.94906175
5755.4000 0.96747947
5756.3000 0.9796676
5757.2000 0.9885757
5758.1000 0.9909966
5759.0000 0.98442483
5759.9000 0.97150421
5760.8000 0.95482141
5761.7000 0.93914449
5762.6000 0.93314779
5763.5000 0.95119733
5764.4000 0.97783113
5765.3000 0.98880786
5766.2000 0.98552775
5767.1000 0.98041058
5768.0000 0.98331469
5768.9000 0.99103981
5769.8000 0.99118298
5770.7000 0.97897333
5771.6000 0.96902168
5772.5000 0.97067297
5773.4000 0.97377676
5774.3000 0.96794462
5775.2000 0.96567047
5776.1000 0.9754523
5777.0000 0.98475724
5777.9000 0.98381585
5778.8000 0.97361499
5779.7000 0.95572722
5780.6000 0.94307983
5781.5000 0.94091648
5782.4000 0.94307041
5783.3000 0.93904841
5784.2000 0.93229347
5785.1000 0.93599457
5786.0000 0.95006198
5786.9000 0.96415114
5787.8000 0.97057092
5788.7000 0.97242677
5789.6000 0.96114039
5790.5000 0.94576824
5791.4000 0.9479813
5792.3000 0.95935023
5793.2000 0.96810973
5794.1000 0.97386587
5795.0000 0.98147863
5795.9000 0.98302609
5796.8000 0.97216356
5797.7000 0.96274036
5798.6000 0.96583384
5799.5000 0.97633386
5800.4000 0.98356736
5801.3000 0.98186839
5802.2000 0.97922647
5803.1000 0.97236007
5804.0000 0.96070868
5804.9000 0.95177519
5805.8000 0.94970727
5806.7000 0.95843726
5807.6000 0.9655171
5808.5000 0.96624345
5809.4000 0.96884257
5810.3000 0.97524542
5811.2000 0.98221534
5812.1000 0.98289216
5813.0000 0.97539151
5813.9000 0.96965778
5814.8000 0.9649092
5815.7000 0.95909023
5816.6000 0.96007907
5817.5000 0.96822727
5818.4000 0.9775815
5819.3000 0.98471552
5820.2000 0.98661095
5821.1000 0.98356688
5822.0000 0.98176336
5822.9000 0.98508179
5823.8000 0.98519635
5824.7000 0.98532832
5825.6000 0.98555952
5826.5000 0.98158228
5827.4000 0.98042405
5828.3000 0.98249161
5829.2000 0.98104531
5830.1000 0.97378331
5831.0000 0.972341
5831.9000 0.97622424
5832.8000 0.97518027
5833.7000 0.97355908
5834.6000 0.97595674
5835.5000 0.97893447
5836.4000 0.97921604
5837.3000 0.97511011
5838.2000 0.96996838
5839.1000 0.97369766
5840.0000 0.97653395
5840.9000 0.97746623
5841.8000 0.97946054
5842.7000 0.97859752
5843.6000 0.97567928
5844.5000 0.97732067
5845.4000 0.97656029
5846.3000 0.96723074
5847.2000 0.96053499
5848.1000 0.9631452
5849.0000 0.96801901
5849.9000 0.97053879
5850.8000 0.97084522
5851.7000 0.96304756
5852.6000 0.94902265
5853.5000 0.94482541
5854.4000 0.95256805
5855.3000 0.9481535
5856.2000 0.92483586
5857.1000 0.90586531
5858.0000 0.91174066
5858.9000 0.92865962
5859.8000 0.9419474
5860.7000 0.94480121
5861.6000 0.94125456
5862.5000 0.9472242
5863.4000 0.95963699
5864.3000 0.96198952
5865.2000 0.95655018
5866.1000 0.95113254
5867.0000 0.95687842
5867.9000 0.96176004
5868.8000 0.96529031
5869.7000 0.9682399
5870.6000 0.97084773
5871.5000 0.97014791
5872.4000 0.96761501
5873.3000 0.96650445
5874.2000 0.97211409
5875.1000 0.97173291
5876.0000 0.96735764
5876.9000 0.96516281
5877.8000 0.96257168
5878.7000 0.95708925
5879.6000 0.95312965
5880.5000 0.95715594
5881.4000 0.95901924
5882.3000 0.95046681
5883.2000 0.94295704
5884.1000 0.94319677
5885.0000 0.95143992
5885.9000 0.95569998
5886.8000 0.94117117
5887.7000 0.89348143
5888.6000 0.78737152
5889.5000 0.6928699
5890.4000 0.72509992
5891.3000 0.82385266
5892.2000 0.88689536
5893.1000 0.90518481
5894.0000 0.87843436
5894.9000 0.79221553
5895.8000 0.74736542
5896.7000 0.80825865
5897.6000 0.89262384
5898.5000 0.92914879
5899.4000 0.93983239
5900.3000 0.94845819
5901.2000 0.95642507
5902.1000 0.95756507
5903.0000 0.96249747
5903.9000 0.96703517
5904.8000 0.95408791
5905.7000 0.94938546
5906.6000 0.96024996
5907.5000 0.96647638
5908.4000 0.96236789
5909.3000 0.95681679
5910.2000 0.95767611
5911.1000 0.96481907
5912.0000 0.96315753
5912.9000 0.94505024
5913.8000 0.92379862
5914.7000 0.92665195
5915.6000 0.93715906
5916.5000 0.94523513
5917.4000 0.95781446
5918.3000 0.96533632
5919.2000 0.96738011
5920.1000 0.9615047
5921.0000 0.95449173
5921.9000 0.95234019
5922.8000 0.95644701
5923.7000 0.95790726
5924.6000 0.95471686
5925.5000 0.959683
5926.4000 0.95765007
5927.3000 0.94436061
5928.2000 0.93379718
5929.1000 0.92098904
5930.0000 0.92027825
5930.9000 0.93666553
5931.8000 0.94949341
5932.7000 0.94906396
5933.6000 0.9376142
5934.5000 0.93079585
5935.4000 0.94603074
5936.3000 0.95627528
5937.2000 0.95772535
5938.1000 0.96296233
5939.0000 0.96627861
5939.9000 0.95858967
5940.8000 0.94813102
5941.7000 0.94614303
5942.6000 0.95277041
5943.5000 0.95942599
5944.4000 0.96010894
5945.3000 0.95510125
5946.2000 0.95482099
5947.1000 0.94532913
5948.0000 0.92437989
5948.9000 0.92548692
5949.8000 0.93762898
5950.7000 0.94148552
5951.6000 0.93603516
5952.5000 0.92882222
5953.4000 0.93700463
5954.3000 0.9483428
5955.2000 0.94619811
5956.1000 0.94054025
5957.0000 0.94366223
5957.9000 0.94862646
5958.8000 0.95269907
5959.7000 0.95780104
5960.6000 0.95621663
5961.5000 0.96584129
5962.4000 0.96610063
5963.3000 0.95916313
5964.2000 0.95258749
5965.1000 0.94727236
5966.0000 0.94996589
5966.9000 0.95384896
5967.8000 0.95519292
5968.7000 0.95479447
5969.6000 0.96120971
5970.5000 0.97017342
5971.4000 0.97090948
5972.3000 0.96664953
5973.2000 0.9645226
5974.1000 0.95594805
5975.0000 0.94173598
5975.9000 0.93122172
5976.8000 0.93379211
5977.7000 0.94305092
5978.6000 0.95354182
5979.5000 0.96034199
5980.4000 0.96464694
5981.3000 0.96137798
5982.2000 0.95036888
5983.1000 0.93158883
5984.0000 0.91708219
5984.9000 0.9242484
5985.8000 0.92951119
5986.7000 0.930278
5987.6000 0.94102848
5988.5000 0.95184386
5989.4000 0.95630884
5990.3000 0.95192629
5991.2000 0.94625884
5992.1000 0.94826138
5993.0000 0.94585705
5993.9000 0.94731027
5994.8000 0.94710618
5995.7000 0.94483238
5996.6000 0.93569237
5997.5000 0.92951876
5998.4000 0.93572587
5999.3000 0.94354022
6000.2000 0.94899482
6001.1000 0.94614786
6002.0000 0.93293715
6002.9000 0.92628747
6003.8000 0.93619192
6004.7000 0.93941313
6005.6000 0.93301243
6006.5000 0.92633998
6007.4000 0.90511453
6008.3000 0.89895189
6009.2000 0.92228508
6010.1000 0.93912989
6011.0000 0.93952024
6011.9000 0.93219185
6012.8000 0.91999573
6013.7000 0.92295134
6014.6000 0.93357354
6015.5000 0.93061495
6016.4000 0.91891015
6017.3000 0.92351162
6018.2000 0.93097794
6019.1000 0.90978843
6020.0000 0.89327389
6020.9000 0.89876604
6021.8000 0.90756696
6022.7000 0.90825498
6023.6000 0.90512258
6024.5000 0.91842967
6025.4000 0.93083674
6026.3000 0.9264214
6027.2000 0.92814046
6028.1000 0.93139023
6029.0000 0.94029421
6029.9000 0.94314325
6030.8000 0.9433912
6031.7000 0.9460488
6032.6000 0.94174594
6033.5000 0.94083655
6034.4000 0.94628888
6035.3000 0.94670504
6036.2000 0.94769996
6037.1000 0.94773221
6038.0000 0.94385278
6038.9000 0.94083422
6039.8000 0.93770349
6040.7000 0.93564111
6041.6000 0.9354986
6042.5000 0.94056749
6043.4000 0.94595933
6044.3000 0.94852
6045.2000 0.9476831
6046.1000 0.94351965
6047.0000 0.94324017
6047.9000 0.94694746
6048.8000 0.94612086
6049.7000 0.94366598
6050.6000 0.9456116
6051.5000 0.94882935
6052.4000 0.9486295
6053.3000 0.94807667
6054.2000 0.945566
6055.1000 0.93154109
6056.0000 0.92508626
6056.9000 0.93406051
6057.8000 0.94235164
6058.7000 0.94823658
6059.6000 0.9538638
6060.5000 0.95382804
6061.4000 0.94850528
6062.3000 0.94150054
6063.2000 0.93707556
6064.1000 0.92096847
6065.0000 0.90280437
6065.9000 0.91074944
6066.8000 0.93328869
6067.7000 0.94485366
6068.6000 0.95004284
6069.5000 0.94829005
6070.4000 0.95137089
6071.3000 0.95497316
6072.2000 0.95147806
6073.1000 0.94923985
6074.0000 0.95142132
6074.9000 0.94534314
6075.8000 0.94009417
6076.7000 0.93040448
6077.6000 0.91315532
6078.5000 0.91042107
6079.4000 0.93039358
6080.3000 0.93978965
6081.2000 0.93426752
6082.1000 0.92980939
6083.0000 0.92896688
6083.9000 0.92868894
6084.8000 0.9219355
6085.7000 0.92297614
6086.6000 0.92760563
6087.5000 0.92693377
6088.4000 0.9261449
6089.3000 0.92286432
6090.2000 0.92312837
6091.1000 0.92556834
6092.0000 0.92573595
6092.9000 0.92435277
6093.8000 0.92752653
6094.7000 0.93134677
6095.6000 0.92958528
6096.5000 0.92494476
6097.4000 0.92866176
6098.3000 0.93822569
6099.2000 0.94094056
6100.1000 0.9288584
6101.0000 0.89660287
6101.9000 0.84930378
6102.8000 0.84345758
6103.7000 0.88933623
6104.6000 0.92928076
6105.5000 0.93900639
6106.4000 0.93445671
6107.3000 0.92341197
6108.2000 0.91818696
6109.1000 0.92504132
6110.0000 0.93046528
6110.9000 0.9305681
6111.8000 0.92771667
6112.7000 0.92796808
6113.6000 0.93216038
6114.5000 0.92817628
6115.4000 0.91454214
6116.3000 0.91087401
6117.2000 0.92006588
6118.1000 0.9277032
6119.0000 0.92532879
6119.9000 0.91492718
6120.8000 0.88414472
6121.7000 0.84869832
6122.6000 0.86081845
6123.5000 0.89952356
6124.4000 0.91963518
6125.3000 0.91799676
6126.2000 0.9215011
6127.1000 0.92043495
6128.0000 0.91556883
6128.9000 0.91598302
6129.8000 0.9235214
6130.7000 0.92272043
6131.6000 0.92432654
6132.5000 0.92851222
6133.4000 0.93024707
6134.3000 0.92391378
6135.2000 0.89497745
6136.1000 0.83949459
6137.0000 0.8145414
6137.9000 0.84717882
6138.8000 0.89723116
6139.7000 0.91743916
6140.6000 0.90549129
6141.5000 0.88852227
6142.4000 0.89502662
6143.3000 0.9167555
6144.2000 0.92643011
6145.1000 0.9259389
6146.0000 0.92903978
6146.9000 0.92437416
6147.8000 0.91690749
6148.7000 0.91847062
6149.6000 0.91813093
6150.5000 0.91113192
6151.4000 0.90854162
6152.3000 0.90949303
6153.2000 0.91288614
6154.1000 0.9091751
6155.0000 0.90979666
6155.9000 0.91532463
6156.8000 0.91974509
6157.7000 0.92007035
6158.6000 0.92286319
6159.5000 0.9113282
6160.4000 0.86647141
6161.3000 0.806786
6162.2000 0.79411906
6163.1000 0.83097148
6164.0000 0.87750959
6164.9000 0.89517987
6165.8000 0.89181054
6166.7000 0.89868212
6167.6000 0.89878923
6168.5000 0.86506194
6169.4000 0.83782041
6170.3000 0.85498285
6171.2000 0.89021635
6172.1000 0.90938157
6173.0000 0.90997154
6173.9000 0.90889472
6174.8000 0.90834868
6175.7000 0.90384257
6176.6000 0.90070057
6177.5000 0.91032046
6178.4000 0.91484505
6179.3000 0.91002756
6180.2000 0.90773302
6181.1000 0.9155122
6182.0000 0.92452323
6182.9000 0.92625433
6183.8000 0.92379516
6184.7000 0.91964626
6185.6000 0.91770983
6186.5000 0.91635954
6187.4000 0.90796703
6188.3000 0.90364742
6189.2000 0.90444839
6190.1000 0.88834643
6191.0000 0.86239332
6191.9000 0.87063771
6192.8000 0.90017599
6193.7000 0.91776848
6194.6000 0.92407209
6195.5000 0.92263293
6196.4000 0.92582697
6197.3000 0.92362887
6198.2000 0.91673446
6199.1000 0.90482438
6200.0000 0.89473861
6200.9000 0.90219367
6201.8000 0.91504747
6202.7000 0.9160586
6203.6000 0.91909605
6204.5000 0.92283553
6205.4000 0.92246783
6206.3000 0.92444503
6207.2000 0.93195391
6208.1000 0.93145871
6209.0000 0.92499441
6209.9000 0.92173034
6210.8000 0.92221528
6211.7000 0.91507745
6212.6000 0.90145224
6213.5000 0.88677651
6214.4000 0.88457918
6215.3000 0.89194882
6216.2000 0.90837836
6217.1000 0.92057443
6218.0000 0.91139239
6218.9000 0.89320296
6219.8000 0.88877118
6220.7000 0.89940363
6221.6000 0.91245276
6222.5000 0.91655236
6223.4000 0.91763073
6224.3000 0.91766876
6225.2000 0.91294348
6226.1000 0.90773022
6227.0000 0.91193759
6227.9000 0.91009223
6228.8000 0.89116091
6229.7000 0.85963166
6230.6000 0.84490466
6231.5000 0.86100096
6232.4000 0.88380879
6233.3000 0.90041417
6234.2000 0.91404331
6235.1000 0.91370559
6236.0000 0.90484095
6236.9000 0.89118588
6237.8000 0.88881314
6238.7000 0.89349115
6239.6000 0.8921048
6240.5000 0.89014727
6241.4000 0.89836788
6242.3000 0.89817017
6243.2000 0.88884014
6244.1000 0.88391638
6245.0000 0.86846042
6245.9000 0.86111528
6246.8000 0.87384617
6247.7000 0.89501971
6248.6000 0.90868872
6249.5000 0.91145158
6250.4000 0.9010548
6251.3000 0.87518114
6252.2000 0.85449827
6253.1000 0.85051966
6254.0000 0.85309017
6254.9000 0.86326009
6255.8000 0.86293948
6256.7000 0.85987574
6257.6000 0.85745472
6258.5000 0.86735094
6259.4000 0.88552743
6260.3000 0.89535266
6261.2000 0.90417582
6262.1000 0.90892082
6263.0000 0.90469742
6263.9000 0.9005605
6264.8000 0.89003813
6265.7000 0.89139831
6266.6000 0.90444952
6267.5000 0.90722436
6268.4000 0.90299821
6269.3000 0.89331704
6270.2000 0.8898114
6271.1000 0.89396209
6272.0000 0.90627372
6272.9000 0.90960002
6273.8000 0.9079662
6274.7000 0.91110647
6275.6000 0.91474098
6276.5000 0.91629148
6277.4000 0.91192913
6278.3000 0.91229588
6279.2000 0.90186423
6280.1000 0.89147806
6281.0000 0.90116018
6281.9000 0.90941912
6282.8000 0.91666847
6283.7000 0.91878927
6284.6000 0.91282892
6285.5000 0.90766549
6286.4000 0.90380442
6287.3000 0.9012872
6288.2000 0.90202516
6289.1000 0.89681399
6290.0000 0.88968819
6290.9000 0.89223593
6291.8000 0.90081733
6292.7000 0.90515196
6293.6000 0.90460086
6294.5000 0.90514553
6295.4000 0.90303946
6296.3000 0.89419556
6297.2000 0.88323307
6298.1000 0.88270611
6299.0000 0.88994652
6299.9000 0.8837105
6300.8000 0.85073227
6301.7000 0.83350062
6302.6000 0.85624158
6303.5000 0.88717276
6304.4000 0.9021045
6305.3000 0.90645641
6306.2000 0.90489548
6307.1000 0.89945221
6308.0000 0.89779216
6308.9000 0.89607489
6309.8000 0.89140224
6310.7000 0.88425416
6311.6000 0.88821214
6312.5000 0.89338291
6313.4000 0.88211447
6314.3000 0.85888451
6315.2000 0.85220826
6316.1000 0.86068082
6317.0000 0.85188514
6317.9000 0.83994007
6318.8000 0.84952742
6319.7000 0.86947781
6320.6000 0.87846792
6321.5000 0.86759388
6322.4000 0.86432487
6323.3000 0.87718397
6324.2000 0.89219004
6325.1000 0.89506453
6326.0000 0.89231873
6326.9000 0.88956982
6327.8000 0.88669193
6328.7000 0.88817424
6329.6000 0.88458556
6330.5000 0.88847601
6331.4000 0.89506918
6332.3000 0.89799613
6333.2000 0.88946348
6334.1000 0.86796242
6335.0000 0.84682846
6335.9000 0.84136218
6336.8000 0.84977847
6337.7000 0.86458606
6338.6000 0.86927909
6339.5000 0.87583494
6340.4000 0.88499451
6341.3000 0.88596445
6342.2000 0.88007188
6343.1000 0.87402743
6344.0000 0.86719316
6344.9000 0.87546015
6345.8000 0.88414556
6346.7000 0.88372433
6347.6000 0.88534886
6348.5000 0.88911897
6349.4000 0.88951993
6350.3000 0.8871851
6351.2000 0.88640994
6352.1000 0.88599312
6353.0000 0.88220352
6353.9000 0.86941564
6354.8000 0.86163133
6355.7000 0.87070286
6356.6000 0.874888
6357.5000 0.86242604
6358.4000 0.84983242
6359.3000 0.85595953
6360.2000 0.86412466
6361.1000 0.85852116
6362.0000 0.85297823
6362.9000 0.85415375
6363.8000 0.86052561
6364.7000 0.86970997
6365.6000 0.87162036
6366.5000 0.87074053
6367.4000 0.8753469
6368.3000 0.88419139
6369.2000 0.88277656
6370.1000 0.87994462
6371.0000 0.878106
6371.9000 0.87623477
6372.8000 0.87446028
6373.7000 0.87776959
6374.6000 0.87906677
6375.5000 0.87711781
6376.4000 0.88227743
6377.3000 0.8815105
6378.2000 0.87744313
6379.1000 0.87617576
6380.0000 0.87550217
6380.9000 0.87683761
6381.8000 0.87807471
6382.7000 0.88020521
6383.6000 0.87872148
6384.5000 0.87641138
6385.4000 0.87338656
6386.3000 0.87067598
6387.2000 0.87201267
6388.1000 0.88080132
6389.0000 0.88310772
6389.9000 0.87896729
6390.8000 0.87753874
6391.7000 0.86324066
6392.6000 0.83815926
6393.5000 0.83503741
6394.4000 0.85648197
6395.3000 0.87214649
6396.2000 0.88496381
6397.1000 0.88616872
6398.0000 0.8663587
6398.9000 0.82478058
6399.8000 0.80283231
6400.7000 0.82941002
6401.6000 0.8677057
6402.5000 0.88727385
6403.4000 0.89143485
6404.3000 0.88709527
6405.2000 0.87890816
6406.1000 0.86720854
6407.0000 0.84640378
6407.9000 0.84298986
6408.8000 0.86069822
6409.7000 0.86393815
6410.6000 0.84411329
6411.5000 0.8352161
6412.4000 0.85052347
6413.3000 0.86820328
6414.2000 0.87518775
6415.1000 0.87504935
6416.0000 0.87690806
6416.9000 0.88086253
6417.8000 0.87955421
6418.7000 0.86733913
6419.6000 0.84830922
6420.5000 0.83645785
6421.4000 0.84409088
6422.3000 0.86675245
6423.2000 0.88039112
6424.1000 0.87895852
6425.0000 0.87494373
6425.9000 0.87630904
6426.8000 0.88089049
6427.7000 0.88114214
6428.6000 0.8767311
6429.5000 0.86047143
6430.4000 0.84084457
6431.3000 0.84217477
6432.2000 0.86017376
6433.1000 0.8737362
6434.0000 0.88578588
6434.9000 0.89075321
6435.8000 0.88681346
6436.7000 0.87647969
6437.6000 0.84826791
6438.5000 0.82109427
6439.4000 0.82973993
6440.3000 0.86037594
6441.2000 0.88104558
6442.1000 0.88264871
6443.0000 0.88079619
6443.9000 0.88132733
6444.8000 0.8805151
6445.7000 0.88270622
6446.6000 0.88596493
6447.5000 0.87809598
6448.4000 0.85400796
6449.3000 0.83130777
6450.2000 0.84033626
6451.1000 0.86513495
6452.0000 0.88096887
6452.9000 0.88234949
6453.8000 0.87132806
6454.7000 0.85147196
6455.6000 0.83646172
6456.5000 0.84370518
6457.4000 0.86505765
6458.3000 0.87440699
6459.2000 0.87426233
6460.1000 0.8656323
6461.0000 0.83625156
6461.9000 0.79757375
6462.8000 0.79931909
6463.7000 0.83921993
6464.6000 0.86881602
6465.5000 0.87940288
6466.4000 0.88222879
6467.3000 0.87392431
6468.2000 0.86058611
6469.1000 0.8556608
6470.0000 0.8527059
6470.9000 0.842255
6471.8000 0.84196168
6472.7000 0.85957867
6473.6000 0.87122625
6474.5000 0.86498994
6475.4000 0.8578257
6476.3000 0.86080295
6477.2000 0.86721337
6478.1000 0.86938244
6479.0000 0.86725557
6479.9000 0.8596257
6480.8000 0.8463884
6481.7000 0.83830386
6482.6000 0.84441918
6483.5000 0.85571438
6484.4000 0.86161381
6485.3000 0.86370385
6486.2000 0.86721188
6487.1000 0.86959803
6488.0000 0.86672872
6488.9000 0.86309415
6489.8000 0.86131853
6490.7000 0.85798717
6491.6000 0.84652835
6492.5000 0.81966841
6493.4000 0.785905
6494.3000 0.76281852
6495.2000 0.76203859
6496.1000 0.78037798
6497.0000 0.80653465
6497.9000 0.82350612
6498.8000 0.82583463
6499.7000 0.83017808
6500.6000 0.84130043
6501.5000 0.8491981
6502.4000 0.85533875
6503.3000 0.86068296
6504.2000 0.86371261
6505.1000 0.86607218
6506.0000 0.86588883
6506.9000 0.86296856
6507.8000 0.86257339
6508.7000 0.86475807
6509.6000 0.86710054
6510.5000 0.86702847
6511.4000 0.86618543
6512.3000 0.86558139
6513.2000 0.86297828
6514.1000 0.85867572
6515.0000 0.8492806
6515.9000 0.84171182
6516.8000 0.83832514
6517.7000 0.83511657
6518.6000 0.83889961
6519.5000 0.85059792
6520.4000 0.85835308
6521.3000 0.85834765
6522.2000 0.85551006
6523.1000 0.85254067
6524.0000 0.85197413
6524.9000 0.85097408
6525.8000 0.84605926
6526.7000 0.84254962
6527.6000 0.84396601
6528.5000 0.85088629
6529.4000 0.85826021
6530.3000 0.85939461
6531.2000 0.8570196
6532.1000 0.8524282
6533.0000 0.84790224
6533.9000 0.85058498
6534.8000 0.85472792
6535.7000 0.85467762
6536.6000 0.85267484
6537.5000 0.85141486
6538.4000 0.85224056
6539.3000 0.85159904
6540.2000 0.84895569
6541.1000 0.84586024
6542.0000 0.84347814
6542.9000 0.84118074
6543.8000 0.835904
6544.7000 0.8229714
6545.6000 0.80836272
6546.5000 0.81052315
6547.4000 0.82339925
6548.3000 0.83225077
6549.2000 0.83528906
6550.1000 0.83188021
6551.0000 0.82812703
6551.9000 0.82728541
6552.8000 0.8253805
6553.7000 0.82168531
6554.6000 0.81189328
6555.5000 0.79755914
6556.4000 0.79347742
6557.3000 0.79111284
6558.2000 0.77901083
6559.1000 0.75767487
6560.0000 0.72012079
6560.9000 0.63539165
6561.8000 0.51428312
6562.7000 0.46620169
6563.6000 0.54862106
6564.5000 0.66493475
6565.4000 0.73432297
6566.3000 0.76845253
6567.2000 0.78341436
6568.1000 0.78195488
6569.0000 0.77948815
6569.9000 0.79131413
6570.8000 0.80349934
6571.7000 0.80787951
6572.6000 0.80731463
6573.5000 0.7999174
6574.4000 0.79909503
6575.3000 0.81116933
6576.2000 0.82446182
6577.1000 0.83564103
6578.0000 0.84114885
6578.9000 0.83482933
6579.8000 0.82900649
6580.7000 0.83481109
6581.6000 0.84162468
6582.5000 0.84146011
6583.4000 0.83964902
6584.3000 0.83740515
6585.2000 0.83567953
6586.1000 0.83768803
6587.0000 0.84223408
6587.9000 0.84650004
6588.8000 0.84628129
6589.7000 0.84497893
6590.6000 0.83743411
6591.5000 0.81773055
6592.4000 0.78815544
6593.3000 0.78278774
6594.2000 0.80726105
6595.1000 0.83000988
6596.0000 0.83168918
6596.9000 0.82184279
6597.8000 0.81630325
6598.7000 0.82229143
6599.6000 0.83480728
6600.5000 0.84387851
6601.4000 0.84181803
6602.3000 0.83998936
6603.2000 0.8410387
6604.1000 0.83938587
6605.0000 0.83938962
6605.9000 0.84051925
6606.8000 0.83817667
6607.7000 0.83027035
6608.6000 0.81840456
6609.5000 0.81908327
6610.4000 0.83261061
6611.3000 0.84135139
6612.2000 0.84411353
6613.1000 0.84588373
6614.0000 0.84806502
6614.9000 0.84965825
6615.8000 0.84957457
6616.7000 0.85026562
6617.6000 0.84645259
6618.5000 0.84236276
6619.4000 0.84235376
6620.3000 0.84153992
6621.2000 0.84314227
6622.1000 0.84730941
6623.0000 0.84741938
6623.9000 0.84308636
6624.8000 0.83554882
6625.7000 0.83659321
6626.6000 0.83482301
6627.5000 0.82534051
6628.4000 0.82534915
6629.3000 0.82579654
6630.2000 0.82103997
6631.1000 0.82311696
6632.0000 0.81903225
6632.9000 0.8060618
6633.8000 0.79704255
6634.7000 0.80462009
6635.6000 0.82343185
6636.5000 0.83142883
6637.4000 0.8285352
6638.3000 0.82566196
6639.2000 0.82989824
6640.1000 0.83647776
6641.0000 0.83763719
6641.9000 0.82949507
6642.8000 0.81256622
6643.7000 0.80550957
6644.6000 0.8131175
6645.5000 0.8276211
6646.4000 0.83764154
6647.3000 0.84053659
6648.2000 0.83583617
6649.1000 0.83840203
6650.0000 0.84344912
6650.9000 0.84256053
6651.8000 0.84231067
6652.7000 0.84252626
6653.6000 0.8359971
6654.5000 0.82944775
6655.4000 0.82811433
6656.3000 0.82982129
6657.2000 0.83288902
6658.1000 0.83424747
6659.0000 0.83298367
6659.9000 0.82592338
6660.8000 0.82344872
6661.7000 0.81912529
6662.6000 0.79979116
6663.5000 0.7946986
6664.4000 0.81037813
6665.3000 0.820912
6666.2000 0.82461154
6667.1000 0.82390028
6668.0000 0.82176942
6668.9000 0.82446384
6669.8000 0.82603538
6670.7000 0.82823128
6671.6000 0.82922369
6672.5000 0.82718706
6673.4000 0.82639462
6674.3000 0.82838106
6675.2000 0.82973164
6676.1000 0.8193717
6677.0000 0.79268491
6677.9000 0.78385043
6678.8000 0.79721832
6679.7000 0.8130061
6680.6000 0.82091814
6681.5000 0.82130319
6682.4000 0.82090932
6683.3000 0.81641728
6684.2000 0.81814069
6685.1000 0.82592028
6686.0000 0.82672924
6686.9000 0.82170981
6687.8000 0.82356745
6688.7000 0.82782429
6689.6000 0.83151555
6690.5000 0.83135545
6691.4000 0.82579964
6692.3000 0.82427937
6693.2000 0.82557553
6694.1000 0.82213545
6695.0000 0.81835961
6695.9000 0.81116015
6696.8000 0.8062976
6697.7000 0.8099854
6698.6000 0.8155182
6699.5000 0.81985527
6700.4000 0.82377177
6701.3000 0.81936228
6702.2000 0.81367701
6703.1000 0.80466223
6704.0000 0.7990852
6704.9000 0.80352974
6705.8000 0.81040901
6706.7000 0.81493556
6707.6000 0.81819117
6708.5000 0.81696522
6709.4000 0.81458747
6710.3000 0.81579936
6711.2000 0.82096052
6712.1000 0.81943661
6713.0000 0.81449783
6713.9000 0.82035238
6714.8000 0.81706357
6715.7000 0.80591953
6716.6000 0.79284543
6717.5000 0.78932494
6718.4000 0.80209142
6719.3000 0.81567651
6720.2000 0.8170082
6721.1000 0.81400383
6722.0000 0.81400931
6722.9000 0.81913704
6723.8000 0.81745553
6724.7000 0.81159467
6725.6000 0.8070634
6726.5000 0.80764413
6727.4000 0.80646682
6728.3000 0.80974919
6729.2000 0.81479323
6730.1000 0.81599098
6731.0000 0.81666386
6731.9000 0.81789869
6732.8000 0.81552726
6733.7000 0.81552899
6734.6000 0.81882477
6735.5000 0.8180607
6736.4000 0.81426287
6737.3000 0.80825233
6738.2000 0.80430609
6739.1000 0.80275494
6740.0000 0.80390173
6740.9000 0.80716503
6741.8000 0.80826896
6742.7000 0.80802494
6743.6000 0.8113485
6744.5000 0.81498069
6745.4000 0.81366396
6746.3000 0.81310326
6747.2000 0.81568003
6748.1000 0.81550449
6749.0000 0.80608833
6749.9000 0.79885435
6750.8000 0.80475575
6751.7000 0.80717391
6752.6000 0.808617
6753.5000 0.81075215
6754.4000 0.8106904
6755.3000 0.81278908
6756.2000 0.81669539
6757.1000 0.81676692
6758.0000 0.81557328
6758.9000 0.81712687
6759.8000 0.81499577
6760.7000 0.8107928
6761.6000 0.80868644
6762.5000 0.80910963
6763.4000 0.81053126
6764.3000 0.80746043
6765.2000 0.80345744
6766.1000 0.7983169
6767.0000 0.79275656
6767.9000 0.79212332
6768.8000 0.79621571
6769.7000 0.79976791
6770.6000 0.79992044
6771.5000 0.79828513
6772.4000 0.79931325
6773.3000 0.80340302
6774.2000 0.81031007
6775.1000 0.81479973
6776.0000 0.81189638
6776.9000 0.80906862
6777.8000 0.81160486
6778.7000 0.81361818
6779.6000 0.81409264
6780.5000 0.81589293
6781.4000 0.8153764
6782.3000 0.8113839
6783.2000 0.80579227
6784.1000 0.80349249
6785.0000 0.80592859
6785.9000 0.80664074
6786.8000 0.80624712
6787.7000 0.81178367
6788.6000 0.8152386
6789.5000 0.81180972
6790.4000 0.81136793
6791.3000 0.81620443
6792.2000 0.81608617
6793.1000 0.80891812
6794.0000 0.80378753
6794.9000 0.80098909
6795.8000 0.79837799
6796.7000 0.79853672
6797.6000 0.80051231
6798.5000 0.80204195
6799.4000 0.80617988
6800.3000 0.8107295
6801.2000 0.81111377
6802.1000 0.81010687
6803.0000 0.80874813
6803.9000 0.80547452
6804.8000 0.80357426
6805.7000 0.80484307
6806.6000 0.8069073
6807.5000 0.80985463
6808.4000 0.80777603
6809.3000 0.80386555
6810.2000 0.80707318
6811.1000 0.81316835
6812.0000 0.81459093
6812.9000 0.8125124
6813.8000 0.80961895
6814.7000 0.80583102
6815.6000 0.80360818
6816.5000 0.80338591
6817.4000 0.8016957
6818.3000 0.79713976
6819.2000 0.79420578
6820.1000 0.79495603
6821.0000 0.80036044
6821.9000 0.80510628
6822.8000 0.80629027
6823.7000 0.81035578
6824.6000 0.8122797
6825.5000 0.80991834
6826.4000 0.80581844
6827.3000 0.80058688
6828.2000 0.79705328
6829.1000 0.80071551
6830.0000 0.80388087
6830.9000 0.80550981
6831.8000 0.80658722
6832.7000 0.80758673
6833.6000 0.81021643
6834.5000 0.81261063
6835.4000 0.80929625
6836.3000 0.80412871
6837.2000 0.80149567
6838.1000 0.79722512
6839.0000 0.79114676
6839.9000 0.78736252
6840.8000 0.78226149
6841.7000 0.77514714
6842.6000 0.77174622
6843.5000 0.77676845
6844.4000 0.78851616
6845.3000 0.79425323
6846.2000 0.79699618
6847.1000 0.79929638
6848.0000 0.79850215
6848.9000 0.7953217
6849.8000 0.79324442
6850.7000 0.79520643
6851.6000 0.80033088
6852.5000 0.80294979
6853.4000 0.79503071
6854.3000 0.77874589
6855.2000 0.77408868
6856.1000 0.77821183
6857.0000 0.78014123
6857.9000 0.78495049
6858.8000 0.79431605
6859.7000 0.79742581
6860.6000 0.79343522
6861.5000 0.78999346
6862.4000 0.7953651
6863.3000 0.80428064
6864.2000 0.80572665
6865.1000 0.80183697
6866.0000 0.79728603
6866.9000 0.79285741
6867.8000 0.79066783
6868.7000 0.79466105
6869.6000 0.80064899
6870.5000 0.80406284
6871.4000 0.80223829
6872.3000 0.79668331
6873.2000 0.79473668
6874.1000 0.79344249
6875.0000 0.79166782
6875.9000 0.79292262
6876.8000 0.79344189
6877.7000 0.7976141
6878.6000 0.79813904
6879.5000 0.79345256
6880.4000 0.78628737
6881.3000 0.77634001
6882.2000 0.77400643
6883.1000 0.78120232
6884.0000 0.78870857
6884.9000 0.78708142
6885.8000 0.7761007
6886.7000 0.78024131
6887.6000 0.79333836
6888.5000 0.79309744
6889.4000 0.78947192
6890.3000 0.79500157
6891.2000 0.80016255
6892.1000 0.7944122
6893.0000 0.78916806
6893.9000 0.79367292
6894.8000 0.7898016
6895.7000 0.78151369
6896.6000 0.77904546
6897.5000 0.78160316
6898.4000 0.78293568
6899.3000 0.78341234
6900.2000 0.78655285
6901.1000 0.79383516
6902.0000 0.79534721
6902.9000 0.79138529
6903.8000 0.7914173
6904.7000 0.79426748
6905.6000 0.79665577
6906.5000 0.79350066
6907.4000 0.79064792
6908.3000 0.79045451
6909.2000 0.79247206
6910.1000 0.7948333
6911.0000 0.7893098
6911.9000 0.78758466
6912.8000 0.78217244
6913.7000 0.77225029
6914.6000 0.76978844
6915.5000 0.77049881
6916.4000 0.77797401
6917.3000 0.78632164
6918.2000 0.79255491
6919.1000 0.79427254
6920.0000 0.79329336
6920.9000 0.79588848
6921.8000 0.7961424
6922.7000 0.7926513
6923.6000 0.78675944
6924.5000 0.78363276
6925.4000 0.78058928
6926.3000 0.78239173
6927.2000 0.78806752
6928.1000 0.79418099
6929.0000 0.79949355
6929.9000 0.80278713
6930.8000 0.79638845
6931.7000 0.78952545
6932.6000 0.78630692
6933.5000 0.78524095
6934.4000 0.78844857
6935.3000 0.79086506
6936.2000 0.79178095
6937.1000 0.7928586
6938.0000 0.79631621
6938.9000 0.80094665
6939.8000 0.79678249
6940.7000 0.79561698
6941.6000 0.79641104
6942.5000 0.79530084
6943.4000 0.78766727
6944.3000 0.7739104
6945.2000 0.76756233
6946.1000 0.7743625
6947.0000 0.77983284
6947.9000 0.78706819
6948.8000 0.79015481
6949.7000 0.78920048
6950.6000 0.78137743
6951.5000 0.77760667
6952.4000 0.78471357
6953.3000 0.79074484
6954.2000 0.78534961
6955.1000 0.78260982
6956.0000 0.78488564
6956.9000 0.78378838
6957.8000 0.78132755
6958.7000 0.78158164
6959.6000 0.78511071
6960.5000 0.78815573
6961.4000 0.78976214
6962.3000 0.79041916
6963.2000 0.78983742
6964.1000 0.78366411
6965.0000 0.77930009
6965.9000 0.78187919
6966.8000 0.78895676
6967.7000 0.79438078
6968.6000 0.79600233
6969.5000 0.79283881
6970.4000 0.79036361
6971.3000 0.78628039
6972.2000 0.78689986
6973.1000 0.78938258
6974.0000 0.78585011
6974.9000 0.77697086
6975.8000 0.76837766
6976.7000 0.7604664
6977.6000 0.74816382
6978.5000 0.74379081
6979.4000 0.75968444
6980.3000 0.77814227
6981.2000 0.78717571
6982.1000 0.78793132
6983.0000 0.78624117
6983.9000 0.78567749
6984.8000 0.78742898
6985.7000 0.7904073
6986.6000 0.78927869
6987.5000 0.78474253
6988.4000 0.78128141
6989.3000 0.78378755
6990.2000 0.78742635
6991.1000 0.78633738
6992.0000 0.78536409
6992.9000 0.78505641
6993.8000 0.78440839
6994.7000 0.78391099
6995.6000 0.78205454
6996.5000 0.78037798
6997.4000 0.78114176
6998.3000 0.77694225
6999.2000 0.76869744
7000.1000 0.76591474
7001.0000 0.77140963
7001.9000 0.77614063
7002.8000 0.77202266
7003.7000 0.76294321
7004.6000 0.75572175
7005.5000 0.754219
7006.4000 0.75772798
7007.3000 0.76347959
7008.2000 0.77105492
7009.1000 0.77626008
7010.0000 0.77716458
7010.9000 0.77289897
7011.8000 0.76601797
7012.7000 0.76602298
7013.6000 0.77081293
7014.5000 0.76963168
7015.4000 0.7570855
7016.3000 0.74798799
7017.2000 0.75479519
7018.1000 0.76930523
7019.0000 0.77943122
7019.9000 0.78310132
7020.8000 0.78249699
7021.7000 0.77379888
7022.6000 0.75858051
7023.5000 0.75110656
7024.4000 0.75667578
7025.3000 0.76584655
7026.2000 0.76956272
7027.1000 0.76550657
7028.0000 0.76185721
7028.9000 0.76476127
7029.8000 0.76815933
7030.7000 0.769189
7031.6000 0.76794112
7032.5000 0.76548219
7033.4000 0.76282257
7034.3000 0.75993496
7035.2000 0.76402712
7036.1000 0.77068102
7037.0000 0.76443565
7037.9000 0.7532019
7038.8000 0.75379914
7039.7000 0.76723152
7040.6000 0.7792657
7041.5000 0.77995741
7042.4000 0.7771728
7043.3000 0.77514279
7044.2000 0.7744683
7045.1000 0.77347088
7046.0000 0.77269751
7046.9000 0.77585804
7047.8000 0.78043407
7048.7000 0.78396547
7049.6000 0.7844224
7050.5000 0.78096306
7051.4000 0.77593541
7052.3000 0.76930422
7053.2000 0.76785821
7054.1000 0.7703284
7055.0000 0.77119219
7055.9000 0.77076632
7056.8000 0.76941019
7057.7000 0.77037013
7058.6000 0.76872689
7059.5000 0.76034272
7060.4000 0.75565398
7061.3000 0.75616008
7062.2000 0.75658906
7063.1000 0.7598334
7064.0000 0.76957786
7064.9000 0.77443075
7065.8000 0.767102
7066.7000 0.75445813
7067.6000 0.7438913
7068.5000 0.74343783
7069.4000 0.75253826
7070.3000 0.75642884
7071.2000 0.75289398
7072.1000 0.75251055
7073.0000 0.76038849
7073.9000 0.77069378
7074.8000 0.77267104
7075.7000 0.76802957
7076.6000 0.76529187
7077.5000 0.76753098
7078.4000 0.77025443
7079.3000 0.76911288
7080.2000 0.76675612
7081.1000 0.76759714
7082.0000 0.7667734
7082.9000 0.76226526
7083.8000 0.75417536
7084.7000 0.74866664
7085.6000 0.75240278
7086.5000 0.75735283
7087.4000 0.75986743
7088.3000 0.76229537
7089.2000 0.76061356
7090.1000 0.75308698
7091.0000 0.75111955
7091.9000 0.75747174
7092.8000 0.76521742
7093.7000 0.77012587
7094.6000 0.76782674
7095.5000 0.76351291
7096.4000 0.76439351
7097.3000 0.76497275
7098.2000 0.76541257
7099.1000 0.76570177
7100.0000 0.76379323
7100.9000 0.7638222
7101.8000 0.76463771
7102.7000 0.76456237
7103.6000 0.76546621
7104.5000 0.76665854
7105.4000 0.7697286
7106.3000 0.77018255
7107.2000 0.76795518
7108.1000 0.76683223
7109.0000 0.76313192
7109.9000 0.76121348
7110.8000 0.75756836
7111.7000 0.75303274
7112.6000 0.75582212
7113.5000 0.76291454
7114.4000 0.76554447
7115.3000 0.76731175
7116.2000 0.77246946
7117.1000 0.77303785
7118.0000 0.77095425
7118.9000 0.7683813
7119.8000 0.76013535
7120.7000 0.74595338
7121.6000 0.73406392
7122.5000 0.73894686
7123.4000 0.75365639
7124.3000 0.76169372
7125.2000 0.76600134
7126.1000 0.76440638
7127.0000 0.76019245
7127.9000 0.75951922
7128.8000 0.75725549
7129.7000 0.74860722
7130.6000 0.7394799
7131.5000 0.74372965
7132.4000 0.75268698
7133.3000 0.75746834
7134.2000 0.76354742
7135.1000 0.76601797
7136.0000 0.76245922
7136.9000 0.76087195
7137.8000 0.76283407
7138.7000 0.76292509
7139.6000 0.76238948
7140.5000 0.76436347
7141.4000 0.76378512
7142.3000 0.76038396
7143.2000 0.7557683
7144.1000 0.75077915
7145.0000 0.7524491
7145.9000 0.75529796
7146.8000 0.73781288
7147.7000 0.72153032
7148.6000 0.73131537
7149.5000 0.75231934
7150.4000 0.76241809
7151.3000 0.76433313
7152.2000 0.76667458
7153.1000 0.76904052
7154.0000 0.76622713
7154.9000 0.75922137
7155.8000 0.7575447
7156.7000 0.76278949
7157.6000 0.76488525
7158.5000 0.76353413
7159.4000 0.7648086
7160.3000 0.7640543
7161.2000 0.76253968
7162.1000 0.76052231
7163.0000 0.74585748
7163.9000 0.72288549
7164.8000 0.7154755
7165.7000 0.73017752
7166.6000 0.74887097
7167.5000 0.76202184
7168.4000 0.76726204
7169.3000 0.76464099
7170.2000 0.76261407
7171.1000 0.76366216
7172.0000 0.76625109
7172.9000 0.7663579
7173.8000 0.76186275
7174.7000 0.75160718
7175.6000 0.74570268
7176.5000 0.74939197
7177.4000 0.75528753
7178.3000 0.75219107
7179.2000 0.74482983
7180.1000 0.73474789
7181.0000 0.72702461
7181.9000 0.73578036
7182.8000 0.74909544
7183.7000 0.75332087
7184.6000 0.7492128
7185.5000 0.73855895
7186.4000 0.72051215
7187.3000 0.71456087
7188.2000 0.72670448
7189.1000 0.73783374
7190.0000 0.74479377
7190.9000 0.74588495
7191.8000 0.74512392
7192.7000 0.74413556
7193.6000 0.74694633
7194.5000 0.74981922
7195.4000 0.7451421
7196.3000 0.73506749
7197.2000 0.73570722
7198.1000 0.74899155
7199.0000 0.75855112
7199.9000 0.75504792
7200.8000 0.74081844
7201.7000 0.72831833
7202.6000 0.73592013
7203.5000 0.74902147
7204.4000 0.75502408
7205.3000 0.74944198
7206.2000 0.72085929
7207.1000 0.69937313
7208.0000 0.71255958
7208.9000 0.73258281
7209.8000 0.74305427
7210.7000 0.75035667
7211.6000 0.75181216
7212.5000 0.74841249
7213.4000 0.74682182
7214.3000 0.74393493
7215.2000 0.74528158
7216.1000 0.74837518
7217.0000 0.74665737
7217.9000 0.74406761
7218.8000 0.73952055
7219.7000 0.73470014
7220.6000 0.73353904
7221.5000 0.73436922
7222.4000 0.73087978
7223.3000 0.73073131
7224.2000 0.73813397
7225.1000 0.74234307
7226.0000 0.74301076
7226.9000 0.74198169
7227.8000 0.73438758
7228.7000 0.72858536
7229.6000 0.73447663
7230.5000 0.74402994
7231.4000 0.75000447
7232.3000 0.75222892
7233.2000 0.74862343
7234.1000 0.74099374
7235.0000 0.73603427
7235.9000 0.74096829
7236.8000 0.74979758
7237.7000 0.74856186
7238.6000 0.73682696
7239.5000 0.72967046
7240.4000 0.73646784
7241.3000 0.74622113
7242.2000 0.74817783
7243.1000 0.74303144
7244.0000 0.73527139
7244.9000 0.73145932
7245.8000 0.73899096
7246.7000 0.74776822
7247.6000 0.74847627
7248.5000 0.74509108
7249.4000 0.7358371
7250.3000 0.72693062
7251.2000 0.72895759
7252.1000 0.73849303
7253.0000 0.74792457
7253.9000 0.75045812
7254.8000 0.74983513
7255.7000 0.75281531
7256.6000 0.75497705
7257.5000 0.75455713
7258.4000 0.75263089
7259.3000 0.74523878
7260.2000 0.73256457
7261.1000 0.72415066
7262.0000 0.72812605
7262.9000 0.73977953
7263.8000 0.7497704
7264.7000 0.75427938
7265.6000 0.75292295
7266.5000 0.74937075
7267.4000 0.74891227
7268.3000 0.75031853
7269.2000 0.74861699
7270.1000 0.74322039
7271.0000 0.73979771
7271.9000 0.73920101
7272.8000 0.73978162
7273.7000 0.74178213
7274.6000 0.73992836
7275.5000 0.74103135
7276.4000 0.74832618
7277.3000 0.7513203
7278.2000 0.7495386
7279.1000 0.74883074
7280.0000 0.7510373
7280.9000 0.74817723
7281.8000 0.73785049
7282.7000 0.72891265
7283.6000 0.7248103
7284.5000 0.72484583
7285.4000 0.72837067
7286.3000 0.73262525
7287.2000 0.72993934
7288.1000 0.71461499
7289.0000 0.70434201
7289.9000 0.71180797
7290.8000 0.71917289
7291.7000 0.71566081
7292.6000 0.71347636
7293.5000 0.72054672
7294.4000 0.73047906
7295.3000 0.73728359
7296.2000 0.74224287
7297.1000 0.7446292
7298.0000 0.7430951
7298.9000 0.73842663
7299.8000 0.7402128
7300.7000 0.74715233
7301.6000 0.75015515
7302.5000 0.74998593
7303.4000 0.74579722
7304.3000 0.74329728
7305.2000 0.74009848
7306.1000 0.73106098
7307.0000 0.72307891
7307.9000 0.72456032
7308.8000 0.73153794
7309.7000 0.73441488
7310.6000 0.73052901
7311.5000 0.73114175
7312.4000 0.73897809
7313.3000 0.7436375
7314.2000 0.74492735
7315.1000 0.74100989
7316.0000 0.73732209
7316.9000 0.73990452
7317.8000 0.73997444
7318.7000 0.73728824
7319.6000 0.73096979
7320.5000 0.72437787
7321.4000 0.7268734
7322.3000 0.7352615
7323.2000 0.74052352
7324.1000 0.73291069
7325.0000 0.71580911
7325.9000 0.70216674
7326.8000 0.70749944
7327.7000 0.72340244
7328.6000 0.73169041
7329.5000 0.73110145
7330.4000 0.72833633
7331.3000 0.73031318
7332.2000 0.73342383
7333.1000 0.72976571
7334.0000 0.72953296
7334.9000 0.73655814
7335.8000 0.74133539
7336.7000 0.74043638
7337.6000 0.73691332
7338.5000 0.73775655
7339.4000 0.73934096
7340.3000 0.73798347
7341.2000 0.73908615
7342.1000 0.73690033
7343.0000 0.72869259
7343.9000 0.72388953
7344.8000 0.72823799
7345.7000 0.73474324
7346.6000 0.73765886
7347.5000 0.735973
7348.4000 0.73417002
7349.3000 0.72873086
7350.2000 0.71960568
7351.1000 0.71664375
7352.0000 0.71923339
7352.9000 0.72164863
7353.8000 0.72025537
7354.7000 0.71679902
7355.6000 0.70908731
7356.5000 0.70949054
7357.4000 0.71836942
7358.3000 0.72620034
7359.2000 0.73075771
7360.1000 0.73220599
7361.0000 0.72775388
7361.9000 0.72039551
7362.8000 0.71617538
7363.7000 0.71265894
7364.6000 0.71145499
7365.5000 0.71982455
7366.4000 0.72813255
7367.3000 0.72699982
7368.2000 0.72311944
7369.1000 0.72752035
7370.0000 0.727319
7370.9000 0.71744651
7371.8000 0.71045524
7372.7000 0.71092522
7373.6000 0.71051604
7374.5000 0.70953363
7375.4000 0.71295965
7376.3000 0.71996635
7377.2000 0.72468805
7378.1000 0.72288626
7379.0000 0.72056156
7379.9000 0.72043473
7380.8000 0.72308928
7381.7000 0.72376007
7382.6000 0.71975636
7383.5000 0.71496111
7384.4000 0.71079832
7385.3000 0.69835788
7386.2000 0.68478936
7387.1000 0.68470067
7388.0000 0.68893105
7388.9000 0.68986768
7389.8000 0.69435245
7390.7000 0.7022208
7391.6000 0.70458448
7392.5000 0.69633985
7393.4000 0.69279069
7394.3000 0.70162463
7395.2000 0.71071142
7396.1000 0.71083564
7397.0000 0.70840114
7397.9000 0.70649558
7398.8000 0.70178765
7399.7000 0.69616979
7400.6000 0.69482487
7401.5000 0.70052016
7402.4000 0.70910668
7403.3000 0.7132172
7404.2000 0.71098864
7405.1000 0.70490086
7406.0000 0.70198613
7406.9000 0.70302278
7407.8000 0.70129603
7408.7000 0.69289923
7409.6000 0.68371832
7410.5000 0.68211287
7411.4000 0.68549693
7412.3000 0.56614214
7413.2000 0.13090861
7414.1000 0.00271681
7415.0000 0.00000319
7415.9000 0
7416.8000 0
7417.7000 0
7418.6000 0
7419.5000 0
7420.4000 0
7421.3000 0
7422.2000 0
7423.1000 0
7424.0000 0
7424.9000 0
7425.8000 0
7426.7000 0
7427.6000 0
7428.5000 0
7429.4000 0
