3500.0000 0
3500.9000 0
3501.8000 0
3502.7000 0
3503.6000 0
3504.5000 0
3505.4000 0
3506.3000 0
3507.2000 0
3508.1000 0
3509.0000 0
3509.9000 0
3510.8000 0
3511.7000 0
3512.6000 0
3513.5000 0
3514.4000 0
3515.3000 0
3516.2000 0
3517.1000 0
3518.0000 0
3518.9000 0
3519.8000 0
3520.7000 0
3521.6000 0
3522.5000 0
3523.4000 0
3524.3000 0
3525.2000 0
3526.1000 0
3527.0000 0
3527.9000 0
3528.8000 0
3529.7000 0
3530.6000 0
3531.5000 0
3532.4000 0
3533.3000 0
3534.2000 0.00000001
3535.1000 0.01999304
3536.0000 0.61752826
3536.9000 0.62987477
3537.8000 0.63624561
3538.7000 0.66783136
3539.6000 0.69246948
3540.5000 0.66993332
3541.4000 0.63175994
3542.3000 0.63617867
3543.2000 0.6715346
3544.1000 0.69272983
3545.0000 0.69415319
3545.9000 0.6936478
3546.8000 0.68791181
3547.7000 0.66803974
3548.6000 0.67174274
3549.5000 0.69996786
3550.4000 0.70893723
3551.3000 0.69208819
3552.2000 0.66460627
3553.1000 0.63484567
3554.0000 0.61326432
3554.9000 0.62485313
3555.8000 0.66572803
3556.7000 0.6780194
3557.6000 0.65998912
3558.5000 0.63555926
3559.4000 0.63444006
3560.3000 0.653494
3561.2000 0.67348206
3562.1000 0.70812392
3563.0000 0.73034304
3563.9000 0.67957604
3564.8000 0.56479973
3565.7000 0.48743099
3566.6000 0.50240058
3567.5000 0.5543083
3568.4000 0.54736412
3569.3000 0.4773578
3570.2000 0.44501007
3571.1000 0.44960299
3572.0000 0.51123309
3572.9000 0.55509526
3573.8000 0.56438947
3574.7000 0.5557183
3575.6000 0.58373243
3576.5000 0.61886823
3577.4000 0.62020034
3578.3000 0.5863505
3579.2000 0.54634881
3580.1000 0.4879736
3581.0000 0.39946812
3581.9000 0.3872976
3582.8000 0.46482968
3583.7000 0.50735474
3584.6000 0.4577738
3585.5000 0.38119972
3586.4000 0.37480408
3587.3000 0.42242703
3588.2000 0.46938387
3589.1000 0.50207591
3590.0000 0.56107199
3590.9000 0.64690852
3591.8000 0.6887328
3592.7000 0.65331239
3593.6000 0.60827017
3594.5000 0.62514788
3595.4000 0.68125558
3596.3000 0.72546345
3597.2000 0.73293132
3598.1000 0.71500987
3599.0000 0.69732124
3599.9000 0.70889205
3600.8000 0.72342813
3601.7000 0.66427267
3602.6000 0.58205432
3603.5000 0.54810619
3604.4000 0.53900462
3605.3000 0.52629387
3606.2000 0.54382557
3607.1000 0.57498568
3608.0000 0.53833538
3608.9000 0.46472052
3609.8000 0.44881681
3610.7000 0.50783044
3611.6000 0.57588983
3612.5000 0.57825941
3613.4000 0.54894179
3614.3000 0.56417549
3615.2000 0.61479163
3616.1000 0.63735998
3617.0000 0.59547842
3617.9000 0.48239967
3618.8000 0.38860574
3619.7000 0.41075692
3620.6000 0.48926821
3621.5000 0.54939741
3622.4000 0.61999273
3623.3000 0.63415933
3624.2000 0.61058468
3625.1000 0.6485309
3626.0000 0.7254833
3626.9000 0.75517428
3627.8000 0.75173694
3628.7000 0.74412137
3629.6000 0.6898607
3630.5000 0.54601163
3631.4000 0.42511955
3632.3000 0.4414528
3633.2000 0.52033263
3634.1000 0.54999352
3635.0000 0.54941815
3635.9000 0.57996798
3636.8000 0.60089064
3637.7000 0.62911087
3638.6000 0.68165797
3639.5000 0.71745509
3640.4000 0.71270919
3641.3000 0.69054586
3642.2000 0.65609086
3643.1000 0.61489022
3644.0000 0.5840807
3644.9000 0.558119
3645.8000 0.56556696
3646.7000 0.56915569
3647.6000 0.53468645
3648.5000 0.52887857
3649.4000 0.55987298
3650.3000 0.58838904
3651.2000 0.62678939
3652.1000 0.68049705
3653.0000 0.72395545
3653.9000 0.72942686
3654.8000 0.72080767
3655.7000 0.72042948
3656.6000 0.73457372
3657.5000 0.75141704
3658.4000 0.77269202
3659.3000 0.77811456
3660.2000 0.76584661
3661.1000 0.77387816
3662.0000 0.76954901
3662.9000 0.72588032
3663.8000 0.69106877
3664.7000 0.70274144
3665.6000 0.71846056
3666.5000 0.70369911
3667.4000 0.68996358
3668.3000 0.67118299
3669.2000 0.6339668
3670.1000 0.62681258
3671.0000 0.68449521
3671.9000 0.7532233
3672.8000 0.76350754
3673.7000 0.73162115
3674.6000 0.72340995
3675.5000 0.74301672
3676.4000 0.71517789
3677.3000 0.63788944
3678.2000 0.61165714
3679.1000 0.61716276
3680.0000 0.60569406
3680.9000 0.60791177
3681.8000 0.63894254
3682.7000 0.67311966
3683.6000 0.69245219
3684.5000 0.67706341
3685.4000 0.62688649
3686.3000 0.58983612
3687.2000 0.56229103
3688.1000 0.57083166
3689.0000 0.61108744
3689.9000 0.67362601
3690.8000 0.74855328
3691.7000 0.80001354
3692.6000 0.78406382
3693.5000 0.72776192
3694.4000 0.69862247
3695.3000 0.71455437
3696.2000 0.71440512
3697.1000 0.70004082
3698.0000 0.71368605
3698.9000 0.75784612
3699.8000 0.79429293
3700.7000 0.78420562
3701.6000 0.75524694
3702.5000 0.73352319
3703.4000 0.68019611
3704.3000 0.59394127
3705.2000 0.53913051
3706.1000 0.52118534
3707.0000 0.53817689
3707.9000 0.55729079
3708.8000 0.56603742
3709.7000 0.59328878
3710.6000 0.65468103
3711.5000 0.71450537
3712.4000 0.75817323
3713.3000 0.81254864
3714.2000 0.84911388
3715.1000 0.81459033
3716.0000 0.77195638
3716.9000 0.77337593
3717.8000 0.75751746
3718.7000 0.65985268
3719.6000 0.52413946
3720.5000 0.45043448
3721.4000 0.44410345
3722.3000 0.48428398
3723.2000 0.57458353
3724.1000 0.67180461
3725.0000 0.74685925
3725.9000 0.76392794
3726.8000 0.68362778
3727.7000 0.61188364
3728.6000 0.65591991
3729.5000 0.7214489
3730.4000 0.70254135
3731.3000 0.65394616
3732.2000 0.60233068
3733.1000 0.52524364
3734.0000 0.44097537
3734.9000 0.38790563
3735.8000 0.39129475
3736.7000 0.41597599
3737.6000 0.47993815
3738.5000 0.57366168
3739.4000 0.65823478
3740.3000 0.72760123
3741.2000 0.75866938
3742.1000 0.71834785
3743.0000 0.63366491
3743.9000 0.57736522
3744.8000 0.54467559
3745.7000 0.49377537
3746.6000 0.48377025
3747.5000 0.48485452
3748.4000 0.42359191
3749.3000 0.37155551
3750.2000 0.42144546
3751.1000 0.55111331
3752.0000 0.66482651
3752.9000 0.71984917
3753.8000 0.76882643
3754.7000 0.84107763
3755.6000 0.88091874
3756.5000 0.82740712
3757.4000 0.67434216
3758.3000 0.54441082
3759.2000 0.55263937
3760.1000 0.6347965
3761.0000 0.67840952
3761.9000 0.67714775
3762.8000 0.66684997
3763.7000 0.64774311
3764.6000 0.6709227
3765.5000 0.69667614
3766.4000 0.64883071
3767.3000 0.60341924
3768.2000 0.630086
3769.1000 0.65933597
3770.0000 0.62766027
3770.9000 0.60824043
3771.8000 0.66339332
3772.7000 0.73732728
3773.6000 0.77491158
3774.5000 0.77868295
3775.4000 0.77610731
3776.3000 0.78910416
3777.2000 0.80577809
3778.1000 0.79889536
3779.0000 0.80704993
3779.9000 0.86426878
3780.8000 0.89761353
3781.7000 0.87927336
3782.6000 0.8672682
3783.5000 0.88689983
3784.4000 0.90141964
3785.3000 0.84015638
3786.2000 0.73040712
3787.1000 0.68244946
3788.0000 0.68374169
3788.9000 0.67006701
3789.8000 0.65565205
3790.7000 0.68226051
3791.6000 0.72631097
3792.5000 0.71904081
3793.4000 0.67058879
3794.3000 0.63314098
3795.2000 0.6211701
3796.1000 0.62144732
3797.0000 0.58415419
3797.9000 0.51654398
3798.8000 0.5085305
3799.7000 0.58777672
3800.6000 0.68280369
3801.5000 0.73831981
3802.4000 0.78972965
3803.3000 0.84243965
3804.2000 0.8632772
3805.1000 0.84849185
3806.0000 0.79514039
3806.9000 0.72580105
3807.8000 0.73257744
3808.7000 0.81091863
3809.6000 0.88072699
3810.5000 0.90361977
3811.4000 0.88644534
3812.3000 0.82054466
3813.2000 0.72167104
3814.1000 0.65298188
3815.0000 0.60671645
3815.9000 0.57485825
3816.8000 0.62613487
3817.7000 0.71125072
3818.6000 0.72532898
3819.5000 0.62985033
3820.4000 0.51541841
3821.3000 0.53835768
3822.2000 0.65018988
3823.1000 0.6896829
3824.0000 0.60783535
3824.9000 0.50478941
3825.8000 0.45160529
3826.7000 0.45150259
3827.6000 0.46968433
3828.5000 0.48213428
3829.4000 0.4887149
3830.3000 0.51386815
3831.2000 0.51327759
3832.1000 0.45029154
3833.0000 0.39966899
3833.9000 0.40040427
3834.8000 0.42282471
3835.7000 0.45511577
3836.6000 0.47638899
3837.5000 0.45919695
3838.4000 0.42291507
3839.3000 0.42046177
3840.2000 0.44553936
3841.1000 0.50272864
3842.0000 0.60827881
3842.9000 0.69435322
3843.8000 0.72639495
3844.7000 0.7325834
3845.6000 0.72432828
3846.5000 0.73109037
3847.4000 0.77170789
3848.3000 0.794945
3849.2000 0.74758053
3850.1000 0.68672121
3851.0000 0.70753902
3851.9000 0.77282733
3852.8000 0.78667128
3853.7000 0.75100744
3854.6000 0.7112143
3855.5000 0.67576385
3856.4000 0.66794026
3857.3000 0.68265623
3858.2000 0.64194101
3859.1000 0.54502654
3860.0000 0.4986006
3860.9000 0.55658925
3861.8000 0.67700416
3862.7000 0.78158593
3863.6000 0.816163
3864.5000 0.79632628
3865.4000 0.7597416
3866.3000 0.74199015
3867.2000 0.7420646
3868.1000 0.73823935
3869.0000 0.71968001
3869.9000 0.67244321
3870.8000 0.60821819
3871.7000 0.55992573
3872.6000 0.55728495
3873.5000 0.62251133
3874.4000 0.72879529
3875.3000 0.79665029
3876.2000 0.7922861
3877.1000 0.72453678
3878.0000 0.62578946
3878.9000 0.60840374
3879.8000 0.67593938
3880.7000 0.70755422
3881.6000 0.650868
3882.5000 0.59819484
3883.4000 0.63906664
3884.3000 0.6965735
3885.2000 0.65816259
3886.1000 0.57511663
3887.0000 0.54128975
3887.9000 0.53611857
3888.8000 0.5136779
3889.7000 0.53927583
3890.6000 0.63049269
3891.5000 0.71502262
3892.4000 0.7513091
3893.3000 0.74475676
3894.2000 0.74268007
3895.1000 0.73677278
3896.0000 0.75020045
3896.9000 0.8078438
3897.8000 0.81283599
3898.7000 0.78424668
3899.6000 0.76825297
3900.5000 0.79010975
3901.4000 0.82928854
3902.3000 0.80082875
3903.2000 0.73781556
3904.1000 0.70927083
3905.0000 0.67704213
3905.9000 0.65094781
3906.8000 0.70339316
3907.7000 0.79206908
3908.6000 0.83960408
3909.5000 0.84729946
3910.4000 0.84819305
3911.3000 0.87760466
3912.2000 0.91008258
3913.1000 0.89936692
3914.0000 0.86637145
3914.9000 0.86517161
3915.8000 0.85880256
3916.7000 0.83398163
3917.6000 0.81747645
3918.5000 0.79746515
3919.4000 0.76064777
3920.3000 0.71108323
3921.2000 0.67996389
3922.1000 0.6930486
3923.0000 0.72378975
3923.9000 0.74770832
3924.8000 0.73639107
3925.7000 0.6862511
3926.6000 0.62804347
3927.5000 0.55946344
3928.4000 0.48338291
3929.3000 0.42399433
3930.2000 0.37297779
3931.1000 0.32098797
3932.0000 0.2755256
3932.9000 0.24823885
3933.8000 0.23941049
3934.7000 0.24431215
3935.6000 0.27254114
3936.5000 0.32814991
3937.4000 0.3907727
3938.3000 0.45601004
3939.2000 0.53582525
3940.1000 0.60022879
3941.0000 0.62426531
3941.9000 0.63309026
3942.8000 0.62997782
3943.7000 0.60571158
3944.6000 0.62333584
3945.5000 0.71638221
3946.4000 0.7922399
3947.3000 0.78638661
3948.2000 0.75900596
3949.1000 0.78255033
3950.0000 0.84279346
3950.9000 0.87324458
3951.8000 0.84499633
3952.7000 0.7953369
3953.6000 0.80803227
3954.5000 0.85891545
3955.4000 0.84570915
3956.3000 0.79329634
3957.2000 0.78863388
3958.1000 0.82272172
3959.0000 0.8587476
3959.9000 0.84059882
3960.8000 0.73414218
3961.7000 0.60556722
3962.6000 0.55437869
3963.5000 0.55744201
3964.4000 0.53412938
3965.3000 0.47083253
3966.2000 0.38277808
3967.1000 0.30647558
3968.0000 0.26270562
3968.9000 0.25179404
3969.8000 0.27263829
3970.7000 0.33264264
3971.6000 0.41102764
3972.5000 0.48189372
3973.4000 0.53285623
3974.3000 0.58470845
3975.2000 0.65356958
3976.1000 0.71161252
3977.0000 0.7558037
3977.9000 0.80684006
3978.8000 0.86544925
3979.7000 0.91655105
3980.6000 0.94338644
3981.5000 0.92648894
3982.4000 0.8964147
3983.3000 0.87892717
3984.2000 0.8758747
3985.1000 0.88185793
3986.0000 0.88228297
3986.9000 0.88715684
3987.8000 0.93932372
3988.7000 0.97884053
3989.6000 0.96328861
3990.5000 0.95597088
3991.4000 0.98169851
3992.3000 1.00668716
3993.2000 1.00845969
3994.1000 0.99184424
3995.0000 0.9703939
3995.9000 0.93849254
3996.8000 0.89498556
3997.7000 0.87934756
3998.6000 0.92948073
3999.5000 1.00320458
4000.4000 1.03330541
4001.3000 1.03110206
4002.2000 1.0472312
4003.1000 1.06890953
4004.0000 1.02213073
4004.9000 0.90175855
4005.8000 0.83129513
4006.7000 0.87771153
4007.6000 0.96971339
4008.5000 1.02932191
4009.4000 1.03392756
4010.3000 1.02505922
4011.2000 1.03095329
4012.1000 1.04228914
4013.0000 1.04787946
4013.9000 1.04056764
4014.8000 1.03792489
4015.7000 1.04661179
4016.6000 1.02532613
4017.5000 0.98250872
4018.4000 1.00998354
4019.3000 1.07319474
4020.2000 1.08274066
4021.1000 1.05703402
4022.0000 1.04639971
4022.9000 1.04946899
4023.8000 1.03729784
4024.7000 1.01265299
4025.6000 1.03237653
4026.5000 1.07599735
4027.4000 1.09891105
4028.3000 1.09866047
4029.2000 1.05574524
4030.1000 0.95644772
4031.0000 0.88848919
4031.9000 0.88431889
4032.8000 0.88741159
4033.7000 0.90140569
4034.6000 0.93571252
4035.5000 0.97292823
4036.4000 1.04596961
4037.3000 1.11285639
4038.2000 1.13921547
4039.1000 1.12050807
4040.0000 1.07861817
4040.9000 1.04626143
4041.8000 1.06770718
4042.7000 1.09702373
4043.6000 1.0339855
4044.5000 0.88281399
4045.4000 0.73821163
4046.3000 0.74905992
4047.2000 0.92185861
4048.1000 1.05313337
4049.0000 1.08690298
4049.9000 1.09936321
4050.8000 1.10484481
4051.7000 1.07293832
4052.6000 1.01800311
4053.5000 0.98286486
4054.4000 0.9629162
4055.3000 0.9605304
4056.2000 0.97797865
4057.1000 0.94863755
4058.0000 0.90535039
4058.9000 0.93343395
4059.8000 1.01118839
4060.7000 1.05915642
4061.6000 1.02348626
4062.5000 0.91476685
4063.4000 0.81352073
4064.3000 0.82882136
4065.2000 0.93132466
4066.1000 0.97058743
4067.0000 0.94793946
4067.9000 0.97170192
4068.8000 1.0509063
4069.7000 1.07875407
4070.6000 0.99368411
4071.5000 0.88729638
4072.4000 0.90185648
4073.3000 1.00295293
4074.2000 1.05436659
4075.1000 1.02590299
4076.0000 0.94683862
4076.9000 0.85711128
4077.8000 0.82711214
4078.7000 0.88319933
4079.6000 0.9718765
4080.5000 1.0517205
4081.4000 1.10161734
4082.3000 1.09310412
4083.2000 1.03580296
4084.1000 0.98479849
4085.0000 0.97317696
4085.9000 1.00539756
4086.8000 1.06712532
4087.7000 1.12106025
4088.6000 1.13862979
4089.5000 1.12093174
4090.4000 1.09307683
4091.3000 1.06516922
4092.2000 1.03643215
4093.1000 1.03811526
4094.0000 1.05356896
4094.9000 1.01828289
4095.8000 0.95857555
4096.7000 0.92738545
4097.6000 0.91765791
4098.5000 0.9116264
4099.4000 0.87616706
4100.3000 0.78395987
4101.2000 0.66962725
4102.1000 0.63797802
4103.0000 0.72465497
4103.9000 0.83349413
4104.8000 0.91548508
4105.7000 0.97153753
4106.6000 0.9988848
4107.5000 1.00703371
4108.4000 1.00644052
4109.3000 0.99517858
4110.2000 0.98964912
4111.1000 1.00758052
4112.0000 1.02489913
4112.9000 1.05232751
4113.8000 1.08432853
4114.7000 1.09405899
4115.6000 1.11444771
4116.5000 1.13306606
4117.4000 1.1116091
4118.3000 1.04327571
4119.2000 1.01267576
4120.1000 1.04665899
4121.0000 1.07360065
4121.9000 1.0642854
4122.8000 1.05275393
4123.7000 1.05848765
4124.6000 1.0896374
4125.5000 1.08412457
4126.4000 1.04164612
4127.3000 1.01276767
4128.2000 1.00922263
4129.1000 1.0343293
4130.0000 1.05650949
4130.9000 1.03462851
4131.8000 0.95916653
4132.7000 0.913459
4133.6000 0.93527913
4134.5000 0.97268063
4135.4000 1.04718626
4136.3000 1.10640657
4137.2000 1.09849679
4138.1000 1.10727561
4139.0000 1.13845503
4139.9000 1.15097189
4140.8000 1.13818431
4141.7000 1.07991743
4142.6000 0.97959828
4143.5000 0.9034577
4144.4000 0.93068254
4145.3000 1.03171599
4146.2000 1.09018314
4147.1000 1.0964905
4148.0000 1.09466171
4148.9000 1.07296169
4149.8000 1.04156983
4150.7000 1.05018628
4151.6000 1.06374049
4152.5000 1.05030131
4153.4000 1.02057874
4154.3000 0.97795314
4155.2000 0.97534949
4156.1000 0.98673975
4157.0000 0.98227781
4157.9000 1.01035607
4158.8000 1.05001044
4159.7000 1.07212555
4160.6000 1.07663476
4161.5000 1.09111202
4162.4000 1.13486946
4163.3000 1.15803969
4164.2000 1.15078509
4165.1000 1.13929343
4166.0000 1.10647285
4166.9000 1.04587221
4167.8000 1.01742148
4168.7000 1.06073487
4169.6000 1.10453928
4170.5000 1.07690239
4171.4000 0.98890752
4172.3000 0.90608341
4173.2000 0.88809258
4174.1000 0.93249679
4175.0000 0.98337716
4175.9000 1.00547981
4176.8000 0.99518067
4177.7000 0.98012275
4178.6000 0.99735302
4179.5000 1.04278791
4180.4000 1.06707227
4181.3000 1.02745223
4182.2000 0.97935951
4183.1000 0.97467697
4184.0000 1.00096023
4184.9000 1.05097544
4185.8000 1.06567597
4186.7000 0.99408698
4187.6000 0.9263761
4188.5000 0.95726264
4189.4000 1.03308022
4190.3000 1.06954432
4191.2000 1.04550731
4192.1000 1.05463445
4193.0000 1.12691522
4193.9000 1.14769948
4194.8000 1.08304274
4195.7000 1.00786769
4196.6000 0.98316574
4197.5000 0.95671797
4198.4000 0.89882642
4199.3000 0.91024876
4200.2000 0.95866114
4201.1000 0.95343035
4202.0000 0.92134255
4202.9000 0.95936495
4203.8000 1.01623225
4204.7000 1.03966582
4205.6000 1.05686796
4206.5000 1.0703702
4207.4000 1.08785903
4208.3000 1.09954703
4209.2000 1.08156431
4210.1000 1.06292808
4211.0000 1.07572949
4211.9000 1.11920476
4212.8000 1.14612591
4213.7000 1.13096035
4214.6000 1.07685912
4215.5000 0.98526323
4216.4000 0.96533614
4217.3000 1.02409351
4218.2000 1.065606
4219.1000 1.07209682
4220.0000 1.08624947
4220.9000 1.11621118
4221.8000 1.11426926
4222.7000 1.07307732
4223.6000 1.01942098
4224.5000 0.94152069
4225.4000 0.83323985
4226.3000 0.70665187
4227.2000 0.68994993
4228.1000 0.86319864
4229.0000 1.04101074
4229.9000 1.10278487
4230.8000 1.12870312
4231.7000 1.11985075
4232.6000 1.05845821
4233.5000 1.00536561
4234.4000 1.01405013
4235.3000 0.98555768
4236.2000 0.92943078
4237.1000 0.94837266
4238.0000 0.98230565
4238.9000 0.97374171
4239.8000 0.97365695
4240.7000 1.02490985
4241.6000 1.07171142
4242.5000 1.05224895
4243.4000 1.04113078
4244.3000 1.08349299
4245.2000 1.10397601
4246.1000 1.06527507
4247.0000 1.00137711
4247.9000 0.96739811
4248.8000 0.95692688
4249.7000 0.92336905
4250.6000 0.91433275
4251.5000 0.99108189
4252.4000 1.07681704
4253.3000 1.06692922
4254.2000 0.9931919
4255.1000 0.96538156
4256.0000 1.01797462
4256.9000 1.08489585
4257.8000 1.07583249
4258.7000 0.99878097
4259.6000 0.90736282
4260.5000 0.85012281
4261.4000 0.89702582
4262.3000 1.01830709
4263.2000 1.10449255
4264.1000 1.11971223
4265.0000 1.11644471
4265.9000 1.11975276
4266.8000 1.09398758
4267.7000 1.04651797
4268.6000 1.01973665
4269.5000 0.99341947
4270.4000 0.92041761
4271.3000 0.81585777
4272.2000 0.80366671
4273.1000 0.88255024
4274.0000 0.91636562
4274.9000 0.9143185
4275.8000 0.96795684
4276.7000 1.05187595
4277.6000 1.10028911
4278.5000 1.09733558
4279.4000 1.04194677
4280.3000 0.98692042
4281.2000 0.98992646
4282.1000 1.00709498
4283.0000 1.01849198
4283.9000 1.03379965
4284.8000 1.01010478
4285.7000 0.96409398
4286.6000 0.95136297
4287.5000 0.96280724
4288.4000 0.93420154
4289.3000 0.8554213
4290.2000 0.81655157
4291.1000 0.86796528
4292.0000 0.9593997
4292.9000 1.01682639
4293.8000 0.9965384
4294.7000 0.95953757
4295.6000 0.95527965
4296.5000 0.93642217
4297.4000 0.8884086
4298.3000 0.81450671
4299.2000 0.713341
4300.1000 0.6764158
4301.0000 0.71480769
4301.9000 0.74862599
4302.8000 0.74899966
4303.7000 0.7755065
4304.6000 0.80237323
4305.5000 0.79696649
4306.4000 0.78043115
4307.3000 0.72019684
4308.2000 0.64959019
4309.1000 0.6631251
4310.0000 0.72373676
4310.9000 0.77980649
4311.8000 0.82185215
4312.7000 0.86470628
4313.6000 0.91285437
4314.5000 0.94264507
4315.4000 1.02189469
4316.3000 1.14016235
4317.2000 1.18602908
4318.1000 1.17216003
4319.0000 1.1499511
4319.9000 1.13194275
4320.8000 1.09911859
4321.7000 1.08534837
4322.6000 1.04659021
4323.5000 0.93599957
4324.4000 0.83591807
4325.3000 0.76193058
4326.2000 0.78331733
4327.1000 0.921942
4328.0000 1.05405414
4328.9000 1.11843348
4329.8000 1.11023152
4330.7000 1.07113314
4331.6000 1.07391179
4332.5000 1.0978924
4333.4000 1.10322487
4334.3000 1.10166621
4335.2000 1.09511018
4336.1000 1.04352021
4337.0000 0.92953366
4337.9000 0.81799364
4338.8000 0.74367052
4339.7000 0.65540612
4340.6000 0.60819805
4341.5000 0.69836509
4342.4000 0.83326054
4343.3000 0.89635968
4344.2000 0.92633027
4345.1000 0.9851703
4346.0000 1.03257072
4346.9000 1.04232371
4347.8000 1.0550158
4348.7000 1.0892185
4349.6000 1.11173785
4350.5000 1.04787278
4351.4000 0.91910982
4352.3000 0.87211156
4353.2000 0.95435876
4354.1000 1.03569341
4355.0000 1.05086458
4355.9000 1.06907523
4356.8000 1.10254025
4357.7000 1.10292351
4358.6000 1.05837595
4359.5000 1.03056014
4360.4000 1.07209218
4361.3000 1.1368804
4362.2000 1.1489048
4363.1000 1.12918031
4364.0000 1.14426732
4364.9000 1.18094325
4365.8000 1.17919409
4366.7000 1.12152457
4367.6000 1.06537855
4368.5000 1.0618819
4369.4000 1.07773983
4370.3000 1.07893491
4371.2000 1.08351505
4372.1000 1.09272611
4373.0000 1.06952834
4373.9000 1.00553024
4374.8000 0.95538336
4375.7000 0.97059512
4376.6000 1.0382961
4377.5000 1.09818637
4378.4000 1.12334669
4379.3000 1.11880124
4380.2000 1.10374737
4381.1000 1.08688498
4382.0000 1.00820971
4382.9000 0.8360455
4383.8000 0.7094422
4384.7000 0.75091565
4385.6000 0.90116125
4386.5000 1.01752174
4387.4000 1.03796101
4388.3000 1.01821673
4389.2000 1.00896704
4390.1000 1.00375414
4391.0000 1.01443708
4391.9000 1.05029523
4392.8000 1.07231843
4393.7000 1.05396211
4394.6000 1.01413298
4395.5000 1.01536429
4396.4000 1.08204842
4397.3000 1.14285791
4398.2000 1.14558303
4399.1000 1.09906018
4400.0000 1.02295756
4400.9000 0.98462176
4401.8000 1.03576231
4402.7000 1.07921433
4403.6000 1.01495719
4404.5000 0.90574062
4405.4000 0.9176541
4406.3000 1.014171
4407.2000 1.04736853
4408.1000 1.02560949
4409.0000 1.04258573
4409.9000 1.09902549
4410.8000 1.14753914
4411.7000 1.17656386
4412.6000 1.19260895
4413.5000 1.15472054
4414.4000 1.04434657
4415.3000 0.96700126
4416.2000 1.00538957
4417.1000 1.06322777
4418.0000 1.09790826
4418.9000 1.15594482
4419.8000 1.20310283
4420.7000 1.1972121
4421.6000 1.13779736
4422.5000 1.07298863
4423.4000 1.06889641
4424.3000 1.09759521
4425.2000 1.10547042
4426.1000 1.10744977
4427.0000 1.11469328
4427.9000 1.14034665
4428.8000 1.16586852
4429.7000 1.13109219
4430.6000 1.08038235
4431.5000 1.09063399
4432.4000 1.10361755
4433.3000 1.07577503
4434.2000 1.02844059
4435.1000 0.98324454
4436.0000 1.01105261
4436.9000 1.09701467
4437.8000 1.15955913
4438.7000 1.190763
4439.6000 1.18195522
4440.5000 1.14028656
4441.4000 1.08466947
4442.3000 1.02675569
4443.2000 1.0039829
4444.1000 1.05465293
4445.0000 1.13927865
4445.9000 1.1815691
4446.8000 1.14500916
4447.7000 1.11494923
4448.6000 1.14016604
4449.5000 1.14744592
4450.4000 1.1162256
4451.3000 1.11526477
4452.2000 1.13394296
4453.1000 1.11327863
4454.0000 1.03557169
4454.9000 0.94619626
4455.8000 0.93679941
4456.7000 0.98643589
4457.6000 1.01138163
4458.5000 1.00075114
4459.4000 1.00509894
4460.3000 1.02423418
4461.2000 0.99828357
4462.1000 0.98713154
4463.0000 1.0508616
4463.9000 1.10339117
4464.8000 1.09917188
4465.7000 1.09516454
4466.6000 1.09816051
4467.5000 1.10145652
4468.4000 1.08069611
4469.3000 1.04741764
4470.2000 1.05367875
4471.1000 1.10282874
4472.0000 1.14797878
4472.9000 1.16570866
4473.8000 1.18467665
4474.7000 1.18970454
4475.6000 1.16618991
4476.5000 1.16368628
4477.4000 1.19765615
4478.3000 1.19848216
4479.2000 1.14284873
4480.1000 1.05681992
4481.0000 0.99024743
4481.9000 0.98297721
4482.8000 1.04425251
4483.7000 1.12565136
4484.6000 1.17407835
4485.5000 1.1941061
4486.4000 1.19668889
4487.3000 1.17666841
4488.2000 1.12707913
4489.1000 1.07358634
4490.0000 1.05401182
4490.9000 1.08121598
4491.8000 1.1326443
4492.7000 1.16151083
4493.6000 1.13484132
4494.5000 1.08848095
4495.4000 1.08316457
4496.3000 1.10805488
4497.2000 1.14438295
4498.1000 1.17635083
4499.0000 1.18167949
4499.9000 1.17023516
4500.8000 1.13823259
4501.7000 1.12282884
4502.6000 1.16975701
4503.5000 1.22986352
4504.4000 1.24950802
4505.3000 1.24698508
4506.2000 1.24298251
4507.1000 1.2266252
4508.0000 1.2024225
4508.9000 1.19389892
4509.8000 1.21428466
4510.7000 1.23187947
4511.6000 1.22189891
4512.5000 1.19301665
4513.4000 1.16355956
4514.3000 1.1419574
4515.2000 1.14034057
4516.1000 1.15834153
4517.0000 1.15841711
4517.9000 1.1423713
4518.8000 1.15417087
4519.7000 1.17722321
4520.6000 1.19061267
4521.5000 1.18390012
4522.4000 1.14544141
4523.3000 1.13012409
4524.2000 1.13473165
4525.1000 1.11066854
4526.0000 1.06760323
4526.9000 1.03333259
4527.8000 1.01116633
4528.7000 0.99722558
4529.6000 1.00848353
4530.5000 1.03070009
4531.4000 1.06250453
4532.3000 1.086743
4533.2000 1.05812049
4534.1000 1.01630843
4535.0000 1.00481927
4535.9000 1.0389502
4536.8000 1.12549317
4537.7000 1.19831765
4538.6000 1.19742382
4539.5000 1.16369951
4540.4000 1.1337589
4541.3000 1.12560606
4542.2000 1.1464287
4543.1000 1.16975462
4544.0000 1.15205503
4544.9000 1.1204803
4545.8000 1.11469233
4546.7000 1.11686265
4547.6000 1.11082327
4548.5000 1.07367516
4549.4000 1.019225
4550.3000 1.0373112
4551.2000 1.09578776
4552.1000 1.11905766
4553.0000 1.11014593
4553.9000 1.0876534
4554.8000 1.06755567
4555.7000 1.06334805
4556.6000 1.10044241
4557.5000 1.14578354
4558.4000 1.16250992
4559.3000 1.17265415
4560.2000 1.18213344
4561.1000 1.19902444
4562.0000 1.2083801
4562.9000 1.17494488
4563.8000 1.11798918
4564.7000 1.07785428
4565.6000 1.0723089
4566.5000 1.11194944
4567.4000 1.16224813
4568.3000 1.18058538
4569.2000 1.18012369
4570.1000 1.1658572
4571.0000 1.11705291
4571.9000 1.09268451
4572.8000 1.13984728
4573.7000 1.18489277
4574.6000 1.18212807
4575.5000 1.1732769
4576.4000 1.17610025
4577.3000 1.18124437
4578.2000 1.16840446
4579.1000 1.13372219
4580.0000 1.08617401
4580.9000 1.05606747
4581.8000 1.05905581
4582.7000 1.08107126
4583.6000 1.07191801
4584.5000 1.0680908
4585.4000 1.07162046
4586.3000 1.07986152
4587.2000 1.115731
4588.1000 1.14488173
4589.0000 1.163378
4589.9000 1.1609354
4590.8000 1.13399565
4591.7000 1.0931505
4592.6000 1.07708931
4593.5000 1.11186278
4594.4000 1.12959146
4595.3000 1.10645044
4596.2000 1.10120714
4597.1000 1.11197186
4598.0000 1.10545111
4598.9000 1.1238395
4599.8000 1.11156714
4600.7000 1.08592236
4601.6000 1.09882724
4602.5000 1.11989224
4603.4000 1.12918353
4604.3000 1.12834036
4605.2000 1.11097407
4606.1000 1.1195029
4607.0000 1.14168453
4607.9000 1.16265488
4608.8000 1.19105315
4609.7000 1.19373989
4610.6000 1.15965629
4611.5000 1.12972569
4612.4000 1.12523472
4613.3000 1.11630368
4614.2000 1.13432074
4615.1000 1.15598416
4616.0000 1.14018083
4616.9000 1.13693488
4617.8000 1.14421511
4618.7000 1.12421548
4619.6000 1.11133015
4620.5000 1.1405201
4621.4000 1.16270781
4622.3000 1.15597749
4623.2000 1.15245652
4624.1000 1.15929258
4625.0000 1.14449155
4625.9000 1.13433504
4626.8000 1.15191805
4627.7000 1.17385805
4628.6000 1.15968359
4629.5000 1.12862921
4630.4000 1.13597357
4631.3000 1.16514134
4632.2000 1.16341102
4633.1000 1.13213158
4634.0000 1.12350905
4634.9000 1.13325667
4635.8000 1.13702881
4636.7000 1.1193372
4637.6000 1.08749771
4638.5000 1.08720124
4639.4000 1.10125518
4640.3000 1.11128831
4641.2000 1.13368917
4642.1000 1.14928162
4643.0000 1.13812363
4643.9000 1.11704302
4644.8000 1.10340595
4645.7000 1.06906211
4646.6000 1.02475727
4647.5000 1.01262581
4648.4000 1.03336728
4649.3000 1.07133424
4650.2000 1.1102736
4651.1000 1.12645066
4652.0000 1.13225353
4652.9000 1.1414932
4653.8000 1.12035882
4654.7000 1.08451784
4655.6000 1.07937002
4656.5000 1.08619952
4657.4000 1.11151969
4658.3000 1.15549946
4659.2000 1.18540442
4660.1000 1.1871382
4661.0000 1.16525459
4661.9000 1.13513196
4662.8000 1.10845208
4663.7000 1.09342909
4664.6000 1.09375882
4665.5000 1.06186903
4666.4000 0.9864254
4667.3000 0.92364144
4668.2000 0.93739671
4669.1000 1.01163852
4670.0000 1.08001363
4670.9000 1.11507678
4671.8000 1.10787976
4672.7000 1.07811856
4673.6000 1.07465339
4674.5000 1.10372555
4675.4000 1.13921928
4676.3000 1.16008103
4677.2000 1.14582217
4678.1000 1.09544742
4679.0000 1.05397666
4679.9000 1.04738319
4680.8000 1.05764985
4681.7000 1.06806624
4682.6000 1.08643377
4683.5000 1.11367166
4684.4000 1.11917651
4685.3000 1.11497343
4686.2000 1.11833513
4687.1000 1.12222874
4688.0000 1.1133374
4688.9000 1.10390282
4689.8000 1.10243058
4690.7000 1.09080386
4691.6000 1.07806754
4692.5000 1.08901882
4693.4000 1.10956228
4694.3000 1.12090814
4695.2000 1.13254178
4696.1000 1.14303529
4697.0000 1.13088965
4697.9000 1.08743465
4698.8000 1.04976141
4699.7000 1.04850066
4700.6000 1.05624175
4701.5000 1.03924525
4702.4000 0.99762118
4703.3000 0.98404354
4704.2000 1.02982295
4705.1000 1.08065188
4706.0000 1.08848131
4706.9000 1.05631173
4707.8000 1.02891588
4708.7000 1.02798355
4709.6000 1.04499316
4710.5000 1.0831424
4711.4000 1.11377859
4712.3000 1.11490202
4713.2000 1.09138644
4714.1000 1.057881
4715.0000 1.0610112
4715.9000 1.10595417
4716.8000 1.14202273
4717.7000 1.14810312
4718.6000 1.15361178
4719.5000 1.17077184
4720.4000 1.17519128
4721.3000 1.15582561
4722.2000 1.13977015
4723.1000 1.14798617
4724.0000 1.16479158
4724.9000 1.17939425
4725.8000 1.1727109
4726.7000 1.12711573
4727.6000 1.07269871
4728.5000 1.04763794
4729.4000 1.04547822
4730.3000 1.04408407
4731.2000 1.05292106
4732.1000 1.08395827
4733.0000 1.1088388
4733.9000 1.11587727
4734.8000 1.12425196
4735.7000 1.10618258
4736.6000 1.06730068
4737.5000 1.08080721
4738.4000 1.12896514
4739.3000 1.14388096
4740.2000 1.12130022
4741.1000 1.10488605
4742.0000 1.12223864
4742.9000 1.14715779
4743.8000 1.14493012
4744.7000 1.12485301
4745.6000 1.1265012
4746.5000 1.14766049
4747.4000 1.15151703
4748.3000 1.13736045
4749.2000 1.14187729
4750.1000 1.15111852
4751.0000 1.14071441
4751.9000 1.11537004
4752.8000 1.09830666
4753.7000 1.08256364
4754.6000 1.0725143
4755.5000 1.06757927
4756.4000 1.07093525
4757.3000 1.09501576
4758.2000 1.12476063
4759.1000 1.14825404
4760.0000 1.15797865
4760.9000 1.12981129
4761.8000 1.0808661
4762.7000 1.05570519
4763.6000 1.06372881
4764.5000 1.05698907
4765.4000 1.03409183
4766.3000 1.03114784
4767.2000 1.06232798
4768.1000 1.09225357
4769.0000 1.12669384
4769.9000 1.14760041
4770.8000 1.12615502
4771.7000 1.09448612
4772.6000 1.10219848
4773.5000 1.13811886
4774.4000 1.17185998
4775.3000 1.1717211
4776.2000 1.15750039
4777.1000 1.1707902
4778.0000 1.18558264
4778.9000 1.1738317
4779.8000 1.16155851
4780.7000 1.17242181
4781.6000 1.17424858
4782.5000 1.14330518
4783.4000 1.10933101
4784.3000 1.12377858
4785.2000 1.13390934
4786.1000 1.09784126
4787.0000 1.08297205
4787.9000 1.10678637
4788.8000 1.10495257
4789.7000 1.10110617
4790.6000 1.11458898
4791.5000 1.12524414
4792.4000 1.13757622
4793.3000 1.17046547
4794.2000 1.20019221
4795.1000 1.21022069
4796.0000 1.19604135
4796.9000 1.18008006
4797.8000 1.15418613
4798.7000 1.12252522
4799.6000 1.10476828
4800.5000 1.10848713
4801.4000 1.13377368
4802.3000 1.15548015
4803.2000 1.16038525
4804.1000 1.14643788
4805.0000 1.11842835
4805.9000 1.12033784
4806.8000 1.11984074
4807.7000 1.10153461
4808.6000 1.09733665
4809.5000 1.11419296
4810.4000 1.13171911
4811.3000 1.14550912
4812.2000 1.14605367
4813.1000 1.14202523
4814.0000 1.14887702
4814.9000 1.16443872
4815.8000 1.17961526
4816.7000 1.1871413
4817.6000 1.17819762
4818.5000 1.17972541
4819.4000 1.18861175
4820.3000 1.18145549
4821.2000 1.17172527
4822.1000 1.14916694
4823.0000 1.09496963
4823.9000 1.06034851
4824.8000 1.09775674
4825.7000 1.14263916
4826.6000 1.16015983
4827.5000 1.15295219
4828.4000 1.12769675
4829.3000 1.10711884
4830.2000 1.12102818
4831.1000 1.11698925
4832.0000 1.10622871
4832.9000 1.11343539
4833.8000 1.12860096
4834.7000 1.13955867
4835.6000 1.13389266
4836.5000 1.13028371
4837.4000 1.12628603
4838.3000 1.102772
4839.2000 1.07342446
4840.1000 1.06106544
4841.0000 1.07467222
4841.9000 1.09302902
4842.8000 1.08471072
4843.7000 1.0837599
4844.6000 1.11206722
4845.5000 1.1275059
4846.4000 1.12711513
4847.3000 1.10808325
4848.2000 1.07635009
4849.1000 1.06389368
4850.0000 1.08703887
4850.9000 1.10141873
4851.8000 1.08547425
4852.7000 1.07228231
4853.6000 1.05099773
4854.5000 1.00200891
4855.4000 0.94595587
4856.3000 0.94181061
4857.2000 0.96034247
4858.1000 0.94388491
4859.0000 0.87219131
4859.9000 0.75256234
4860.8000 0.62914872
4861.7000 0.60787743
4862.6000 0.72717643
4863.5000 0.84170234
4864.4000 0.90300637
4865.3000 0.95019048
4866.2000 0.98250121
4867.1000 1.00846887
4868.0000 1.02372956
4868.9000 1.03447247
4869.8000 1.01533389
4870.7000 0.94342864
4871.6000 0.88437045
4872.5000 0.91807079
4873.4000 0.99227268
4874.3000 1.03439391
4875.2000 1.04624867
4876.1000 1.04986191
4877.0000 1.04951596
4877.9000 1.04468107
4878.8000 1.07380557
4879.7000 1.12679303
4880.6000 1.12818885
4881.5000 1.08737814
4882.4000 1.07526624
4883.3000 1.08962953
4884.2000 1.07569551
4885.1000 1.038293
4886.0000 1.01468718
4886.9000 1.01557791
4887.8000 1.03221059
4888.7000 1.03425562
4889.6000 1.01341939
4890.5000 0.95676637
4891.4000 0.92067492
4892.3000 0.99905628
4893.2000 1.09754968
4894.1000 1.1477834
4895.0000 1.16902578
4895.9000 1.16770554
4896.8000 1.15520597
4897.7000 1.15346634
4898.6000 1.14747977
4899.5000 1.12634671
4900.4000 1.11608088
4901.3000 1.1317004
4902.2000 1.12543273
4903.1000 1.08645141
4904.0000 1.07139301
4904.9000 1.10326409
4905.8000 1.14198387
4906.7000 1.1499517
4907.6000 1.12302005
4908.5000 1.08703721
4909.4000 1.04096508
4910.3000 1.00087261
4911.2000 1.01243317
4912.1000 1.05972767
4913.0000 1.09595811
4913.9000 1.11428332
4914.8000 1.13825607
4915.7000 1.14659727
4916.6000 1.11809516
4917.5000 1.05079484
4918.4000 0.96245712
4919.3000 0.89855999
4920.2000 0.88909477
4921.1000 0.93298876
4922.0000 1.00694072
4922.9000 1.03054512
4923.8000 1.00979888
4924.7000 1.01310945
4925.6000 1.06619024
4926.5000 1.11010456
4927.4000 1.11137819
4928.3000 1.11433578
4929.2000 1.13742208
4930.1000 1.13555348
4931.0000 1.12806726
4931.9000 1.12026584
4932.8000 1.07181346
4933.7000 1.01970112
4934.6000 1.03446269
4935.5000 1.07846713
4936.4000 1.07042122
4937.3000 1.02681923
4938.2000 0.97819364
4939.1000 0.96596122
4940.0000 1.02141941
4940.9000 1.09934795
4941.8000 1.13112092
4942.7000 1.13711894
4943.6000 1.15132141
4944.5000 1.14181018
4945.4000 1.10363305
4946.3000 1.08242989
4947.2000 1.10524881
4948.1000 1.13305533
4949.0000 1.13497663
4949.9000 1.1251117
4950.8000 1.12713015
4951.7000 1.12752306
4952.6000 1.11224031
4953.5000 1.10746419
4954.4000 1.10919297
4955.3000 1.1014775
4956.2000 1.04004574
4957.1000 0.92146665
4958.0000 0.90194082
4958.9000 1.02392745
4959.8000 1.12662768
4960.7000 1.15194452
4961.6000 1.14234829
4962.5000 1.13599396
4963.4000 1.14233291
4964.3000 1.13552034
4965.2000 1.09909558
4966.1000 1.07245278
4967.0000 1.0752542
4967.9000 1.075068
4968.8000 1.06940448
4969.7000 1.06826711
4970.6000 1.07435405
4971.5000 1.0963974
4972.4000 1.1122843
4973.3000 1.12106669
4974.2000 1.13664508
4975.1000 1.13981366
4976.0000 1.12910032
4976.9000 1.11626792
4977.8000 1.09112585
4978.7000 1.06599498
4979.6000 1.06104755
4980.5000 1.0555619
4981.4000 1.0155555
4982.3000 0.94711614
4983.2000 0.90843266
4984.1000 0.92556942
4985.0000 0.96378082
4985.9000 1.01339018
4986.8000 1.08015418
4987.7000 1.1169697
4988.6000 1.11069572
4989.5000 1.09231913
4990.4000 1.06844854
4991.3000 1.0536288
4992.2000 1.06821024
4993.1000 1.07399094
4994.0000 1.07015824
4994.9000 1.09307516
4995.8000 1.11105561
4996.7000 1.106359
4997.6000 1.09789729
4998.5000 1.07906854
4999.4000 1.04935384
5000.3000 1.02881479
5001.2000 1.01479709
5002.1000 1.00795019
5003.0000 1.02217197
5003.9000 1.03226769
5004.8000 1.00164843
5005.7000 0.94358647
5006.6000 0.93366402
5007.5000 0.99553329
5008.4000 1.06893861
5009.3000 1.09622777
5010.2000 1.08254218
5011.1000 1.0472008
5012.0000 0.99400961
5012.9000 0.96026641
5013.8000 0.95389539
5014.7000 0.9696461
5015.6000 1.00345218
5016.5000 1.00626934
5017.4000 0.9640944
5018.3000 0.94009715
5019.2000 0.97985357
5020.1000 1.03079331
5021.0000 1.03690827
5021.9000 1.01475525
5022.8000 1.01103854
5023.7000 1.0402981
5024.6000 1.06079376
5025.5000 1.05987275
5026.4000 1.03836691
5027.3000 1.00058925
5028.2000 1.00836301
5029.1000 1.05536866
5030.0000 1.07590628
5030.9000 1.07643402
5031.8000 1.08924413
5032.7000 1.10954463
5033.6000 1.1205349
5034.5000 1.09151006
5035.4000 1.02624238
5036.3000 1.00486827
5037.2000 1.03682232
5038.1000 1.04266191
5039.0000 1.00674844
5039.9000 0.95651817
5040.8000 0.89693254
5041.7000 0.89741045
5042.6000 0.98592269
5043.5000 1.06900549
5044.4000 1.10338974
5045.3000 1.12144589
5046.2000 1.13045537
5047.1000 1.10700238
5048.0000 1.04982305
5048.9000 1.00881445
5049.8000 1.00921094
5050.7000 1.01693916
5051.6000 1.01041389
5052.5000 1.02873361
5053.4000 1.06456494
5054.3000 1.08976591
5055.2000 1.10167873
5056.1000 1.10061038
5057.0000 1.09473395
5057.9000 1.10039616
5058.8000 1.11125124
5059.7000 1.11468327
5060.6000 1.12258804
5061.5000 1.13388979
5062.4000 1.13535929
5063.3000 1.10854161
5064.2000 1.04591668
5065.1000 1.00650704
5066.0000 1.02985549
5066.9000 1.05022097
5067.8000 1.04236913
5068.7000 1.03891301
5069.6000 1.06619942
5070.5000 1.09183431
5071.4000 1.06466389
5072.3000 1.02570295
5073.2000 1.03216159
5074.1000 1.04343355
5075.0000 1.035653
5075.9000 1.04295588
5076.8000 1.06826222
5077.7000 1.06633008
5078.6000 1.00283194
5079.5000 0.93151742
5080.4000 0.92551541
5081.3000 0.97593594
5082.2000 1.01587117
5083.1000 1.01652491
5084.0000 1.01801169
5084.9000 1.05202937
5085.8000 1.08463538
5086.7000 1.08550906
5087.6000 1.07186663
5088.5000 1.07118857
5089.4000 1.07954168
5090.3000 1.07403541
5091.2000 1.07486093
5092.1000 1.09601009
5093.0000 1.10765243
5093.9000 1.10589468
5094.8000 1.1019932
5095.7000 1.08320618
5096.6000 1.03643215
5097.5000 0.98630893
5098.4000 0.94030583
5099.3000 0.93464321
5100.2000 0.98992598
5101.1000 1.05839264
5102.0000 1.09131944
5102.9000 1.08357882
5103.8000 1.0669924
5104.7000 1.05902898
5105.6000 1.05802464
5106.5000 1.04260647
5107.4000 1.01212692
5108.3000 1.01230586
5109.2000 1.01629186
5110.1000 1.00754869
5111.0000 1.03292966
5111.9000 1.07769406
5112.8000 1.09559441
5113.7000 1.09358335
5114.6000 1.07925761
5115.5000 1.06994462
5116.4000 1.08465266
5117.3000 1.10407698
5118.2000 1.1133281
5119.1000 1.10925329
5120.0000 1.0893774
5120.9000 1.06462693
5121.8000 1.04835546
5122.7000 1.03293478
5123.6000 1.00702858
5124.5000 0.98854119
5125.4000 0.98512858
5126.3000 1.00347531
5127.2000 1.01793218
5128.1000 1.02211273
5129.0000 1.01358402
5129.9000 1.01787198
5130.8000 1.03221166
5131.7000 1.03548038
5132.6000 1.03247285
5133.5000 1.01796138
5134.4000 1.03748536
5135.3000 1.06437635
5136.2000 1.04629087
5137.1000 1.00329983
5138.0000 0.98269635
5138.9000 0.95565587
5139.8000 0.96371496
5140.7000 1.00601041
5141.6000 0.99573243
5142.5000 0.95792973
5143.4000 0.98850656
5144.3000 1.03739476
5145.2000 1.03929532
5146.1000 1.01399481
5147.0000 0.99264854
5147.9000 0.98693079
5148.8000 1.01607203
5149.7000 1.04205918
5150.6000 1.03045201
5151.5000 1.01366758
5152.4000 1.01850271
5153.3000 1.01587331
5154.2000 1.00944281
5155.1000 1.01636422
5156.0000 1.03288853
5156.9000 1.05650067
5157.8000 1.06901133
5158.7000 1.06317437
5159.6000 1.06574857
5160.5000 1.06352031
5161.4000 1.03234935
5162.3000 1.00058186
5163.2000 1.00664866
5164.1000 1.00223351
5165.0000 0.95857954
5165.9000 0.8834368
5166.8000 0.78188097
5167.7000 0.73378581
5168.6000 0.78175473
5169.5000 0.87558216
5170.4000 0.92458379
5171.3000 0.84684712
5172.2000 0.72243571
5173.1000 0.72710431
5174.0000 0.87182534
5174.9000 1.00589073
5175.8000 1.05168581
5176.7000 1.05224931
5177.6000 1.06244528
5178.5000 1.06803524
5179.4000 1.05794597
5180.3000 1.0373944
5181.2000 0.99525052
5182.1000 0.89194429
5183.0000 0.73227346
5183.9000 0.67416805
5184.8000 0.78989255
5185.7000 0.93161196
5186.6000 1.00760245
5187.5000 1.01089001
5188.4000 0.9853757
5189.3000 0.99902678
5190.2000 1.01990867
5191.1000 0.96604466
5192.0000 0.89998269
5192.9000 0.92814654
5193.8000 0.98589253
5194.7000 0.97963738
5195.6000 0.95433259
5196.5000 0.96323693
5197.4000 0.98260355
5198.3000 1.00243735
5199.2000 1.02891314
5200.1000 1.04932547
5201.0000 1.04780614
5201.9000 1.02777362
5202.8000 1.01987362
5203.7000 1.00803804
5204.6000 0.96220058
5205.5000 0.93013042
5206.4000 0.9457742
5207.3000 0.96007127
5208.2000 0.92881489
5209.1000 0.9497146
5210.0000 1.00127065
5210.9000 1.03793943
5211.8000 1.05835938
5212.7000 1.0697099
5213.6000 1.05808771
5214.5000 1.00849223
5215.4000 0.95707655
5216.3000 0.94622207
5217.2000 0.96168488
5218.1000 0.99417895
5219.0000 1.03696334
5219.9000 1.05803299
5220.8000 1.05924618
5221.7000 1.05682814
5222.6000 1.04730892
5223.5000 1.02733231
5224.4000 0.99164975
5225.3000 0.94169188
5226.2000 0.86837125
5227.1000 0.83372551
5228.0000 0.90800929
5228.9000 0.98301226
5229.8000 1.00484145
5230.7000 1.02216625
5231.6000 1.01138926
5232.5000 0.95211697
5233.4000 0.93379796
5234.3000 0.95796001
5235.2000 0.97576904
5236.1000 1.00466073
5237.0000 1.03314936
5237.9000 1.05479598
5238.8000 1.06068909
5239.7000 1.05121815
5240.6000 1.05543137
5241.5000 1.04878902
5242.4000 1.02285397
5243.3000 1.01545775
5244.2000 1.04068422
5245.1000 1.06654763
5246.0000 1.05516744
5246.9000 1.02370083
5247.8000 1.01542151
5248.7000 1.01773727
5249.6000 1.00056005
5250.5000 0.98763025
5251.4000 1.01051855
5252.3000 1.03142262
5253.2000 1.02387607
5254.1000 1.0056411
5255.0000 0.9898845
5255.9000 1.01460242
5256.8000 1.05161548
5257.7000 1.0713228
5258.6000 1.07638073
5259.5000 1.06660545
5260.4000 1.03791332
5261.3000 0.98553461
5262.2000 0.9267748
5263.1000 0.89120495
5264.0000 0.86916918
5264.9000 0.85097307
5265.8000 0.8341552
5266.7000 0.87187481
5267.6000 0.93212372
5268.5000 0.90551078
5269.4000 0.82041097
5270.3000 0.81908751
5271.2000 0.91675872
5272.1000 0.97744417
5273.0000 0.96772444
5273.9000 0.9632374
5274.8000 0.93868357
5275.7000 0.92382562
5276.6000 0.98287475
5277.5000 1.04776239
5278.4000 1.0633775
5279.3000 1.04284596
5280.2000 1.00991094
5281.1000 0.98274785
5282.0000 0.96706033
5282.9000 0.95222569
5283.8000 0.93583781
5284.7000 0.97836715
5285.6000 1.04503429
5286.5000 1.07755005
5287.4000 1.07273459
5288.3000 1.05852139
5289.2000 1.06715453
5290.1000 1.08543503
5291.0000 1.08766854
5291.9000 1.07368982
5292.8000 1.05691624
5293.7000 1.05554497
5294.6000 1.05500233
5295.5000 1.0398792
5296.4000 0.99728751
5297.3000 0.941176
5298.2000 0.92260635
5299.1000 0.97255898
5300.0000 1.01838243
5300.9000 1.01685214
5301.8000 0.99822456
5302.7000 1.00648868
5303.6000 1.04398191
5304.5000 1.0656575
5305.4000 1.06387925
5306.3000 1.05089283
5307.2000 1.03607178
5308.1000 1.03907597
5309.0000 1.06011844
5309.9000 1.07721484
5310.8000 1.07629931
5311.7000 1.07348549
5312.6000 1.06404829
5313.5000 1.05317533
5314.4000 1.04767275
5315.3000 1.02788401
5316.2000 0.98964292
5317.1000 0.98486382
5318.0000 1.02632451
5318.9000 1.04750693
5319.8000 1.04589379
5320.7000 1.03674221
5321.6000 1.03011692
5322.5000 1.01454806
5323.4000 0.96931809
5324.3000 0.92897493
5325.2000 0.95402652
5326.1000 0.98018754
5327.0000 0.93706638
5327.9000 0.84002018
5328.8000 0.83354038
5329.7000 0.92478216
5330.6000 1.00677836
5331.5000 1.03173101
5332.4000 1.01151383
5333.3000 1.0056051
5334.2000 1.03002226
5335.1000 1.04142833
5336.0000 1.03459442
5336.9000 1.02146399
5337.8000 1.02077818
5338.7000 1.00700557
5339.6000 0.95940322
5340.5000 0.93014061
5341.4000 0.96072859
5342.3000 1.01022494
5343.2000 1.02860928
5344.1000 1.03106987
5345.0000 1.01667547
5345.9000 0.9964534
5346.8000 1.00418162
5347.7000 1.00635946
5348.6000 0.98113936
5349.5000 0.97219825
5350.4000 1.00403285
5351.3000 1.03819335
5352.2000 1.04155016
5353.1000 1.03174245
5354.0000 1.03929818
5354.9000 1.06204581
5355.8000 1.07229924
5356.7000 1.07555139
5357.6000 1.07672071
5358.5000 1.0719645
5359.4000 1.06798148
5360.3000 1.06231809
5361.2000 1.04612064
5362.1000 1.017663
5363.0000 1.00347829
5363.9000 0.99761844
5364.8000 0.9712435
5365.7000 0.97474593
5366.6000 0.98725325
5367.5000 0.98094243
5368.4000 0.98175591
5369.3000 0.95430362
5370.2000 0.91127121
5371.1000 0.90010291
5372.0000 0.93931419
5372.9000 1.00309646
5373.8000 1.03068626
5374.7000 1.04597116
5375.6000 1.05216122
5376.5000 1.04582381
5377.4000 1.03842854
5378.3000 1.03641307
5379.2000 1.02823651
5380.1000 1.01420844
5381.0000 1.00713694
5381.9000 1.00487685
5382.8000 0.97963315
5383.7000 0.97666299
5384.6000 1.0232482
5385.5000 1.04904819
5386.4000 1.04250741
5387.3000 1.0369122
5388.2000 1.03196931
5389.1000 1.01293921
5390.0000 0.99670357
5390.9000 0.98968607
5391.8000 0.97767079
5392.7000 0.97132069
5393.6000 0.97810149
5394.5000 0.99775326
5395.4000 1.00163972
5396.3000 0.96953648
5397.2000 0.92819792
5398.1000 0.94556338
5399.0000 0.97681475
5399.9000 0.97626692
5400.8000 0.97554851
5401.7000 0.99958146
5402.6000 0.99939489
5403.5000 0.94548941
5404.4000 0.88471723
5405.3000 0.87273711
5406.2000 0.90083307
5407.1000 0.95301592
5408.0000 0.98111308
5408.9000 0.96443897
5409.8000 0.92913294
5410.7000 0.92668259
5411.6000 0.96407914
5412.5000 0.99973947
5413.4000 0.99870658
5414.3000 0.97425455
5415.2000 0.95815855
5416.1000 0.98856318
5417.0000 1.01630366
5417.9000 1.02400351
5418.8000 1.01724505
5419.7000 1.00283706
5420.6000 0.98609769
5421.5000 0.99059671
5422.4000 0.99670339
5423.3000 0.96370125
5424.2000 0.92484373
5425.1000 0.95768565
5426.0000 1.01436448
5426.9000 1.0406611
5427.8000 1.02774024
5428.7000 0.97187364
5429.6000 0.91855639
5430.5000 0.95360255
5431.4000 1.00652814
5432.3000 1.00015807
5433.2000 0.97110224
5434.1000 0.95174736
5435.0000 0.95043868
5435.9000 0.96856517
5436.8000 0.990008
5437.7000 1.02281976
5438.6000 1.0422225
5439.5000 1.0489279
5440.4000 1.04190469
5441.3000 1.03530288
5442.2000 1.03898358
5443.1000 1.03600788
5444.0000 1.00981772
5444.9000 0.96754152
5445.8000 0.92984897
5446.7000 0.9049291
5447.6000 0.94544965
5448.5000 1.00819266
5449.4000 1.03988957
5450.3000 1.04198742
5451.2000 1.03527975
5452.1000 1.02736676
5453.0000 1.01872814
5453.9000 0.99360532
5454.8000 0.93859977
5455.7000 0.90990478
5456.6000 0.96334028
5457.5000 1.01812947
5458.4000 1.03956354
5459.3000 1.04012012
5460.2000 1.0333941
5461.1000 1.00782156
5462.0000 0.9641006
5462.9000 0.92310977
5463.8000 0.9391399
5464.7000 0.98269624
5465.6000 0.99610204
5466.5000 0.98609346
5467.4000 0.99654472
5468.3000 1.01281595
5469.2000 1.01624107
5470.1000 1.00794268
5471.0000 1.00675404
5471.9000 1.00489867
5472.8000 0.98429191
5473.7000 0.96856302
5474.6000 0.97290385
5475.5000 0.94148523
5476.4000 0.88000506
5477.3000 0.88856983
5478.2000 0.94622654
5479.1000 0.98751712
5480.0000 0.97942728
5480.9000 0.94812685
5481.8000 0.94915187
5482.7000 0.97385573
5483.6000 0.99327725
5484.5000 1.01514518
5485.4000 1.02017701
5486.3000 1.00052476
5487.2000 0.96451563
5488.1000 0.9565897
5489.0000 0.97919679
5489.9000 0.99601281
5490.8000 1.0027138
5491.7000 1.00647748
5492.6000 0.99405575
5493.5000 0.97396356
5494.4000 0.97590625
5495.3000 0.99148965
5496.2000 0.98996484
5497.1000 0.96928948
5498.0000 0.97434938
5498.9000 1.00233817
5499.8000 1.00893366
5500.7000 0.98462701
5501.6000 0.95477366
5502.5000 0.95345449
5503.4000 0.96663034
5504.3000 0.9836843
5505.2000 0.98257864
5506.1000 0.96127224
5507.0000 0.95862204
5507.9000 0.98392773
5508.8000 0.99091798
5509.7000 0.98294955
5510.6000 0.97776794
5511.5000 0.9685427
5512.4000 0.94371504
5513.3000 0.94666791
5514.2000 0.97025067
5515.1000 0.98742461
5516.0000 0.99558473
5516.9000 0.99562365
5517.8000 1.00510967
5518.7000 1.01282644
5519.6000 1.01203346
5520.5000 1.00847101
5521.4000 1.00467527
5522.3000 1.00318217
5523.2000 1.0065558
5524.1000 1.00250638
5525.0000 0.9904865
5525.9000 0.9681586
5526.8000 0.94424832
5527.7000 0.91326815
5528.6000 0.90183902
5529.5000 0.94861984
5530.4000 0.99261832
5531.3000 1.00368047
5532.2000 0.99853492
5533.1000 0.99000627
5534.0000 0.97899336
5534.9000 0.95756561
5535.8000 0.9624753
5536.7000 0.98852742
5537.6000 0.99330842
5538.5000 0.98972625
5539.4000 0.99347121
5540.3000 1.00236404
5541.2000 1.00541472
5542.1000 0.99150681
5543.0000 0.97234464
5543.9000 0.96778935
5544.8000 0.98190922
5545.7000 0.98668146
5546.6000 0.98451376
5547.5000 0.99616134
5548.4000 1.01083469
5549.3000 1.01356626
5550.2000 1.01217413
5551.1000 1.00823617
5552.0000 0.99986684
5552.9000 0.98446733
5553.8000 0.97001302
5554.7000 0.96412206
5555.6000 0.97265583
5556.5000 0.98702872
5557.4000 0.97988713
5558.3000 0.97334051
5559.2000 0.97943932
5560.1000 0.97637147
5561.0000 0.97746873
5561.9000 0.97256261
5562.8000 0.95088702
5563.7000 0.94480145
5564.6000 0.94857323
5565.5000 0.94453621
5566.4000 0.9423008
5567.3000 0.95399612
5568.2000 0.96251708
5569.1000 0.942532
5570.0000 0.93472683
5570.9000 0.96376729
5571.8000 0.95500994
5572.7000 0.9173131
5573.6000 0.92142951
5574.5000 0.96194267
5575.4000 0.96847343
5576.3000 0.95499486
5577.2000 0.96816272
5578.1000 0.97970366
5579.0000 0.97778457
5579.9000 0.98353601
5580.8000 0.97767508
5581.7000 0.96284825
5582.6000 0.96123421
5583.5000 0.98005623
5584.4000 0.9845559
5585.3000 0.95894331
5586.2000 0.91297364
5587.1000 0.87151015
5588.0000 0.86417955
5588.9000 0.87949651
5589.8000 0.91004252
5590.7000 0.94283038
5591.6000 0.95441598
5592.5000 0.94989222
5593.4000 0.93418568
5594.3000 0.91615272
5595.2000 0.93504995
5596.1000 0.97689354
5597.0000 0.97897589
5597.9000 0.93764824
5598.8000 0.91706365
5599.7000 0.92863184
5600.6000 0.92773879
5601.5000 0.90865201
5602.4000 0.89008969
5603.3000 0.9070558
5604.2000 0.95993173
5605.1000 0.99464089
5606.0000 1.00458705
5606.9000 1.00954008
5607.8000 1.00636613
5608.7000 1.00164866
5609.6000 1.00475574
5610.5000 1.01047468
5611.4000 1.0099647
5612.3000 1.00277042
5613.2000 0.98583925
5614.1000 0.93782008
5615.0000 0.87057078
5615.9000 0.8522436
5616.8000 0.9017719
5617.7000 0.94871259
5618.6000 0.95833582
5619.5000 0.95916671
5620.4000 0.96633035
5621.3000 0.98062611
5622.2000 0.98940438
5623.1000 0.96760672
5624.0000 0.92186338
5624.9000 0.8999235
5625.8000 0.92762029
5626.7000 0.96188241
5627.6000 0.97255123
5628.5000 0.98155725
5629.4000 0.99510676
5630.3000 0.99922961
5631.2000 0.99066705
5632.1000 0.9834798
5633.0000 0.97337329
5633.9000 0.96065545
5634.8000 0.95884681
5635.7000 0.95981264
5636.6000 0.94800627
5637.5000 0.93502778
5638.4000 0.93995917
5639.3000 0.95844144
5640.2000 0.9611091
5641.1000 0.94257748
5642.0000 0.94131577
5642.9000 0.95630139
5643.8000 0.96120417
5644.7000 0.96556097
5645.6000 0.97538036
5646.5000 0.98713976
5647.4000 0.99294025
5648.3000 0.98747605
5649.2000 0.97344792
5650.1000 0.95664167
5651.0000 0.95978224
5651.9000 0.97813052
5652.8000 0.98402375
5653.7000 0.9600662
5654.6000 0.92398983
5655.5000 0.92030597
5656.4000 0.94786912
5657.3000 0.93541551
5658.2000 0.88468009
5659.1000 0.87960505
5660.0000 0.9210844
5660.9000 0.93707901
5661.8000 0.9243415
5662.7000 0.91627729
5663.6000 0.92965704
5664.5000 0.95705891
5665.4000 0.96632528
5666.3000 0.95847398
5667.2000 0.94368923
5668.1000 0.94646806
5669.0000 0.95528078
5669.9000 0.9615497
5670.8000 0.97055769
5671.7000 0.97953373
5672.6000 0.98872209
5673.5000 0.9873088
5674.4000 0.97265565
5675.3000 0.9527114
5676.2000 0.95856816
5677.1000 0.97778028
5678.0000 0.97372174
5678.9000 0.95902562
5679.8000 0.96261883
5680.7000 0.9657101
5681.6000 0.94371742
5682.5000 0.91267252
5683.4000 0.91504204
5684.3000 0.92573345
5685.2000 0.93392438
5686.1000 0.92717236
5687.0000 0.91901183
5687.9000 0.91034919
5688.8000 0.91656101
5689.7000 0.94087851
5690.6000 0.94744426
5691.5000 0.95941126
5692.4000 0.96854854
5693.3000 0.95808971
5694.2000 0.94556826
5695.1000 0.95213467
5696.0000 0.96681875
5696.9000 0.9756518
5697.8000 0.9634999
5698.7000 0.95344955
5699.6000 0.95283115
5700.5000 0.94002563
5701.4000 0.92291963
5702.3000 0.93065166
5703.2000 0.94998723
5704.1000 0.95694333
5705.0000 0.93916649
5705.9000 0.91099375
5706.8000 0.9044075
5707.7000 0.90362811
5708.6000 0.87607163
5709.5000 0.86542577
5710.4000 0.88210231
5711.3000 0.88198447
5712.2000 0.89977169
5713.1000 0.93202215
5714.0000 0.94634867
5714.9000 0.94424748
5715.8000 0.95315856
5716.7000 0.96348345
5717.6000 0.94933176
5718.5000 0.94958341
5719.4000 0.96311611
5720.3000 0.96824658
5721.2000 0.97242939
5722.1000 0.97525197
5723.0000 0.97551066
5723.9000 0.97674584
5724.8000 0.97677356
5725.7000 0.97308344
5726.6000 0.96317565
5727.5000 0.96409106
5728.4000 0.97216916
5729.3000 0.97708255
5730.2000 0.969576
5731.1000 0.95245683
5732.0000 0.94307762
5732.9000 0.95923489
5733.8000 0.97276741
5734.7000 0.97467494
5735.6000 0.97493917
5736.5000 0.97497374
5737.4000 0.97896922
5738.3000 0.97811401
5739.2000 0.97299182
5740.1000 0.97117007
5741.0000 0.96711171
5741.9000 0.96433324
5742.8000 0.96558928
5743.7000 0.96941781
5744.6000 0.97050875
5745.5000 0.96748251
5746.4000 0.95752782
5747.3000 0.94059962
5748.2000 0.9336462
5749.1000 0.95293599
5750.0000 0.96789688
5750.9000 0.96074343
5751.8000 0.93811011
5752.7000 0.91303533
5753.6000 0.89354408
5754.5000 0.90385693
5755.4000 0.94269437
5756.3000 0.95772803
5757.2000 0.9602527
5758.1000 0.96263582
5759.0000 0.95987636
5759.9000 0.95158815
5760.8000 0.93734711
5761.7000 0.9199574
5762.6000 0.90269017
5763.5000 0.91592896
5764.4000 0.95343763
5765.3000 0.96816164
5766.2000 0.97206622
5767.1000 0.97411102
5768.0000 0.97145987
5768.9000 0.96994942
5769.8000 0.96621007
5770.7000 0.95958596
5771.6000 0.94808787
5772.5000 0.94614023
5773.4000 0.9539066
5774.3000 0.94801325
5775.2000 0.94588202
5776.1000 0.955971
5777.0000 0.96695155
5777.9000 0.96821249
5778.8000 0.95851946
5779.7000 0.93542695
5780.6000 0.91036958
5781.5000 0.90085334
5782.4000 0.9082796
5783.3000 0.91520083
5784.2000 0.90603185
5785.1000 0.89535284
5786.0000 0.90636975
5786.9000 0.92753315
5787.8000 0.94267231
5788.7000 0.94889861
5789.6000 0.94639951
5790.5000 0.92670751
5791.4000 0.91793519
5792.3000 0.93016917
5793.2000 0.93980134
5794.1000 0.94627011
5795.0000 0.95727217
5795.9000 0.95777106
5796.8000 0.94468927
5797.7000 0.92883915
5798.6000 0.93157828
5799.5000 0.94825625
5800.4000 0.95696402
5801.3000 0.95765889
5802.2000 0.96476948
5803.1000 0.96334779
5804.0000 0.94388008
5804.9000 0.92652375
5805.8000 0.92763323
5806.7000 0.93352252
5807.6000 0.93818641
5808.5000 0.9374938
5809.4000 0.93805498
5810.3000 0.94834816
5811.2000 0.95546103
5812.1000 0.95627391
5813.0000 0.95600867
5813.9000 0.94989008
5814.8000 0.93394238
5815.7000 0.92033362
5816.6000 0.9235819
5817.5000 0.93904459
5818.4000 0.95256257
5819.3000 0.95739317
5820.2000 0.956209
5821.1000 0.95260841
5822.0000 0.94942868
5822.9000 0.95177126
5823.8000 0.95569652
5824.7000 0.95891255
5825.6000 0.95790243
5826.5000 0.95542932
5827.4000 0.95508325
5828.3000 0.95431149
5829.2000 0.95551074
5830.1000 0.95143694
5831.0000 0.94772154
5831.9000 0.95223576
5832.8000 0.95646089
5833.7000 0.95504886
5834.6000 0.94905108
5835.5000 0.9496212
5836.4000 0.95048344
5837.3000 0.94746292
5838.2000 0.94441712
5839.1000 0.94780821
5840.0000 0.95424896
5840.9000 0.95589036
5841.8000 0.95288676
5842.7000 0.95429051
5843.6000 0.95855927
5844.5000 0.95623004
5845.4000 0.94807559
5846.3000 0.94099104
5847.2000 0.9388364
5848.1000 0.93900836
5849.0000 0.94199896
5849.9000 0.94639027
5850.8000 0.94354534
5851.7000 0.93617642
5852.6000 0.92015064
5853.5000 0.90980232
5854.4000 0.92221874
5855.3000 0.92777383
5856.2000 0.9046222
5857.1000 0.86864817
5858.0000 0.86588323
5858.9000 0.89113516
5859.8000 0.91237873
5860.7000 0.92982179
5861.6000 0.92787296
5862.5000 0.91691566
5863.4000 0.92444867
5864.3000 0.93617457
5865.2000 0.94155246
5866.1000 0.93658209
5867.0000 0.92810136
5867.9000 0.93003964
5868.8000 0.93827295
5869.7000 0.94804692
5870.6000 0.95157647
5871.5000 0.94511724
5872.4000 0.93806839
5873.3000 0.93531543
5874.2000 0.93834108
5875.1000 0.94064957
5876.0000 0.94092298
5876.9000 0.94551677
5877.8000 0.9459123
5878.7000 0.9464047
5879.6000 0.94182092
5880.5000 0.93835449
5881.4000 0.94036019
5882.3000 0.93760216
5883.2000 0.93027949
5884.1000 0.92504752
5885.0000 0.93091804
5885.9000 0.9367317
5886.8000 0.93492192
5887.7000 0.90701652
5888.6000 0.83186156
5889.5000 0.73215985
5890.4000 0.72289985
5891.3000 0.80584246
5892.2000 0.86888969
5893.1000 0.88716745
5894.0000 0.87743521
5894.9000 0.817514
5895.8000 0.7516076
5896.7000 0.78379452
5897.6000 0.86437839
5898.5000 0.90242845
5899.4000 0.9076224
5900.3000 0.91520363
5901.2000 0.92389429
5902.1000 0.9274537
5903.0000 0.92903334
5903.9000 0.92626852
5904.8000 0.91801548
5905.7000 0.9125762
5906.6000 0.91643643
5907.5000 0.92737919
5908.4000 0.93428868
5909.3000 0.93131143
5910.2000 0.92726684
5911.1000 0.92966539
5912.0000 0.93080068
5912.9000 0.91722578
5913.8000 0.89159799
5914.7000 0.88625038
5915.6000 0.89911276
5916.5000 0.90797704
5917.4000 0.91608381
5918.3000 0.92575407
5919.2000 0.93351871
5920.1000 0.93763822
5921.0000 0.9346171
5921.9000 0.93074435
5922.8000 0.93046182
5923.7000 0.92843938
5924.6000 0.92990392
5925.5000 0.93117744
5926.4000 0.92552805
5927.3000 0.91648108
5928.2000 0.90689021
5929.1000 0.89054239
5930.0000 0.87612116
5930.9000 0.89671427
5931.8000 0.9209975
5932.7000 0.92790329
5933.6000 0.91928488
5934.5000 0.90510798
5935.4000 0.90891612
5936.3000 0.92223656
5937.2000 0.9261632
5938.1000 0.92181271
5939.0000 0.91988039
5939.9000 0.92464697
5940.8000 0.92189419
5941.7000 0.91824543
5942.6000 0.92264491
5943.5000 0.92961556
5944.4000 0.93137807
5945.3000 0.92863226
5946.2000 0.9293806
5947.1000 0.91683024
5948.0000 0.89506501
5948.9000 0.88890123
5949.8000 0.90828311
5950.7000 0.92109233
5951.6000 0.91400349
5952.5000 0.90247041
5953.4000 0.90409482
5954.3000 0.91540223
5955.2000 0.91659892
5956.1000 0.91175771
5957.0000 0.91138136
5957.9000 0.91150999
5958.8000 0.92103642
5959.7000 0.93261892
5960.6000 0.93696809
5961.5000 0.93461138
5962.4000 0.92630392
5963.3000 0.92568535
5964.2000 0.92777216
5965.1000 0.92646277
5966.0000 0.92660147
5966.9000 0.93331254
5967.8000 0.92819703
5968.7000 0.92505777
5969.6000 0.92680335
5970.5000 0.93008173
5971.4000 0.93534654
5972.3000 0.93965203
5973.2000 0.93861371
5974.1000 0.93267918
5975.0000 0.91885591
5975.9000 0.8934058
5976.8000 0.8888191
5977.7000 0.9074105
5978.6000 0.92213827
5979.5000 0.92971283
5980.4000 0.93346548
5981.3000 0.9330489
5982.2000 0.91900116
5983.1000 0.89170694
5984.0000 0.86978495
5984.9000 0.87265593
5985.8000 0.8951968
5986.7000 0.89497167
5987.6000 0.8935256
5988.5000 0.90559536
5989.4000 0.91358972
5990.3000 0.91331977
5991.2000 0.90646094
5992.1000 0.9096092
5993.0000 0.91752476
5993.9000 0.92393494
5994.8000 0.92371452
5995.7000 0.91157949
5996.6000 0.88933653
5997.5000 0.87261516
5998.4000 0.88054115
5999.3000 0.89717841
6000.2000 0.90534574
6001.1000 0.90140444
6002.0000 0.89278328
6002.9000 0.87989664
6003.8000 0.88650024
6004.7000 0.89983076
6005.6000 0.89601535
6006.5000 0.88668114
6007.4000 0.86507136
6008.3000 0.85329443
6009.2000 0.87447083
6010.1000 0.89645749
6011.0000 0.90275174
6011.9000 0.89025551
6012.8000 0.87403166
6013.7000 0.86915398
6014.6000 0.88208455
6015.5000 0.88427609
6016.4000 0.87188506
6017.3000 0.87786102
6018.2000 0.89227009
6019.1000 0.88481247
6020.0000 0.85886174
6020.9000 0.85380518
6021.8000 0.85826552
6022.7000 0.86856306
6023.6000 0.86258417
6024.5000 0.86801195
6025.4000 0.8891741
6026.3000 0.88698334
6027.2000 0.87704957
6028.1000 0.88927954
6029.0000 0.89753801
6029.9000 0.90004224
6030.8000 0.90180576
6031.7000 0.9043771
6032.6000 0.90412164
6033.5000 0.90517354
6034.4000 0.90384018
6035.3000 0.90406948
6036.2000 0.90586346
6037.1000 0.90604907
6038.0000 0.90272695
6038.9000 0.90322751
6039.8000 0.90217942
6040.7000 0.896613
6041.6000 0.88976932
6042.5000 0.88949901
6043.4000 0.90116674
6044.3000 0.90561104
6045.2000 0.90568876
6046.1000 0.90253037
6047.0000 0.90293509
6047.9000 0.90336806
6048.8000 0.90182084
6049.7000 0.90433222
6050.6000 0.9069792
6051.5000 0.91249394
6052.4000 0.90496415
6053.3000 0.89598161
6054.2000 0.89282918
6055.1000 0.88726318
6056.0000 0.87555218
6056.9000 0.88201129
6057.8000 0.89602423
6058.7000 0.899903
6059.6000 0.89931345
6060.5000 0.90215957
6061.4000 0.9038555
6062.3000 0.90349907
6063.2000 0.90090364
6064.1000 0.88853294
6065.0000 0.86129445
6065.9000 0.86106211
6066.8000 0.88419342
6067.7000 0.90128094
6068.6000 0.90347743
6069.5000 0.90444905
6070.4000 0.90405911
6071.3000 0.90624112
6072.2000 0.90611696
6073.1000 0.908858
6074.0000 0.90899569
6074.9000 0.9094072
6075.8000 0.90409374
6076.7000 0.89373779
6077.6000 0.87502062
6078.5000 0.85484195
6079.4000 0.86527032
6080.3000 0.88665342
6081.2000 0.89195907
6082.1000 0.88500428
6083.0000 0.87748867
6083.9000 0.87824714
6084.8000 0.87454593
6085.7000 0.87202436
6086.6000 0.87837058
6087.5000 0.88153404
6088.4000 0.87833852
6089.3000 0.87309295
6090.2000 0.87045908
6091.1000 0.87150401
6092.0000 0.87130415
6092.9000 0.87739933
6093.8000 0.8790825
6094.7000 0.88239789
6095.6000 0.88414049
6096.5000 0.88240689
6097.4000 0.88398105
6098.3000 0.88612449
6099.2000 0.88808054
6100.1000 0.88769597
6101.0000 0.87294918
6101.9000 0.82094836
6102.8000 0.78143013
6103.7000 0.8192941
6104.6000 0.87075692
6105.5000 0.89108974
6106.4000 0.8851667
6107.3000 0.87637693
6108.2000 0.87638772
6109.1000 0.88794363
6110.0000 0.88819015
6110.9000 0.88099337
6111.8000 0.87469071
6112.7000 0.87824422
6113.6000 0.88349694
6114.5000 0.88794076
6115.4000 0.87701613
6116.3000 0.86710578
6117.2000 0.87480634
6118.1000 0.89014727
6119.0000 0.88708794
6119.9000 0.88216805
6120.8000 0.86707091
6121.7000 0.82885873
6122.6000 0.81314254
6123.5000 0.84739482
6124.4000 0.87593246
6125.3000 0.87910867
6126.2000 0.87449718
6127.1000 0.87194604
6128.0000 0.86470324
6128.9000 0.8641963
6129.8000 0.86391366
6130.7000 0.86076975
6131.6000 0.85974169
6132.5000 0.87122166
6133.4000 0.8799367
6134.3000 0.8818869
6135.2000 0.85822594
6136.1000 0.8073746
6137.0000 0.76742274
6137.9000 0.79305494
6138.8000 0.84386146
6139.7000 0.87187123
6140.6000 0.86061251
6141.5000 0.82722342
6142.4000 0.827968
6143.3000 0.85936719
6144.2000 0.87856007
6145.1000 0.87551254
6146.0000 0.87604028
6146.9000 0.8645367
6147.8000 0.84730297
6148.7000 0.84746802
6149.6000 0.85775852
6150.5000 0.86383837
6151.4000 0.8622207
6152.3000 0.8673262
6153.2000 0.86793566
6154.1000 0.86033714
6155.0000 0.84848738
6155.9000 0.8525815
6156.8000 0.86309499
6157.7000 0.85931635
6158.6000 0.86685079
6159.5000 0.86775792
6160.4000 0.8370077
6161.3000 0.78447789
6162.2000 0.75906652
6163.1000 0.78323293
6164.0000 0.81842774
6164.9000 0.84464395
6165.8000 0.84447855
6166.7000 0.84796256
6167.6000 0.85495931
6168.5000 0.82208169
6169.4000 0.79276967
6170.3000 0.80499089
6171.2000 0.83950222
6172.1000 0.85846704
6173.0000 0.85972536
6173.9000 0.8578214
6174.8000 0.85966623
6175.7000 0.85388494
6176.6000 0.84959513
6177.5000 0.85841566
6178.4000 0.87227058
6179.3000 0.86909896
6180.2000 0.86336076
6181.1000 0.86670184
6182.0000 0.87747347
6182.9000 0.87837595
6183.8000 0.87328494
6184.7000 0.8758865
6185.6000 0.86801851
6186.5000 0.8553791
6187.4000 0.85238975
6188.3000 0.85470164
6189.2000 0.86424309
6190.1000 0.85183865
6191.0000 0.81251818
6191.9000 0.81019598
6192.8000 0.84747106
6193.7000 0.85996383
6194.6000 0.8623569
6195.5000 0.86362767
6196.4000 0.86768812
6197.3000 0.87874794
6198.2000 0.87539285
6199.1000 0.86373371
6200.0000 0.85443836
6200.9000 0.85512382
6201.8000 0.87202972
6202.7000 0.8808161
6203.6000 0.87715983
6204.5000 0.87841982
6205.4000 0.88202715
6206.3000 0.88203186
6207.2000 0.87956375
6208.1000 0.87718868
6209.0000 0.87527013
6209.9000 0.87271577
6210.8000 0.87261569
6211.7000 0.86756843
6212.6000 0.84751958
6213.5000 0.83166349
6214.4000 0.82874274
6215.3000 0.82949579
6216.2000 0.84002149
6217.1000 0.85558915
6218.0000 0.8565079
6218.9000 0.83922487
6219.8000 0.83102685
6220.7000 0.84024799
6221.6000 0.85511607
6222.5000 0.86344862
6223.4000 0.86784703
6224.3000 0.86367559
6225.2000 0.85872382
6226.1000 0.85613233
6227.0000 0.86000556
6227.9000 0.86116815
6228.8000 0.84711409
6229.7000 0.81612629
6230.6000 0.79897928
6231.5000 0.81355608
6232.4000 0.82841939
6233.3000 0.83877075
6234.2000 0.86461949
6235.1000 0.87133598
6236.0000 0.86352503
6236.9000 0.84155524
6237.8000 0.83081305
6238.7000 0.83604151
6239.6000 0.84282422
6240.5000 0.84488702
6241.4000 0.8520267
6242.3000 0.85396975
6243.2000 0.84137112
6244.1000 0.82482916
6245.0000 0.81649417
6245.9000 0.80361497
6246.8000 0.80053222
6247.7000 0.82068837
6248.6000 0.84189856
6249.5000 0.85425133
6250.4000 0.85618418
6251.3000 0.83841342
6252.2000 0.80810243
6253.1000 0.79766649
6254.0000 0.7978
6254.9000 0.80730677
6255.8000 0.81311584
6256.7000 0.81856257
6257.6000 0.82137966
6258.5000 0.82030475
6259.4000 0.83140498
6260.3000 0.84107828
6261.2000 0.8474533
6262.1000 0.85827732
6263.0000 0.86173564
6263.9000 0.85298413
6264.8000 0.83659834
6265.7000 0.83991522
6266.6000 0.85072958
6267.5000 0.85836619
6268.4000 0.86374593
6269.3000 0.85615307
6270.2000 0.84813333
6271.1000 0.85074967
6272.0000 0.85912043
6272.9000 0.86263424
6273.8000 0.86466897
6274.7000 0.86659241
6275.6000 0.86313182
6276.5000 0.85878098
6277.4000 0.85834277
6278.3000 0.84706438
6279.2000 0.83709776
6280.1000 0.83422101
6281.0000 0.83895111
6281.9000 0.85579503
6282.8000 0.86614561
6283.7000 0.87480998
6284.6000 0.87201518
6285.5000 0.86003977
6286.4000 0.85283124
6287.3000 0.85555702
6288.2000 0.85594308
6289.1000 0.85469866
6290.0000 0.84717572
6290.9000 0.83431375
6291.8000 0.83968139
6292.7000 0.85296392
6293.6000 0.85881698
6294.5000 0.86188233
6295.4000 0.86372244
6296.3000 0.8562876
6297.2000 0.83757842
6298.1000 0.82778013
6299.0000 0.83758563
6299.9000 0.83583796
6300.8000 0.81563711
6301.7000 0.79728365
6302.6000 0.80963629
6303.5000 0.83961695
6304.4000 0.85435164
6305.3000 0.85162479
6306.2000 0.85108513
6307.1000 0.85311532
6308.0000 0.85391837
6308.9000 0.84759122
6309.8000 0.83805758
6310.7000 0.83244592
6311.6000 0.83636701
6312.5000 0.84265709
6313.4000 0.83840835
6314.3000 0.81367916
6315.2000 0.79517758
6316.1000 0.80728996
6317.0000 0.80660301
6317.9000 0.78439134
6318.8000 0.78568864
6319.7000 0.81543207
6320.6000 0.83163583
6321.5000 0.82375634
6322.4000 0.8136211
6323.3000 0.8252176
6324.2000 0.84608024
6325.1000 0.85313511
6326.0000 0.84904855
6326.9000 0.84508729
6327.8000 0.84279329
6328.7000 0.84113026
6329.6000 0.83412325
6330.5000 0.82913554
6331.4000 0.83094895
6332.3000 0.8405506
6333.2000 0.84166861
6334.1000 0.8264845
6335.0000 0.79767245
6335.9000 0.78272617
6336.8000 0.78395307
6337.7000 0.79841471
6338.6000 0.80642003
6339.5000 0.81623077
6340.4000 0.8326515
6341.3000 0.83531326
6342.2000 0.82875723
6343.1000 0.81170964
6344.0000 0.80129075
6344.9000 0.81065631
6345.8000 0.81819415
6346.7000 0.81539816
6347.6000 0.81942987
6348.5000 0.82862145
6349.4000 0.83101326
6350.3000 0.83068693
6351.2000 0.83528262
6352.1000 0.83163941
6353.0000 0.82619333
6353.9000 0.82060999
6354.8000 0.81155658
6355.7000 0.81742609
6356.6000 0.82965636
6357.5000 0.8236233
6358.4000 0.80744338
6359.3000 0.80599356
6360.2000 0.80549949
6361.1000 0.79772884
6362.0000 0.79354382
6362.9000 0.79691243
6363.8000 0.80555797
6364.7000 0.81874025
6365.6000 0.82288831
6366.5000 0.82660431
6367.4000 0.83542794
6368.3000 0.83549559
6369.2000 0.82911521
6370.1000 0.82168674
6371.0000 0.81615114
6371.9000 0.82627851
6372.8000 0.83897978
6373.7000 0.84504122
6374.6000 0.84390593
6375.5000 0.8388713
6376.4000 0.83594906
6377.3000 0.83330005
6378.2000 0.8280102
6379.1000 0.82996249
6380.0000 0.82803643
6380.9000 0.82418466
6381.8000 0.82763052
6382.7000 0.83079797
6383.6000 0.82904035
6384.5000 0.82547408
6385.4000 0.82558167
6386.3000 0.83401459
6387.2000 0.84150499
6388.1000 0.84017134
6389.0000 0.8355518
6389.9000 0.83561969
6390.8000 0.8341375
6391.7000 0.82628024
6392.6000 0.80471021
6393.5000 0.78664911
6394.4000 0.79915673
6395.3000 0.81909525
6396.2000 0.83320069
6397.1000 0.83728516
6398.0000 0.82729447
6398.9000 0.79503942
6399.8000 0.75955212
6400.7000 0.77329403
6401.6000 0.80928594
6402.5000 0.82632452
6403.4000 0.83112431
6404.3000 0.82795399
6405.2000 0.81788146
6406.1000 0.80247229
6407.0000 0.78394133
6407.9000 0.77889454
6408.8000 0.79838479
6409.7000 0.81266636
6410.6000 0.79877907
6411.5000 0.78209728
6412.4000 0.79802656
6413.3000 0.81580019
6414.2000 0.80973023
6415.1000 0.80103517
6416.0000 0.80241299
6416.9000 0.80654734
6417.8000 0.81308514
6418.7000 0.81165445
6419.6000 0.79080933
6420.5000 0.77267903
6421.4000 0.77756876
6422.3000 0.8033784
6423.2000 0.82385135
6424.1000 0.827941
6425.0000 0.82951587
6425.9000 0.83204508
6426.8000 0.83363622
6427.7000 0.83464837
6428.6000 0.8299517
6429.5000 0.81371468
6430.4000 0.79323798
6431.3000 0.78857106
6432.2000 0.79671258
6433.1000 0.80577558
6434.0000 0.81803894
6434.9000 0.82809484
6435.8000 0.8290801
6436.7000 0.82297814
6437.6000 0.80335438
6438.5000 0.7693699
6439.4000 0.7662552
6440.3000 0.7998569
6441.2000 0.82316434
6442.1000 0.82691735
6443.0000 0.82623571
6443.9000 0.82758081
6444.8000 0.8272236
6445.7000 0.82674509
6446.6000 0.82629931
6447.5000 0.81735116
6448.4000 0.79438967
6449.3000 0.76745963
6450.2000 0.7710107
6451.1000 0.80306292
6452.0000 0.82336575
6452.9000 0.8243475
6453.8000 0.81789404
6454.7000 0.80154222
6455.6000 0.78070092
6456.5000 0.77965271
6457.4000 0.79882699
6458.3000 0.81557202
6459.2000 0.82250136
6460.1000 0.81999862
6461.0000 0.8002975
6461.9000 0.76217717
6462.8000 0.74613667
6463.7000 0.775612
6464.6000 0.80667603
6465.5000 0.81788093
6466.4000 0.82210827
6467.3000 0.81826121
6468.2000 0.80981278
6469.1000 0.80290323
6470.0000 0.80011559
6470.9000 0.79286009
6471.8000 0.78821325
6472.7000 0.80122095
6473.6000 0.81123346
6474.5000 0.80554086
6475.4000 0.79786664
6476.3000 0.80322152
6477.2000 0.81256807
6478.1000 0.8139599
6479.0000 0.81422305
6479.9000 0.81001383
6480.8000 0.79567415
6481.7000 0.78196871
6482.6000 0.78357774
6483.5000 0.79521805
6484.4000 0.80224383
6485.3000 0.80287021
6486.2000 0.80652034
6487.1000 0.81183225
6488.0000 0.81287265
6488.9000 0.81250513
6489.8000 0.80440187
6490.7000 0.79396057
6491.6000 0.78569186
6492.5000 0.77145588
6493.4000 0.73971236
6494.3000 0.70800841
6495.2000 0.701563
6496.1000 0.71159935
6497.0000 0.73441607
6497.9000 0.76227492
6498.8000 0.7711342
6499.7000 0.77112758
6500.6000 0.77969742
6501.5000 0.79125124
6502.4000 0.80123603
6503.3000 0.80389446
6504.2000 0.80220973
6505.1000 0.8031221
6506.0000 0.80348223
6506.9000 0.80532444
6507.8000 0.80647612
6508.7000 0.81115812
6509.6000 0.81515723
6510.5000 0.81101334
6511.4000 0.80846673
6512.3000 0.8057214
6513.2000 0.80247158
6514.1000 0.79352498
6515.0000 0.78109556
6515.9000 0.77269393
6516.8000 0.77369767
6517.7000 0.77439213
6518.6000 0.7723121
6519.5000 0.78017038
6520.4000 0.78828579
6521.3000 0.79133332
6522.2000 0.79302883
6523.1000 0.79480058
6524.0000 0.7954151
6524.9000 0.79273766
6525.8000 0.78418362
6526.7000 0.77239436
6527.6000 0.77364659
6528.5000 0.78300893
6529.4000 0.79145849
6530.3000 0.79723382
6531.2000 0.79673648
6532.1000 0.78973514
6533.0000 0.77605009
6533.9000 0.77018702
6534.8000 0.77451694
6535.7000 0.78067857
6536.6000 0.78302425
6537.5000 0.78389621
6538.4000 0.7826736
6539.3000 0.78316945
6540.2000 0.78284752
6541.1000 0.77625269
6542.0000 0.77038383
6542.9000 0.76833117
6543.8000 0.76887816
6544.7000 0.76358408
6545.6000 0.74462867
6546.5000 0.73566085
6547.4000 0.7521019
6548.3000 0.76548743
6549.2000 0.76318157
6550.1000 0.75835979
6551.0000 0.75705856
6551.9000 0.75739455
6552.8000 0.75263655
6553.7000 0.74045718
6554.6000 0.72606319
6555.5000 0.71104968
6556.4000 0.7054351
6557.3000 0.70615363
6558.2000 0.69778717
6559.1000 0.6738444
6560.0000 0.62939179
6560.9000 0.56171638
6561.8000 0.46577546
6562.7000 0.40389717
6563.6000 0.45676968
6564.5000 0.56217545
6565.4000 0.63230366
6566.3000 0.6692034
6567.2000 0.68831426
6568.1000 0.6942696
6569.0000 0.69134277
6569.9000 0.70061594
6570.8000 0.72194576
6571.7000 0.73028696
6572.6000 0.72987056
6573.5000 0.73092765
6574.4000 0.73184341
6575.3000 0.74069405
6576.2000 0.75314504
6577.1000 0.7614668
6578.0000 0.76569659
6578.9000 0.76813543
6579.8000 0.76280951
6580.7000 0.76003605
6581.6000 0.76132768
6582.5000 0.76645947
6583.4000 0.76999676
6584.3000 0.76974016
6585.2000 0.76499307
6586.1000 0.75939262
6587.0000 0.75807822
6587.9000 0.76517618
6588.8000 0.77517289
6589.7000 0.7787208
6590.6000 0.76897192
6591.5000 0.74914527
6592.4000 0.72574586
6593.3000 0.71204537
6594.2000 0.73216915
6595.1000 0.76016438
6596.0000 0.76614916
6596.9000 0.75705671
6597.8000 0.74864048
6598.7000 0.75974685
6599.6000 0.77501404
6600.5000 0.77872258
6601.4000 0.77795106
6602.3000 0.78078908
6603.2000 0.77690214
6604.1000 0.76825458
6605.0000 0.76693529
6605.9000 0.7712369
6606.8000 0.77203655
6607.7000 0.76204246
6608.6000 0.7508902
6609.5000 0.75052142
6610.4000 0.76610392
6611.3000 0.77427197
6612.2000 0.77301592
6613.1000 0.77102894
6614.0000 0.77068222
6614.9000 0.77278781
6615.8000 0.7782613
6616.7000 0.7757318
6617.6000 0.77477795
6618.5000 0.7780655
6619.4000 0.77897191
6620.3000 0.77787054
6621.2000 0.77549511
6622.1000 0.77360374
6623.0000 0.77504474
6623.9000 0.77667981
6624.8000 0.77786332
6625.7000 0.77398866
6626.6000 0.76983702
6627.5000 0.7692675
6628.4000 0.77168012
6629.3000 0.77101123
6630.2000 0.7751829
6631.1000 0.77082086
6632.0000 0.75824356
6632.9000 0.73676288
6633.8000 0.72073758
6634.7000 0.73394877
6635.6000 0.75872916
6636.5000 0.76848519
6637.4000 0.77363437
6638.3000 0.77231961
6639.2000 0.76837778
6640.1000 0.76650786
6641.0000 0.77027786
6641.9000 0.76563114
6642.8000 0.74810183
6643.7000 0.73717189
6644.6000 0.75091368
6645.5000 0.76864183
6646.4000 0.77415794
6647.3000 0.7734915
6648.2000 0.77571201
6649.1000 0.78014779
6650.0000 0.77393901
6650.9000 0.76875651
6651.8000 0.77080911
6652.7000 0.77045357
6653.6000 0.76896572
6654.5000 0.77051014
6655.4000 0.76937962
6656.3000 0.77130044
6657.2000 0.77083433
6658.1000 0.76718473
6659.0000 0.76536739
6659.9000 0.76401967
6660.8000 0.76173866
6661.7000 0.7576403
6662.6000 0.74233091
6663.5000 0.73468012
6664.4000 0.74739039
6665.3000 0.75604135
6666.2000 0.76100355
6667.1000 0.76194412
6668.0000 0.75902748
6668.9000 0.76077187
6669.8000 0.76480651
6670.7000 0.76681519
6671.6000 0.76589662
6672.5000 0.76627237
6673.4000 0.76954055
6674.3000 0.7669034
6675.2000 0.76366633
6676.1000 0.75731045
6677.0000 0.73838943
6677.9000 0.72191578
6678.8000 0.73464501
6679.7000 0.75535953
6680.6000 0.76314926
6681.5000 0.76207471
6682.4000 0.75995469
6683.3000 0.76094943
6684.2000 0.76345021
6685.1000 0.76694423
6686.0000 0.76643157
6686.9000 0.7632404
6687.8000 0.76534677
6688.7000 0.76955092
6689.6000 0.76793176
6690.5000 0.76270026
6691.4000 0.75880599
6692.3000 0.75756842
6693.2000 0.76187295
6694.1000 0.76281506
6695.0000 0.75520915
6695.9000 0.74555838
6696.8000 0.74351907
6697.7000 0.74867564
6698.6000 0.75362408
6699.5000 0.75583655
6700.4000 0.75582784
6701.3000 0.75345117
6702.2000 0.75184256
6703.1000 0.74808162
6704.0000 0.74331498
6704.9000 0.74265444
6705.8000 0.74481565
6706.7000 0.74209428
6707.6000 0.73773986
6708.5000 0.74411058
6709.4000 0.75380719
6710.3000 0.75611818
6711.2000 0.75406992
6712.1000 0.74819183
6713.0000 0.74480879
6713.9000 0.74766999
6714.8000 0.74608463
6715.7000 0.73757589
6716.6000 0.72585636
6717.5000 0.71404189
6718.4000 0.71932894
6719.3000 0.73509693
6720.2000 0.7442928
6721.1000 0.74255091
6722.0000 0.73783183
6722.9000 0.74100822
6723.8000 0.74880469
6724.7000 0.74919784
6725.6000 0.7422567
6726.5000 0.7387687
6727.4000 0.74249798
6728.3000 0.74544507
6729.2000 0.74672163
6730.1000 0.74911159
6731.0000 0.75181729
6731.9000 0.74988037
6732.8000 0.74678254
6733.7000 0.74857169
6734.6000 0.75116569
6735.5000 0.75117576
6736.4000 0.74732828
6737.3000 0.74490005
6738.2000 0.74676472
6739.1000 0.75068057
6740.0000 0.75574327
6740.9000 0.75460821
6741.8000 0.74706995
6742.7000 0.74303162
6743.6000 0.74464464
6744.5000 0.74811649
6745.4000 0.75031614
6746.3000 0.74962199
6747.2000 0.74720788
6748.1000 0.73834395
6749.0000 0.72645289
6749.9000 0.72152728
6750.8000 0.72803271
6751.7000 0.73710638
6752.6000 0.73682797
6753.5000 0.73579085
6754.4000 0.73856771
6755.3000 0.74156541
6756.2000 0.74200201
6757.1000 0.73680842
6758.0000 0.73738146
6758.9000 0.74268478
6759.8000 0.74393785
6760.7000 0.74435389
6761.6000 0.74199003
6762.5000 0.74048001
6763.4000 0.74082851
6764.3000 0.74122339
6765.2000 0.74276018
6766.1000 0.73871315
6767.0000 0.72753727
6767.9000 0.72422624
6768.8000 0.7349034
6769.7000 0.74261224
6770.6000 0.7383858
6771.5000 0.73010904
6772.4000 0.73098332
6773.3000 0.74102855
6774.2000 0.75029403
6775.1000 0.75330245
6776.0000 0.75031888
6776.9000 0.74594486
6777.8000 0.74552602
6778.7000 0.74800396
6779.6000 0.74770534
6780.5000 0.74379325
6781.4000 0.73937422
6782.3000 0.73543465
6783.2000 0.73252732
6784.1000 0.73058343
6785.0000 0.73148501
6785.9000 0.73270726
6786.8000 0.73325944
6787.7000 0.73681915
6788.6000 0.7393257
6789.5000 0.74064666
6790.4000 0.74142551
6791.3000 0.74188274
6792.2000 0.73994273
6793.1000 0.73552954
6794.0000 0.73449177
6794.9000 0.73221725
6795.8000 0.72522599
6796.7000 0.72428387
6797.6000 0.72990435
6798.5000 0.73354709
6799.4000 0.73533177
6800.3000 0.73597836
6801.2000 0.73772401
6802.1000 0.73675352
6803.0000 0.73365694
6803.9000 0.73094034
6804.8000 0.73532969
6805.7000 0.74174023
6806.6000 0.73691046
6807.5000 0.73193592
6808.4000 0.73097658
6809.3000 0.72594756
6810.2000 0.72129214
6811.1000 0.72775507
6812.0000 0.73411518
6812.9000 0.73226416
6813.8000 0.73192817
6814.7000 0.73607874
6815.6000 0.73870051
6816.5000 0.74046677
6817.4000 0.73909193
6818.3000 0.73737442
6819.2000 0.73279947
6820.1000 0.72610009
6821.0000 0.7272923
6821.9000 0.73536974
6822.8000 0.74150878
6823.7000 0.74711907
6824.6000 0.74656522
6825.5000 0.74242204
6826.4000 0.73569483
6827.3000 0.72632182
6828.2000 0.71856576
6829.1000 0.72189504
6830.0000 0.73273557
6830.9000 0.7378177
6831.8000 0.73962682
6832.7000 0.74060243
6833.6000 0.73842561
6834.5000 0.73420584
6835.4000 0.73125553
6836.3000 0.73085409
6837.2000 0.72848874
6838.1000 0.71708101
6839.0000 0.70913833
6839.9000 0.70663494
6840.8000 0.70143652
6841.7000 0.69479537
6842.6000 0.69292009
6843.5000 0.6996361
6844.4000 0.71375293
6845.3000 0.72675037
6846.2000 0.73244935
6847.1000 0.73656982
6848.0000 0.73767829
6848.9000 0.73754495
6849.8000 0.73495102
6850.7000 0.73436272
6851.6000 0.73575902
6852.5000 0.73281407
6853.4000 0.72501999
6854.3000 0.7123068
6855.2000 0.70835239
6856.1000 0.72290462
6857.0000 0.73065341
6857.9000 0.72685051
6858.8000 0.72720248
6859.7000 0.73083031
6860.6000 0.72883981
6861.5000 0.72463411
6862.4000 0.72574121
6863.3000 0.73447746
6864.2000 0.73785919
6865.1000 0.736413
6866.0000 0.72325981
6866.9000 0.70890641
6867.8000 0.71512169
6868.7000 0.72755641
6869.6000 0.72363114
6870.5000 0.71354842
6871.4000 0.71806782
6872.3000 0.72260982
6873.2000 0.72342217
6874.1000 0.72656769
6875.0000 0.72330838
6875.9000 0.72149658
6876.8000 0.72947466
6877.7000 0.73161113
6878.6000 0.72848994
6879.5000 0.72780222
6880.4000 0.7207979
6881.3000 0.71010858
6882.2000 0.70090914
6883.1000 0.70705688
6884.0000 0.72363997
6884.9000 0.71722853
6885.8000 0.71942002
6886.7000 0.73123735
6887.6000 0.72105509
6888.5000 0.71766549
6889.4000 0.73514891
6890.3000 0.73626453
6891.2000 0.72026378
6892.1000 0.72625315
6893.0000 0.73799288
6893.9000 0.72986013
6894.8000 0.71098602
6895.7000 0.7121883
6896.6000 0.72640038
6897.5000 0.72685677
6898.4000 0.71720248
6899.3000 0.7159341
6900.2000 0.72916853
6901.1000 0.72887361
6902.0000 0.7196694
6902.9000 0.71852958
6903.8000 0.72543973
6904.7000 0.72786206
6905.6000 0.72098374
6906.5000 0.7146377
6907.4000 0.7119627
6908.3000 0.72200078
6909.2000 0.73655325
6910.1000 0.73467743
6911.0000 0.73040575
6911.9000 0.72625256
6912.8000 0.72499448
6913.7000 0.71615571
6914.6000 0.70322996
6915.5000 0.70274919
6916.4000 0.70217031
6917.3000 0.70901704
6918.2000 0.7223438
6919.1000 0.72668105
6920.0000 0.72822404
6920.9000 0.73707825
6921.8000 0.73884064
6922.7000 0.73169345
6923.6000 0.72070557
6924.5000 0.71285582
6925.4000 0.71070957
6926.3000 0.71834999
6927.2000 0.7271871
6928.1000 0.7297591
6929.0000 0.73130685
6929.9000 0.73059356
6930.8000 0.72246158
6931.7000 0.71923035
6932.6000 0.71825939
6933.5000 0.7182259
6934.4000 0.72302139
6935.3000 0.72394097
6936.2000 0.72148305
6937.1000 0.7260229
6938.0000 0.72907132
6938.9000 0.72950727
6939.8000 0.73490852
6940.7000 0.73671347
6941.6000 0.73277676
6942.5000 0.73003149
6943.4000 0.72615749
6944.3000 0.71098262
6945.2000 0.70194924
6946.1000 0.71010232
6947.0000 0.71935081
6947.9000 0.72155678
6948.8000 0.72127575
6949.7000 0.71960294
6950.6000 0.71295732
6951.5000 0.70797729
6952.4000 0.71083921
6953.3000 0.7115882
6954.2000 0.71124756
6955.1000 0.71698904
6956.0000 0.72333372
6956.9000 0.72404444
6957.8000 0.72422028
6958.7000 0.72650439
6959.6000 0.72138286
6960.5000 0.71741009
6961.4000 0.71784061
6962.3000 0.7159332
6963.2000 0.7159639
6964.1000 0.71825773
6965.0000 0.71520436
6965.9000 0.71113145
6966.8000 0.71543223
6967.7000 0.72061062
6968.6000 0.71989644
6969.5000 0.7177704
6970.4000 0.71670365
6971.3000 0.71701086
6972.2000 0.71818674
6973.1000 0.71531928
6974.0000 0.70882571
6974.9000 0.6993987
6975.8000 0.68663871
6976.7000 0.67556214
6977.6000 0.66707504
6978.5000 0.66364533
6979.4000 0.67631924
6980.3000 0.69580555
6981.2000 0.70757169
6982.1000 0.71095943
6983.0000 0.71133775
6983.9000 0.71697664
6984.8000 0.7193197
6985.7000 0.71645337
6986.6000 0.71434897
6987.5000 0.70781237
6988.4000 0.70170945
6989.3000 0.70586491
6990.2000 0.71230328
6991.1000 0.71157944
6992.0000 0.70743883
6992.9000 0.70742732
6993.8000 0.70957589
6994.7000 0.71024883
6995.6000 0.71255594
6996.5000 0.71564293
6997.4000 0.712529
6998.3000 0.70024765
6999.2000 0.69025731
7000.1000 0.69206941
7001.0000 0.69919473
7001.9000 0.70053697
7002.8000 0.6932174
7003.7000 0.68594259
7004.6000 0.68107837
7005.5000 0.67559791
7006.4000 0.67811066
7007.3000 0.69113415
7008.2000 0.70368361
7009.1000 0.70948988
7010.0000 0.7075268
7010.9000 0.69841254
7011.8000 0.68825459
7012.7000 0.68730229
7013.6000 0.69333905
7014.5000 0.69165987
7015.4000 0.67413092
7016.3000 0.65458375
7017.2000 0.6583274
7018.1000 0.6812622
7019.0000 0.69745135
7019.9000 0.7029717
7020.8000 0.70148742
7021.7000 0.69006848
7022.6000 0.67338139
7023.5000 0.66514373
7024.4000 0.67262703
7025.3000 0.68694615
7026.2000 0.69596076
7027.1000 0.69834208
7028.0000 0.69799155
7028.9000 0.6965974
7029.8000 0.69966781
7030.7000 0.70265889
7031.6000 0.69804102
7032.5000 0.69330436
7033.4000 0.68896174
7034.3000 0.68170327
7035.2000 0.68317515
7036.1000 0.69302404
7037.0000 0.69555104
7037.9000 0.68774796
7038.8000 0.68690622
7039.7000 0.69813687
7040.6000 0.70419562
7041.5000 0.70659482
7042.4000 0.70517439
7043.3000 0.70004535
7044.2000 0.69683319
7045.1000 0.69765943
7046.0000 0.7021237
7046.9000 0.70468366
7047.8000 0.70336515
7048.7000 0.70198053
7049.6000 0.70303994
7050.5000 0.7006548
7051.4000 0.69333619
7052.3000 0.68744797
7053.2000 0.69076163
7054.1000 0.69691145
7055.0000 0.69556266
7055.9000 0.69415683
7056.8000 0.69347495
7057.7000 0.69334674
7058.6000 0.69382435
7059.5000 0.69277936
7060.4000 0.68952549
7061.3000 0.69104862
7062.2000 0.69980699
7063.1000 0.70774019
7064.0000 0.71107596
7064.9000 0.70703161
7065.8000 0.69800442
7066.7000 0.68734509
7067.6000 0.67728484
7068.5000 0.67633271
7069.4000 0.6860764
7070.3000 0.69338667
7071.2000 0.69332755
7072.1000 0.69413
7073.0000 0.69789374
7073.9000 0.69858724
7074.8000 0.70006216
7075.7000 0.70199221
7076.6000 0.70076269
7077.5000 0.69795215
7078.4000 0.69783527
7079.3000 0.70279461
7080.2000 0.70636314
7081.1000 0.70022422
7082.0000 0.69195718
7082.9000 0.68103844
7083.8000 0.66895336
7084.7000 0.66975892
7085.6000 0.68047798
7086.5000 0.68516642
7087.4000 0.68372309
7088.3000 0.68222755
7089.2000 0.67608541
7090.1000 0.66875261
7091.0000 0.67138958
7091.9000 0.68216884
7092.8000 0.6851756
7093.7000 0.68634057
7094.6000 0.68844354
7095.5000 0.68694139
7096.4000 0.68949562
7097.3000 0.69263709
7098.2000 0.69142246
7099.1000 0.6920976
7100.0000 0.69315463
7100.9000 0.69647312
7101.8000 0.69858515
7102.7000 0.69911152
7103.6000 0.70261937
7104.5000 0.70061296
7105.4000 0.69757563
7106.3000 0.6968891
7107.2000 0.69546014
7108.1000 0.69440949
7109.0000 0.69490069
7109.9000 0.69149554
7110.8000 0.68471831
7111.7000 0.67776352
7112.6000 0.67899549
7113.5000 0.68096155
7114.4000 0.67876953
7115.3000 0.67786413
7116.2000 0.67962795
7117.1000 0.67798686
7118.0000 0.67765951
7118.9000 0.68091691
7119.8000 0.68206704
7120.7000 0.67617971
7121.6000 0.66246277
7122.5000 0.66129565
7123.4000 0.67787158
7124.3000 0.68630421
7125.2000 0.69026768
7126.1000 0.68911904
7127.0000 0.68493396
7127.9000 0.68468219
7128.8000 0.68243426
7129.7000 0.67311782
7130.6000 0.66401035
7131.5000 0.66518527
7132.4000 0.67468137
7133.3000 0.68497688
7134.2000 0.6932646
7135.1000 0.69114321
7136.0000 0.68582869
7136.9000 0.68477905
7137.8000 0.68453407
7138.7000 0.68743145
7139.6000 0.6903829
7140.5000 0.6910581
7141.4000 0.68365467
7142.3000 0.67986321
7143.2000 0.68110484
7144.1000 0.68046027
7145.0000 0.68164891
7145.9000 0.67826009
7146.8000 0.66358554
7147.7000 0.64584011
7148.6000 0.65040392
7149.5000 0.66997296
7150.4000 0.68050975
7151.3000 0.68407661
7152.2000 0.68754584
7153.1000 0.69070452
7154.0000 0.68677551
7154.9000 0.67940539
7155.8000 0.67957515
7156.7000 0.68367523
7157.6000 0.68471795
7158.5000 0.68471724
7159.4000 0.68570715
7160.3000 0.68709999
7161.2000 0.68534464
7162.1000 0.67848575
7163.0000 0.66766906
7163.9000 0.6456753
7164.8000 0.62885469
7165.7000 0.64186889
7166.6000 0.66654038
7167.5000 0.68261093
7168.4000 0.68861657
7169.3000 0.68858063
7170.2000 0.69118011
7171.1000 0.69779128
7172.0000 0.69994956
7172.9000 0.69685829
7173.8000 0.69285381
7174.7000 0.68464088
7175.6000 0.67504525
7176.5000 0.67744744
7177.4000 0.68965894
7178.3000 0.6934461
7179.2000 0.68606979
7180.1000 0.6690501
7181.0000 0.65315032
7181.9000 0.65149754
7182.8000 0.66057587
7183.7000 0.67279106
7184.6000 0.67900658
7185.5000 0.67152536
7186.4000 0.65458918
7187.3000 0.64682317
7188.2000 0.6583001
7189.1000 0.66778278
7190.0000 0.67042029
7190.9000 0.67368996
7191.8000 0.66777617
7192.7000 0.66027224
7193.6000 0.66226459
7194.5000 0.6667375
7195.4000 0.66796768
7196.3000 0.66730052
7197.2000 0.66864717
7198.1000 0.66947001
7199.0000 0.67011613
7199.9000 0.67243177
7200.8000 0.66777706
7201.7000 0.65223402
7202.6000 0.65121466
7203.5000 0.66769499
7204.4000 0.67441857
7205.3000 0.66357237
7206.2000 0.64071858
7207.1000 0.62255132
7208.0000 0.63412452
7208.9000 0.65705717
7209.8000 0.66745818
7210.7000 0.66996241
7211.6000 0.67113751
7212.5000 0.67215133
7213.4000 0.67025256
7214.3000 0.66495472
7215.2000 0.66316241
7216.1000 0.66698778
7217.0000 0.66966999
7217.9000 0.66426092
7218.8000 0.65469682
7219.7000 0.65145135
7220.6000 0.65336823
7221.5000 0.6524682
7222.4000 0.64817703
7223.3000 0.64697462
7224.2000 0.65319759
7225.1000 0.65862721
7226.0000 0.65774167
7226.9000 0.66041434
7227.8000 0.66591817
7228.7000 0.66477042
7229.6000 0.66313159
7230.5000 0.66670263
7231.4000 0.67268097
7232.3000 0.67525506
7233.2000 0.67226076
7234.1000 0.66737878
7235.0000 0.66382629
7235.9000 0.6667915
7236.8000 0.67449397
7237.7000 0.67475605
7238.6000 0.66493672
7239.5000 0.66108978
7240.4000 0.67083234
7241.3000 0.6781776
7242.2000 0.67710465
7243.1000 0.67482764
7244.0000 0.66748285
7244.9000 0.66129893
7245.8000 0.66716534
7246.7000 0.67762965
7247.6000 0.68159062
7248.5000 0.67692423
7249.4000 0.66504741
7250.3000 0.65231985
7251.2000 0.65209663
7252.1000 0.6640256
7253.0000 0.67341399
7253.9000 0.67180043
7254.8000 0.66885632
7255.7000 0.67242765
7256.6000 0.67394584
7257.5000 0.67507273
7258.4000 0.67798638
7259.3000 0.67303324
7260.2000 0.65968227
7261.1000 0.64670366
7262.0000 0.64638269
7262.9000 0.65875053
7263.8000 0.66628557
7264.7000 0.67195928
7265.6000 0.68094933
7266.5000 0.68371981
7267.4000 0.67789304
7268.3000 0.67338508
7269.2000 0.67460883
7270.1000 0.6743356
7271.0000 0.67281598
7271.9000 0.67491317
7272.8000 0.67515868
7273.7000 0.67008752
7274.6000 0.66290611
7275.5000 0.66089547
7276.4000 0.66825527
7277.3000 0.672979
7278.2000 0.67080688
7279.1000 0.66980517
7280.0000 0.66719639
7280.9000 0.65856886
7281.8000 0.64215666
7282.7000 0.62978119
7283.6000 0.63264984
7284.5000 0.64126432
7285.4000 0.64636225
7286.3000 0.64815795
7287.2000 0.63976508
7288.1000 0.61801112
7289.0000 0.60628295
7289.9000 0.62091941
7290.8000 0.63493377
7291.7000 0.63221848
7292.6000 0.62605602
7293.5000 0.63151193
7294.4000 0.64495993
7295.3000 0.65315056
7296.2000 0.65981501
7297.1000 0.66289836
7298.0000 0.66365325
7298.9000 0.66223752
7299.8000 0.65987968
7300.7000 0.65926975
7301.6000 0.66109896
7302.5000 0.65969956
7303.4000 0.66093361
7304.3000 0.66454321
7305.2000 0.66193527
7306.1000 0.65343255
7307.0000 0.64685667
7307.9000 0.64780539
7308.8000 0.65215129
7309.7000 0.65228426
7310.6000 0.64616275
7311.5000 0.64638114
7312.4000 0.6592049
7313.3000 0.66734737
7314.2000 0.66931778
7315.1000 0.66670185
7316.0000 0.66444737
7316.9000 0.66106266
7317.8000 0.66171545
7318.7000 0.6648559
7319.6000 0.66120249
7320.5000 0.65855753
7321.4000 0.66402292
7322.3000 0.66958219
7323.2000 0.67111534
7324.1000 0.66014892
7325.0000 0.64030731
7325.9000 0.62832296
7326.8000 0.64012653
7327.7000 0.66160309
7328.6000 0.66555542
7329.5000 0.65451336
7330.4000 0.64663631
7331.3000 0.65335214
7332.2000 0.65668702
7333.1000 0.65408409
7334.0000 0.65722346
7334.9000 0.66301155
7335.8000 0.66874456
7336.7000 0.66883433
7337.6000 0.66398281
7338.5000 0.66462451
7339.4000 0.66345435
7340.3000 0.6616081
7341.2000 0.6595313
7342.1000 0.65577137
7343.0000 0.65425819
7343.9000 0.65274346
7344.8000 0.65254349
7345.7000 0.65730906
7346.6000 0.65870082
7347.5000 0.6579985
7348.4000 0.65875202
7349.3000 0.65371871
7350.2000 0.64298952
7351.1000 0.63739717
7352.0000 0.64137977
7352.9000 0.64519346
7353.8000 0.64013451
7354.7000 0.62906533
7355.6000 0.62196666
7356.5000 0.62827241
7357.4000 0.63888013
7358.3000 0.64804715
7359.2000 0.65311736
7360.1000 0.64613742
7361.0000 0.64004672
7361.9000 0.63704067
7362.8000 0.63577378
7363.7000 0.63873661
7364.6000 0.64449763
7365.5000 0.64548069
7366.4000 0.64254725
7367.3000 0.64524013
7368.2000 0.64864945
7369.1000 0.6486755
7370.0000 0.65060067
7370.9000 0.65279835
7371.8000 0.64865381
7372.7000 0.64518601
7373.6000 0.64244211
7374.5000 0.63906658
7375.4000 0.63469052
7376.3000 0.63535029
7377.2000 0.63811398
7378.1000 0.6431163
7379.0000 0.64885944
7379.9000 0.64394939
7380.8000 0.63226652
7381.7000 0.62781906
7382.6000 0.62691826
7383.5000 0.62140137
7384.4000 0.61080736
7385.3000 0.59719896
7386.2000 0.58834326
7387.1000 0.58296633
7388.0000 0.58024979
7388.9000 0.58134162
7389.8000 0.59453577
7390.7000 0.61363548
7391.6000 0.61625946
7392.5000 0.60580373
7393.4000 0.59899545
7394.3000 0.60702175
7395.2000 0.61920536
7396.1000 0.62527257
7397.0000 0.62947547
7397.9000 0.62920177
7398.8000 0.62553883
7399.7000 0.62037003
7400.6000 0.61644542
7401.5000 0.61997521
7402.4000 0.62885648
7403.3000 0.63355362
7404.2000 0.62897718
7405.1000 0.62083316
7406.0000 0.61882484
7406.9000 0.62182623
7407.8000 0.61614519
7408.7000 0.60527736
7409.6000 0.60177475
7410.5000 0.60785252
7411.4000 0.61613739
7412.3000 0.509848
7413.2000 0.11790344
7414.1000 0.00244692
7415.0000 0.00000287
7415.9000 0
7416.8000 0
7417.7000 0
7418.6000 0
7419.5000 0
7420.4000 0
7421.3000 0
7422.2000 0
7423.1000 0
7424.0000 0
7424.9000 0
7425.8000 0
7426.7000 0
7427.6000 0
7428.5000 0
7429.4000 0
