3500.0000 0
3500.9000 0
3501.8000 0
3502.7000 0
3503.6000 0
3504.5000 0
3505.4000 0
3506.3000 0
3507.2000 0
3508.1000 0
3509.0000 0
3509.9000 0
3510.8000 0
3511.7000 0
3512.6000 0
3513.5000 0
3514.4000 0
3515.3000 0
3516.2000 0
3517.1000 0
3518.0000 0
3518.9000 0
3519.8000 0
3520.7000 0
3521.6000 0
3522.5000 0
3523.4000 0
3524.3000 0
3525.2000 0
3526.1000 0
3527.0000 0
3527.9000 0
3528.8000 0
3529.7000 0
3530.6000 0
3531.5000 0
3532.4000 0
3533.3000 0
3534.2000 0.00000001
3535.1000 0.01819484
3536.0000 0.56204265
3536.9000 0.57512689
3537.8000 0.58702058
3538.7000 0.62522364
3539.6000 0.64479655
3540.5000 0.60997057
3541.4000 0.57601565
3542.3000 0.57602447
3543.2000 0.5967021
3544.1000 0.6096459
3545.0000 0.61469841
3545.9000 0.62658978
3546.8000 0.62744963
3547.7000 0.6197781
3548.6000 0.62460542
3549.5000 0.64342451
3550.4000 0.64322174
3551.3000 0.62499237
3552.2000 0.60084897
3553.1000 0.56111151
3554.0000 0.53208846
3554.9000 0.55155003
3555.8000 0.5983361
3556.7000 0.61215007
3557.6000 0.59860235
3558.5000 0.58519721
3559.4000 0.58655208
3560.3000 0.59633535
3561.2000 0.62048405
3562.1000 0.64803779
3563.0000 0.66267651
3563.9000 0.60714102
3564.8000 0.49255863
3565.7000 0.42269143
3566.6000 0.44910756
3567.5000 0.5003503
3568.4000 0.49587306
3569.3000 0.43069467
3570.2000 0.40366936
3571.1000 0.40475982
3572.0000 0.46009871
3572.9000 0.49518198
3573.8000 0.50802314
3574.7000 0.51988459
3575.6000 0.55163383
3576.5000 0.58281988
3577.4000 0.56957924
3578.3000 0.52803737
3579.2000 0.50331175
3580.1000 0.4348594
3581.0000 0.33435693
3581.9000 0.33529595
3582.8000 0.42783594
3583.7000 0.47434828
3584.6000 0.41503513
3585.5000 0.33841401
3586.4000 0.33851871
3587.3000 0.38447872
3588.2000 0.42689309
3589.1000 0.45497984
3590.0000 0.5027774
3590.9000 0.59072399
3591.8000 0.64168751
3592.7000 0.60718089
3593.6000 0.55462879
3594.5000 0.57960981
3595.4000 0.62748545
3596.3000 0.68380344
3597.2000 0.68393737
3598.1000 0.66333407
3599.0000 0.66397089
3599.9000 0.67651975
3600.8000 0.68470615
3601.7000 0.63284022
3602.6000 0.54512352
3603.5000 0.51120871
3604.4000 0.51782131
3605.3000 0.50626272
3606.2000 0.52060157
3607.1000 0.55296117
3608.0000 0.50063276
3608.9000 0.41201031
3609.8000 0.42262226
3610.7000 0.49204826
3611.6000 0.55225152
3612.5000 0.55968857
3613.4000 0.52235544
3614.3000 0.52479398
3615.2000 0.58334053
3616.1000 0.62191629
3617.0000 0.58689433
3617.9000 0.46425605
3618.8000 0.35281041
3619.7000 0.37234393
3620.6000 0.46153039
3621.5000 0.5251928
3622.4000 0.57985359
3623.3000 0.58298212
3624.2000 0.55390728
3625.1000 0.59131968
3626.0000 0.6756897
3626.9000 0.73304152
3627.8000 0.72350335
3628.7000 0.69169092
3629.6000 0.63565356
3630.5000 0.50784874
3631.4000 0.39835259
3632.3000 0.41678944
3633.2000 0.49134937
3634.1000 0.51074594
3635.0000 0.51620632
3635.9000 0.55425584
3636.8000 0.57422763
3637.7000 0.59726882
3638.6000 0.64327651
3639.5000 0.6838941
3640.4000 0.69191688
3641.3000 0.67113966
3642.2000 0.63583654
3643.1000 0.58791459
3644.0000 0.55067676
3644.9000 0.532067
3645.8000 0.54607743
3646.7000 0.54580677
3647.6000 0.49962372
3648.5000 0.48912919
3649.4000 0.51035303
3650.3000 0.54031581
3651.2000 0.58341223
3652.1000 0.65945375
3653.0000 0.69951552
3653.9000 0.69585347
3654.8000 0.68077075
3655.7000 0.6786949
3656.6000 0.70705754
3657.5000 0.73573369
3658.4000 0.74730098
3659.3000 0.7647118
3660.2000 0.75238603
3661.1000 0.73657548
3662.0000 0.71642411
3662.9000 0.67406094
3663.8000 0.64131504
3664.7000 0.65922773
3665.6000 0.68755782
3666.5000 0.66966665
3667.4000 0.65981114
3668.3000 0.648821
3669.2000 0.61626858
3670.1000 0.60152984
3671.0000 0.65511084
3671.9000 0.73939753
3672.8000 0.74751216
3673.7000 0.72354949
3674.6000 0.71413445
3675.5000 0.71752024
3676.4000 0.69156075
3677.3000 0.60760683
3678.2000 0.57843721
3679.1000 0.59052557
3680.0000 0.57312071
3680.9000 0.58308452
3681.8000 0.63198978
3682.7000 0.6630519
3683.6000 0.68847489
3684.5000 0.66807687
3685.4000 0.61812198
3686.3000 0.56666207
3687.2000 0.53180844
3688.1000 0.53998691
3689.0000 0.59099585
3689.9000 0.64694077
3690.8000 0.70687711
3691.7000 0.74759489
3692.6000 0.72482497
3693.5000 0.67078644
3694.4000 0.65149516
3695.3000 0.66463178
3696.2000 0.66402084
3697.1000 0.66354847
3698.0000 0.70046258
3698.9000 0.7682243
3699.8000 0.80181217
3700.7000 0.78046048
3701.6000 0.75037283
3702.5000 0.71594191
3703.4000 0.64875132
3704.3000 0.57134181
3705.2000 0.51690793
3706.1000 0.50129008
3707.0000 0.52205116
3707.9000 0.53415239
3708.8000 0.53099018
3709.7000 0.56938517
3710.6000 0.63656354
3711.5000 0.67786324
3712.4000 0.70992535
3713.3000 0.77343279
3714.2000 0.82632649
3715.1000 0.80024391
3716.0000 0.75765151
3716.9000 0.75910068
3717.8000 0.73552501
3718.7000 0.63996661
3719.6000 0.49006543
3720.5000 0.41203827
3721.4000 0.40234178
3722.3000 0.43220153
3723.2000 0.52026772
3724.1000 0.6161015
3725.0000 0.68424344
3725.9000 0.71921283
3726.8000 0.66368556
3727.7000 0.58855784
3728.6000 0.63080084
3729.5000 0.70416063
3730.4000 0.67917347
3731.3000 0.63442576
3732.2000 0.58655161
3733.1000 0.49829301
3734.0000 0.40098849
3734.9000 0.33103311
3735.8000 0.34395778
3736.7000 0.38232693
3737.6000 0.4451701
3738.5000 0.55808878
3739.4000 0.65315264
3740.3000 0.72903979
3741.2000 0.75237703
3742.1000 0.69964862
3743.0000 0.61911976
3743.9000 0.55639148
3744.8000 0.52596796
3745.7000 0.47227955
3746.6000 0.46410349
3747.5000 0.46711206
3748.4000 0.39823219
3749.3000 0.33423242
3750.2000 0.38331264
3751.1000 0.51623982
3752.0000 0.63350558
3752.9000 0.69878376
3753.8000 0.75051558
3754.7000 0.82104397
3755.6000 0.86220449
3756.5000 0.80274135
3757.4000 0.64455622
3758.3000 0.50116026
3759.2000 0.49810502
3760.1000 0.58529347
3761.0000 0.63521999
3761.9000 0.63808584
3762.8000 0.62278533
3763.7000 0.5968799
3764.6000 0.63134974
3765.5000 0.68167591
3766.4000 0.64381385
3767.3000 0.58438778
3768.2000 0.58740056
3769.1000 0.61743373
3770.0000 0.60000217
3770.9000 0.58469838
3771.8000 0.63165987
3772.7000 0.71004605
3773.6000 0.75966978
3774.5000 0.75455636
3775.4000 0.7386654
3776.3000 0.75141817
3777.2000 0.75317925
3778.1000 0.73683059
3779.0000 0.75808603
3779.9000 0.81485987
3780.8000 0.8465665
3781.7000 0.84912843
3782.6000 0.84537661
3783.5000 0.86402893
3784.4000 0.90263522
3785.3000 0.84826082
3786.2000 0.71576983
3787.1000 0.65936768
3788.0000 0.66152304
3788.9000 0.63648295
3789.8000 0.60937589
3790.7000 0.63981211
3791.6000 0.67772442
3792.5000 0.67745441
3793.4000 0.63210809
3794.3000 0.60117763
3795.2000 0.56913483
3796.1000 0.58987206
3797.0000 0.56863302
3797.9000 0.49233881
3798.8000 0.4746342
3799.7000 0.53951371
3800.6000 0.6484403
3801.5000 0.71018058
3802.4000 0.7388581
3803.3000 0.78347933
3804.2000 0.81028742
3805.1000 0.80558395
3806.0000 0.77618158
3806.9000 0.7173174
3807.8000 0.70958257
3808.7000 0.77034366
3809.6000 0.83633566
3810.5000 0.87095797
3811.4000 0.85038197
3812.3000 0.78355628
3813.2000 0.6889109
3814.1000 0.60508066
3815.0000 0.55779076
3815.9000 0.52212387
3816.8000 0.57630843
3817.7000 0.68081105
3818.6000 0.69133395
3819.5000 0.58918613
3820.4000 0.47907981
3821.3000 0.49394128
3822.2000 0.60370564
3823.1000 0.65541965
3824.0000 0.58568901
3824.9000 0.46883458
3825.8000 0.40877748
3826.7000 0.41767615
3827.6000 0.44047746
3828.5000 0.43987063
3829.4000 0.4534848
3830.3000 0.48435199
3831.2000 0.47521412
3832.1000 0.41068637
3833.0000 0.36557817
3833.9000 0.36114553
3834.8000 0.37810156
3835.7000 0.42237416
3836.6000 0.44851598
3837.5000 0.42461586
3838.4000 0.38390467
3839.3000 0.37758514
3840.2000 0.39741412
3841.1000 0.44275898
3842.0000 0.54692918
3842.9000 0.63594139
3843.8000 0.66395831
3844.7000 0.68630731
3845.6000 0.70513141
3846.5000 0.70927906
3847.4000 0.73286533
3848.3000 0.75145435
3849.2000 0.70443034
3850.1000 0.63506895
3851.0000 0.66398525
3851.9000 0.74241847
3852.8000 0.75834572
3853.7000 0.72095746
3854.6000 0.6860584
3855.5000 0.64336425
3856.4000 0.61053091
3857.3000 0.62492836
3858.2000 0.59095418
3859.1000 0.49770725
3860.0000 0.44302219
3860.9000 0.48877743
3861.8000 0.60616803
3862.7000 0.72366893
3863.6000 0.77139467
3864.5000 0.75530529
3865.4000 0.72093004
3866.3000 0.71091568
3867.2000 0.70571887
3868.1000 0.70424962
3869.0000 0.68851429
3869.9000 0.6361078
3870.8000 0.56125492
3871.7000 0.50675732
3872.6000 0.49692303
3873.5000 0.57499021
3874.4000 0.69603288
3875.3000 0.76409888
3876.2000 0.75866878
3877.1000 0.70613092
3878.0000 0.59932452
3878.9000 0.55121577
3879.8000 0.61890841
3880.7000 0.66475052
3881.6000 0.61712927
3882.5000 0.55329657
3883.4000 0.57999742
3884.3000 0.65810424
3885.2000 0.64319998
3886.1000 0.55213732
3887.0000 0.51689959
3887.9000 0.52805209
3888.8000 0.50488281
3889.7000 0.50446385
3890.6000 0.58649111
3891.5000 0.67802
3892.4000 0.71334392
3893.3000 0.71163303
3894.2000 0.71017748
3895.1000 0.69535309
3896.0000 0.70758605
3896.9000 0.76445848
3897.8000 0.78444666
3898.7000 0.75426263
3899.6000 0.73270851
3900.5000 0.75504106
3901.4000 0.79225314
3902.3000 0.76186734
3903.2000 0.69015867
3904.1000 0.67404974
3905.0000 0.66322625
3905.9000 0.63514483
3906.8000 0.672149
3907.7000 0.75266659
3908.6000 0.8250584
3909.5000 0.84024829
3910.4000 0.83604044
3911.3000 0.85539144
3912.2000 0.88510758
3913.1000 0.87940651
3914.0000 0.84212321
3914.9000 0.83103418
3915.8000 0.82544124
3916.7000 0.81254542
3917.6000 0.81152302
3918.5000 0.78589791
3919.4000 0.74702424
3920.3000 0.69356418
3921.2000 0.64573324
3922.1000 0.65644741
3923.0000 0.68034947
3923.9000 0.70500386
3924.8000 0.69604963
3925.7000 0.64166331
3926.6000 0.5853824
3927.5000 0.51641101
3928.4000 0.43645316
3929.3000 0.37651333
3930.2000 0.31849757
3931.1000 0.27048919
3932.0000 0.22542791
3932.9000 0.17554642
3933.8000 0.13960868
3934.7000 0.15116875
3935.6000 0.2080545
3936.5000 0.2751371
3937.4000 0.33720344
3938.3000 0.40796888
3939.2000 0.49465352
3940.1000 0.56075251
3941.0000 0.59097844
3941.9000 0.60685545
3942.8000 0.60736597
3943.7000 0.57588321
3944.6000 0.5803414
3945.5000 0.68329304
3946.4000 0.78674591
3947.3000 0.79064167
3948.2000 0.75350463
3949.1000 0.76445925
3950.0000 0.82828546
3950.9000 0.87550509
3951.8000 0.8540048
3952.7000 0.78263271
3953.6000 0.78499937
3954.5000 0.84991843
3955.4000 0.85320884
3956.3000 0.79775965
3957.2000 0.77516478
3958.1000 0.81460744
3959.0000 0.86149073
3959.9000 0.84800607
3960.8000 0.72936636
3961.7000 0.57988
3962.6000 0.51109415
3963.5000 0.50946641
3964.4000 0.49223414
3965.3000 0.43091407
3966.2000 0.34784913
3967.1000 0.26257133
3968.0000 0.19274008
3968.9000 0.16530575
3969.8000 0.1974186
3970.7000 0.26776499
3971.6000 0.34727663
3972.5000 0.41869053
3973.4000 0.47885656
3974.3000 0.5358389
3975.2000 0.59962916
3976.1000 0.65126872
3977.0000 0.6916272
3977.9000 0.74789679
3978.8000 0.80759603
3979.7000 0.86442131
3980.6000 0.90180624
3981.5000 0.88914484
3982.4000 0.85788709
3983.3000 0.85669154
3984.2000 0.86104012
3985.1000 0.87493408
3986.0000 0.87966013
3986.9000 0.87781388
3987.8000 0.92337632
3988.7000 0.95568115
3989.6000 0.9345395
3990.5000 0.92233169
3991.4000 0.94814122
3992.3000 0.96736979
3993.2000 0.98373127
3994.1000 0.97055638
3995.0000 0.94949722
3995.9000 0.91811246
3996.8000 0.88534939
3997.7000 0.85801518
3998.6000 0.88674235
3999.5000 0.97106135
4000.4000 1.01170337
4001.3000 1.00298524
4002.2000 1.01072752
4003.1000 1.0292902
4004.0000 1.00716054
4004.9000 0.89368522
4005.8000 0.7921108
4006.7000 0.81611651
4007.6000 0.90617537
4008.5000 0.97791487
4009.4000 0.97808629
4010.3000 0.9633134
4011.2000 0.97636348
4012.1000 0.9812997
4013.0000 0.99316549
4013.9000 0.9839431
4014.8000 0.99579823
4015.7000 1.02231193
4016.6000 1.00489461
4017.5000 0.94975311
4018.4000 0.96948218
4019.3000 1.03163719
4020.2000 1.04581296
4021.1000 1.016168
4022.0000 1.00700331
4022.9000 1.01647115
4023.8000 1.0063045
4024.7000 0.963826
4025.6000 0.9679265
4026.5000 1.01955283
4027.4000 1.06331229
4028.3000 1.08415425
4029.2000 1.04547977
4030.1000 0.95926207
4031.0000 0.87703651
4031.9000 0.86051345
4032.8000 0.8563748
4033.7000 0.85928172
4034.6000 0.90196836
4035.5000 0.94161731
4036.4000 1.00384796
4037.3000 1.07602334
4038.2000 1.10018897
4039.1000 1.07882202
4040.0000 1.04473126
4040.9000 1.00984764
4041.8000 1.01759696
4042.7000 1.06874454
4043.6000 1.04452455
4044.5000 0.89118731
4045.4000 0.73035783
4046.3000 0.7116937
4047.2000 0.86416876
4048.1000 1.01058781
4049.0000 1.04321945
4049.9000 1.04902363
4050.8000 1.07662511
4051.7000 1.05527389
4052.6000 0.99935085
4053.5000 0.97422749
4054.4000 0.95587039
4055.3000 0.92740542
4056.2000 0.92894244
4057.1000 0.91095257
4058.0000 0.86897588
4058.9000 0.8895461
4059.8000 0.96579397
4060.7000 1.02806044
4061.6000 1.01179492
4062.5000 0.91651195
4063.4000 0.7986896
4064.3000 0.78993374
4065.2000 0.89918268
4066.1000 0.9470436
4067.0000 0.91974312
4067.9000 0.94508332
4068.8000 1.02798355
4069.7000 1.05548775
4070.6000 0.98694426
4071.5000 0.87824881
4072.4000 0.87433207
4073.3000 0.98281783
4074.2000 1.0402
4075.1000 1.0184114
4076.0000 0.94668388
4076.9000 0.84588122
4077.8000 0.8118394
4078.7000 0.85780704
4079.6000 0.93284631
4080.5000 1.02473998
4081.4000 1.09017098
4082.3000 1.08604026
4083.2000 1.02650988
4084.1000 0.96230668
4085.0000 0.93669701
4085.9000 0.95667583
4086.8000 1.0159719
4087.7000 1.09203613
4088.6000 1.12390542
4089.5000 1.0970031
4090.4000 1.07222891
4091.3000 1.05227411
4092.2000 1.01839662
4093.1000 1.00670266
4094.0000 1.05127394
4094.9000 1.02072155
4095.8000 0.94364625
4096.7000 0.90314692
4097.6000 0.91033125
4098.5000 0.91384023
4099.4000 0.87081474
4100.3000 0.78272104
4101.2000 0.67051661
4102.1000 0.61918098
4103.0000 0.70322776
4103.9000 0.81648076
4104.8000 0.89625549
4105.7000 0.95718235
4106.6000 0.99576676
4107.5000 1.00031352
4108.4000 1.00137496
4109.3000 1.00432813
4110.2000 0.98058778
4111.1000 0.98358679
4112.0000 0.99922419
4112.9000 1.02744913
4113.8000 1.07416701
4114.7000 1.10263491
4115.6000 1.10637295
4116.5000 1.12991941
4117.4000 1.12461531
4118.3000 1.05548131
4119.2000 0.99730957
4120.1000 1.02893567
4121.0000 1.07677805
4121.9000 1.08065784
4122.8000 1.0572474
4123.7000 1.06008351
4124.6000 1.08653378
4125.5000 1.08106136
4126.4000 1.05226386
4127.3000 1.02640402
4128.2000 1.00204217
4129.1000 1.00565457
4130.0000 1.01661122
4130.9000 1.00670481
4131.8000 0.95508164
4132.7000 0.90421176
4133.6000 0.91173834
4134.5000 0.9425177
4135.4000 1.0162456
4136.3000 1.09149885
4137.2000 1.10308361
4138.1000 1.10422552
4139.0000 1.13303006
4139.9000 1.14246738
4140.8000 1.12597406
4141.7000 1.07519341
4142.6000 0.96906096
4143.5000 0.87490684
4144.4000 0.89699912
4145.3000 1.00360763
4146.2000 1.06169689
4147.1000 1.06965768
4148.0000 1.07525241
4148.9000 1.06399953
4149.8000 1.03108501
4150.7000 1.03043139
4151.6000 1.04446626
4152.5000 1.0375191
4153.4000 1.02272272
4154.3000 0.97000575
4155.2000 0.96948254
4156.1000 0.97369754
4157.0000 0.96202439
4157.9000 0.996867
4158.8000 1.0397712
4159.7000 1.0615381
4160.6000 1.06327939
4161.5000 1.05930436
4162.4000 1.10203004
4163.3000 1.12808692
4164.2000 1.11440182
4165.1000 1.11549187
4166.0000 1.09990776
4166.9000 1.04210818
4167.8000 0.98745066
4168.7000 1.02724969
4169.6000 1.06595778
4170.5000 1.05578864
4171.4000 0.98291498
4172.3000 0.89339584
4173.2000 0.85624152
4174.1000 0.89088106
4175.0000 0.94324487
4175.9000 0.96778518
4176.8000 0.98449403
4177.7000 0.95756954
4178.6000 0.96780902
4179.5000 1.01233304
4180.4000 1.04899693
4181.3000 1.02090216
4182.2000 0.96166116
4183.1000 0.95987093
4184.0000 0.96447265
4184.9000 1.00821996
4185.8000 1.03876746
4186.7000 0.97668409
4187.6000 0.89789468
4188.5000 0.91780561
4189.4000 1.00557733
4190.3000 1.05119109
4191.2000 1.03243053
4192.1000 1.03082883
4193.0000 1.10318565
4193.9000 1.13809144
4194.8000 1.07698119
4195.7000 0.98374772
4196.6000 0.95650947
4197.5000 0.94455004
4198.4000 0.88253111
4199.3000 0.8848182
4200.2000 0.94716883
4201.1000 0.95433712
4202.0000 0.92177141
4202.9000 0.92968279
4203.8000 0.98788172
4204.7000 1.01615894
4205.6000 1.03716195
4206.5000 1.06343877
4207.4000 1.07961178
4208.3000 1.09617746
4209.2000 1.0840584
4210.1000 1.05474651
4211.0000 1.06379461
4211.9000 1.10705721
4212.8000 1.12883723
4213.7000 1.11695421
4214.6000 1.06815398
4215.5000 0.98218375
4216.4000 0.95018679
4217.3000 0.99774373
4218.2000 1.03555012
4219.1000 1.04906404
4220.0000 1.07175577
4220.9000 1.10797501
4221.8000 1.11121154
4222.7000 1.06419814
4223.6000 1.00772822
4224.5000 0.93619567
4225.4000 0.8298009
4226.3000 0.69417214
4227.2000 0.65859723
4228.1000 0.81323004
4229.0000 0.98827517
4229.9000 1.05906391
4230.8000 1.08402038
4231.7000 1.08556485
4232.6000 1.03644335
4233.5000 0.99510574
4234.4000 1.00530946
4235.3000 0.97038174
4236.2000 0.90293556
4237.1000 0.91041172
4238.0000 0.94537413
4238.9000 0.93793517
4239.8000 0.92870009
4240.7000 0.97720897
4241.6000 1.04065418
4242.5000 1.02325737
4243.4000 1.00275612
4244.3000 1.04527593
4245.2000 1.0740031
4246.1000 1.04623795
4247.0000 0.97759658
4247.9000 0.93768078
4248.8000 0.93078125
4249.7000 0.90655905
4250.6000 0.88777375
4251.5000 0.96352208
4252.4000 1.05172133
4253.3000 1.0460223
4254.2000 0.97111237
4255.1000 0.93647128
4256.0000 0.98447353
4256.9000 1.05338693
4257.8000 1.04210651
4258.7000 0.96397054
4259.6000 0.88349962
4260.5000 0.81064898
4261.4000 0.84591085
4262.3000 0.95409256
4263.2000 1.05154467
4264.1000 1.07667506
4265.0000 1.06807745
4265.9000 1.07427168
4266.8000 1.06075716
4267.7000 1.00410247
4268.6000 0.97225839
4269.5000 0.95394599
4270.4000 0.89244515
4271.3000 0.77374786
4272.2000 0.74535584
4273.1000 0.83285373
4274.0000 0.87005603
4274.9000 0.86629057
4275.8000 0.9141987
4276.7000 1.01192391
4277.6000 1.05814254
4278.5000 1.06465364
4279.4000 1.00721693
4280.3000 0.93231916
4281.2000 0.94133478
4282.1000 0.9816587
4283.0000 0.99579322
4283.9000 1.01033151
4284.8000 0.97634059
4285.7000 0.92054534
4286.6000 0.90243226
4287.5000 0.93601972
4288.4000 0.92304724
4289.3000 0.84581482
4290.2000 0.79627872
4291.1000 0.83423316
4292.0000 0.91651034
4292.9000 0.9865815
4293.8000 0.98241538
4294.7000 0.93225986
4295.6000 0.92113912
4296.5000 0.90439224
4297.4000 0.84281957
4298.3000 0.7914921
4299.2000 0.69183856
4300.1000 0.63474715
4301.0000 0.67614049
4301.9000 0.71586543
4302.8000 0.70842773
4303.7000 0.72752619
4304.6000 0.75857848
4305.5000 0.7539553
4306.4000 0.74143046
4307.3000 0.69612557
4308.2000 0.61392266
4309.1000 0.60821891
4310.0000 0.65685278
4310.9000 0.70736563
4311.8000 0.75372094
4312.7000 0.80394208
4313.6000 0.86552858
4314.5000 0.92270559
4315.4000 1.00132167
4316.3000 1.11662972
4317.2000 1.17912698
4318.1000 1.17152691
4319.0000 1.15246725
4319.9000 1.13715541
4320.8000 1.1091609
4321.7000 1.08346701
4322.6000 1.03425562
4323.5000 0.91713858
4324.4000 0.80495274
4325.3000 0.74254543
4326.2000 0.75929099
4327.1000 0.89041448
4328.0000 1.03878891
4328.9000 1.11209571
4329.8000 1.10153151
4330.7000 1.06536436
4331.6000 1.06586897
4332.5000 1.08393562
4333.4000 1.08949399
4334.3000 1.08866155
4335.2000 1.08942068
4336.1000 1.05225062
4337.0000 0.94618404
4337.9000 0.82848877
4338.8000 0.74747968
4339.7000 0.66405702
4340.6000 0.60491556
4341.5000 0.66999984
4342.4000 0.80166942
4343.3000 0.87038773
4344.2000 0.89717168
4345.1000 0.95849532
4346.0000 1.01051545
4346.9000 1.0034343
4347.8000 0.99737513
4348.7000 1.04544723
4349.6000 1.08227253
4350.5000 1.02180994
4351.4000 0.89979035
4352.3000 0.84603
4353.2000 0.90870887
4354.1000 0.98835325
4355.0000 1.01134753
4355.9000 1.02800107
4356.8000 1.06573892
4357.7000 1.07574153
4358.6000 1.03475022
4359.5000 1.00773072
4360.4000 1.0383693
4361.3000 1.09855247
4362.2000 1.11527562
4363.1000 1.09690714
4364.0000 1.11351228
4364.9000 1.14368522
4365.8000 1.14055145
4366.7000 1.08121538
4367.6000 1.02767384
4368.5000 1.03438699
4369.4000 1.04855275
4370.3000 1.04184079
4371.2000 1.0474112
4372.1000 1.05827522
4373.0000 1.03692603
4373.9000 0.96957177
4374.8000 0.92275846
4375.7000 0.94652236
4376.6000 1.01831627
4377.5000 1.08313668
4378.4000 1.10207617
4379.3000 1.0846746
4380.2000 1.05396438
4381.1000 1.04163218
4382.0000 0.98873264
4382.9000 0.82563043
4383.8000 0.67575574
4384.7000 0.70209873
4385.6000 0.84944415
4386.5000 0.99331099
4387.4000 1.0133251
4388.3000 0.99886566
4389.2000 0.98459375
4390.1000 0.97576797
4391.0000 0.9863205
4391.9000 1.02355909
4392.8000 1.06085789
4393.7000 1.04792142
4394.6000 1.00518095
4395.5000 0.99020481
4396.4000 1.05569363
4397.3000 1.12392986
4398.2000 1.12699342
4399.1000 1.08751893
4400.0000 1.01960289
4400.9000 0.96212876
4401.8000 1.00996923
4402.7000 1.07712734
4403.6000 1.02140749
4404.5000 0.8886317
4405.4000 0.87934232
4406.3000 0.99749774
4407.2000 1.03562963
4408.1000 0.99260581
4409.0000 1.00165582
4409.9000 1.07121241
4410.8000 1.11806595
4411.7000 1.14534009
4412.6000 1.16226947
4413.5000 1.13424408
4414.4000 1.04407692
4415.3000 0.96165836
4416.2000 0.97312075
4417.1000 1.03392732
4418.0000 1.06483579
4418.9000 1.12074339
4419.8000 1.16739547
4420.7000 1.1614399
4421.6000 1.11531603
4422.5000 1.05059087
4423.4000 1.0382452
4424.3000 1.06826007
4425.2000 1.0798738
4426.1000 1.08023512
4427.0000 1.07682812
4427.9000 1.093804
4428.8000 1.1237042
4429.7000 1.09256041
4430.6000 1.04329586
4431.5000 1.04921138
4432.4000 1.07639658
4433.3000 1.05552328
4434.2000 1.0013721
4435.1000 0.96590471
4436.0000 0.98615962
4436.9000 1.05739868
4437.8000 1.12958074
4438.7000 1.16404212
4439.6000 1.16162992
4440.5000 1.12284505
4441.4000 1.0625993
4442.3000 1.00919223
4443.2000 0.99163389
4444.1000 1.03405499
4445.0000 1.11405408
4445.9000 1.16358447
4446.8000 1.13961089
4447.7000 1.115013
4448.6000 1.13438308
4449.5000 1.14353073
4450.4000 1.11724639
4451.3000 1.11142302
4452.2000 1.12390006
4453.1000 1.10510302
4454.0000 1.03430796
4454.9000 0.95135093
4455.8000 0.93861353
4456.7000 0.98438752
4457.6000 1.00442183
4458.5000 0.99094915
4459.4000 0.99226606
4460.3000 1.00616229
4461.2000 0.98694259
4462.1000 0.98356426
4463.0000 1.04976225
4463.9000 1.10283947
4464.8000 1.09544671
4465.7000 1.08169258
4466.6000 1.0793184
4467.5000 1.08335996
4468.4000 1.06930506
4469.3000 1.03643095
4470.2000 1.03920829
4471.1000 1.0872407
4472.0000 1.13013256
4472.9000 1.15071523
4473.8000 1.17128193
4474.7000 1.16695845
4475.6000 1.1435858
4476.5000 1.14928746
4477.4000 1.18212509
4478.3000 1.18629062
4479.2000 1.12845016
4480.1000 1.04222143
4481.0000 0.97986758
4481.9000 0.97230488
4482.8000 1.02587962
4483.7000 1.09750044
4484.6000 1.14263237
4485.5000 1.17094064
4486.4000 1.18384445
4487.3000 1.16045976
4488.2000 1.09756339
4489.1000 1.04386449
4490.0000 1.02963102
4490.9000 1.05521429
4491.8000 1.10755205
4492.7000 1.139732
4493.6000 1.11843169
4494.5000 1.07700551
4495.4000 1.06948805
4496.3000 1.08772278
4497.2000 1.11887538
4498.1000 1.15153611
4499.0000 1.16119289
4499.9000 1.15584636
4500.8000 1.12717843
4501.7000 1.1078732
4502.6000 1.15355933
4503.5000 1.20295715
4504.4000 1.22706497
4505.3000 1.22527897
4506.2000 1.21464646
4507.1000 1.19310737
4508.0000 1.17263937
4508.9000 1.17109406
4509.8000 1.18838286
4510.7000 1.20726395
4511.6000 1.19460988
4512.5000 1.16346312
4513.4000 1.14487195
4514.3000 1.12532079
4515.2000 1.12663901
4516.1000 1.14475334
4517.0000 1.1378144
4517.9000 1.11341918
4518.8000 1.11920369
4519.7000 1.15286958
4520.6000 1.17931128
4521.5000 1.1815635
4522.4000 1.13425803
4523.3000 1.10851097
4524.2000 1.1183207
4525.1000 1.09200799
4526.0000 1.04902446
4526.9000 1.00770319
4527.8000 0.98901457
4528.7000 0.97246355
4529.6000 0.98805523
4530.5000 1.02494693
4531.4000 1.04504669
4532.3000 1.07429123
4533.2000 1.04755116
4534.1000 1.00086522
4535.0000 0.9830842
4535.9000 1.01050234
4536.8000 1.10659409
4537.7000 1.18509889
4538.6000 1.1819979
4539.5000 1.14568365
4540.4000 1.1070261
4541.3000 1.10413432
4542.2000 1.1284337
4543.1000 1.14679921
4544.0000 1.13119507
4544.9000 1.09677887
4545.8000 1.08410859
4546.7000 1.09073019
4547.6000 1.09440517
4548.5000 1.07059765
4549.4000 1.017295
4550.3000 1.02416098
4551.2000 1.08655429
4552.1000 1.10796535
4553.0000 1.09046042
4553.9000 1.07754576
4554.8000 1.05787909
4555.7000 1.05980611
4556.6000 1.09537184
4557.5000 1.14718544
4558.4000 1.16265023
4559.3000 1.15941286
4560.2000 1.16647196
4561.1000 1.1849848
4562.0000 1.20087683
4562.9000 1.16900456
4563.8000 1.10766637
4564.7000 1.06334329
4565.6000 1.0558008
4566.5000 1.08984792
4567.4000 1.14354742
4568.3000 1.16397595
4569.2000 1.15967822
4570.1000 1.15920281
4571.0000 1.11212814
4571.9000 1.07174349
4572.8000 1.11278045
4573.7000 1.1704576
4574.6000 1.17456102
4575.5000 1.17024505
4576.4000 1.17384982
4577.3000 1.17698121
4578.2000 1.16555059
4579.1000 1.1230315
4580.0000 1.07085419
4580.9000 1.03868771
4581.8000 1.04260862
4582.7000 1.06188166
4583.6000 1.06381726
4584.5000 1.05017686
4585.4000 1.04670501
4586.3000 1.05507982
4587.2000 1.08761251
4588.1000 1.12299657
4589.0000 1.14037263
4589.9000 1.1373899
4590.8000 1.10861588
4591.7000 1.07626903
4592.6000 1.06463408
4593.5000 1.08393824
4594.4000 1.09714067
4595.3000 1.07546079
4596.2000 1.06211317
4597.1000 1.06816435
4598.0000 1.07385361
4598.9000 1.0918417
4599.8000 1.08776736
4600.7000 1.06019652
4601.6000 1.06954825
4602.5000 1.09816456
4603.4000 1.10880697
4604.3000 1.10479772
4605.2000 1.09125876
4606.1000 1.09883773
4607.0000 1.1289854
4607.9000 1.16133511
4608.8000 1.18385828
4609.7000 1.17802727
4610.6000 1.1508019
4611.5000 1.12887335
4612.4000 1.1202929
4613.3000 1.10984814
4614.2000 1.12183118
4615.1000 1.14378846
4616.0000 1.13387907
4616.9000 1.12673187
4617.8000 1.1278249
4618.7000 1.1133678
4619.6000 1.10809636
4620.5000 1.13064158
4621.4000 1.15144527
4622.3000 1.1441381
4623.2000 1.13576913
4624.1000 1.13589358
4625.0000 1.12363327
4625.9000 1.10966802
4626.8000 1.11595356
4627.7000 1.14014316
4628.6000 1.14247441
4629.5000 1.11810839
4630.4000 1.12107575
4631.3000 1.14443874
4632.2000 1.1391685
4633.1000 1.112854
4634.0000 1.10151649
4634.9000 1.10630965
4635.8000 1.10929918
4636.7000 1.09754705
4637.6000 1.07018173
4638.5000 1.06474495
4639.4000 1.07603037
4640.3000 1.08640313
4641.2000 1.10923338
4642.1000 1.12722635
4643.0000 1.11733043
4643.9000 1.09438908
4644.8000 1.07995951
4645.7000 1.05587304
4646.6000 1.01716661
4647.5000 0.99900317
4648.4000 1.0125128
4649.3000 1.04916716
4650.2000 1.09303737
4651.1000 1.11443663
4652.0000 1.12178409
4652.9000 1.13243639
4653.8000 1.11452055
4654.7000 1.08021021
4655.6000 1.07221496
4656.5000 1.07352602
4657.4000 1.09241033
4658.3000 1.13838136
4659.2000 1.17393255
4660.1000 1.17637122
4661.0000 1.15372741
4661.9000 1.12664044
4662.8000 1.09712648
4663.7000 1.0731405
4664.6000 1.07025945
4665.5000 1.05058706
4666.4000 0.97845513
4667.3000 0.90603322
4668.2000 0.91461945
4669.1000 0.98643583
4670.0000 1.05502355
4670.9000 1.09628999
4671.8000 1.09969056
4672.7000 1.0711416
4673.6000 1.05706394
4674.5000 1.07319725
4675.4000 1.11096168
4676.3000 1.14192867
4677.2000 1.13758373
4678.1000 1.08766961
4679.0000 1.04381478
4679.9000 1.03447783
4680.8000 1.03693044
4681.7000 1.04880655
4682.6000 1.07818818
4683.5000 1.11186326
4684.4000 1.11700439
4685.3000 1.11093104
4686.2000 1.11077213
4687.1000 1.11548173
4688.0000 1.10793734
4688.9000 1.10115159
4689.8000 1.094293
4690.7000 1.07825351
4691.6000 1.06062841
4692.5000 1.0725503
4693.4000 1.09516323
4694.3000 1.1124084
4695.2000 1.123649
4696.1000 1.13310623
4697.0000 1.12059677
4697.9000 1.08157837
4698.8000 1.03536212
4699.7000 1.03186822
4700.6000 1.04127622
4701.5000 1.02877986
4702.4000 0.99096316
4703.3000 0.97027212
4704.2000 1.01187599
4705.1000 1.06321824
4706.0000 1.07789397
4706.9000 1.05221283
4707.8000 1.01822662
4708.7000 1.00728869
4709.6000 1.01790893
4710.5000 1.05502939
4711.4000 1.09354639
4712.3000 1.09137213
4713.2000 1.07282197
4714.1000 1.03812706
4715.0000 1.03602993
4715.9000 1.08642566
4716.8000 1.12978852
4717.7000 1.1365149
4718.6000 1.13661015
4719.5000 1.1546694
4720.4000 1.15833998
4721.3000 1.14675426
4722.2000 1.13202214
4723.1000 1.13271797
4724.0000 1.14962685
4724.9000 1.16551614
4725.8000 1.1584878
4726.7000 1.10951424
4727.6000 1.05225277
4728.5000 1.03123486
4729.4000 1.03201866
4730.3000 1.03593612
4731.2000 1.04636085
4732.1000 1.06843269
4733.0000 1.09636021
4733.9000 1.10737026
4734.8000 1.11638212
4735.7000 1.10296774
4736.6000 1.0654906
4737.5000 1.07041705
4738.4000 1.12767398
4739.3000 1.14152288
4740.2000 1.11664379
4741.1000 1.09841716
4742.0000 1.11869991
4742.9000 1.14264715
4743.8000 1.14646637
4744.7000 1.13128924
4745.6000 1.12164605
4746.5000 1.13423812
4747.4000 1.14229858
4748.3000 1.13773143
4749.2000 1.13077354
4750.1000 1.1332221
4751.0000 1.12761617
4751.9000 1.10941589
4752.8000 1.09407568
4753.7000 1.08053637
4754.6000 1.05767822
4755.5000 1.05875325
4756.4000 1.06587279
4757.3000 1.08438468
4758.2000 1.11369824
4759.1000 1.13851845
4760.0000 1.1503973
4760.9000 1.12426007
4761.8000 1.06937206
4762.7000 1.04253399
4763.6000 1.04568958
4764.5000 1.04134226
4765.4000 1.02452636
4766.3000 1.02125037
4767.2000 1.05955637
4768.1000 1.09297287
4769.0000 1.1176312
4769.9000 1.13849127
4770.8000 1.12649953
4771.7000 1.09171093
4772.6000 1.09351563
4773.5000 1.12834537
4774.4000 1.16578043
4775.3000 1.16832626
4776.2000 1.15549982
4777.1000 1.16383922
4778.0000 1.18459332
4778.9000 1.17599905
4779.8000 1.15327966
4780.7000 1.16089094
4781.6000 1.16851199
4782.5000 1.14113581
4783.4000 1.10800135
4784.3000 1.11378586
4785.2000 1.12990582
4786.1000 1.09931433
4787.0000 1.07354295
4787.9000 1.09179986
4788.8000 1.09603918
4789.7000 1.08510149
4790.6000 1.10058415
4791.5000 1.11037624
4792.4000 1.1091578
4793.3000 1.1380204
4794.2000 1.18243039
4795.1000 1.19435132
4796.0000 1.18481469
4796.9000 1.16642118
4797.8000 1.1376338
4798.7000 1.10259676
4799.6000 1.08254313
4800.5000 1.08113956
4801.4000 1.10420942
4802.3000 1.13259697
4803.2000 1.1431812
4804.1000 1.1251179
4805.0000 1.09961367
4805.9000 1.09862876
4806.8000 1.10380721
4807.7000 1.08849072
4808.6000 1.08632708
4809.5000 1.1008724
4810.4000 1.11507273
4811.3000 1.12347579
4812.2000 1.13015413
4813.1000 1.12862086
4814.0000 1.13021827
4814.9000 1.13895965
4815.8000 1.1549139
4816.7000 1.16205943
4817.6000 1.15319848
4818.5000 1.1491344
4819.4000 1.15904903
4820.3000 1.15753996
4821.2000 1.14653087
4822.1000 1.12501359
4823.0000 1.07723033
4823.9000 1.04252338
4824.8000 1.06716192
4825.7000 1.11869073
4826.6000 1.14681911
4827.5000 1.13586056
4828.4000 1.10919905
4829.3000 1.08452165
4830.2000 1.08720338
4831.1000 1.09561503
4832.0000 1.08708513
4832.9000 1.09252203
4833.8000 1.10991263
4834.7000 1.11393631
4835.6000 1.11089468
4836.5000 1.11578989
4837.4000 1.11837089
4838.3000 1.0957799
4839.2000 1.05832624
4840.1000 1.03901422
4841.0000 1.05455434
4841.9000 1.07555115
4842.8000 1.07056224
4843.7000 1.06570303
4844.6000 1.0868504
4845.5000 1.10890782
4846.4000 1.11582458
4847.3000 1.09902108
4848.2000 1.06622398
4849.1000 1.05165458
4850.0000 1.06882048
4850.9000 1.09165227
4851.8000 1.09220469
4852.7000 1.08017683
4853.6000 1.0588125
4854.5000 1.00431228
4855.4000 0.94360059
4856.3000 0.93365604
4857.2000 0.95978105
4858.1000 0.95362979
4859.0000 0.88646483
4859.9000 0.77063262
4860.8000 0.65197784
4861.7000 0.61871302
4862.6000 0.71265996
4863.5000 0.83215606
4864.4000 0.89897788
4865.3000 0.94081885
4866.2000 0.97677493
4867.1000 1.0034461
4868.0000 1.01665294
4868.9000 1.02507925
4869.8000 1.01113629
4870.7000 0.95238662
4871.6000 0.90183455
4872.5000 0.92166209
4873.4000 0.98252851
4874.3000 1.02138019
4875.2000 1.03369009
4876.1000 1.04246378
4877.0000 1.04613173
4877.9000 1.04522884
4878.8000 1.07354879
4879.7000 1.12220383
4880.6000 1.12278676
4881.5000 1.08485019
4882.4000 1.07380986
4883.3000 1.08300817
4884.2000 1.06889653
4885.1000 1.03481805
4886.0000 1.01273084
4886.9000 1.01674032
4887.8000 1.02707875
4888.7000 1.02501202
4889.6000 1.00647962
4890.5000 0.95998549
4891.4000 0.93483001
4892.3000 0.99381989
4893.2000 1.08643901
4894.1000 1.14201856
4895.0000 1.16116405
4895.9000 1.15696836
4896.8000 1.14430785
4897.7000 1.14240777
4898.6000 1.1400795
4899.5000 1.11948931
4900.4000 1.10400724
4901.3000 1.11183321
4902.2000 1.11049235
4903.1000 1.08094215
4904.0000 1.06323004
4904.9000 1.08840227
4905.8000 1.13060582
4906.7000 1.14312327
4907.6000 1.12287259
4908.5000 1.09293723
4909.4000 1.0420717
4910.3000 0.99387789
4911.2000 0.99886429
4912.1000 1.0447681
4913.0000 1.08385599
4913.9000 1.10498321
4914.8000 1.12534344
4915.7000 1.13983893
4916.6000 1.12000644
4917.5000 1.05740786
4918.4000 0.97540522
4919.3000 0.91174155
4920.2000 0.89147657
4921.1000 0.92807758
4922.0000 0.99601251
4922.9000 1.02963197
4923.8000 1.01566339
4924.7000 1.01084495
4925.6000 1.05281699
4926.5000 1.10253453
4927.4000 1.11351359
4928.3000 1.11208761
4929.2000 1.12807465
4930.1000 1.13148558
4931.0000 1.12789524
4931.9000 1.12143469
4932.8000 1.07610059
4933.7000 1.0196656
4934.6000 1.0269295
4935.5000 1.07545996
4936.4000 1.07798135
4937.3000 1.0350157
4938.2000 0.98438001
4939.1000 0.96578658
4940.0000 1.01284635
4940.9000 1.08701658
4941.8000 1.12359548
4942.7000 1.13073599
4943.6000 1.14281917
4944.5000 1.14083886
4945.4000 1.10880291
4946.3000 1.08590937
4947.2000 1.10696483
4948.1000 1.13681638
4949.0000 1.13969028
4949.9000 1.12403977
4950.8000 1.12464797
4951.7000 1.12910652
4952.6000 1.11751986
4953.5000 1.11197913
4954.4000 1.11628723
4955.3000 1.11700261
4956.2000 1.06485808
4957.1000 0.95184159
4958.0000 0.91912895
4958.9000 1.02264297
4959.8000 1.1205287
4960.7000 1.15004516
4961.6000 1.14171779
4962.5000 1.13539374
4963.4000 1.14460671
4964.3000 1.13877714
4965.2000 1.10500634
4966.1000 1.08340979
4967.0000 1.08629477
4967.9000 1.08633804
4968.8000 1.07978356
4969.7000 1.07768428
4970.6000 1.07409227
4971.5000 1.08992696
4972.4000 1.11623561
4973.3000 1.12661123
4974.2000 1.13574743
4975.1000 1.13416934
4976.0000 1.1187942
4976.9000 1.10434771
4977.8000 1.08221257
4978.7000 1.05844283
4979.6000 1.05591297
4980.5000 1.05674016
4981.4000 1.0263114
4982.3000 0.95547962
4983.2000 0.91023147
4984.1000 0.9297592
4985.0000 0.97700602
4985.9000 1.01906776
4986.8000 1.07859492
4987.7000 1.11748362
4988.6000 1.11334085
4989.5000 1.09264147
4990.4000 1.07382488
4991.3000 1.0598495
4992.2000 1.07630563
4993.1000 1.08118892
4994.0000 1.06569588
4994.9000 1.07743633
4995.8000 1.09354377
4996.7000 1.09413207
4997.6000 1.09198427
4998.5000 1.07868803
4999.4000 1.04665518
5000.3000 1.02021778
5001.2000 1.00352728
5002.1000 1.00264096
5003.0000 1.01815188
5003.9000 1.02951086
5004.8000 1.01017749
5005.7000 0.95790249
5006.6000 0.938658
5007.5000 0.9873817
5008.4000 1.05960691
5009.3000 1.09088492
5010.2000 1.07753074
5011.1000 1.04421699
5012.0000 0.99386346
5012.9000 0.9560653
5013.8000 0.94771683
5014.7000 0.9641878
5015.6000 1.00275373
5016.5000 1.01140583
5017.4000 0.97629946
5018.3000 0.94733477
5019.2000 0.97591162
5020.1000 1.02248847
5021.0000 1.0343672
5021.9000 1.0085429
5022.8000 1.00122309
5023.7000 1.03085029
5024.6000 1.05947042
5025.5000 1.0615797
5026.4000 1.04114807
5027.3000 0.99798745
5028.2000 0.99702716
5029.1000 1.0434128
5030.0000 1.0721885
5030.9000 1.07820606
5031.8000 1.0898627
5032.7000 1.11462319
5033.6000 1.126858
5034.5000 1.09986842
5035.4000 1.03127015
5036.3000 0.99581945
5037.2000 1.02591157
5038.1000 1.03888404
5039.0000 1.00242054
5039.9000 0.95434356
5040.8000 0.89214271
5041.7000 0.88470149
5042.6000 0.97111356
5043.5000 1.06238449
5044.4000 1.0985086
5045.3000 1.12451625
5046.2000 1.13827848
5047.1000 1.10927808
5048.0000 1.05026627
5048.9000 1.00810778
5049.8000 1.01216578
5050.7000 1.03057456
5051.6000 1.02586257
5052.5000 1.03255641
5053.4000 1.06435907
5054.3000 1.08474827
5055.2000 1.09190655
5056.1000 1.09183252
5057.0000 1.08794689
5057.9000 1.08960927
5058.8000 1.10275805
5059.7000 1.1098305
5060.6000 1.1134907
5061.5000 1.12070346
5062.4000 1.12178957
5063.3000 1.1070323
5064.2000 1.05406022
5065.1000 1.00059223
5066.0000 1.01248717
5066.9000 1.04154086
5067.8000 1.04267466
5068.7000 1.04425049
5069.6000 1.06515765
5070.5000 1.08161962
5071.4000 1.05787277
5072.3000 1.02306545
5073.2000 1.02810729
5074.1000 1.04805148
5075.0000 1.03532255
5075.9000 1.0335561
5076.8000 1.05815065
5077.7000 1.06827271
5078.6000 1.01227021
5079.5000 0.92849314
5080.4000 0.91313189
5081.3000 0.96061552
5082.2000 1.00720322
5083.1000 1.01158524
5084.0000 1.00911474
5084.9000 1.04666495
5085.8000 1.07414198
5086.7000 1.07257712
5087.6000 1.0625174
5088.5000 1.05683196
5089.4000 1.06370282
5090.3000 1.07342839
5091.2000 1.07082939
5092.1000 1.08207333
5093.0000 1.09843671
5093.9000 1.10149658
5094.8000 1.09059012
5095.7000 1.07438636
5096.6000 1.03607988
5097.5000 0.985771
5098.4000 0.94287831
5099.3000 0.92669439
5100.2000 0.98192602
5101.1000 1.05362558
5102.0000 1.0868988
5102.9000 1.08010244
5103.8000 1.06306398
5104.7000 1.04839885
5105.6000 1.04339612
5106.5000 1.03467679
5107.4000 1.01101983
5108.3000 1.00504577
5109.2000 1.01147175
5110.1000 1.00049102
5111.0000 1.02114606
5111.9000 1.06657398
5112.8000 1.09220695
5113.7000 1.0924958
5114.6000 1.08309364
5115.5000 1.07288253
5116.4000 1.08028376
5117.3000 1.09913433
5118.2000 1.10894227
5119.1000 1.10677218
5120.0000 1.08631003
5120.9000 1.06156671
5121.8000 1.04183459
5122.7000 1.02166665
5123.6000 0.9946537
5124.5000 0.97353321
5125.4000 0.97301245
5126.3000 0.99031556
5127.2000 1.0089097
5128.1000 1.01069999
5129.0000 1.00358546
5129.9000 1.00504565
5130.8000 1.01467264
5131.7000 1.0172683
5132.6000 1.01486325
5133.5000 1.01105464
5134.4000 1.02778733
5135.3000 1.05862391
5136.2000 1.04077172
5137.1000 0.99343753
5138.0000 0.97391278
5138.9000 0.95651144
5139.8000 0.95280093
5140.7000 0.99458152
5141.6000 0.98945993
5142.5000 0.94617623
5143.4000 0.96126819
5144.3000 1.01365542
5145.2000 1.02086806
5146.1000 0.99743783
5147.0000 0.98031443
5147.9000 0.98013484
5148.8000 1.00199139
5149.7000 1.03274906
5150.6000 1.02304101
5151.5000 0.99984819
5152.4000 1.00027895
5153.3000 1.00605977
5154.2000 0.99746376
5155.1000 1.00215328
5156.0000 1.0195204
5156.9000 1.04296303
5157.8000 1.06404102
5158.7000 1.06939924
5159.6000 1.06372869
5160.5000 1.06108546
5161.4000 1.03535783
5162.3000 1.00508308
5163.2000 1.00572634
5164.1000 1.00692582
5165.0000 0.96524721
5165.9000 0.88981265
5166.8000 0.79148322
5167.7000 0.73328
5168.6000 0.77235967
5169.5000 0.86597824
5170.4000 0.92407924
5171.3000 0.85486978
5172.2000 0.72581983
5173.1000 0.71059501
5174.0000 0.84394985
5174.9000 0.98856521
5175.8000 1.04934394
5176.7000 1.05616629
5177.6000 1.06634367
5178.5000 1.07866609
5179.4000 1.07112074
5180.3000 1.04776549
5181.2000 0.9996196
5182.1000 0.89403075
5183.0000 0.73830414
5183.9000 0.66364682
5184.8000 0.7652359
5185.7000 0.92458516
5186.6000 1.01166785
5187.5000 1.01909196
5188.4000 0.99696469
5189.3000 1.00926054
5190.2000 1.03596008
5191.1000 0.99415982
5192.0000 0.92833745
5192.9000 0.93612915
5193.8000 0.98767704
5194.7000 0.9912796
5195.6000 0.96677262
5196.5000 0.97201324
5197.4000 0.99585927
5198.3000 1.00989151
5199.2000 1.03496242
5200.1000 1.06167984
5201.0000 1.05904496
5201.9000 1.04082346
5202.8000 1.03413188
5203.7000 1.02758026
5204.6000 0.9828248
5205.5000 0.94299942
5206.4000 0.95345491
5207.3000 0.97015882
5208.2000 0.95124972
5209.1000 0.95384574
5210.0000 0.99826312
5210.9000 1.03011119
5211.8000 1.05364823
5212.7000 1.06888402
5213.6000 1.06138539
5214.5000 1.02271605
5215.4000 0.97273946
5216.3000 0.95092928
5217.2000 0.96492738
5218.1000 1.00281179
5219.0000 1.04631865
5219.9000 1.06953478
5220.8000 1.07400167
5221.7000 1.07158267
5222.6000 1.06065691
5223.5000 1.03571141
5224.4000 0.99702281
5225.3000 0.94168264
5226.2000 0.87517446
5227.1000 0.84718758
5228.0000 0.90253079
5228.9000 0.98218918
5229.8000 1.01693928
5230.7000 1.02909625
5231.6000 1.0232048
5232.5000 0.97720188
5233.4000 0.94715452
5234.3000 0.95932138
5235.2000 0.97459912
5236.1000 0.99909842
5237.0000 1.03232193
5237.9000 1.05565202
5238.8000 1.06030536
5239.7000 1.05036449
5240.6000 1.04791796
5241.5000 1.04795969
5242.4000 1.0287478
5243.3000 1.02225029
5244.2000 1.04844463
5245.1000 1.07494235
5246.0000 1.06638551
5246.9000 1.03403103
5247.8000 1.01700187
5248.7000 1.01948225
5249.6000 1.00867176
5250.5000 0.99605811
5251.4000 1.01084137
5252.3000 1.03464258
5253.2000 1.03413367
5254.1000 1.0076108
5255.0000 0.99132752
5255.9000 1.01393509
5256.8000 1.05674815
5257.7000 1.07740057
5258.6000 1.07841063
5259.5000 1.06850314
5260.4000 1.04619598
5261.3000 1.00486696
5262.2000 0.95218021
5263.1000 0.90737271
5264.0000 0.87695199
5264.9000 0.85640812
5265.8000 0.8487249
5266.7000 0.87880224
5267.6000 0.93013847
5268.5000 0.91177189
5269.4000 0.83434922
5270.3000 0.824
5271.2000 0.90692556
5272.1000 0.97364092
5273.0000 0.97501093
5273.9000 0.95989907
5274.8000 0.94224817
5275.7000 0.93557733
5276.6000 0.98379576
5277.5000 1.05036223
5278.4000 1.06883061
5279.3000 1.04772711
5280.2000 1.01668775
5281.1000 0.98935753
5282.0000 0.97388351
5282.9000 0.95985776
5283.8000 0.95016778
5284.7000 0.97651404
5285.6000 1.03712153
5286.5000 1.07821
5287.4000 1.08139479
5288.3000 1.07034087
5289.2000 1.07374275
5290.1000 1.08761787
5291.0000 1.09193385
5291.9000 1.08139002
5292.8000 1.06602454
5293.7000 1.05973065
5294.6000 1.05961633
5295.5000 1.0461216
5296.4000 1.00711536
5297.3000 0.95397598
5298.2000 0.9348675
5299.1000 0.97625512
5300.0000 1.02590036
5300.9000 1.03109014
5301.8000 1.01567554
5302.7000 1.01963794
5303.6000 1.05019093
5304.5000 1.07312036
5305.4000 1.07075262
5306.3000 1.05329871
5307.2000 1.04024601
5308.1000 1.04478681
5309.0000 1.06089389
5309.9000 1.07151055
5310.8000 1.07371438
5311.7000 1.06766939
5312.6000 1.05656159
5313.5000 1.04891098
5314.4000 1.04592109
5315.3000 1.02818835
5316.2000 1.00071442
5317.1000 0.99513566
5318.0000 1.02085161
5318.9000 1.04396641
5319.8000 1.04537547
5320.7000 1.0397706
5321.6000 1.02962029
5322.5000 1.01371264
5323.4000 0.97975159
5324.3000 0.94776154
5325.2000 0.95844036
5326.1000 0.97567707
5327.0000 0.93373322
5327.9000 0.85714757
5328.8000 0.84299105
5329.7000 0.92161667
5330.6000 1.00458598
5331.5000 1.03095019
5332.4000 1.01730311
5333.3000 1.01174235
5334.2000 1.03050911
5335.1000 1.04770947
5336.0000 1.04405272
5336.9000 1.02813399
5337.8000 1.0226264
5338.7000 1.00926971
5339.6000 0.9691478
5340.5000 0.93813914
5341.4000 0.95515227
5342.3000 0.99858534
5343.2000 1.02617478
5344.1000 1.0312171
5345.0000 1.02273989
5345.9000 1.00902617
5346.8000 1.01007938
5347.7000 1.0119698
5348.6000 0.99523896
5349.5000 0.98566502
5350.4000 1.00851822
5351.3000 1.03841519
5352.2000 1.04205573
5353.1000 1.03316152
5354.0000 1.04104352
5354.9000 1.06407297
5355.8000 1.07731616
5356.7000 1.07569623
5357.6000 1.07271326
5358.5000 1.07104242
5359.4000 1.06483662
5360.3000 1.05022848
5361.2000 1.02965343
5362.1000 1.01197505
5363.0000 1.00230753
5363.9000 0.99498886
5364.8000 0.98134536
5365.7000 0.97720891
5366.6000 0.98560721
5367.5000 0.98394299
5368.4000 0.97520137
5369.3000 0.9506216
5370.2000 0.91373473
5371.1000 0.90404058
5372.0000 0.93866557
5372.9000 0.99004859
5373.8000 1.02355361
5374.7000 1.04125476
5375.6000 1.04956269
5376.5000 1.04111207
5377.4000 1.03004909
5378.3000 1.0260191
5379.2000 1.01854861
5380.1000 1.00719869
5381.0000 1.00241566
5381.9000 0.99819469
5382.8000 0.98529798
5383.7000 0.9882338
5384.6000 1.01943934
5385.5000 1.03966093
5386.4000 1.03802395
5387.3000 1.03103817
5388.2000 1.01913118
5389.1000 1.00314677
5390.0000 0.98953927
5390.9000 0.98162931
5391.8000 0.97540945
5392.7000 0.97388148
5393.6000 0.97935617
5394.5000 0.99169999
5395.4000 0.99427688
5396.3000 0.9673956
5397.2000 0.94254863
5398.1000 0.95556223
5399.0000 0.98170406
5399.9000 0.98764384
5400.8000 0.99028486
5401.7000 1.00368583
5402.6000 0.99728519
5403.5000 0.94668049
5404.4000 0.89537406
5405.3000 0.88739413
5406.2000 0.918634
5407.1000 0.96255904
5408.0000 0.98516053
5408.9000 0.97159612
5409.8000 0.94275969
5410.7000 0.94170755
5411.6000 0.97678351
5412.5000 1.00581014
5413.4000 1.00310695
5414.3000 0.98277962
5415.2000 0.97759736
5416.1000 1.00184333
5417.0000 1.02620733
5417.9000 1.02814364
5418.8000 1.0155015
5419.7000 1.00168562
5420.6000 0.99264228
5421.5000 0.99940759
5422.4000 1.00203311
5423.3000 0.97208637
5424.2000 0.94573116
5425.1000 0.97046357
5426.0000 1.02173841
5426.9000 1.05022395
5427.8000 1.03414094
5428.7000 0.9751116
5429.6000 0.93225366
5430.5000 0.95899153
5431.4000 1.0003407
5432.3000 0.99896234
5433.2000 0.97179002
5434.1000 0.95217794
5435.0000 0.95218343
5435.9000 0.96660018
5436.8000 0.99220222
5437.7000 1.02255678
5438.6000 1.04408956
5439.5000 1.05138409
5440.4000 1.05021489
5441.3000 1.04495752
5442.2000 1.04547465
5443.1000 1.0404613
5444.0000 1.01348829
5444.9000 0.97255099
5445.8000 0.93455714
5446.7000 0.91915739
5447.6000 0.95343465
5448.5000 1.00985503
5449.4000 1.0398258
5450.3000 1.04051173
5451.2000 1.03206909
5452.1000 1.0268302
5453.0000 1.01590574
5453.9000 0.98544389
5454.8000 0.93840075
5455.7000 0.92289615
5456.6000 0.96711153
5457.5000 1.01811457
5458.4000 1.03727186
5459.3000 1.03676128
5460.2000 1.02854586
5461.1000 1.00732279
5462.0000 0.9674421
5462.9000 0.93486041
5463.8000 0.94642347
5464.7000 0.98360765
5465.6000 0.99765664
5466.5000 0.99412853
5467.4000 1.00167501
5468.3000 1.01347005
5469.2000 1.01334786
5470.1000 1.00507605
5471.0000 1.00171649
5471.9000 0.99911356
5472.8000 0.98770106
5473.7000 0.97855115
5474.6000 0.96993506
5475.5000 0.93340385
5476.4000 0.88807613
5477.3000 0.8971318
5478.2000 0.95170176
5479.1000 0.98568845
5480.0000 0.97425944
5480.9000 0.94700176
5481.8000 0.94526565
5482.7000 0.96785963
5483.6000 0.99227345
5484.5000 1.01496637
5485.4000 1.01851249
5486.3000 0.99451321
5487.2000 0.96602118
5488.1000 0.95999289
5489.0000 0.97732961
5489.9000 0.9953016
5490.8000 1.00475001
5491.7000 1.00626647
5492.6000 0.99412662
5493.5000 0.9793613
5494.4000 0.98039067
5495.3000 0.99219418
5496.2000 0.99088407
5497.1000 0.9775902
5498.0000 0.98299372
5498.9000 1.00517511
5499.8000 1.00990164
5500.7000 0.9865368
5501.6000 0.95909363
5502.5000 0.95366466
5503.4000 0.96763784
5504.3000 0.98067135
5505.2000 0.97671205
5506.1000 0.96074784
5507.0000 0.9622997
5507.9000 0.98007917
5508.8000 0.98629284
5509.7000 0.97910535
5510.6000 0.97131652
5511.5000 0.95942509
5512.4000 0.94406039
5513.3000 0.94422626
5514.2000 0.96275371
5515.1000 0.9810943
5516.0000 0.9872337
5516.9000 0.98948151
5517.8000 0.99966425
5518.7000 1.0088439
5519.6000 1.00666237
5520.5000 1.00100172
5521.4000 0.9974494
5522.3000 0.99715543
5523.2000 1.00025594
5524.1000 0.99822503
5525.0000 0.98548925
5525.9000 0.96654594
5526.8000 0.93792832
5527.7000 0.90703058
5528.6000 0.9064647
5529.5000 0.94305509
5530.4000 0.98249465
5531.3000 0.99692494
5532.2000 0.99333292
5533.1000 0.98504412
5534.0000 0.9707405
5534.9000 0.95478517
5535.8000 0.95920098
5536.7000 0.98092198
5537.6000 0.99261343
5538.5000 0.99089962
5539.4000 0.99275184
5540.3000 0.99814361
5541.2000 0.99892092
5542.1000 0.98988008
5543.0000 0.97219539
5543.9000 0.96769524
5544.8000 0.97753614
5545.7000 0.98385251
5546.6000 0.98575872
5547.5000 0.99312186
5548.4000 1.00328767
5549.3000 1.00776732
5550.2000 1.00857258
5551.1000 1.00731337
5552.0000 0.99593025
5552.9000 0.98202109
5553.8000 0.9652651
5554.7000 0.96277428
5555.6000 0.97926974
5556.5000 0.99238104
5557.4000 0.99189603
5558.3000 0.98780429
5559.2000 0.98644
5560.1000 0.98546791
5561.0000 0.97654027
5561.9000 0.96146441
5562.8000 0.94904894
5563.7000 0.95252466
5564.6000 0.95677477
5565.5000 0.95001739
5566.4000 0.94724268
5567.3000 0.95042592
5568.2000 0.95077223
5569.1000 0.94713515
5570.0000 0.95220613
5570.9000 0.96041417
5571.8000 0.94096291
5572.7000 0.91862518
5573.6000 0.93253374
5574.5000 0.96187443
5575.4000 0.96628058
5576.3000 0.96270746
5577.2000 0.97220141
5578.1000 0.97702658
5579.0000 0.98062611
5579.9000 0.98364609
5580.8000 0.9782474
5581.7000 0.96981555
5582.6000 0.9719606
5583.5000 0.97778594
5584.4000 0.97107697
5585.3000 0.94510669
5586.2000 0.90367258
5587.1000 0.87181771
5588.0000 0.86728144
5588.9000 0.8824358
5589.8000 0.90882468
5590.7000 0.93664163
5591.6000 0.94788516
5592.5000 0.94683856
5593.4000 0.93487281
5594.3000 0.9229089
5595.2000 0.94528568
5596.1000 0.97918183
5597.0000 0.97483975
5597.9000 0.94321573
5598.8000 0.92828494
5599.7000 0.93487293
5600.6000 0.92764503
5601.5000 0.90384114
5602.4000 0.89561218
5603.3000 0.92219114
5604.2000 0.96857148
5605.1000 1.00046468
5606.0000 1.00701272
5606.9000 1.00321341
5607.8000 0.99667901
5608.7000 0.99453527
5609.6000 1.001266
5610.5000 1.00606894
5611.4000 1.00774765
5612.3000 1.00471163
5613.2000 0.99146688
5614.1000 0.9410919
5615.0000 0.87569487
5615.9000 0.86691129
5616.8000 0.91240489
5617.7000 0.94873685
5618.6000 0.9574126
5619.5000 0.95548624
5620.4000 0.96363753
5621.3000 0.97583395
5622.2000 0.97564107
5623.1000 0.95471334
5624.0000 0.92029703
5624.9000 0.91308075
5625.8000 0.94178009
5626.7000 0.96869218
5627.6000 0.97500211
5628.5000 0.97782218
5629.4000 0.98952419
5630.3000 0.99645627
5631.2000 0.99415296
5632.1000 0.98561883
5633.0000 0.97235298
5633.9000 0.96037704
5634.8000 0.95507276
5635.7000 0.94959831
5636.6000 0.93816352
5637.5000 0.93270707
5638.4000 0.94345844
5639.3000 0.95675981
5640.2000 0.95016813
5641.1000 0.93404466
5642.0000 0.93524998
5642.9000 0.94590473
5643.8000 0.95244592
5644.7000 0.95960319
5645.6000 0.97052616
5646.5000 0.98131186
5647.4000 0.98515892
5648.3000 0.97530842
5649.2000 0.95818579
5650.1000 0.94713444
5651.0000 0.95298094
5651.9000 0.96769005
5652.8000 0.96666855
5653.7000 0.94396269
5654.6000 0.92256325
5655.5000 0.92631561
5656.4000 0.93776596
5657.3000 0.91786927
5658.2000 0.87764412
5659.1000 0.87809354
5660.0000 0.91905779
5660.9000 0.9411062
5661.8000 0.9323926
5662.7000 0.9264583
5663.6000 0.9412061
5664.5000 0.96244663
5665.4000 0.96542126
5666.3000 0.95173162
5667.2000 0.94286186
5668.1000 0.94431263
5669.0000 0.9499315
5669.9000 0.95871884
5670.8000 0.97058272
5671.7000 0.9825815
5672.6000 0.98853981
5673.5000 0.98594648
5674.4000 0.97213936
5675.3000 0.96034795
5676.2000 0.96938759
5677.1000 0.98001373
5678.0000 0.97443408
5678.9000 0.96558124
5679.8000 0.96614724
5680.7000 0.96550453
5681.6000 0.94582927
5682.5000 0.92264062
5683.4000 0.92091113
5684.3000 0.93434334
5685.2000 0.9424082
5686.1000 0.93694901
5687.0000 0.9255138
5687.9000 0.92061436
5688.8000 0.93028742
5689.7000 0.94711459
5690.6000 0.95794022
5691.5000 0.96618664
5692.4000 0.97373289
5693.3000 0.97092569
5694.2000 0.96243358
5695.1000 0.96238017
5696.0000 0.97402388
5696.9000 0.98063171
5697.8000 0.96872741
5698.7000 0.95888042
5699.6000 0.95295393
5700.5000 0.93687648
5701.4000 0.9291302
5702.3000 0.94295382
5703.2000 0.95990574
5704.1000 0.95632488
5705.0000 0.93617254
5705.9000 0.92033178
5706.8000 0.9130013
5707.7000 0.90018189
5708.6000 0.88140512
5709.5000 0.87562352
5710.4000 0.8796159
5711.3000 0.88394099
5712.2000 0.90515649
5713.1000 0.9354412
5714.0000 0.94957292
5714.9000 0.95209765
5715.8000 0.95673651
5716.7000 0.95857251
5717.6000 0.9552905
5718.5000 0.95923805
5719.4000 0.97058588
5720.3000 0.97794706
5721.2000 0.98321378
5722.1000 0.98718041
5723.0000 0.98687053
5723.9000 0.98589265
5724.8000 0.98609978
5725.7000 0.98608685
5726.6000 0.98288757
5727.5000 0.98140013
5728.4000 0.98599917
5729.3000 0.98678881
5730.2000 0.97893435
5731.1000 0.96357906
5732.0000 0.9571135
5732.9000 0.96644396
5733.8000 0.97899097
5734.7000 0.98622239
5735.6000 0.98302203
5736.5000 0.97858727
5737.4000 0.97793287
5738.3000 0.97580993
5739.2000 0.97784877
5740.1000 0.98140234
5741.0000 0.97761929
5741.9000 0.97086453
5742.8000 0.96905357
5743.7000 0.97396493
5744.6000 0.97841454
5745.5000 0.97997856
5746.4000 0.96999508
5747.3000 0.95073247
5748.2000 0.94591808
5749.1000 0.9570694
5750.0000 0.96871364
5750.9000 0.96679664
5751.8000 0.94237506
5752.7000 0.91202968
5753.6000 0.8985849
5754.5000 0.91359985
5755.4000 0.94563931
5756.3000 0.96720767
5757.2000 0.97629374
5758.1000 0.9799332
5759.0000 0.97497493
5759.9000 0.96084464
5760.8000 0.94100583
5761.7000 0.92335671
5762.6000 0.9173702
5763.5000 0.93546748
5764.4000 0.96730453
5765.3000 0.98343062
5766.2000 0.98647434
5767.1000 0.98690444
5768.0000 0.98388553
5768.9000 0.97952801
5769.8000 0.9756164
5770.7000 0.96787465
5771.6000 0.95897126
5772.5000 0.95596296
5773.4000 0.95835221
5774.3000 0.95547128
5775.2000 0.95724094
5776.1000 0.96692669
5777.0000 0.9747175
5777.9000 0.97536498
5778.8000 0.96693116
5779.7000 0.94581324
5780.6000 0.92004418
5781.5000 0.90444028
5782.4000 0.90950722
5783.3000 0.91955543
5784.2000 0.91178113
5785.1000 0.90209293
5786.0000 0.91225713
5786.9000 0.93314713
5787.8000 0.94464791
5788.7000 0.94937044
5789.6000 0.94765139
5790.5000 0.93572944
5791.4000 0.92987448
5792.3000 0.9347232
5793.2000 0.94234627
5794.1000 0.95175129
5795.0000 0.95950651
5795.9000 0.95763803
5796.8000 0.94953513
5797.7000 0.94070154
5798.6000 0.9416101
5799.5000 0.95587903
5800.4000 0.96653455
5801.3000 0.9702782
5802.2000 0.97124708
5803.1000 0.9634186
5804.0000 0.94429559
5804.9000 0.93003064
5805.8000 0.92824048
5806.7000 0.93533522
5807.6000 0.94326031
5808.5000 0.94686323
5809.4000 0.95181835
5810.3000 0.9595443
5811.2000 0.96340358
5812.1000 0.96364528
5813.0000 0.96295476
5813.9000 0.95915848
5814.8000 0.94414574
5815.7000 0.92688179
5816.6000 0.92929542
5817.5000 0.94978219
5818.4000 0.96448505
5819.3000 0.97085625
5820.2000 0.97368675
5821.1000 0.97300243
5822.0000 0.96792871
5822.9000 0.96539807
5823.8000 0.96657133
5824.7000 0.96681315
5825.6000 0.96717864
5826.5000 0.96702391
5827.4000 0.96761084
5828.3000 0.96858436
5829.2000 0.96851522
5830.1000 0.96500963
5831.0000 0.96220773
5831.9000 0.95977336
5832.8000 0.95920968
5833.7000 0.95785683
5834.6000 0.95410329
5835.5000 0.95788062
5836.4000 0.9607181
5837.3000 0.95595491
5838.2000 0.9541356
5839.1000 0.95756942
5840.0000 0.96240771
5840.9000 0.96448833
5841.8000 0.96423447
5842.7000 0.96523255
5843.6000 0.96115041
5844.5000 0.95564932
5845.4000 0.9547618
5846.3000 0.95125836
5847.2000 0.94421953
5848.1000 0.93972039
5849.0000 0.94287747
5849.9000 0.95034897
5850.8000 0.95269579
5851.7000 0.94680303
5852.6000 0.9341833
5853.5000 0.92541528
5854.4000 0.92296606
5855.3000 0.92040604
5856.2000 0.90823174
5857.1000 0.88485676
5858.0000 0.87897342
5858.9000 0.89798653
5859.8000 0.91926795
5860.7000 0.93105358
5861.6000 0.9283455
5862.5000 0.92151636
5863.4000 0.93170732
5864.3000 0.94946021
5865.2000 0.9513067
5866.1000 0.93805587
5867.0000 0.9292475
5867.9000 0.93304497
5868.8000 0.94014728
5869.7000 0.94769853
5870.6000 0.95233506
5871.5000 0.95181721
5872.4000 0.94751513
5873.3000 0.94487906
5874.2000 0.95063931
5875.1000 0.95555884
5876.0000 0.95399392
5876.9000 0.94940954
5877.8000 0.94503945
5878.7000 0.94167382
5879.6000 0.93951613
5880.5000 0.93979734
5881.4000 0.94207317
5882.3000 0.94263005
5883.2000 0.93525618
5884.1000 0.92519003
5885.0000 0.92691171
5885.9000 0.9374463
5886.8000 0.93950182
5887.7000 0.91379046
5888.6000 0.83967757
5889.5000 0.74803191
5890.4000 0.73134601
5891.3000 0.80364734
5892.2000 0.87429649
5893.1000 0.89549851
5894.0000 0.88092518
5894.9000 0.82911396
5895.8000 0.77809149
5896.7000 0.79903853
5897.6000 0.86483622
5898.5000 0.90323985
5899.4000 0.91701448
5900.3000 0.93086803
5901.2000 0.94232023
5902.1000 0.94507021
5903.0000 0.9429512
5903.9000 0.93638235
5904.8000 0.92517412
5905.7000 0.91862613
5906.6000 0.92135555
5907.5000 0.93303579
5908.4000 0.94168949
5909.3000 0.93776661
5910.2000 0.93561274
5911.1000 0.9418456
5912.0000 0.94293088
5912.9000 0.92718107
5913.8000 0.90604854
5914.7000 0.90258676
5915.6000 0.91144162
5916.5000 0.91890168
5917.4000 0.9266845
5918.3000 0.93559992
5919.2000 0.94715768
5920.1000 0.9537397
5921.0000 0.95030177
5921.9000 0.94463891
5922.8000 0.94306743
5923.7000 0.94559395
5924.6000 0.94683915
5925.5000 0.9463138
5926.4000 0.94280255
5927.3000 0.9302792
5928.2000 0.9166761
5929.1000 0.90556437
5930.0000 0.89772058
5930.9000 0.90538412
5931.8000 0.92564654
5932.7000 0.93700665
5933.6000 0.92878246
5934.5000 0.91906786
5935.4000 0.9228543
5936.3000 0.93308169
5937.2000 0.93990326
5938.1000 0.94183379
5939.0000 0.93828762
5939.9000 0.93038613
5940.8000 0.92377627
5941.7000 0.92377412
5942.6000 0.9293983
5943.5000 0.93423671
5944.4000 0.93726462
5945.3000 0.93777698
5946.2000 0.93563008
5947.1000 0.92238408
5948.0000 0.90052879
5948.9000 0.8936373
5949.8000 0.90941304
5950.7000 0.92386651
5951.6000 0.91775584
5952.5000 0.90320569
5953.4000 0.90239662
5954.3000 0.91678274
5955.2000 0.92833704
5956.1000 0.92513323
5957.0000 0.9184972
5957.9000 0.92158663
5958.8000 0.92754054
5959.7000 0.93146932
5960.6000 0.93414599
5961.5000 0.93432754
5962.4000 0.93392467
5963.3000 0.93499321
5964.2000 0.93544173
5965.1000 0.93251973
5966.0000 0.92945147
5966.9000 0.93228894
5967.8000 0.93785083
5968.7000 0.94045299
5969.6000 0.9406454
5970.5000 0.9433971
5971.4000 0.94817483
5972.3000 0.94804382
5973.2000 0.94198561
5974.1000 0.93323797
5975.0000 0.92270702
5975.9000 0.91187865
5976.8000 0.90747553
5977.7000 0.91294199
5978.6000 0.92170042
5979.5000 0.92927748
5980.4000 0.93567258
5981.3000 0.93476838
5982.2000 0.92490464
5983.1000 0.90558618
5984.0000 0.88476175
5984.9000 0.88027406
5985.8000 0.89016312
5986.7000 0.89664418
5987.6000 0.89991182
5988.5000 0.91055399
5989.4000 0.92049479
5990.3000 0.9192633
5991.2000 0.9148522
5992.1000 0.91530931
5993.0000 0.91845882
5993.9000 0.92017674
5994.8000 0.91912055
5995.7000 0.91539979
5996.6000 0.90354252
5997.5000 0.88840836
5998.4000 0.88922477
5999.3000 0.90432131
6000.2000 0.91651005
6001.1000 0.9163425
6002.0000 0.90515935
6002.9000 0.89565217
6003.8000 0.89923209
6004.7000 0.90841299
6005.6000 0.90897995
6006.5000 0.90042967
6007.4000 0.8813979
6008.3000 0.86735392
6009.2000 0.87999475
6010.1000 0.90249795
6011.0000 0.91243994
6011.9000 0.90807128
6012.8000 0.89643681
6013.7000 0.89150137
6014.6000 0.89600146
6015.5000 0.89632463
6016.4000 0.88973564
6017.3000 0.89204508
6018.2000 0.90014619
6019.1000 0.89101195
6020.0000 0.87005836
6020.9000 0.86246175
6021.8000 0.8698051
6022.7000 0.87745857
6023.6000 0.87718278
6024.5000 0.88109207
6025.4000 0.89516509
6026.3000 0.90287936
6027.2000 0.90269315
6028.1000 0.90527111
6029.0000 0.90812147
6029.9000 0.90848035
6030.8000 0.91359675
6031.7000 0.92063361
6032.6000 0.92225814
6033.5000 0.92191285
6034.4000 0.92207789
6035.3000 0.92193842
6036.2000 0.91969818
6037.1000 0.91852909
6038.0000 0.92330664
6038.9000 0.92580944
6039.8000 0.92131764
6040.7000 0.91325659
6041.6000 0.90822268
6042.5000 0.91132963
6043.4000 0.92014819
6044.3000 0.92339736
6045.2000 0.92006052
6046.1000 0.91822499
6047.0000 0.92051744
6047.9000 0.92226017
6048.8000 0.92224753
6049.7000 0.92394584
6050.6000 0.9271903
6051.5000 0.92772222
6052.4000 0.92092198
6053.3000 0.91155577
6054.2000 0.90727907
6055.1000 0.90282047
6056.0000 0.89852345
6056.9000 0.90324956
6057.8000 0.91762894
6058.7000 0.93215477
6059.6000 0.93411714
6060.5000 0.92763638
6061.4000 0.92406189
6062.3000 0.92256361
6063.2000 0.91778213
6064.1000 0.90530431
6065.0000 0.88898093
6065.9000 0.88772738
6066.8000 0.90704173
6067.7000 0.92454189
6068.6000 0.92577863
6069.5000 0.92300522
6070.4000 0.92583734
6071.3000 0.93043005
6072.2000 0.93230051
6073.1000 0.93096304
6074.0000 0.92794204
6074.9000 0.92406428
6075.8000 0.92137128
6076.7000 0.91442943
6077.6000 0.89672148
6078.5000 0.8812933
6079.4000 0.88632292
6080.3000 0.90436137
6081.2000 0.91238147
6082.1000 0.90803123
6083.0000 0.90294254
6083.9000 0.89982146
6084.8000 0.89468068
6085.7000 0.89158922
6086.6000 0.89472467
6087.5000 0.90237635
6088.4000 0.90658516
6089.3000 0.90131617
6090.2000 0.89460188
6091.1000 0.89056534
6092.0000 0.88896012
6092.9000 0.89013511
6093.8000 0.89365399
6094.7000 0.90009391
6095.6000 0.90218961
6096.5000 0.89935642
6097.4000 0.89908552
6098.3000 0.90230429
6099.2000 0.90928882
6100.1000 0.90811735
6101.0000 0.88452619
6101.9000 0.84107625
6102.8000 0.81543136
6103.7000 0.84007204
6104.6000 0.88188511
6105.5000 0.90084934
6106.4000 0.89952803
6107.3000 0.89166009
6108.2000 0.88965815
6109.1000 0.89603031
6110.0000 0.89930946
6110.9000 0.89549506
6111.8000 0.89419174
6112.7000 0.89786351
6113.6000 0.90025479
6114.5000 0.89856839
6115.4000 0.88894844
6116.3000 0.88216001
6117.2000 0.89048648
6118.1000 0.90099412
6119.0000 0.90103465
6119.9000 0.89369059
6120.8000 0.87554473
6121.7000 0.84848732
6122.6000 0.8394289
6123.5000 0.86028707
6124.4000 0.88406867
6125.3000 0.89359504
6126.2000 0.8947385
6127.1000 0.89021641
6128.0000 0.88265014
6128.9000 0.87853664
6129.8000 0.88064504
6130.7000 0.88412237
6131.6000 0.88533682
6132.5000 0.88833553
6133.4000 0.8954922
6134.3000 0.90003657
6135.2000 0.88283587
6136.1000 0.83377308
6137.0000 0.78998917
6137.9000 0.79730535
6138.8000 0.84263772
6139.7000 0.87785077
6140.6000 0.87591559
6141.5000 0.85498494
6142.4000 0.85421991
6143.3000 0.8767435
6144.2000 0.89334798
6145.1000 0.8950485
6146.0000 0.89452296
6146.9000 0.89159602
6147.8000 0.88350189
6148.7000 0.88018423
6149.6000 0.88520747
6150.5000 0.88997233
6151.4000 0.89087284
6152.3000 0.89207149
6153.2000 0.89073682
6154.1000 0.87799567
6155.0000 0.86708969
6155.9000 0.87130666
6156.8000 0.87782651
6157.7000 0.88141882
6158.6000 0.88607097
6159.5000 0.88231057
6160.4000 0.85483956
6161.3000 0.81044418
6162.2000 0.78453779
6163.1000 0.79501343
6164.0000 0.8252033
6164.9000 0.84948725
6165.8000 0.85962355
6166.7000 0.86986107
6167.6000 0.87264651
6168.5000 0.84526449
6169.4000 0.81416655
6170.3000 0.82151514
6171.2000 0.85727054
6172.1000 0.88039201
6173.0000 0.88006687
6173.9000 0.87688529
6174.8000 0.87461615
6175.7000 0.86891323
6176.6000 0.86588335
6177.5000 0.87351048
6178.4000 0.88373744
6179.3000 0.88433778
6180.2000 0.8826431
6181.1000 0.88740093
6182.0000 0.89501166
6182.9000 0.89778876
6183.8000 0.89489043
6184.7000 0.89319909
6185.6000 0.8883732
6186.5000 0.87670493
6187.4000 0.86932719
6188.3000 0.87497544
6189.2000 0.88278967
6190.1000 0.8682611
6191.0000 0.83642638
6191.9000 0.82938284
6192.8000 0.85903221
6193.7000 0.88561797
6194.6000 0.88761258
6195.5000 0.88753831
6196.4000 0.89776963
6197.3000 0.90351677
6198.2000 0.89776289
6199.1000 0.88319665
6200.0000 0.87022001
6200.9000 0.87289375
6201.8000 0.88699943
6202.7000 0.89524823
6203.6000 0.8934136
6204.5000 0.8927359
6205.4000 0.89553875
6206.3000 0.89680988
6207.2000 0.89722651
6208.1000 0.89673352
6209.0000 0.89586824
6209.9000 0.89555407
6210.8000 0.89388168
6211.7000 0.88704765
6212.6000 0.87168753
6213.5000 0.85419756
6214.4000 0.84388608
6215.3000 0.84769428
6216.2000 0.8627485
6217.1000 0.87624043
6218.0000 0.87567115
6218.9000 0.86028314
6219.8000 0.84913987
6220.7000 0.85613221
6221.6000 0.87345755
6222.5000 0.88598043
6223.4000 0.88604766
6224.3000 0.88059235
6225.2000 0.87808317
6226.1000 0.87700194
6227.0000 0.87722093
6227.9000 0.87836891
6228.8000 0.86984485
6229.7000 0.84560251
6230.6000 0.82454896
6231.5000 0.82681412
6232.4000 0.84165484
6233.3000 0.857458
6234.2000 0.87273943
6235.1000 0.87931973
6236.0000 0.87301821
6236.9000 0.8590318
6237.8000 0.84761983
6238.7000 0.84710556
6239.6000 0.85070598
6240.5000 0.85578412
6241.4000 0.86553544
6242.3000 0.86531228
6243.2000 0.84814668
6244.1000 0.8318696
6245.0000 0.82463598
6245.9000 0.81965357
6246.8000 0.82210875
6247.7000 0.84023422
6248.6000 0.86201149
6249.5000 0.87147355
6250.4000 0.86896318
6251.3000 0.85507083
6252.2000 0.83099365
6253.1000 0.80910641
6254.0000 0.80471188
6254.9000 0.81495565
6255.8000 0.82472932
6256.7000 0.82865804
6257.6000 0.82639331
6258.5000 0.82464445
6259.4000 0.83368087
6260.3000 0.84818542
6261.2000 0.860057
6262.1000 0.86717027
6263.0000 0.86857009
6263.9000 0.86354721
6264.8000 0.85521728
6265.7000 0.85474008
6266.6000 0.86395162
6267.5000 0.87386769
6268.4000 0.87556809
6269.3000 0.86533844
6270.2000 0.8527106
6271.1000 0.85055596
6272.0000 0.86048102
6272.9000 0.87017125
6273.8000 0.87438548
6274.7000 0.87851566
6275.6000 0.88095236
6276.5000 0.88210118
6277.4000 0.88165694
6278.3000 0.87169367
6279.2000 0.85861313
6280.1000 0.85511607
6281.0000 0.86544901
6281.9000 0.87804484
6282.8000 0.87974226
6283.7000 0.87839794
6284.6000 0.8815304
6285.5000 0.88525778
6286.4000 0.88515574
6287.3000 0.88460243
6288.2000 0.88883221
6289.1000 0.88578606
6290.0000 0.87247509
6290.9000 0.86357415
6291.8000 0.86574143
6292.7000 0.87128222
6293.6000 0.87621665
6294.5000 0.88103157
6295.4000 0.87989622
6296.3000 0.86925423
6297.2000 0.85361648
6298.1000 0.84506488
6299.0000 0.84847808
6299.9000 0.84585065
6300.8000 0.8263337
6301.7000 0.81142992
6302.6000 0.82542938
6303.5000 0.85552907
6304.4000 0.87322754
6305.3000 0.87705106
6306.2000 0.87692767
6307.1000 0.8733505
6308.0000 0.86826181
6308.9000 0.86087179
6309.8000 0.85161853
6310.7000 0.84641743
6311.6000 0.84872419
6312.5000 0.85432208
6313.4000 0.84939378
6314.3000 0.82706445
6315.2000 0.80913621
6316.1000 0.81381303
6317.0000 0.81789285
6317.9000 0.8033151
6318.8000 0.79638731
6319.7000 0.81808436
6320.6000 0.83801532
6321.5000 0.83667988
6322.4000 0.82911313
6323.3000 0.83557755
6324.2000 0.85283095
6325.1000 0.86426699
6326.0000 0.86257476
6326.9000 0.85546637
6327.8000 0.8518644
6328.7000 0.85173231
6329.6000 0.8473106
6330.5000 0.84139895
6331.4000 0.84312546
6332.3000 0.85132825
6333.2000 0.8579365
6334.1000 0.84857738
6335.0000 0.82301718
6335.9000 0.80395019
6336.8000 0.80382532
6337.7000 0.81562048
6338.6000 0.8236044
6339.5000 0.82927996
6340.4000 0.84296405
6341.3000 0.85130453
6342.2000 0.84375119
6343.1000 0.82611161
6344.0000 0.81642276
6344.9000 0.8234483
6345.8000 0.83255601
6346.7000 0.83089805
6347.6000 0.82736719
6348.5000 0.8324852
6349.4000 0.84049094
6350.3000 0.844513
6351.2000 0.84596241
6352.1000 0.84431672
6353.0000 0.84008539
6353.9000 0.82994634
6354.8000 0.81951326
6355.7000 0.8237623
6356.6000 0.83336133
6357.5000 0.8296327
6358.4000 0.81718171
6359.3000 0.81145507
6360.2000 0.81245977
6361.1000 0.80710608
6362.0000 0.79740161
6362.9000 0.79780579
6363.8000 0.80686605
6364.7000 0.81623954
6365.6000 0.82373828
6366.5000 0.83004993
6367.4000 0.83604646
6368.3000 0.83765131
6369.2000 0.83363158
6370.1000 0.82872754
6371.0000 0.82819933
6371.9000 0.83350152
6372.8000 0.83882415
6373.7000 0.84000319
6374.6000 0.84069532
6375.5000 0.84184974
6376.4000 0.84047884
6377.3000 0.83639002
6378.2000 0.83490461
6379.1000 0.83633143
6380.0000 0.83470398
6380.9000 0.83249569
6381.8000 0.83662045
6382.7000 0.84192389
6383.6000 0.84156001
6384.5000 0.83800858
6385.4000 0.83565539
6386.3000 0.84063548
6387.2000 0.84812438
6388.1000 0.85034472
6389.0000 0.85076565
6389.9000 0.85043514
6390.8000 0.84610689
6391.7000 0.83715445
6392.6000 0.81907266
6393.5000 0.80085146
6394.4000 0.80699182
6395.3000 0.83185214
6396.2000 0.84849364
6397.1000 0.84905571
6398.0000 0.83827448
6398.9000 0.81179917
6399.8000 0.78042895
6400.7000 0.78252345
6401.6000 0.81757343
6402.5000 0.84530663
6403.4000 0.85252786
6404.3000 0.85022104
6405.2000 0.84572572
6406.1000 0.83453465
6407.0000 0.81215644
6407.9000 0.79695737
6408.8000 0.80716187
6409.7000 0.82179552
6410.6000 0.81288522
6411.5000 0.79459155
6412.4000 0.80087358
6413.3000 0.81929171
6414.2000 0.820889
6415.1000 0.81605059
6416.0000 0.8202849
6416.9000 0.82543486
6417.8000 0.82697421
6418.7000 0.82160705
6419.6000 0.80312669
6420.5000 0.78570294
6421.4000 0.78979194
6422.3000 0.81557262
6423.2000 0.83731079
6424.1000 0.8412351
6425.0000 0.84103191
6425.9000 0.84466225
6426.8000 0.84602338
6427.7000 0.84436429
6428.6000 0.83887911
6429.5000 0.82412821
6430.4000 0.80301398
6431.3000 0.79656816
6432.2000 0.80588508
6433.1000 0.81633466
6434.0000 0.82876641
6434.9000 0.84018761
6435.8000 0.84495658
6436.7000 0.84215099
6437.6000 0.82477301
6438.5000 0.79610741
6439.4000 0.78557932
6440.3000 0.80805796
6441.2000 0.83515048
6442.1000 0.84421134
6443.0000 0.84422493
6443.9000 0.84188825
6444.8000 0.84135449
6445.7000 0.84588009
6446.6000 0.84827328
6447.5000 0.84452826
6448.4000 0.8252303
6449.3000 0.79428148
6450.2000 0.78621626
6451.1000 0.81071895
6452.0000 0.8366186
6452.9000 0.84509671
6453.8000 0.83977407
6454.7000 0.82148141
6455.6000 0.79658586
6456.5000 0.78726631
6457.4000 0.80365121
6458.3000 0.82681912
6459.2000 0.83723092
6460.1000 0.83234614
6461.0000 0.81566578
6461.9000 0.78301054
6462.8000 0.76289064
6463.7000 0.78204602
6464.6000 0.812702
6465.5000 0.82848334
6466.4000 0.83102798
6467.3000 0.82836139
6468.2000 0.82157046
6469.1000 0.81427616
6470.0000 0.81290835
6470.9000 0.80666482
6471.8000 0.80006659
6472.7000 0.81014067
6473.6000 0.82352173
6474.5000 0.82292581
6475.4000 0.81471235
6476.3000 0.81379503
6477.2000 0.82135004
6478.1000 0.82692063
6479.0000 0.82813883
6479.9000 0.82558727
6480.8000 0.81565624
6481.7000 0.80071491
6482.6000 0.7926771
6483.5000 0.79900473
6484.4000 0.81075549
6485.3000 0.81660712
6486.2000 0.81824565
6487.1000 0.82055539
6488.0000 0.82343072
6488.9000 0.82448381
6489.8000 0.81962061
6490.7000 0.80752015
6491.6000 0.79543507
6492.5000 0.78321779
6493.4000 0.75829387
6494.3000 0.72687781
6495.2000 0.71529269
6496.1000 0.72543877
6497.0000 0.74511993
6497.9000 0.76827431
6498.8000 0.77768987
6499.7000 0.78011215
6500.6000 0.79305488
6501.5000 0.80768323
6502.4000 0.81481969
6503.3000 0.81812257
6504.2000 0.82034236
6505.1000 0.82058024
6506.0000 0.82186085
6506.9000 0.82462823
6507.8000 0.82221806
6508.7000 0.81915605
6509.6000 0.82157505
6510.5000 0.82501167
6511.4000 0.82528359
6512.3000 0.81865799
6513.2000 0.81434852
6514.1000 0.81192154
6515.0000 0.80217087
6515.9000 0.79279822
6516.8000 0.78923911
6517.7000 0.78629214
6518.6000 0.78343761
6519.5000 0.7908141
6520.4000 0.80610603
6521.3000 0.81225103
6522.2000 0.80786657
6523.1000 0.80805707
6524.0000 0.81417686
6524.9000 0.81352699
6525.8000 0.80390888
6526.7000 0.79235834
6527.6000 0.78910565
6528.5000 0.79695636
6529.4000 0.80634677
6530.3000 0.81053931
6531.2000 0.80855972
6532.1000 0.80178052
6533.0000 0.79294366
6533.9000 0.78961778
6534.8000 0.79448861
6535.7000 0.80179489
6536.6000 0.80409563
6537.5000 0.80266434
6538.4000 0.80135339
6539.3000 0.79974884
6540.2000 0.80042893
6541.1000 0.79978812
6542.0000 0.79557341
6542.9000 0.79484892
6543.8000 0.79509741
6544.7000 0.78679347
6545.6000 0.7677201
6546.5000 0.7566275
6547.4000 0.76351017
6548.3000 0.77488202
6549.2000 0.78008837
6550.1000 0.77919543
6551.0000 0.77698374
6551.9000 0.77537423
6552.8000 0.77203041
6553.7000 0.76317775
6554.6000 0.74762124
6555.5000 0.73340154
6556.4000 0.72845513
6557.3000 0.72690189
6558.2000 0.71847981
6559.1000 0.6975646
6560.0000 0.66244185
6560.9000 0.60226375
6561.8000 0.50107187
6562.7000 0.41676471
6563.6000 0.44478717
6564.5000 0.55181873
6565.4000 0.63978845
6566.3000 0.6854735
6567.2000 0.707389
6568.1000 0.71421087
6569.0000 0.71193361
6569.9000 0.71917719
6570.8000 0.73653501
6571.7000 0.74692875
6572.6000 0.7495572
6573.5000 0.75145805
6574.4000 0.75030714
6575.3000 0.75202221
6576.2000 0.76502168
6577.1000 0.78089476
6578.0000 0.78699332
6578.9000 0.78492689
6579.8000 0.78150582
6580.7000 0.78143847
6581.6000 0.78315586
6582.5000 0.78265059
6583.4000 0.78243172
6584.3000 0.78551865
6585.2000 0.78555834
6586.1000 0.77915275
6587.0000 0.7765522
6587.9000 0.78328758
6588.8000 0.79141754
6589.7000 0.79558372
6590.6000 0.7922982
6591.5000 0.77649522
6592.4000 0.75027972
6593.3000 0.73512822
6594.2000 0.7482028
6595.1000 0.77212423
6596.0000 0.78279752
6596.9000 0.77967668
6597.8000 0.7725904
6598.7000 0.7733559
6599.6000 0.78311753
6600.5000 0.79338127
6601.4000 0.79893523
6602.3000 0.79998887
6603.2000 0.79635864
6604.1000 0.78715122
6605.0000 0.78135234
6605.9000 0.78576571
6606.8000 0.78945148
6607.7000 0.78407323
6608.6000 0.77648503
6609.5000 0.77653563
6610.4000 0.78354061
6611.3000 0.78986013
6612.2000 0.79147017
6613.1000 0.78937918
6614.0000 0.79089546
6614.9000 0.7954976
6615.8000 0.79686683
6616.7000 0.79584152
6617.6000 0.79532981
6618.5000 0.79598635
6619.4000 0.79642785
6620.3000 0.79517734
6621.2000 0.7945509
6622.1000 0.79472315
6623.0000 0.79386067
6623.9000 0.79239726
6624.8000 0.79199839
6625.7000 0.79050744
6626.6000 0.78420132
6627.5000 0.77877229
6628.4000 0.7791512
6629.3000 0.78132606
6630.2000 0.78289288
6631.1000 0.78159821
6632.0000 0.77320039
6632.9000 0.75599146
6633.8000 0.7418772
6634.7000 0.74544263
6635.6000 0.76026964
6636.5000 0.77607888
6637.4000 0.78559732
6638.3000 0.78434855
6639.2000 0.77852583
6640.1000 0.77723795
6641.0000 0.7830708
6641.9000 0.78581697
6642.8000 0.77611446
6643.7000 0.76513577
6644.6000 0.76690638
6645.5000 0.7766701
6646.4000 0.78359675
6647.3000 0.78741103
6648.2000 0.79146796
6649.1000 0.79361868
6650.0000 0.79379398
6650.9000 0.79297
6651.8000 0.78974324
6652.7000 0.78712893
6653.6000 0.78848624
6654.5000 0.79155767
6655.4000 0.79139358
6656.3000 0.7893219
6657.2000 0.7893005
6658.1000 0.79012591
6659.0000 0.79090583
6659.9000 0.78800809
6660.8000 0.78010315
6661.7000 0.77109975
6662.6000 0.75877601
6663.5000 0.75014114
6664.4000 0.75640899
6665.3000 0.76790345
6666.2000 0.77598995
6667.1000 0.77911848
6668.0000 0.77947456
6668.9000 0.78168583
6669.8000 0.78397232
6670.7000 0.78400522
6671.6000 0.78170037
6672.5000 0.78085381
6673.4000 0.783494
6674.3000 0.78267121
6675.2000 0.77956665
6676.1000 0.77462083
6677.0000 0.76180136
6677.9000 0.74749774
6678.8000 0.7503348
6679.7000 0.76725703
6680.6000 0.77940303
6681.5000 0.783732
6682.4000 0.78591239
6683.3000 0.78752667
6684.2000 0.78968853
6685.1000 0.78898185
6686.0000 0.78616595
6686.9000 0.7854107
6687.8000 0.78560454
6688.7000 0.78639925
6689.6000 0.78430313
6690.5000 0.78363842
6691.4000 0.78490537
6692.3000 0.78246248
6693.2000 0.77966177
6694.1000 0.77674711
6695.0000 0.76850933
6695.9000 0.76022255
6696.8000 0.75920969
6697.7000 0.76447761
6698.6000 0.76772976
6699.5000 0.76988739
6700.4000 0.772677
6701.3000 0.77242035
6702.2000 0.7693938
6703.1000 0.76513439
6704.0000 0.76059753
6704.9000 0.75741488
6705.8000 0.76073033
6706.7000 0.76826495
6707.6000 0.76968598
6708.5000 0.77001858
6709.4000 0.77400172
6710.3000 0.77580172
6711.2000 0.77607203
6712.1000 0.77123582
6713.0000 0.76242316
6713.9000 0.75779378
6714.8000 0.75612092
6715.7000 0.75440758
6716.6000 0.74636132
6717.5000 0.73643827
6718.4000 0.74397212
6719.3000 0.75618047
6720.2000 0.759408
6721.1000 0.75750393
6722.0000 0.75440985
6722.9000 0.75699806
6723.8000 0.76515067
6724.7000 0.77035493
6725.6000 0.76583803
6726.5000 0.76013899
6727.4000 0.76094496
6728.3000 0.76301682
6729.2000 0.76564324
6730.1000 0.76910186
6731.0000 0.76993984
6731.9000 0.76574212
6732.8000 0.75918013
6733.7000 0.75816959
6734.6000 0.76368845
6735.5000 0.76995045
6736.4000 0.76960158
6737.3000 0.76232868
6738.2000 0.7557025
6739.1000 0.75435132
6740.0000 0.75914925
6740.9000 0.76341617
6741.8000 0.76162225
6742.7000 0.75708318
6743.6000 0.75732207
6744.5000 0.76354653
6745.4000 0.76944232
6746.3000 0.7684328
6747.2000 0.76403314
6748.1000 0.75916785
6749.0000 0.75110316
6749.9000 0.74420494
6750.8000 0.74836087
6751.7000 0.75606751
6752.6000 0.75724882
6753.5000 0.75854343
6754.4000 0.76230425
6755.3000 0.76209617
6756.2000 0.76144576
6757.1000 0.76357222
6758.0000 0.76373827
6758.9000 0.76385862
6759.8000 0.76665086
6760.7000 0.76635498
6761.6000 0.76338792
6762.5000 0.76434761
6763.4000 0.76434904
6764.3000 0.76315439
6765.2000 0.76299566
6766.1000 0.75936878
6767.0000 0.74808103
6767.9000 0.74109912
6768.8000 0.74807537
6769.7000 0.75746256
6770.6000 0.75779378
6771.5000 0.7507152
6772.4000 0.74855191
6773.3000 0.75382972
6774.2000 0.76102483
6775.1000 0.7646749
6776.0000 0.76519996
6776.9000 0.76523823
6777.8000 0.7655732
6778.7000 0.76667398
6779.6000 0.76629645
6780.5000 0.7647562
6781.4000 0.76217449
6782.3000 0.75751942
6783.2000 0.75423676
6784.1000 0.75124311
6785.0000 0.74884993
6785.9000 0.74881291
6786.8000 0.74931812
6787.7000 0.7562086
6788.6000 0.76110899
6789.5000 0.7581749
6790.4000 0.75671786
6791.3000 0.76090956
6792.2000 0.76070863
6793.1000 0.75595194
6794.0000 0.75317818
6794.9000 0.74938816
6795.8000 0.7466594
6796.7000 0.75071013
6797.6000 0.75638407
6798.5000 0.7559101
6799.4000 0.75327456
6800.3000 0.75487131
6801.2000 0.75941968
6802.1000 0.76242536
6803.0000 0.76027715
6803.9000 0.75337273
6804.8000 0.75220287
6805.7000 0.75406802
6806.6000 0.75215769
6807.5000 0.75349867
6808.4000 0.75792265
6809.3000 0.75512195
6810.2000 0.75056434
6811.1000 0.75463486
6812.0000 0.75897372
6812.9000 0.75686079
6813.8000 0.75210762
6814.7000 0.74912077
6815.6000 0.74935454
6816.5000 0.75287431
6817.4000 0.75737596
6818.3000 0.75856107
6819.2000 0.75226402
6820.1000 0.74180573
6821.0000 0.74153608
6821.9000 0.74906224
6822.8000 0.75344384
6823.7000 0.75611174
6824.6000 0.75941163
6825.5000 0.76124489
6826.4000 0.7594341
6827.3000 0.75211191
6828.2000 0.74323905
6829.1000 0.74470425
6830.0000 0.75465864
6830.9000 0.76218468
6831.8000 0.76455122
6832.7000 0.76224804
6833.6000 0.75787073
6834.5000 0.75543183
6835.4000 0.75356466
6836.3000 0.74977469
6837.2000 0.74401641
6838.1000 0.73671448
6839.0000 0.73016226
6839.9000 0.7257992
6840.8000 0.71908355
6841.7000 0.71166492
6842.6000 0.70959818
6843.5000 0.71662462
6844.4000 0.73361814
6845.3000 0.74795234
6846.2000 0.75324327
6847.1000 0.75304055
6848.0000 0.7508108
6848.9000 0.74960101
6849.8000 0.75192064
6850.7000 0.75663984
6851.6000 0.75894213
6852.5000 0.76144278
6853.4000 0.75993299
6854.3000 0.74837387
6855.2000 0.7365672
6856.1000 0.73286527
6857.0000 0.73523086
6857.9000 0.74000168
6858.8000 0.74544591
6859.7000 0.74956596
6860.6000 0.74549085
6861.5000 0.73662198
6862.4000 0.7356407
6863.3000 0.74392867
6864.2000 0.75600296
6865.1000 0.75953114
6866.0000 0.75382668
6866.9000 0.74680436
6867.8000 0.74333972
6868.7000 0.74650627
6869.6000 0.75167632
6870.5000 0.75434726
6871.4000 0.75280935
6872.3000 0.7469492
6873.2000 0.745673
6874.1000 0.74942422
6875.0000 0.74859947
6875.9000 0.74397504
6876.8000 0.74426168
6877.7000 0.74849182
6878.6000 0.74584723
6879.5000 0.73991054
6880.4000 0.73689902
6881.3000 0.72998708
6882.2000 0.72251332
6883.1000 0.72470069
6884.0000 0.73140782
6884.9000 0.73359996
6885.8000 0.73667169
6886.7000 0.74219412
6887.6000 0.74730062
6888.5000 0.75219542
6889.4000 0.7528826
6890.3000 0.74917001
6891.2000 0.74742466
6892.1000 0.75008065
6893.0000 0.75046861
6893.9000 0.74277425
6894.8000 0.73406488
6895.7000 0.73421967
6896.6000 0.73736572
6897.5000 0.73763186
6898.4000 0.73761541
6899.3000 0.74022377
6900.2000 0.74494034
6901.1000 0.74482328
6902.0000 0.73808134
6902.9000 0.73422229
6903.8000 0.73808593
6904.7000 0.73908198
6905.6000 0.73311061
6906.5000 0.72880065
6907.4000 0.73253304
6908.3000 0.74150771
6909.2000 0.74790233
6910.1000 0.74587387
6911.0000 0.74038833
6911.9000 0.74062294
6912.8000 0.74250013
6913.7000 0.73356968
6914.6000 0.72021443
6915.5000 0.71793556
6916.4000 0.72260118
6917.3000 0.72692549
6918.2000 0.73414081
6919.1000 0.73977762
6920.0000 0.74230444
6920.9000 0.74592739
6921.8000 0.74970859
6922.7000 0.74577159
6923.6000 0.73331916
6924.5000 0.72358578
6925.4000 0.72217983
6926.3000 0.72721255
6927.2000 0.7378974
6928.1000 0.74713039
6929.0000 0.74957901
6929.9000 0.7471928
6930.8000 0.74234813
6931.7000 0.73870802
6932.6000 0.73491305
6933.5000 0.73347592
6934.4000 0.73912328
6935.3000 0.74472886
6936.2000 0.74643075
6937.1000 0.7458905
6938.0000 0.74588001
6938.9000 0.74736065
6939.8000 0.74905407
6940.7000 0.74863487
6941.6000 0.74540657
6942.5000 0.74032336
6943.4000 0.73650479
6944.3000 0.73052007
6945.2000 0.72418451
6946.1000 0.72766286
6947.0000 0.73539984
6947.9000 0.73774958
6948.8000 0.73847234
6949.7000 0.73627234
6950.6000 0.72860348
6951.5000 0.72199816
6952.4000 0.72299773
6953.3000 0.72611773
6954.2000 0.72924674
6955.1000 0.73143429
6956.0000 0.73227006
6956.9000 0.73184168
6957.8000 0.73244095
6958.7000 0.73326927
6959.6000 0.73026723
6960.5000 0.73045659
6961.4000 0.73382157
6962.3000 0.73580182
6963.2000 0.73579085
6964.1000 0.73304486
6965.0000 0.72731662
6965.9000 0.72428197
6966.8000 0.72739738
6967.7000 0.73276716
6968.6000 0.73570043
6969.5000 0.73714149
6970.4000 0.73556358
6971.3000 0.73213929
6972.2000 0.73194116
6973.1000 0.73208976
6974.0000 0.7303856
6974.9000 0.72219181
6975.8000 0.70594329
6976.7000 0.69228429
6977.6000 0.684892
6978.5000 0.6798858
6979.4000 0.68428403
6980.3000 0.69894964
6981.2000 0.71408826
6982.1000 0.72113234
6983.0000 0.7254678
6983.9000 0.73065275
6984.8000 0.73084807
6985.7000 0.72863978
6986.6000 0.72854626
6987.5000 0.72917008
6988.4000 0.72556919
6989.3000 0.7241388
6990.2000 0.7289623
6991.1000 0.73250872
6992.0000 0.73109448
6992.9000 0.72945756
6993.8000 0.72749406
6994.7000 0.72571015
6995.6000 0.72798282
6996.5000 0.72974092
6997.4000 0.72767127
6998.3000 0.72355342
6999.2000 0.71211952
7000.1000 0.7033872
7001.0000 0.71029174
7001.9000 0.71943295
7002.8000 0.71902692
7003.7000 0.71020746
7004.6000 0.6998834
7005.5000 0.69401896
7006.4000 0.69599217
7007.3000 0.70309496
7008.2000 0.71313554
7009.1000 0.72085029
7010.0000 0.72122121
7010.9000 0.71574241
7011.8000 0.71071339
7012.7000 0.70986015
7013.6000 0.71711934
7014.5000 0.71842372
7015.4000 0.70094699
7016.3000 0.67627364
7017.2000 0.67405814
7018.1000 0.69489306
7019.0000 0.71387082
7019.9000 0.72279269
7020.8000 0.72566104
7021.7000 0.71925879
7022.6000 0.70088363
7023.5000 0.68582749
7024.4000 0.68397653
7025.3000 0.6984989
7026.2000 0.71359265
7027.1000 0.71524626
7028.0000 0.71478754
7028.9000 0.71377832
7029.8000 0.71276397
7030.7000 0.71534377
7031.6000 0.71574038
7032.5000 0.71439242
7033.4000 0.71135247
7034.3000 0.70044822
7035.2000 0.69939393
7036.1000 0.71173996
7037.0000 0.7167353
7037.9000 0.70745456
7038.8000 0.70360476
7039.7000 0.71487767
7040.6000 0.72598332
7041.5000 0.72995615
7042.4000 0.72915173
7043.3000 0.72569728
7044.2000 0.72088057
7045.1000 0.71737885
7046.0000 0.71993178
7046.9000 0.72446179
7047.8000 0.72491592
7048.7000 0.7249797
7049.6000 0.7248376
7050.5000 0.72198218
7051.4000 0.71817106
7052.3000 0.71541619
7053.2000 0.71261364
7054.1000 0.71066898
7055.0000 0.70856106
7055.9000 0.70582968
7056.8000 0.70716375
7057.7000 0.71161026
7058.6000 0.71487051
7059.5000 0.71248597
7060.4000 0.7076298
7061.3000 0.70854139
7062.2000 0.71686798
7063.1000 0.7226401
7064.0000 0.72613913
7064.9000 0.72632056
7065.8000 0.72023606
7066.7000 0.71052843
7067.6000 0.69854176
7068.5000 0.69422466
7069.4000 0.70322269
7070.3000 0.71274775
7071.2000 0.71243066
7072.1000 0.71031737
7073.0000 0.7124145
7073.9000 0.71559018
7074.8000 0.71718657
7075.7000 0.71931267
7076.6000 0.7189377
7077.5000 0.716524
7078.4000 0.71581465
7079.3000 0.71463937
7080.2000 0.71590549
7081.1000 0.7193839
7082.0000 0.71780002
7082.9000 0.70692962
7083.8000 0.68939584
7084.7000 0.67828399
7085.6000 0.68273872
7086.5000 0.69284558
7087.4000 0.70016521
7088.3000 0.70413077
7089.2000 0.7018168
7090.1000 0.69400001
7091.0000 0.69339436
7091.9000 0.6999445
7092.8000 0.70418185
7093.7000 0.70638978
7094.6000 0.70850277
7095.5000 0.70768809
7096.4000 0.70562971
7097.3000 0.70430702
7098.2000 0.70818239
7099.1000 0.7133134
7100.0000 0.71285337
7100.9000 0.71080142
7101.8000 0.71034044
7102.7000 0.71016091
7103.6000 0.71075743
7104.5000 0.71317369
7105.4000 0.71524936
7106.3000 0.71158582
7107.2000 0.70557022
7108.1000 0.70536506
7109.0000 0.70823801
7109.9000 0.70398808
7110.8000 0.69291854
7111.7000 0.6864149
7112.6000 0.68981278
7113.5000 0.69705337
7114.4000 0.70056278
7115.3000 0.70065993
7116.2000 0.70137775
7117.1000 0.70129716
7118.0000 0.69935983
7118.9000 0.70001125
7119.8000 0.70066911
7120.7000 0.6959936
7121.6000 0.68453163
7122.5000 0.67991203
7123.4000 0.6926254
7124.3000 0.70535588
7125.2000 0.70890576
7126.1000 0.71013212
7127.0000 0.70721644
7127.9000 0.70394337
7128.8000 0.7017675
7129.7000 0.69670504
7130.6000 0.68648583
7131.5000 0.68114865
7132.4000 0.68626982
7133.3000 0.69482738
7134.2000 0.70348966
7135.1000 0.70920134
7136.0000 0.71072245
7136.9000 0.71149933
7137.8000 0.71301377
7138.7000 0.71427536
7139.6000 0.7151413
7140.5000 0.71350372
7141.4000 0.70660639
7142.3000 0.69915837
7143.2000 0.69835007
7144.1000 0.69996428
7145.0000 0.69790757
7145.9000 0.69531387
7146.8000 0.68715602
7147.7000 0.66855741
7148.6000 0.66092926
7149.5000 0.67812341
7150.4000 0.69593823
7151.3000 0.70084041
7152.2000 0.70178145
7153.1000 0.70142674
7154.0000 0.70121986
7154.9000 0.70080769
7155.8000 0.7001515
7156.7000 0.70286095
7157.6000 0.70458931
7158.5000 0.70361072
7159.4000 0.70237803
7160.3000 0.70208645
7161.2000 0.70060456
7162.1000 0.6975196
7163.0000 0.68937629
7163.9000 0.66779852
7164.8000 0.64483303
7165.7000 0.64560068
7166.6000 0.66791999
7167.5000 0.69103765
7168.4000 0.70483875
7169.3000 0.71062404
7170.2000 0.71059936
7171.1000 0.70830369
7172.0000 0.70937115
7172.9000 0.71199697
7173.8000 0.70938265
7174.7000 0.70060122
7175.6000 0.6905517
7176.5000 0.68815255
7177.4000 0.69622427
7178.3000 0.70456558
7179.2000 0.7028842
7180.1000 0.69008237
7181.0000 0.6734044
7181.9000 0.66204423
7182.8000 0.66801649
7183.7000 0.68378097
7184.6000 0.68664765
7185.5000 0.67758316
7186.4000 0.6687575
7187.3000 0.6623472
7188.2000 0.66393095
7189.1000 0.66812468
7190.0000 0.67401284
7190.9000 0.68258917
7191.8000 0.68016446
7192.7000 0.66876107
7193.6000 0.66393477
7194.5000 0.67179793
7195.4000 0.67825741
7196.3000 0.67590642
7197.2000 0.67274338
7198.1000 0.6742354
7199.0000 0.67864525
7199.9000 0.68613249
7200.8000 0.68807888
7201.7000 0.67364514
7202.6000 0.66135061
7203.5000 0.67220449
7204.4000 0.68619281
7205.3000 0.68407691
7206.2000 0.66837436
7207.1000 0.64249498
7208.0000 0.63608623
7208.9000 0.65370065
7209.8000 0.66926509
7210.7000 0.67856151
7211.6000 0.68236053
7212.5000 0.68080533
7213.4000 0.67686069
7214.3000 0.67290491
7215.2000 0.67186338
7216.1000 0.67339522
7217.0000 0.67645872
7217.9000 0.67846417
7218.8000 0.67712945
7219.7000 0.67511749
7220.6000 0.6725387
7221.5000 0.67062372
7222.4000 0.66827708
7223.3000 0.66697097
7224.2000 0.66872633
7225.1000 0.66989708
7226.0000 0.66907108
7226.9000 0.67382133
7227.8000 0.67776155
7228.7000 0.67882282
7229.6000 0.68069243
7230.5000 0.68203408
7231.4000 0.68127805
7232.3000 0.68181378
7233.2000 0.68427038
7234.1000 0.68669802
7235.0000 0.6816023
7235.9000 0.67842823
7236.8000 0.68374962
7237.7000 0.68750125
7238.6000 0.68122119
7239.5000 0.6753487
7240.4000 0.67880201
7241.3000 0.68377078
7242.2000 0.6855073
7243.1000 0.68615484
7244.0000 0.68140739
7244.9000 0.67705035
7245.8000 0.67902899
7246.7000 0.68626863
7247.6000 0.68979788
7248.5000 0.68754661
7249.4000 0.67830902
7250.3000 0.6611852
7251.2000 0.65138948
7252.1000 0.66043502
7253.0000 0.67656231
7253.9000 0.68468851
7254.8000 0.68393862
7255.7000 0.68002671
7256.6000 0.67922735
7257.5000 0.68287587
7258.4000 0.68635452
7259.3000 0.68394339
7260.2000 0.67473495
7261.1000 0.66149819
7262.0000 0.6554969
7262.9000 0.66355491
7263.8000 0.675116
7264.7000 0.684062
7265.6000 0.68846452
7266.5000 0.69149393
7267.4000 0.69232261
7268.3000 0.68967623
7269.2000 0.68924677
7270.1000 0.68807238
7271.0000 0.68548268
7271.9000 0.68266326
7272.8000 0.6810106
7273.7000 0.67988294
7274.6000 0.67400092
7275.5000 0.66945529
7276.4000 0.67503536
7277.3000 0.67965472
7278.2000 0.67869645
7279.1000 0.67640406
7280.0000 0.67442369
7280.9000 0.66709369
7281.8000 0.65246248
7282.7000 0.64118874
7283.6000 0.64184481
7284.5000 0.64640099
7285.4000 0.65230411
7286.3000 0.66169089
7287.2000 0.66359019
7288.1000 0.64566028
7289.0000 0.62546778
7289.9000 0.62827516
7290.8000 0.64271289
7291.7000 0.64486188
7292.6000 0.64072418
7293.5000 0.64939421
7294.4000 0.6660412
7295.3000 0.67630208
7296.2000 0.68079424
7297.1000 0.68325698
7298.0000 0.68329394
7298.9000 0.68188947
7299.8000 0.68085879
7300.7000 0.67756212
7301.6000 0.67577928
7302.5000 0.68216199
7303.4000 0.69194323
7304.3000 0.69459951
7305.2000 0.68876737
7306.1000 0.6777153
7307.0000 0.66635925
7307.9000 0.66233432
7308.8000 0.66765761
7309.7000 0.67007184
7310.6000 0.66484571
7311.5000 0.6637609
7312.4000 0.6731239
7313.3000 0.68126798
7314.2000 0.68237805
7315.1000 0.68061256
7316.0000 0.68076837
7316.9000 0.6824919
7317.8000 0.68333185
7318.7000 0.685727
7319.6000 0.68436313
7320.5000 0.67512906
7321.4000 0.66988498
7322.3000 0.67529947
7323.2000 0.68313128
7324.1000 0.68147504
7325.0000 0.66769731
7325.9000 0.6516009
7326.8000 0.65061873
7327.7000 0.66442156
7328.6000 0.67502952
7329.5000 0.67355192
7330.4000 0.66445196
7331.3000 0.66132957
7332.2000 0.66663647
7333.1000 0.67191112
7334.0000 0.67281026
7334.9000 0.67037284
7335.8000 0.67111301
7336.7000 0.67653024
7337.6000 0.67906517
7338.5000 0.67574507
7339.4000 0.67422014
7340.3000 0.67619014
7341.2000 0.67909592
7342.1000 0.6789186
7343.0000 0.67670971
7343.9000 0.67512554
7344.8000 0.6746248
7345.7000 0.6768834
7346.6000 0.67906445
7347.5000 0.67915201
7348.4000 0.67879152
7349.3000 0.67496836
7350.2000 0.66576076
7351.1000 0.65741384
7352.0000 0.65802824
7352.9000 0.66358078
7353.8000 0.66370833
7354.7000 0.65778655
7355.6000 0.65076596
7356.5000 0.65078658
7357.4000 0.6572876
7358.3000 0.66342783
7359.2000 0.66641909
7360.1000 0.6642192
7361.0000 0.65816009
7361.9000 0.65271509
7362.8000 0.65181243
7363.7000 0.65534812
7364.6000 0.65710378
7365.5000 0.65738708
7366.4000 0.66025388
7367.3000 0.66503942
7368.2000 0.66863644
7369.1000 0.66724557
7370.0000 0.66382152
7370.9000 0.66340816
7371.8000 0.66406018
7372.7000 0.66199851
7373.6000 0.65770215
7374.5000 0.65238053
7375.4000 0.64839262
7376.3000 0.65041703
7377.2000 0.66094166
7378.1000 0.67197251
7379.0000 0.67636251
7379.9000 0.67358172
7380.8000 0.66298443
7381.7000 0.64983755
7382.6000 0.64320356
7383.5000 0.64291358
7384.4000 0.63847172
7385.3000 0.62809211
7386.2000 0.61860859
7387.1000 0.6094445
7388.0000 0.60095543
7388.9000 0.59794658
7389.8000 0.60719889
7390.7000 0.6289441
7391.6000 0.64325339
7392.5000 0.63742822
7393.4000 0.62536532
7394.3000 0.62509024
7395.2000 0.63497186
7396.1000 0.64550024
7397.0000 0.65472555
7397.9000 0.65641725
7398.8000 0.65099257
7399.7000 0.64413184
7400.6000 0.63963878
7401.5000 0.63975227
7402.4000 0.64263582
7403.3000 0.64696306
7404.2000 0.64670259
7405.1000 0.63940573
7406.0000 0.63311148
7406.9000 0.63461059
7407.8000 0.63500261
7408.7000 0.62594777
7409.6000 0.61692494
7410.5000 0.61695343
7411.4000 0.62106675
7412.3000 0.51353151
7413.2000 0.11878436
7414.1000 0.00246527
7415.0000 0.00000289
7415.9000 0
7416.8000 0
7417.7000 0
7418.6000 0
7419.5000 0
7420.4000 0
7421.3000 0
7422.2000 0
7423.1000 0
7424.0000 0
7424.9000 0
7425.8000 0
7426.7000 0
7427.6000 0
7428.5000 0
7429.4000 0
