3500.0000 0
3500.9000 0
3501.8000 0
3502.7000 0
3503.6000 0
3504.5000 0
3505.4000 0
3506.3000 0
3507.2000 0
3508.1000 0
3509.0000 0
3509.9000 0
3510.8000 0
3511.7000 0
3512.6000 0
3513.5000 0
3514.4000 0
3515.3000 0
3516.2000 0
3517.1000 0
3518.0000 0
3518.9000 0
3519.8000 0
3520.7000 0
3521.6000 0
3522.5000 0
3523.4000 0
3524.3000 0
3525.2000 0
3526.1000 0
3527.0000 0
3527.9000 0
3528.8000 0
3529.7000 0
3530.6000 0
3531.5000 0
3532.4000 0
3533.3000 0
3534.2000 0.00001326
3535.1000 0.04533054
3536.0000 0.46431205
3536.9000 0.50176167
3537.8000 0.51359463
3538.7000 0.54665744
3539.6000 0.5596962
3540.5000 0.53140759
3541.4000 0.50462073
3542.3000 0.50657785
3543.2000 0.52790934
3544.1000 0.54482216
3545.0000 0.54840827
3545.9000 0.54836512
3546.8000 0.54613113
3547.7000 0.53793383
3548.6000 0.54587072
3549.5000 0.56444931
3550.4000 0.56743282
3551.3000 0.55365753
3552.2000 0.53004462
3553.1000 0.50021946
3554.0000 0.47903132
3554.9000 0.49492374
3555.8000 0.526972
3556.7000 0.53726369
3557.6000 0.52308565
3558.5000 0.49976185
3559.4000 0.49208784
3560.3000 0.49840817
3561.2000 0.51624274
3562.1000 0.54937631
3563.0000 0.56237209
3563.9000 0.51163691
3564.8000 0.42070797
3565.7000 0.37045196
3566.6000 0.39392045
3567.5000 0.43359798
3568.4000 0.42026871
3569.3000 0.36787921
3570.2000 0.3527633
3571.1000 0.39198813
3572.0000 0.43253934
3572.9000 0.45439228
3573.8000 0.45941004
3574.7000 0.47171104
3575.6000 0.49746236
3576.5000 0.51303893
3577.4000 0.49452931
3578.3000 0.4582808
3579.2000 0.42376781
3580.1000 0.36402509
3581.0000 0.30882597
3581.9000 0.32266152
3582.8000 0.37455827
3583.7000 0.38271201
3584.6000 0.33729079
3585.5000 0.30471098
3586.4000 0.31577653
3587.3000 0.34164268
3588.2000 0.37387204
3589.1000 0.40786451
3590.0000 0.4560008
3590.9000 0.51319921
3591.8000 0.53491765
3592.7000 0.51977819
3593.6000 0.51162422
3594.5000 0.52905124
3595.4000 0.5579443
3596.3000 0.58496785
3597.2000 0.58552647
3598.1000 0.57224339
3599.0000 0.57357991
3599.9000 0.5907132
3600.8000 0.58206898
3601.7000 0.52259612
3602.6000 0.46584037
3603.5000 0.44641167
3604.4000 0.43890512
3605.3000 0.44211683
3606.2000 0.46018785
3607.1000 0.45767167
3608.0000 0.41482985
3608.9000 0.3777793
3609.8000 0.39348739
3610.7000 0.446886
3611.6000 0.48880371
3612.5000 0.48212314
3613.4000 0.46390319
3614.3000 0.48459569
3615.2000 0.52397245
3616.1000 0.52652931
3617.0000 0.46426517
3617.9000 0.37034085
3618.8000 0.32775816
3619.7000 0.36667189
3620.6000 0.4314895
3621.5000 0.48415929
3622.4000 0.51942325
3623.3000 0.52311695
3624.2000 0.52345765
3625.1000 0.56374085
3626.0000 0.61300725
3626.9000 0.62736696
3627.8000 0.62192369
3628.7000 0.60202616
3629.6000 0.52797604
3630.5000 0.42087227
3631.4000 0.37218556
3632.3000 0.40552348
3633.2000 0.44635305
3634.1000 0.45483688
3635.0000 0.46738738
3635.9000 0.49257711
3636.8000 0.50849116
3637.7000 0.53014654
3638.6000 0.56769305
3639.5000 0.59391797
3640.4000 0.58813399
3641.3000 0.56089801
3642.2000 0.52888185
3643.1000 0.5000118
3644.0000 0.47683072
3644.9000 0.46816641
3645.8000 0.4768236
3646.7000 0.46226671
3647.6000 0.43652812
3648.5000 0.44917896
3649.4000 0.47556242
3650.3000 0.49584177
3651.2000 0.52505636
3652.1000 0.56885898
3653.0000 0.59804839
3653.9000 0.59493577
3654.8000 0.59036058
3655.7000 0.59805638
3656.6000 0.61190051
3657.5000 0.62633681
3658.4000 0.64454615
3659.3000 0.64959323
3660.2000 0.64486945
3661.1000 0.64099717
3662.0000 0.617755
3662.9000 0.58640134
3663.8000 0.5811007
3664.7000 0.60312337
3665.6000 0.61412674
3666.5000 0.60498607
3667.4000 0.59581482
3668.3000 0.5703631
3669.2000 0.54029506
3670.1000 0.55782437
3671.0000 0.61649215
3671.9000 0.65107179
3672.8000 0.63881236
3673.7000 0.61936492
3674.6000 0.62225062
3675.5000 0.62248009
3676.4000 0.58827949
3677.3000 0.54778963
3678.2000 0.53348422
3679.1000 0.52806985
3680.0000 0.52897102
3680.9000 0.55225199
3681.8000 0.58002388
3682.7000 0.60057819
3683.6000 0.60251689
3684.5000 0.5689854
3685.4000 0.52174538
3686.3000 0.48723587
3687.2000 0.4752309
3688.1000 0.50289375
3689.0000 0.55863202
3689.9000 0.61592734
3690.8000 0.66225439
3691.7000 0.67382151
3692.6000 0.64024305
3693.5000 0.6021567
3694.4000 0.5962863
3695.3000 0.60366559
3696.2000 0.60193092
3697.1000 0.60999101
3698.0000 0.65071887
3698.9000 0.70583075
3699.8000 0.73377949
3700.7000 0.72147238
3701.6000 0.68669462
3702.5000 0.63116491
3703.4000 0.55750215
3704.3000 0.49559546
3705.2000 0.46633404
3706.1000 0.47216618
3707.0000 0.49223581
3707.9000 0.49714747
3708.8000 0.50473297
3709.7000 0.53971142
3710.6000 0.58649117
3711.5000 0.61962765
3712.4000 0.66540307
3713.3000 0.72475535
3714.2000 0.75008637
3715.1000 0.72651941
3716.0000 0.70225847
3716.9000 0.68557107
3717.8000 0.63096613
3718.7000 0.52377152
3719.6000 0.41795871
3720.5000 0.3717081
3721.4000 0.3824605
3722.3000 0.43757206
3723.2000 0.52746868
3724.1000 0.61112076
3725.0000 0.66361159
3725.9000 0.65310419
3726.8000 0.58542013
3727.7000 0.56116384
3728.6000 0.61411548
3729.5000 0.63883626
3730.4000 0.60296667
3731.3000 0.55645114
3732.2000 0.49965042
3733.1000 0.41913536
3734.0000 0.34916416
3734.9000 0.32713774
3735.8000 0.3479397
3736.7000 0.38479808
3737.6000 0.45231348
3738.5000 0.54373664
3739.4000 0.6163578
3740.3000 0.65916371
3741.2000 0.65565556
3742.1000 0.60375047
3743.0000 0.54071671
3743.9000 0.49479467
3744.8000 0.45791507
3745.7000 0.4337303
3746.6000 0.43439916
3747.5000 0.40732381
3748.4000 0.34152877
3749.3000 0.32510567
3750.2000 0.39783028
3751.1000 0.50153065
3752.0000 0.5741902
3752.9000 0.62149286
3753.8000 0.6770165
3754.7000 0.72963059
3755.6000 0.72934908
3756.5000 0.64100146
3757.4000 0.51072997
3758.3000 0.45000991
3759.2000 0.49435526
3760.1000 0.56536144
3761.0000 0.59876561
3761.9000 0.5986532
3762.8000 0.57995385
3763.7000 0.58019781
3764.6000 0.61383498
3765.5000 0.61173648
3766.4000 0.56213248
3767.3000 0.54189259
3768.2000 0.56908071
3769.1000 0.5705846
3770.0000 0.53983039
3770.9000 0.54968637
3771.8000 0.61411476
3772.7000 0.67481142
3773.6000 0.69489676
3774.5000 0.68594772
3775.4000 0.67801648
3776.3000 0.68305671
3777.2000 0.68840903
3778.1000 0.69459438
3779.0000 0.72754061
3779.9000 0.7705515
3780.8000 0.77803278
3781.7000 0.76751584
3782.6000 0.77774936
3783.5000 0.80247098
3784.4000 0.79359549
3785.3000 0.71279824
3786.2000 0.62659967
3787.1000 0.60446471
3788.0000 0.60246295
3788.9000 0.58656865
3789.8000 0.58426225
3790.7000 0.61894524
3791.6000 0.64255977
3792.5000 0.61714149
3793.4000 0.57200605
3794.3000 0.54210913
3795.2000 0.5376184
3796.1000 0.53013194
3797.0000 0.48366526
3797.9000 0.44121465
3798.8000 0.46639532
3799.7000 0.54781711
3800.6000 0.62421936
3801.5000 0.66617548
3802.4000 0.70808178
3803.3000 0.75220275
3804.2000 0.756257
3805.1000 0.72648358
3806.0000 0.68107963
3806.9000 0.64717472
3807.8000 0.66681242
3808.7000 0.72735894
3809.6000 0.77653712
3810.5000 0.79174149
3811.4000 0.76725316
3812.3000 0.70040125
3813.2000 0.61718506
3814.1000 0.55338365
3815.0000 0.50982594
3815.9000 0.51192576
3816.8000 0.58078808
3817.7000 0.63676876
3818.6000 0.59579337
3819.5000 0.49265897
3820.4000 0.43965593
3821.3000 0.49314561
3822.2000 0.57202303
3823.1000 0.57119066
3824.0000 0.493103
3824.9000 0.41514039
3825.8000 0.38613245
3826.7000 0.39504206
3827.6000 0.40784526
3828.5000 0.41988164
3829.4000 0.44324911
3830.3000 0.45746857
3831.2000 0.42499229
3832.1000 0.36680236
3833.0000 0.33742797
3833.9000 0.34525788
3834.8000 0.37965626
3835.7000 0.41718572
3836.6000 0.41949126
3837.5000 0.38259146
3838.4000 0.35243896
3839.3000 0.35645294
3840.2000 0.38699639
3841.1000 0.46099082
3842.0000 0.55632347
3842.9000 0.60956174
3843.8000 0.62396288
3844.7000 0.6265552
3845.6000 0.62255424
3846.5000 0.63688129
3847.4000 0.6647895
3848.3000 0.65146405
3849.2000 0.59315461
3850.1000 0.56688857
3851.0000 0.61081529
3851.9000 0.65476561
3852.8000 0.64104664
3853.7000 0.6034767
3854.6000 0.5737626
3855.5000 0.55169445
3856.4000 0.55247468
3857.3000 0.55487669
3858.2000 0.49687096
3859.1000 0.420609
3860.0000 0.40896067
3860.9000 0.48557889
3861.8000 0.6024816
3862.7000 0.6807062
3863.6000 0.68705893
3864.5000 0.65960068
3865.4000 0.63466376
3866.3000 0.62617409
3867.2000 0.6187827
3868.1000 0.60236448
3869.0000 0.57429224
3869.9000 0.51836306
3870.8000 0.45528945
3871.7000 0.42988071
3872.6000 0.46694961
3873.5000 0.5558508
3874.4000 0.64833754
3875.3000 0.68701637
3876.2000 0.65692157
3877.1000 0.57768095
3878.0000 0.50534952
3878.9000 0.51027429
3879.8000 0.5556255
3880.7000 0.54738504
3881.6000 0.49744037
3882.5000 0.488011
3883.4000 0.54957914
3884.3000 0.59337491
3885.2000 0.55190468
3886.1000 0.49377009
3887.0000 0.48182938
3887.9000 0.47949448
3888.8000 0.46896514
3889.7000 0.50394017
3890.6000 0.5820154
3891.5000 0.64349461
3892.4000 0.6656726
3893.3000 0.66351622
3894.2000 0.65257257
3895.1000 0.64786696
3896.0000 0.67703837
3896.9000 0.71618599
3897.8000 0.71428031
3898.7000 0.69172221
3899.6000 0.68980712
3900.5000 0.71401584
3901.4000 0.72040355
3902.3000 0.68124473
3903.2000 0.64634103
3904.1000 0.62840521
3905.0000 0.59594989
3905.9000 0.59087306
3906.8000 0.65076846
3907.7000 0.72382343
3908.6000 0.75967973
3909.5000 0.75924289
3910.4000 0.76111305
3911.3000 0.78815067
3912.2000 0.80524784
3913.1000 0.78855139
3914.0000 0.76810879
3914.9000 0.76013178
3915.8000 0.74935436
3916.7000 0.74499506
3917.6000 0.7411772
3918.5000 0.71399754
3919.4000 0.66518188
3920.3000 0.61292386
3921.2000 0.59455132
3922.1000 0.61450684
3923.0000 0.64319056
3923.9000 0.65787208
3924.8000 0.63321835
3925.7000 0.58381313
3926.6000 0.52819079
3927.5000 0.4543137
3928.4000 0.37810251
3929.3000 0.32182124
3930.2000 0.27515575
3931.1000 0.23103984
3932.0000 0.1857001
3932.9000 0.14687003
3933.8000 0.13559727
3934.7000 0.16045855
3935.6000 0.21092792
3936.5000 0.27205968
3937.4000 0.33508393
3938.3000 0.40428984
3939.2000 0.47668034
3940.1000 0.52611524
3941.0000 0.54423892
3941.9000 0.55283594
3942.8000 0.54608983
3943.7000 0.53032219
3944.6000 0.56844419
3945.5000 0.66059101
3946.4000 0.71869141
3947.3000 0.70699811
3948.2000 0.69075787
3949.1000 0.72726017
3950.0000 0.78534418
3950.9000 0.79901546
3951.8000 0.75456846
3952.7000 0.71768802
3953.6000 0.74571848
3954.5000 0.78601605
3955.4000 0.76470083
3956.3000 0.72035849
3957.2000 0.72143412
3958.1000 0.76410204
3959.0000 0.78774476
3959.9000 0.7360608
3960.8000 0.61311096
3961.7000 0.50588495
3962.6000 0.47136998
3963.5000 0.46606082
3964.4000 0.43301752
3965.3000 0.36439514
3966.2000 0.28076562
3967.1000 0.20749702
3968.0000 0.16230206
3968.9000 0.16102393
3969.8000 0.2066094
3970.7000 0.27571911
3971.6000 0.34503254
3972.5000 0.40621015
3973.4000 0.46288472
3974.3000 0.52397954
3975.2000 0.58378166
3976.1000 0.62889522
3977.0000 0.67159897
3977.9000 0.72561246
3978.8000 0.78281808
3979.7000 0.82776445
3980.6000 0.8404789
3981.5000 0.82115388
3982.4000 0.7962833
3983.3000 0.78667629
3984.2000 0.79797965
3985.1000 0.81408113
3986.0000 0.81411111
3986.9000 0.82589513
3987.8000 0.86892039
3988.7000 0.88943762
3989.6000 0.87561435
3990.5000 0.87773907
3991.4000 0.90029562
3992.3000 0.91641706
3993.2000 0.91330606
3994.1000 0.89343518
3995.0000 0.87028176
3995.9000 0.84481257
3996.8000 0.81728816
3997.7000 0.81844711
3998.6000 0.86995065
3999.5000 0.92580354
4000.4000 0.93706977
4001.3000 0.9337008
4002.2000 0.953821
4003.1000 0.96350282
4004.0000 0.90219289
4004.9000 0.79426801
4005.8000 0.75017446
4006.7000 0.80498153
4007.6000 0.88590848
4008.5000 0.92495024
4009.4000 0.92300624
4010.3000 0.92067492
4011.2000 0.92880058
4012.1000 0.93566918
4013.0000 0.93421519
4013.9000 0.93243909
4014.8000 0.94488978
4015.7000 0.95106238
4016.6000 0.92202312
4017.5000 0.89750183
4018.4000 0.93081677
4019.3000 0.97417599
4020.2000 0.97038448
4021.1000 0.94874012
4022.0000 0.94431949
4022.9000 0.94616121
4023.8000 0.9302237
4024.7000 0.91652066
4025.6000 0.93804824
4026.5000 0.97910047
4027.4000 1.0068264
4028.3000 1.01022661
4029.2000 0.96649235
4030.1000 0.87940699
4031.0000 0.81856579
4031.9000 0.8090573
4032.8000 0.80893266
4033.7000 0.82398218
4034.6000 0.85847402
4035.5000 0.90447909
4036.4000 0.96539849
4037.3000 1.0159508
4038.2000 1.02635968
4039.1000 1.00169039
4040.0000 0.96354651
4040.9000 0.94611222
4041.8000 0.97419393
4042.7000 0.9892686
4043.6000 0.91479182
4044.5000 0.77244145
4045.4000 0.67305911
4046.3000 0.71873975
4047.2000 0.86468011
4048.1000 0.96413797
4049.0000 0.98865938
4049.9000 0.99686831
4050.8000 0.99529469
4051.7000 0.96013081
4052.6000 0.91583776
4053.5000 0.88944393
4054.4000 0.87610137
4055.3000 0.87394041
4056.2000 0.87018144
4057.1000 0.84234279
4058.0000 0.82286006
4058.9000 0.85890168
4059.8000 0.92765987
4060.7000 0.9629643
4061.6000 0.91974884
4062.5000 0.81616646
4063.4000 0.74134797
4064.3000 0.77195728
4065.2000 0.84741539
4066.1000 0.86603779
4067.0000 0.8596437
4067.9000 0.90253657
4068.8000 0.96975404
4069.7000 0.97522193
4070.6000 0.89619005
4071.5000 0.82581419
4072.4000 0.85591131
4073.3000 0.93665123
4074.2000 0.96352136
4075.1000 0.91933137
4076.0000 0.84136617
4076.9000 0.77738512
4077.8000 0.77286422
4078.7000 0.8247053
4079.6000 0.89801198
4080.5000 0.96930134
4081.4000 1.00539184
4082.3000 0.9826532
4083.2000 0.9279145
4084.1000 0.88658208
4085.0000 0.88468778
4085.9000 0.92123586
4086.8000 0.97893536
4087.7000 1.02888095
4088.6000 1.04383397
4089.5000 1.02982426
4090.4000 1.0077194
4091.3000 0.98352641
4092.2000 0.96502447
4093.1000 0.97290462
4094.0000 0.97918278
4094.9000 0.94014281
4095.8000 0.88691378
4096.7000 0.86153728
4097.6000 0.85664207
4098.5000 0.84549397
4099.4000 0.80345643
4100.3000 0.71316767
4101.2000 0.62380219
4102.1000 0.61748278
4103.0000 0.69609231
4103.9000 0.78708988
4104.8000 0.85591882
4105.7000 0.90446019
4106.6000 0.92921847
4107.5000 0.93530059
4108.4000 0.92818302
4109.3000 0.91403294
4110.2000 0.91034597
4111.1000 0.91932392
4112.0000 0.9378348
4112.9000 0.96749991
4113.8000 0.99599677
4114.7000 1.01338553
4115.6000 1.02944899
4116.5000 1.03536677
4117.4000 1.0032053
4118.3000 0.94576514
4119.2000 0.92466837
4120.1000 0.9559356
4121.0000 0.97529703
4121.9000 0.96223724
4122.8000 0.95113981
4123.7000 0.96683693
4124.6000 0.98970473
4125.5000 0.97962868
4126.4000 0.94931746
4127.3000 0.92684877
4128.2000 0.92365199
4129.1000 0.94143319
4130.0000 0.95071101
4130.9000 0.92638397
4131.8000 0.87216294
4132.7000 0.84572893
4133.6000 0.8655538
4134.5000 0.90813947
4135.4000 0.97092336
4136.3000 1.01172853
4137.2000 1.01576924
4138.1000 1.03005302
4139.0000 1.05339909
4139.9000 1.05748796
4140.8000 1.03565609
4141.7000 0.97174054
4142.6000 0.87756968
4143.5000 0.82600826
4144.4000 0.86449164
4145.3000 0.94306004
4146.2000 0.9886868
4147.1000 1.00036764
4148.0000 0.9923147
4148.9000 0.96659499
4149.8000 0.94573891
4150.7000 0.95383137
4151.6000 0.96487343
4152.5000 0.95273638
4153.4000 0.92126542
4154.3000 0.895648
4155.2000 0.89755726
4156.1000 0.90094364
4157.0000 0.90324664
4157.9000 0.93034524
4158.8000 0.963772
4159.7000 0.98223746
4160.6000 0.98699892
4161.5000 0.99968737
4162.4000 1.02694666
4163.3000 1.03572524
4164.2000 1.02382636
4165.1000 1.0154351
4166.0000 0.99325347
4166.9000 0.95001495
4167.8000 0.93415612
4168.7000 0.96735424
4169.6000 0.99373013
4170.5000 0.96488833
4171.4000 0.88982195
4172.3000 0.82078695
4173.2000 0.8095544
4174.1000 0.84890646
4175.0000 0.89451241
4175.9000 0.9147526
4176.8000 0.90300745
4177.7000 0.88868594
4178.6000 0.90856582
4179.5000 0.94820535
4180.4000 0.95946848
4181.3000 0.92398143
4182.2000 0.88616705
4183.1000 0.8872571
4184.0000 0.91954452
4184.9000 0.9555279
4185.8000 0.94539046
4186.7000 0.88178962
4187.6000 0.84428948
4188.5000 0.88209301
4189.4000 0.9433955
4190.3000 0.96202821
4191.2000 0.95188761
4192.1000 0.97633588
4193.0000 1.0254637
4193.9000 1.02313006
4194.8000 0.95964324
4195.7000 0.90181488
4196.6000 0.88006222
4197.5000 0.85489523
4198.4000 0.82826978
4199.3000 0.84461993
4200.2000 0.87023604
4201.1000 0.85989207
4202.0000 0.84873676
4202.9000 0.87669265
4203.8000 0.9158448
4204.7000 0.93912297
4205.6000 0.95966744
4206.5000 0.97833991
4207.4000 0.99658257
4208.3000 1.00625229
4209.2000 0.98775828
4210.1000 0.96916056
4211.0000 0.98586941
4211.9000 1.0236547
4212.8000 1.03945196
4213.7000 1.01890826
4214.6000 0.9588272
4215.5000 0.89200848
4216.4000 0.88763022
4217.3000 0.93649012
4218.2000 0.97066242
4219.1000 0.98517317
4220.0000 1.0056988
4220.9000 1.02746129
4221.8000 1.01523006
4222.7000 0.96862209
4223.6000 0.9111796
4224.5000 0.83656377
4225.4000 0.73209405
4226.3000 0.63365448
4227.2000 0.65120167
4228.1000 0.80231881
4229.0000 0.94181406
4229.9000 0.99634182
4230.8000 1.01059175
4231.7000 0.99809927
4232.6000 0.95668548
4233.5000 0.93032527
4234.4000 0.92663777
4235.3000 0.89016402
4236.2000 0.84851706
4237.1000 0.86003393
4238.0000 0.88521254
4238.9000 0.88583404
4239.8000 0.89609253
4240.7000 0.93864936
4241.6000 0.96415329
4242.5000 0.94415623
4243.4000 0.94320321
4244.3000 0.98638904
4245.2000 1.00668228
4246.1000 0.97208315
4247.0000 0.9123044
4247.9000 0.8686986
4248.8000 0.84907311
4249.7000 0.8372888
4250.6000 0.86035353
4251.5000 0.93260098
4252.4000 0.98323488
4253.3000 0.95767313
4254.2000 0.90103114
4255.1000 0.88537854
4256.0000 0.93174303
4256.9000 0.98192888
4257.8000 0.96397555
4258.7000 0.88405126
4259.6000 0.80271047
4260.5000 0.76861638
4261.4000 0.8189674
4262.3000 0.92098522
4263.2000 0.98867017
4264.1000 1.00054288
4265.0000 0.99835885
4265.9000 0.99786294
4266.8000 0.97248644
4267.7000 0.93180013
4268.6000 0.90408027
4269.5000 0.86932951
4270.4000 0.79834789
4271.3000 0.72957915
4272.2000 0.73510903
4273.1000 0.786744
4274.0000 0.80444384
4274.9000 0.81361818
4275.8000 0.86929584
4276.7000 0.94459009
4277.6000 0.98633826
4278.5000 0.97412121
4279.4000 0.91846502
4280.3000 0.87343127
4281.2000 0.88310879
4282.1000 0.91593093
4283.0000 0.9372254
4283.9000 0.93183863
4284.8000 0.88639939
4285.7000 0.83985758
4286.6000 0.83816558
4287.5000 0.85405922
4288.4000 0.8306421
4289.3000 0.77582908
4290.2000 0.75293463
4291.1000 0.79420364
4292.0000 0.87002903
4292.9000 0.91839498
4293.8000 0.90587026
4294.7000 0.8719933
4295.6000 0.85055017
4296.5000 0.81677079
4297.4000 0.76168841
4298.3000 0.6896354
4299.2000 0.61508799
4300.1000 0.58941853
4301.0000 0.61685371
4301.9000 0.63788289
4302.8000 0.63833606
4303.7000 0.6523214
4304.6000 0.67085457
4305.5000 0.6766113
4306.4000 0.66137534
4307.3000 0.61065954
4308.2000 0.56089157
4309.1000 0.56332874
4310.0000 0.59991658
4310.9000 0.63939261
4311.8000 0.68384564
4312.7000 0.74410677
4313.6000 0.80778074
4314.5000 0.87424266
4315.4000 0.97115517
4316.3000 1.06911182
4317.2000 1.10829496
4318.1000 1.10000348
4319.0000 1.08383667
4319.9000 1.06290233
4320.8000 1.03069532
4321.7000 0.99697578
4322.6000 0.92408812
4323.5000 0.80923969
4324.4000 0.71663028
4325.3000 0.68513244
4326.2000 0.74300349
4327.1000 0.87103099
4328.0000 0.98533988
4328.9000 1.03410518
4329.8000 1.02158237
4330.7000 0.99880004
4331.6000 1.00454783
4332.5000 1.01889873
4333.4000 1.02484393
4334.3000 1.03148508
4335.2000 1.02551711
4336.1000 0.97339827
4337.0000 0.8713246
4337.9000 0.77023262
4338.8000 0.69349492
4339.7000 0.62292802
4340.6000 0.60668761
4341.5000 0.68838406
4342.4000 0.79385686
4343.3000 0.84477282
4344.2000 0.87726092
4345.1000 0.92966813
4346.0000 0.96584237
4346.9000 0.97172284
4347.8000 0.98625553
4348.7000 1.02012324
4349.6000 1.02209496
4350.5000 0.94307601
4351.4000 0.83715904
4352.3000 0.81063205
4353.2000 0.87368333
4354.1000 0.93660933
4355.0000 0.95794559
4355.9000 0.97837842
4356.8000 1.00571692
4357.7000 1.00073242
4358.6000 0.96297377
4359.5000 0.95246494
4360.4000 0.99761128
4361.3000 1.04840791
4362.2000 1.05541337
4363.1000 1.04239821
4364.0000 1.05899918
4364.9000 1.0870204
4365.8000 1.07113755
4366.7000 1.01577449
4367.6000 0.97835296
4368.5000 0.9818396
4369.4000 0.99063814
4370.3000 0.98565727
4371.2000 0.98684627
4372.1000 0.98834658
4373.0000 0.96005589
4373.9000 0.90460259
4374.8000 0.872594
4375.7000 0.89815611
4376.6000 0.96093297
4377.5000 1.01147115
4378.4000 1.02757728
4379.3000 1.01918328
4380.2000 1.00725019
4381.1000 0.98461014
4382.0000 0.89874196
4382.9000 0.75011677
4383.8000 0.65549445
4384.7000 0.70032477
4385.6000 0.82351911
4386.5000 0.91656542
4387.4000 0.94072717
4388.3000 0.93164885
4389.2000 0.91860944
4390.1000 0.91004449
4391.0000 0.92276186
4391.9000 0.95557857
4392.8000 0.97446769
4393.7000 0.95615423
4394.6000 0.92870027
4395.5000 0.94149035
4396.4000 0.99818081
4397.3000 1.04402566
4398.2000 1.03999877
4399.1000 0.99244565
4400.0000 0.93346184
4400.9000 0.91888601
4401.8000 0.96304804
4402.7000 0.98657668
4403.6000 0.92366445
4404.5000 0.85087186
4405.4000 0.87110811
4406.3000 0.9412061
4407.2000 0.96359015
4408.1000 0.94981027
4409.0000 0.96760195
4409.9000 1.01935112
4410.8000 1.06838226
4411.7000 1.10272431
4412.6000 1.11192489
4413.5000 1.06645179
4414.4000 0.9769907
4415.3000 0.92307729
4416.2000 0.94306546
4417.1000 0.98619866
4418.0000 1.02782333
4418.9000 1.07893991
4419.8000 1.11418843
4420.7000 1.09957862
4421.6000 1.0441128
4422.5000 0.99981171
4423.4000 1.00483906
4424.3000 1.03202975
4425.2000 1.0436101
4426.1000 1.04197097
4427.0000 1.04838157
4427.9000 1.06767142
4428.8000 1.07249284
4429.7000 1.03913808
4430.6000 1.00970054
4431.5000 1.01837635
4432.4000 1.02903664
4433.3000 1.00673759
4434.2000 0.95964342
4435.1000 0.93393344
4436.0000 0.96555442
4436.9000 1.03407049
4437.8000 1.09277618
4438.7000 1.11785328
4439.6000 1.10364366
4440.5000 1.05835474
4441.4000 1.00506794
4442.3000 0.96436566
4443.2000 0.96273774
4444.1000 1.01201463
4445.0000 1.07685888
4445.9000 1.1005615
4446.8000 1.07952464
4447.7000 1.06706655
4448.6000 1.08044791
4449.5000 1.07824731
4450.4000 1.06037736
4451.3000 1.05949652
4452.2000 1.06435978
4453.1000 1.03389633
4454.0000 0.96453273
4454.9000 0.90491152
4455.8000 0.90100932
4456.7000 0.92958575
4457.6000 0.94460958
4458.5000 0.94237572
4459.4000 0.94604594
4460.3000 0.95037431
4461.2000 0.93820292
4462.1000 0.94830853
4463.0000 0.99895585
4463.9000 1.03424633
4464.8000 1.03638339
4465.7000 1.03521287
4466.6000 1.03760338
4467.5000 1.03283751
4468.4000 1.01022577
4469.3000 0.98981267
4470.2000 1.00638044
4471.1000 1.04691958
4472.0000 1.08123207
4472.9000 1.10527205
4473.8000 1.12423444
4474.7000 1.12366712
4475.6000 1.10985708
4476.5000 1.11988223
4477.4000 1.14444387
4478.3000 1.13243556
4479.2000 1.07049239
4480.1000 0.99274206
4481.0000 0.94348878
4481.9000 0.94927657
4482.8000 1.00717974
4483.7000 1.07529068
4484.6000 1.11828327
4485.5000 1.13636935
4486.4000 1.13382924
4487.3000 1.10288882
4488.2000 1.04850435
4489.1000 1.006935
4490.0000 1.00549042
4490.9000 1.03807783
4491.8000 1.07745934
4492.7000 1.09214795
4493.6000 1.06440067
4494.5000 1.02658165
4495.4000 1.02237809
4496.3000 1.04559278
4497.2000 1.07685483
4498.1000 1.1023699
4499.0000 1.10955036
4499.9000 1.09689963
4500.8000 1.07478857
4501.7000 1.07609296
4502.6000 1.11815047
4503.5000 1.16313195
4504.4000 1.1801883
4505.3000 1.17740917
4506.2000 1.16659153
4507.1000 1.14866316
4508.0000 1.1320461
4508.9000 1.13579595
4509.8000 1.15556467
4510.7000 1.16458523
4511.6000 1.14979649
4512.5000 1.12204659
4513.4000 1.09585643
4514.3000 1.08042395
4515.2000 1.08491755
4516.1000 1.09682012
4517.0000 1.0915736
4517.9000 1.08294308
4518.8000 1.09674168
4519.7000 1.12048948
4520.6000 1.13170981
4521.5000 1.11960924
4522.4000 1.09066319
4523.3000 1.07541668
4524.2000 1.07099259
4525.1000 1.04779923
4526.0000 1.00886607
4526.9000 0.97560996
4527.8000 0.95499563
4528.7000 0.94749862
4529.6000 0.95679414
4530.5000 0.97830939
4531.4000 1.00425422
4532.3000 1.01595545
4533.2000 0.99324304
4534.1000 0.96014172
4535.0000 0.95662636
4535.9000 1.00128853
4536.8000 1.07531178
4537.7000 1.1224544
4538.6000 1.11804712
4539.5000 1.08930254
4540.4000 1.06376994
4541.3000 1.05890059
4542.2000 1.07462013
4543.1000 1.0839715
4544.0000 1.06851053
4544.9000 1.04825211
4545.8000 1.04489207
4546.7000 1.04894078
4547.6000 1.03864181
4548.5000 1.00396717
4549.4000 0.97621787
4550.3000 0.99506426
4551.2000 1.0342921
4552.1000 1.04922593
4553.0000 1.04220212
4553.9000 1.02695143
4554.8000 1.01425159
4555.7000 1.0224458
4556.6000 1.05733943
4557.5000 1.09510982
4558.4000 1.11525989
4559.3000 1.12475991
4560.2000 1.13398314
4561.1000 1.14206433
4562.0000 1.13374221
4562.9000 1.09532332
4563.8000 1.0425601
4564.7000 1.01015747
4565.6000 1.01934159
4566.5000 1.0623126
4567.4000 1.10356915
4568.3000 1.1188755
4569.2000 1.11589026
4570.1000 1.0931375
4571.0000 1.05430162
4571.9000 1.04713845
4572.8000 1.0867697
4573.7000 1.11958551
4574.6000 1.11922145
4575.5000 1.11301875
4576.4000 1.11659396
4577.3000 1.11810946
4578.2000 1.09972465
4579.1000 1.05922914
4580.0000 1.01588702
4580.9000 0.99457777
4581.8000 1.00250649
4582.7000 1.01605999
4583.6000 1.01778436
4584.5000 1.01571476
4585.4000 1.01577151
4586.3000 1.02882397
4587.2000 1.0619092
4588.1000 1.09442735
4589.0000 1.10573137
4589.9000 1.09385133
4590.8000 1.06383491
4591.7000 1.0336374
4592.6000 1.03020048
4593.5000 1.04787731
4594.4000 1.05261731
4595.3000 1.04076946
4596.2000 1.03530025
4597.1000 1.03988397
4598.0000 1.05012941
4598.9000 1.0556972
4599.8000 1.03971195
4600.7000 1.02713478
4601.6000 1.04238939
4602.5000 1.0636431
4603.4000 1.07252586
4604.3000 1.06693864
4605.2000 1.06300414
4606.1000 1.07880056
4607.0000 1.10056412
4607.9000 1.12007391
4608.8000 1.13660169
4609.7000 1.1322403
4610.6000 1.10719049
4611.5000 1.08579516
4612.4000 1.07370162
4613.3000 1.06893909
4614.2000 1.08438599
4615.1000 1.09638083
4616.0000 1.08929849
4616.9000 1.08626962
4617.8000 1.083318
4618.7000 1.0695045
4619.6000 1.07312953
4620.5000 1.09930468
4621.4000 1.11069357
4622.3000 1.1013484
4623.2000 1.0970217
4624.1000 1.09655392
4625.0000 1.08759534
4625.9000 1.08252597
4626.8000 1.09356034
4627.7000 1.10386503
4628.6000 1.09200525
4629.5000 1.07670867
4630.4000 1.08690143
4631.3000 1.10302448
4632.2000 1.09219599
4633.1000 1.07084584
4634.0000 1.06695521
4634.9000 1.07407141
4635.8000 1.07235456
4636.7000 1.05405867
4637.6000 1.03455186
4638.5000 1.03137338
4639.4000 1.03829956
4640.3000 1.05155873
4641.2000 1.0745275
4642.1000 1.08500338
4643.0000 1.0731312
4643.9000 1.05733252
4644.8000 1.03896439
4645.7000 1.00384772
4646.6000 0.96865296
4647.5000 0.96115154
4648.4000 0.98423189
4649.3000 1.0239588
4650.2000 1.05640888
4651.1000 1.06998003
4652.0000 1.07717228
4652.9000 1.07732773
4653.8000 1.05257034
4654.7000 1.02275193
4655.6000 1.01588547
4656.5000 1.02521133
4657.4000 1.05521083
4658.3000 1.0994606
4659.2000 1.12617648
4660.1000 1.12291527
4661.0000 1.10071611
4661.9000 1.07430911
4662.8000 1.05062628
4663.7000 1.04032874
4664.6000 1.03382337
4665.5000 0.99478686
4666.4000 0.92351466
4667.3000 0.87817234
4668.2000 0.90174127
4669.1000 0.96740627
4670.0000 1.02459693
4670.9000 1.05190396
4671.8000 1.04727328
4672.7000 1.02969337
4673.6000 1.03069735
4674.5000 1.05360806
4675.4000 1.08098078
4676.3000 1.09146571
4677.2000 1.07010508
4678.1000 1.0319016
4679.0000 1.00573874
4679.9000 0.99971956
4680.8000 1.00291228
4681.7000 1.01451373
4682.6000 1.03736091
4683.5000 1.05726862
4684.4000 1.06148124
4685.3000 1.06241238
4686.2000 1.06724548
4687.1000 1.06519949
4688.0000 1.05480373
4688.9000 1.04601848
4689.8000 1.03932142
4690.7000 1.03037798
4691.6000 1.02823257
4692.5000 1.03963828
4693.4000 1.05541933
4694.3000 1.06853175
4695.2000 1.07754719
4696.1000 1.07681298
4697.0000 1.05611062
4697.9000 1.02117169
4698.8000 0.9985643
4699.7000 1.00048602
4700.6000 1.00272989
4701.5000 0.98242629
4702.4000 0.95363283
4703.3000 0.9530825
4704.2000 0.99165303
4705.1000 1.02962673
4706.0000 1.03202975
4706.9000 1.00552559
4707.8000 0.9789632
4708.7000 0.97358078
4709.6000 0.99461812
4710.5000 1.03152716
4711.4000 1.05647898
4712.3000 1.05355203
4713.2000 1.02845526
4714.1000 1.00544953
4715.0000 1.01698697
4715.9000 1.05822313
4716.8000 1.08836234
4717.7000 1.09718752
4718.6000 1.1061933
4719.5000 1.11701441
4720.4000 1.11435056
4721.3000 1.09996033
4722.2000 1.09277356
4723.1000 1.10105789
4724.0000 1.11540806
4724.9000 1.12081456
4725.8000 1.1016655
4726.7000 1.05714023
4727.6000 1.01316702
4728.5000 0.99364442
4729.4000 0.99219084
4730.3000 0.99738759
4731.2000 1.0132612
4732.1000 1.03832424
4733.0000 1.05735469
4733.9000 1.06671619
4734.8000 1.06397092
4735.7000 1.04000771
4736.6000 1.02190924
4737.5000 1.0437448
4738.4000 1.08092797
4739.3000 1.08793032
4740.2000 1.07211781
4741.1000 1.06926084
4742.0000 1.0871886
4742.9000 1.10349393
4743.8000 1.10010529
4744.7000 1.08932102
4745.6000 1.0912441
4746.5000 1.10283339
4747.4000 1.10523057
4748.3000 1.09826314
4749.2000 1.09645724
4750.1000 1.09722817
4751.0000 1.08832192
4751.9000 1.07137585
4752.8000 1.0564549
4753.7000 1.0448792
4754.6000 1.03709543
4755.5000 1.03362143
4756.4000 1.03941298
4757.3000 1.05898845
4758.2000 1.08500934
4759.1000 1.10408211
4760.0000 1.09996188
4760.9000 1.06638193
4761.8000 1.02577686
4762.7000 1.00845492
4763.6000 1.00750029
4764.5000 0.9997924
4765.4000 0.99043638
4766.3000 0.99976003
4767.2000 1.02858758
4768.1000 1.06109834
4769.0000 1.08939016
4769.9000 1.09740329
4770.8000 1.07681239
4771.7000 1.05761039
4772.6000 1.06936395
4773.5000 1.10259426
4774.4000 1.12555206
4775.3000 1.12398946
4776.2000 1.12039697
4777.1000 1.13182104
4778.0000 1.13740087
4778.9000 1.12610304
4779.8000 1.11764944
4780.7000 1.12134314
4781.6000 1.11422694
4782.5000 1.08688033
4783.4000 1.07142723
4784.3000 1.07889545
4785.2000 1.07315528
4786.1000 1.05094659
4787.0000 1.05014539
4787.9000 1.06386065
4788.8000 1.06424165
4789.7000 1.06469953
4790.6000 1.07501757
4791.5000 1.08407974
4792.4000 1.09860289
4793.3000 1.12610626
4794.2000 1.15233243
4795.1000 1.15970874
4796.0000 1.14946353
4796.9000 1.12827778
4797.8000 1.09769368
4798.7000 1.06990302
4799.6000 1.06147087
4800.5000 1.07618284
4801.4000 1.1017499
4802.3000 1.11891019
4803.2000 1.11734498
4804.1000 1.09964907
4805.0000 1.08335543
4805.9000 1.07991636
4806.8000 1.07398868
4807.7000 1.06518722
4808.6000 1.0696919
4809.5000 1.08357608
4810.4000 1.09556484
4811.3000 1.10171771
4812.2000 1.10350001
4813.1000 1.10753286
4814.0000 1.11848998
4814.9000 1.13256121
4815.8000 1.14154601
4816.7000 1.14098775
4817.6000 1.1383518
4818.5000 1.14242423
4819.4000 1.14420974
4820.3000 1.13718796
4821.2000 1.12420523
4822.1000 1.0948863
4823.0000 1.05373323
4823.9000 1.04353487
4824.8000 1.07488739
4825.7000 1.10947883
4826.6000 1.12204349
4827.5000 1.10971427
4828.4000 1.08709252
4829.3000 1.07862961
4830.2000 1.08258355
4831.1000 1.07828104
4832.0000 1.07329416
4832.9000 1.0815804
4833.8000 1.09360373
4834.7000 1.09717035
4835.6000 1.09543657
4836.5000 1.09701812
4837.4000 1.0913924
4838.3000 1.06541145
4839.2000 1.03587449
4840.1000 1.02703214
4841.0000 1.04016984
4841.9000 1.05061018
4842.8000 1.0495106
4843.7000 1.05815876
4844.6000 1.08097351
4845.5000 1.09585619
4846.4000 1.09083188
4847.3000 1.06767797
4848.2000 1.04330289
4849.1000 1.04391646
4850.0000 1.06402075
4850.9000 1.07259727
4851.8000 1.06208587
4852.7000 1.04645562
4853.6000 1.01952124
4854.5000 0.97177577
4855.4000 0.93270284
4856.3000 0.93336177
4857.2000 0.94640732
4858.1000 0.92196453
4859.0000 0.84281665
4859.9000 0.72537309
4860.8000 0.63393152
4861.7000 0.65044528
4862.6000 0.75721127
4863.5000 0.85486376
4864.4000 0.91306734
4865.3000 0.95329058
4866.2000 0.98441064
4867.1000 1.00673258
4868.0000 1.02049255
4868.9000 1.02231383
4869.8000 0.99050993
4870.7000 0.93234748
4871.6000 0.90708029
4872.5000 0.94279176
4873.4000 0.99628013
4874.3000 1.02523386
4875.2000 1.03235137
4876.1000 1.03394926
4877.0000 1.03439426
4877.9000 1.04297173
4878.8000 1.07731116
4879.7000 1.1080569
4880.6000 1.09471238
4881.5000 1.06590676
4882.4000 1.06312847
4883.3000 1.06851017
4884.2000 1.04776156
4885.1000 1.01344228
4886.0000 0.99408185
4886.9000 0.99964356
4887.8000 1.01348615
4888.7000 1.01528823
4889.6000 0.99046469
4890.5000 0.94758475
4891.4000 0.94810802
4892.3000 1.01924825
4893.2000 1.09949207
4894.1000 1.14297616
4895.0000 1.15255404
4895.9000 1.14372468
4896.8000 1.13469505
4897.7000 1.1320374
4898.6000 1.11943603
4899.5000 1.0991888
4900.4000 1.09512448
4901.3000 1.1014334
4902.2000 1.08813262
4903.1000 1.06308866
4904.0000 1.06151152
4904.9000 1.08883536
4905.8000 1.11413932
4906.7000 1.11314046
4907.6000 1.09035945
4908.5000 1.05494368
4909.4000 1.01299751
4910.3000 0.98868454
4911.2000 1.00478578
4912.1000 1.04326665
4913.0000 1.0743506
4913.9000 1.09730077
4914.8000 1.11762607
4915.7000 1.1185348
4916.6000 1.08267081
4917.5000 1.01605344
4918.4000 0.94434255
4919.3000 0.89784455
4920.2000 0.89589995
4921.1000 0.94026041
4922.0000 0.99505073
4922.9000 1.01226795
4923.8000 1.00313413
4924.7000 1.01455069
4925.6000 1.05427027
4926.5000 1.08338475
4927.4000 1.09019899
4928.3000 1.09884179
4929.2000 1.11095989
4930.1000 1.11252904
4931.0000 1.10632813
4931.9000 1.0831275
4932.8000 1.03696907
4933.7000 1.0100987
4934.6000 1.03140855
4935.5000 1.05631459
4936.4000 1.04154921
4937.3000 1.00024033
4938.2000 0.96643788
4939.1000 0.97287184
4940.0000 1.02420402
4940.9000 1.0787282
4941.8000 1.10342896
4942.7000 1.11498582
4943.6000 1.12377667
4944.5000 1.1098609
4945.4000 1.08031833
4946.3000 1.07336438
4947.2000 1.09588313
4948.1000 1.11628354
4949.0000 1.1174798
4949.9000 1.11292171
4950.8000 1.11251366
4951.7000 1.10645664
4952.6000 1.09515285
4953.5000 1.09385967
4954.4000 1.09705853
4955.3000 1.07416141
4956.2000 1.00163996
4957.1000 0.92674065
4958.0000 0.94473553
4958.9000 1.04302049
4959.8000 1.11776721
4960.7000 1.1336242
4961.6000 1.12308466
4962.5000 1.11807859
4963.4000 1.11707592
4964.3000 1.09893012
4965.2000 1.0689441
4966.1000 1.05358899
4967.0000 1.05235124
4967.9000 1.04841411
4968.8000 1.04193258
4969.7000 1.04161596
4970.6000 1.0534184
4971.5000 1.07564807
4972.4000 1.09195769
4973.3000 1.09971917
4974.2000 1.10628164
4975.1000 1.10639143
4976.0000 1.09873855
4976.9000 1.08546698
4977.8000 1.06254792
4978.7000 1.04223549
4979.6000 1.03764153
4980.5000 1.02799702
4981.4000 0.98829198
4982.3000 0.93366402
4983.2000 0.90786904
4984.1000 0.92479938
4985.0000 0.96516114
4985.9000 1.01644313
4986.8000 1.06608522
4987.7000 1.09022224
4988.6000 1.08451581
4989.5000 1.06616449
4990.4000 1.04717422
4991.3000 1.04185677
4992.2000 1.05148721
4993.1000 1.05639791
4994.0000 1.06418407
4994.9000 1.08723962
4995.8000 1.09827876
4996.7000 1.08438396
4997.6000 1.06430411
4998.5000 1.04034293
4999.4000 1.01319885
5000.3000 0.99385935
5001.2000 0.98648846
5002.1000 0.99272817
5003.0000 1.00613511
5003.9000 1.00252247
5004.8000 0.96744782
5005.7000 0.93096083
5006.6000 0.94101691
5007.5000 0.99809241
5008.4000 1.05171621
5009.3000 1.06527984
5010.2000 1.04499602
5011.1000 1.00763524
5012.0000 0.96506369
5012.9000 0.93541592
5013.8000 0.9314096
5014.7000 0.95259333
5015.6000 0.97725713
5016.5000 0.97385985
5017.4000 0.9491365
5018.3000 0.94571012
5019.2000 0.97798383
5020.1000 1.01013327
5021.0000 1.01251483
5021.9000 1.00125432
5022.8000 1.00619304
5023.7000 1.02716708
5024.6000 1.04071879
5025.5000 1.03644586
5026.4000 1.01524448
5027.3000 0.99676555
5028.2000 1.0113672
5029.1000 1.0444411
5030.0000 1.06252015
5030.9000 1.06946945
5031.8000 1.08346343
5032.7000 1.10001814
5033.6000 1.09595454
5034.5000 1.05642736
5035.4000 1.00793576
5036.3000 0.99580944
5037.2000 1.01052988
5038.1000 1.00554132
5039.0000 0.96964025
5039.9000 0.9197315
5040.8000 0.88414937
5041.7000 0.90780491
5042.6000 0.98544675
5043.5000 1.0536592
5044.4000 1.08755124
5045.3000 1.10319614
5046.2000 1.1001817
5047.1000 1.06728292
5048.0000 1.02125037
5048.9000 0.99633914
5049.8000 0.99788874
5050.7000 1.0034529
5051.6000 1.00815153
5052.5000 1.02830338
5053.4000 1.06004226
5054.3000 1.08185971
5055.2000 1.08751702
5056.1000 1.08546555
5057.0000 1.0852021
5057.9000 1.08963645
5058.8000 1.09356928
5059.7000 1.09719944
5060.6000 1.1061511
5061.5000 1.11510456
5062.4000 1.10937846
5063.3000 1.07491291
5064.2000 1.02659345
5065.1000 1.0058887
5066.0000 1.02003193
5066.9000 1.03256786
5067.8000 1.02987719
5068.7000 1.03456342
5069.6000 1.05296528
5070.5000 1.05892956
5071.4000 1.03717339
5072.3000 1.01752627
5073.2000 1.0226115
5074.1000 1.0320307
5075.0000 1.03349864
5075.9000 1.04314041
5076.8000 1.05705416
5077.7000 1.03992784
5078.6000 0.9810096
5079.5000 0.92843181
5080.4000 0.93125665
5081.3000 0.97138286
5082.2000 0.99870211
5083.1000 1.00461709
5084.0000 1.01810932
5084.9000 1.04611504
5085.8000 1.06402075
5086.7000 1.06325841
5087.6000 1.05802774
5088.5000 1.06021082
5089.4000 1.06569099
5090.3000 1.06754816
5091.2000 1.07261944
5092.1000 1.08622384
5093.0000 1.0979532
5093.9000 1.09767318
5094.8000 1.08619189
5095.7000 1.06057167
5096.6000 1.01731181
5097.5000 0.96666211
5098.4000 0.932926
5099.3000 0.94362986
5100.2000 0.99794006
5101.1000 1.05467868
5102.0000 1.07711351
5102.9000 1.0681982
5103.8000 1.05162966
5104.7000 1.04254401
5105.6000 1.03428149
5106.5000 1.01667142
5107.4000 1.00163627
5108.3000 1.0008719
5109.2000 1.00170457
5110.1000 1.00534081
5111.0000 1.03003883
5111.9000 1.06282949
5112.8000 1.07836866
5113.7000 1.07615399
5114.6000 1.06881297
5115.5000 1.06952727
5116.4000 1.08422256
5117.3000 1.10030735
5118.2000 1.10367978
5119.1000 1.09412062
5120.0000 1.07544661
5120.9000 1.05405438
5121.8000 1.0344255
5122.7000 1.01420426
5123.6000 0.99239022
5124.5000 0.97799712
5125.4000 0.9799096
5126.3000 0.99120069
5127.2000 0.99803269
5128.1000 0.99447054
5129.0000 0.99209279
5129.9000 1.0013535
5130.8000 1.01238716
5131.7000 1.01593029
5132.6000 1.01489854
5133.5000 1.02013373
5134.4000 1.03815663
5135.3000 1.04718256
5136.2000 1.02527153
5137.1000 0.99212074
5138.0000 0.96833539
5138.9000 0.95803732
5139.8000 0.97220987
5140.7000 0.99080193
5141.6000 0.97777319
5142.5000 0.96164894
5143.4000 0.98320359
5144.3000 1.01507545
5145.2000 1.01772594
5146.1000 0.9988727
5147.0000 0.98309046
5147.9000 0.98739046
5148.8000 1.0100373
5149.7000 1.02461135
5150.6000 1.01719844
5151.5000 1.00582016
5152.4000 1.00285494
5153.3000 1.00099194
5154.2000 1.00161588
5155.1000 1.01137114
5156.0000 1.02921546
5156.9000 1.0479511
5157.8000 1.05642259
5158.7000 1.05583978
5159.6000 1.05521429
5160.5000 1.0478704
5161.4000 1.02521515
5162.3000 1.00495052
5163.2000 0.99791163
5164.1000 0.97978407
5165.0000 0.93022072
5165.9000 0.8530193
5166.8000 0.77660763
5167.7000 0.75371188
5168.6000 0.80747676
5169.5000 0.88760042
5170.4000 0.9043932
5171.3000 0.82330358
5172.2000 0.73496658
5173.1000 0.75832576
5174.0000 0.883578
5174.9000 1.00043344
5175.8000 1.04818308
5176.7000 1.05636513
5177.6000 1.06156301
5178.5000 1.06506896
5179.4000 1.05909562
5180.3000 1.03869557
5181.2000 0.98106176
5182.1000 0.86147469
5183.0000 0.73221982
5183.9000 0.70812154
5184.8000 0.81217331
5185.7000 0.94074023
5186.6000 1.00739241
5187.5000 1.01136565
5188.4000 1.00334322
5189.3000 1.01562989
5190.2000 1.01469886
5191.1000 0.97047853
5192.0000 0.93111265
5192.9000 0.94710815
5193.8000 0.98075753
5194.7000 0.98280114
5195.6000 0.97253811
5196.5000 0.97977865
5197.4000 0.99906266
5198.3000 1.02153039
5199.2000 1.04470587
5200.1000 1.05773473
5201.0000 1.05314136
5201.9000 1.04195595
5202.8000 1.03301346
5203.7000 1.01213884
5204.6000 0.97687519
5205.5000 0.9576003
5206.4000 0.96403003
5207.3000 0.96568525
5208.2000 0.95741087
5209.1000 0.97131884
5210.0000 1.00642586
5210.9000 1.0375396
5211.8000 1.05890632
5212.7000 1.06848288
5213.6000 1.05336094
5214.5000 1.01241851
5215.4000 0.97129232
5216.3000 0.95469695
5217.2000 0.96735245
5218.1000 1.00120211
5219.0000 1.0371815
5219.9000 1.05630291
5220.8000 1.05983043
5221.7000 1.05742216
5222.6000 1.04848719
5223.5000 1.02609658
5224.4000 0.98486257
5225.3000 0.9260385
5226.2000 0.87028503
5227.1000 0.86449385
5228.0000 0.91738188
5228.9000 0.97461307
5229.8000 1.00390625
5230.7000 1.01325428
5231.6000 0.99821365
5232.5000 0.96467406
5233.4000 0.94727361
5234.3000 0.95404619
5235.2000 0.97170645
5236.1000 0.9975189
5237.0000 1.02598333
5237.9000 1.04491913
5238.8000 1.05023897
5239.7000 1.05073071
5240.6000 1.05012178
5241.5000 1.0398767
5242.4000 1.02381051
5243.3000 1.02308774
5244.2000 1.04190111
5245.1000 1.05585921
5246.0000 1.04383218
5246.9000 1.01987267
5247.8000 1.00862563
5248.7000 1.00345278
5249.6000 0.99160206
5250.5000 0.98744905
5251.4000 1.00243104
5252.3000 1.01756585
5253.2000 1.01396239
5254.1000 0.99659503
5255.0000 0.9904027
5255.9000 1.01369381
5256.8000 1.04877222
5257.7000 1.07060647
5258.6000 1.07372463
5259.5000 1.05934966
5260.4000 1.0263567
5261.3000 0.97825474
5262.2000 0.9308247
5263.1000 0.89793044
5264.0000 0.87487453
5264.9000 0.85502988
5265.8000 0.85429049
5266.7000 0.88893884
5267.6000 0.91994643
5268.5000 0.89274621
5269.4000 0.84097475
5270.3000 0.84777498
5271.2000 0.91249615
5272.1000 0.96109414
5273.0000 0.96542203
5273.9000 0.94994271
5274.8000 0.93253654
5275.7000 0.93973845
5276.6000 0.98650521
5277.5000 1.0372541
5278.4000 1.05523586
5279.3000 1.04124999
5280.2000 1.01492214
5281.1000 0.99065912
5282.0000 0.97217691
5282.9000 0.9563418
5283.8000 0.95587295
5284.7000 0.99099803
5285.6000 1.04180706
5286.5000 1.06984532
5287.4000 1.06959426
5288.3000 1.06399369
5289.2000 1.06992877
5290.1000 1.08242702
5291.0000 1.08611596
5291.9000 1.07706761
5292.8000 1.06483257
5293.7000 1.05859852
5294.6000 1.05339491
5295.5000 1.03338206
5296.4000 0.991642
5297.3000 0.94806921
5298.2000 0.94057709
5299.1000 0.97472894
5300.0000 1.01000202
5300.9000 1.01669705
5301.8000 1.01022494
5302.7000 1.02008855
5303.6000 1.04677999
5304.5000 1.06686461
5305.4000 1.06684232
5306.3000 1.05192649
5307.2000 1.03925359
5308.1000 1.04245913
5309.0000 1.05789924
5309.9000 1.07168674
5310.8000 1.07641113
5311.7000 1.07210422
5312.6000 1.06203425
5313.5000 1.05334795
5314.4000 1.04388547
5315.3000 1.02257693
5316.2000 0.99814337
5317.1000 0.99918026
5318.0000 1.02455187
5318.9000 1.04298186
5319.8000 1.04461372
5320.7000 1.03880203
5321.6000 1.02945983
5322.5000 1.00912249
5323.4000 0.97710913
5324.3000 0.95970368
5325.2000 0.97317863
5326.1000 0.97749877
5327.0000 0.92903489
5327.9000 0.86344856
5328.8000 0.86191279
5329.7000 0.93136239
5330.6000 1.00065351
5331.5000 1.02363539
5332.4000 1.01572537
5333.3000 1.01603377
5334.2000 1.03356254
5335.1000 1.04616868
5336.0000 1.04200339
5336.9000 1.03191435
5337.8000 1.0234865
5338.7000 1.00325239
5339.6000 0.96775967
5340.5000 0.94749707
5341.4000 0.96727318
5342.3000 1.00435495
5343.2000 1.027619
5344.1000 1.03179312
5345.0000 1.02148414
5345.9000 1.01206827
5346.8000 1.01216733
5347.7000 1.00731134
5348.6000 0.99242324
5349.5000 0.99058253
5350.4000 1.01344132
5351.3000 1.03791368
5352.2000 1.04186451
5353.1000 1.03723216
5354.0000 1.04615855
5354.9000 1.06536496
5355.8000 1.07834101
5356.7000 1.08153868
5357.6000 1.080199
5358.5000 1.07910371
5359.4000 1.07802093
5360.3000 1.06991148
5361.2000 1.05065417
5362.1000 1.02830946
5363.0000 1.01284695
5363.9000 1.00081205
5364.8000 0.98985541
5365.7000 0.99088204
5366.6000 0.99687165
5367.5000 0.99708885
5368.4000 0.9877767
5369.3000 0.95913815
5370.2000 0.92522663
5371.1000 0.91769332
5372.0000 0.95055407
5372.9000 1.00094914
5373.8000 1.03617036
5374.7000 1.05218899
5375.6000 1.05526471
5376.5000 1.04807198
5377.4000 1.04077613
5378.3000 1.03795898
5379.2000 1.03176939
5380.1000 1.02151501
5381.0000 1.01413679
5381.9000 1.00685084
5382.8000 0.99745357
5383.7000 1.0050317
5384.6000 1.03212273
5385.5000 1.04977584
5386.4000 1.04848647
5387.3000 1.04159236
5388.2000 1.03300357
5389.1000 1.01798487
5390.0000 1.00266635
5390.9000 0.99219298
5391.8000 0.98367697
5392.7000 0.97870046
5393.6000 0.98462379
5394.5000 0.99858236
5395.4000 0.99859464
5396.3000 0.97553992
5397.2000 0.95618671
5398.1000 0.96514428
5399.0000 0.98468095
5399.9000 0.99195796
5400.8000 0.99814117
5401.7000 1.00991094
5402.6000 0.99968827
5403.5000 0.955293
5404.4000 0.90974438
5405.3000 0.89646876
5406.2000 0.92034727
5407.1000 0.96078795
5408.0000 0.9829852
5408.9000 0.97065514
5409.8000 0.94642901
5410.7000 0.94762236
5411.6000 0.97678578
5412.5000 1.00267911
5413.4000 1.002671
5414.3000 0.98748797
5415.2000 0.98446769
5416.1000 1.00334311
5417.0000 1.02326012
5417.9000 1.02716422
5418.8000 1.01878786
5419.7000 1.00485325
5420.6000 0.99562001
5421.5000 0.99954355
5422.4000 0.99863482
5423.3000 0.97425479
5424.2000 0.95407498
5425.1000 0.97298169
5426.0000 1.01582038
5426.9000 1.04273975
5427.8000 1.02772117
5428.7000 0.97896707
5429.6000 0.94535261
5430.5000 0.96334052
5431.4000 0.99762052
5432.3000 1.00070381
5433.2000 0.97948062
5434.1000 0.95970541
5435.0000 0.95374757
5435.9000 0.9638043
5436.8000 0.98845613
5437.7000 1.0197289
5438.6000 1.04248786
5439.5000 1.04898536
5440.4000 1.04478216
5441.3000 1.04021215
5442.2000 1.04064178
5443.1000 1.03515482
5444.0000 1.01099145
5444.9000 0.9729445
5445.8000 0.93545914
5446.7000 0.92269486
5447.6000 0.95306641
5448.5000 1.00339234
5449.4000 1.0350436
5450.3000 1.04027867
5451.2000 1.03453231
5452.1000 1.02868962
5453.0000 1.01893771
5453.9000 0.99146187
5454.8000 0.952371
5455.7000 0.94165474
5456.6000 0.97542518
5457.5000 1.01792884
5458.4000 1.03990412
5459.3000 1.0423981
5460.2000 1.03243291
5461.1000 1.0091933
5462.0000 0.97300982
5462.9000 0.9464137
5463.8000 0.95400625
5464.7000 0.98138899
5465.6000 0.99498105
5466.5000 0.99551475
5467.4000 1.00234377
5468.3000 1.01269889
5469.2000 1.01454842
5470.1000 1.01020813
5471.0000 1.00874043
5471.9000 1.00358927
5472.8000 0.98973024
5473.7000 0.98004901
5474.6000 0.97118598
5475.5000 0.94037133
5476.4000 0.90150583
5477.3000 0.90360212
5478.2000 0.94744092
5479.1000 0.98228818
5480.0000 0.97880882
5480.9000 0.95749819
5481.8000 0.9523055
5482.7000 0.9684431
5483.6000 0.99290198
5484.5000 1.0150367
5485.4000 1.02047288
5486.3000 1.00174832
5487.2000 0.97509259
5488.1000 0.96746278
5489.0000 0.97980577
5489.9000 0.99359268
5490.8000 1.00066936
5491.7000 0.99980801
5492.6000 0.99028379
5493.5000 0.98062491
5494.4000 0.98383802
5495.3000 0.9936918
5496.2000 0.99138099
5497.1000 0.98066199
5498.0000 0.98672348
5498.9000 1.00772464
5499.8000 1.0130384
5500.7000 0.9916935
5501.6000 0.96694297
5502.5000 0.96216768
5503.4000 0.97440135
5504.3000 0.98578209
5505.2000 0.98188251
5506.1000 0.96962684
5507.0000 0.97040749
5507.9000 0.9838838
5508.8000 0.99116969
5509.7000 0.98798162
5510.6000 0.98034275
5511.5000 0.96650773
5512.4000 0.95211244
5513.3000 0.95235234
5514.2000 0.96840483
5515.1000 0.98627627
5516.0000 0.9960236
5516.9000 1.00066781
5517.8000 1.00560057
5518.7000 1.01088428
5519.6000 1.01255178
5520.5000 1.00980008
5521.4000 1.00673842
5522.3000 1.00554931
5523.2000 1.00468051
5524.1000 0.99932545
5525.0000 0.98617852
5525.9000 0.96686226
5526.8000 0.94087857
5527.7000 0.91476554
5528.6000 0.9156161
5529.5000 0.95131999
5530.4000 0.98965228
5531.3000 1.00357437
5532.2000 0.99848419
5533.1000 0.98812491
5534.0000 0.97332811
5534.9000 0.96269828
5535.8000 0.96923864
5536.7000 0.98522872
5537.6000 0.9924587
5538.5000 0.99364984
5539.4000 0.99983114
5540.3000 1.00892603
5541.2000 1.01135385
5542.1000 0.99935305
5543.0000 0.9819563
5543.9000 0.97774714
5544.8000 0.98656642
5545.7000 0.99252701
5546.6000 0.99388528
5547.5000 1.00189006
5548.4000 1.01471186
5549.3000 1.02152812
5550.2000 1.02130532
5551.1000 1.01734245
5552.0000 1.00727725
5552.9000 0.98987514
5553.8000 0.97168553
5554.7000 0.96979839
5555.6000 0.98720664
5556.5000 1.00263262
5557.4000 1.00265086
5558.3000 0.99594933
5559.2000 0.99328721
5560.1000 0.99269325
5561.0000 0.98933536
5561.9000 0.97849339
5562.8000 0.96518779
5563.7000 0.96380651
5564.6000 0.96892959
5565.5000 0.96884698
5566.4000 0.96853495
5567.3000 0.97046369
5568.2000 0.96483958
5569.1000 0.95408529
5570.0000 0.95931643
5570.9000 0.97545165
5571.8000 0.96944976
5572.7000 0.94809026
5573.6000 0.95007217
5574.5000 0.96996844
5575.4000 0.97473335
5576.3000 0.97089124
5577.2000 0.97727889
5578.1000 0.9824543
5579.0000 0.98316509
5579.9000 0.98655581
5580.8000 0.98584753
5581.7000 0.98267066
5582.6000 0.98824656
5583.5000 0.99773681
5584.4000 0.99301046
5585.3000 0.96345741
5586.2000 0.91810793
5587.1000 0.88278806
5588.0000 0.87529999
5588.9000 0.88877273
5589.8000 0.9127866
5590.7000 0.94000912
5591.6000 0.95552063
5592.5000 0.95384109
5593.4000 0.94423562
5594.3000 0.9414888
5595.2000 0.9622286
5596.1000 0.99080414
5597.0000 0.99039251
5597.9000 0.96206415
5598.8000 0.94081968
5599.7000 0.93994033
5600.6000 0.93572092
5601.5000 0.91784471
5602.4000 0.90790093
5603.3000 0.92841339
5604.2000 0.97333759
5605.1000 1.01007926
5606.0000 1.02331185
5606.9000 1.02448595
5607.8000 1.02136421
5608.7000 1.01542807
5609.6000 1.01056683
5610.5000 1.0114398
5611.4000 1.01676726
5612.3000 1.01847196
5613.2000 1.00225842
5614.1000 0.9537434
5615.0000 0.89642632
5615.9000 0.8859669
5616.8000 0.92859745
5617.7000 0.97091341
5618.6000 0.98022556
5619.5000 0.97638649
5620.4000 0.98214334
5621.3000 0.99585241
5622.2000 1.00210178
5623.1000 0.98120904
5624.0000 0.94242549
5624.9000 0.9249301
5625.8000 0.94148088
5626.7000 0.96807456
5627.6000 0.98648769
5628.5000 1.00053263
5629.4000 1.0136286
5630.3000 1.01858854
5631.2000 1.01442182
5632.1000 1.00486302
5633.0000 0.98943323
5633.9000 0.97345984
5634.8000 0.96628326
5635.7000 0.96359098
5636.6000 0.95364267
5637.5000 0.94621861
5638.4000 0.95813221
5639.3000 0.97642791
5640.2000 0.97637612
5641.1000 0.96285975
5642.0000 0.96099991
5642.9000 0.96954829
5643.8000 0.9726674
5644.7000 0.97289252
5645.6000 0.97900158
5646.5000 0.99115741
5647.4000 0.99988151
5648.3000 0.99443096
5649.2000 0.97625655
5650.1000 0.96418661
5651.0000 0.97477078
5651.9000 0.99445051
5652.8000 0.99641502
5653.7000 0.9754827
5654.6000 0.9516021
5655.5000 0.94752508
5656.4000 0.9498269
5657.3000 0.92580366
5658.2000 0.88907588
5659.1000 0.88756329
5660.0000 0.92533344
5660.9000 0.95574117
5661.8000 0.95391798
5662.7000 0.94424498
5663.6000 0.95044106
5664.5000 0.96751475
5665.4000 0.97846311
5666.3000 0.97333312
5667.2000 0.96050888
5668.1000 0.95518869
5669.0000 0.9618178
5669.9000 0.97393793
5670.8000 0.98540938
5671.7000 0.99658245
5672.6000 1.00691605
5673.5000 1.00993729
5674.4000 0.99959278
5675.3000 0.98662865
5676.2000 0.98814189
5677.1000 0.99736381
5678.0000 0.99596852
5678.9000 0.98690629
5679.8000 0.9841072
5680.7000 0.98126096
5681.6000 0.96332502
5682.5000 0.94078934
5683.4000 0.93511927
5684.3000 0.94561577
5685.2000 0.95714462
5686.1000 0.95498765
5687.0000 0.94130021
5687.9000 0.93292826
5688.8000 0.94003534
5689.7000 0.96022725
5690.6000 0.97933334
5691.5000 0.98903251
5692.4000 0.99001479
5693.3000 0.98415226
5694.2000 0.97934294
5695.1000 0.98122454
5696.0000 0.98652947
5696.9000 0.986839
5697.8000 0.97933722
5698.7000 0.97185653
5699.6000 0.96759146
5700.5000 0.95971221
5701.4000 0.94975173
5702.3000 0.94972414
5703.2000 0.96200418
5704.1000 0.96946818
5705.0000 0.95910156
5705.9000 0.9404543
5706.8000 0.92698914
5707.7000 0.91639334
5708.6000 0.90102822
5709.5000 0.89043421
5710.4000 0.89226943
5711.3000 0.89978069
5712.2000 0.91620249
5713.1000 0.94161469
5714.0000 0.96099532
5714.9000 0.9674263
5715.8000 0.9697358
5716.7000 0.97413111
5717.6000 0.97947276
5718.5000 0.98614901
5719.4000 0.99267626
5720.3000 0.99558079
5721.2000 0.99642187
5722.1000 0.99697232
5723.0000 0.99591762
5723.9000 0.99446207
5724.8000 0.99366397
5725.7000 0.99114203
5726.6000 0.98722005
5727.5000 0.99058151
5728.4000 1.00003958
5729.3000 1.00224245
5730.2000 0.99371916
5731.1000 0.98006839
5732.0000 0.97297639
5732.9000 0.97951895
5733.8000 0.99207592
5734.7000 1.00137687
5735.6000 1.00420916
5736.5000 1.00303996
5737.4000 1.00006115
5738.3000 0.99709481
5739.2000 0.99598163
5740.1000 0.99446577
5741.0000 0.98950571
5741.9000 0.98262101
5742.8000 0.97978204
5743.7000 0.98561001
5744.6000 0.99545974
5745.5000 0.99738133
5746.4000 0.98162973
5747.3000 0.9569518
5748.2000 0.94977444
5749.1000 0.96670902
5750.0000 0.98696458
5750.9000 0.99168271
5751.8000 0.97564977
5752.7000 0.9454093
5753.6000 0.91995978
5754.5000 0.92121679
5755.4000 0.9459402
5756.3000 0.97031343
5757.2000 0.98263377
5758.1000 0.98538101
5759.0000 0.98214996
5759.9000 0.97297704
5760.8000 0.95828575
5761.7000 0.94169962
5762.6000 0.93177462
5763.5000 0.94296557
5764.4000 0.97155154
5765.3000 0.99225777
5766.2000 0.99574596
5767.1000 0.99183494
5768.0000 0.99020517
5768.9000 0.99172163
5769.8000 0.99151242
5770.7000 0.98710328
5771.6000 0.97758073
5772.5000 0.9688046
5773.4000 0.96588683
5774.3000 0.96585441
5775.2000 0.97151387
5776.1000 0.98283625
5777.0000 0.98870546
5777.9000 0.98382586
5778.8000 0.97291291
5779.7000 0.95724732
5780.6000 0.93613845
5781.5000 0.92018992
5782.4000 0.91942257
5783.3000 0.9241038
5784.2000 0.92278433
5785.1000 0.9224937
5786.0000 0.93661618
5786.9000 0.95980114
5787.8000 0.97495276
5788.7000 0.98065084
5789.6000 0.97718096
5790.5000 0.96443218
5791.4000 0.95619166
5792.3000 0.96037167
5793.2000 0.96913683
5794.1000 0.97649306
5795.0000 0.98454994
5795.9000 0.98715013
5796.8000 0.97590113
5797.7000 0.96092159
5798.6000 0.96059114
5799.5000 0.97554928
5800.4000 0.98813456
5801.3000 0.98953193
5802.2000 0.98452616
5803.1000 0.97487795
5804.0000 0.9622488
5804.9000 0.952833
5805.8000 0.95197624
5806.7000 0.9605
5807.6000 0.96981186
5808.5000 0.97320735
5809.4000 0.97493309
5810.3000 0.97953141
5811.2000 0.98600143
5812.1000 0.98920125
5813.0000 0.98954624
5813.9000 0.98664242
5814.8000 0.97650164
5815.7000 0.96260744
5816.6000 0.95646209
5817.5000 0.96582878
5818.4000 0.98278844
5819.3000 0.99506015
5820.2000 1.00009429
5821.1000 0.99917859
5822.0000 0.99617368
5822.9000 0.99457973
5823.8000 0.99256957
5824.7000 0.99050969
5825.6000 0.99145108
5826.5000 0.99451381
5827.4000 0.99464458
5828.3000 0.99115139
5829.2000 0.98908436
5830.1000 0.99025792
5831.0000 0.99124908
5831.9000 0.98802531
5832.8000 0.98258656
5833.7000 0.97957003
5834.6000 0.97783333
5835.5000 0.97832525
5836.4000 0.98208755
5837.3000 0.98389435
5838.2000 0.98218322
5839.1000 0.98060334
5840.0000 0.9846167
5840.9000 0.99169421
5841.8000 0.99558693
5842.7000 0.99745822
5843.6000 0.9973616
5844.5000 0.99568504
5845.4000 0.99171537
5846.3000 0.9834165
5847.2000 0.97337258
5848.1000 0.96719241
5849.0000 0.96980482
5849.9000 0.97855479
5850.8000 0.98181069
5851.7000 0.97497171
5852.6000 0.96291798
5853.5000 0.9532485
5854.4000 0.95153981
5855.3000 0.94986784
5856.2000 0.9362756
5857.1000 0.91588408
5858.0000 0.90829468
5858.9000 0.91950083
5859.8000 0.93580389
5860.7000 0.94845331
5861.6000 0.9534269
5862.5000 0.95540464
5863.4000 0.96329701
5864.3000 0.97378165
5865.2000 0.97681093
5866.1000 0.96890509
5867.0000 0.96133012
5867.9000 0.96409762
5868.8000 0.97374243
5869.7000 0.98383605
5870.6000 0.99059159
5871.5000 0.99203908
5872.4000 0.98676956
5873.3000 0.97908586
5874.2000 0.9779672
5875.1000 0.98148805
5876.0000 0.98285335
5876.9000 0.98121011
5877.8000 0.97783798
5878.7000 0.97434372
5879.6000 0.96931714
5880.5000 0.96655309
5881.4000 0.96993095
5882.3000 0.97007197
5883.2000 0.96219242
5884.1000 0.95532072
5885.0000 0.95947731
5885.9000 0.97118849
5886.8000 0.975842
5887.7000 0.95429248
5888.6000 0.88576466
5889.5000 0.79199523
5890.4000 0.75068647
5891.3000 0.79556936
5892.2000 0.87134314
5893.1000 0.92076027
5894.0000 0.92659986
5894.9000 0.88126105
5895.8000 0.81779319
5896.7000 0.809084
5897.6000 0.86446714
5898.5000 0.92232895
5899.4000 0.94775516
5900.3000 0.954786
5901.2000 0.9601419
5902.1000 0.96424121
5903.0000 0.97013313
5903.9000 0.97586751
5904.8000 0.97049195
5905.7000 0.9578687
5906.6000 0.95232719
5907.5000 0.95907676
5908.4000 0.96822554
5909.3000 0.97013605
5910.2000 0.96830738
5911.1000 0.97131068
5912.0000 0.97568268
5912.9000 0.96512437
5913.8000 0.93910551
5914.7000 0.92289764
5915.6000 0.92779493
5916.5000 0.94076312
5917.4000 0.9507131
5918.3000 0.95592409
5919.2000 0.96175581
5920.1000 0.97065902
5921.0000 0.97524446
5921.9000 0.97112465
5922.8000 0.96486962
5923.7000 0.96571249
5924.6000 0.97354883
5925.5000 0.98159099
5926.4000 0.98135191
5927.3000 0.97025698
5928.2000 0.95698786
5929.1000 0.94618344
5930.0000 0.93894231
5930.9000 0.94416034
5931.8000 0.95996571
5932.7000 0.9697504
5933.6000 0.96493119
5934.5000 0.95454359
5935.4000 0.95345783
5936.3000 0.96433091
5937.2000 0.9763431
5938.1000 0.98084211
5939.0000 0.98006058
5939.9000 0.97505116
5940.8000 0.96559238
5941.7000 0.95780867
5942.6000 0.95626122
5943.5000 0.96195596
5944.4000 0.96852124
5945.3000 0.96888334
5946.2000 0.96661764
5947.1000 0.96031034
5948.0000 0.94454521
5948.9000 0.92825395
5949.8000 0.92816401
5950.7000 0.94077247
5951.6000 0.94444299
5952.5000 0.93446982
5953.4000 0.92982477
5954.3000 0.94036752
5955.2000 0.95390809
5956.1000 0.95488006
5957.0000 0.94653869
5957.9000 0.9439593
5958.8000 0.95130444
5959.7000 0.96102172
5960.6000 0.96355671
5961.5000 0.96020281
5962.4000 0.96003008
5963.3000 0.96487075
5964.2000 0.9686451
5965.1000 0.96371752
5966.0000 0.95519143
5966.9000 0.95306075
5967.8000 0.95634812
5968.7000 0.95881325
5969.6000 0.95743662
5970.5000 0.955661
5971.4000 0.95841432
5972.3000 0.96514893
5973.2000 0.97117931
5974.1000 0.96963805
5975.0000 0.95632344
5975.9000 0.93660629
5976.8000 0.92400604
5977.7000 0.92724991
5978.6000 0.93846607
5979.5000 0.95037043
5980.4000 0.96118784
5981.3000 0.96460581
5982.2000 0.95501298
5983.1000 0.93197751
5984.0000 0.91045624
5984.9000 0.90926957
5985.8000 0.92326581
5986.7000 0.93422055
5987.6000 0.93894243
5988.5000 0.94649249
5989.4000 0.95338798
5990.3000 0.95049953
5991.2000 0.94278729
5992.1000 0.94289124
5993.0000 0.95162672
5993.9000 0.95798039
5994.8000 0.95754272
5995.7000 0.95297194
5996.6000 0.94030434
5997.5000 0.92374152
5998.4000 0.91942221
5999.3000 0.93159992
6000.2000 0.94821632
6001.1000 0.95559824
6002.0000 0.94946247
6002.9000 0.93772995
6003.8000 0.9344632
6004.7000 0.94361126
6005.6000 0.95292026
6006.5000 0.95057362
6007.4000 0.93311155
6008.3000 0.91204232
6009.2000 0.91125184
6010.1000 0.93065578
6011.0000 0.94624001
6011.9000 0.94288838
6012.8000 0.92856663
6013.7000 0.92374068
6014.6000 0.93424654
6015.5000 0.94337386
6016.4000 0.93917143
6017.3000 0.93414611
6018.2000 0.93604642
6019.1000 0.93085289
6020.0000 0.91560179
6020.9000 0.90610236
6021.8000 0.90964699
6022.7000 0.91843432
6023.6000 0.92238361
6024.5000 0.92360008
6025.4000 0.92907798
6026.3000 0.93267137
6027.2000 0.93150878
6028.1000 0.93339914
6029.0000 0.94171613
6029.9000 0.95024514
6030.8000 0.95362002
6031.7000 0.95630872
6032.6000 0.96125096
6033.5000 0.96581191
6034.4000 0.96718001
6035.3000 0.96373457
6036.2000 0.95825475
6037.1000 0.95388037
6038.0000 0.95242292
6038.9000 0.95376152
6039.8000 0.95537508
6040.7000 0.95277983
6041.6000 0.94434655
6042.5000 0.94029772
6043.4000 0.94748211
6044.3000 0.95459908
6045.2000 0.95291221
6046.1000 0.94844943
6047.0000 0.95007139
6047.9000 0.9560923
6048.8000 0.95842403
6049.7000 0.95641619
6050.6000 0.95306641
6051.5000 0.94950324
6052.4000 0.94236881
6053.3000 0.93268627
6054.2000 0.92840904
6055.1000 0.92439628
6056.0000 0.91826987
6056.9000 0.92150104
6057.8000 0.93507308
6058.7000 0.9476887
6059.6000 0.9518559
6060.5000 0.95143437
6061.4000 0.95025694
6062.3000 0.94661325
6063.2000 0.94187021
6064.1000 0.93444425
6065.0000 0.92070591
6065.9000 0.91060352
6066.8000 0.91739869
6067.7000 0.93602371
6068.6000 0.94909608
6069.5000 0.95327634
6070.4000 0.95413214
6071.3000 0.95082521
6072.2000 0.94594026
6073.1000 0.94465619
6074.0000 0.94675297
6074.9000 0.94671774
6075.8000 0.94222295
6076.7000 0.93497777
6077.6000 0.92147338
6078.5000 0.90667278
6079.4000 0.90896267
6080.3000 0.92830044
6081.2000 0.94040978
6082.1000 0.93451637
6083.0000 0.92526269
6083.9000 0.92177266
6084.8000 0.91944396
6085.7000 0.91775244
6086.6000 0.91909248
6087.5000 0.92488772
6088.4000 0.93085498
6089.3000 0.92904043
6090.2000 0.92229724
6091.1000 0.91710788
6092.0000 0.915618
6092.9000 0.91648424
6093.8000 0.91810733
6094.7000 0.92348969
6095.6000 0.93081099
6096.5000 0.93372583
6097.4000 0.93280917
6098.3000 0.9334479
6099.2000 0.93748963
6100.1000 0.93967491
6101.0000 0.92720568
6101.9000 0.8918857
6102.8000 0.85767204
6103.7000 0.86283118
6104.6000 0.89948237
6105.5000 0.92742866
6106.4000 0.93203473
6107.3000 0.925291
6108.2000 0.92209727
6109.1000 0.92671269
6110.0000 0.93213415
6110.9000 0.93214947
6111.8000 0.92881197
6112.7000 0.92749798
6113.6000 0.92898697
6114.5000 0.93167388
6115.4000 0.92888814
6116.3000 0.92095876
6117.2000 0.92164785
6118.1000 0.93112648
6119.0000 0.93648976
6119.9000 0.93293685
6120.8000 0.91881591
6121.7000 0.89532858
6122.6000 0.87901509
6123.5000 0.88817608
6124.4000 0.91141099
6125.3000 0.92518234
6126.2000 0.92925692
6127.1000 0.92962891
6128.0000 0.92381942
6128.9000 0.91607744
6129.8000 0.91470253
6130.7000 0.91796863
6131.6000 0.91828185
6132.5000 0.92010039
6133.4000 0.92839658
6134.3000 0.93318766
6135.2000 0.91764683
6136.1000 0.87391394
6137.0000 0.82828486
6137.9000 0.8236987
6138.8000 0.86559516
6139.7000 0.91293639
6140.6000 0.92510092
6141.5000 0.90651947
6142.4000 0.89247257
6143.3000 0.89941472
6144.2000 0.91421044
6145.1000 0.92342031
6146.0000 0.92540783
6146.9000 0.919976
6147.8000 0.90929568
6148.7000 0.90369254
6149.6000 0.90941113
6150.5000 0.91924047
6151.4000 0.9243933
6152.3000 0.92569429
6153.2000 0.92386544
6154.1000 0.91172618
6155.0000 0.89874905
6155.9000 0.90189916
6156.8000 0.91472453
6157.7000 0.92349511
6158.6000 0.92737281
6159.5000 0.9236806
6160.4000 0.89901233
6161.3000 0.85635865
6162.2000 0.82417423
6163.1000 0.82440364
6164.0000 0.850541
6164.9000 0.8768453
6165.8000 0.88890648
6166.7000 0.8957774
6167.6000 0.90034753
6168.5000 0.88967955
6169.4000 0.86509597
6170.3000 0.85483265
6171.2000 0.87419218
6172.1000 0.90158075
6173.0000 0.91359276
6173.9000 0.91351277
6174.8000 0.91169071
6175.7000 0.90758425
6176.6000 0.90078795
6177.5000 0.90041584
6178.4000 0.90903968
6179.3000 0.9153803
6180.2000 0.91628295
6181.1000 0.91987365
6182.0000 0.92847753
6182.9000 0.93404394
6183.8000 0.93172288
6184.7000 0.92743498
6185.6000 0.92290354
6186.5000 0.91340047
6187.4000 0.90066838
6188.3000 0.89596051
6189.2000 0.90263671
6190.1000 0.90198708
6191.0000 0.88360226
6191.9000 0.87277967
6192.8000 0.88759828
6193.7000 0.90634322
6194.6000 0.90991181
6195.5000 0.90959549
6196.4000 0.9176904
6197.3000 0.92819023
6198.2000 0.93028283
6199.1000 0.9204036
6200.0000 0.90878254
6200.9000 0.90770483
6201.8000 0.91536748
6202.7000 0.92318749
6203.6000 0.92491812
6204.5000 0.92322963
6205.4000 0.92432708
6206.3000 0.92800552
6207.2000 0.92951745
6208.1000 0.92647839
6209.0000 0.92466068
6209.9000 0.92668122
6210.8000 0.92731422
6211.7000 0.92236334
6212.6000 0.9089238
6213.5000 0.89022791
6214.4000 0.87750697
6215.3000 0.87630707
6216.2000 0.88487434
6217.1000 0.89734656
6218.0000 0.903615
6218.9000 0.89765066
6219.8000 0.88764715
6220.7000 0.88953042
6221.6000 0.90346581
6222.5000 0.91477382
6223.4000 0.91509938
6224.3000 0.91241121
6225.2000 0.91524827
6226.1000 0.91640198
6227.0000 0.91285151
6227.9000 0.90940887
6228.8000 0.90130895
6229.7000 0.88124716
6230.6000 0.85872364
6231.5000 0.85455728
6232.4000 0.8691079
6233.3000 0.88660449
6234.2000 0.90093023
6235.1000 0.90935808
6236.0000 0.90761513
6236.9000 0.8960821
6237.8000 0.88365692
6238.7000 0.8808797
6239.6000 0.88574159
6240.5000 0.89380324
6241.4000 0.90260547
6242.3000 0.9041121
6243.2000 0.89461339
6244.1000 0.88010257
6245.0000 0.8670032
6245.9000 0.85686916
6246.8000 0.85538119
6247.7000 0.86963809
6248.6000 0.89091772
6249.5000 0.90769374
6250.4000 0.91751009
6251.3000 0.91421074
6252.2000 0.89439267
6253.1000 0.87014449
6254.0000 0.8578676
6254.9000 0.86154842
6255.8000 0.87040299
6256.7000 0.87404281
6257.6000 0.87177372
6258.5000 0.87131494
6259.4000 0.87977886
6260.3000 0.89261711
6261.2000 0.90263021
6262.1000 0.91070586
6263.0000 0.91757852
6263.9000 0.91450983
6264.8000 0.90088201
6265.7000 0.89477134
6266.6000 0.90459824
6267.5000 0.91807359
6268.4000 0.92360497
6269.3000 0.91979867
6270.2000 0.91064489
6271.1000 0.90393537
6272.0000 0.90658152
6272.9000 0.91422147
6273.8000 0.91916513
6274.7000 0.92003298
6275.6000 0.91795284
6276.5000 0.91634184
6277.4000 0.91811496
6278.3000 0.91731352
6279.2000 0.90719706
6280.1000 0.89122605
6281.0000 0.88476515
6281.9000 0.89439708
6282.8000 0.908023
6283.7000 0.91614401
6284.6000 0.91661555
6285.5000 0.91204
6286.4000 0.90835011
6287.3000 0.90867704
6288.2000 0.91161519
6289.1000 0.91113597
6290.0000 0.9039079
6290.9000 0.89376312
6291.8000 0.89132893
6292.7000 0.90047258
6293.6000 0.910806
6294.5000 0.91712111
6295.4000 0.92090994
6296.3000 0.91510284
6297.2000 0.8989718
6298.1000 0.88607126
6299.0000 0.88695079
6299.9000 0.89390999
6300.8000 0.88914955
6301.7000 0.87396008
6302.6000 0.86701775
6303.5000 0.87910134
6304.4000 0.89982235
6305.3000 0.91428381
6306.2000 0.91940254
6307.1000 0.91833705
6308.0000 0.91564506
6308.9000 0.91073519
6309.8000 0.90084159
6310.7000 0.8911773
6311.6000 0.88810152
6312.5000 0.89223683
6313.4000 0.89511538
6314.3000 0.88409001
6315.2000 0.86442477
6316.1000 0.85463816
6317.0000 0.85522562
6317.9000 0.85099554
6318.8000 0.84620619
6319.7000 0.85798043
6320.6000 0.87863654
6321.5000 0.88920993
6322.4000 0.88624662
6323.3000 0.8873077
6324.2000 0.89916283
6325.1000 0.90925413
6326.0000 0.90848994
6326.9000 0.90099972
6327.8000 0.89384902
6328.7000 0.89057475
6329.6000 0.88787663
6330.5000 0.88415217
6331.4000 0.88325071
6332.3000 0.88738853
6333.2000 0.8927688
6334.1000 0.88923872
6335.0000 0.87262774
6335.9000 0.85502934
6336.8000 0.85175031
6337.7000 0.86111778
6338.6000 0.86798054
6339.5000 0.869003
6340.4000 0.87344754
6341.3000 0.88234442
6342.2000 0.88468432
6343.1000 0.87345648
6344.0000 0.85940677
6344.9000 0.85758322
6345.8000 0.86595768
6346.7000 0.87271661
6347.6000 0.87513256
6348.5000 0.88054776
6349.4000 0.89038408
6350.3000 0.89746195
6351.2000 0.90136176
6352.1000 0.9046638
6353.0000 0.90459824
6353.9000 0.89438772
6354.8000 0.87649047
6355.7000 0.87004143
6356.6000 0.87863582
6357.5000 0.88069469
6358.4000 0.86802393
6359.3000 0.85881078
6360.2000 0.8613326
6361.1000 0.86077118
6362.0000 0.85211921
6362.9000 0.84770709
6363.8000 0.85418451
6364.7000 0.86750984
6365.6000 0.87944847
6366.5000 0.88614333
6367.4000 0.88968253
6368.3000 0.8898043
6369.2000 0.8854813
6370.1000 0.87972158
6371.0000 0.87833881
6371.9000 0.88319063
6372.8000 0.89051729
6373.7000 0.89653856
6374.6000 0.89771187
6375.5000 0.89705002
6376.4000 0.8992762
6377.3000 0.90196347
6378.2000 0.90090817
6379.1000 0.8956849
6380.0000 0.88986629
6380.9000 0.88619518
6381.8000 0.88648748
6382.7000 0.89117283
6383.6000 0.89493537
6384.5000 0.89468902
6385.4000 0.89370942
6386.3000 0.89425528
6387.2000 0.8959589
6388.1000 0.89656067
6389.0000 0.89575815
6389.9000 0.89638805
6390.8000 0.8981846
6391.7000 0.89459354
6392.6000 0.87688261
6393.5000 0.8539477
6394.4000 0.84916252
6395.3000 0.86799842
6396.2000 0.89048445
6397.1000 0.89782
6398.0000 0.891348
6398.9000 0.87295073
6399.8000 0.84645307
6400.7000 0.83566749
6401.6000 0.8539589
6402.5000 0.88136488
6403.4000 0.89533931
6404.3000 0.89501059
6405.2000 0.89052367
6406.1000 0.88417131
6407.0000 0.87081999
6407.9000 0.85423374
6408.8000 0.84953743
6409.7000 0.85946697
6410.6000 0.86494547
6411.5000 0.85919005
6412.4000 0.85974097
6413.3000 0.87229741
6414.2000 0.88007033
6415.1000 0.87441045
6416.0000 0.86801845
6416.9000 0.86949205
6417.8000 0.87384033
6418.7000 0.87419838
6419.6000 0.86484361
6420.5000 0.84904081
6421.4000 0.84191853
6422.3000 0.85478151
6423.2000 0.87738478
6424.1000 0.88850093
6425.0000 0.88680428
6425.9000 0.88595217
6426.8000 0.88957852
6427.7000 0.89397621
6428.6000 0.89498138
6429.5000 0.88734424
6430.4000 0.86901164
6431.3000 0.85023093
6432.2000 0.8461414
6433.1000 0.85655791
6434.0000 0.87291348
6434.9000 0.88732147
6435.8000 0.89193928
6436.7000 0.8852002
6437.6000 0.8677842
6438.5000 0.84534574
6439.4000 0.83485353
6440.3000 0.84793222
6441.2000 0.87152052
6442.1000 0.88547105
6443.0000 0.88949239
6443.9000 0.89192384
6444.8000 0.89223975
6445.7000 0.88804024
6446.6000 0.88240695
6447.5000 0.87827116
6448.4000 0.86884362
6449.3000 0.8477717
6450.2000 0.82983631
6451.1000 0.83362442
6452.0000 0.85361612
6452.9000 0.87070006
6453.8000 0.87519765
6454.7000 0.86730593
6455.6000 0.84982628
6456.5000 0.83729273
6457.4000 0.84481043
6458.3000 0.86541438
6459.2000 0.88123852
6460.1000 0.88278562
6461.0000 0.86885327
6461.9000 0.84118211
6462.8000 0.81748652
6463.7000 0.82286602
6464.6000 0.85185754
6465.5000 0.87777919
6466.4000 0.88829845
6467.3000 0.8863126
6468.2000 0.87777323
6469.1000 0.86660373
6470.0000 0.85757321
6470.9000 0.851363
6471.8000 0.84731281
6472.7000 0.85290354
6473.6000 0.86392897
6474.5000 0.86456007
6475.4000 0.85622877
6476.3000 0.85505718
6477.2000 0.86529917
6478.1000 0.87473309
6479.0000 0.87728798
6479.9000 0.87530154
6480.8000 0.867428
6481.7000 0.85185528
6482.6000 0.83749878
6483.5000 0.83797038
6484.4000 0.85223007
6485.3000 0.86688566
6486.2000 0.874457
6487.1000 0.87650996
6488.0000 0.87697375
6488.9000 0.87651652
6489.8000 0.87259007
6490.7000 0.86555314
6491.6000 0.85789496
6492.5000 0.84768599
6493.4000 0.82586455
6494.3000 0.7929284
6495.2000 0.7670961
6496.1000 0.76004809
6497.0000 0.77112037
6497.9000 0.79432178
6498.8000 0.81559908
6499.7000 0.82736874
6500.6000 0.83726084
6501.5000 0.85000193
6502.4000 0.85887277
6503.3000 0.86162692
6504.2000 0.86506391
6505.1000 0.87170088
6506.0000 0.87576777
6506.9000 0.87392402
6507.8000 0.87099433
6508.7000 0.87258464
6509.6000 0.87691045
6510.5000 0.88006139
6511.4000 0.87913781
6512.3000 0.87420356
6513.2000 0.86946833
6514.1000 0.86500418
6515.0000 0.85547686
6515.9000 0.84164995
6516.8000 0.83216995
6517.7000 0.82989228
6518.6000 0.8290801
6519.5000 0.83343267
6520.4000 0.84804338
6521.3000 0.86193615
6522.2000 0.86603796
6523.1000 0.86255074
6524.0000 0.85863954
6524.9000 0.85755503
6525.8000 0.85412616
6526.7000 0.84598219
6527.6000 0.84123856
6528.5000 0.84924793
6529.4000 0.86347735
6530.3000 0.87083751
6531.2000 0.8701809
6532.1000 0.8641178
6533.0000 0.85488492
6533.9000 0.84807187
6534.8000 0.8492794
6535.7000 0.85793167
6536.6000 0.86516106
6537.5000 0.86458993
6538.4000 0.85979277
6539.3000 0.85843253
6540.2000 0.86321163
6541.1000 0.86544907
6542.0000 0.85950935
6542.9000 0.85164672
6543.8000 0.84690434
6544.7000 0.84162366
6545.6000 0.82782114
6546.5000 0.811064
6547.4000 0.8084712
6548.3000 0.82204145
6549.2000 0.83692443
6550.1000 0.84066617
6551.0000 0.83537042
6551.9000 0.83017486
6552.8000 0.82601142
6553.7000 0.81632775
6554.6000 0.79984623
6555.5000 0.78572494
6556.4000 0.78120083
6557.3000 0.781106
6558.2000 0.7758733
6559.1000 0.76047271
6560.0000 0.73322952
6560.9000 0.68116522
6561.8000 0.58711731
6562.7000 0.48622656
6563.6000 0.46536863
6564.5000 0.55055636
6565.4000 0.6647886
6566.3000 0.73740488
6567.2000 0.76752633
6568.1000 0.77570373
6569.0000 0.77604812
6569.9000 0.78047073
6570.8000 0.7922588
6571.7000 0.8042171
6572.6000 0.80876648
6573.5000 0.80835164
6574.4000 0.80827564
6575.3000 0.81208187
6576.2000 0.82366687
6577.1000 0.83825344
6578.0000 0.84538901
6578.9000 0.84245282
6579.8000 0.8358748
6580.7000 0.83331531
6581.6000 0.83288395
6582.5000 0.83036822
6583.4000 0.82961446
6584.3000 0.83286434
6585.2000 0.8350504
6586.1000 0.83121771
6587.0000 0.82643819
6587.9000 0.82987207
6588.8000 0.84129483
6589.7000 0.85215825
6590.6000 0.85486257
6591.5000 0.84567344
6592.4000 0.82363433
6593.3000 0.8011471
6594.2000 0.79966819
6595.1000 0.81995797
6596.0000 0.83995295
6596.9000 0.84417939
6597.8000 0.83924776
6598.7000 0.83972394
6599.6000 0.84778464
6600.5000 0.85494077
6601.4000 0.85563195
6602.3000 0.85308206
6603.2000 0.85169125
6604.1000 0.84810209
6605.0000 0.84267235
6605.9000 0.84119695
6606.8000 0.84296793
6607.7000 0.84224504
6608.6000 0.83647645
6609.5000 0.83305138
6610.4000 0.83859062
6611.3000 0.84686321
6612.2000 0.85192311
6613.1000 0.85585374
6614.0000 0.8602652
6614.9000 0.86145008
6615.8000 0.85758233
6616.7000 0.85384148
6617.6000 0.85196
6618.5000 0.8497352
6619.4000 0.84974301
6620.3000 0.85258836
6621.2000 0.85439056
6622.1000 0.85399926
6623.0000 0.85629839
6623.9000 0.86219364
6624.8000 0.86382681
6625.7000 0.85965943
6626.6000 0.85541511
6627.5000 0.85447979
6628.4000 0.85527062
6629.3000 0.85560447
6630.2000 0.85551965
6631.1000 0.85302287
6632.0000 0.84394717
6632.9000 0.82665485
6633.8000 0.81040353
6634.7000 0.81027621
6635.6000 0.82663429
6636.5000 0.84511065
6637.4000 0.85379481
6638.3000 0.85141587
6639.2000 0.84474063
6640.1000 0.84089667
6641.0000 0.84313881
6641.9000 0.84575355
6642.8000 0.83781677
6643.7000 0.82419086
6644.6000 0.82191181
6645.5000 0.83537656
6646.4000 0.8502937
6647.3000 0.85503042
6648.2000 0.85470998
6649.1000 0.85669309
6650.0000 0.86002892
6650.9000 0.8612169
6651.8000 0.86094648
6652.7000 0.86059433
6653.6000 0.85875422
6654.5000 0.85642588
6655.4000 0.85609746
6656.3000 0.85816807
6657.2000 0.86157405
6658.1000 0.86351663
6659.0000 0.86249512
6659.9000 0.85920584
6660.8000 0.85458881
6661.7000 0.84897572
6662.6000 0.84045899
6663.5000 0.83351105
6664.4000 0.83716935
6665.3000 0.84886467
6666.2000 0.85780966
6667.1000 0.85770243
6668.0000 0.85337085
6668.9000 0.85306966
6669.8000 0.85838509
6670.7000 0.86373836
6671.6000 0.8642695
6672.5000 0.86345434
6673.4000 0.86385053
6674.3000 0.86273164
6675.2000 0.85972905
6676.1000 0.85450566
6677.0000 0.84314084
6677.9000 0.82688999
6678.8000 0.81966692
6679.7000 0.83062595
6680.6000 0.84672987
6681.5000 0.85360092
6682.4000 0.85371059
6683.3000 0.85454589
6684.2000 0.85943419
6685.1000 0.86576164
6686.0000 0.8688972
6686.9000 0.86557919
6687.8000 0.85801601
6688.7000 0.85472989
6689.6000 0.85773104
6690.5000 0.86206323
6691.4000 0.86414355
6692.3000 0.8629697
6693.2000 0.86195463
6694.1000 0.86196446
6695.0000 0.85859305
6695.9000 0.85002148
6696.8000 0.84129685
6697.7000 0.83848816
6698.6000 0.84035468
6699.5000 0.84475464
6700.4000 0.84973443
6701.3000 0.85176325
6702.2000 0.85057068
6703.1000 0.84743142
6704.0000 0.84373039
6704.9000 0.84218925
6705.8000 0.8439793
6706.7000 0.84587771
6707.6000 0.84476763
6708.5000 0.84440243
6709.4000 0.84823638
6710.3000 0.85276276
6711.2000 0.85531116
6712.1000 0.85339236
6713.0000 0.8459506
6713.9000 0.839118
6714.8000 0.83783251
6715.7000 0.83639586
6716.6000 0.82574695
6717.5000 0.81189305
6718.4000 0.81057441
6719.3000 0.82392758
6720.2000 0.83879626
6721.1000 0.84440571
6722.0000 0.84464222
6722.9000 0.847615
6723.8000 0.85282367
6724.7000 0.85375434
6725.6000 0.84736508
6726.5000 0.84063667
6727.4000 0.84130406
6728.3000 0.84684342
6729.2000 0.85211468
6730.1000 0.85531831
6731.0000 0.85638833
6731.9000 0.85596454
6732.8000 0.85536444
6733.7000 0.85634464
6734.6000 0.85658509
6735.5000 0.85380983
6736.4000 0.84919977
6737.3000 0.84464586
6738.2000 0.84157956
6739.1000 0.84240979
6740.0000 0.84866917
6740.9000 0.854496
6741.8000 0.85482848
6742.7000 0.85202098
6743.6000 0.84903282
6744.5000 0.84707552
6745.4000 0.84470749
6746.3000 0.84154236
6747.2000 0.84075892
6748.1000 0.84092069
6749.0000 0.83680922
6749.9000 0.8295688
6750.8000 0.82676542
6751.7000 0.83241445
6752.6000 0.83953506
6753.5000 0.84363133
6754.4000 0.847417
6755.3000 0.84902436
6756.2000 0.84594822
6757.1000 0.84140164
6758.0000 0.84051043
6758.9000 0.8425203
6759.8000 0.8447265
6760.7000 0.84881997
6761.6000 0.85328209
6762.5000 0.8549884
6763.4000 0.85447532
6764.3000 0.85312831
6765.2000 0.85232842
6766.1000 0.85168242
6767.0000 0.84682781
6767.9000 0.83767045
6768.8000 0.83426028
6769.7000 0.84114128
6770.6000 0.84670395
6771.5000 0.84293336
6772.4000 0.83568132
6773.3000 0.83326769
6774.2000 0.84006912
6775.1000 0.85026097
6776.0000 0.85413033
6776.9000 0.85095841
6777.8000 0.84879583
6778.7000 0.85157937
6779.6000 0.85223353
6780.5000 0.84704661
6781.4000 0.84078729
6782.3000 0.83668405
6783.2000 0.83444577
6784.1000 0.83369744
6785.0000 0.835235
6785.9000 0.83829409
6786.8000 0.84150207
6787.7000 0.84524012
6788.6000 0.84824169
6789.5000 0.84847903
6790.4000 0.84782612
6791.3000 0.84930998
6792.2000 0.8519783
6793.1000 0.85135669
6794.0000 0.84883344
6794.9000 0.84685099
6795.8000 0.8435539
6796.7000 0.84131461
6797.6000 0.84049028
6798.5000 0.83870292
6799.4000 0.83706015
6800.3000 0.83767033
6801.2000 0.84171355
6802.1000 0.84567428
6803.0000 0.84502637
6803.9000 0.84137088
6804.8000 0.83995271
6805.7000 0.84104425
6806.6000 0.84081674
6807.5000 0.84151953
6808.4000 0.84368026
6809.3000 0.84126759
6810.2000 0.83730501
6811.1000 0.83971381
6812.0000 0.8471545
6812.9000 0.8528254
6813.8000 0.85250825
6814.7000 0.84906071
6815.6000 0.8489604
6816.5000 0.8557412
6817.4000 0.86380726
6818.3000 0.86412191
6819.2000 0.85526031
6820.1000 0.84246236
6821.0000 0.83562899
6821.9000 0.83980531
6822.8000 0.84751487
6823.7000 0.85038823
6824.6000 0.84745055
6825.5000 0.84409076
6826.4000 0.84236234
6827.3000 0.8369146
6828.2000 0.82873303
6829.1000 0.8278026
6830.0000 0.83759665
6830.9000 0.8479594
6831.8000 0.84945083
6832.7000 0.84532493
6833.6000 0.84210366
6834.5000 0.84277934
6835.4000 0.84478396
6836.3000 0.84340668
6837.2000 0.84016263
6838.1000 0.83581793
6839.0000 0.82828826
6839.9000 0.81839776
6840.8000 0.80820525
6841.7000 0.80000782
6842.6000 0.79712141
6843.5000 0.80297071
6844.4000 0.8172825
6845.3000 0.83339566
6846.2000 0.84289724
6847.1000 0.84305131
6848.0000 0.83890164
6848.9000 0.83657092
6849.8000 0.83738601
6850.7000 0.83774012
6851.6000 0.83587354
6852.5000 0.83649284
6853.4000 0.83880126
6854.3000 0.83229357
6855.2000 0.81568336
6856.1000 0.80314058
6857.0000 0.8036918
6857.9000 0.81017226
6858.8000 0.81602925
6859.7000 0.82165635
6860.6000 0.82273597
6861.5000 0.8178162
6862.4000 0.81503469
6863.3000 0.82080084
6864.2000 0.8322897
6865.1000 0.83570808
6866.0000 0.82095456
6866.9000 0.7993651
6867.8000 0.7957685
6868.7000 0.81603307
6869.6000 0.82834065
6870.5000 0.82191902
6871.4000 0.81419921
6872.3000 0.80754393
6873.2000 0.80253434
6874.1000 0.80619639
6875.0000 0.81495541
6875.9000 0.81679404
6876.8000 0.81330866
6877.7000 0.81436294
6878.6000 0.82080996
6879.5000 0.83084774
6880.4000 0.83656937
6881.3000 0.82876122
6882.2000 0.81282818
6883.1000 0.80224979
6884.0000 0.80333018
6884.9000 0.80740052
6885.8000 0.81036389
6886.7000 0.81536859
6887.6000 0.81379628
6888.5000 0.81053978
6889.4000 0.8202039
6890.3000 0.82975
6891.2000 0.82363266
6892.1000 0.81844562
6893.0000 0.82698864
6893.9000 0.82940137
6894.8000 0.81389272
6895.7000 0.8022638
6896.6000 0.80988258
6897.5000 0.82223094
6898.4000 0.82013196
6899.3000 0.81408441
6900.2000 0.82330382
6901.1000 0.83857393
6902.0000 0.83448666
6902.9000 0.81681949
6903.8000 0.8100763
6904.7000 0.82149941
6905.6000 0.83025736
6906.5000 0.82395679
6907.4000 0.81735784
6908.3000 0.82201767
6909.2000 0.83369648
6910.1000 0.83837879
6911.0000 0.83325458
6911.9000 0.82669616
6912.8000 0.82289642
6913.7000 0.81797838
6914.6000 0.80695111
6915.5000 0.7954129
6916.4000 0.78917164
6917.3000 0.78713876
6918.2000 0.7921313
6919.1000 0.80507302
6920.0000 0.81846803
6920.9000 0.82661283
6921.8000 0.82733011
6922.7000 0.82165205
6923.6000 0.81402957
6924.5000 0.80559617
6925.4000 0.79735792
6926.3000 0.79527259
6927.2000 0.80203384
6928.1000 0.81042051
6929.0000 0.81407177
6929.9000 0.81274658
6930.8000 0.81125987
6931.7000 0.81312066
6932.6000 0.81219596
6933.5000 0.8055349
6934.4000 0.80106527
6935.3000 0.80426645
6936.2000 0.81061471
6937.1000 0.81299305
6938.0000 0.80964333
6938.9000 0.80320024
6939.8000 0.79703873
6940.7000 0.79442871
6941.6000 0.79387915
6942.5000 0.79343295
6943.4000 0.79313934
6944.3000 0.78947532
6945.2000 0.78202361
6946.1000 0.77686244
6947.0000 0.77878118
6947.9000 0.78625983
6948.8000 0.79412597
6949.7000 0.79645449
6950.6000 0.78937745
6951.5000 0.78003633
6952.4000 0.77885789
6953.3000 0.78459263
6954.2000 0.78858352
6955.1000 0.78737175
6956.0000 0.78679895
6956.9000 0.79000127
6957.8000 0.79211456
6958.7000 0.79030412
6959.6000 0.78756857
6960.5000 0.78855664
6961.4000 0.79438061
6962.3000 0.80097562
6963.2000 0.80371869
6964.1000 0.80081666
6965.0000 0.79598439
6965.9000 0.79364711
6966.8000 0.79463387
6967.7000 0.79868871
6968.6000 0.80215484
6969.5000 0.80258244
6970.4000 0.80185974
6971.3000 0.80116314
6972.2000 0.80044234
6973.1000 0.79987895
6974.0000 0.79967892
6974.9000 0.79700631
6975.8000 0.78750455
6976.7000 0.77246737
6977.6000 0.75808644
6978.5000 0.74816144
6979.4000 0.74649656
6980.3000 0.75802684
6981.2000 0.77800113
6982.1000 0.79334164
6983.0000 0.79925257
6983.9000 0.79907662
6984.8000 0.79622376
6985.7000 0.79287559
6986.6000 0.78928393
6987.5000 0.78588831
6988.4000 0.78376764
6989.3000 0.78544068
6990.2000 0.7913506
6991.1000 0.79434174
6992.0000 0.79027635
6992.9000 0.78432
6993.8000 0.78356272
6994.7000 0.78939968
6995.6000 0.79629582
6996.5000 0.79964751
6997.4000 0.79687476
6998.3000 0.78700876
6999.2000 0.7743361
7000.1000 0.76601744
7001.0000 0.7669782
7001.9000 0.77311701
7002.8000 0.7721554
7003.7000 0.7607559
7004.6000 0.74846619
7005.5000 0.74383777
7006.4000 0.74680614
7007.3000 0.75417393
7008.2000 0.76354223
7009.1000 0.77125454
7010.0000 0.77482289
7010.9000 0.77212733
7011.8000 0.76436025
7012.7000 0.7594431
7013.6000 0.76223785
7014.5000 0.76561677
7015.4000 0.75596792
7016.3000 0.73381102
7017.2000 0.72141105
7018.1000 0.73405439
7019.0000 0.75992727
7019.9000 0.78004801
7020.8000 0.7889756
7021.7000 0.78965026
7022.6000 0.7796154
7023.5000 0.76204449
7024.4000 0.75209206
7025.3000 0.75520784
7026.2000 0.76383287
7027.1000 0.76993579
7028.0000 0.77027911
7028.9000 0.76652473
7029.8000 0.76452774
7030.7000 0.76736259
7031.6000 0.77058166
7032.5000 0.77092433
7033.4000 0.76822919
7034.3000 0.76062918
7035.2000 0.75175059
7036.1000 0.74932355
7037.0000 0.75252622
7037.9000 0.75185984
7038.8000 0.74535841
7039.7000 0.74525797
7040.6000 0.75773919
7041.5000 0.77309161
7042.4000 0.78174067
7043.3000 0.78294986
7044.2000 0.7810607
7045.1000 0.78127992
7046.0000 0.78581375
7046.9000 0.79159683
7047.8000 0.79493374
7048.7000 0.79586929
7049.6000 0.79402584
7050.5000 0.78921402
7051.4000 0.78233421
7052.3000 0.77493125
7053.2000 0.77232194
7054.1000 0.77420127
7055.0000 0.77403724
7055.9000 0.77041429
7056.8000 0.76686609
7057.7000 0.76722443
7058.6000 0.76951414
7059.5000 0.7688728
7060.4000 0.76347351
7061.3000 0.75704002
7062.2000 0.75598782
7063.1000 0.76134849
7064.0000 0.76979625
7064.9000 0.7763375
7065.8000 0.77613986
7066.7000 0.76895726
7067.6000 0.75743186
7068.5000 0.74764884
7069.4000 0.74749941
7070.3000 0.75573182
7071.2000 0.76142561
7072.1000 0.7601127
7073.0000 0.75943226
7073.9000 0.76584464
7074.8000 0.77489179
7075.7000 0.7802397
7076.6000 0.77939171
7077.5000 0.77438635
7078.4000 0.7689212
7079.3000 0.76741928
7080.2000 0.77366281
7081.1000 0.78336078
7082.0000 0.78862214
7082.9000 0.78516382
7083.8000 0.77262855
7084.7000 0.75686294
7085.6000 0.74723071
7086.5000 0.74847162
7087.4000 0.7570169
7088.3000 0.76597959
7089.2000 0.77008593
7090.1000 0.76684988
7091.0000 0.76252568
7091.9000 0.76527494
7092.8000 0.77158982
7093.7000 0.77526253
7094.6000 0.77589619
7095.5000 0.77573174
7096.4000 0.77630782
7097.3000 0.77658808
7098.2000 0.77564245
7099.1000 0.77405322
7100.0000 0.77339542
7100.9000 0.77346683
7101.8000 0.77402627
7102.7000 0.7755326
7103.6000 0.77634382
7104.5000 0.77541196
7105.4000 0.77249199
7106.3000 0.76882517
7107.2000 0.76779813
7108.1000 0.76956552
7109.0000 0.77121556
7109.9000 0.77060568
7110.8000 0.76679677
7111.7000 0.76231909
7112.6000 0.76136941
7113.5000 0.76383662
7114.4000 0.76604623
7115.3000 0.76728106
7116.2000 0.76987606
7117.1000 0.77075696
7118.0000 0.76800472
7118.9000 0.76651156
7119.8000 0.76896244
7120.7000 0.7710104
7121.6000 0.76495695
7122.5000 0.7536273
7123.4000 0.75014549
7124.3000 0.75898081
7125.2000 0.77188027
7126.1000 0.77899534
7127.0000 0.78087986
7127.9000 0.78384507
7128.8000 0.78270137
7129.7000 0.78166711
7130.6000 0.77652794
7131.5000 0.77111524
7132.4000 0.77240175
7133.3000 0.77868766
7134.2000 0.78712815
7135.1000 0.79589087
7136.0000 0.80202299
7136.9000 0.80480272
7137.8000 0.80593801
7138.7000 0.80621028
7139.6000 0.80372894
7140.5000 0.79878163
7141.4000 0.79407156
7142.3000 0.79215634
7143.2000 0.79486632
7144.1000 0.79995757
7145.0000 0.80317026
7145.9000 0.80082285
7146.8000 0.79358017
7147.7000 0.78180325
7148.6000 0.76705271
7149.5000 0.76123315
7150.4000 0.7727924
7151.3000 0.7897644
7152.2000 0.79858476
7153.1000 0.80181587
7154.0000 0.80486208
7154.9000 0.80681229
7155.8000 0.80793762
7156.7000 0.81182557
7157.6000 0.81663191
7158.5000 0.81728452
7159.4000 0.81525081
7160.3000 0.81188869
7161.2000 0.80672997
7162.1000 0.8005349
7163.0000 0.79388297
7163.9000 0.78138453
7164.8000 0.75885797
7165.7000 0.74058944
7166.6000 0.74405515
7167.5000 0.76604003
7168.4000 0.78738993
7169.3000 0.79445183
7170.2000 0.792404
7171.1000 0.79053783
7172.0000 0.78904921
7172.9000 0.78923512
7173.8000 0.79113847
7174.7000 0.78671014
7175.6000 0.77352726
7176.5000 0.76308572
7177.4000 0.76667106
7178.3000 0.7794922
7179.2000 0.78421086
7180.1000 0.77485693
7181.0000 0.76017582
7181.9000 0.75077915
7182.8000 0.75155133
7183.7000 0.76222855
7184.6000 0.77434576
7185.5000 0.77574444
7186.4000 0.76473624
7187.3000 0.75142157
7188.2000 0.74312466
7189.1000 0.74486303
7190.0000 0.75153226
7190.9000 0.75621116
7191.8000 0.75787836
7192.7000 0.753299
7193.6000 0.74682826
7194.5000 0.74763566
7195.4000 0.75464427
7196.3000 0.76055032
7197.2000 0.76253271
7198.1000 0.76556414
7199.0000 0.77096057
7199.9000 0.77679318
7200.8000 0.78366381
7201.7000 0.78229237
7202.6000 0.7666443
7203.5000 0.76016212
7204.4000 0.77527463
7205.3000 0.79080921
7206.2000 0.78974712
7207.1000 0.7726298
7208.0000 0.7513389
7208.9000 0.74640256
7209.8000 0.7610566
7210.7000 0.78049636
7211.6000 0.79211056
7212.5000 0.79266274
7213.4000 0.78579521
7214.3000 0.77725434
7215.2000 0.77030343
7216.1000 0.7694248
7217.0000 0.77600056
7217.9000 0.78327084
7218.8000 0.78441942
7219.7000 0.78060573
7220.6000 0.77775031
7221.5000 0.7775473
7222.4000 0.7774086
7223.3000 0.77608627
7224.2000 0.77362341
7225.1000 0.77049983
7226.0000 0.76929379
7226.9000 0.77207714
7227.8000 0.77586925
7228.7000 0.77568078
7229.6000 0.77366686
7230.5000 0.7749784
7231.4000 0.77733099
7232.3000 0.77834779
7233.2000 0.77770936
7234.1000 0.77387702
7235.0000 0.76882374
7235.9000 0.76418042
7236.8000 0.7631737
7237.7000 0.76661873
7238.6000 0.76700127
7239.5000 0.75953954
7240.4000 0.75289392
7241.3000 0.7566936
7242.2000 0.76245546
7243.1000 0.76442057
7244.0000 0.76476765
7244.9000 0.76126158
7245.8000 0.75766271
7246.7000 0.76012224
7247.6000 0.76404095
7248.5000 0.76609647
7249.4000 0.76711929
7250.3000 0.76384568
7251.2000 0.75472403
7252.1000 0.74955982
7253.0000 0.75974816
7253.9000 0.77776754
7254.8000 0.78550231
7255.7000 0.78231728
7256.6000 0.7776435
7257.5000 0.77911061
7258.4000 0.7860831
7259.3000 0.79085582
7260.2000 0.78766263
7261.1000 0.77549106
7262.0000 0.76119637
7262.9000 0.75761592
7263.8000 0.76725131
7264.7000 0.78269041
7265.6000 0.79453391
7266.5000 0.79418778
7267.4000 0.78504312
7268.3000 0.77663684
7269.2000 0.7728408
7270.1000 0.77273619
7271.0000 0.77499884
7271.9000 0.77789938
7272.8000 0.78302068
7273.7000 0.78704846
7274.6000 0.78039598
7275.5000 0.76687127
7276.4000 0.76012456
7277.3000 0.766702
7278.2000 0.77705461
7279.1000 0.78169262
7280.0000 0.78651887
7280.9000 0.79066813
7281.8000 0.78163952
7282.7000 0.75958109
7283.6000 0.74160486
7284.5000 0.73999316
7285.4000 0.74935663
7286.3000 0.76051134
7287.2000 0.76948291
7288.1000 0.76528937
7289.0000 0.74369502
7289.9000 0.72651458
7290.8000 0.72819906
7291.7000 0.73366898
7292.6000 0.7319932
7293.5000 0.73273504
7294.4000 0.74263382
7295.3000 0.75760907
7296.2000 0.77053535
7297.1000 0.7786274
7298.0000 0.78345346
7298.9000 0.78501946
7299.8000 0.78183234
7300.7000 0.77612156
7301.6000 0.77361816
7302.5000 0.77701092
7303.4000 0.78208005
7304.3000 0.78446239
7305.2000 0.78433543
7306.1000 0.78054696
7307.0000 0.77040792
7307.9000 0.75579476
7308.8000 0.74656379
7309.7000 0.74971193
7310.6000 0.75565064
7311.5000 0.7568022
7312.4000 0.76111692
7313.3000 0.77093893
7314.2000 0.77736086
7315.1000 0.77556205
7316.0000 0.76892
7316.9000 0.76263094
7317.8000 0.76304138
7318.7000 0.76996744
7319.6000 0.77258301
7320.5000 0.76540101
7321.4000 0.75891382
7322.3000 0.76115954
7323.2000 0.76779544
7324.1000 0.77147967
7325.0000 0.76737309
7325.9000 0.75471169
7326.8000 0.74157459
7327.7000 0.74104345
7328.6000 0.751674
7329.5000 0.75951451
7330.4000 0.75640929
7331.3000 0.74731249
7332.2000 0.74456602
7333.1000 0.75265753
7334.0000 0.7634384
7334.9000 0.7693696
7335.8000 0.77434236
7336.7000 0.77926058
7337.6000 0.78006846
7338.5000 0.77974194
7339.4000 0.78315002
7340.3000 0.7872963
7341.2000 0.78729713
7342.1000 0.78224039
7343.0000 0.77428454
7343.9000 0.76634574
7344.8000 0.76305187
7345.7000 0.76593685
7346.6000 0.77142864
7347.5000 0.77722138
7348.4000 0.78163224
7349.3000 0.7797175
7350.2000 0.76939964
7351.1000 0.75591421
7352.0000 0.75010175
7352.9000 0.75555617
7353.8000 0.76237011
7354.7000 0.75999701
7355.6000 0.7478978
7356.5000 0.73802358
7357.4000 0.73935801
7358.3000 0.74721563
7359.2000 0.75317168
7360.1000 0.7537927
7361.0000 0.74951631
7361.9000 0.74136055
7362.8000 0.73225725
7363.7000 0.72891968
7364.6000 0.73259157
7365.5000 0.73893255
7366.4000 0.74378729
7367.3000 0.74478692
7368.2000 0.74432671
7369.1000 0.74359858
7370.0000 0.74062002
7370.9000 0.73780584
7371.8000 0.73770189
7372.7000 0.73861629
7373.6000 0.73815072
7374.5000 0.73719823
7375.4000 0.73543644
7376.3000 0.73287112
7377.2000 0.73489618
7378.1000 0.73921794
7379.0000 0.74147445
7379.9000 0.73961198
7380.8000 0.7346136
7381.7000 0.72872144
7382.6000 0.72330785
7383.5000 0.72068381
7384.4000 0.72021198
7385.3000 0.71575004
7386.2000 0.70471251
7387.1000 0.69223839
7388.0000 0.68317926
7388.9000 0.67848539
7389.8000 0.68133372
7390.7000 0.69420242
7391.6000 0.70923215
7392.5000 0.71472728
7393.4000 0.70980221
7394.3000 0.70417464
7395.2000 0.70469105
7396.1000 0.70897448
7397.0000 0.71524799
7397.9000 0.72335857
7398.8000 0.72761011
7399.7000 0.72183329
7400.6000 0.71029294
7401.5000 0.70562744
7402.4000 0.71243566
7403.3000 0.72354019
7404.2000 0.7296012
7405.1000 0.72472817
7406.0000 0.71490467
7406.9000 0.71164006
7407.8000 0.71152097
7408.7000 0.70242792
7409.6000 0.6869629
7410.5000 0.67998499
7411.4000 0.66954666
7412.3000 0.51698923
7413.2000 0.18299194
7414.1000 0.01897651
7415.0000 0.00046111
7415.9000 0.0000024
7416.8000 0
7417.7000 0
7418.6000 0
7419.5000 0
7420.4000 0
7421.3000 0
7422.2000 0
7423.1000 0
7424.0000 0
7424.9000 0
7425.8000 0
7426.7000 0
7427.6000 0
7428.5000 0
7429.4000 0
