3500.000	0.0000
3500.900	0.0000
3501.800	0.0000
3502.700	0.0000
3503.600	0.0000
3504.500	0.0000
3505.400	0.0000
3506.300	0.0000
3507.200	0.0000
3508.100	0.0000
3509.000	0.0000
3509.900	0.0000
3510.800	0.0000
3511.700	0.0000
3512.600	0.0000
3513.500	0.0000
3514.400	0.0000
3515.300	0.0000
3516.200	0.0000
3517.100	0.0000
3518.000	0.0000
3518.900	0.0000
3519.800	0.0000
3520.700	0.0000
3521.600	0.0000
3522.500	0.0000
3523.400	0.0000
3524.300	0.0000
3525.200	0.0000
3526.100	0.0000
3527.000	0.0000
3527.900	0.0000
3528.800	0.0000
3529.700	0.0000
3530.600	0.0000
3531.500	0.0000
3532.400	0.0000
3533.300	0.0000
3534.200	0.0000
3535.100	0.0000
3536.000	0.0173
3536.900	0.5334
3537.800	0.5384
3538.700	0.5751
3539.600	0.6124
3540.500	0.5914
3541.400	0.5691
3542.300	0.6010
3543.200	0.6499
3544.100	0.6737
3545.000	0.6530
3545.900	0.6563
3546.800	0.6314
3547.700	0.5999
3548.600	0.6223
3549.500	0.6688
3550.400	0.7164
3551.300	0.6971
3552.200	0.6076
3553.100	0.5431
3554.000	0.5227
3554.900	0.5607
3555.800	0.6278
3556.700	0.6142
3557.600	0.5986
3558.500	0.5758
3559.400	0.5557
3560.300	0.5735
3561.200	0.6336
3562.100	0.6899
3563.000	0.6885
3563.900	0.6557
3564.800	0.5519
3565.700	0.4449
3566.600	0.4639
3567.500	0.5281
3568.400	0.5232
3569.300	0.4638
3570.200	0.4361
3571.100	0.4560
3572.000	0.4749
3572.900	0.4799
3573.800	0.4946
3574.700	0.5229
3575.600	0.5308
3576.500	0.5736
3577.400	0.6116
3578.300	0.5761
3579.200	0.5336
3580.100	0.4703
3581.000	0.3504
3581.900	0.3342
3582.800	0.4290
3583.700	0.4756
3584.600	0.4335
3585.500	0.3541
3586.400	0.3283
3587.300	0.3989
3588.200	0.4654
3589.100	0.4741
3590.000	0.5220
3590.900	0.6092
3591.800	0.6431
3592.700	0.6080
3593.600	0.5713
3594.500	0.5750
3595.400	0.5738
3596.300	0.6382
3597.200	0.7140
3598.100	0.6957
3599.000	0.6763
3599.900	0.6805
3600.800	0.6889
3601.700	0.6797
3602.600	0.6052
3603.500	0.5213
3604.400	0.5153
3605.300	0.5301
3606.200	0.5234
3607.100	0.5194
3608.000	0.5075
3608.900	0.4906
3609.800	0.4931
3610.700	0.5058
3611.600	0.5475
3612.500	0.5785
3613.400	0.5341
3614.300	0.5093
3615.200	0.5555
3616.100	0.6069
3617.000	0.5959
3617.900	0.4831
3618.800	0.3954
3619.700	0.4066
3620.600	0.4722
3621.500	0.5605
3622.400	0.6217
3623.300	0.6244
3624.200	0.6061
3625.100	0.6438
3626.000	0.6939
3626.900	0.7080
3627.800	0.6958
3628.700	0.6612
3629.600	0.6261
3630.500	0.5416
3631.400	0.4665
3632.300	0.4727
3633.200	0.5405
3634.100	0.5632
3635.000	0.5436
3635.900	0.5620
3636.800	0.6140
3637.700	0.6107
3638.600	0.5984
3639.500	0.6658
3640.400	0.6723
3641.300	0.6344
3642.200	0.6179
3643.100	0.5875
3644.000	0.5489
3644.900	0.5031
3645.800	0.4976
3646.700	0.5310
3647.600	0.5319
3648.500	0.5316
3649.400	0.5644
3650.300	0.5661
3651.200	0.5427
3652.100	0.5661
3653.000	0.6104
3653.900	0.6322
3654.800	0.6529
3655.700	0.6836
3656.600	0.6872
3657.500	0.6656
3658.400	0.6830
3659.300	0.7225
3660.200	0.7409
3661.100	0.7394
3662.000	0.7186
3662.900	0.6844
3663.800	0.6595
3664.700	0.6819
3665.600	0.6752
3666.500	0.6271
3667.400	0.6338
3668.300	0.6450
3669.200	0.5961
3670.100	0.5675
3671.000	0.6160
3671.900	0.6598
3672.800	0.6629
3673.700	0.6714
3674.600	0.6866
3675.500	0.7141
3676.400	0.6941
3677.300	0.6233
3678.200	0.6183
3679.100	0.6157
3680.000	0.5534
3680.900	0.5372
3681.800	0.5942
3682.700	0.6710
3683.600	0.7247
3684.500	0.7258
3685.400	0.6694
3686.300	0.5918
3687.200	0.5454
3688.100	0.5248
3689.000	0.5661
3689.900	0.6281
3690.800	0.6797
3691.700	0.7050
3692.600	0.6656
3693.500	0.6400
3694.400	0.6469
3695.300	0.6673
3696.200	0.6573
3697.100	0.6276
3698.000	0.6499
3698.900	0.7253
3699.800	0.7788
3700.700	0.7633
3701.600	0.7479
3702.500	0.7255
3703.400	0.6595
3704.300	0.5918
3705.200	0.5476
3706.100	0.5478
3707.000	0.5700
3707.900	0.5763
3708.800	0.5809
3709.700	0.5936
3710.600	0.6145
3711.500	0.6265
3712.400	0.6478
3713.300	0.7057
3714.200	0.7955
3715.100	0.8198
3716.000	0.7735
3716.900	0.7552
3717.800	0.7555
3718.700	0.6939
3719.600	0.5830
3720.500	0.4785
3721.400	0.4413
3722.300	0.4838
3723.200	0.5721
3724.100	0.6491
3725.000	0.6715
3725.900	0.7050
3726.800	0.7275
3727.700	0.7201
3728.600	0.7363
3729.500	0.7325
3730.400	0.7049
3731.300	0.6623
3732.200	0.5838
3733.100	0.5057
3734.000	0.4313
3734.900	0.3711
3735.800	0.3830
3736.700	0.4358
3737.600	0.4995
3738.500	0.5846
3739.400	0.6773
3740.300	0.7510
3741.200	0.7365
3742.100	0.6750
3743.000	0.6464
3743.900	0.6009
3744.800	0.5659
3745.700	0.5333
3746.600	0.5046
3747.500	0.4906
3748.400	0.4443
3749.300	0.4034
3750.200	0.4133
3751.100	0.4862
3752.000	0.6007
3752.900	0.6654
3753.800	0.7432
3754.700	0.8569
3755.600	0.8962
3756.500	0.8166
3757.400	0.6746
3758.300	0.5770
3759.200	0.5722
3760.100	0.6011
3761.000	0.6517
3761.900	0.7083
3762.800	0.7163
3763.700	0.7108
3764.600	0.7046
3765.500	0.6866
3766.400	0.6946
3767.300	0.6471
3768.200	0.5907
3769.100	0.6179
3770.000	0.6048
3770.900	0.5527
3771.800	0.5982
3772.700	0.7109
3773.600	0.7334
3774.500	0.7033
3775.400	0.7274
3776.300	0.7433
3777.200	0.7301
3778.100	0.7425
3779.000	0.7736
3779.900	0.8197
3780.800	0.8779
3781.700	0.8973
3782.600	0.8606
3783.500	0.8592
3784.400	0.8773
3785.300	0.8217
3786.200	0.7170
3787.100	0.6745
3788.000	0.6859
3788.900	0.6699
3789.800	0.6417
3790.700	0.6569
3791.600	0.6942
3792.500	0.6865
3793.400	0.6379
3794.300	0.6023
3795.200	0.5791
3796.100	0.5615
3797.000	0.5362
3797.900	0.4935
3798.800	0.4984
3799.700	0.5435
3800.600	0.6145
3801.500	0.6897
3802.400	0.7302
3803.300	0.7581
3804.200	0.8081
3805.100	0.8275
3806.000	0.7804
3806.900	0.7174
3807.800	0.7092
3808.700	0.7778
3809.600	0.8528
3810.500	0.8521
3811.400	0.8342
3812.300	0.8293
3813.200	0.7920
3814.100	0.6788
3815.000	0.5736
3815.900	0.5497
3816.800	0.5917
3817.700	0.6543
3818.600	0.6669
3819.500	0.6213
3820.400	0.5459
3821.300	0.5334
3822.200	0.6005
3823.100	0.6668
3824.000	0.6339
3824.900	0.5349
3825.800	0.4985
3826.700	0.5028
3827.600	0.5141
3828.500	0.4903
3829.400	0.4784
3830.300	0.5009
3831.200	0.4884
3832.100	0.4384
3833.000	0.3952
3833.900	0.3896
3834.800	0.4044
3835.700	0.4295
3836.600	0.4615
3837.500	0.4582
3838.400	0.4384
3839.300	0.4359
3840.200	0.4460
3841.100	0.4788
3842.000	0.5670
3842.900	0.6696
3843.800	0.7015
3844.700	0.6908
3845.600	0.6962
3846.500	0.7033
3847.400	0.7195
3848.300	0.7231
3849.200	0.6900
3850.100	0.6614
3851.000	0.6818
3851.900	0.7332
3852.800	0.7587
3853.700	0.7098
3854.600	0.6608
3855.500	0.6598
3856.400	0.6865
3857.300	0.6964
3858.200	0.6536
3859.100	0.5697
3860.000	0.5068
3860.900	0.5192
3861.800	0.6196
3862.700	0.7510
3863.600	0.8211
3864.500	0.7921
3865.400	0.7375
3866.300	0.7197
3867.200	0.7192
3868.100	0.7131
3869.000	0.7108
3869.900	0.6719
3870.800	0.5811
3871.700	0.5101
3872.600	0.5113
3873.500	0.5657
3874.400	0.6454
3875.300	0.7311
3876.200	0.7675
3877.100	0.7117
3878.000	0.6227
3878.900	0.5796
3879.800	0.6041
3880.700	0.6332
3881.600	0.6023
3882.500	0.5511
3883.400	0.5660
3884.300	0.6625
3885.200	0.6865
3886.100	0.6133
3887.000	0.5570
3887.900	0.5400
3888.800	0.5257
3889.700	0.5302
3890.600	0.5848
3891.500	0.6869
3892.400	0.7370
3893.300	0.7012
3894.200	0.6828
3895.100	0.6731
3896.000	0.6935
3896.900	0.7610
3897.800	0.8192
3898.700	0.8055
3899.600	0.7817
3900.500	0.8124
3901.400	0.8357
3902.300	0.7839
3903.200	0.7156
3904.100	0.6986
3905.000	0.6765
3905.900	0.6399
3906.800	0.6741
3907.700	0.7749
3908.600	0.8567
3909.500	0.8869
3910.400	0.8749
3911.300	0.8835
3912.200	0.8979
3913.100	0.8735
3914.000	0.8393
3914.900	0.8408
3915.800	0.8665
3916.700	0.8693
3917.600	0.8329
3918.500	0.7888
3919.400	0.7524
3920.300	0.7353
3921.200	0.7028
3922.100	0.6839
3923.000	0.7260
3923.900	0.7621
3924.800	0.7564
3925.700	0.7112
3926.600	0.6483
3927.500	0.5647
3928.400	0.4682
3929.300	0.4066
3930.200	0.3553
3931.100	0.2876
3932.000	0.2391
3932.900	0.1959
3933.800	0.1583
3934.700	0.1727
3935.600	0.2284
3936.500	0.2809
3937.400	0.3332
3938.300	0.4160
3939.200	0.5069
3940.100	0.5838
3941.000	0.6546
3941.900	0.6790
3942.800	0.6565
3943.700	0.6290
3944.600	0.6219
3945.500	0.6947
3946.400	0.7787
3947.300	0.7867
3948.200	0.7673
3949.100	0.7887
3950.000	0.8470
3950.900	0.9123
3951.800	0.9314
3952.700	0.8727
3953.600	0.8430
3954.500	0.8813
3955.400	0.8720
3956.300	0.8193
3957.200	0.7897
3958.100	0.8260
3959.000	0.9094
3959.900	0.9278
3960.800	0.8243
3961.700	0.6753
3962.600	0.5704
3963.500	0.5416
3964.400	0.5312
3965.300	0.4808
3966.200	0.3954
3967.100	0.2952
3968.000	0.2063
3968.900	0.1760
3969.800	0.1995
3970.700	0.2483
3971.600	0.3206
3972.500	0.3989
3973.400	0.4674
3974.300	0.5284
3975.200	0.5826
3976.100	0.6609
3977.000	0.7222
3977.900	0.7628
3978.800	0.8377
3979.700	0.9182
3980.600	0.9361
3981.500	0.9053
3982.400	0.8783
3983.300	0.8543
3984.200	0.8596
3985.100	0.8881
3986.000	0.9083
3986.900	0.9031
3987.800	0.9022
3988.700	0.9581
3989.600	0.9776
3990.500	0.9432
3991.400	0.9495
3992.300	0.9762
3993.200	0.9858
3994.100	0.9962
3995.000	0.9707
3995.900	0.8994
3996.800	0.8595
3997.700	0.8835
3998.600	0.9373
3999.500	0.9884
4000.400	1.0037
4001.300	0.9943
4002.200	1.0069
4003.100	1.0328
4004.000	0.9995
4004.900	0.8809
4005.800	0.7899
4006.700	0.7965
4007.600	0.8654
4008.500	0.9431
4009.400	0.9857
4010.300	0.9926
4011.200	0.9860
4012.100	0.9744
4013.000	0.9655
4013.900	0.9715
4014.800	1.0038
4015.700	1.0293
4016.600	1.0178
4017.500	0.9805
4018.400	0.9836
4019.300	1.0298
4020.200	1.0409
4021.100	1.0187
4022.000	1.0084
4022.900	1.0190
4023.800	1.0370
4024.700	1.0237
4025.600	1.0001
4026.500	1.0284
4027.400	1.0594
4028.300	1.0725
4029.200	1.0541
4030.100	0.9739
4031.000	0.8865
4031.900	0.8610
4032.800	0.8799
4033.700	0.8948
4034.600	0.8976
4035.500	0.9371
4036.400	1.0125
4037.300	1.0661
4038.200	1.0969
4039.100	1.1164
4040.000	1.0769
4040.900	1.0225
4041.800	1.0247
4042.700	1.0742
4043.600	1.0632
4044.500	0.9390
4045.400	0.7791
4046.300	0.7383
4047.200	0.8648
4048.100	0.9896
4049.000	1.0314
4049.900	1.0557
4050.800	1.0786
4051.700	1.0595
4052.600	1.0016
4053.500	0.9616
4054.400	0.9657
4055.300	0.9756
4056.200	0.9571
4057.100	0.9095
4058.000	0.8620
4058.900	0.8744
4059.800	0.9442
4060.700	1.0132
4061.600	1.0312
4062.500	0.9495
4063.400	0.8193
4064.300	0.8082
4065.200	0.9166
4066.100	0.9816
4067.000	0.9544
4067.900	0.9559
4068.800	1.0279
4069.700	1.0978
4070.600	1.0731
4071.500	0.9604
4072.400	0.9311
4073.300	1.0032
4074.200	1.0407
4075.100	1.0244
4076.000	0.9448
4076.900	0.8353
4077.800	0.7975
4078.700	0.8419
4079.600	0.9085
4080.500	0.9880
4081.400	1.0597
4082.300	1.0641
4083.200	1.0000
4084.100	0.9330
4085.000	0.9319
4085.900	0.9875
4086.800	1.0389
4087.700	1.0868
4088.600	1.1310
4089.500	1.1120
4090.400	1.0466
4091.300	1.0161
4092.200	1.0287
4093.100	1.0391
4094.000	1.0124
4094.900	0.9689
4095.800	0.9364
4096.700	0.9235
4097.600	0.9288
4098.500	0.9211
4099.400	0.8934
4100.300	0.8208
4101.200	0.6913
4102.100	0.6038
4103.000	0.6588
4103.900	0.7902
4104.800	0.8918
4105.700	0.9470
4106.600	0.9677
4107.500	0.9909
4108.400	1.0022
4109.300	0.9880
4110.200	0.9720
4111.100	0.9684
4112.000	1.0042
4112.900	1.0623
4113.800	1.1025
4114.700	1.0911
4115.600	1.0928
4116.500	1.1270
4117.400	1.1055
4118.300	1.0176
4119.200	0.9691
4120.100	0.9877
4121.000	1.0320
4121.900	1.0459
4122.800	1.0255
4123.700	1.0362
4124.600	1.0862
4125.500	1.0813
4126.400	1.0362
4127.300	1.0011
4128.200	0.9629
4129.100	0.9675
4130.000	1.0228
4130.900	1.0618
4131.800	1.0433
4132.700	0.9840
4133.600	0.9474
4134.500	0.9551
4135.400	1.0056
4136.300	1.0701
4137.200	1.0850
4138.100	1.1263
4139.000	1.1652
4139.900	1.1226
4140.800	1.0659
4141.700	1.0452
4142.600	0.9983
4143.500	0.9314
4144.400	0.9244
4145.300	0.9884
4146.200	1.0506
4147.100	1.0482
4148.000	1.0333
4148.900	1.0447
4149.800	1.0338
4150.700	1.0278
4151.600	1.0380
4152.500	1.0179
4153.400	0.9859
4154.300	0.9661
4155.200	0.9623
4156.100	0.9752
4157.000	0.9777
4157.900	0.9949
4158.800	1.0223
4159.700	1.0585
4160.600	1.0876
4161.500	1.0878
4162.400	1.0836
4163.300	1.0935
4164.200	1.1058
4165.100	1.1127
4166.000	1.1139
4166.900	1.0832
4167.800	1.0264
4168.700	1.0186
4169.600	1.0551
4170.500	1.0524
4171.400	0.9923
4172.300	0.9168
4173.200	0.8671
4174.100	0.8833
4175.000	0.9404
4175.900	0.9714
4176.800	0.9862
4177.700	0.9864
4178.600	0.9924
4179.500	1.0389
4180.400	1.0745
4181.300	1.0312
4182.200	0.9662
4183.100	0.9452
4184.000	0.9586
4184.900	0.9997
4185.800	1.0370
4186.700	1.0021
4187.600	0.9181
4188.500	0.9142
4189.400	0.9991
4190.300	1.0552
4191.200	1.0447
4192.100	1.0508
4193.000	1.0972
4193.900	1.1190
4194.800	1.0615
4195.700	0.9779
4196.600	0.9619
4197.500	0.9740
4198.400	0.9186
4199.300	0.8830
4200.200	0.9093
4201.100	0.9296
4202.000	0.9304
4202.900	0.9359
4203.800	0.9531
4204.700	0.9748
4205.600	0.9963
4206.500	1.0396
4207.400	1.0894
4208.300	1.0944
4209.200	1.0811
4210.100	1.0666
4211.000	1.0570
4211.900	1.0703
4212.800	1.0952
4213.700	1.1132
4214.600	1.0797
4215.500	1.0149
4216.400	1.0009
4217.300	1.0306
4218.200	1.0314
4219.100	1.0302
4220.000	1.0603
4220.900	1.0769
4221.800	1.0847
4222.700	1.0677
4223.600	1.0347
4224.500	0.9884
4225.400	0.8710
4226.300	0.7341
4227.200	0.7032
4228.100	0.8443
4229.000	1.0152
4229.900	1.0786
4230.800	1.0915
4231.700	1.0922
4232.600	1.0496
4233.500	1.0097
4234.400	0.9804
4235.300	0.9682
4236.200	0.9458
4237.100	0.9275
4238.000	0.9306
4238.900	0.9343
4239.800	0.9353
4240.700	0.9752
4241.600	1.0314
4242.500	1.0162
4243.400	0.9968
4244.300	1.0298
4245.200	1.0487
4246.100	1.0182
4247.000	0.9766
4247.900	0.9594
4248.800	0.9381
4249.700	0.9168
4250.600	0.9379
4251.500	1.0095
4252.400	1.0973
4253.300	1.1040
4254.200	1.0238
4255.100	0.9784
4256.000	1.0029
4256.900	1.0559
4257.800	1.0761
4258.700	1.0211
4259.600	0.9184
4260.500	0.8498
4261.400	0.8614
4262.300	0.9322
4263.200	1.0190
4264.100	1.0611
4265.000	1.0611
4265.900	1.0570
4266.800	1.0479
4267.700	1.0292
4268.600	1.0064
4269.500	0.9885
4270.400	0.9304
4271.300	0.8296
4272.200	0.7931
4273.100	0.8563
4274.000	0.9045
4274.900	0.8892
4275.800	0.9136
4276.700	0.9829
4277.600	1.0471
4278.500	1.0613
4279.400	1.0042
4280.300	0.9375
4281.200	0.9340
4282.100	0.9684
4283.000	0.9984
4283.900	1.0042
4284.800	0.9688
4285.700	0.9247
4286.600	0.8985
4287.500	0.9055
4288.400	0.9089
4289.300	0.8678
4290.200	0.8157
4291.100	0.8177
4292.000	0.9016
4292.900	0.9815
4293.800	0.9812
4294.700	0.9506
4295.600	0.9204
4296.500	0.8791
4297.400	0.8375
4298.300	0.7795
4299.200	0.7109
4300.100	0.6692
4301.000	0.6815
4301.900	0.7030
4302.800	0.6930
4303.700	0.7066
4304.600	0.7424
4305.500	0.7514
4306.400	0.7282
4307.300	0.6802
4308.200	0.6265
4309.100	0.6056
4310.000	0.6296
4310.900	0.6844
4311.800	0.7347
4312.700	0.7797
4313.600	0.8402
4314.500	0.8997
4315.400	0.9875
4316.300	1.0862
4317.200	1.1381
4318.100	1.1416
4319.000	1.1274
4319.900	1.0983
4320.800	1.0860
4321.700	1.0838
4322.600	1.0333
4323.500	0.9089
4324.400	0.8053
4325.300	0.7481
4326.200	0.7746
4327.100	0.9014
4328.000	1.0283
4328.900	1.0966
4329.800	1.1031
4330.700	1.1060
4331.600	1.0989
4332.500	1.0695
4333.400	1.0765
4334.300	1.0763
4335.200	1.0569
4336.100	1.0411
4337.000	0.9806
4337.900	0.8632
4338.800	0.7384
4339.700	0.6434
4340.600	0.5991
4341.500	0.6530
4342.400	0.7732
4343.300	0.8532
4344.200	0.8952
4345.100	0.9561
4346.000	1.0127
4346.900	1.0262
4347.800	1.0196
4348.700	1.0663
4349.600	1.1183
4350.500	1.0628
4351.400	0.9285
4352.300	0.8505
4353.200	0.9054
4354.100	0.9977
4355.000	1.0370
4355.900	1.0396
4356.800	1.0566
4357.700	1.0794
4358.600	1.0498
4359.500	1.0083
4360.400	1.0291
4361.300	1.0948
4362.200	1.1179
4363.100	1.0954
4364.000	1.0892
4364.900	1.1195
4365.800	1.1346
4366.700	1.1036
4367.600	1.0715
4368.500	1.0700
4369.400	1.0666
4370.300	1.0411
4371.200	1.0317
4372.100	1.0403
4373.000	1.0362
4373.900	0.9964
4374.800	0.9441
4375.700	0.9278
4376.600	0.9725
4377.500	1.0494
4378.400	1.0804
4379.300	1.0696
4380.200	1.0695
4381.100	1.0654
4382.000	1.0039
4382.900	0.8709
4383.800	0.7496
4384.700	0.7383
4385.600	0.8420
4386.500	0.9656
4387.400	1.0174
4388.300	1.0093
4389.200	0.9804
4390.100	0.9552
4391.000	0.9626
4391.900	0.9902
4392.800	1.0154
4393.700	1.0204
4394.600	0.9958
4395.500	0.9768
4396.400	1.0134
4397.300	1.0802
4398.200	1.1128
4399.100	1.0934
4400.000	1.0243
4400.900	0.9807
4401.800	1.0150
4402.700	1.0682
4403.600	1.0467
4404.500	0.9668
4405.400	0.9448
4406.300	1.0000
4407.200	1.0128
4408.100	0.9696
4409.000	0.9710
4409.900	1.0331
4410.800	1.0889
4411.700	1.1360
4412.600	1.1647
4413.500	1.1337
4414.400	1.0533
4415.300	0.9791
4416.200	0.9796
4417.100	1.0221
4418.000	1.0559
4418.900	1.0958
4419.800	1.1343
4420.700	1.1438
4421.600	1.1113
4422.500	1.0551
4423.400	1.0370
4424.300	1.0545
4425.200	1.0712
4426.100	1.0899
4427.000	1.1098
4427.900	1.1156
4428.800	1.1126
4429.700	1.0863
4430.600	1.0344
4431.500	1.0359
4432.400	1.0874
4433.300	1.0875
4434.200	1.0236
4435.100	0.9642
4436.000	0.9702
4436.900	1.0317
4437.800	1.1079
4438.700	1.1621
4439.600	1.1784
4440.500	1.1485
4441.400	1.0981
4442.300	1.0566
4443.200	1.0226
4444.100	1.0421
4445.000	1.1078
4445.900	1.1495
4446.800	1.1258
4447.700	1.0884
4448.600	1.1092
4449.500	1.1338
4450.400	1.1048
4451.300	1.0797
4452.200	1.0958
4453.100	1.0980
4454.000	1.0529
4454.900	0.9686
4455.800	0.9314
4456.700	0.9767
4457.600	1.0020
4458.500	0.9868
4459.400	0.9959
4460.300	1.0284
4461.200	1.0103
4462.100	0.9834
4463.000	1.0181
4463.900	1.0807
4464.800	1.0646
4465.700	1.0340
4466.600	1.0556
4467.500	1.0883
4468.400	1.0716
4469.300	1.0336
4470.200	1.0382
4471.100	1.0774
4472.000	1.1142
4472.900	1.1305
4473.800	1.1500
4474.700	1.1650
4475.600	1.1473
4476.500	1.1348
4477.400	1.1429
4478.300	1.1667
4479.200	1.1692
4480.100	1.0989
4481.000	1.0202
4481.900	0.9952
4482.800	1.0262
4483.700	1.0920
4484.600	1.1292
4485.500	1.1455
4486.400	1.1534
4487.300	1.1376
4488.200	1.0919
4489.100	1.0534
4490.000	1.0446
4490.900	1.0752
4491.800	1.1369
4492.700	1.1782
4493.600	1.1581
4494.500	1.1052
4495.400	1.0702
4496.300	1.0774
4497.200	1.1150
4498.100	1.1523
4499.000	1.1614
4499.900	1.1445
4500.800	1.1184
4501.700	1.1013
4502.600	1.1127
4503.500	1.1554
4504.400	1.1999
4505.300	1.2129
4506.200	1.2064
4507.100	1.1834
4508.000	1.1600
4508.900	1.1642
4509.800	1.1858
4510.700	1.2036
4511.600	1.1985
4512.500	1.1759
4513.400	1.1526
4514.300	1.1313
4515.200	1.1269
4516.100	1.1332
4517.000	1.1365
4517.900	1.1245
4518.800	1.1150
4519.700	1.1387
4520.600	1.1601
4521.500	1.1481
4522.400	1.1227
4523.300	1.1003
4524.200	1.0840
4525.100	1.0705
4526.000	1.0397
4526.900	1.0144
4527.800	1.0038
4528.700	0.9917
4529.600	0.9958
4530.500	1.0016
4531.400	1.0084
4532.300	1.0393
4533.200	1.0440
4534.100	1.0141
4535.000	0.9906
4535.900	1.0122
4536.800	1.0984
4537.700	1.1818
4538.600	1.2051
4539.500	1.1708
4540.400	1.1337
4541.300	1.1128
4542.200	1.1316
4543.100	1.1661
4544.000	1.1527
4544.900	1.1145
4545.800	1.1106
4546.700	1.1214
4547.600	1.1126
4548.500	1.0761
4549.400	1.0247
4550.300	1.0139
4551.200	1.0534
4552.100	1.0875
4553.000	1.0913
4553.900	1.0711
4554.800	1.0503
4555.700	1.0405
4556.600	1.0618
4557.500	1.1041
4558.400	1.1211
4559.300	1.1271
4560.200	1.1526
4561.100	1.1752
4562.000	1.1741
4562.900	1.1464
4563.800	1.0868
4564.700	1.0469
4565.600	1.0451
4566.500	1.0932
4567.400	1.1605
4568.300	1.1787
4569.200	1.1735
4570.100	1.1604
4571.000	1.1077
4571.900	1.0601
4572.800	1.0920
4573.700	1.1419
4574.600	1.1685
4575.500	1.1886
4576.400	1.1849
4577.300	1.1660
4578.200	1.1487
4579.100	1.1322
4580.000	1.0905
4580.900	1.0517
4581.800	1.0392
4582.700	1.0518
4583.600	1.0598
4584.500	1.0618
4585.400	1.0692
4586.300	1.0808
4587.200	1.1005
4588.100	1.1203
4589.000	1.1387
4589.900	1.1433
4590.800	1.1106
4591.700	1.0870
4592.600	1.0882
4593.500	1.1014
4594.400	1.1082
4595.300	1.0784
4596.200	1.0528
4597.100	1.0730
4598.000	1.0869
4598.900	1.0917
4599.800	1.0740
4600.700	1.0379
4601.600	1.0513
4602.500	1.0764
4603.400	1.0943
4604.300	1.1090
4605.200	1.1061
4606.100	1.1146
4607.000	1.1319
4607.900	1.1579
4608.800	1.1743
4609.700	1.1639
4610.600	1.1293
4611.500	1.1080
4612.400	1.1118
4613.300	1.1103
4614.200	1.1092
4615.100	1.1291
4616.000	1.1372
4616.900	1.1233
4617.800	1.1130
4618.700	1.0880
4619.600	1.0893
4620.500	1.1152
4621.400	1.1317
4622.300	1.1248
4623.200	1.1184
4624.100	1.1212
4625.000	1.1174
4625.900	1.1219
4626.800	1.1252
4627.700	1.1342
4628.600	1.1235
4629.500	1.1014
4630.400	1.1050
4631.300	1.1313
4632.200	1.1332
4633.100	1.1069
4634.000	1.0979
4634.900	1.1102
4635.800	1.1150
4636.700	1.0890
4637.600	1.0547
4638.500	1.0534
4639.400	1.0736
4640.300	1.0836
4641.200	1.1118
4642.100	1.1362
4643.000	1.1324
4643.900	1.1192
4644.800	1.1144
4645.700	1.0748
4646.600	1.0021
4647.500	0.9675
4648.400	0.9859
4649.300	1.0384
4650.200	1.0860
4651.100	1.1008
4652.000	1.1028
4652.900	1.1151
4653.800	1.0967
4654.700	1.0578
4655.600	1.0443
4656.500	1.0399
4657.400	1.0581
4658.300	1.1043
4659.200	1.1505
4660.100	1.1713
4661.000	1.1613
4661.900	1.1312
4662.800	1.0897
4663.700	1.0702
4664.600	1.0664
4665.500	1.0424
4666.400	0.9829
4667.300	0.9160
4668.200	0.9008
4669.100	0.9499
4670.000	1.0228
4670.900	1.0659
4671.800	1.0732
4672.700	1.0666
4673.600	1.0712
4674.500	1.0899
4675.400	1.1115
4676.300	1.1264
4677.200	1.1091
4678.100	1.0787
4679.000	1.0499
4679.900	1.0405
4680.800	1.0409
4681.700	1.0407
4682.600	1.0548
4683.500	1.0885
4684.400	1.1238
4685.300	1.1317
4686.200	1.1196
4687.100	1.1060
4688.000	1.0882
4688.900	1.0773
4689.800	1.0821
4690.700	1.0752
4691.600	1.0581
4692.500	1.0719
4693.400	1.0918
4694.300	1.1025
4695.200	1.1103
4696.100	1.1157
4697.000	1.1088
4697.900	1.0754
4698.800	1.0409
4699.700	1.0351
4700.600	1.0428
4701.500	1.0331
4702.400	0.9995
4703.300	0.9859
4704.200	1.0210
4705.100	1.0600
4706.000	1.0650
4706.900	1.0439
4707.800	1.0159
4708.700	1.0046
4709.600	1.0171
4710.500	1.0503
4711.400	1.0903
4712.300	1.0959
4713.200	1.0779
4714.100	1.0625
4715.000	1.0585
4715.900	1.0856
4716.800	1.1190
4717.700	1.1322
4718.600	1.1450
4719.500	1.1598
4720.400	1.1531
4721.300	1.1366
4722.200	1.1226
4723.100	1.1088
4724.000	1.1225
4724.900	1.1499
4725.800	1.1455
4726.700	1.1044
4727.600	1.0568
4728.500	1.0376
4729.400	1.0449
4730.300	1.0534
4731.200	1.0605
4732.100	1.0791
4733.000	1.0986
4733.900	1.1065
4734.800	1.0981
4735.700	1.0727
4736.600	1.0463
4737.500	1.0523
4738.400	1.0930
4739.300	1.1210
4740.200	1.1102
4741.100	1.0961
4742.000	1.1011
4742.900	1.1152
4743.800	1.1245
4744.700	1.1196
4745.600	1.1110
4746.500	1.1186
4747.400	1.1255
4748.300	1.1137
4749.200	1.1081
4750.100	1.1191
4751.000	1.1251
4751.900	1.1015
4752.800	1.0799
4753.700	1.0776
4754.600	1.0697
4755.500	1.0564
4756.400	1.0580
4757.300	1.0766
4758.200	1.1082
4759.100	1.1311
4760.000	1.1310
4760.900	1.1115
4761.800	1.0708
4762.700	1.0306
4763.600	1.0323
4764.500	1.0401
4765.400	1.0360
4766.300	1.0482
4767.200	1.0744
4768.100	1.0936
4769.000	1.1031
4769.900	1.1143
4770.800	1.1103
4771.700	1.0927
4772.600	1.0882
4773.500	1.1138
4774.400	1.1530
4775.300	1.1519
4776.200	1.1276
4777.100	1.1352
4778.000	1.1518
4778.900	1.1437
4779.800	1.1260
4780.700	1.1361
4781.600	1.1632
4782.500	1.1550
4783.400	1.1099
4784.300	1.1022
4785.200	1.1140
4786.100	1.0900
4787.000	1.0659
4787.900	1.0828
4788.800	1.0979
4789.700	1.0921
4790.600	1.0960
4791.500	1.1013
4792.400	1.1069
4793.300	1.1279
4794.200	1.1517
4795.100	1.1737
4796.000	1.1844
4796.900	1.1699
4797.800	1.1366
4798.700	1.1002
4799.600	1.0742
4800.500	1.0752
4801.400	1.0973
4802.300	1.1165
4803.200	1.1213
4804.100	1.1059
4805.000	1.0756
4805.900	1.0768
4806.800	1.0920
4807.700	1.0892
4808.600	1.0865
4809.500	1.0963
4810.400	1.1069
4811.300	1.1134
4812.200	1.1272
4813.100	1.1296
4814.000	1.1188
4814.900	1.1211
4815.800	1.1430
4816.700	1.1525
4817.600	1.1440
4818.500	1.1401
4819.400	1.1429
4820.300	1.1456
4821.200	1.1512
4822.100	1.1510
4823.000	1.1026
4823.900	1.0487
4824.800	1.0609
4825.700	1.1057
4826.600	1.1300
4827.500	1.1193
4828.400	1.1019
4829.300	1.1000
4830.200	1.0985
4831.100	1.0986
4832.000	1.1163
4832.900	1.1279
4833.800	1.1214
4834.700	1.1282
4835.600	1.1302
4836.500	1.1256
4837.400	1.1203
4838.300	1.0829
4839.200	1.0481
4840.100	1.0371
4841.000	1.0447
4841.900	1.0610
4842.800	1.0588
4843.700	1.0509
4844.600	1.0640
4845.500	1.0902
4846.400	1.1057
4847.300	1.1003
4848.200	1.0726
4849.100	1.0577
4850.000	1.0608
4850.900	1.0799
4851.800	1.0913
4852.700	1.0886
4853.600	1.0721
4854.500	1.0333
4855.400	0.9795
4856.300	0.9490
4857.200	0.9465
4858.100	0.9357
4859.000	0.8890
4859.900	0.7931
4860.800	0.6697
4861.700	0.6180
4862.600	0.6989
4863.500	0.8250
4864.400	0.8990
4865.300	0.9470
4866.200	0.9802
4867.100	0.9995
4868.000	1.0183
4868.900	1.0371
4869.800	1.0269
4870.700	0.9658
4871.600	0.9220
4872.500	0.9490
4873.400	1.0071
4874.300	1.0443
4875.200	1.0407
4876.100	1.0391
4877.000	1.0498
4877.900	1.0471
4878.800	1.0666
4879.700	1.1017
4880.600	1.1014
4881.500	1.0808
4882.400	1.0701
4883.300	1.0641
4884.200	1.0410
4885.100	1.0049
4886.000	0.9912
4886.900	1.0045
4887.800	1.0234
4888.700	1.0217
4889.600	0.9977
4890.500	0.9596
4891.400	0.9330
4892.300	0.9659
4893.200	1.0490
4894.100	1.1162
4895.000	1.1358
4895.900	1.1373
4896.800	1.1277
4897.700	1.1264
4898.600	1.1237
4899.500	1.0986
4900.400	1.0799
4901.300	1.0951
4902.200	1.1139
4903.100	1.0946
4904.000	1.0706
4904.900	1.1034
4905.800	1.1457
4906.700	1.1447
4907.600	1.1183
4908.500	1.0983
4909.400	1.0577
4910.300	1.0021
4911.200	1.0007
4912.100	1.0411
4913.000	1.0714
4913.900	1.0975
4914.800	1.1158
4915.700	1.1175
4916.600	1.0958
4917.500	1.0458
4918.400	0.9880
4919.300	0.9446
4920.200	0.9354
4921.100	0.9515
4922.000	0.9970
4922.900	1.0364
4923.800	1.0216
4924.700	1.0099
4925.600	1.0522
4926.500	1.0903
4927.400	1.0969
4928.300	1.1066
4929.200	1.1155
4930.100	1.1107
4931.000	1.1154
4931.900	1.1130
4932.800	1.0656
4933.700	1.0193
4934.600	1.0190
4935.500	1.0484
4936.400	1.0643
4937.300	1.0538
4938.200	1.0124
4939.100	0.9743
4940.000	0.9983
4940.900	1.0694
4941.800	1.1088
4942.700	1.1185
4943.600	1.1402
4944.500	1.1442
4945.400	1.1071
4946.300	1.0765
4947.200	1.0946
4948.100	1.1286
4949.000	1.1308
4949.900	1.1095
4950.800	1.0989
4951.700	1.0981
4952.600	1.0890
4953.500	1.0848
4954.400	1.0932
4955.300	1.0943
4956.200	1.0488
4957.100	0.9582
4958.000	0.9250
4958.900	1.0137
4959.800	1.1128
4960.700	1.1495
4961.600	1.1426
4962.500	1.1346
4963.400	1.1415
4964.300	1.1320
4965.200	1.0851
4966.100	1.0491
4967.000	1.0594
4967.900	1.0773
4968.800	1.0767
4969.700	1.0709
4970.600	1.0774
4971.500	1.0988
4972.400	1.1102
4973.300	1.1141
4974.200	1.1359
4975.100	1.1469
4976.000	1.1163
4976.900	1.0970
4977.800	1.0926
4978.700	1.0710
4979.600	1.0623
4980.500	1.0705
4981.400	1.0484
4982.300	0.9820
4983.200	0.9333
4984.100	0.9444
4985.000	0.9836
4985.900	1.0295
4986.800	1.0802
4987.700	1.1123
4988.600	1.1070
4989.500	1.0841
4990.400	1.0600
4991.300	1.0502
4992.200	1.0643
4993.100	1.0645
4994.000	1.0535
4994.900	1.0764
4995.800	1.1032
4996.700	1.0987
4997.600	1.0876
4998.500	1.0729
4999.400	1.0405
5000.300	1.0176
5001.200	1.0124
5002.100	1.0211
5003.000	1.0321
5003.900	1.0314
5004.800	1.0126
5005.700	0.9706
5006.600	0.9526
5007.500	1.0005
5008.400	1.0666
5009.300	1.1024
5010.200	1.0970
5011.100	1.0596
5012.000	1.0026
5012.900	0.9536
5013.800	0.9363
5014.700	0.9488
5015.600	0.9779
5016.500	0.9954
5017.400	0.9802
5018.300	0.9589
5019.200	0.9721
5020.100	1.0087
5021.000	1.0247
5021.900	1.0179
5022.800	1.0203
5023.700	1.0386
5024.600	1.0440
5025.500	1.0361
5026.400	1.0250
5027.300	1.0112
5028.200	1.0220
5029.100	1.0502
5030.000	1.0570
5030.900	1.0552
5031.800	1.0754
5032.700	1.1076
5033.600	1.1153
5034.500	1.0837
5035.400	1.0327
5036.300	1.0069
5037.200	1.0194
5038.100	1.0202
5039.000	0.9930
5039.900	0.9506
5040.800	0.8968
5041.700	0.8885
5042.600	0.9663
5043.500	1.0549
5044.400	1.0933
5045.300	1.1149
5046.200	1.1301
5047.100	1.1107
5048.000	1.0598
5048.900	1.0212
5049.800	1.0111
5050.700	1.0083
5051.600	1.0007
5052.500	1.0116
5053.400	1.0510
5054.300	1.0881
5055.200	1.1029
5056.100	1.0958
5057.000	1.0777
5057.900	1.0726
5058.800	1.0874
5059.700	1.0985
5060.600	1.1007
5061.500	1.1125
5062.400	1.1183
5063.300	1.0959
5064.200	1.0400
5065.100	0.9960
5066.000	1.0117
5066.900	1.0441
5067.800	1.0469
5068.700	1.0416
5069.600	1.0582
5070.500	1.0758
5071.400	1.0577
5072.300	1.0247
5073.200	1.0297
5074.100	1.0476
5075.000	1.0517
5075.900	1.0623
5076.800	1.0807
5077.700	1.0725
5078.600	1.0111
5079.500	0.9385
5080.400	0.9239
5081.300	0.9675
5082.200	1.0023
5083.100	0.9980
5084.000	0.9990
5084.900	1.0345
5085.800	1.0749
5086.700	1.0854
5087.600	1.0713
5088.500	1.0574
5089.400	1.0588
5090.300	1.0558
5091.200	1.0540
5092.100	1.0731
5093.000	1.0985
5093.900	1.1068
5094.800	1.0986
5095.700	1.0721
5096.600	1.0252
5097.500	0.9713
5098.400	0.9358
5099.300	0.9335
5100.200	0.9724
5101.100	1.0397
5102.000	1.0821
5102.900	1.0705
5103.800	1.0457
5104.700	1.0424
5105.600	1.0520
5106.500	1.0382
5107.400	1.0047
5108.300	0.9940
5109.200	1.0044
5110.100	1.0151
5111.000	1.0330
5111.900	1.0624
5112.800	1.0830
5113.700	1.0900
5114.600	1.0726
5115.500	1.0552
5116.400	1.0715
5117.300	1.0863
5118.200	1.0880
5119.100	1.0884
5120.000	1.0777
5120.900	1.0531
5121.800	1.0296
5122.700	1.0122
5123.600	0.9926
5124.500	0.9787
5125.400	0.9806
5126.300	0.9878
5127.200	0.9955
5128.100	1.0045
5129.000	1.0037
5129.900	1.0062
5130.800	1.0256
5131.700	1.0348
5132.600	1.0309
5133.500	1.0224
5134.400	1.0294
5135.300	1.0457
5136.200	1.0320
5137.100	0.9935
5138.000	0.9708
5138.900	0.9594
5139.800	0.9611
5140.700	0.9901
5141.600	0.9942
5142.500	0.9719
5143.400	0.9882
5144.300	1.0231
5145.200	1.0274
5146.100	1.0099
5147.000	0.9944
5147.900	0.9876
5148.800	1.0035
5149.700	1.0205
5150.600	1.0146
5151.500	1.0141
5152.400	1.0239
5153.300	1.0168
5154.200	1.0006
5155.100	1.0012
5156.000	1.0232
5156.900	1.0376
5157.800	1.0478
5158.700	1.0587
5159.600	1.0671
5160.500	1.0633
5161.400	1.0374
5162.300	0.9944
5163.200	0.9813
5164.100	0.9920
5165.000	0.9737
5165.900	0.9075
5166.800	0.8150
5167.700	0.7589
5168.600	0.7802
5169.500	0.8622
5170.400	0.9294
5171.300	0.8959
5172.200	0.7933
5173.100	0.7598
5174.000	0.8565
5174.900	0.9852
5175.800	1.0496
5176.700	1.0499
5177.600	1.0419
5178.500	1.0542
5179.400	1.0504
5180.300	1.0414
5181.200	1.0258
5182.100	0.9436
5183.000	0.7993
5183.900	0.7256
5184.800	0.7983
5185.700	0.9257
5186.600	1.0074
5187.500	1.0205
5188.400	0.9989
5189.300	0.9989
5190.200	1.0183
5191.100	0.9891
5192.000	0.9335
5192.900	0.9414
5193.800	0.9888
5194.700	0.9850
5195.600	0.9621
5196.500	0.9698
5197.400	0.9916
5198.300	1.0062
5199.200	1.0129
5200.100	1.0194
5201.000	1.0288
5201.900	1.0288
5202.800	1.0258
5203.700	1.0090
5204.600	0.9776
5205.500	0.9538
5206.400	0.9668
5207.300	0.9702
5208.200	0.9478
5209.100	0.9536
5210.000	0.9883
5210.900	1.0195
5211.800	1.0474
5212.700	1.0655
5213.600	1.0567
5214.500	1.0196
5215.400	0.9843
5216.300	0.9725
5217.200	0.9812
5218.100	1.0047
5219.000	1.0383
5219.900	1.0605
5220.800	1.0638
5221.700	1.0596
5222.600	1.0545
5223.500	1.0475
5224.400	1.0153
5225.300	0.9481
5226.200	0.8720
5227.100	0.8548
5228.000	0.9112
5228.900	0.9753
5229.800	1.0179
5230.700	1.0322
5231.600	1.0291
5232.500	0.9890
5233.400	0.9662
5234.300	0.9735
5235.200	0.9840
5236.100	1.0074
5237.000	1.0324
5237.900	1.0485
5238.800	1.0557
5239.700	1.0584
5240.600	1.0572
5241.500	1.0512
5242.400	1.0328
5243.300	1.0290
5244.200	1.0470
5245.100	1.0692
5246.000	1.0654
5246.900	1.0259
5247.800	1.0128
5248.700	1.0202
5249.600	1.0111
5250.500	0.9916
5251.400	0.9985
5252.300	1.0235
5253.200	1.0253
5254.100	0.9984
5255.000	0.9777
5255.900	1.0038
5256.800	1.0614
5257.700	1.0924
5258.600	1.0909
5259.500	1.0749
5260.400	1.0389
5261.300	0.9963
5262.200	0.9564
5263.100	0.9131
5264.000	0.8824
5264.900	0.8704
5265.800	0.8768
5266.700	0.9071
5267.600	0.9409
5268.500	0.9230
5269.400	0.8607
5270.300	0.8491
5271.200	0.9174
5272.100	0.9675
5273.000	0.9606
5273.900	0.9447
5274.800	0.9362
5275.700	0.9376
5276.600	0.9852
5277.500	1.0389
5278.400	1.0545
5279.300	1.0393
5280.200	1.0176
5281.100	1.0001
5282.000	0.9823
5282.900	0.9625
5283.800	0.9531
5284.700	0.9898
5285.600	1.0427
5286.500	1.0682
5287.400	1.0697
5288.300	1.0608
5289.200	1.0716
5290.100	1.0881
5291.000	1.0878
5291.900	1.0706
5292.800	1.0646
5293.700	1.0677
5294.600	1.0525
5295.500	1.0304
5296.400	0.9941
5297.300	0.9446
5298.200	0.9195
5299.100	0.9548
5300.000	1.0046
5300.900	1.0052
5301.800	0.9891
5302.700	1.0048
5303.600	1.0489
5304.500	1.0745
5305.400	1.0684
5306.300	1.0495
5307.200	1.0263
5308.100	1.0302
5309.000	1.0491
5309.900	1.0628
5310.800	1.0704
5311.700	1.0644
5312.600	1.0556
5313.500	1.0499
5314.400	1.0544
5315.300	1.0434
5316.200	1.0057
5317.100	0.9901
5318.000	1.0192
5318.900	1.0488
5319.800	1.0437
5320.700	1.0302
5321.600	1.0227
5322.500	1.0191
5323.400	1.0004
5324.300	0.9652
5325.200	0.9618
5326.100	0.9766
5327.000	0.9424
5327.900	0.8712
5328.800	0.8565
5329.700	0.9235
5330.600	0.9966
5331.500	1.0263
5332.400	1.0115
5333.300	1.0068
5334.200	1.0292
5335.100	1.0475
5336.000	1.0385
5336.900	1.0162
5337.800	1.0028
5338.700	1.0003
5339.600	0.9667
5340.500	0.9330
5341.400	0.9538
5342.300	1.0023
5343.200	1.0294
5344.100	1.0269
5345.000	1.0040
5345.900	0.9829
5346.800	0.9896
5347.700	1.0004
5348.600	0.9852
5349.500	0.9727
5350.400	0.9922
5351.300	1.0221
5352.200	1.0287
5353.100	1.0171
5354.000	1.0208
5354.900	1.0474
5355.800	1.0694
5356.700	1.0749
5357.600	1.0683
5358.500	1.0584
5359.400	1.0502
5360.300	1.0372
5361.200	1.0263
5362.100	1.0124
5363.000	1.0027
5363.900	1.0016
5364.800	0.9817
5365.700	0.9674
5366.600	0.9922
5367.500	1.0085
5368.400	1.0040
5369.300	0.9748
5370.200	0.9301
5371.100	0.9196
5372.000	0.9532
5372.900	0.9970
5373.800	1.0281
5374.700	1.0472
5375.600	1.0603
5376.500	1.0571
5377.400	1.0375
5378.300	1.0257
5379.200	1.0176
5380.100	1.0046
5381.000	0.9987
5381.900	0.9955
5382.800	0.9890
5383.700	0.9975
5384.600	1.0210
5385.500	1.0356
5386.400	1.0331
5387.300	1.0290
5388.200	1.0245
5389.100	1.0083
5390.000	0.9873
5390.900	0.9769
5391.800	0.9750
5392.700	0.9772
5393.600	0.9849
5394.500	0.9940
5395.400	0.9901
5396.300	0.9647
5397.200	0.9441
5398.100	0.9582
5399.000	0.9813
5399.900	0.9863
5400.800	0.9868
5401.700	1.0002
5402.600	0.9949
5403.500	0.9479
5404.400	0.9028
5405.300	0.8972
5406.200	0.9279
5407.100	0.9634
5408.000	0.9823
5408.900	0.9688
5409.800	0.9400
5410.700	0.9398
5411.600	0.9744
5412.500	1.0060
5413.400	1.0020
5414.300	0.9816
5415.200	0.9857
5416.100	1.0093
5417.000	1.0237
5417.900	1.0213
5418.800	1.0102
5419.700	0.9996
5420.600	0.9935
5421.500	0.9993
5422.400	0.9995
5423.300	0.9707
5424.200	0.9489
5425.100	0.9708
5426.000	1.0134
5426.900	1.0350
5427.800	1.0158
5428.700	0.9664
5429.600	0.9374
5430.500	0.9599
5431.400	0.9945
5432.300	0.9935
5433.200	0.9716
5434.100	0.9542
5435.000	0.9522
5435.900	0.9649
5436.800	0.9920
5437.700	1.0226
5438.600	1.0378
5439.500	1.0390
5440.400	1.0397
5441.300	1.0406
5442.200	1.0378
5443.100	1.0308
5444.000	1.0063
5444.900	0.9635
5445.800	0.9258
5446.700	0.9155
5447.600	0.9493
5448.500	0.9980
5449.400	1.0241
5450.300	1.0302
5451.200	1.0289
5452.100	1.0274
5453.000	1.0189
5453.900	0.9889
5454.800	0.9417
5455.700	0.9274
5456.600	0.9675
5457.500	1.0132
5458.400	1.0354
5459.300	1.0393
5460.200	1.0305
5461.100	1.0070
5462.000	0.9680
5462.900	0.9384
5463.800	0.9501
5464.700	0.9845
5465.600	1.0021
5466.500	1.0028
5467.400	1.0042
5468.300	1.0098
5469.200	1.0140
5470.100	1.0111
5471.000	1.0055
5471.900	0.9980
5472.800	0.9814
5473.700	0.9720
5474.600	0.9698
5475.500	0.9397
5476.400	0.9019
5477.300	0.9111
5478.200	0.9561
5479.100	0.9934
5480.000	0.9847
5480.900	0.9536
5481.800	0.9515
5482.700	0.9727
5483.600	0.9936
5484.500	1.0094
5485.400	1.0163
5486.300	1.0030
5487.200	0.9769
5488.100	0.9644
5489.000	0.9752
5489.900	0.9921
5490.800	1.0028
5491.700	1.0030
5492.600	0.9915
5493.500	0.9792
5494.400	0.9845
5495.300	0.9977
5496.200	0.9961
5497.100	0.9841
5498.000	0.9884
5498.900	1.0037
5499.800	1.0055
5500.700	0.9834
5501.600	0.9619
5502.500	0.9647
5503.400	0.9794
5504.300	0.9865
5505.200	0.9791
5506.100	0.9689
5507.000	0.9722
5507.900	0.9851
5508.800	0.9882
5509.700	0.9812
5510.600	0.9733
5511.500	0.9656
5512.400	0.9553
5513.300	0.9585
5514.200	0.9741
5515.100	0.9879
5516.000	0.9946
5516.900	0.9951
5517.800	1.0001
5518.700	1.0098
5519.600	1.0093
5520.500	1.0046
5521.400	1.0038
5522.300	1.0036
5523.200	1.0006
5524.100	0.9930
5525.000	0.9820
5525.900	0.9669
5526.800	0.9407
5527.700	0.9147
5528.600	0.9187
5529.500	0.9577
5530.400	0.9892
5531.300	0.9952
5532.200	0.9918
5533.100	0.9851
5534.000	0.9674
5534.900	0.9524
5535.800	0.9604
5536.700	0.9793
5537.600	0.9871
5538.500	0.9882
5539.400	0.9913
5540.300	0.9954
5541.200	0.9956
5542.100	0.9880
5543.000	0.9727
5543.900	0.9671
5544.800	0.9745
5545.700	0.9807
5546.600	0.9840
5547.500	0.9937
5548.400	1.0051
5549.300	1.0080
5550.200	1.0055
5551.100	1.0042
5552.000	0.9989
5552.900	0.9828
5553.800	0.9660
5554.700	0.9664
5555.600	0.9808
5556.500	0.9883
5557.400	0.9856
5558.300	0.9835
5559.200	0.9855
5560.100	0.9844
5561.000	0.9792
5561.900	0.9671
5562.800	0.9519
5563.700	0.9488
5564.600	0.9526
5565.500	0.9564
5566.400	0.9637
5567.300	0.9681
5568.200	0.9601
5569.100	0.9488
5570.000	0.9574
5570.900	0.9737
5571.800	0.9627
5572.700	0.9407
5573.600	0.9457
5574.500	0.9602
5575.400	0.9621
5576.300	0.9648
5577.200	0.9768
5578.100	0.9838
5579.000	0.9848
5579.900	0.9885
5580.800	0.9817
5581.700	0.9674
5582.600	0.9699
5583.500	0.9837
5584.400	0.9815
5585.300	0.9550
5586.200	0.9157
5587.100	0.8837
5588.000	0.8753
5588.900	0.8871
5589.800	0.9096
5590.700	0.9342
5591.600	0.9472
5592.500	0.9479
5593.400	0.9374
5594.300	0.9292
5595.200	0.9494
5596.100	0.9753
5597.000	0.9696
5597.900	0.9413
5598.800	0.9301
5599.700	0.9345
5600.600	0.9284
5601.500	0.9120
5602.400	0.9038
5603.300	0.9235
5604.200	0.9656
5605.100	0.9955
5606.000	0.9976
5606.900	0.9913
5607.800	0.9947
5608.700	1.0026
5609.600	1.0024
5610.500	0.9969
5611.400	0.9947
5612.300	0.9970
5613.200	0.9857
5614.100	0.9376
5615.000	0.8846
5615.900	0.8827
5616.800	0.9220
5617.700	0.9569
5618.600	0.9670
5619.500	0.9635
5620.400	0.9675
5621.300	0.9788
5622.200	0.9816
5623.100	0.9632
5624.000	0.9363
5624.900	0.9282
5625.800	0.9447
5626.700	0.9627
5627.600	0.9711
5628.500	0.9813
5629.400	0.9897
5630.300	0.9902
5631.200	0.9883
5632.100	0.9814
5633.000	0.9668
5633.900	0.9545
5634.800	0.9522
5635.700	0.9498
5636.600	0.9444
5637.500	0.9441
5638.400	0.9531
5639.300	0.9577
5640.200	0.9493
5641.100	0.9411
5642.000	0.9469
5642.900	0.9562
5643.800	0.9596
5644.700	0.9666
5645.600	0.9731
5646.500	0.9731
5647.400	0.9780
5648.300	0.9798
5649.200	0.9666
5650.100	0.9550
5651.000	0.9588
5651.900	0.9713
5652.800	0.9748
5653.700	0.9587
5654.600	0.9385
5655.500	0.9389
5656.400	0.9416
5657.300	0.9170
5658.200	0.8871
5659.100	0.8946
5660.000	0.9292
5660.900	0.9480
5661.800	0.9386
5662.700	0.9285
5663.600	0.9380
5664.500	0.9573
5665.400	0.9644
5666.300	0.9551
5667.200	0.9460
5668.100	0.9456
5669.000	0.9476
5669.900	0.9536
5670.800	0.9668
5671.700	0.9821
5672.600	0.9902
5673.500	0.9896
5674.400	0.9790
5675.300	0.9676
5676.200	0.9652
5677.100	0.9664
5678.000	0.9671
5678.900	0.9689
5679.800	0.9729
5680.700	0.9649
5681.600	0.9382
5682.500	0.9179
5683.400	0.9159
5684.300	0.9245
5685.200	0.9354
5686.100	0.9325
5687.000	0.9179
5687.900	0.9118
5688.800	0.9243
5689.700	0.9484
5690.600	0.9659
5691.500	0.9708
5692.400	0.9700
5693.300	0.9643
5694.200	0.9605
5695.100	0.9668
5696.000	0.9770
5696.900	0.9793
5697.800	0.9715
5698.700	0.9637
5699.600	0.9564
5700.500	0.9425
5701.400	0.9349
5702.300	0.9433
5703.200	0.9536
5704.100	0.9518
5705.000	0.9379
5705.900	0.9231
5706.800	0.9116
5707.700	0.8995
5708.600	0.8875
5709.500	0.8867
5710.400	0.8933
5711.300	0.8984
5712.200	0.9113
5713.100	0.9308
5714.000	0.9419
5714.900	0.9474
5715.800	0.9581
5716.700	0.9701
5717.600	0.9729
5718.500	0.9730
5719.400	0.9787
5720.300	0.9832
5721.200	0.9836
5722.100	0.9837
5723.000	0.9851
5723.900	0.9853
5724.800	0.9850
5725.700	0.9844
5726.600	0.9782
5727.500	0.9735
5728.400	0.9758
5729.300	0.9780
5730.200	0.9752
5731.100	0.9653
5732.000	0.9563
5732.900	0.9621
5733.800	0.9746
5734.700	0.9814
5735.600	0.9788
5736.500	0.9757
5737.400	0.9790
5738.300	0.9807
5739.200	0.9783
5740.100	0.9720
5741.000	0.9646
5741.900	0.9636
5742.800	0.9692
5743.700	0.9759
5744.600	0.9776
5745.500	0.9747
5746.400	0.9650
5747.300	0.9515
5748.200	0.9529
5749.100	0.9713
5750.000	0.9847
5750.900	0.9763
5751.800	0.9492
5752.700	0.9207
5753.600	0.9072
5754.500	0.9199
5755.400	0.9474
5756.300	0.9650
5757.200	0.9692
5758.100	0.9711
5759.000	0.9691
5759.900	0.9596
5760.800	0.9438
5761.700	0.9221
5762.600	0.9112
5763.500	0.9286
5764.400	0.9570
5765.300	0.9726
5766.200	0.9784
5767.100	0.9812
5768.000	0.9825
5768.900	0.9808
5769.800	0.9746
5770.700	0.9639
5771.600	0.9508
5772.500	0.9451
5773.400	0.9490
5774.300	0.9505
5775.200	0.9501
5776.100	0.9563
5777.000	0.9658
5777.900	0.9647
5778.800	0.9504
5779.700	0.9330
5780.600	0.9186
5781.500	0.9150
5782.400	0.9209
5783.300	0.9242
5784.200	0.9229
5785.100	0.9197
5786.000	0.9209
5786.900	0.9305
5787.800	0.9448
5788.700	0.9545
5789.600	0.9510
5790.500	0.9413
5791.400	0.9358
5792.300	0.9350
5793.200	0.9388
5794.100	0.9457
5795.000	0.9536
5795.900	0.9545
5796.800	0.9427
5797.700	0.9362
5798.600	0.9438
5799.500	0.9526
5800.400	0.9570
5801.300	0.9610
5802.200	0.9621
5803.100	0.9535
5804.000	0.9416
5804.900	0.9392
5805.800	0.9416
5806.700	0.9455
5807.600	0.9502
5808.500	0.9529
5809.400	0.9563
5810.300	0.9630
5811.200	0.9673
5812.100	0.9652
5813.000	0.9594
5813.900	0.9527
5814.800	0.9420
5815.700	0.9296
5816.600	0.9288
5817.500	0.9427
5818.400	0.9575
5819.300	0.9681
5820.200	0.9716
5821.100	0.9651
5822.000	0.9541
5822.900	0.9533
5823.800	0.9604
5824.700	0.9641
5825.600	0.9635
5826.500	0.9602
5827.400	0.9578
5828.300	0.9580
5829.200	0.9600
5830.100	0.9599
5831.000	0.9566
5831.900	0.9529
5832.800	0.9529
5833.700	0.9533
5834.600	0.9528
5835.500	0.9578
5836.400	0.9616
5837.300	0.9577
5838.200	0.9558
5839.100	0.9577
5840.000	0.9630
5840.900	0.9664
5841.800	0.9645
5842.700	0.9663
5843.600	0.9714
5844.500	0.9680
5845.400	0.9562
5846.300	0.9463
5847.200	0.9450
5848.100	0.9485
5849.000	0.9543
5849.900	0.9572
5850.800	0.9551
5851.700	0.9459
5852.600	0.9310
5853.500	0.9216
5854.400	0.9243
5855.300	0.9222
5856.200	0.9030
5857.100	0.8840
5858.000	0.8853
5858.900	0.9021
5859.800	0.9226
5860.700	0.9336
5861.600	0.9268
5862.500	0.9224
5863.400	0.9351
5864.300	0.9472
5865.200	0.9441
5866.100	0.9315
5867.000	0.9282
5867.900	0.9368
5868.800	0.9423
5869.700	0.9463
5870.600	0.9497
5871.500	0.9464
5872.400	0.9423
5873.300	0.9456
5874.200	0.9546
5875.100	0.9534
5876.000	0.9470
5876.900	0.9479
5877.800	0.9473
5878.700	0.9426
5879.600	0.9376
5880.500	0.9340
5881.400	0.9315
5882.300	0.9280
5883.200	0.9225
5884.100	0.9190
5885.000	0.9252
5885.900	0.9380
5886.800	0.9353
5887.700	0.8999
5888.600	0.8254
5889.500	0.7541
5890.400	0.7603
5891.300	0.8266
5892.200	0.8762
5893.100	0.8962
5894.000	0.8851
5894.900	0.8291
5895.800	0.7872
5896.700	0.8207
5897.600	0.8799
5898.500	0.9054
5899.400	0.9102
5900.300	0.9133
5901.200	0.9208
5902.100	0.9293
5903.000	0.9369
5903.900	0.9403
5904.800	0.9340
5905.700	0.9253
5906.600	0.9247
5907.500	0.9311
5908.400	0.9349
5909.300	0.9358
5910.200	0.9407
5911.100	0.9410
5912.000	0.9331
5912.900	0.9176
5913.800	0.9026
5914.700	0.9029
5915.600	0.9142
5916.500	0.9237
5917.400	0.9324
5918.300	0.9399
5919.200	0.9438
5920.100	0.9444
5921.000	0.9411
5921.900	0.9336
5922.800	0.9286
5923.700	0.9335
5924.600	0.9393
5925.500	0.9353
5926.400	0.9255
5927.300	0.9178
5928.200	0.9129
5929.100	0.9032
5930.000	0.8934
5930.900	0.9023
5931.800	0.9217
5932.700	0.9272
5933.600	0.9180
5934.500	0.9116
5935.400	0.9175
5936.300	0.9300
5937.200	0.9377
5938.100	0.9402
5939.000	0.9395
5939.900	0.9333
5940.800	0.9230
5941.700	0.9190
5942.600	0.9244
5943.500	0.9326
5944.400	0.9354
5945.300	0.9360
5946.200	0.9323
5947.100	0.9123
5948.000	0.8912
5948.900	0.8922
5949.800	0.9113
5950.700	0.9244
5951.600	0.9189
5952.500	0.9070
5953.400	0.9069
5954.300	0.9203
5955.200	0.9271
5956.100	0.9210
5957.000	0.9158
5957.900	0.9165
5958.800	0.9224
5959.700	0.9293
5960.600	0.9325
5961.500	0.9324
5962.400	0.9268
5963.300	0.9231
5964.200	0.9254
5965.100	0.9238
5966.000	0.9189
5966.900	0.9203
5967.800	0.9263
5968.700	0.9306
5969.600	0.9335
5970.500	0.9367
5971.400	0.9400
5972.300	0.9392
5973.200	0.9361
5974.100	0.9299
5975.000	0.9187
5975.900	0.9113
5976.800	0.9120
5977.700	0.9177
5978.600	0.9268
5979.500	0.9365
5980.400	0.9390
5981.300	0.9307
5982.200	0.9178
5983.100	0.8993
5984.000	0.8808
5984.900	0.8837
5985.800	0.9001
5986.700	0.9092
5987.600	0.9153
5988.500	0.9230
5989.400	0.9276
5990.300	0.9229
5991.200	0.9154
5992.100	0.9208
5993.000	0.9307
5993.900	0.9311
5994.800	0.9253
5995.700	0.9144
5996.600	0.9025
5997.500	0.9003
5998.400	0.9049
5999.300	0.9109
6000.200	0.9197
6001.100	0.9222
6002.000	0.9116
6002.900	0.9012
6003.800	0.9007
6004.700	0.9040
6005.600	0.9051
6006.500	0.8977
6007.400	0.8801
6008.300	0.8719
6009.200	0.8884
6010.100	0.9131
6011.000	0.9194
6011.900	0.9046
6012.800	0.8886
6013.700	0.8847
6014.600	0.8913
6015.500	0.8967
6016.400	0.8967
6017.300	0.9037
6018.200	0.9095
6019.100	0.8954
6020.000	0.8779
6020.900	0.8799
6021.800	0.8914
6022.700	0.8960
6023.600	0.8921
6024.500	0.8961
6025.400	0.9093
6026.300	0.9106
6027.200	0.9077
6028.100	0.9127
6029.000	0.9173
6029.900	0.9140
6030.800	0.9156
6031.700	0.9240
6032.600	0.9273
6033.500	0.9278
6034.400	0.9265
6035.300	0.9210
6036.200	0.9202
6037.100	0.9237
6038.000	0.9219
6038.900	0.9174
6039.800	0.9171
6040.700	0.9114
6041.600	0.9039
6042.500	0.9084
6043.400	0.9187
6044.300	0.9228
6045.200	0.9247
6046.100	0.9278
6047.000	0.9320
6047.900	0.9324
6048.800	0.9262
6049.700	0.9210
6050.600	0.9193
6051.500	0.9153
6052.400	0.9118
6053.300	0.9105
6054.200	0.9105
6055.100	0.9041
6056.000	0.8958
6056.900	0.9024
6057.800	0.9193
6058.700	0.9280
6059.600	0.9278
6060.500	0.9239
6061.400	0.9206
6062.300	0.9214
6063.200	0.9201
6064.100	0.9042
6065.000	0.8859
6065.900	0.8897
6066.800	0.9064
6067.700	0.9172
6068.600	0.9158
6069.500	0.9094
6070.400	0.9088
6071.300	0.9159
6072.200	0.9225
6073.100	0.9216
6074.000	0.9166
6074.900	0.9169
6075.800	0.9201
6076.700	0.9134
6077.600	0.8937
6078.500	0.8805
6079.400	0.8897
6080.300	0.9084
6081.200	0.9142
6082.100	0.9070
6083.000	0.9016
6083.900	0.8972
6084.800	0.8893
6085.700	0.8893
6086.600	0.8993
6087.500	0.9079
6088.400	0.9095
6089.300	0.9037
6090.200	0.8972
6091.100	0.8921
6092.000	0.8884
6092.900	0.8930
6093.800	0.9020
6094.700	0.9098
6095.600	0.9147
6096.500	0.9188
6097.400	0.9159
6098.300	0.9074
6099.200	0.9027
6100.100	0.8963
6101.000	0.8757
6101.900	0.8426
6102.800	0.8279
6103.700	0.8533
6104.600	0.8897
6105.500	0.9034
6106.400	0.8971
6107.300	0.8892
6108.200	0.8929
6109.100	0.9021
6110.000	0.9063
6110.900	0.9062
6111.800	0.9046
6112.700	0.9038
6113.600	0.9044
6114.500	0.9039
6115.400	0.8997
6116.300	0.8962
6117.200	0.8966
6118.100	0.8987
6119.000	0.8999
6119.900	0.8939
6120.800	0.8752
6121.700	0.8551
6122.600	0.8576
6123.500	0.8796
6124.400	0.8956
6125.300	0.9004
6126.200	0.8989
6127.100	0.8932
6128.000	0.8929
6128.900	0.8976
6129.800	0.9010
6130.700	0.8991
6131.600	0.8949
6132.500	0.8994
6133.400	0.9068
6134.300	0.9015
6135.200	0.8716
6136.100	0.8251
6137.000	0.8017
6137.900	0.8280
6138.800	0.8716
6139.700	0.8931
6140.600	0.8844
6141.500	0.8643
6142.400	0.8622
6143.300	0.8782
6144.200	0.8934
6145.100	0.9025
6146.000	0.9065
6146.900	0.8985
6147.800	0.8828
6148.700	0.8790
6149.600	0.8864
6150.500	0.8920
6151.400	0.8955
6152.300	0.8957
6153.200	0.8899
6154.100	0.8779
6155.000	0.8768
6155.900	0.8894
6156.800	0.8948
6157.700	0.8966
6158.600	0.8987
6159.500	0.8863
6160.400	0.8517
6161.300	0.8141
6162.200	0.8000
6163.100	0.8162
6164.000	0.8438
6164.900	0.8633
6165.800	0.8697
6166.700	0.8715
6167.600	0.8666
6168.500	0.8451
6169.400	0.8246
6170.300	0.8338
6171.200	0.8614
6172.100	0.8742
6173.000	0.8740
6173.900	0.8781
6174.800	0.8788
6175.700	0.8701
6176.600	0.8693
6177.500	0.8851
6178.400	0.8950
6179.300	0.8853
6180.200	0.8786
6181.100	0.8877
6182.000	0.8967
6182.900	0.8958
6183.800	0.8906
6184.700	0.8861
6185.600	0.8824
6186.500	0.8830
6187.400	0.8844
6188.300	0.8847
6189.200	0.8828
6190.100	0.8606
6191.000	0.8342
6191.900	0.8390
6192.800	0.8648
6193.700	0.8786
6194.600	0.8810
6195.500	0.8890
6196.400	0.8958
6197.300	0.8878
6198.200	0.8735
6199.100	0.8641
6200.000	0.8641
6200.900	0.8747
6201.800	0.8866
6202.700	0.8895
6203.600	0.8883
6204.500	0.8899
6205.400	0.8918
6206.300	0.8927
6207.200	0.8951
6208.100	0.8974
6209.000	0.8944
6209.900	0.8901
6210.800	0.8877
6211.700	0.8842
6212.600	0.8733
6213.500	0.8601
6214.400	0.8554
6215.300	0.8615
6216.200	0.8713
6217.100	0.8795
6218.000	0.8801
6218.900	0.8685
6219.800	0.8583
6220.700	0.8634
6221.600	0.8739
6222.500	0.8761
6223.400	0.8746
6224.300	0.8782
6225.200	0.8833
6226.100	0.8847
6227.000	0.8843
6227.900	0.8815
6228.800	0.8677
6229.700	0.8436
6230.600	0.8271
6231.500	0.8294
6232.400	0.8427
6233.300	0.8609
6234.200	0.8767
6235.100	0.8809
6236.000	0.8772
6236.900	0.8676
6237.800	0.8611
6238.700	0.8639
6239.600	0.8647
6240.500	0.8656
6241.400	0.8738
6242.300	0.8782
6243.200	0.8700
6244.100	0.8580
6245.000	0.8485
6245.900	0.8402
6246.800	0.8426
6247.700	0.8601
6248.600	0.8793
6249.500	0.8910
6250.400	0.8876
6251.300	0.8628
6252.200	0.8325
6253.100	0.8210
6254.000	0.8243
6254.900	0.8309
6255.800	0.8368
6256.700	0.8411
6257.600	0.8434
6258.500	0.8419
6259.400	0.8450
6260.300	0.8522
6261.200	0.8621
6262.100	0.8742
6263.000	0.8774
6263.900	0.8679
6264.800	0.8600
6265.700	0.8657
6266.600	0.8768
6267.500	0.8839
6268.400	0.8809
6269.300	0.8642
6270.200	0.8501
6271.100	0.8513
6272.000	0.8624
6272.900	0.8725
6273.800	0.8755
6274.700	0.8752
6275.600	0.8720
6276.500	0.8715
6277.400	0.8691
6278.300	0.8570
6279.200	0.8434
6280.100	0.8417
6281.000	0.8531
6281.900	0.8645
6282.800	0.8698
6283.700	0.8728
6284.600	0.8759
6285.500	0.8756
6286.400	0.8715
6287.300	0.8725
6288.200	0.8764
6289.100	0.8720
6290.000	0.8618
6290.900	0.8528
6291.800	0.8506
6292.700	0.8542
6293.600	0.8557
6294.500	0.8586
6295.400	0.8635
6296.300	0.8560
6297.200	0.8400
6298.100	0.8393
6299.000	0.8506
6299.900	0.8500
6300.800	0.8314
6301.700	0.8155
6302.600	0.8202
6303.500	0.8468
6304.400	0.8685
6305.300	0.8703
6306.200	0.8689
6307.100	0.8692
6308.000	0.8676
6308.900	0.8593
6309.800	0.8446
6310.700	0.8411
6311.600	0.8544
6312.500	0.8643
6313.400	0.8532
6314.300	0.8281
6315.200	0.8169
6316.100	0.8244
6317.000	0.8247
6317.900	0.8131
6318.800	0.8109
6319.700	0.8299
6320.600	0.8437
6321.500	0.8402
6322.400	0.8356
6323.300	0.8448
6324.200	0.8586
6325.100	0.8644
6326.000	0.8607
6326.900	0.8518
6327.800	0.8450
6328.700	0.8434
6329.600	0.8441
6330.500	0.8446
6331.400	0.8469
6332.300	0.8521
6333.200	0.8539
6334.100	0.8396
6335.000	0.8126
6335.900	0.7950
6336.800	0.8002
6337.700	0.8151
6338.600	0.8238
6339.500	0.8323
6340.400	0.8430
6341.300	0.8446
6342.200	0.8367
6343.100	0.8281
6344.000	0.8253
6344.900	0.8313
6345.800	0.8368
6346.700	0.8368
6347.600	0.8374
6348.500	0.8407
6349.400	0.8454
6350.300	0.8519
6351.200	0.8585
6352.100	0.8597
6353.000	0.8511
6353.900	0.8358
6354.800	0.8293
6355.700	0.8405
6356.600	0.8472
6357.500	0.8368
6358.400	0.8257
6359.300	0.8243
6360.200	0.8269
6361.100	0.8217
6362.000	0.8122
6362.900	0.8102
6363.800	0.8150
6364.700	0.8256
6365.600	0.8362
6366.500	0.8421
6367.400	0.8442
6368.300	0.8389
6369.200	0.8311
6370.100	0.8299
6371.000	0.8352
6371.900	0.8403
6372.800	0.8436
6373.700	0.8477
6374.600	0.8479
6375.500	0.8445
6376.400	0.8420
6377.300	0.8400
6378.200	0.8404
6379.100	0.8405
6380.000	0.8394
6380.900	0.8394
6381.800	0.8408
6382.700	0.8435
6383.600	0.8432
6384.500	0.8409
6385.400	0.8425
6386.300	0.8472
6387.200	0.8530
6388.100	0.8528
6389.000	0.8481
6389.900	0.8447
6390.800	0.8425
6391.700	0.8330
6392.600	0.8154
6393.500	0.8100
6394.400	0.8244
6395.300	0.8402
6396.200	0.8473
6397.100	0.8486
6398.000	0.8422
6398.900	0.8180
6399.800	0.7939
6400.700	0.8016
6401.600	0.8304
6402.500	0.8493
6403.400	0.8564
6404.300	0.8587
6405.200	0.8546
6406.100	0.8414
6407.000	0.8216
6407.900	0.8139
6408.800	0.8259
6409.700	0.8333
6410.600	0.8220
6411.500	0.8098
6412.400	0.8153
6413.300	0.8238
6414.200	0.8236
6415.100	0.8254
6416.000	0.8300
6416.900	0.8343
6417.800	0.8378
6418.700	0.8333
6419.600	0.8178
6420.500	0.8064
6421.400	0.8138
6422.300	0.8338
6423.200	0.8461
6424.100	0.8454
6425.000	0.8425
6425.900	0.8445
6426.800	0.8474
6427.700	0.8469
6428.600	0.8408
6429.500	0.8293
6430.400	0.8176
6431.300	0.8151
6432.200	0.8207
6433.100	0.8271
6434.000	0.8365
6434.900	0.8467
6435.800	0.8504
6436.700	0.8457
6437.600	0.8237
6438.500	0.7966
6439.400	0.7998
6440.300	0.8295
6441.200	0.8496
6442.100	0.8501
6443.000	0.8489
6443.900	0.8540
6444.800	0.8584
6445.700	0.8585
6446.600	0.8521
6447.500	0.8404
6448.400	0.8222
6449.300	0.8042
6450.200	0.8080
6451.100	0.8284
6452.000	0.8429
6452.900	0.8468
6453.800	0.8415
6454.700	0.8259
6455.600	0.8075
6456.500	0.8049
6457.400	0.8210
6458.300	0.8361
6459.200	0.8434
6460.100	0.8388
6461.000	0.8168
6461.900	0.7881
6462.800	0.7817
6463.700	0.8052
6464.600	0.8289
6465.500	0.8403
6466.400	0.8448
6467.300	0.8407
6468.200	0.8313
6469.100	0.8269
6470.000	0.8263
6470.900	0.8201
6471.800	0.8182
6472.700	0.8280
6473.600	0.8350
6474.500	0.8342
6475.400	0.8353
6476.300	0.8397
6477.200	0.8415
6478.100	0.8387
6479.000	0.8337
6479.900	0.8250
6480.800	0.8126
6481.700	0.8033
6482.600	0.8057
6483.500	0.8176
6484.400	0.8280
6485.300	0.8309
6486.200	0.8314
6487.100	0.8330
6488.000	0.8301
6488.900	0.8255
6489.800	0.8242
6490.700	0.8206
6491.600	0.8115
6492.500	0.7937
6493.400	0.7645
6494.300	0.7418
6495.200	0.7424
6496.100	0.7573
6497.000	0.7761
6497.900	0.7885
6498.800	0.7899
6499.700	0.7979
6500.600	0.8132
6501.500	0.8208
6502.400	0.8234
6503.300	0.8286
6504.200	0.8330
6505.100	0.8331
6506.000	0.8351
6506.900	0.8401
6507.800	0.8396
6508.700	0.8364
6509.600	0.8353
6510.500	0.8328
6511.400	0.8279
6512.300	0.8255
6513.200	0.8269
6514.100	0.8212
6515.000	0.8074
6515.900	0.8022
6516.800	0.8074
6517.700	0.8067
6518.600	0.8037
6519.500	0.8105
6520.400	0.8193
6521.300	0.8224
6522.200	0.8245
6523.100	0.8257
6524.000	0.8230
6524.900	0.8167
6525.800	0.8082
6526.700	0.8034
6527.600	0.8093
6528.500	0.8205
6529.400	0.8267
6530.300	0.8254
6531.200	0.8193
6532.100	0.8077
6533.000	0.7978
6533.900	0.7987
6534.800	0.8065
6535.700	0.8143
6536.600	0.8188
6537.500	0.8188
6538.400	0.8156
6539.300	0.8119
6540.200	0.8106
6541.100	0.8102
6542.000	0.8089
6542.900	0.8040
6543.800	0.7986
6544.700	0.7904
6545.600	0.7745
6546.500	0.7661
6547.400	0.7739
6548.300	0.7860
6549.200	0.7926
6550.100	0.7933
6551.000	0.7912
6551.900	0.7883
6552.800	0.7821
6553.700	0.7714
6554.600	0.7572
6555.500	0.7454
6556.400	0.7410
6557.300	0.7398
6558.200	0.7313
6559.100	0.7100
6560.000	0.6685
6560.900	0.5881
6561.800	0.4824
6562.700	0.4358
6563.600	0.4985
6564.500	0.6056
6565.400	0.6802
6566.300	0.7160
6567.200	0.7307
6568.100	0.7316
6569.000	0.7331
6569.900	0.7467
6570.800	0.7623
6571.700	0.7694
6572.600	0.7707
6573.500	0.7692
6574.400	0.7679
6575.300	0.7741
6576.200	0.7889
6577.100	0.7995
6578.000	0.7978
6578.900	0.7920
6579.800	0.7903
6580.700	0.7939
6581.600	0.7980
6582.500	0.8011
6583.400	0.8026
6584.300	0.8034
6585.200	0.8026
6586.100	0.7977
6587.000	0.7966
6587.900	0.8021
6588.800	0.8062
6589.700	0.8056
6590.600	0.7969
6591.500	0.7736
6592.400	0.7475
6593.300	0.7442
6594.200	0.7700
6595.100	0.7965
6596.000	0.8031
6596.900	0.7971
6597.800	0.7957
6598.700	0.8037
6599.600	0.8117
6600.500	0.8125
6601.400	0.8099
6602.300	0.8047
6603.200	0.8001
6604.100	0.7980
6605.000	0.7993
6605.900	0.8033
6606.800	0.8035
6607.700	0.7978
6608.600	0.7900
6609.500	0.7889
6610.400	0.8008
6611.300	0.8136
6612.200	0.8132
6613.100	0.8035
6614.000	0.7989
6614.900	0.8015
6615.800	0.8044
6616.700	0.8076
6617.600	0.8106
6618.500	0.8096
6619.400	0.8059
6620.300	0.8045
6621.200	0.8055
6622.100	0.8036
6623.000	0.7996
6623.900	0.7985
6624.800	0.8030
6625.700	0.8090
6626.600	0.8066
6627.500	0.7982
6628.400	0.7965
6629.300	0.8010
6630.200	0.8039
6631.100	0.7993
6632.000	0.7850
6632.900	0.7668
6633.800	0.7589
6634.700	0.7685
6635.600	0.7837
6636.500	0.7951
6637.400	0.8002
6638.300	0.7988
6639.200	0.7954
6640.100	0.7956
6641.000	0.7976
6641.900	0.7927
6642.800	0.7814
6643.700	0.7770
6644.600	0.7831
6645.500	0.7931
6646.400	0.8002
6647.300	0.8027
6648.200	0.8018
6649.100	0.8006
6650.000	0.8019
6650.900	0.8019
6651.800	0.7983
6652.700	0.7957
6653.600	0.7962
6654.500	0.8006
6655.400	0.8032
6656.300	0.8010
6657.200	0.8020
6658.100	0.8039
6659.000	0.8006
6659.900	0.7970
6660.800	0.7924
6661.700	0.7822
6662.600	0.7717
6663.500	0.7702
6664.400	0.7774
6665.300	0.7839
6666.200	0.7868
6667.100	0.7884
6668.000	0.7918
6668.900	0.7966
6669.800	0.7992
6670.700	0.7958
6671.600	0.7925
6672.500	0.7933
6673.400	0.7938
6674.300	0.7923
6675.200	0.7923
6676.100	0.7849
6677.000	0.7688
6677.900	0.7609
6678.800	0.7712
6679.700	0.7848
6680.600	0.7891
6681.500	0.7890
6682.400	0.7925
6683.300	0.7949
6684.200	0.7959
6685.100	0.7956
6686.000	0.7942
6686.900	0.7940
6687.800	0.7959
6688.700	0.7989
6689.600	0.7980
6690.500	0.7936
6691.400	0.7885
6692.300	0.7864
6693.200	0.7878
6694.100	0.7847
6695.000	0.7771
6695.900	0.7736
6696.800	0.7746
6697.700	0.7779
6698.600	0.7782
6699.500	0.7810
6700.400	0.7890
6701.300	0.7907
6702.200	0.7834
6703.100	0.7733
6704.000	0.7685
6704.900	0.7720
6705.800	0.7745
6706.700	0.7710
6707.600	0.7696
6708.500	0.7778
6709.400	0.7861
6710.300	0.7892
6711.200	0.7865
6712.100	0.7776
6713.000	0.7707
6713.900	0.7696
6714.800	0.7685
6715.700	0.7623
6716.600	0.7506
6717.500	0.7473
6718.400	0.7587
6719.300	0.7680
6720.200	0.7660
6721.100	0.7630
6722.000	0.7678
6722.900	0.7771
6723.800	0.7836
6724.700	0.7810
6725.600	0.7707
6726.500	0.7664
6727.400	0.7734
6728.300	0.7780
6729.200	0.7764
6730.100	0.7756
6731.000	0.7769
6731.900	0.7754
6732.800	0.7712
6733.700	0.7746
6734.600	0.7814
6735.500	0.7812
6736.400	0.7761
6737.300	0.7705
6738.200	0.7717
6739.100	0.7759
6740.000	0.7791
6740.900	0.7812
6741.800	0.7790
6742.700	0.7769
6743.600	0.7764
6744.500	0.7770
6745.400	0.7770
6746.300	0.7746
6747.200	0.7745
6748.100	0.7705
6749.000	0.7582
6749.900	0.7520
6750.800	0.7606
6751.700	0.7713
6752.600	0.7724
6753.500	0.7702
6754.400	0.7704
6755.300	0.7736
6756.200	0.7785
6757.100	0.7774
6758.000	0.7733
6758.900	0.7749
6759.800	0.7766
6760.700	0.7750
6761.600	0.7750
6762.500	0.7764
6763.400	0.7785
6764.300	0.7815
6765.200	0.7806
6766.100	0.7693
6767.000	0.7529
6767.900	0.7490
6768.800	0.7583
6769.700	0.7676
6770.600	0.7666
6771.500	0.7636
6772.400	0.7678
6773.300	0.7768
6774.200	0.7820
6775.100	0.7809
6776.000	0.7790
6776.900	0.7767
6777.800	0.7732
6778.700	0.7724
6779.600	0.7714
6780.500	0.7695
6781.400	0.7685
6782.300	0.7673
6783.200	0.7681
6784.100	0.7672
6785.000	0.7636
6785.900	0.7623
6786.800	0.7648
6787.700	0.7726
6788.600	0.7788
6789.500	0.7764
6790.400	0.7697
6791.300	0.7662
6792.200	0.7665
6793.100	0.7654
6794.000	0.7645
6794.900	0.7648
6795.800	0.7683
6796.700	0.7733
6797.600	0.7707
6798.500	0.7663
6799.400	0.7673
6800.300	0.7695
6801.200	0.7715
6802.100	0.7725
6803.000	0.7706
6803.900	0.7679
6804.800	0.7673
6805.700	0.7659
6806.600	0.7633
6807.500	0.7636
6808.400	0.7629
6809.300	0.7574
6810.200	0.7551
6811.100	0.7596
6812.000	0.7642
6812.900	0.7626
6813.800	0.7586
6814.700	0.7591
6815.600	0.7622
6816.500	0.7667
6817.400	0.7704
6818.300	0.7668
6819.200	0.7579
6820.100	0.7534
6821.000	0.7615
6821.900	0.7746
6822.800	0.7797
6823.700	0.7751
6824.600	0.7702
6825.500	0.7719
6826.400	0.7718
6827.300	0.7615
6828.200	0.7531
6829.100	0.7554
6830.000	0.7617
6830.900	0.7641
6831.800	0.7636
6832.700	0.7649
6833.600	0.7671
6834.500	0.7669
6835.400	0.7634
6836.300	0.7561
6837.200	0.7494
6838.100	0.7450
6839.000	0.7407
6839.900	0.7339
6840.800	0.7242
6841.700	0.7185
6842.600	0.7212
6843.500	0.7308
6844.400	0.7449
6845.300	0.7568
6846.200	0.7617
6847.100	0.7616
6848.000	0.7609
6848.900	0.7647
6849.800	0.7704
6850.700	0.7727
6851.600	0.7691
6852.500	0.7636
6853.400	0.7540
6854.300	0.7417
6855.200	0.7392
6856.100	0.7447
6857.000	0.7454
6857.900	0.7430
6858.800	0.7459
6859.700	0.7520
6860.600	0.7505
6861.500	0.7451
6862.400	0.7448
6863.300	0.7470
6864.200	0.7467
6865.100	0.7419
6866.000	0.7381
6866.900	0.7425
6867.800	0.7483
6868.700	0.7472
6869.600	0.7461
6870.500	0.7447
6871.400	0.7381
6872.300	0.7327
6873.200	0.7358
6874.100	0.7385
6875.000	0.7388
6875.900	0.7419
6876.800	0.7430
6877.700	0.7425
6878.600	0.7435
6879.500	0.7427
6880.400	0.7394
6881.300	0.7341
6882.200	0.7323
6883.100	0.7367
6884.000	0.7438
6884.900	0.7460
6885.800	0.7422
6886.700	0.7406
6887.600	0.7431
6888.500	0.7470
6889.400	0.7484
6890.300	0.7452
6891.200	0.7440
6892.100	0.7448
6893.000	0.7412
6893.900	0.7326
6894.800	0.7266
6895.700	0.7308
6896.600	0.7369
6897.500	0.7381
6898.400	0.7366
6899.300	0.7350
6900.200	0.7335
6901.100	0.7302
6902.000	0.7269
6902.900	0.7280
6903.800	0.7356
6904.700	0.7399
6905.600	0.7344
6906.500	0.7327
6907.400	0.7411
6908.300	0.7484
6909.200	0.7480
6910.100	0.7434
6911.000	0.7407
6911.900	0.7452
6912.800	0.7460
6913.700	0.7361
6914.600	0.7262
6915.500	0.7230
6916.400	0.7226
6917.300	0.7267
6918.200	0.7353
6919.100	0.7426
6920.000	0.7460
6920.900	0.7456
6921.800	0.7446
6922.700	0.7419
6923.600	0.7352
6924.500	0.7283
6925.400	0.7258
6926.300	0.7287
6927.200	0.7373
6928.100	0.7461
6929.000	0.7467
6929.900	0.7424
6930.800	0.7378
6931.700	0.7339
6932.600	0.7321
6933.500	0.7358
6934.400	0.7463
6935.300	0.7536
6936.200	0.7564
6937.100	0.7564
6938.000	0.7500
6938.900	0.7479
6939.800	0.7542
6940.700	0.7570
6941.600	0.7546
6942.500	0.7515
6943.400	0.7444
6944.300	0.7326
6945.200	0.7279
6946.100	0.7366
6947.000	0.7491
6947.900	0.7547
6948.800	0.7519
6949.700	0.7436
6950.600	0.7357
6951.500	0.7348
6952.400	0.7403
6953.300	0.7432
6954.200	0.7429
6955.100	0.7436
6956.000	0.7440
6956.900	0.7435
6957.800	0.7458
6958.700	0.7471
6959.600	0.7428
6960.500	0.7417
6961.400	0.7444
6962.300	0.7460
6963.200	0.7498
6964.100	0.7486
6965.000	0.7406
6965.900	0.7409
6966.800	0.7473
6967.700	0.7483
6968.600	0.7444
6969.500	0.7432
6970.400	0.7449
6971.300	0.7455
6972.200	0.7476
6973.100	0.7491
6974.000	0.7452
6974.900	0.7353
6975.800	0.7213
6976.700	0.7106
6977.600	0.7034
6978.500	0.7011
6979.400	0.7115
6980.300	0.7259
6981.200	0.7365
6982.100	0.7429
6983.000	0.7442
6983.900	0.7422
6984.800	0.7394
6985.700	0.7386
6986.600	0.7402
6987.500	0.7426
6988.400	0.7422
6989.300	0.7406
6990.200	0.7394
6991.100	0.7374
6992.000	0.7367
6992.900	0.7376
6993.800	0.7383
6994.700	0.7409
6995.600	0.7449
6996.500	0.7465
6997.400	0.7414
6998.300	0.7308
6999.200	0.7238
7000.100	0.7260
7001.000	0.7324
7001.900	0.7347
7002.800	0.7293
7003.700	0.7224
7004.600	0.7191
7005.500	0.7166
7006.400	0.7191
7007.300	0.7263
7008.200	0.7322
7009.100	0.7332
7010.000	0.7305
7010.900	0.7251
7011.800	0.7196
7012.700	0.7208
7013.600	0.7258
7014.500	0.7209
7015.400	0.7030
7016.300	0.6905
7017.200	0.6965
7018.100	0.7107
7019.000	0.7226
7019.900	0.7304
7020.800	0.7308
7021.700	0.7213
7022.600	0.7046
7023.500	0.6934
7024.400	0.7004
7025.300	0.7191
7026.200	0.7324
7027.100	0.7342
7028.000	0.7319
7028.900	0.7305
7029.800	0.7308
7030.700	0.7282
7031.600	0.7231
7032.500	0.7213
7033.400	0.7201
7034.300	0.7184
7035.200	0.7237
7036.100	0.7289
7037.000	0.7257
7037.900	0.7220
7038.800	0.7271
7039.700	0.7356
7040.600	0.7414
7041.500	0.7450
7042.400	0.7416
7043.300	0.7331
7044.200	0.7290
7045.100	0.7285
7046.000	0.7280
7046.900	0.7301
7047.800	0.7348
7048.700	0.7388
7049.600	0.7390
7050.500	0.7363
7051.400	0.7307
7052.300	0.7218
7053.200	0.7144
7054.100	0.7133
7055.000	0.7171
7055.900	0.7227
7056.800	0.7246
7057.700	0.7229
7058.600	0.7195
7059.500	0.7170
7060.400	0.7187
7061.300	0.7254
7062.200	0.7334
7063.100	0.7390
7064.000	0.7430
7064.900	0.7423
7065.800	0.7341
7066.700	0.7220
7067.600	0.7121
7068.500	0.7122
7069.400	0.7194
7070.300	0.7225
7071.200	0.7190
7072.100	0.7181
7073.000	0.7214
7073.900	0.7249
7074.800	0.7278
7075.700	0.7296
7076.600	0.7296
7077.500	0.7267
7078.400	0.7241
7079.300	0.7236
7080.200	0.7230
7081.100	0.7201
7082.000	0.7120
7082.900	0.6993
7083.800	0.6891
7084.700	0.6902
7085.600	0.6992
7086.500	0.7057
7087.400	0.7089
7088.300	0.7092
7089.200	0.7049
7090.100	0.7020
7091.000	0.7047
7091.900	0.7075
7092.800	0.7074
7093.700	0.7087
7094.600	0.7095
7095.500	0.7075
7096.400	0.7071
7097.300	0.7102
7098.200	0.7137
7099.100	0.7148
7100.000	0.7141
7100.900	0.7141
7101.800	0.7142
7102.700	0.7169
7103.600	0.7204
7104.500	0.7189
7105.400	0.7131
7106.300	0.7082
7107.200	0.7062
7108.100	0.7066
7109.000	0.7093
7109.900	0.7078
7110.800	0.6992
7111.700	0.6935
7112.600	0.6937
7113.500	0.6963
7114.400	0.6971
7115.300	0.6965
7116.200	0.6992
7117.100	0.7039
7118.000	0.7060
7118.900	0.7054
7119.800	0.7005
7120.700	0.6941
7121.600	0.6917
7122.500	0.6985
7123.400	0.7124
7124.300	0.7221
7125.200	0.7216
7126.100	0.7163
7127.000	0.7088
7127.900	0.7072
7128.800	0.7053
7129.700	0.7017
7130.600	0.7028
7131.500	0.7088
7132.400	0.7137
7133.300	0.7165
7134.200	0.7189
7135.100	0.7202
7136.000	0.7218
7136.900	0.7208
7137.800	0.7186
7138.700	0.7191
7139.600	0.7187
7140.500	0.7157
7141.400	0.7112
7142.300	0.7074
7143.200	0.7117
7144.100	0.7162
7145.000	0.7127
7145.900	0.7070
7146.800	0.7022
7147.700	0.6908
7148.600	0.6846
7149.500	0.6968
7150.400	0.7107
7151.300	0.7144
7152.200	0.7155
7153.100	0.7146
7154.000	0.7095
7154.900	0.7055
7155.800	0.7079
7156.700	0.7098
7157.600	0.7081
7158.500	0.7064
7159.400	0.7044
7160.300	0.7038
7161.200	0.7062
7162.100	0.7060
7163.000	0.6943
7163.900	0.6729
7164.800	0.6611
7165.700	0.6700
7166.600	0.6904
7167.500	0.7079
7168.400	0.7150
7169.300	0.7134
7170.200	0.7123
7171.100	0.7168
7172.000	0.7223
7172.900	0.7244
7173.800	0.7204
7174.700	0.7098
7175.600	0.6978
7176.500	0.6999
7177.400	0.7150
7178.300	0.7210
7179.200	0.7117
7180.100	0.6951
7181.000	0.6849
7181.900	0.6881
7182.800	0.6936
7183.700	0.6946
7184.600	0.6883
7185.500	0.6792
7186.400	0.6738
7187.300	0.6761
7188.200	0.6834
7189.100	0.6852
7190.000	0.6843
7190.900	0.6878
7191.800	0.6861
7192.700	0.6783
7193.600	0.6776
7194.500	0.6866
7195.400	0.6929
7196.300	0.6922
7197.200	0.6931
7198.100	0.6984
7199.000	0.7029
7199.900	0.7013
7200.800	0.6907
7201.700	0.6770
7202.600	0.6766
7203.500	0.6914
7204.400	0.6991
7205.300	0.6879
7206.200	0.6670
7207.100	0.6546
7208.000	0.6627
7208.900	0.6806
7209.800	0.6954
7210.700	0.7012
7211.600	0.6961
7212.500	0.6881
7213.400	0.6832
7214.300	0.6806
7215.200	0.6796
7216.100	0.6828
7217.000	0.6874
7217.900	0.6854
7218.800	0.6800
7219.700	0.6782
7220.600	0.6785
7221.500	0.6776
7222.400	0.6727
7223.300	0.6688
7224.200	0.6740
7225.100	0.6832
7226.000	0.6884
7226.900	0.6880
7227.800	0.6848
7228.700	0.6850
7229.600	0.6903
7230.500	0.6980
7231.400	0.7002
7232.300	0.6973
7233.200	0.6982
7234.100	0.6976
7235.000	0.6938
7235.900	0.6974
7236.800	0.7069
7237.700	0.7086
7238.600	0.7017
7239.500	0.6989
7240.400	0.7019
7241.300	0.7022
7242.200	0.6991
7243.100	0.6950
7244.000	0.6920
7244.900	0.6933
7245.800	0.6973
7246.700	0.7003
7247.600	0.6989
7248.500	0.6893
7249.400	0.6731
7250.300	0.6603
7251.200	0.6606
7252.100	0.6734
7253.000	0.6862
7253.900	0.6877
7254.800	0.6826
7255.700	0.6849
7256.600	0.6929
7257.500	0.6970
7258.400	0.6958
7259.300	0.6919
7260.200	0.6865
7261.100	0.6818
7262.000	0.6825
7262.900	0.6884
7263.800	0.6962
7264.700	0.7047
7265.600	0.7076
7266.500	0.7091
7267.400	0.7133
7268.300	0.7122
7269.200	0.7060
7270.100	0.6983
7271.000	0.6922
7271.900	0.6913
7272.800	0.6908
7273.700	0.6861
7274.600	0.6780
7275.500	0.6744
7276.400	0.6779
7277.300	0.6803
7278.200	0.6820
7279.100	0.6856
7280.000	0.6874
7280.900	0.6802
7281.800	0.6649
7282.700	0.6555
7283.600	0.6554
7284.500	0.6580
7285.400	0.6647
7286.300	0.6759
7287.200	0.6774
7288.100	0.6602
7289.000	0.6450
7289.900	0.6467
7290.800	0.6535
7291.700	0.6560
7292.600	0.6586
7293.500	0.6671
7294.400	0.6797
7295.300	0.6885
7296.200	0.6927
7297.100	0.6963
7298.000	0.6969
7298.900	0.6940
7299.800	0.6913
7300.700	0.6914
7301.600	0.6945
7302.500	0.6998
7303.400	0.7033
7304.300	0.7040
7305.200	0.7018
7306.100	0.6916
7307.000	0.6800
7307.900	0.6808
7308.800	0.6872
7309.700	0.6839
7310.600	0.6749
7311.500	0.6758
7312.400	0.6862
7313.300	0.6958
7314.200	0.7007
7315.100	0.6982
7316.000	0.6921
7316.900	0.6903
7317.800	0.6905
7318.700	0.6892
7319.600	0.6854
7320.500	0.6852
7321.400	0.6905
7322.300	0.6935
7323.200	0.6907
7324.100	0.6823
7325.000	0.6684
7325.900	0.6589
7326.800	0.6625
7327.700	0.6713
7328.600	0.6751
7329.500	0.6752
7330.400	0.6755
7331.300	0.6772
7332.200	0.6807
7333.100	0.6842
7334.000	0.6863
7334.900	0.6886
7335.800	0.6930
7336.700	0.6963
7337.600	0.6959
7338.500	0.6927
7339.400	0.6867
7340.300	0.6816
7341.200	0.6817
7342.100	0.6813
7343.000	0.6776
7343.900	0.6771
7344.800	0.6793
7345.700	0.6812
7346.600	0.6849
7347.500	0.6864
7348.400	0.6831
7349.300	0.6767
7350.200	0.6735
7351.100	0.6737
7352.000	0.6746
7352.900	0.6736
7353.800	0.6667
7354.700	0.6584
7355.600	0.6573
7356.500	0.6651
7357.400	0.6734
7358.300	0.6762
7359.200	0.6772
7360.100	0.6765
7361.000	0.6708
7361.900	0.6614
7362.800	0.6575
7363.700	0.6625
7364.600	0.6705
7365.500	0.6771
7366.400	0.6792
7367.300	0.6758
7368.200	0.6713
7369.100	0.6710
7370.000	0.6745
7370.900	0.6745
7371.800	0.6704
7372.700	0.6715
7373.600	0.6752
7374.500	0.6724
7375.400	0.6692
7376.300	0.6709
7377.200	0.6751
7378.100	0.6764
7379.000	0.6752
7379.900	0.6724
7380.800	0.6626
7381.700	0.6523
7382.600	0.6513
7383.500	0.6529
7384.400	0.6445
7385.300	0.6293
7386.200	0.6204
7387.100	0.6192
7388.000	0.6178
7388.900	0.6178
7389.800	0.6268
7390.700	0.6418
7391.600	0.6491
7392.500	0.6421
7393.400	0.6323
7394.300	0.6346
7395.200	0.6484
7396.100	0.6590
7397.000	0.6578
7397.900	0.6546
7398.800	0.6470
7399.700	0.6399
7400.600	0.6398
7401.500	0.6468
7402.400	0.6541
7403.300	0.6561
7404.200	0.6521
7405.100	0.6459
7406.000	0.6422
7406.900	0.6441
7407.800	0.6391
7408.700	0.6281
7409.600	0.6244
7410.500	0.6282
7411.400	0.6340
7412.300	0.5240
7413.200	0.1212
7414.100	0.0025
7415.000	0.0000
7415.900	0.0000
7416.800	0.0000
7417.700	0.0000
7418.600	0.0000
7419.500	0.0000
7420.400	0.0000
7421.300	0.0000
7422.200	0.0000
7423.100	0.0000
7424.000	0.0000
7424.900	0.0000
7425.800	0.0000
7426.700	0.0000
7427.600	0.0000
7428.500	0.0000
