3500.0000 0
3500.9000 0
3501.8000 0
3502.7000 0
3503.6000 0
3504.5000 0
3505.4000 0
3506.3000 0
3507.2000 0
3508.1000 0
3509.0000 0
3509.9000 0
3510.8000 0
3511.7000 0
3512.6000 0
3513.5000 0
3514.4000 0
3515.3000 0
3516.2000 0
3517.1000 0
3518.0000 0
3518.9000 0
3519.8000 0
3520.7000 0
3521.6000 0
3522.5000 0
3523.4000 0
3524.3000 0
3525.2000 0
3526.1000 0
3527.0000 0
3527.9000 0
3528.8000 0
3529.7000 0
3530.6000 0
3531.5000 0
3532.4000 0
3533.3000 0
3534.2000 0.00000001
3535.1000 0.01728599
3536.0000 0.53381872
3536.9000 0.54181445
3537.8000 0.55330473
3538.7000 0.58437771
3539.6000 0.6006819
3540.5000 0.57031101
3541.4000 0.53689963
3542.3000 0.54141414
3543.2000 0.57652181
3544.1000 0.60133564
3545.0000 0.60726452
3545.9000 0.60723811
3546.8000 0.60021734
3547.7000 0.57874429
3548.6000 0.58337849
3549.5000 0.61085171
3550.4000 0.61127973
3551.3000 0.59186316
3552.2000 0.56850666
3553.1000 0.53444654
3554.0000 0.50747204
3554.9000 0.5172984
3555.8000 0.56159621
3556.7000 0.57790774
3557.6000 0.55755645
3558.5000 0.53208697
3559.4000 0.53172123
3560.3000 0.54800427
3561.2000 0.56814981
3562.1000 0.60158449
3563.0000 0.61891562
3563.9000 0.56882608
3564.8000 0.46418029
3565.7000 0.38996252
3566.6000 0.40112618
3567.5000 0.44367927
3568.4000 0.43539283
3569.3000 0.37394229
3570.2000 0.34397328
3571.1000 0.34659705
3572.0000 0.39804581
3572.9000 0.44666162
3573.8000 0.46606484
3574.7000 0.46477595
3575.6000 0.48549533
3576.5000 0.51460713
3577.4000 0.50765145
3578.3000 0.46191472
3579.2000 0.42185995
3580.1000 0.37617645
3581.0000 0.30249318
3581.9000 0.29027665
3582.8000 0.35571834
3583.7000 0.39035389
3584.6000 0.35436788
3585.5000 0.29946083
3586.4000 0.29388925
3587.3000 0.32950944
3588.2000 0.37470463
3589.1000 0.41312346
3590.0000 0.47483689
3590.9000 0.56401366
3591.8000 0.61190671
3592.7000 0.57632208
3593.6000 0.52084762
3594.5000 0.53372186
3595.4000 0.59168774
3596.3000 0.63304228
3597.2000 0.64302874
3598.1000 0.62508833
3599.0000 0.62030095
3599.9000 0.65009588
3600.8000 0.6594708
3601.7000 0.59515494
3602.6000 0.50988889
3603.5000 0.47183922
3604.4000 0.45418212
3605.3000 0.44520116
3606.2000 0.46631354
3607.1000 0.47908285
3608.0000 0.43361706
3608.9000 0.36345729
3609.8000 0.35374135
3610.7000 0.4193818
3611.6000 0.49019706
3612.5000 0.5013743
3613.4000 0.48473677
3614.3000 0.50635898
3615.2000 0.55047959
3616.1000 0.56403857
3617.0000 0.51732832
3617.9000 0.40918335
3618.8000 0.31929594
3619.7000 0.33390856
3620.6000 0.41059542
3621.5000 0.48197016
3622.4000 0.53973389
3623.3000 0.54916215
3624.2000 0.53259265
3625.1000 0.56680852
3626.0000 0.64311779
3626.9000 0.697779
3627.8000 0.70109618
3628.7000 0.6797353
3629.6000 0.61831677
3630.5000 0.48576415
3631.4000 0.37220049
3632.3000 0.37904486
3633.2000 0.43911481
3634.1000 0.45562688
3635.0000 0.4721106
3635.9000 0.5113349
3636.8000 0.54189122
3637.7000 0.56987381
3638.6000 0.6079886
3639.5000 0.63715136
3640.4000 0.64428401
3641.3000 0.63273203
3642.2000 0.60070711
3643.1000 0.55701339
3644.0000 0.52023447
3644.9000 0.49157488
3645.8000 0.49411142
3646.7000 0.49021873
3647.6000 0.44466296
3648.5000 0.42159456
3649.4000 0.45554414
3650.3000 0.49495572
3651.2000 0.5393461
3652.1000 0.6005137
3653.0000 0.64743865
3653.9000 0.64388657
3654.8000 0.63545829
3655.7000 0.6380313
3656.6000 0.65735757
3657.5000 0.68234313
3658.4000 0.70857233
3659.3000 0.71734875
3660.2000 0.69669241
3661.1000 0.69086367
3662.0000 0.68759084
3662.9000 0.64328855
3663.8000 0.60996896
3664.7000 0.6256389
3665.6000 0.64419967
3666.5000 0.63126552
3667.4000 0.62216949
3668.3000 0.60502559
3669.2000 0.56110501
3670.1000 0.55491328
3671.0000 0.61602646
3671.9000 0.68419921
3672.8000 0.69696343
3673.7000 0.66514158
3674.6000 0.65370071
3675.5000 0.66333169
3676.4000 0.63246751
3677.3000 0.57410234
3678.2000 0.54646534
3679.1000 0.5368582
3680.0000 0.5236941
3680.9000 0.53075653
3681.8000 0.56326079
3682.7000 0.60664958
3683.6000 0.63306034
3684.5000 0.61152065
3685.4000 0.56306058
3686.3000 0.51873475
3687.2000 0.48411947
3688.1000 0.4909699
3689.0000 0.53562689
3689.9000 0.60861456
3690.8000 0.69703078
3691.7000 0.74617374
3692.6000 0.71862954
3693.5000 0.65269274
3694.4000 0.62544328
3695.3000 0.64130461
3696.2000 0.64542997
3697.1000 0.64778668
3698.0000 0.67066479
3698.9000 0.72030073
3699.8000 0.7639448
3700.7000 0.7465921
3701.6000 0.70484287
3702.5000 0.68052417
3703.4000 0.63453245
3704.3000 0.549766
3705.2000 0.48193371
3706.1000 0.45500809
3707.0000 0.46867734
3707.9000 0.48355234
3708.8000 0.48720482
3709.7000 0.52411503
3710.6000 0.60632527
3711.5000 0.67164946
3712.4000 0.72510386
3713.3000 0.78396529
3714.2000 0.81483489
3715.1000 0.76839858
3716.0000 0.71449691
3716.9000 0.69963783
3717.8000 0.66672289
3718.7000 0.55832964
3719.6000 0.43028802
3720.5000 0.36496994
3721.4000 0.36466473
3722.3000 0.40848914
3723.2000 0.49362835
3724.1000 0.58816022
3725.0000 0.66294491
3725.9000 0.68588418
3726.8000 0.61185694
3727.7000 0.53923148
3728.6000 0.57847905
3729.5000 0.63693386
3730.4000 0.62194496
3731.3000 0.57209128
3732.2000 0.51500398
3733.1000 0.43300551
3734.0000 0.35380664
3734.9000 0.31450009
3735.8000 0.31377468
3736.7000 0.33107427
3737.6000 0.38266397
3738.5000 0.47605515
3739.4000 0.56774193
3740.3000 0.63634562
3741.2000 0.66587329
3742.1000 0.62575382
3743.0000 0.54278004
3743.9000 0.48082364
3744.8000 0.4408406
3745.7000 0.40460718
3746.6000 0.40204272
3747.5000 0.39841777
3748.4000 0.34645015
3749.3000 0.31307742
3750.2000 0.37478712
3751.1000 0.49361977
3752.0000 0.59254986
3752.9000 0.64118904
3753.8000 0.69469732
3754.7000 0.76582956
3755.6000 0.79161918
3756.5000 0.72111243
3757.4000 0.56657487
3758.3000 0.44581175
3759.2000 0.45638525
3760.1000 0.54611218
3761.0000 0.59970719
3761.9000 0.59616089
3762.8000 0.56273764
3763.7000 0.52848196
3764.6000 0.55864018
3765.5000 0.58789724
3766.4000 0.54930156
3767.3000 0.51118195
3768.2000 0.54904914
3769.1000 0.59454441
3770.0000 0.57923436
3770.9000 0.573138
3771.8000 0.62508357
3772.7000 0.6928032
3773.6000 0.71739191
3774.5000 0.70694274
3775.4000 0.69110161
3776.3000 0.69271773
3777.2000 0.70471495
3778.1000 0.69527632
3779.0000 0.70853424
3779.9000 0.75716811
3780.8000 0.78833306
3781.7000 0.78314644
3782.6000 0.77177829
3783.5000 0.79640955
3784.4000 0.81305242
3785.3000 0.74577475
3786.2000 0.62970412
3787.1000 0.57283843
3788.0000 0.56822288
3788.9000 0.55906844
3789.8000 0.54836577
3790.7000 0.5773468
3791.6000 0.62888288
3792.5000 0.62888002
3793.4000 0.58265132
3794.3000 0.54054183
3795.2000 0.53251565
3796.1000 0.54707086
3797.0000 0.52263308
3797.9000 0.46592236
3798.8000 0.45116833
3799.7000 0.51057422
3800.6000 0.59130633
3801.5000 0.6389057
3802.4000 0.68055648
3803.3000 0.72570539
3804.2000 0.74658096
3805.1000 0.73459142
3806.0000 0.68189025
3806.9000 0.62244135
3807.8000 0.62168247
3808.7000 0.67901975
3809.6000 0.73918521
3810.5000 0.76635373
3811.4000 0.75324762
3812.3000 0.68879163
3813.2000 0.5987457
3814.1000 0.52920073
3815.0000 0.47576097
3815.9000 0.44869795
3816.8000 0.49285358
3817.7000 0.56232566
3818.6000 0.56284553
3819.5000 0.47832179
3820.4000 0.39879295
3821.3000 0.42023575
3822.2000 0.50543642
3823.1000 0.53759766
3824.0000 0.47615859
3824.9000 0.39260742
3825.8000 0.34893289
3826.7000 0.35115847
3827.6000 0.36295316
3828.5000 0.37864867
3829.4000 0.40022555
3830.3000 0.42256823
3831.2000 0.41225243
3832.1000 0.36142641
3833.0000 0.32384548
3833.9000 0.32783455
3834.8000 0.36052004
3835.7000 0.40158969
3836.6000 0.41767016
3837.5000 0.38265666
3838.4000 0.33813193
3839.3000 0.33241051
3840.2000 0.34574026
3841.1000 0.3922897
3842.0000 0.49507985
3842.9000 0.57482553
3843.8000 0.59875804
3844.7000 0.60410655
3845.6000 0.59886789
3846.5000 0.60382956
3847.4000 0.63674176
3848.3000 0.65284997
3849.2000 0.60271686
3850.1000 0.54102719
3851.0000 0.56253588
3851.9000 0.62251812
3852.8000 0.63291866
3853.7000 0.59992653
3854.6000 0.56533206
3855.5000 0.5355041
3856.4000 0.51736063
3857.3000 0.52287972
3858.2000 0.49074432
3859.1000 0.41221726
3860.0000 0.37422505
3860.9000 0.42761412
3861.8000 0.54508919
3862.7000 0.6477567
3863.6000 0.67311186
3864.5000 0.64337671
3865.4000 0.60766113
3866.3000 0.59206688
3867.2000 0.59358972
3868.1000 0.58779353
3869.0000 0.57261467
3869.9000 0.53571612
3870.8000 0.47827306
3871.7000 0.43618163
3872.6000 0.44886118
3873.5000 0.52238017
3874.4000 0.61579955
3875.3000 0.671579
3876.2000 0.66386205
3877.1000 0.59539038
3878.0000 0.50981075
3878.9000 0.49157271
3879.8000 0.54601407
3880.7000 0.57598734
3881.6000 0.53413707
3882.5000 0.49639353
3883.4000 0.54110664
3884.3000 0.60199451
3885.2000 0.56854677
3886.1000 0.48580354
3887.0000 0.45958427
3887.9000 0.47061488
3888.8000 0.46967295
3889.7000 0.50102621
3890.6000 0.58297276
3891.5000 0.65817833
3892.4000 0.68975651
3893.3000 0.68861938
3894.2000 0.67478347
3895.1000 0.6473102
3896.0000 0.65822446
3896.9000 0.7087791
3897.8000 0.72238243
3898.7000 0.68741518
3899.6000 0.66184694
3900.5000 0.68910909
3901.4000 0.7260626
3902.3000 0.69017977
3903.2000 0.63611448
3904.1000 0.61739594
3905.0000 0.58248669
3905.9000 0.55327088
3906.8000 0.60916519
3907.7000 0.69679701
3908.6000 0.74721372
3909.5000 0.75624269
3910.4000 0.75265861
3911.3000 0.77318519
3912.2000 0.80280048
3913.1000 0.79441857
3914.0000 0.77476776
3914.9000 0.77840787
3915.8000 0.76462406
3916.7000 0.73084027
3917.6000 0.71182442
3918.5000 0.68886971
3919.4000 0.65022576
3920.3000 0.59524608
3921.2000 0.56486917
3922.1000 0.58062702
3923.0000 0.60712045
3923.9000 0.62788057
3924.8000 0.62240899
3925.7000 0.57934082
3926.6000 0.52213597
3927.5000 0.46366435
3928.4000 0.40406707
3929.3000 0.35254413
3930.2000 0.31020811
3931.1000 0.27275288
3932.0000 0.24176249
3932.9000 0.22300082
3933.8000 0.21741763
3934.7000 0.21977216
3935.6000 0.23841609
3936.5000 0.28354657
3937.4000 0.3401812
3938.3000 0.39896598
3939.2000 0.46067175
3940.1000 0.50908256
3941.0000 0.52815944
3941.9000 0.53298092
3942.8000 0.52639514
3943.7000 0.50880748
3944.6000 0.52769065
3945.5000 0.61244678
3946.4000 0.68584037
3947.3000 0.68182909
3948.2000 0.65554619
3949.1000 0.6778425
3950.0000 0.73327672
3950.9000 0.76074409
3951.8000 0.73359841
3952.7000 0.69692749
3953.6000 0.71330488
3954.5000 0.75788617
3955.4000 0.74432313
3956.3000 0.69020271
3957.2000 0.67921066
3958.1000 0.72025675
3959.0000 0.75830758
3959.9000 0.72778082
3960.8000 0.61663508
3961.7000 0.50453967
3962.6000 0.46289036
3963.5000 0.46338028
3964.4000 0.44861576
3965.3000 0.40010855
3966.2000 0.33134612
3967.1000 0.27079201
3968.0000 0.23524301
3968.9000 0.22518054
3969.8000 0.24136917
3970.7000 0.28863987
3971.6000 0.35118598
3972.5000 0.4081423
3973.4000 0.46071306
3974.3000 0.51384544
3975.2000 0.57436639
3976.1000 0.61775303
3977.0000 0.6593253
3977.9000 0.71090865
3978.8000 0.76693588
3979.7000 0.81408948
3980.6000 0.84024322
3981.5000 0.82140428
3982.4000 0.79693115
3983.3000 0.7807138
3984.2000 0.78295171
3985.1000 0.79515666
3986.0000 0.79414195
3986.9000 0.79751086
3987.8000 0.8485316
3988.7000 0.88523227
3989.6000 0.87145633
3990.5000 0.86430633
3991.4000 0.88708323
3992.3000 0.91440898
3993.2000 0.92033356
3994.1000 0.89666027
3995.0000 0.87091774
3995.9000 0.84191942
3996.8000 0.80628234
3997.7000 0.78913969
3998.6000 0.83281428
3999.5000 0.91226208
4000.4000 0.94067007
4001.3000 0.93416959
4002.2000 0.94827563
4003.1000 0.96618819
4004.0000 0.92093247
4004.9000 0.80324793
4005.8000 0.73348492
4006.7000 0.78206736
4007.6000 0.87532294
4008.5000 0.93030834
4009.4000 0.9336946
4010.3000 0.92383301
4011.2000 0.93094379
4012.1000 0.94214535
4013.0000 0.94470668
4013.9000 0.94199234
4014.8000 0.94661552
4015.7000 0.95028406
4016.6000 0.92579442
4017.5000 0.89528626
4018.4000 0.91594815
4019.3000 0.96564233
4020.2000 0.9738456
4021.1000 0.95351028
4022.0000 0.94718838
4022.9000 0.95334464
4023.8000 0.94082779
4024.7000 0.91952908
4025.6000 0.93567139
4026.5000 0.9796195
4027.4000 1.00755286
4028.3000 1.00874174
4029.2000 0.96618253
4030.1000 0.86970633
4031.0000 0.79172671
4031.9000 0.77387577
4032.8000 0.7754274
4033.7000 0.7873711
4034.6000 0.82389081
4035.5000 0.87813264
4036.4000 0.95400321
4037.3000 1.02367628
4038.2000 1.0465306
4039.1000 1.02120602
4040.0000 0.97254068
4040.9000 0.94142926
4041.8000 0.96413529
4042.7000 0.99135345
4043.6000 0.92849725
4044.5000 0.77198792
4045.4000 0.62908787
4046.3000 0.64116174
4047.2000 0.79324132
4048.1000 0.92038512
4049.0000 0.97145188
4049.9000 1.00388062
4050.8000 1.01326406
4051.7000 0.98054188
4052.6000 0.92896289
4053.5000 0.90550721
4054.4000 0.88296825
4055.3000 0.86634278
4056.2000 0.86851567
4057.1000 0.83654314
4058.0000 0.80210608
4058.9000 0.83127803
4059.8000 0.90117377
4060.7000 0.94700778
4061.6000 0.90940285
4062.5000 0.79213411
4063.4000 0.68592751
4064.3000 0.7066682
4065.2000 0.81834799
4066.1000 0.86480391
4067.0000 0.85165298
4067.9000 0.88401806
4068.8000 0.96647602
4069.7000 0.98918945
4070.6000 0.89403981
4071.5000 0.77996993
4072.4000 0.79557353
4073.3000 0.90594774
4074.2000 0.96238613
4075.1000 0.93248171
4076.0000 0.85837591
4076.9000 0.77288222
4077.8000 0.74624729
4078.7000 0.80572581
4079.6000 0.89562088
4080.5000 0.98272949
4081.4000 1.03176427
4082.3000 1.01199436
4083.2000 0.95185953
4084.1000 0.90081179
4085.0000 0.8944121
4085.9000 0.927351
4086.8000 0.98848772
4087.7000 1.04868281
4088.6000 1.06915414
4089.5000 1.04837489
4090.4000 1.02063191
4091.3000 0.99504954
4092.2000 0.97149199
4093.1000 0.97967112
4094.0000 0.9979853
4094.9000 0.96071982
4095.8000 0.89534998
4096.7000 0.86259657
4097.6000 0.86017144
4098.5000 0.86186475
4099.4000 0.84141523
4100.3000 0.75837517
4101.2000 0.65131134
4102.1000 0.6288588
4103.0000 0.7091378
4103.9000 0.80630642
4104.8000 0.87671196
4105.7000 0.9273212
4106.6000 0.9512977
4107.5000 0.95288897
4108.4000 0.94751996
4109.3000 0.93351221
4110.2000 0.92740709
4111.1000 0.93832529
4112.0000 0.95534599
4112.9000 0.9865371
4113.8000 1.02099085
4114.7000 1.03230405
4115.6000 1.04342937
4116.5000 1.05790317
4117.4000 1.03439379
4118.3000 0.97093296
4119.2000 0.93905342
4120.1000 0.97006547
4121.0000 1.00088453
4121.9000 0.9920367
4122.8000 0.9744969
4123.7000 0.98241049
4124.6000 1.00754046
4125.5000 1.00657427
4126.4000 0.97921038
4127.3000 0.94640362
4128.2000 0.93868029
4129.1000 0.95690328
4130.0000 0.9752149
4130.9000 0.94744897
4131.8000 0.86327016
4132.7000 0.81775558
4133.6000 0.83779716
4134.5000 0.88346535
4135.4000 0.96495944
4136.3000 1.02098238
4137.2000 1.01835454
4138.1000 1.02869904
4139.0000 1.05871081
4139.9000 1.06899273
4140.8000 1.05220628
4141.7000 0.99071467
4142.6000 0.87119424
4143.5000 0.78316903
4144.4000 0.82199675
4145.3000 0.93029302
4146.2000 0.99034172
4147.1000 0.99521291
4148.0000 0.99823833
4148.9000 0.97810495
4149.8000 0.9561196
4150.7000 0.96767062
4151.6000 0.97731006
4152.5000 0.96251887
4153.4000 0.92678124
4154.3000 0.88217145
4155.2000 0.88323367
4156.1000 0.89048493
4157.0000 0.88480544
4157.9000 0.91450834
4158.8000 0.95712298
4159.7000 0.98543531
4160.6000 0.98609906
4161.5000 0.99846572
4162.4000 1.05004632
4163.3000 1.07155848
4164.2000 1.05044436
4165.1000 1.03319156
4166.0000 1.01255631
4166.9000 0.95737743
4167.8000 0.92760038
4168.7000 0.96738273
4169.6000 1.00693631
4170.5000 0.98781472
4171.4000 0.90719736
4172.3000 0.82362777
4173.2000 0.80363262
4174.1000 0.84342319
4175.0000 0.89105278
4175.9000 0.91066086
4176.8000 0.90346014
4177.7000 0.88996291
4178.6000 0.90768808
4179.5000 0.95519131
4180.4000 0.97359776
4181.3000 0.93045408
4182.2000 0.8819527
4183.1000 0.88070053
4184.0000 0.91469097
4184.9000 0.96387243
4185.8000 0.9671213
4186.7000 0.88673043
4187.6000 0.82449168
4188.5000 0.85863072
4189.4000 0.94042158
4190.3000 0.97782648
4191.2000 0.95939165
4192.1000 0.97254223
4193.0000 1.03736651
4193.9000 1.05324864
4194.8000 0.98330212
4195.7000 0.9116236
4196.6000 0.88359869
4197.5000 0.8512823
4198.4000 0.80503953
4199.3000 0.81190681
4200.2000 0.85744947
4201.1000 0.857409
4202.0000 0.83203715
4202.9000 0.86302251
4203.8000 0.92405009
4204.7000 0.96306843
4205.6000 0.98793596
4206.5000 1.0081135
4207.4000 1.02585351
4208.3000 1.03054774
4209.2000 1.00165987
4210.1000 0.96982092
4211.0000 0.99174809
4211.9000 1.04536474
4212.8000 1.06851339
4213.7000 1.04647505
4214.6000 0.97821552
4215.5000 0.89069313
4216.4000 0.88265043
4217.3000 0.94193268
4218.2000 0.98915148
4219.1000 1.00348675
4220.0000 1.02006173
4220.9000 1.04201031
4221.8000 1.03273296
4222.7000 0.99109215
4223.6000 0.92773962
4224.5000 0.84983981
4225.4000 0.73037779
4226.3000 0.60071117
4227.2000 0.59985709
4228.1000 0.77038032
4229.0000 0.93512923
4229.9000 1.00932491
4230.8000 1.04646528
4231.7000 1.03678203
4232.6000 0.97131801
4233.5000 0.92731822
4234.4000 0.93479842
4235.3000 0.89564359
4236.2000 0.84571511
4237.1000 0.87020832
4238.0000 0.90438497
4238.9000 0.89793283
4239.8000 0.89697593
4240.7000 0.95468789
4241.6000 0.99952722
4242.5000 0.97875512
4243.4000 0.97438049
4244.3000 1.01457667
4245.2000 1.03026378
4246.1000 0.99407762
4247.0000 0.93011123
4247.9000 0.88366705
4248.8000 0.86562824
4249.7000 0.82650924
4250.6000 0.81154501
4251.5000 0.89737236
4252.4000 0.98324579
4253.3000 0.97172141
4254.2000 0.89172608
4255.1000 0.86474335
4256.0000 0.93006951
4256.9000 1.00844383
4257.8000 0.9988237
4258.7000 0.91208726
4259.6000 0.81142938
4260.5000 0.74632084
4261.4000 0.79367661
4262.3000 0.91976452
4263.2000 1.01836979
4264.1000 1.03806162
4265.0000 1.03312826
4265.9000 1.04166794
4266.8000 1.0192765
4267.7000 0.96819514
4268.6000 0.93497396
4269.5000 0.89680058
4270.4000 0.81044155
4271.3000 0.70523083
4272.2000 0.69790345
4273.1000 0.77762651
4274.0000 0.80878752
4274.9000 0.81264025
4275.8000 0.87533516
4276.7000 0.96517444
4277.6000 1.01447701
4278.5000 1.01408601
4279.4000 0.95848703
4280.3000 0.89974296
4281.2000 0.89906067
4282.1000 0.92182231
4283.0000 0.93769944
4283.9000 0.95243919
4284.8000 0.93007284
4285.7000 0.88537014
4286.6000 0.87334585
4287.5000 0.88464022
4288.4000 0.85699105
4289.3000 0.78091925
4290.2000 0.74365318
4291.1000 0.79321074
4292.0000 0.88238662
4292.9000 0.93250847
4293.8000 0.90981996
4294.7000 0.87920058
4295.6000 0.87878805
4296.5000 0.8602556
4297.4000 0.80816847
4298.3000 0.73048168
4299.2000 0.6377967
4300.1000 0.60169041
4301.0000 0.63744807
4301.9000 0.66683215
4302.8000 0.66908747
4303.7000 0.69014138
4304.6000 0.71619856
4305.5000 0.71516919
4306.4000 0.68955773
4307.3000 0.62719667
4308.2000 0.57159072
4309.1000 0.58287686
4310.0000 0.6364029
4310.9000 0.68846512
4311.8000 0.73388743
4312.7000 0.7890678
4313.6000 0.84184766
4314.5000 0.89164275
4315.4000 0.98247617
4316.3000 1.0941987
4317.2000 1.1420486
4318.1000 1.12768745
4319.0000 1.10491967
4319.9000 1.08083999
4320.8000 1.05203509
4321.7000 1.04039228
4322.6000 0.98819399
4323.5000 0.87031692
4324.4000 0.75161892
4325.3000 0.67421997
4326.2000 0.7105574
4327.1000 0.8572728
4328.0000 1.00654566
4328.9000 1.07953441
4329.8000 1.07331192
4330.7000 1.03975081
4331.6000 1.04251254
4332.5000 1.06263661
4333.4000 1.07210374
4334.3000 1.07936943
4335.2000 1.07932568
4336.1000 1.02728176
4337.0000 0.91032767
4337.9000 0.80702245
4338.8000 0.73300761
4339.7000 0.652035
4340.6000 0.62185311
4341.5000 0.71221483
4342.4000 0.83346134
4343.3000 0.87948591
4344.2000 0.89760149
4345.1000 0.95755661
4346.0000 1.0034343
4346.9000 1.01082075
4347.8000 1.02041543
4348.7000 1.06559014
4349.6000 1.08585727
4350.5000 1.01166475
4351.4000 0.87427139
4352.3000 0.82054216
4353.2000 0.90523189
4354.1000 0.98520553
4355.0000 0.99897867
4355.9000 1.01504505
4356.8000 1.0533489
4357.7000 1.06069195
4358.6000 1.01136529
4359.5000 0.98317415
4360.4000 1.02942312
4361.3000 1.09594321
4362.2000 1.10602617
4363.1000 1.08296812
4364.0000 1.10061538
4364.9000 1.14469123
4365.8000 1.1395241
4366.7000 1.07229674
4367.6000 1.01652098
4368.5000 1.02213061
4369.4000 1.03227746
4370.3000 1.02349138
4371.2000 1.02629435
4372.1000 1.03271687
4373.0000 1.0055474
4373.9000 0.93828839
4374.8000 0.88890845
4375.7000 0.90518934
4376.6000 0.97517633
4377.5000 1.0383023
4378.4000 1.06772494
4379.3000 1.05890703
4380.2000 1.03044581
4381.1000 1.00381625
4382.0000 0.92167389
4382.9000 0.74033421
4383.8000 0.61275166
4384.7000 0.66275394
4385.6000 0.82128507
4386.5000 0.94436014
4387.4000 0.96467936
4388.3000 0.94526547
4389.2000 0.93710428
4390.1000 0.93179643
4391.0000 0.94188952
4391.9000 0.97535622
4392.8000 1.00052381
4393.7000 0.98663598
4394.6000 0.95395547
4395.5000 0.95943052
4396.4000 1.02843118
4397.3000 1.09225607
4398.2000 1.09135556
4399.1000 1.03830373
4400.0000 0.96492666
4400.9000 0.93057239
4401.8000 0.97643977
4402.7000 1.00993502
4403.6000 0.92786551
4404.5000 0.81394368
4405.4000 0.82148331
4406.3000 0.92456847
4407.2000 0.97097015
4408.1000 0.9556362
4409.0000 0.97779363
4409.9000 1.04300547
4410.8000 1.09509456
4411.7000 1.12680745
4412.6000 1.14119542
4413.5000 1.0949564
4414.4000 0.97763228
4415.3000 0.89708978
4416.2000 0.93110502
4417.1000 1.00353122
4418.0000 1.05542552
4418.9000 1.10799384
4419.8000 1.15011215
4420.7000 1.13543725
4421.6000 1.06593525
4422.5000 1.00438511
4423.4000 1.00343251
4424.3000 1.03566623
4425.2000 1.05170238
4426.1000 1.05324662
4427.0000 1.0562067
4427.9000 1.07847178
4428.8000 1.09482884
4429.7000 1.06009579
4430.6000 1.01553178
4431.5000 1.02288043
4432.4000 1.04219711
4433.3000 1.01874769
4434.2000 0.96440846
4435.1000 0.92087668
4436.0000 0.94686693
4436.9000 1.03202617
4437.8000 1.10865235
4438.7000 1.14580941
4439.6000 1.13448942
4440.5000 1.08128667
4441.4000 1.01818788
4442.3000 0.96361923
4443.2000 0.95140892
4444.1000 1.00487125
4445.0000 1.09402406
4445.9000 1.13300133
4446.8000 1.09756958
4447.7000 1.06883144
4448.6000 1.09426367
4449.5000 1.10443151
4450.4000 1.07968688
4451.3000 1.07225275
4452.2000 1.0853436
4453.1000 1.06083274
4454.0000 0.97216356
4454.9000 0.88674057
4455.8000 0.88475901
4456.7000 0.93280286
4457.6000 0.95291138
4458.5000 0.94004285
4459.4000 0.94045395
4460.3000 0.95256799
4461.2000 0.93235958
4462.1000 0.93598115
4463.0000 1.00617599
4463.9000 1.06004357
4464.8000 1.05820835
4465.7000 1.05005324
4466.6000 1.04943562
4467.5000 1.05861771
4468.4000 1.03849125
4469.3000 1.00255978
4470.2000 1.00651217
4471.1000 1.053339
4472.0000 1.10533786
4472.9000 1.13273585
4473.8000 1.15146804
4474.7000 1.14180279
4475.6000 1.12076354
4476.5000 1.13054383
4477.4000 1.17021322
4478.3000 1.16407371
4479.2000 1.09670269
4480.1000 1.00573778
4481.0000 0.94177222
4481.9000 0.94266731
4482.8000 1.00715506
4483.7000 1.0868274
4484.6000 1.13126826
4485.5000 1.15338063
4486.4000 1.162395
4487.3000 1.13710821
4488.2000 1.07786167
4489.1000 1.02655685
4490.0000 1.01652384
4490.9000 1.04434705
4491.8000 1.0944109
4492.7000 1.12018049
4493.6000 1.08589196
4494.5000 1.03454936
4495.4000 1.03171504
4496.3000 1.062379
4497.2000 1.10368919
4498.1000 1.13921964
4499.0000 1.14292192
4499.9000 1.1325556
4500.8000 1.10239589
4501.7000 1.08712256
4502.6000 1.13100469
4503.5000 1.19224954
4504.4000 1.2130847
4505.3000 1.20700383
4506.2000 1.20051134
4507.1000 1.18469894
4508.0000 1.16407239
4508.9000 1.15655339
4509.8000 1.17297053
4510.7000 1.18685985
4511.6000 1.17519987
4512.5000 1.14330077
4513.4000 1.11225843
4514.3000 1.09450972
4515.2000 1.10001314
4516.1000 1.11902785
4517.0000 1.11519861
4517.9000 1.09950101
4518.8000 1.11200273
4519.7000 1.13674307
4520.6000 1.15260601
4521.5000 1.15284348
4522.4000 1.11254728
4523.3000 1.08465862
4524.2000 1.08431041
4525.1000 1.05776298
4526.0000 1.01283014
4526.9000 0.97536129
4527.8000 0.95046097
4528.7000 0.9337098
4529.6000 0.94478726
4530.5000 0.97192878
4531.4000 1.006585
4532.3000 1.03590858
4533.2000 1.01415575
4534.1000 0.97023201
4535.0000 0.95247394
4535.9000 0.98980367
4536.8000 1.0830946
4537.7000 1.15774608
4538.6000 1.15791225
4539.5000 1.11802661
4540.4000 1.08583272
4541.3000 1.07891905
4542.2000 1.10281622
4543.1000 1.13111234
4544.0000 1.1213541
4544.9000 1.08439815
4545.8000 1.06947243
4546.7000 1.07356572
4547.6000 1.06827545
4548.5000 1.03299832
4549.4000 0.9920153
4550.3000 1.01124513
4551.2000 1.06236303
4552.1000 1.07918072
4553.0000 1.06973612
4553.9000 1.04859197
4554.8000 1.02732122
4555.7000 1.03236413
4556.6000 1.07129693
4557.5000 1.11585486
4558.4000 1.13751233
4559.3000 1.14854503
4560.2000 1.15694654
4561.1000 1.16783106
4562.0000 1.17130673
4562.9000 1.13643646
4563.8000 1.07367444
4564.7000 1.03208745
4565.6000 1.03562224
4566.5000 1.07910001
4567.4000 1.12821984
4568.3000 1.14442706
4569.2000 1.14162481
4570.1000 1.1254431
4571.0000 1.08016467
4571.9000 1.06045592
4572.8000 1.10713518
4573.7000 1.15049005
4574.6000 1.15142453
4575.5000 1.14835465
4576.4000 1.15590179
4577.3000 1.15907526
4578.2000 1.13754272
4579.1000 1.09334612
4580.0000 1.04234028
4580.9000 1.01045156
4581.8000 1.02168989
4582.7000 1.04590094
4583.6000 1.04724717
4584.5000 1.03941774
4585.4000 1.02846801
4586.3000 1.0351938
4587.2000 1.07429266
4588.1000 1.11931908
4589.0000 1.14413869
4589.9000 1.13722336
4590.8000 1.10246742
4591.7000 1.06182599
4592.6000 1.05176008
4593.5000 1.07624352
4594.4000 1.07875323
4595.3000 1.0530901
4596.2000 1.04775727
4597.1000 1.05540335
4598.0000 1.06508386
4598.9000 1.08244061
4599.8000 1.06828058
4600.7000 1.0488286
4601.6000 1.06675553
4602.5000 1.08598661
4603.4000 1.08812284
4604.3000 1.08366799
4605.2000 1.07326448
4606.1000 1.08546269
4607.0000 1.10904491
4607.9000 1.13850212
4608.8000 1.16955578
4609.7000 1.16404843
4610.6000 1.12803721
4611.5000 1.10140586
4612.4000 1.08977509
4613.3000 1.07709157
4614.2000 1.09698796
4615.1000 1.12161767
4616.0000 1.11641264
4616.9000 1.11442804
4617.8000 1.11339462
4618.7000 1.09034979
4619.6000 1.08665359
4620.5000 1.11746836
4621.4000 1.12759805
4622.3000 1.11247325
4623.2000 1.11174202
4624.1000 1.12142706
4625.0000 1.10427928
4625.9000 1.08795965
4626.8000 1.10522056
4627.7000 1.12778914
4628.6000 1.12397873
4629.5000 1.09925973
4630.4000 1.10738087
4631.3000 1.13017964
4632.2000 1.1161201
4633.1000 1.088027
4634.0000 1.08311582
4634.9000 1.09300256
4635.8000 1.09467685
4636.7000 1.07592368
4637.6000 1.04339588
4638.5000 1.03974569
4639.4000 1.04169512
4640.3000 1.05327296
4641.2000 1.08483756
4642.1000 1.10455143
4643.0000 1.0909127
4643.9000 1.06725478
4644.8000 1.05174029
4645.7000 1.01466084
4646.6000 0.96952856
4647.5000 0.95496041
4648.4000 0.97784209
4649.3000 1.0162847
4650.2000 1.06139207
4651.1000 1.08326697
4652.0000 1.09379351
4652.9000 1.10704243
4653.8000 1.07896566
4654.7000 1.03649223
4655.6000 1.03440976
4656.5000 1.03981793
4657.4000 1.0690248
4658.3000 1.11656702
4659.2000 1.15026188
4660.1000 1.15016031
4661.0000 1.12144172
4661.9000 1.0899539
4662.8000 1.0595485
4663.7000 1.04208255
4664.6000 1.04295814
4665.5000 1.0087496
4666.4000 0.93013543
4667.3000 0.86115205
4668.2000 0.87718928
4669.1000 0.9616999
4670.0000 1.0388366
4670.9000 1.07716501
4671.8000 1.0696274
4672.7000 1.03758585
4673.6000 1.03120625
4674.5000 1.05784452
4675.4000 1.0935415
4676.3000 1.11811244
4677.2000 1.10466325
4678.1000 1.04667997
4679.0000 1.00845945
4679.9000 1.00643241
4680.8000 1.01366353
4681.7000 1.0236423
4682.6000 1.04711545
4683.5000 1.07671666
4684.4000 1.07960606
4685.3000 1.07459319
4686.2000 1.08438277
4687.1000 1.08994853
4688.0000 1.07663321
4688.9000 1.06383562
4689.8000 1.0647769
4690.7000 1.05399787
4691.6000 1.04063797
4692.5000 1.05331314
4693.4000 1.07189047
4694.3000 1.08016598
4695.2000 1.09552813
4696.1000 1.10900569
4697.0000 1.08898997
4697.9000 1.04450929
4698.8000 1.00483966
4699.7000 1.00758564
4700.6000 1.02102506
4701.5000 0.99991184
4702.4000 0.9564485
4703.3000 0.94127655
4704.2000 0.99308658
4705.1000 1.04114234
4706.0000 1.0453459
4706.9000 1.01730859
4707.8000 0.99275321
4708.7000 0.99344754
4709.6000 1.00788057
4710.5000 1.04771256
4711.4000 1.08649731
4712.3000 1.08832514
4713.2000 1.05933094
4714.1000 1.02189136
4715.0000 1.02731407
4715.9000 1.07771015
4716.8000 1.11772096
4717.7000 1.12702954
4718.6000 1.133183
4719.5000 1.15392721
4720.4000 1.1623528
4721.3000 1.14354181
4722.2000 1.12390745
4723.1000 1.12905192
4724.0000 1.14948046
4724.9000 1.16131473
4725.8000 1.14689112
4726.7000 1.09560108
4727.6000 1.0373764
4728.5000 1.01054442
4729.4000 1.00930989
4730.3000 1.01471567
4731.2000 1.02743626
4732.1000 1.05895483
4733.0000 1.08463454
4733.9000 1.0954237
4734.8000 1.09909153
4735.7000 1.07244146
4736.6000 1.03230274
4737.5000 1.04664671
4738.4000 1.10065103
4739.3000 1.11931038
4740.2000 1.09646845
4741.1000 1.08250821
4742.0000 1.10179603
4742.9000 1.12793863
4743.8000 1.12360525
4744.7000 1.10252643
4745.6000 1.10627794
4746.5000 1.13010693
4747.4000 1.13600516
4748.3000 1.12795091
4749.2000 1.12558126
4750.1000 1.12812674
4751.0000 1.1212014
4751.9000 1.09881723
4752.8000 1.0759474
4753.7000 1.05575538
4754.6000 1.04283249
4755.5000 1.04103684
4756.4000 1.04826605
4757.3000 1.0682689
4758.2000 1.09756696
4759.1000 1.12580121
4760.0000 1.13473129
4760.9000 1.10621178
4761.8000 1.05554223
4762.7000 1.03354812
4763.6000 1.03823769
4764.5000 1.02620971
4765.4000 0.99649048
4766.3000 0.99056244
4767.2000 1.02511704
4768.1000 1.06692326
4769.0000 1.10706925
4769.9000 1.13171136
4770.8000 1.11246622
4771.7000 1.08315897
4772.6000 1.08588076
4773.5000 1.12105131
4774.4000 1.15587509
4775.3000 1.15500343
4776.2000 1.14034724
4777.1000 1.15571392
4778.0000 1.17501271
4778.9000 1.16386497
4779.8000 1.14835095
4780.7000 1.15304482
4781.6000 1.15185356
4782.5000 1.11684215
4783.4000 1.08671939
4784.3000 1.10275888
4785.2000 1.10989964
4786.1000 1.07225561
4787.0000 1.05931628
4787.9000 1.08372116
4788.8000 1.08697331
4789.7000 1.0829823
4790.6000 1.09735119
4791.5000 1.10815084
4792.4000 1.11931729
4793.3000 1.14899015
4794.2000 1.18401194
4795.1000 1.19909263
4796.0000 1.18731928
4796.9000 1.16517949
4797.8000 1.13611531
4798.7000 1.09905767
4799.6000 1.07536018
4800.5000 1.08486426
4801.4000 1.12082911
4802.3000 1.14898467
4803.2000 1.15237367
4804.1000 1.13000107
4805.0000 1.10442185
4805.9000 1.10431433
4806.8000 1.10022306
4807.7000 1.08113003
4808.6000 1.08026648
4809.5000 1.10059273
4810.4000 1.11859274
4811.3000 1.12892616
4812.2000 1.12757778
4813.1000 1.12302876
4814.0000 1.12923026
4814.9000 1.1443342
4815.8000 1.15738678
4816.7000 1.1606406
4817.6000 1.15480876
4818.5000 1.15948915
4819.4000 1.16547465
4820.3000 1.15796423
4821.2000 1.14641953
4822.1000 1.11810493
4823.0000 1.06130385
4823.9000 1.03734219
4824.8000 1.07200086
4825.7000 1.11690545
4826.6000 1.13416696
4827.5000 1.12435961
4828.4000 1.09884977
4829.3000 1.08322978
4830.2000 1.08762908
4831.1000 1.08475542
4832.0000 1.07880604
4832.9000 1.08845389
4833.8000 1.10120487
4834.7000 1.10897636
4835.6000 1.10581696
4836.5000 1.10513854
4837.4000 1.10304511
4838.3000 1.07952976
4839.2000 1.04765904
4840.1000 1.03376365
4841.0000 1.05113947
4841.9000 1.06861818
4842.8000 1.06007242
4843.7000 1.05967665
4844.6000 1.08964276
4845.5000 1.11273742
4846.4000 1.1167078
4847.3000 1.09351039
4848.2000 1.05592835
4849.1000 1.04556417
4850.0000 1.07119524
4850.9000 1.08666277
4851.8000 1.07371306
4852.7000 1.06085801
4853.6000 1.04230201
4854.5000 0.99424434
4855.4000 0.94119811
4856.3000 0.94022906
4857.2000 0.95994496
4858.1000 0.94620991
4859.0000 0.87636513
4859.9000 0.75659382
4860.8000 0.6375854
4861.7000 0.62522912
4862.6000 0.73472047
4863.5000 0.84326774
4864.4000 0.90877515
4865.3000 0.95295441
4866.2000 0.98351806
4867.1000 1.00535238
4868.0000 1.01584518
4868.9000 1.02545035
4869.8000 0.99936152
4870.7000 0.91243225
4871.6000 0.84866142
4872.5000 0.88944638
4873.4000 0.97233164
4874.3000 1.02241099
4875.2000 1.03463793
4876.1000 1.03871977
4877.0000 1.03831804
4877.9000 1.02814627
4878.8000 1.0626626
4879.7000 1.11782825
4880.6000 1.11524904
4881.5000 1.07380176
4882.4000 1.06550097
4883.3000 1.07995975
4884.2000 1.0630635
4885.1000 1.01918149
4886.0000 0.98655957
4886.9000 0.98626649
4887.8000 1.0021069
4888.7000 1.00465763
4889.6000 0.98280197
4890.5000 0.90783972
4891.4000 0.8733089
4892.3000 0.96588337
4893.2000 1.07832825
4894.1000 1.14067149
4895.0000 1.16311312
4895.9000 1.15251064
4896.8000 1.14170957
4897.7000 1.14192736
4898.6000 1.13225293
4899.5000 1.10697782
4900.4000 1.09577894
4901.3000 1.11133683
4902.2000 1.09900153
4903.1000 1.05792201
4904.0000 1.04576194
4904.9000 1.08330774
4905.8000 1.12192118
4906.7000 1.12731564
4907.6000 1.10206687
4908.5000 1.07037723
4909.4000 1.02368069
4910.3000 0.97772861
4911.2000 0.98691219
4912.1000 1.03619623
4913.0000 1.07419896
4913.9000 1.09617639
4914.8000 1.11984932
4915.7000 1.12986028
4916.6000 1.09777081
4917.5000 1.02088785
4918.4000 0.92085874
4919.3000 0.84649581
4920.2000 0.83387154
4921.1000 0.88932431
4922.0000 0.97606939
4922.9000 1.00892234
4923.8000 0.989636
4924.7000 0.99463594
4925.6000 1.04774868
4926.5000 1.09091699
4927.4000 1.09575248
4928.3000 1.10759282
4929.2000 1.13324571
4930.1000 1.12736201
4931.0000 1.12196887
4931.9000 1.11177838
4932.8000 1.05568182
4933.7000 0.99888974
4934.6000 1.02320004
4935.5000 1.06925023
4936.4000 1.05775189
4937.3000 1.00460279
4938.2000 0.94899452
4939.1000 0.9357987
4940.0000 0.99954385
4940.9000 1.08569765
4941.8000 1.11982405
4942.7000 1.12685072
4943.6000 1.14224148
4944.5000 1.13140464
4945.4000 1.08906662
4946.3000 1.07122731
4947.2000 1.09723055
4948.1000 1.12415493
4949.0000 1.12701106
4949.9000 1.11900902
4950.8000 1.12714434
4951.7000 1.13018286
4952.6000 1.11314881
4953.5000 1.10316443
4954.4000 1.10329711
4955.3000 1.09132874
4956.2000 1.02010238
4957.1000 0.88751894
4958.0000 0.8693102
4958.9000 1.00355625
4959.8000 1.11503887
4960.7000 1.14760184
4961.6000 1.14237773
4962.5000 1.14071178
4963.4000 1.14420974
4964.3000 1.12655556
4965.2000 1.08306074
4966.1000 1.05470097
4967.0000 1.06397378
4967.9000 1.06391716
4968.8000 1.06288838
4969.7000 1.06372142
4970.6000 1.06419563
4971.5000 1.09121501
4972.4000 1.11279535
4973.3000 1.12170529
4974.2000 1.13285899
4975.1000 1.13293803
4976.0000 1.11900508
4976.9000 1.10552406
4977.8000 1.0752908
4978.7000 1.04555392
4979.6000 1.04356408
4980.5000 1.04219341
4981.4000 1.00333464
4982.3000 0.92526764
4983.2000 0.87783182
4984.1000 0.90009153
4985.0000 0.94497102
4985.9000 0.9956457
4986.8000 1.06980789
4987.7000 1.11127961
4988.6000 1.10345888
4989.5000 1.08812451
4990.4000 1.06279266
4991.3000 1.04604578
4992.2000 1.06897354
4993.1000 1.07467103
4994.0000 1.06715584
4994.9000 1.08597803
4995.8000 1.09943759
4996.7000 1.09698081
4997.6000 1.0905875
4998.5000 1.06623101
4999.4000 1.03294313
5000.3000 1.00988448
5001.2000 0.99455595
5002.1000 0.98802203
5003.0000 1.00428879
5003.9000 1.01327085
5004.8000 0.97598737
5005.7000 0.91084653
5006.6000 0.90223801
5007.5000 0.97368294
5008.4000 1.05633724
5009.3000 1.08463633
5010.2000 1.06990242
5011.1000 1.03362906
5012.0000 0.97513628
5012.9000 0.93650788
5013.8000 0.92972213
5014.7000 0.94537145
5015.6000 0.98023158
5016.5000 0.98523813
5017.4000 0.94658405
5018.3000 0.92818457
5019.2000 0.97060525
5020.1000 1.01447022
5021.0000 1.01664019
5021.9000 0.99441767
5022.8000 0.99472862
5023.7000 1.02748799
5024.6000 1.04755557
5025.5000 1.04628789
5026.4000 1.02418602
5027.3000 0.98446363
5028.2000 0.99401492
5029.1000 1.04384887
5030.0000 1.06841218
5030.9000 1.07198405
5031.8000 1.08845282
5032.7000 1.11579561
5033.6000 1.1236043
5034.5000 1.086079
5035.4000 1.0183816
5036.3000 0.99199414
5037.2000 1.02172136
5038.1000 1.02885532
5039.0000 0.98971617
5039.9000 0.93528628
5040.8000 0.8737762
5041.7000 0.87554497
5042.6000 0.97191381
5043.5000 1.062832
5044.4000 1.10116065
5045.3000 1.12223828
5046.2000 1.12938035
5047.1000 1.09679234
5048.0000 1.03243196
5048.9000 0.9907679
5049.8000 0.99120975
5050.7000 1.00397301
5051.6000 1.00840807
5052.5000 1.02616513
5053.4000 1.05990016
5054.3000 1.08823156
5055.2000 1.09803474
5056.1000 1.0906893
5057.0000 1.08784425
5057.9000 1.09530938
5058.8000 1.10380757
5059.7000 1.10667253
5060.6000 1.1178385
5061.5000 1.13372672
5062.4000 1.13350296
5063.3000 1.10249197
5064.2000 1.03917956
5065.1000 0.99767846
5066.0000 1.01699245
5066.9000 1.03946507
5067.8000 1.03006792
5068.7000 1.02758634
5069.6000 1.05673206
5070.5000 1.07463205
5071.4000 1.0457288
5072.3000 1.01286089
5073.2000 1.02040839
5074.1000 1.0339843
5075.0000 1.02810466
5075.9000 1.03678179
5076.8000 1.0642699
5077.7000 1.06074607
5078.6000 0.99280065
5079.5000 0.91296667
5080.4000 0.90608037
5081.3000 0.95987236
5082.2000 0.99858141
5083.1000 0.99861765
5084.0000 1.00739467
5084.9000 1.04472053
5085.8000 1.07527781
5086.7000 1.07454729
5087.6000 1.05894649
5088.5000 1.05743194
5089.4000 1.06477368
5090.3000 1.06349778
5091.2000 1.06908
5092.1000 1.08869672
5093.0000 1.10129619
5093.9000 1.09974444
5094.8000 1.09354007
5095.7000 1.07316053
5096.6000 1.0248512
5097.5000 0.96638453
5098.4000 0.91896713
5099.3000 0.91497773
5100.2000 0.97692543
5101.1000 1.05200648
5102.0000 1.0864917
5102.9000 1.07922399
5103.8000 1.05557454
5104.7000 1.04470921
5105.6000 1.04332757
5106.5000 1.02638459
5107.4000 0.99780494
5108.3000 0.99413002
5109.2000 0.99481356
5110.1000 0.98765606
5111.0000 1.01605833
5111.9000 1.06430423
5112.8000 1.08331883
5113.7000 1.08123589
5114.6000 1.07096386
5115.5000 1.06385696
5116.4000 1.07965422
5117.3000 1.10260224
5118.2000 1.10905015
5119.1000 1.10046256
5120.0000 1.07554317
5120.9000 1.04788172
5121.8000 1.03215528
5122.7000 1.01323926
5123.6000 0.98753905
5124.5000 0.96810377
5125.4000 0.96593291
5126.3000 0.98368651
5127.2000 1.00045657
5128.1000 0.99852711
5129.0000 0.99222845
5129.9000 0.99937022
5130.8000 1.01415014
5131.7000 1.01918674
5132.6000 1.01365232
5133.5000 1.00222886
5134.4000 1.02229917
5135.3000 1.05044079
5136.2000 1.02932346
5137.1000 0.98689669
5138.0000 0.95868814
5138.9000 0.9294154
5139.8000 0.93817055
5140.7000 0.98580557
5141.6000 0.97610974
5142.5000 0.93798453
5143.4000 0.965563
5144.3000 1.01829505
5145.2000 1.02170122
5146.1000 0.99327475
5147.0000 0.969935
5147.9000 0.96870983
5148.8000 0.99636644
5149.7000 1.02500093
5150.6000 1.01418114
5151.5000 0.99609101
5152.4000 1.00007081
5153.3000 1.00218713
5154.2000 0.99939609
5155.1000 1.0074749
5156.0000 1.02183735
5156.9000 1.04299688
5157.8000 1.05626011
5158.7000 1.05490351
5159.6000 1.05826616
5160.5000 1.05846
5161.4000 1.02620637
5162.3000 0.98824698
5163.2000 0.98401767
5164.1000 0.97861904
5165.0000 0.92800456
5165.9000 0.84151161
5166.8000 0.73999393
5167.7000 0.69760698
5168.6000 0.75332254
5169.5000 0.85436928
5170.4000 0.89627236
5171.3000 0.80580604
5172.2000 0.67810339
5173.1000 0.68131888
5174.0000 0.82883859
5174.9000 0.97470146
5175.8000 1.03455377
5176.7000 1.04466784
5177.6000 1.05196798
5178.5000 1.05569005
5179.4000 1.04621363
5180.3000 1.02278209
5181.2000 0.96786839
5182.1000 0.8464936
5183.0000 0.68713462
5183.9000 0.63537031
5184.8000 0.7506175
5185.7000 0.90617108
5186.6000 0.99198228
5187.5000 0.99949813
5188.4000 0.98133647
5189.3000 1.00323999
5190.2000 1.02049649
5191.1000 0.95478231
5192.0000 0.88237971
5192.9000 0.90865445
5193.8000 0.97239238
5194.7000 0.97371
5195.6000 0.94898826
5196.5000 0.95824116
5197.4000 0.98521179
5198.3000 1.0123384
5199.2000 1.04053795
5200.1000 1.05940592
5201.0000 1.0538733
5201.9000 1.03345048
5202.8000 1.02433455
5203.7000 1.00986302
5204.6000 0.96194887
5205.5000 0.92424643
5206.4000 0.93664384
5207.3000 0.9460994
5208.2000 0.92003119
5209.1000 0.93635857
5210.0000 0.99336052
5210.9000 1.03721106
5211.8000 1.06530535
5212.7000 1.0784899
5213.6000 1.0636251
5214.5000 1.0122633
5215.4000 0.95902008
5216.3000 0.94176382
5217.2000 0.95825386
5218.1000 1.00210905
5219.0000 1.05070186
5219.9000 1.0696609
5220.8000 1.07130289
5221.7000 1.0670222
5222.6000 1.05090725
5223.5000 1.02554274
5224.4000 0.9868564
5225.3000 0.92635632
5226.2000 0.850573
5227.1000 0.82630599
5228.0000 0.89554298
5228.9000 0.97410959
5229.8000 1.00592673
5230.7000 1.02277064
5231.6000 1.00434232
5232.5000 0.94466895
5233.4000 0.92629099
5234.3000 0.95303905
5235.2000 0.98055559
5236.1000 1.01228046
5237.0000 1.04542327
5237.9000 1.06728053
5238.8000 1.07217336
5239.7000 1.07115281
5240.6000 1.07159233
5241.5000 1.05876768
5242.4000 1.03342032
5243.3000 1.02869284
5244.2000 1.05592406
5245.1000 1.08082771
5246.0000 1.06475258
5246.9000 1.02665102
5247.8000 1.01552606
5248.7000 1.0207777
5249.6000 1.00707757
5250.5000 0.99546635
5251.4000 1.01674259
5252.3000 1.03970611
5253.2000 1.03461289
5254.1000 1.00928152
5255.0000 0.99265701
5255.9000 1.0196811
5256.8000 1.0624088
5257.7000 1.085657
5258.6000 1.09201944
5259.5000 1.08286417
5260.4000 1.05272591
5261.3000 0.99300951
5262.2000 0.92829233
5263.1000 0.88369262
5264.0000 0.85836345
5264.9000 0.83463401
5265.8000 0.81823415
5266.7000 0.85529715
5267.6000 0.9119457
5268.5000 0.87901467
5269.4000 0.78814894
5270.3000 0.79056972
5271.2000 0.89334333
5272.1000 0.96327102
5273.0000 0.96614897
5273.9000 0.95645523
5274.8000 0.93328667
5275.7000 0.9295091
5276.6000 0.99024153
5277.5000 1.05584371
5278.4000 1.07300174
5279.3000 1.05566621
5280.2000 1.02537131
5281.1000 0.99137747
5282.0000 0.96700734
5282.9000 0.94557494
5283.8000 0.93412066
5284.7000 0.97852772
5285.6000 1.05335355
5286.5000 1.09263682
5287.4000 1.08971739
5288.3000 1.07645047
5289.2000 1.08399928
5290.1000 1.09860849
5291.0000 1.10085559
5291.9000 1.08850038
5292.8000 1.07168925
5293.7000 1.06551814
5294.6000 1.06890023
5295.5000 1.0535605
5296.4000 1.00395155
5297.3000 0.9400627
5298.2000 0.91991067
5299.1000 0.97055209
5300.0000 1.01908195
5300.9000 1.02143526
5301.8000 1.00596237
5302.7000 1.01904166
5303.6000 1.05698609
5304.5000 1.08347309
5305.4000 1.08564067
5306.3000 1.06867373
5307.2000 1.05203354
5308.1000 1.05655777
5309.0000 1.07566166
5309.9000 1.08901393
5310.8000 1.09164393
5311.7000 1.08884895
5312.6000 1.07713747
5313.5000 1.06652904
5314.4000 1.05669403
5315.3000 1.03578889
5316.2000 1.00641656
5317.1000 1.00807273
5318.0000 1.03773391
5318.9000 1.05607915
5319.8000 1.05752301
5320.7000 1.04982305
5321.6000 1.03811944
5322.5000 1.01616275
5323.4000 0.964984
5324.3000 0.92958522
5325.2000 0.95547307
5326.1000 0.97981036
5327.0000 0.92334414
5327.9000 0.82317621
5328.8000 0.81875247
5329.7000 0.91711563
5330.6000 1.00960267
5331.5000 1.03659308
5332.4000 1.02079594
5333.3000 1.01834249
5334.2000 1.04198301
5335.1000 1.05854487
5336.0000 1.05600941
5336.9000 1.04330933
5337.8000 1.03724444
5338.7000 1.01366341
5339.6000 0.95774579
5340.5000 0.92280906
5341.4000 0.95479262
5342.3000 1.01028931
5343.2000 1.03716159
5344.1000 1.04154027
5345.0000 1.02680111
5345.9000 1.01133454
5346.8000 1.01295626
5347.7000 1.0056541
5348.6000 0.98319513
5349.5000 0.97925568
5350.4000 1.01352012
5351.3000 1.04623342
5352.2000 1.04983509
5353.1000 1.04270935
5354.0000 1.05822539
5354.9000 1.08305573
5355.8000 1.09594429
5356.7000 1.09985054
5357.6000 1.09682
5358.5000 1.08904219
5359.4000 1.08292437
5360.3000 1.0728476
5361.2000 1.05559981
5362.1000 1.03101659
5363.0000 1.01883805
5363.9000 1.0029676
5364.8000 0.97802913
5365.7000 0.97952509
5366.6000 0.98602843
5367.5000 0.98150933
5368.4000 0.97561985
5369.3000 0.94291013
5370.2000 0.89566696
5371.1000 0.87764996
5372.0000 0.92327249
5372.9000 0.99382436
5373.8000 1.03362083
5374.7000 1.05422723
5375.6000 1.06050742
5376.5000 1.0495708
5377.4000 1.03761542
5378.3000 1.03400445
5379.2000 1.02988839
5380.1000 1.02085161
5381.0000 1.01667321
5381.9000 1.00702775
5382.8000 0.97873569
5383.7000 0.98018134
5384.6000 1.02339101
5385.5000 1.05038774
5386.4000 1.04738069
5387.3000 1.04154551
5388.2000 1.03604031
5389.1000 1.01675773
5390.0000 0.99764013
5390.9000 0.9850508
5391.8000 0.97220474
5392.7000 0.96357137
5393.6000 0.97291017
5394.5000 0.99479145
5395.4000 0.9994809
5396.3000 0.96279454
5397.2000 0.92622858
5398.1000 0.94337958
5399.0000 0.98076272
5399.9000 0.98510659
5400.8000 0.98649657
5401.7000 1.0058111
5402.6000 0.99809021
5403.5000 0.93713862
5404.4000 0.87579036
5405.3000 0.85838199
5406.2000 0.88900214
5407.1000 0.94685441
5408.0000 0.98513216
5408.9000 0.96891618
5409.8000 0.92933208
5410.7000 0.92642546
5411.6000 0.96895862
5412.5000 1.00855625
5413.4000 1.00915849
5414.3000 0.98018825
5415.2000 0.96464062
5416.1000 0.99283779
5417.0000 1.02895534
5417.9000 1.03734624
5418.8000 1.02786446
5419.7000 1.00975096
5420.6000 0.99311131
5421.5000 0.99663949
5422.4000 1.00170732
5423.3000 0.96795839
5424.2000 0.93365908
5425.1000 0.96495873
5426.0000 1.0274384
5426.9000 1.06024039
5427.8000 1.04563177
5428.7000 0.97904176
5429.6000 0.92419803
5430.5000 0.95592922
5431.4000 1.00853014
5432.3000 1.00811136
5433.2000 0.9761225
5434.1000 0.94780427
5435.0000 0.94696373
5435.9000 0.96769571
5436.8000 0.99984562
5437.7000 1.03728569
5438.6000 1.06568027
5439.5000 1.07142508
5440.4000 1.0622592
5441.3000 1.05300069
5442.2000 1.05433881
5443.1000 1.05127609
5444.0000 1.02119792
5444.9000 0.97484475
5445.8000 0.92810649
5446.7000 0.90344977
5447.6000 0.94540572
5448.5000 1.01400399
5449.4000 1.05318666
5450.3000 1.05784202
5451.2000 1.0487113
5452.1000 1.0424403
5453.0000 1.03124797
5453.9000 0.99995106
5454.8000 0.94222641
5455.7000 0.91701967
5456.6000 0.9677012
5457.5000 1.02979183
5458.4000 1.05443966
5459.3000 1.05415332
5460.2000 1.04402387
5461.1000 1.0205152
5462.0000 0.97181821
5462.9000 0.92712325
5463.8000 0.94155508
5464.7000 0.98943102
5465.6000 1.0061568
5466.5000 0.99872583
5467.4000 1.00744903
5468.3000 1.02527237
5469.2000 1.02626646
5470.1000 1.01520765
5471.0000 1.01701748
5471.9000 1.01628566
5472.8000 0.99496847
5473.7000 0.9812662
5474.6000 0.98244148
5475.5000 0.94611233
5476.4000 0.88341212
5477.3000 0.8874644
5478.2000 0.95054984
5479.1000 0.99610567
5480.0000 0.98695141
5480.9000 0.95284265
5481.8000 0.9516167
5482.7000 0.97538906
5483.6000 0.99966103
5484.5000 1.02693665
5485.4000 1.03852403
5486.3000 1.01613641
5487.2000 0.97629213
5488.1000 0.96524739
5489.0000 0.98545063
5489.9000 1.00455785
5490.8000 1.01634908
5491.7000 1.01871943
5492.6000 1.00483334
5493.5000 0.98593318
5494.4000 0.98929703
5495.3000 1.00189877
5496.2000 0.99700809
5497.1000 0.97816819
5498.0000 0.98531044
5498.9000 1.01648819
5499.8000 1.02472579
5500.7000 0.99886775
5501.6000 0.96769834
5502.5000 0.96242464
5503.4000 0.97567731
5504.3000 0.99407941
5505.2000 0.99104053
5506.1000 0.96878529
5507.0000 0.96771246
5507.9000 0.99139172
5508.8000 1.00131214
5509.7000 0.99539328
5510.6000 0.98975235
5511.5000 0.97172004
5512.4000 0.94703859
5513.3000 0.94991732
5514.2000 0.97224402
5515.1000 0.99137115
5516.0000 0.99986458
5516.9000 1.00428045
5517.8000 1.01222348
5518.7000 1.02030587
5519.6000 1.02169931
5520.5000 1.01800239
5521.4000 1.01453173
5522.3000 1.01327741
5523.2000 1.01618445
5524.1000 1.013381
5525.0000 1.00005233
5525.9000 0.97927946
5526.8000 0.94874346
5527.7000 0.90965801
5528.6000 0.90124428
5529.5000 0.95053077
5530.4000 0.99906874
5531.3000 1.01171172
5532.2000 1.00408125
5533.1000 0.99853563
5534.0000 0.98675859
5534.9000 0.96762305
5535.8000 0.97274756
5536.7000 0.99546903
5537.6000 0.99957484
5538.5000 0.9959563
5539.4000 1.00075841
5540.3000 1.00960314
5541.2000 1.0148505
5542.1000 1.00480115
5543.0000 0.97966605
5543.9000 0.97001284
5544.8000 0.9824664
5545.7000 0.98885143
5546.6000 0.98825759
5547.5000 1.00123405
5548.4000 1.01962233
5549.3000 1.02554536
5550.2000 1.02386153
5551.1000 1.02268577
5552.0000 1.02323139
5552.9000 1.00528228
5553.8000 0.98543793
5554.7000 0.97895116
5555.6000 0.98718083
5556.5000 1.0097959
5557.4000 1.017313
5558.3000 1.00736761
5559.2000 0.99781519
5560.1000 0.98709333
5561.0000 0.98034
5561.9000 0.970474
5562.8000 0.95412517
5563.7000 0.95081389
5564.6000 0.95506495
5565.5000 0.95150214
5566.4000 0.94857991
5567.3000 0.95845991
5568.2000 0.96383786
5569.1000 0.94524926
5570.0000 0.93605417
5570.9000 0.96475375
5571.8000 0.95988148
5572.7000 0.91602665
5573.6000 0.9182806
5574.5000 0.96645415
5575.4000 0.97106546
5576.3000 0.96769732
5577.2000 0.98405731
5578.1000 0.99372762
5579.0000 0.99732757
5579.9000 1.00422871
5580.8000 0.99686378
5581.7000 0.97801667
5582.6000 0.97678071
5583.5000 0.99563128
5584.4000 0.99393702
5585.3000 0.95779765
5586.2000 0.89898181
5587.1000 0.85250443
5588.0000 0.84597403
5588.9000 0.86293012
5589.8000 0.89854044
5590.7000 0.94224101
5591.6000 0.96114874
5592.5000 0.95614403
5593.4000 0.9383688
5594.3000 0.91331083
5595.2000 0.93447047
5596.1000 0.98527527
5597.0000 0.98678517
5597.9000 0.93825179
5598.8000 0.91355324
5599.7000 0.92487448
5600.6000 0.92132193
5601.5000 0.90472335
5602.4000 0.89009416
5603.3000 0.90740621
5604.2000 0.96591544
5605.1000 1.00954771
5606.0000 1.02090037
5606.9000 1.02083862
5607.8000 1.01661587
5608.7000 1.01580286
5609.6000 1.0182296
5610.5000 1.02411306
5611.4000 1.02678585
5612.3000 1.0251807
5613.2000 1.01772988
5614.1000 0.96800935
5615.0000 0.87972462
5615.9000 0.84718025
5616.8000 0.8983174
5617.7000 0.9533307
5618.6000 0.96919358
5619.5000 0.9685871
5620.4000 0.97871637
5621.3000 0.99261761
5622.2000 0.99512732
5623.1000 0.97299367
5624.0000 0.92017567
5624.9000 0.8960883
5625.8000 0.93386787
5626.7000 0.96987784
5627.6000 0.97651786
5628.5000 0.98656863
5629.4000 1.00616741
5630.3000 1.01406074
5631.2000 1.016222
5632.1000 1.00971854
5633.0000 0.99135202
5633.9000 0.9707706
5634.8000 0.96960247
5635.7000 0.97058356
5636.6000 0.96079898
5637.5000 0.9479574
5638.4000 0.95379996
5639.3000 0.97267359
5640.2000 0.97412294
5641.1000 0.95706755
5642.0000 0.95898032
5642.9000 0.97704828
5643.8000 0.97839135
5644.7000 0.98324931
5645.6000 0.99113947
5646.5000 1.0023756
5647.4000 1.01122105
5648.3000 1.00523317
5649.2000 0.98548979
5650.1000 0.9655267
5651.0000 0.9681744
5651.9000 0.98857129
5652.8000 0.99777734
5653.7000 0.97534126
5654.6000 0.9423635
5655.5000 0.94121993
5656.4000 0.96969885
5657.3000 0.95194548
5658.2000 0.89096922
5659.1000 0.88032717
5660.0000 0.93335515
5660.9000 0.96153641
5661.8000 0.94259238
5662.7000 0.92441684
5663.6000 0.94184846
5664.5000 0.96987277
5665.4000 0.98657566
5666.3000 0.98067856
5667.2000 0.95975953
5668.1000 0.96440977
5669.0000 0.97106302
5669.9000 0.97824854
5670.8000 0.98759592
5671.7000 0.99691236
5672.6000 1.00978386
5673.5000 1.01600671
5674.4000 0.99503785
5675.3000 0.97069281
5676.2000 0.97795618
5677.1000 0.99993086
5678.0000 0.99520952
5678.9000 0.97796863
5679.8000 0.98357183
5680.7000 0.98103017
5681.6000 0.95456201
5682.5000 0.9118669
5683.4000 0.92123801
5684.3000 0.94188523
5685.2000 0.96620464
5686.1000 0.95306951
5687.0000 0.93325996
5687.9000 0.93162006
5688.8000 0.93955296
5689.7000 0.95610845
5690.6000 0.95151788
5691.5000 0.96524733
5692.4000 0.97929728
5693.3000 0.97844118
5694.2000 0.97588265
5695.1000 0.97438204
5696.0000 0.99063689
5696.9000 0.9989447
5697.8000 0.98452073
5698.7000 0.96329892
5699.6000 0.96408087
5700.5000 0.95197606
5701.4000 0.93099576
5702.3000 0.94409347
5703.2000 0.96645564
5704.1000 0.97037148
5705.0000 0.94911218
5705.9000 0.91949242
5706.8000 0.91807604
5707.7000 0.91875315
5708.6000 0.88846505
5709.5000 0.8736757
5710.4000 0.89152509
5711.3000 0.89811766
5712.2000 0.91392922
5713.1000 0.95125735
5714.0000 0.96921849
5714.9000 0.9732374
5715.8000 0.98140556
5716.7000 0.98962224
5717.6000 0.97732133
5718.5000 0.97108275
5719.4000 0.98469567
5720.3000 0.99008346
5721.2000 0.991404
5722.1000 1.00880408
5723.0000 1.02263391
5723.9000 1.01297307
5724.8000 1.00447476
5725.7000 1.0067935
5726.6000 1.000857
5727.5000 0.9915095
5728.4000 1.00346053
5729.3000 1.00907576
5730.2000 1.0024569
5731.1000 0.9883517
5732.0000 0.9789682
5732.9000 0.98740637
5733.8000 1.00750685
5734.7000 1.01088893
5735.6000 1.00931513
5736.5000 1.00753284
5737.4000 1.00316834
5738.3000 1.00488853
5739.2000 1.01349032
5740.1000 1.01466846
5741.0000 1.01040804
5741.9000 0.99918193
5742.8000 0.9903416
5743.7000 0.99709177
5744.6000 1.00726366
5745.5000 1.00895524
5746.4000 0.99617982
5747.3000 0.97652787
5748.2000 0.96890223
5749.1000 0.97302061
5750.0000 0.98413008
5750.9000 0.98340756
5751.8000 0.96246499
5752.7000 0.92737222
5753.6000 0.90483767
5754.5000 0.9182303
5755.4000 0.95266587
5756.3000 0.97858864
5757.2000 0.99536294
5758.1000 1.00029981
5759.0000 0.99415028
5759.9000 0.97698724
5760.8000 0.95504498
5761.7000 0.94343549
5762.6000 0.92719758
5763.5000 0.93344408
5764.4000 0.97908401
5765.3000 1.00194812
5766.2000 1.00810516
5767.1000 1.00689054
5768.0000 1.00597668
5768.9000 1.00620544
5769.8000 1.00013673
5770.7000 0.99472326
5771.6000 0.98119867
5772.5000 0.97009808
5773.4000 0.9754324
5774.3000 0.97283632
5775.2000 0.97143888
5776.1000 0.98910487
5777.0000 1.00112164
5777.9000 0.99185312
5778.8000 0.97902048
5779.7000 0.96215314
5780.6000 0.93188059
5781.5000 0.91529489
5782.4000 0.92036772
5783.3000 0.93044913
5784.2000 0.92051756
5785.1000 0.90920883
5786.0000 0.92607248
5786.9000 0.96089488
5787.8000 0.97638601
5788.7000 0.98164457
5789.6000 0.98087382
5790.5000 0.96286201
5791.4000 0.95074809
5792.3000 0.95529467
5793.2000 0.9630115
5794.1000 0.97385854
5795.0000 0.98914421
5795.9000 0.99408197
5796.8000 0.98212701
5797.7000 0.96623695
5798.6000 0.96507138
5799.5000 0.97588331
5800.4000 0.99144268
5801.3000 1.00004458
5802.2000 0.99319285
5803.1000 0.98081195
5804.0000 0.96019959
5804.9000 0.9427861
5805.8000 0.93744338
5806.7000 0.94240928
5807.6000 0.95616621
5808.5000 0.96221846
5809.4000 0.96241254
5810.3000 0.97479868
5811.2000 0.98226941
5812.1000 0.97738808
5813.0000 0.97527134
5813.9000 0.97493964
5814.8000 0.96682602
5815.7000 0.94655782
5816.6000 0.93496871
5817.5000 0.95689821
5818.4000 0.98831922
5819.3000 0.99802142
5820.2000 0.99516755
5821.1000 0.9923293
5822.0000 0.99251825
5822.9000 0.99318421
5823.8000 0.99700129
5824.7000 1.0006988
5825.6000 0.9945873
5826.5000 0.98769456
5827.4000 0.98363876
5828.3000 0.98208952
5829.2000 0.98094368
5830.1000 0.98292518
5831.0000 0.98172098
5831.9000 0.97538954
5832.8000 0.9770543
5833.7000 0.98018616
5834.6000 0.97318339
5835.5000 0.97014475
5836.4000 0.97774947
5837.3000 0.97706854
5838.2000 0.96912116
5839.1000 0.97092825
5840.0000 0.98233378
5840.9000 0.98652989
5841.8000 0.98262966
5842.7000 0.9838112
5843.6000 0.98737824
5844.5000 0.98610771
5845.4000 0.97984606
5846.3000 0.96919936
5847.2000 0.96362793
5848.1000 0.96309817
5849.0000 0.96744603
5849.9000 0.97647452
5850.8000 0.97691453
5851.7000 0.96742237
5852.6000 0.95088243
5853.5000 0.93782288
5854.4000 0.94458485
5855.3000 0.94932145
5856.2000 0.92565346
5857.1000 0.88335073
5858.0000 0.87913835
5858.9000 0.90544206
5859.8000 0.92479897
5860.7000 0.94028682
5861.6000 0.94272298
5862.5000 0.94043583
5863.4000 0.95315957
5864.3000 0.96044469
5865.2000 0.961474
5866.1000 0.95356971
5867.0000 0.95044279
5867.9000 0.96209443
5868.8000 0.97776562
5869.7000 0.98700708
5870.6000 0.98509264
5871.5000 0.98207605
5872.4000 0.97346163
5873.3000 0.96566975
5874.2000 0.96951473
5875.1000 0.96560436
5876.0000 0.9615038
5876.9000 0.97260809
5877.8000 0.98015279
5878.7000 0.97804826
5879.6000 0.96659857
5880.5000 0.95477384
5881.4000 0.96150935
5882.3000 0.96588326
5883.2000 0.95086724
5884.1000 0.94137418
5885.0000 0.94897366
5885.9000 0.96070218
5886.8000 0.95885551
5887.7000 0.92921746
5888.6000 0.84734249
5889.5000 0.72431189
5890.4000 0.69856066
5891.3000 0.79120034
5892.2000 0.86844891
5893.1000 0.89485002
5894.0000 0.89609087
5894.9000 0.83368707
5895.8000 0.74949855
5896.7000 0.78067178
5897.6000 0.87019557
5898.5000 0.91770768
5899.4000 0.9248172
5900.3000 0.93602866
5901.2000 0.9542281
5902.1000 0.95441669
5903.0000 0.95908624
5903.9000 0.96161723
5904.8000 0.9506793
5905.7000 0.93678254
5906.6000 0.93372333
5907.5000 0.9455604
5908.4000 0.96081084
5909.3000 0.95897436
5910.2000 0.95645201
5911.1000 0.9648034
5912.0000 0.96483171
5912.9000 0.94563848
5913.8000 0.91739154
5914.7000 0.90808117
5915.6000 0.91731673
5916.5000 0.92783409
5917.4000 0.94626832
5918.3000 0.95516372
5919.2000 0.95587921
5920.1000 0.96038836
5921.0000 0.95949382
5921.9000 0.95972675
5922.8000 0.95342451
5923.7000 0.95152485
5924.6000 0.95649719
5925.5000 0.96292591
5926.4000 0.96465421
5927.3000 0.94272804
5928.2000 0.9217993
5929.1000 0.90857178
5930.0000 0.89701706
5930.9000 0.91752511
5931.8000 0.9483186
5932.7000 0.95746142
5933.6000 0.94199598
5934.5000 0.92808104
5935.4000 0.94016314
5936.3000 0.95422614
5937.2000 0.97005028
5938.1000 0.97457016
5939.0000 0.97094202
5939.9000 0.96287882
5940.8000 0.94741172
5941.7000 0.94274026
5942.6000 0.94369274
5943.5000 0.9463892
5944.4000 0.95144123
5945.3000 0.96169895
5946.2000 0.96209002
5947.1000 0.95053929
5948.0000 0.92559665
5948.9000 0.91033709
5949.8000 0.92891079
5950.7000 0.94978136
5951.6000 0.94458532
5952.5000 0.92819375
5953.4000 0.92672193
5954.3000 0.94902265
5955.2000 0.95430946
5956.1000 0.94173723
5957.0000 0.93182319
5957.9000 0.93481255
5958.8000 0.94354469
5959.7000 0.94964737
5960.6000 0.95324004
5961.5000 0.96178627
5962.4000 0.96555805
5963.3000 0.96630114
5964.2000 0.96483529
5965.1000 0.95802939
5966.0000 0.95212364
5966.9000 0.95854443
5967.8000 0.96093345
5968.7000 0.96649754
5969.6000 0.97098273
5970.5000 0.96856529
5971.4000 0.96839577
5972.3000 0.97119981
5973.2000 0.97173786
5974.1000 0.96464229
5975.0000 0.94327635
5975.9000 0.91900808
5976.8000 0.91403717
5977.7000 0.92892069
5978.6000 0.94199002
5979.5000 0.95566404
5980.4000 0.96503985
5981.3000 0.96340472
5982.2000 0.95015162
5983.1000 0.92690003
5984.0000 0.90119708
5984.9000 0.89945692
5985.8000 0.91498327
5986.7000 0.91690058
5987.6000 0.91851228
5988.5000 0.93288058
5989.4000 0.94370204
5990.3000 0.9449541
5991.2000 0.94377792
5992.1000 0.939376
5993.0000 0.94621998
5993.9000 0.9535116
5994.8000 0.95861936
5995.7000 0.94898015
5996.6000 0.92424238
5997.5000 0.89861435
5998.4000 0.90449017
5999.3000 0.93056887
6000.2000 0.94198596
6001.1000 0.93046683
6002.0000 0.91724396
6002.9000 0.90922362
6003.8000 0.91988671
6004.7000 0.92262483
6005.6000 0.91763282
6006.5000 0.91415882
6007.4000 0.88793188
6008.3000 0.86433405
6009.2000 0.88744485
6010.1000 0.93303853
6011.0000 0.94896299
6011.9000 0.93200648
6012.8000 0.9059177
6013.7000 0.9000982
6014.6000 0.91755235
6015.5000 0.91417688
6016.4000 0.89092886
6017.3000 0.89941669
6018.2000 0.9209587
6019.1000 0.90907449
6020.0000 0.87470901
6020.9000 0.87544692
6021.8000 0.88529915
6022.7000 0.89751381
6023.6000 0.89619219
6024.5000 0.90059537
6025.4000 0.92265654
6026.3000 0.92396224
6027.2000 0.91074741
6028.1000 0.92022878
6029.0000 0.92745805
6029.9000 0.92773622
6030.8000 0.93539554
6031.7000 0.94444948
6032.6000 0.94819403
6033.5000 0.94370484
6034.4000 0.94151109
6035.3000 0.9389677
6036.2000 0.94479585
6037.1000 0.94831747
6038.0000 0.94712496
6038.9000 0.94612563
6039.8000 0.95082706
6040.7000 0.94987619
6041.6000 0.93442619
6042.5000 0.92345333
6043.4000 0.93858892
6044.3000 0.94541758
6045.2000 0.94449627
6046.1000 0.93771738
6047.0000 0.94393736
6047.9000 0.94857985
6048.8000 0.94668317
6049.7000 0.95233148
6050.6000 0.94917136
6051.5000 0.95313591
6052.4000 0.94697964
6053.3000 0.93031281
6054.2000 0.92278212
6055.1000 0.9180631
6056.0000 0.90822405
6056.9000 0.91501117
6057.8000 0.93563187
6058.7000 0.94399965
6059.6000 0.95095545
6060.5000 0.95064968
6061.4000 0.9427622
6062.3000 0.94136256
6063.2000 0.93686682
6064.1000 0.92042845
6065.0000 0.89704943
6065.9000 0.89382535
6066.8000 0.92734689
6067.7000 0.94484997
6068.6000 0.95460069
6069.5000 0.95233846
6070.4000 0.94387364
6071.3000 0.93758273
6072.2000 0.94357103
6073.1000 0.94588768
6074.0000 0.95101511
6074.9000 0.95106453
6075.8000 0.94370669
6076.7000 0.93300444
6077.6000 0.90520781
6078.5000 0.88213342
6079.4000 0.89427483
6080.3000 0.92034793
6081.2000 0.92562354
6082.1000 0.91769153
6083.0000 0.91796345
6083.9000 0.91598403
6084.8000 0.90707791
6085.7000 0.90112776
6086.6000 0.90726697
6087.5000 0.92373115
6088.4000 0.92551309
6089.3000 0.9137814
6090.2000 0.90429455
6091.1000 0.90521467
6092.0000 0.9055987
6092.9000 0.90968812
6093.8000 0.91244495
6094.7000 0.92183518
6095.6000 0.9231813
6096.5000 0.91424525
6097.4000 0.91695243
6098.3000 0.92062259
6099.2000 0.92313862
6100.1000 0.92285943
6101.0000 0.90030682
6101.9000 0.84728479
6102.8000 0.79660362
6103.7000 0.83432889
6104.6000 0.90466177
6105.5000 0.92370999
6106.4000 0.91754442
6107.3000 0.91230106
6108.2000 0.90595901
6109.1000 0.91821623
6110.0000 0.92603219
6110.9000 0.9185043
6111.8000 0.91047311
6112.7000 0.91751158
6113.6000 0.92334425
6114.5000 0.92357963
6115.4000 0.9160096
6116.3000 0.90205383
6117.2000 0.90841669
6118.1000 0.92697853
6119.0000 0.92391694
6119.9000 0.90787023
6120.8000 0.89808244
6121.7000 0.85819632
6122.6000 0.83967847
6123.5000 0.8852402
6124.4000 0.91314441
6125.3000 0.91525668
6126.2000 0.91783291
6127.1000 0.91301364
6128.0000 0.89924186
6128.9000 0.89569563
6129.8000 0.89967626
6130.7000 0.89893311
6131.6000 0.89798987
6132.5000 0.90773702
6133.4000 0.92306709
6134.3000 0.92057985
6135.2000 0.89335209
6136.1000 0.83410197
6137.0000 0.78625005
6137.9000 0.80238342
6138.8000 0.86612654
6139.7000 0.90836453
6140.6000 0.9023819
6141.5000 0.86303705
6142.4000 0.85503989
6143.3000 0.88837117
6144.2000 0.9031918
6145.1000 0.9059251
6146.0000 0.91451639
6146.9000 0.91028398
6147.8000 0.89088959
6148.7000 0.88840091
6149.6000 0.89898622
6150.5000 0.9086014
6151.4000 0.90882862
6152.3000 0.90682226
6153.2000 0.90785795
6154.1000 0.89642555
6155.0000 0.87810832
6155.9000 0.88281989
6156.8000 0.89547426
6157.7000 0.89885753
6158.6000 0.90625727
6159.5000 0.89737552
6160.4000 0.86636484
6161.3000 0.80475402
6162.2000 0.76087856
6163.1000 0.78849977
6164.0000 0.8328414
6164.9000 0.86864656
6165.8000 0.87356979
6166.7000 0.88084805
6167.6000 0.89003682
6168.5000 0.85877132
6169.4000 0.81246364
6170.3000 0.81874555
6171.2000 0.86873794
6172.1000 0.90148324
6173.0000 0.90202028
6173.9000 0.89648575
6174.8000 0.89340526
6175.7000 0.88394022
6176.6000 0.87499034
6177.5000 0.88189995
6178.4000 0.90241557
6179.3000 0.90431184
6180.2000 0.89903069
6181.1000 0.90472621
6182.0000 0.90153372
6182.9000 0.90345925
6183.8000 0.90873951
6184.7000 0.90827215
6185.6000 0.89352632
6186.5000 0.88497925
6187.4000 0.887173
6188.3000 0.88899702
6189.2000 0.89917982
6190.1000 0.88544387
6191.0000 0.83970499
6191.9000 0.83492333
6192.8000 0.88116974
6193.7000 0.90659177
6194.6000 0.90367794
6195.5000 0.90254682
6196.4000 0.91199565
6197.3000 0.91770333
6198.2000 0.91230112
6199.1000 0.90131044
6200.0000 0.8892433
6200.9000 0.89102596
6201.8000 0.91173726
6202.7000 0.91893899
6203.6000 0.92345279
6204.5000 0.91987485
6205.4000 0.92114258
6206.3000 0.92181152
6207.2000 0.92633289
6208.1000 0.91997194
6209.0000 0.91576993
6209.9000 0.92265707
6210.8000 0.91945869
6211.7000 0.90800601
6212.6000 0.89568895
6213.5000 0.86894095
6214.4000 0.86415762
6215.3000 0.86531144
6216.2000 0.8821134
6217.1000 0.89503992
6218.0000 0.89297336
6218.9000 0.87398052
6219.8000 0.86115307
6220.7000 0.87605029
6221.6000 0.89743191
6222.5000 0.90958911
6223.4000 0.90438986
6224.3000 0.90379661
6225.2000 0.90329218
6226.1000 0.89585304
6227.0000 0.8908602
6227.9000 0.8914777
6228.8000 0.88100004
6229.7000 0.85753459
6230.6000 0.83212441
6231.5000 0.8366372
6232.4000 0.85575509
6233.3000 0.87134308
6234.2000 0.8950544
6235.1000 0.9095248
6236.0000 0.90584254
6236.9000 0.88968241
6237.8000 0.87143362
6238.7000 0.87256312
6239.6000 0.88176447
6240.5000 0.8779375
6241.4000 0.88829154
6242.3000 0.88716149
6243.2000 0.86039209
6244.1000 0.84859282
6245.0000 0.84840667
6245.9000 0.84100699
6246.8000 0.83689094
6247.7000 0.86142558
6248.6000 0.88846815
6249.5000 0.89838302
6250.4000 0.90068012
6251.3000 0.88171983
6252.2000 0.85214335
6253.1000 0.82717603
6254.0000 0.82416147
6254.9000 0.83772206
6255.8000 0.8474589
6256.7000 0.84827197
6257.6000 0.85002106
6258.5000 0.84481597
6259.4000 0.86144078
6260.3000 0.87129498
6261.2000 0.88281775
6262.1000 0.891339
6263.0000 0.89302349
6263.9000 0.88605589
6264.8000 0.86977464
6265.7000 0.8651765
6266.6000 0.88444048
6267.5000 0.89455628
6268.4000 0.89071977
6269.3000 0.88003415
6270.2000 0.87663931
6271.1000 0.88002503
6272.0000 0.88206118
6272.9000 0.89098203
6273.8000 0.89987606
6274.7000 0.9071995
6275.6000 0.91043705
6276.5000 0.89867908
6277.4000 0.89200592
6278.3000 0.88759166
6279.2000 0.88081783
6280.1000 0.86790562
6281.0000 0.87286657
6281.9000 0.88755113
6282.8000 0.89554244
6283.7000 0.9048264
6284.6000 0.89923245
6285.5000 0.89526737
6286.4000 0.89362425
6287.3000 0.90090895
6288.2000 0.90772456
6289.1000 0.90407187
6290.0000 0.88691312
6290.9000 0.86684179
6291.8000 0.8696304
6292.7000 0.87704718
6293.6000 0.88409573
6294.5000 0.88680655
6295.4000 0.88934457
6296.3000 0.88775289
6297.2000 0.87334406
6298.1000 0.8594051
6299.0000 0.8636421
6299.9000 0.86312687
6300.8000 0.84126979
6301.7000 0.81273293
6302.6000 0.82335132
6303.5000 0.86342394
6304.4000 0.8843255
6305.3000 0.8873921
6306.2000 0.88879341
6307.1000 0.89309663
6308.0000 0.89188862
6308.9000 0.88273734
6309.8000 0.87128556
6310.7000 0.8616488
6311.6000 0.86067289
6312.5000 0.86678189
6313.4000 0.86453885
6314.3000 0.84339911
6315.2000 0.82829785
6316.1000 0.84149891
6317.0000 0.84395617
6317.9000 0.81557733
6318.8000 0.80673188
6319.7000 0.83122569
6320.6000 0.85305399
6321.5000 0.85220468
6322.4000 0.84477448
6323.3000 0.85225374
6324.2000 0.8712194
6325.1000 0.88204128
6326.0000 0.87824261
6326.9000 0.87185377
6327.8000 0.86651695
6328.7000 0.86440581
6329.6000 0.85955018
6330.5000 0.84821939
6331.4000 0.84932101
6332.3000 0.86120284
6333.2000 0.87099653
6334.1000 0.8581025
6335.0000 0.8301456
6335.9000 0.81230044
6336.8000 0.81312644
6337.7000 0.83167857
6338.6000 0.83942288
6339.5000 0.8426885
6340.4000 0.85775197
6341.3000 0.86428565
6342.2000 0.85799766
6343.1000 0.83693957
6344.0000 0.82136101
6344.9000 0.8349725
6345.8000 0.85060686
6346.7000 0.8500852
6347.6000 0.85820174
6348.5000 0.86252546
6349.4000 0.86617118
6350.3000 0.8680079
6351.2000 0.8743825
6352.1000 0.87670869
6353.0000 0.87104911
6353.9000 0.85924256
6354.8000 0.84193832
6355.7000 0.84043944
6356.6000 0.85284495
6357.5000 0.85413897
6358.4000 0.83823991
6359.3000 0.83289903
6360.2000 0.82814145
6361.1000 0.81689668
6362.0000 0.80390924
6362.9000 0.80044818
6363.8000 0.81675142
6364.7000 0.84054911
6365.6000 0.85580999
6366.5000 0.85626084
6367.4000 0.86179107
6368.3000 0.86301315
6369.2000 0.86279279
6370.1000 0.86164564
6371.0000 0.86021584
6371.9000 0.86280495
6372.8000 0.86775839
6373.7000 0.86734825
6374.6000 0.8648212
6375.5000 0.85734379
6376.4000 0.85730773
6377.3000 0.85836226
6378.2000 0.85937309
6379.1000 0.86109692
6380.0000 0.85790223
6380.9000 0.85380155
6381.8000 0.86430115
6382.7000 0.86547709
6383.6000 0.85260314
6384.5000 0.85076571
6385.4000 0.85785741
6386.3000 0.86450559
6387.2000 0.87365866
6388.1000 0.8731994
6389.0000 0.87332535
6389.9000 0.87626046
6390.8000 0.87504309
6391.7000 0.86370909
6392.6000 0.83173472
6393.5000 0.8087905
6394.4000 0.83373362
6395.3000 0.86251456
6396.2000 0.86814612
6397.1000 0.86280376
6398.0000 0.85579777
6398.9000 0.82113206
6399.8000 0.7754029
6400.7000 0.78687245
6401.6000 0.83738726
6402.5000 0.86187863
6403.4000 0.85946339
6404.3000 0.86051494
6405.2000 0.85742909
6406.1000 0.84444171
6407.0000 0.82243222
6407.9000 0.81095886
6408.8000 0.82541776
6409.7000 0.84102231
6410.6000 0.8292622
6411.5000 0.80391461
6412.4000 0.81398094
6413.3000 0.84081054
6414.2000 0.84862858
6415.1000 0.84548062
6416.0000 0.84669542
6416.9000 0.8487646
6417.8000 0.85026866
6418.7000 0.84206557
6419.6000 0.82076782
6420.5000 0.80160052
6421.4000 0.80573577
6422.3000 0.83558893
6423.2000 0.85943747
6424.1000 0.86647797
6425.0000 0.86733717
6425.9000 0.8677541
6426.8000 0.8687396
6427.7000 0.86985713
6428.6000 0.8675862
6429.5000 0.85361636
6430.4000 0.82764316
6431.3000 0.81850988
6432.2000 0.82597208
6433.1000 0.8363176
6434.0000 0.8542797
6434.9000 0.8692919
6435.8000 0.87270939
6436.7000 0.85975689
6437.6000 0.8310746
6438.5000 0.79673404
6439.4000 0.79418004
6440.3000 0.82603955
6441.2000 0.85364956
6442.1000 0.86559618
6443.0000 0.86760175
6443.9000 0.86998522
6444.8000 0.87219077
6445.7000 0.87056702
6446.6000 0.86900514
6447.5000 0.86619955
6448.4000 0.84307265
6449.3000 0.80031031
6450.2000 0.79071844
6451.1000 0.824727
6452.0000 0.85096043
6452.9000 0.85303968
6453.8000 0.84632623
6454.7000 0.83014911
6455.6000 0.80937225
6456.5000 0.80703741
6457.4000 0.83041728
6458.3000 0.85396123
6459.2000 0.85904807
6460.1000 0.8528074
6461.0000 0.83725619
6461.9000 0.80065477
6462.8000 0.78200078
6463.7000 0.81112552
6464.6000 0.84642994
6465.5000 0.8573817
6466.4000 0.85512537
6467.3000 0.85376185
6468.2000 0.84868896
6469.1000 0.83743083
6470.0000 0.83073461
6470.9000 0.82307011
6471.8000 0.81579757
6472.7000 0.8300246
6473.6000 0.84767991
6474.5000 0.84375709
6475.4000 0.83570248
6476.3000 0.84179747
6477.2000 0.85212964
6478.1000 0.85300839
6479.0000 0.84879416
6479.9000 0.84436256
6480.8000 0.83504856
6481.7000 0.81803888
6482.6000 0.81158769
6483.5000 0.82620859
6484.4000 0.84047693
6485.3000 0.84879321
6486.2000 0.8533234
6487.1000 0.84898174
6488.0000 0.84409738
6488.9000 0.84305906
6489.8000 0.84007001
6490.7000 0.8353951
6491.6000 0.82512742
6492.5000 0.80959636
6493.4000 0.77758044
6494.3000 0.73757416
6495.2000 0.72421765
6496.1000 0.73257172
6497.0000 0.76111525
6497.9000 0.79259801
6498.8000 0.7987057
6499.7000 0.80044007
6500.6000 0.81320041
6501.5000 0.82530713
6502.4000 0.83510172
6503.3000 0.83936441
6504.2000 0.84066957
6505.1000 0.84704852
6506.0000 0.85341209
6506.9000 0.85353684
6507.8000 0.84774017
6508.7000 0.84602672
6509.6000 0.85143393
6510.5000 0.85145074
6511.4000 0.84717017
6512.3000 0.84236699
6513.2000 0.83630663
6514.1000 0.83360791
6515.0000 0.82775921
6515.9000 0.81865633
6516.8000 0.81515515
6517.7000 0.81336784
6518.6000 0.80775768
6519.5000 0.81597847
6520.4000 0.83260846
6521.3000 0.83628303
6522.2000 0.83831286
6523.1000 0.84249473
6524.0000 0.83753753
6524.9000 0.82971644
6525.8000 0.81872433
6526.7000 0.80164301
6527.6000 0.80029851
6528.5000 0.81775665
6529.4000 0.83075273
6530.3000 0.83345991
6531.2000 0.82785678
6532.1000 0.82143188
6533.0000 0.81664562
6533.9000 0.81250721
6534.8000 0.81294566
6535.7000 0.82263845
6536.6000 0.82825655
6537.5000 0.82426471
6538.4000 0.82063615
6539.3000 0.82360888
6540.2000 0.82593858
6541.1000 0.82400185
6542.0000 0.82179767
6542.9000 0.81814629
6543.8000 0.80959553
6544.7000 0.79760098
6545.6000 0.78096384
6546.5000 0.77303267
6547.4000 0.78988081
6548.3000 0.80776143
6549.2000 0.81326056
6550.1000 0.8094399
6551.0000 0.80124295
6551.9000 0.7943331
6552.8000 0.79048532
6553.7000 0.78156072
6554.6000 0.7645734
6555.5000 0.74912369
6556.4000 0.74492013
6557.3000 0.74809247
6558.2000 0.74423641
6559.1000 0.72207808
6560.0000 0.6843375
6560.9000 0.61739916
6561.8000 0.51192278
6562.7000 0.43471253
6563.6000 0.47899348
6564.5000 0.59616846
6565.4000 0.67690897
6566.3000 0.7194376
6567.2000 0.73949021
6568.1000 0.74347562
6569.0000 0.73949105
6569.9000 0.75043935
6570.8000 0.76987123
6571.7000 0.77650917
6572.6000 0.77298856
6573.5000 0.7652337
6574.4000 0.76193184
6575.3000 0.76855385
6576.2000 0.79037344
6577.1000 0.80793148
6578.0000 0.81498241
6578.9000 0.81108844
6579.8000 0.80339855
6580.7000 0.79965508
6581.6000 0.80217719
6582.5000 0.8038519
6583.4000 0.8020947
6584.3000 0.80714482
6585.2000 0.81054682
6586.1000 0.80512941
6587.0000 0.79814482
6587.9000 0.8010934
6588.8000 0.81350201
6589.7000 0.81594658
6590.6000 0.80964178
6591.5000 0.7887221
6592.4000 0.75659543
6593.3000 0.74353224
6594.2000 0.76590824
6595.1000 0.80286652
6596.0000 0.81746656
6596.9000 0.80901384
6597.8000 0.79528862
6598.7000 0.79406899
6599.6000 0.80235016
6600.5000 0.81692475
6601.4000 0.82385117
6602.3000 0.82647616
6603.2000 0.82043439
6604.1000 0.81346869
6605.0000 0.81343788
6605.9000 0.8159886
6606.8000 0.81311476
6607.7000 0.80361992
6608.6000 0.79476696
6609.5000 0.79780972
6610.4000 0.81493521
6611.3000 0.82383543
6612.2000 0.82076508
6613.1000 0.8181901
6614.0000 0.81825584
6614.9000 0.82307649
6615.8000 0.82642007
6616.7000 0.82067817
6617.6000 0.81325126
6618.5000 0.81171352
6619.4000 0.81643194
6620.3000 0.82355195
6621.2000 0.82401443
6622.1000 0.82484066
6623.0000 0.82241696
6623.9000 0.81404281
6624.8000 0.80824065
6625.7000 0.81269735
6626.6000 0.81191474
6627.5000 0.80730605
6628.4000 0.80829418
6629.3000 0.812235
6630.2000 0.81602645
6631.1000 0.8086012
6632.0000 0.79899752
6632.9000 0.78366655
6633.8000 0.76518863
6634.7000 0.77417111
6635.6000 0.79762673
6636.5000 0.81373793
6637.4000 0.81884485
6638.3000 0.81261194
6639.2000 0.80569094
6640.1000 0.80500567
6641.0000 0.80808002
6641.9000 0.80760664
6642.8000 0.79106027
6643.7000 0.77882206
6644.6000 0.79328287
6645.5000 0.80494678
6646.4000 0.80565417
6647.3000 0.80906546
6648.2000 0.81775689
6649.1000 0.8217181
6650.0000 0.81987578
6650.9000 0.81331754
6651.8000 0.80689174
6652.7000 0.80399686
6653.6000 0.80513841
6654.5000 0.8039543
6655.4000 0.81065148
6656.3000 0.81733948
6657.2000 0.81513888
6658.1000 0.81462771
6659.0000 0.81060821
6659.9000 0.80194545
6660.8000 0.79631811
6661.7000 0.79029709
6662.6000 0.77355123
6663.5000 0.761868
6664.4000 0.77505809
6665.3000 0.78621894
6666.2000 0.78783661
6667.1000 0.78647941
6668.0000 0.7919957
6668.9000 0.80080372
6669.8000 0.80180043
6670.7000 0.80169564
6671.6000 0.80451936
6672.5000 0.79849207
6673.4000 0.79864436
6674.3000 0.80108029
6675.2000 0.79967678
6676.1000 0.79305625
6677.0000 0.77319443
6677.9000 0.75150573
6678.8000 0.76184553
6679.7000 0.78526121
6680.6000 0.79369569
6681.5000 0.80150205
6682.4000 0.80644733
6683.3000 0.80856359
6684.2000 0.80915314
6685.1000 0.81127101
6686.0000 0.80795979
6686.9000 0.80635893
6687.8000 0.80047387
6688.7000 0.8028816
6689.6000 0.80959588
6690.5000 0.80508399
6691.4000 0.79911959
6692.3000 0.80188149
6693.2000 0.80307978
6694.1000 0.79919237
6695.0000 0.78862172
6695.9000 0.77831268
6696.8000 0.7863915
6697.7000 0.79164326
6698.6000 0.79139572
6699.5000 0.79814118
6700.4000 0.80029565
6701.3000 0.79993558
6702.2000 0.8003099
6703.1000 0.79282194
6704.0000 0.78516036
6704.9000 0.78076285
6705.8000 0.78277165
6706.7000 0.78356987
6707.6000 0.78007507
6708.5000 0.78714681
6709.4000 0.79579091
6710.3000 0.79574227
6711.2000 0.79365182
6712.1000 0.78349185
6713.0000 0.77229548
6713.9000 0.77614516
6714.8000 0.78105521
6715.7000 0.77280366
6716.6000 0.75584209
6717.5000 0.74729109
6718.4000 0.75826573
6719.3000 0.77719575
6720.2000 0.78707063
6721.1000 0.78487891
6722.0000 0.78234172
6722.9000 0.78793675
6723.8000 0.78792781
6724.7000 0.77924639
6725.6000 0.77140784
6726.5000 0.77294672
6727.4000 0.78452015
6728.3000 0.79131967
6729.2000 0.79067469
6730.1000 0.78963667
6731.0000 0.79337966
6731.9000 0.7936753
6732.8000 0.78634107
6733.7000 0.78263867
6734.6000 0.7862547
6735.5000 0.79078913
6736.4000 0.78947431
6737.3000 0.78159535
6738.2000 0.77726096
6739.1000 0.78165501
6740.0000 0.79046273
6740.9000 0.79313147
6741.8000 0.78658205
6742.7000 0.78093821
6743.6000 0.7781769
6744.5000 0.77788472
6745.4000 0.77714837
6746.3000 0.78103626
6747.2000 0.78436947
6748.1000 0.78025317
6749.0000 0.77031338
6749.9000 0.76387733
6750.8000 0.77338535
6751.7000 0.78221667
6752.6000 0.77869111
6753.5000 0.77963567
6754.4000 0.77937406
6755.3000 0.77622372
6756.2000 0.77909207
6757.1000 0.78272283
6758.0000 0.78799969
6758.9000 0.79202765
6759.8000 0.78856289
6760.7000 0.78542829
6761.6000 0.78513128
6762.5000 0.78665161
6763.4000 0.78531486
6764.3000 0.78100234
6765.2000 0.78145564
6766.1000 0.78073496
6767.0000 0.77596736
6767.9000 0.77134532
6768.8000 0.774369
6769.7000 0.78143698
6770.6000 0.78169721
6771.5000 0.77948046
6772.4000 0.78357166
6773.3000 0.79269725
6774.2000 0.79864925
6775.1000 0.79802603
6776.0000 0.79445475
6776.9000 0.79241246
6777.8000 0.79229885
6778.7000 0.79132992
6779.6000 0.79093868
6780.5000 0.79715466
6781.4000 0.80041993
6782.3000 0.79105681
6783.2000 0.77860755
6784.1000 0.77464563
6785.0000 0.77440494
6785.9000 0.77062267
6786.8000 0.76755023
6787.7000 0.77302885
6788.6000 0.78289318
6789.5000 0.78798282
6790.4000 0.78983742
6791.3000 0.790932
6792.2000 0.79174542
6793.1000 0.78292686
6794.0000 0.77276456
6794.9000 0.7722289
6795.8000 0.77078962
6796.7000 0.76884151
6797.6000 0.77075231
6798.5000 0.7748937
6799.4000 0.77806658
6800.3000 0.78193265
6801.2000 0.78766859
6802.1000 0.79034042
6803.0000 0.78430289
6803.9000 0.77790439
6804.8000 0.77548075
6805.7000 0.77728671
6806.6000 0.77401859
6807.5000 0.77356035
6808.4000 0.7764256
6809.3000 0.77266359
6810.2000 0.76518959
6811.1000 0.7707966
6812.0000 0.77959061
6812.9000 0.77940357
6813.8000 0.77693015
6814.7000 0.77654248
6815.6000 0.77766651
6816.5000 0.78277522
6817.4000 0.77968305
6818.3000 0.77535379
6819.2000 0.77282017
6820.1000 0.76833463
6821.0000 0.7687884
6821.9000 0.77829373
6822.8000 0.78376579
6823.7000 0.78394872
6824.6000 0.78144896
6825.5000 0.77972513
6826.4000 0.7768383
6827.3000 0.76452363
6828.2000 0.7504884
6829.1000 0.75600511
6830.0000 0.77555567
6830.9000 0.7853933
6831.8000 0.78334326
6832.7000 0.78317505
6833.6000 0.78567183
6834.5000 0.78367656
6835.4000 0.7830084
6836.3000 0.77501249
6837.2000 0.76371819
6838.1000 0.75417519
6839.0000 0.74815053
6839.9000 0.74576807
6840.8000 0.73711789
6841.7000 0.7215789
6842.6000 0.72144383
6843.5000 0.73435354
6844.4000 0.75265229
6845.3000 0.76500851
6846.2000 0.77217335
6847.1000 0.77666092
6848.0000 0.78163177
6848.9000 0.78021806
6849.8000 0.77599084
6850.7000 0.77810991
6851.6000 0.78651923
6852.5000 0.78985989
6853.4000 0.78237045
6854.3000 0.76205468
6855.2000 0.74643523
6856.1000 0.75358456
6857.0000 0.75895607
6857.9000 0.75191671
6858.8000 0.75566751
6859.7000 0.76797742
6860.6000 0.76659882
6861.5000 0.76159507
6862.4000 0.76430523
6863.3000 0.77505958
6864.2000 0.77877301
6865.1000 0.77781922
6866.0000 0.76847321
6866.9000 0.75056458
6867.8000 0.75077897
6868.7000 0.76712406
6869.6000 0.76852196
6870.5000 0.76133412
6871.4000 0.7663371
6872.3000 0.76448995
6873.2000 0.76819241
6874.1000 0.77025366
6875.0000 0.76114726
6875.9000 0.7624011
6876.8000 0.77603221
6877.7000 0.77391207
6878.6000 0.76547307
6879.5000 0.76410365
6880.4000 0.75825775
6881.3000 0.74352473
6882.2000 0.73422331
6883.1000 0.74324954
6884.0000 0.76233858
6884.9000 0.76436305
6885.8000 0.76897937
6886.7000 0.77662152
6887.6000 0.76678753
6888.5000 0.75648016
6889.4000 0.76040852
6890.3000 0.76147038
6891.2000 0.75692838
6892.1000 0.76552457
6893.0000 0.78235334
6893.9000 0.77384841
6894.8000 0.75440854
6895.7000 0.75023681
6896.6000 0.76412988
6897.5000 0.76367998
6898.4000 0.75321674
6899.3000 0.74450845
6900.2000 0.75589585
6901.1000 0.76923323
6902.0000 0.75869328
6902.9000 0.74541253
6903.8000 0.7537542
6904.7000 0.76049364
6905.6000 0.75115883
6906.5000 0.74719131
6907.4000 0.74824595
6908.3000 0.7541675
6909.2000 0.76772064
6910.1000 0.77164853
6911.0000 0.76878375
6911.9000 0.7635532
6912.8000 0.75644016
6913.7000 0.74754024
6914.6000 0.73618269
6915.5000 0.7415098
6916.4000 0.74349052
6917.3000 0.74576938
6918.2000 0.76031363
6919.1000 0.77235371
6920.0000 0.7696324
6920.9000 0.76842284
6921.8000 0.7686975
6922.7000 0.77092856
6923.6000 0.75997204
6924.5000 0.74104214
6925.4000 0.73822415
6926.3000 0.7476328
6927.2000 0.76073927
6928.1000 0.76984566
6929.0000 0.77547222
6929.9000 0.77209258
6930.8000 0.76490176
6931.7000 0.75799245
6932.6000 0.75067461
6933.5000 0.74947119
6934.4000 0.75620931
6935.3000 0.76153696
6936.2000 0.76097661
6937.1000 0.76080161
6938.0000 0.76234609
6938.9000 0.76779628
6939.8000 0.77340329
6940.7000 0.77213633
6941.6000 0.76564497
6942.5000 0.76720446
6943.4000 0.76422185
6944.3000 0.74957669
6945.2000 0.73959106
6946.1000 0.74914348
6947.0000 0.76204115
6947.9000 0.7609762
6948.8000 0.75568837
6949.7000 0.75119525
6950.6000 0.74722111
6951.5000 0.74325329
6952.4000 0.74749923
6953.3000 0.7518543
6954.2000 0.75041473
6955.1000 0.75273144
6956.0000 0.76220322
6956.9000 0.7630133
6957.8000 0.7586773
6958.7000 0.75735563
6959.6000 0.75343668
6960.5000 0.74980426
6961.4000 0.75448215
6962.3000 0.76014239
6963.2000 0.75934792
6964.1000 0.75606745
6965.0000 0.74836206
6965.9000 0.74895895
6966.8000 0.75254291
6967.7000 0.75175196
6968.6000 0.75227499
6969.5000 0.75656468
6970.4000 0.75832987
6971.3000 0.7547133
6972.2000 0.75368232
6973.1000 0.75841004
6974.0000 0.75726694
6974.9000 0.74247921
6975.8000 0.7202518
6976.7000 0.70648557
6977.6000 0.69985533
6978.5000 0.69232929
6979.4000 0.69941813
6980.3000 0.72421563
6981.2000 0.74778467
6982.1000 0.75752443
6983.0000 0.75766611
6983.9000 0.75463635
6984.8000 0.75059372
6985.7000 0.75390768
6986.6000 0.75775594
6987.5000 0.75466204
6988.4000 0.74608433
6989.3000 0.74099243
6990.2000 0.7460314
6991.1000 0.75389403
6992.0000 0.75601768
6992.9000 0.75588381
6993.8000 0.75817788
6994.7000 0.75675917
6995.6000 0.75537747
6996.5000 0.75960267
6997.4000 0.75936013
6998.3000 0.74726737
6999.2000 0.7318514
7000.1000 0.7296477
7001.0000 0.74051708
7001.9000 0.74527544
7002.8000 0.73869705
7003.7000 0.72877222
7004.6000 0.71916419
7005.5000 0.71232522
7006.4000 0.71551955
7007.3000 0.72713763
7008.2000 0.73761654
7009.1000 0.74792027
7010.0000 0.74943846
7010.9000 0.73916984
7011.8000 0.72888291
7012.7000 0.72488767
7013.6000 0.73105699
7014.5000 0.73525137
7015.4000 0.719863
7016.3000 0.69334567
7017.2000 0.68741018
7018.1000 0.71001154
7019.0000 0.73557192
7019.9000 0.74684352
7020.8000 0.74596536
7021.7000 0.73408592
7022.6000 0.71021253
7023.5000 0.69624275
7024.4000 0.70338988
7025.3000 0.72340381
7026.2000 0.74073005
7027.1000 0.74151391
7028.0000 0.73596054
7028.9000 0.73492742
7029.8000 0.73697233
7030.7000 0.74065834
7031.6000 0.74042082
7032.5000 0.73627883
7033.4000 0.7290259
7034.3000 0.72037703
7035.2000 0.72335202
7036.1000 0.73289275
7037.0000 0.73288369
7037.9000 0.72491884
7038.8000 0.7272296
7039.7000 0.74297726
7040.6000 0.75050229
7041.5000 0.75074649
7042.4000 0.74718273
7043.3000 0.74023217
7044.2000 0.73675841
7045.1000 0.73996425
7046.0000 0.74261552
7046.9000 0.74604446
7047.8000 0.7491284
7048.7000 0.74960989
7049.6000 0.74575526
7050.5000 0.74309212
7051.4000 0.7431711
7052.3000 0.73790485
7053.2000 0.73286015
7054.1000 0.73329353
7055.0000 0.73311985
7055.9000 0.73352402
7056.8000 0.73492962
7057.7000 0.73610413
7058.6000 0.73542613
7059.5000 0.72943544
7060.4000 0.72925532
7061.3000 0.73101902
7062.2000 0.73485607
7063.1000 0.74314624
7064.0000 0.75081569
7064.9000 0.75198507
7065.8000 0.73978835
7066.7000 0.72279149
7067.6000 0.71139866
7068.5000 0.7113232
7069.4000 0.72557038
7070.3000 0.73494476
7071.2000 0.73403794
7072.1000 0.729963
7073.0000 0.73222232
7073.9000 0.74209571
7074.8000 0.74819016
7075.7000 0.74563193
7076.6000 0.73722672
7077.5000 0.73679727
7078.4000 0.74228239
7079.3000 0.74265915
7080.2000 0.741247
7081.1000 0.74079651
7082.0000 0.72951621
7082.9000 0.71775866
7083.8000 0.70657885
7084.7000 0.70313799
7085.6000 0.7105931
7086.5000 0.7210061
7087.4000 0.73169214
7088.3000 0.74082273
7089.2000 0.73955232
7090.1000 0.72856557
7091.0000 0.72176254
7091.9000 0.72761977
7092.8000 0.73192179
7093.7000 0.73509783
7094.6000 0.73664427
7095.5000 0.73512119
7096.4000 0.73260927
7097.3000 0.73366624
7098.2000 0.73954499
7099.1000 0.73997128
7100.0000 0.73626637
7100.9000 0.73920918
7101.8000 0.74296808
7102.7000 0.73913652
7103.6000 0.74142647
7104.5000 0.74560231
7105.4000 0.74371374
7106.3000 0.73367107
7107.2000 0.72740531
7108.1000 0.73072034
7109.0000 0.73882216
7109.9000 0.73282176
7110.8000 0.71565843
7111.7000 0.71015918
7112.6000 0.7198869
7113.5000 0.72991949
7114.4000 0.72813851
7115.3000 0.7246893
7116.2000 0.72259229
7117.1000 0.72027248
7118.0000 0.72238088
7118.9000 0.7236594
7119.8000 0.71967262
7120.7000 0.71522903
7121.6000 0.70345604
7122.5000 0.69932503
7123.4000 0.71921927
7124.3000 0.73060006
7125.2000 0.7263245
7126.1000 0.72069168
7127.0000 0.71913403
7127.9000 0.71697962
7128.8000 0.71682227
7129.7000 0.70892811
7130.6000 0.69512045
7131.5000 0.69269645
7132.4000 0.70189387
7133.3000 0.71513927
7134.2000 0.73122835
7135.1000 0.73865002
7136.0000 0.74013627
7136.9000 0.73823678
7137.8000 0.74107516
7138.7000 0.74020177
7139.6000 0.74022049
7140.5000 0.73322797
7141.4000 0.72913539
7142.3000 0.72573519
7143.2000 0.72485626
7144.1000 0.72240812
7145.0000 0.71796864
7145.9000 0.72057992
7146.8000 0.71224159
7147.7000 0.68714172
7148.6000 0.6815545
7149.5000 0.70761138
7150.4000 0.72081196
7151.3000 0.72481894
7152.2000 0.72981364
7153.1000 0.72645944
7154.0000 0.7237581
7154.9000 0.72404718
7155.8000 0.72531903
7156.7000 0.72921151
7157.6000 0.73273522
7158.5000 0.7365768
7159.4000 0.73728675
7160.3000 0.7348693
7161.2000 0.73258084
7162.1000 0.728297
7163.0000 0.70989329
7163.9000 0.67948461
7164.8000 0.65825629
7165.7000 0.67038238
7166.6000 0.69950569
7167.5000 0.72428435
7168.4000 0.73126078
7169.3000 0.72639441
7170.2000 0.72385722
7171.1000 0.72407651
7172.0000 0.72985679
7172.9000 0.73486072
7173.8000 0.73213404
7174.7000 0.72302037
7175.6000 0.71335393
7176.5000 0.71332622
7177.4000 0.72554207
7178.3000 0.73248768
7179.2000 0.72314429
7180.1000 0.70392513
7181.0000 0.68267983
7181.9000 0.67727894
7182.8000 0.68929935
7183.7000 0.70486927
7184.6000 0.70822102
7185.5000 0.6946339
7186.4000 0.67627382
7187.3000 0.66680765
7188.2000 0.67666066
7189.1000 0.68782276
7190.0000 0.69803315
7190.9000 0.70775884
7191.8000 0.70037842
7192.7000 0.68327314
7193.6000 0.68050456
7194.5000 0.69024718
7195.4000 0.69251561
7196.3000 0.69014519
7197.2000 0.69694585
7198.1000 0.71102464
7199.0000 0.7161088
7199.9000 0.71526474
7200.8000 0.71314561
7201.7000 0.7011354
7202.6000 0.69125396
7203.5000 0.69944602
7204.4000 0.70980972
7205.3000 0.70665842
7206.2000 0.68421239
7207.1000 0.65492541
7208.0000 0.65787989
7208.9000 0.68481702
7209.8000 0.70442128
7210.7000 0.71307021
7211.6000 0.71063715
7212.5000 0.70527011
7213.4000 0.7032674
7214.3000 0.70382684
7215.2000 0.70892531
7216.1000 0.71502823
7217.0000 0.71437353
7217.9000 0.70651293
7218.8000 0.69836444
7219.7000 0.6950537
7220.6000 0.6952185
7221.5000 0.69263911
7222.4000 0.68395591
7223.3000 0.68097186
7224.2000 0.68919241
7225.1000 0.6938169
7226.0000 0.69341445
7226.9000 0.70185661
7227.8000 0.70746839
7228.7000 0.70501941
7229.6000 0.70932299
7230.5000 0.71585709
7231.4000 0.71703368
7232.3000 0.71721715
7233.2000 0.7140308
7234.1000 0.70717937
7235.0000 0.70252079
7235.9000 0.70350325
7236.8000 0.70989108
7237.7000 0.71361995
7238.6000 0.70602864
7239.5000 0.69843167
7240.4000 0.70713401
7241.3000 0.71622038
7242.2000 0.71603274
7243.1000 0.71590102
7244.0000 0.71235937
7244.9000 0.70607936
7245.8000 0.70716918
7246.7000 0.71135002
7247.6000 0.71254915
7248.5000 0.71068388
7249.4000 0.69942254
7250.3000 0.68105227
7251.2000 0.67658943
7252.1000 0.69566542
7253.0000 0.71932548
7253.9000 0.72247767
7254.8000 0.71063423
7255.7000 0.70647454
7256.6000 0.71213222
7257.5000 0.71576029
7258.4000 0.71388316
7259.3000 0.70603627
7260.2000 0.69294703
7261.1000 0.68243277
7262.0000 0.68650651
7262.9000 0.6989882
7263.8000 0.7045837
7264.7000 0.70970261
7265.6000 0.71402121
7266.5000 0.71268821
7267.4000 0.70969594
7268.3000 0.7094264
7269.2000 0.71222001
7270.1000 0.71209717
7271.0000 0.70816988
7271.9000 0.70624936
7272.8000 0.70589823
7273.7000 0.70500994
7274.6000 0.70119333
7275.5000 0.69762874
7276.4000 0.70013857
7277.3000 0.70653999
7278.2000 0.70822281
7279.1000 0.7065677
7280.0000 0.71052444
7280.9000 0.70639241
7281.8000 0.68663555
7282.7000 0.66653329
7283.6000 0.66138351
7284.5000 0.67256647
7285.4000 0.68557876
7286.3000 0.69605428
7287.2000 0.69367558
7288.1000 0.67165887
7289.0000 0.65149134
7289.9000 0.65857977
7290.8000 0.67100251
7291.7000 0.66533792
7292.6000 0.66404343
7293.5000 0.67497349
7294.4000 0.68838
7295.3000 0.69407129
7296.2000 0.70136309
7297.1000 0.71194363
7298.0000 0.71336418
7298.9000 0.70477247
7299.8000 0.69684082
7300.7000 0.69666094
7301.6000 0.70464051
7302.5000 0.71078688
7303.4000 0.71587753
7304.3000 0.72116542
7305.2000 0.71267366
7306.1000 0.69990242
7307.0000 0.68953711
7307.9000 0.69058502
7308.8000 0.69571531
7309.7000 0.69641101
7310.6000 0.68716973
7311.5000 0.68713748
7312.4000 0.70015842
7313.3000 0.70507401
7314.2000 0.70514679
7315.1000 0.70665914
7316.0000 0.70946443
7316.9000 0.71165514
7317.8000 0.71209991
7318.7000 0.71155459
7319.6000 0.70376533
7320.5000 0.69238603
7321.4000 0.69129324
7322.3000 0.70198399
7323.2000 0.71087313
7324.1000 0.70616239
7325.0000 0.68919498
7325.9000 0.66995668
7326.8000 0.67088443
7327.7000 0.6921013
7328.6000 0.7008878
7329.5000 0.6941914
7330.4000 0.6891498
7331.3000 0.6936304
7332.2000 0.7003842
7333.1000 0.70073509
7334.0000 0.69999105
7334.9000 0.70286357
7335.8000 0.70093167
7336.7000 0.70088959
7337.6000 0.7087009
7338.5000 0.71548021
7339.4000 0.71337092
7340.3000 0.70993632
7341.2000 0.70990628
7342.1000 0.70441532
7343.0000 0.69752759
7343.9000 0.6952678
7344.8000 0.69868398
7345.7000 0.70360148
7346.6000 0.70435417
7347.5000 0.70760381
7348.4000 0.70780843
7349.3000 0.69764358
7350.2000 0.6853615
7351.1000 0.67868614
7352.0000 0.67924076
7352.9000 0.68513244
7353.8000 0.68739486
7354.7000 0.68100089
7355.6000 0.66620535
7356.5000 0.66589087
7357.4000 0.68264633
7358.3000 0.69182688
7359.2000 0.69381607
7360.1000 0.6885888
7361.0000 0.67859775
7361.9000 0.66755736
7362.8000 0.67015606
7363.7000 0.67877764
7364.6000 0.68762225
7365.5000 0.69088215
7366.4000 0.6897164
7367.3000 0.69252092
7368.2000 0.69932598
7369.1000 0.6968562
7370.0000 0.68961346
7370.9000 0.69175094
7371.8000 0.69098872
7372.7000 0.68778425
7373.6000 0.68323767
7374.5000 0.67767036
7375.4000 0.67649204
7376.3000 0.67555928
7377.2000 0.68087488
7378.1000 0.69033796
7379.0000 0.69479781
7379.9000 0.68903381
7380.8000 0.67806512
7381.7000 0.66980892
7382.6000 0.66884065
7383.5000 0.67162502
7384.4000 0.6661368
7385.3000 0.64592493
7386.2000 0.63082969
7387.1000 0.62167799
7388.0000 0.61560476
7388.9000 0.62098259
7389.8000 0.6365962
7390.7000 0.65988946
7391.6000 0.66882449
7392.5000 0.6547401
7393.4000 0.63760388
7394.3000 0.63856328
7395.2000 0.65437543
7396.1000 0.66384023
7397.0000 0.67036515
7397.9000 0.67395645
7398.8000 0.66782284
7399.7000 0.65625298
7400.6000 0.64887381
7401.5000 0.65379906
7402.4000 0.66554314
7403.3000 0.67209142
7404.2000 0.66873765
7405.1000 0.66174847
7406.0000 0.65754139
7406.9000 0.65936339
7407.8000 0.65149307
7408.7000 0.63669544
7409.6000 0.62906277
7410.5000 0.63296515
7411.4000 0.63994753
7412.3000 0.52864474
7413.2000 0.12219486
7414.1000 0.00253588
7415.0000 0.00000297
7415.9000 0
7416.8000 0
7417.7000 0
7418.6000 0
7419.5000 0
7420.4000 0
7421.3000 0
7422.2000 0
7423.1000 0
7424.0000 0
7424.9000 0
7425.8000 0
7426.7000 0
7427.6000 0
7428.5000 0
7429.4000 0
