3500.0000 0
3500.9000 0
3501.8000 0
3502.7000 0
3503.6000 0
3504.5000 0
3505.4000 0
3506.3000 0
3507.2000 0
3508.1000 0
3509.0000 0
3509.9000 0
3510.8000 0
3511.7000 0
3512.6000 0
3513.5000 0
3514.4000 0
3515.3000 0
3516.2000 0
3517.1000 0
3518.0000 0
3518.9000 0
3519.8000 0
3520.7000 0
3521.6000 0
3522.5000 0
3523.4000 0
3524.3000 0
3525.2000 0
3526.1000 0
3527.0000 0
3527.9000 0
3528.8000 0
3529.7000 0
3530.6000 0
3531.5000 0
3532.4000 0
3533.3000 0
3534.2000 0.00000805
3535.1000 0.02754062
3536.0000 0.28337201
3536.9000 0.31932223
3537.8000 0.3404606
3538.7000 0.3607612
3539.6000 0.3556309
3540.5000 0.33080843
3541.4000 0.31775349
3542.3000 0.32097834
3543.2000 0.32652453
3544.1000 0.32707375
3545.0000 0.32528576
3545.9000 0.31583935
3546.8000 0.30040166
3547.7000 0.30555046
3548.6000 0.32879525
3549.5000 0.33481774
3550.4000 0.3194778
3551.3000 0.30907306
3552.2000 0.30200404
3553.1000 0.28638378
3554.0000 0.28679782
3554.9000 0.30270177
3555.8000 0.30218127
3556.7000 0.2872614
3557.6000 0.2726056
3558.5000 0.26381817
3559.4000 0.26203158
3560.3000 0.26821512
3561.2000 0.28727522
3562.1000 0.30795994
3563.0000 0.30291218
3563.9000 0.25947958
3564.8000 0.2099282
3565.7000 0.20124
3566.6000 0.23009896
3567.5000 0.24324259
3568.4000 0.21345244
3569.3000 0.18461432
3570.2000 0.2043182
3571.1000 0.25229955
3572.0000 0.26780993
3572.9000 0.26894656
3573.8000 0.27369907
3574.7000 0.2823551
3575.6000 0.29191756
3576.5000 0.29131174
3577.4000 0.26969951
3578.3000 0.24582563
3579.2000 0.21763141
3580.1000 0.16128527
3581.0000 0.12568565
3581.9000 0.15213746
3582.8000 0.18790002
3583.7000 0.17897022
3584.6000 0.14110166
3585.5000 0.13291818
3586.4000 0.15457474
3587.3000 0.16460881
3588.2000 0.16041099
3589.1000 0.1817241
3590.0000 0.2467293
3590.9000 0.3038685
3591.8000 0.31621405
3592.7000 0.29958695
3593.6000 0.29466829
3594.5000 0.30406353
3595.4000 0.33389869
3596.3000 0.37189889
3597.2000 0.38174099
3598.1000 0.37292838
3599.0000 0.37468511
3599.9000 0.40019122
3600.8000 0.37903354
3601.7000 0.3217929
3602.6000 0.30330518
3603.5000 0.30178925
3604.4000 0.29504707
3605.3000 0.30131909
3606.2000 0.31988552
3607.1000 0.29531199
3608.0000 0.23625581
3608.9000 0.22149168
3609.8000 0.25300694
3610.7000 0.29872924
3611.6000 0.31019741
3612.5000 0.28274375
3613.4000 0.2913391
3614.3000 0.33650354
3615.2000 0.35385823
3616.1000 0.32114601
3617.0000 0.25425598
3617.9000 0.19049165
3618.8000 0.18297094
3619.7000 0.23596223
3620.6000 0.29979834
3621.5000 0.34541243
3622.4000 0.35412383
3623.3000 0.33333978
3624.2000 0.34415305
3625.1000 0.39348543
3626.0000 0.41826102
3626.9000 0.404733
3627.8000 0.39400315
3628.7000 0.36318815
3629.6000 0.28132331
3630.5000 0.21788515
3631.4000 0.22585998
3632.3000 0.26372793
3633.2000 0.28031603
3634.1000 0.28336835
3635.0000 0.29389989
3635.9000 0.30198121
3636.8000 0.30945045
3637.7000 0.33797249
3638.6000 0.38333508
3639.5000 0.4071556
3640.4000 0.39120936
3641.3000 0.35133618
3642.2000 0.31932232
3643.1000 0.30860332
3644.0000 0.30314311
3644.9000 0.30607504
3645.8000 0.29582542
3646.7000 0.25927365
3647.6000 0.24641101
3648.5000 0.2601065
3649.4000 0.28253445
3650.3000 0.31687573
3651.2000 0.35327423
3652.1000 0.38045096
3653.0000 0.37847334
3653.9000 0.37470782
3654.8000 0.38699988
3655.7000 0.40128204
3656.6000 0.40423262
3657.5000 0.40800273
3658.4000 0.41926444
3659.3000 0.41629297
3660.2000 0.41458648
3661.1000 0.41293916
3662.0000 0.38823959
3662.9000 0.35621226
3663.8000 0.35601446
3664.7000 0.37869814
3665.6000 0.37995803
3666.5000 0.38246375
3667.4000 0.3793084
3668.3000 0.33739117
3669.2000 0.31481293
3670.1000 0.3524566
3671.0000 0.40522051
3671.9000 0.41641062
3672.8000 0.39939883
3673.7000 0.40504009
3674.6000 0.42354339
3675.5000 0.3951931
3676.4000 0.34491661
3677.3000 0.32931793
3678.2000 0.32652682
3679.1000 0.31545457
3680.0000 0.33345222
3680.9000 0.37234142
3681.8000 0.38179344
3682.7000 0.38622043
3683.6000 0.39068183
3684.5000 0.36384743
3685.4000 0.32765746
3686.3000 0.30254206
3687.2000 0.30339536
3688.1000 0.3410618
3689.0000 0.38302273
3689.9000 0.41389346
3690.8000 0.43497792
3691.7000 0.41942868
3692.6000 0.38056576
3693.5000 0.37190616
3694.4000 0.38760275
3695.3000 0.39061996
3696.2000 0.39017394
3697.1000 0.41271865
3698.0000 0.45222834
3698.9000 0.48028207
3699.8000 0.48163578
3700.7000 0.45870498
3701.6000 0.42412472
3702.5000 0.36910489
3703.4000 0.29996693
3704.3000 0.26246116
3705.2000 0.27806979
3706.1000 0.30970129
3707.0000 0.31120211
3707.9000 0.2899383
3708.8000 0.29511893
3709.7000 0.34106544
3710.6000 0.37523052
3711.5000 0.40084603
3712.4000 0.45704883
3713.3000 0.50504643
3714.2000 0.49123386
3715.1000 0.45799381
3716.0000 0.45672888
3716.9000 0.43611798
3717.8000 0.36016408
3718.7000 0.26488903
3719.6000 0.21280953
3720.5000 0.21145305
3721.4000 0.24182813
3722.3000 0.30677783
3723.2000 0.36685386
3724.1000 0.40826288
3725.0000 0.43167117
3725.9000 0.38879046
3726.8000 0.32962942
3727.7000 0.3618142
3728.6000 0.41438594
3729.5000 0.39527234
3730.4000 0.36342967
3731.3000 0.34193012
3732.2000 0.28762972
3733.1000 0.21261148
3734.0000 0.16656613
3734.9000 0.17806843
3735.8000 0.20420666
3736.7000 0.23432413
3737.6000 0.29712737
3738.5000 0.36132738
3739.4000 0.40551355
3740.3000 0.42407215
3741.2000 0.40536469
3742.1000 0.36135912
3743.0000 0.31815612
3743.9000 0.28720415
3744.8000 0.26127088
3745.7000 0.25788209
3746.6000 0.25647482
3747.5000 0.21429984
3748.4000 0.17673023
3749.3000 0.20570271
3750.2000 0.28802043
3751.1000 0.3601968
3752.0000 0.39065883
3752.9000 0.41526753
3753.8000 0.46001169
3754.7000 0.48526236
3755.6000 0.44716737
3756.5000 0.34765127
3757.4000 0.25959679
3758.3000 0.25542623
3759.2000 0.30331561
3760.1000 0.34008852
3761.0000 0.35888451
3761.9000 0.35630551
3762.8000 0.33698034
3763.7000 0.3532052
3764.6000 0.38442156
3765.5000 0.35308924
3766.4000 0.31280616
3767.3000 0.34458914
3768.2000 0.39041367
3769.1000 0.38462105
3770.0000 0.37025744
3770.9000 0.39619815
3771.8000 0.43669617
3772.7000 0.45340809
3773.6000 0.44213715
3774.5000 0.42269075
3775.4000 0.41599575
3776.3000 0.41301727
3777.2000 0.39850825
3778.1000 0.40598154
3779.0000 0.45015019
3779.9000 0.48453763
3780.8000 0.48195228
3781.7000 0.47006202
3782.6000 0.47435227
3783.5000 0.49143615
3784.4000 0.45751792
3785.3000 0.37479797
3786.2000 0.33946797
3787.1000 0.33612558
3788.0000 0.31328583
3788.9000 0.29804263
3789.8000 0.32478386
3790.7000 0.35600883
3791.6000 0.34371462
3792.5000 0.31882367
3793.4000 0.30907106
3794.3000 0.30230752
3795.2000 0.31054056
3796.1000 0.30943474
3797.0000 0.2820397
3797.9000 0.2649481
3798.8000 0.28424993
3799.7000 0.3363528
3800.6000 0.37665126
3801.5000 0.39948183
3802.4000 0.42294261
3803.3000 0.43755919
3804.2000 0.43228373
3805.1000 0.40495205
3806.0000 0.36196905
3806.9000 0.34120777
3807.8000 0.36561376
3808.7000 0.39390457
3809.6000 0.40988392
3810.5000 0.41664192
3811.4000 0.39675039
3812.3000 0.35777852
3813.2000 0.31950566
3814.1000 0.27824792
3815.0000 0.24840976
3815.9000 0.2682291
3816.8000 0.31631505
3817.7000 0.31744599
3818.6000 0.25650281
3819.5000 0.20589162
3820.4000 0.22546658
3821.3000 0.28021619
3822.2000 0.29913944
3823.1000 0.263899
3824.0000 0.21070105
3824.9000 0.18248972
3825.8000 0.19044469
3826.7000 0.21080026
3827.6000 0.22653127
3828.5000 0.24996516
3829.4000 0.27469075
3830.3000 0.2672801
3831.2000 0.22731118
3832.1000 0.19541539
3833.0000 0.1901578
3833.9000 0.20881917
3834.8000 0.24021332
3835.7000 0.25863725
3836.6000 0.24962027
3837.5000 0.22251002
3838.4000 0.20629959
3839.3000 0.20520775
3840.2000 0.21874544
3841.1000 0.26373041
3842.0000 0.31545404
3842.9000 0.33666518
3843.8000 0.33053079
3844.7000 0.31683761
3845.6000 0.31097803
3846.5000 0.31426397
3847.4000 0.30809623
3848.3000 0.27191946
3849.2000 0.23328793
3850.1000 0.24557057
3851.0000 0.2835221
3851.9000 0.28940958
3852.8000 0.272827
3853.7000 0.26735768
3854.6000 0.26758319
3855.5000 0.2645525
3856.4000 0.26675963
3857.3000 0.25032198
3858.2000 0.20577411
3859.1000 0.17067391
3860.0000 0.18045518
3860.9000 0.23962833
3861.8000 0.29927167
3862.7000 0.31624925
3863.6000 0.30893511
3864.5000 0.28966406
3865.4000 0.27831763
3866.3000 0.27278802
3867.2000 0.25087297
3868.1000 0.23116042
3869.0000 0.20615864
3869.9000 0.17781952
3870.8000 0.17538124
3871.7000 0.20364888
3872.6000 0.25116038
3873.5000 0.30656004
3874.4000 0.33908597
3875.3000 0.3335827
3876.2000 0.294781
3877.1000 0.2448
3878.0000 0.2317781
3878.9000 0.24967013
3879.8000 0.23832208
3880.7000 0.20084539
3881.6000 0.20256937
3882.5000 0.27899429
3883.4000 0.36274925
3884.3000 0.36708435
3885.2000 0.32006398
3886.1000 0.30514669
3887.0000 0.3302103
3887.9000 0.33604303
3888.8000 0.33534476
3889.7000 0.37102062
3890.6000 0.41864154
3891.5000 0.44731542
3892.4000 0.45252931
3893.3000 0.43540138
3894.2000 0.40279487
3895.1000 0.39399442
3896.0000 0.43284634
3896.9000 0.45806304
3897.8000 0.43856639
3898.7000 0.42337942
3899.6000 0.43840674
3900.5000 0.45443133
3901.4000 0.44148499
3902.3000 0.4294388
3903.2000 0.44099817
3904.1000 0.41910288
3905.0000 0.36367685
3905.9000 0.35455936
3906.8000 0.39395261
3907.7000 0.43505013
3908.6000 0.45274901
3909.5000 0.45352328
3910.4000 0.47167063
3911.3000 0.50040394
3912.2000 0.49770972
3913.1000 0.46469879
3914.0000 0.44400156
3914.9000 0.43575031
3915.8000 0.43691516
3916.7000 0.44889927
3917.6000 0.43735495
3918.5000 0.39983228
3919.4000 0.35777766
3920.3000 0.33793208
3921.2000 0.3482663
3922.1000 0.36560711
3923.0000 0.3834722
3923.9000 0.38396078
3924.8000 0.3533324
3925.7000 0.31415883
3926.6000 0.26682016
3927.5000 0.21535103
3928.4000 0.17923367
3929.3000 0.14974466
3930.2000 0.12439779
3931.1000 0.10336345
3932.0000 0.08241397
3932.9000 0.06913676
3933.8000 0.07284419
3934.7000 0.09181923
3935.6000 0.12227863
3936.5000 0.15860148
3937.4000 0.19708824
3938.3000 0.24391034
3939.2000 0.28009415
3940.1000 0.28979927
3941.0000 0.30245516
3941.9000 0.31718022
3942.8000 0.30847716
3943.7000 0.31114358
3944.6000 0.36377114
3945.5000 0.42840582
3946.4000 0.43975306
3947.3000 0.4109129
3948.2000 0.41238189
3949.1000 0.46332717
3950.0000 0.50884503
3950.9000 0.48405838
3951.8000 0.4252457
3952.7000 0.44001162
3953.6000 0.51573431
3954.5000 0.53170246
3955.4000 0.47747627
3956.3000 0.44973707
3957.2000 0.47361499
3958.1000 0.50738782
3959.0000 0.50711691
3959.9000 0.43884796
3960.8000 0.33874226
3961.7000 0.28171727
3962.6000 0.26508984
3963.5000 0.24622518
3964.4000 0.21196775
3965.3000 0.16350555
3966.2000 0.11796688
3967.1000 0.08581912
3968.0000 0.0734406
3968.9000 0.08868933
3969.8000 0.12547196
3970.7000 0.17011878
3971.6000 0.21231836
3972.5000 0.24969392
3973.4000 0.29046357
3974.3000 0.34076482
3975.2000 0.38481858
3976.1000 0.41633716
3977.0000 0.45210591
3977.9000 0.49794361
3978.8000 0.5449639
3979.7000 0.56696105
3980.6000 0.54325825
3981.5000 0.50703812
3982.4000 0.4980002
3983.3000 0.51398832
3984.2000 0.53779566
3985.1000 0.54885399
3986.0000 0.55124205
3986.9000 0.57480663
3987.8000 0.599343
3988.7000 0.58920777
3989.6000 0.57427359
3990.5000 0.58462858
3991.4000 0.60521573
3992.3000 0.61491275
3993.2000 0.59817487
3994.1000 0.57497156
3995.0000 0.56504643
3995.9000 0.54631937
3996.8000 0.52627742
3997.7000 0.54726124
3998.6000 0.59716684
3999.5000 0.62201607
4000.4000 0.61679661
4001.3000 0.62677354
4002.2000 0.65141737
4003.1000 0.63415599
4004.0000 0.55205917
4004.9000 0.48003033
4005.8000 0.49109259
4006.7000 0.5498274
4007.6000 0.59949529
4008.5000 0.61813313
4009.4000 0.62233877
4010.3000 0.63301724
4011.2000 0.63674849
4012.1000 0.63141245
4013.0000 0.62583822
4013.9000 0.63202572
4014.8000 0.65305334
4015.7000 0.65235734
4016.6000 0.61801994
4017.5000 0.60316187
4018.4000 0.62889087
4019.3000 0.63656241
4020.2000 0.62060595
4021.1000 0.62059969
4022.0000 0.63504463
4022.9000 0.63036132
4023.8000 0.60249418
4024.7000 0.60402358
4025.6000 0.63673037
4026.5000 0.66910261
4027.4000 0.70048553
4028.3000 0.69867814
4029.2000 0.63658011
4030.1000 0.56366163
4031.0000 0.54633212
4031.9000 0.5494104
4032.8000 0.54463965
4033.7000 0.552073
4034.6000 0.58662194
4035.5000 0.63888365
4036.4000 0.68622923
4037.3000 0.71426767
4038.2000 0.70621264
4039.1000 0.6656391
4040.0000 0.62468219
4040.9000 0.63361698
4041.8000 0.67254126
4042.7000 0.66022182
4043.6000 0.57167077
4044.5000 0.46588898
4045.4000 0.43850556
4046.3000 0.5321371
4047.2000 0.63454676
4048.1000 0.65964448
4049.0000 0.65658748
4049.9000 0.66655076
4050.8000 0.66459829
4051.7000 0.63761133
4052.6000 0.61338204
4053.5000 0.59802502
4054.4000 0.58871764
4055.3000 0.59831834
4056.2000 0.59640199
4057.1000 0.57164055
4058.0000 0.57526767
4058.9000 0.62051457
4059.8000 0.66600144
4060.7000 0.67150277
4061.6000 0.61188078
4062.5000 0.52065706
4063.4000 0.49329618
4064.3000 0.5524649
4065.2000 0.59684473
4066.1000 0.58689821
4067.0000 0.59517056
4067.9000 0.65208656
4068.8000 0.69844681
4069.7000 0.6722151
4070.6000 0.60004157
4071.5000 0.58102
4072.4000 0.63738954
4073.3000 0.67200303
4074.2000 0.63665885
4075.1000 0.57372963
4076.0000 0.51311868
4076.9000 0.4883717
4077.8000 0.52305442
4078.7000 0.5892666
4079.6000 0.65988189
4080.5000 0.71151996
4081.4000 0.70438725
4082.3000 0.65017414
4083.2000 0.60951406
4084.1000 0.60135418
4085.0000 0.61748254
4085.9000 0.66226566
4086.8000 0.72029531
4087.7000 0.757366
4088.6000 0.75732654
4089.5000 0.74177939
4090.4000 0.72814626
4091.3000 0.70384651
4092.2000 0.69592047
4093.1000 0.72040009
4094.0000 0.71165216
4094.9000 0.65616244
4095.8000 0.62056804
4096.7000 0.63227141
4097.6000 0.65632421
4098.5000 0.657915
4099.4000 0.61296946
4100.3000 0.53768152
4101.2000 0.5066554
4102.1000 0.55054384
4103.0000 0.60807818
4103.9000 0.63865322
4104.8000 0.66901505
4105.7000 0.69899613
4106.6000 0.70304841
4107.5000 0.68462658
4108.4000 0.65601999
4109.3000 0.6295591
4110.2000 0.6191588
4111.1000 0.62864244
4112.0000 0.65922391
4112.9000 0.70165449
4113.8000 0.72287452
4114.7000 0.72103709
4115.6000 0.72047776
4116.5000 0.71370786
4117.4000 0.66725498
4118.3000 0.61886644
4119.2000 0.62569773
4120.1000 0.65736908
4121.0000 0.66276848
4121.9000 0.64828032
4122.8000 0.64550084
4123.7000 0.6672073
4124.6000 0.68124855
4125.5000 0.66348922
4126.4000 0.64387941
4127.3000 0.63000447
4128.2000 0.6232512
4129.1000 0.62590832
4130.0000 0.62890857
4130.9000 0.60799575
4131.8000 0.56944406
4132.7000 0.55373359
4133.6000 0.55561137
4134.5000 0.59577471
4135.4000 0.66384262
4136.3000 0.68836147
4137.2000 0.68631935
4138.1000 0.70017421
4139.0000 0.71089637
4139.9000 0.70161438
4140.8000 0.66459924
4141.7000 0.58911556
4142.6000 0.51147717
4143.5000 0.51319486
4144.4000 0.58382756
4145.3000 0.64483809
4146.2000 0.66797978
4147.1000 0.67045647
4148.0000 0.65624684
4148.9000 0.62072319
4149.8000 0.60273331
4150.7000 0.6140669
4151.6000 0.62703335
4152.5000 0.6273424
4153.4000 0.60860765
4154.3000 0.59809494
4155.2000 0.6040619
4156.1000 0.60266382
4157.0000 0.61744529
4157.9000 0.64882803
4158.8000 0.6643281
4159.7000 0.66166931
4160.6000 0.66009945
4161.5000 0.68155992
4162.4000 0.70277035
4163.3000 0.69083834
4164.2000 0.67008471
4165.1000 0.66428447
4166.0000 0.65244228
4166.9000 0.6297766
4167.8000 0.63286567
4168.7000 0.66211027
4169.6000 0.67338216
4170.5000 0.64119726
4171.4000 0.57601255
4172.3000 0.52720279
4173.2000 0.53520918
4174.1000 0.57481581
4175.0000 0.60501814
4175.9000 0.60890132
4176.8000 0.58728176
4177.7000 0.57367259
4178.6000 0.59215391
4179.5000 0.61703259
4180.4000 0.6173839
4181.3000 0.59900361
4182.2000 0.59658784
4183.1000 0.6225698
4184.0000 0.66072309
4184.9000 0.6816476
4185.8000 0.65420324
4186.7000 0.61116397
4187.6000 0.60742694
4188.5000 0.6273461
4189.4000 0.63173229
4190.3000 0.61909312
4191.2000 0.62443894
4192.1000 0.66701311
4193.0000 0.700252
4193.9000 0.67354959
4194.8000 0.61001718
4195.7000 0.5707013
4196.6000 0.56435508
4197.5000 0.56314903
4198.4000 0.57249451
4199.3000 0.59699583
4200.2000 0.5997591
4201.1000 0.58320999
4202.0000 0.58761472
4202.9000 0.60909945
4203.8000 0.61574519
4204.7000 0.61600965
4205.6000 0.63126117
4206.5000 0.6646108
4207.4000 0.69934243
4208.3000 0.6998862
4209.2000 0.67219561
4210.1000 0.6641193
4211.0000 0.68602461
4211.9000 0.70014662
4212.8000 0.6839211
4213.7000 0.63829929
4214.6000 0.58165401
4215.5000 0.56508976
4216.4000 0.61967611
4217.3000 0.68790364
4218.2000 0.72450763
4219.1000 0.74637896
4220.0000 0.76969975
4220.9000 0.77303869
4221.8000 0.72992039
4222.7000 0.66809058
4223.6000 0.61946625
4224.5000 0.55697465
4225.4000 0.46696863
4226.3000 0.420275
4227.2000 0.50358009
4228.1000 0.64918852
4229.0000 0.71867174
4229.9000 0.72702098
4230.8000 0.72836334
4231.7000 0.70404488
4232.6000 0.67237741
4233.5000 0.67669982
4234.4000 0.67616516
4235.3000 0.61980683
4236.2000 0.57810146
4237.1000 0.59826356
4238.0000 0.62583536
4238.9000 0.63897783
4239.8000 0.67127568
4240.7000 0.71373874
4241.6000 0.70392787
4242.5000 0.66919297
4243.4000 0.69370878
4244.3000 0.74064022
4245.2000 0.73365957
4246.1000 0.68328822
4247.0000 0.62622523
4247.9000 0.59567714
4248.8000 0.5895012
4249.7000 0.60011196
4250.6000 0.64051729
4251.5000 0.69437718
4252.4000 0.70761204
4253.3000 0.67162311
4254.2000 0.62379569
4255.1000 0.61935359
4256.0000 0.67902231
4256.9000 0.72499156
4257.8000 0.68115205
4258.7000 0.60741848
4259.6000 0.56578583
4260.5000 0.55647498
4261.4000 0.60431868
4262.3000 0.68565893
4263.2000 0.72907907
4264.1000 0.7339558
4265.0000 0.75350326
4265.9000 0.75878787
4266.8000 0.71656096
4267.7000 0.67624843
4268.6000 0.66067028
4269.5000 0.63164115
4270.4000 0.56616569
4271.3000 0.51839978
4272.2000 0.53881621
4273.1000 0.5612433
4274.0000 0.54466861
4274.9000 0.56404489
4275.8000 0.6372872
4276.7000 0.70430279
4277.6000 0.72971743
4278.5000 0.69576526
4279.4000 0.61577499
4280.3000 0.58099115
4281.2000 0.62239987
4282.1000 0.67161024
4283.0000 0.69436449
4283.9000 0.67121917
4284.8000 0.60187072
4285.7000 0.5596168
4286.6000 0.58303285
4287.5000 0.6099751
4288.4000 0.58237439
4289.3000 0.53629577
4290.2000 0.52981889
4291.1000 0.57419121
4292.0000 0.64326602
4292.9000 0.67714554
4293.8000 0.65037262
4294.7000 0.61461067
4295.6000 0.59051502
4296.5000 0.55808651
4297.4000 0.51969975
4298.3000 0.46530065
4299.2000 0.41115138
4300.1000 0.40767515
4301.0000 0.43613505
4301.9000 0.4409987
4302.8000 0.43109936
4303.7000 0.43390208
4304.6000 0.44075897
4305.5000 0.44966331
4306.4000 0.4421168
4307.3000 0.39747983
4308.2000 0.36333752
4309.1000 0.36845678
4310.0000 0.39010715
4310.9000 0.41834283
4311.8000 0.45767948
4312.7000 0.51066953
4313.6000 0.56827569
4314.5000 0.6493324
4315.4000 0.76649016
4316.3000 0.85412306
4317.2000 0.87455988
4318.1000 0.86079943
4319.0000 0.84340084
4319.9000 0.81593364
4320.8000 0.78078783
4321.7000 0.73625457
4322.6000 0.64566934
4323.5000 0.54246891
4324.4000 0.48552507
4325.3000 0.49145421
4326.2000 0.57952827
4327.1000 0.70673335
4328.0000 0.79261583
4328.9000 0.80479705
4329.8000 0.77759629
4330.7000 0.77076137
4331.6000 0.79350716
4332.5000 0.810884
4333.4000 0.81731147
4334.3000 0.83039212
4335.2000 0.84184617
4336.1000 0.79074675
4337.0000 0.68081498
4337.9000 0.60402048
4338.8000 0.560812
4339.7000 0.52256042
4340.6000 0.54384989
4341.5000 0.63842559
4342.4000 0.71057969
4343.3000 0.72635853
4344.2000 0.75615585
4345.1000 0.79007661
4346.0000 0.77286088
4346.9000 0.75173819
4347.8000 0.78414458
4348.7000 0.83845961
4349.6000 0.82151651
4350.5000 0.71072745
4351.4000 0.60912985
4352.3000 0.60961562
4353.2000 0.68056172
4354.1000 0.72420335
4355.0000 0.72661698
4355.9000 0.74938738
4356.8000 0.77948302
4357.7000 0.75445724
4358.6000 0.6915893
4359.5000 0.68558294
4360.4000 0.74908441
4361.3000 0.80463469
4362.2000 0.79246581
4363.1000 0.7744779
4364.0000 0.81034428
4364.9000 0.83717823
4365.8000 0.79755211
4366.7000 0.73022479
4367.6000 0.70577204
4368.5000 0.73168445
4369.4000 0.74737686
4370.3000 0.7395134
4371.2000 0.73895377
4372.1000 0.73031449
4373.0000 0.68864417
4373.9000 0.63561553
4374.8000 0.61786866
4375.7000 0.66087222
4376.6000 0.7330665
4377.5000 0.77873695
4378.4000 0.78732038
4379.3000 0.7735737
4380.2000 0.7605204
4381.1000 0.74379516
4382.0000 0.65930778
4382.9000 0.51960307
4383.8000 0.45651546
4384.7000 0.52074218
4385.6000 0.63794357
4386.5000 0.71306455
4387.4000 0.72616887
4388.3000 0.71463728
4389.2000 0.68456262
4390.1000 0.66066784
4391.0000 0.67809051
4391.9000 0.72391659
4392.8000 0.74048889
4393.7000 0.71474373
4394.6000 0.69176644
4395.5000 0.71732295
4396.4000 0.77668178
4397.3000 0.80558747
4398.2000 0.78830212
4399.1000 0.73790109
4400.0000 0.68441069
4400.9000 0.69792783
4401.8000 0.77236068
4402.7000 0.7877233
4403.6000 0.7036497
4404.5000 0.63522166
4405.4000 0.66793507
4406.3000 0.7268129
4407.2000 0.71875936
4408.1000 0.68694609
4409.0000 0.71096414
4409.9000 0.77919722
4410.8000 0.8319965
4411.7000 0.86121172
4412.6000 0.87114817
4413.5000 0.82981735
4414.4000 0.74372292
4415.3000 0.69885874
4416.2000 0.72308105
4417.1000 0.76051742
4418.0000 0.79934394
4418.9000 0.84514832
4419.8000 0.86357582
4420.7000 0.83633286
4421.6000 0.78786623
4422.5000 0.76723808
4423.4000 0.78733569
4424.3000 0.80678272
4425.2000 0.80397785
4426.1000 0.79470664
4427.0000 0.79881042
4427.9000 0.81958318
4428.8000 0.81946546
4429.7000 0.78030521
4430.6000 0.76736873
4431.5000 0.8018896
4432.4000 0.81754047
4433.3000 0.78156281
4434.2000 0.72441077
4435.1000 0.69674551
4436.0000 0.73398364
4436.9000 0.81178564
4437.8000 0.87107509
4438.7000 0.88923025
4439.6000 0.86732554
4440.5000 0.81919366
4441.4000 0.76652515
4442.3000 0.72540891
4443.2000 0.72040647
4444.1000 0.7650798
4445.0000 0.82762814
4445.9000 0.84973603
4446.8000 0.83255863
4447.7000 0.83623642
4448.6000 0.84995794
4449.5000 0.82834214
4450.4000 0.8096264
4451.3000 0.82456011
4452.2000 0.83517367
4453.1000 0.80747283
4454.0000 0.75077015
4454.9000 0.71302158
4455.8000 0.72734165
4456.7000 0.75656825
4457.6000 0.76058549
4458.5000 0.74210382
4459.4000 0.73026055
4460.3000 0.71571183
4461.2000 0.6908263
4462.1000 0.71149099
4463.0000 0.77739871
4463.9000 0.81612724
4464.8000 0.81511992
4465.7000 0.8124935
4466.6000 0.8130393
4467.5000 0.80812222
4468.4000 0.7838006
4469.3000 0.76317191
4470.2000 0.7761519
4471.1000 0.81246185
4472.0000 0.85280114
4472.9000 0.88905072
4473.8000 0.91372097
4474.7000 0.91004914
4475.6000 0.9028126
4476.5000 0.92160237
4477.4000 0.94046867
4478.3000 0.91513336
4479.2000 0.85214287
4480.1000 0.79468495
4481.0000 0.7701332
4481.9000 0.77581
4482.8000 0.81769526
4483.7000 0.87328482
4484.6000 0.90825623
4485.5000 0.92463374
4486.4000 0.92335171
4487.3000 0.89241606
4488.2000 0.83788395
4489.1000 0.79255164
4490.0000 0.79317206
4490.9000 0.83806878
4491.8000 0.88396609
4492.7000 0.88070071
4493.6000 0.83350277
4494.5000 0.79951358
4495.4000 0.79837078
4496.3000 0.81604367
4497.2000 0.8605364
4498.1000 0.9008984
4499.0000 0.91199911
4499.9000 0.90092641
4500.8000 0.87331623
4501.7000 0.87129241
4502.6000 0.92104489
4503.5000 0.97114992
4504.4000 0.97966337
4505.3000 0.96971005
4506.2000 0.95789689
4507.1000 0.93971324
4508.0000 0.9299081
4508.9000 0.93898988
4509.8000 0.95602167
4510.7000 0.95819265
4511.6000 0.94311494
4512.5000 0.91858256
4513.4000 0.89356589
4514.3000 0.87573695
4515.2000 0.87868226
4516.1000 0.88676184
4517.0000 0.87008977
4517.9000 0.84942663
4518.8000 0.86779511
4519.7000 0.90372276
4520.6000 0.92402434
4521.5000 0.90880084
4522.4000 0.86296666
4523.3000 0.84856623
4524.2000 0.85712236
4525.1000 0.83763653
4526.0000 0.80769038
4526.9000 0.78330427
4527.8000 0.76153713
4528.7000 0.75301969
4529.6000 0.7651844
4530.5000 0.78116959
4531.4000 0.80626911
4532.3000 0.82965362
4533.2000 0.80140132
4534.1000 0.75660986
4535.0000 0.74621105
4535.9000 0.79071528
4536.8000 0.87924808
4537.7000 0.93457282
4538.6000 0.92086768
4539.5000 0.88504845
4540.4000 0.86309922
4541.3000 0.86390108
4542.2000 0.88886505
4543.1000 0.89481276
4544.0000 0.8606379
4544.9000 0.83160955
4545.8000 0.83844644
4546.7000 0.85777563
4547.6000 0.86056572
4548.5000 0.82951212
4549.4000 0.79672241
4550.3000 0.82123011
4551.2000 0.86043227
4552.1000 0.85525799
4553.0000 0.83735794
4553.9000 0.82157809
4554.8000 0.80832207
4555.7000 0.82678282
4556.6000 0.87818897
4557.5000 0.92164475
4558.4000 0.93298656
4559.3000 0.93090719
4560.2000 0.92757297
4561.1000 0.9330163
4562.0000 0.92917949
4562.9000 0.89249891
4563.8000 0.84400296
4564.7000 0.81699139
4565.6000 0.82846069
4566.5000 0.87499785
4567.4000 0.92044508
4568.3000 0.931889
4569.2000 0.92911732
4570.1000 0.91110116
4571.0000 0.86178082
4571.9000 0.84384352
4572.8000 0.8918947
4573.7000 0.93651956
4574.6000 0.93741959
4575.5000 0.92649943
4576.4000 0.92170131
4577.3000 0.91489947
4578.2000 0.89792484
4579.1000 0.8609069
4580.0000 0.81720906
4580.9000 0.80471241
4581.8000 0.82480657
4582.7000 0.84258664
4583.6000 0.84477174
4584.5000 0.8447513
4585.4000 0.84286857
4586.3000 0.85012138
4587.2000 0.88185
4588.1000 0.91403335
4589.0000 0.92585009
4589.9000 0.91896641
4590.8000 0.89607781
4591.7000 0.8671394
4592.6000 0.85395718
4593.5000 0.86226231
4594.4000 0.86558086
4595.3000 0.8547039
4596.2000 0.84791338
4597.1000 0.85837603
4598.0000 0.88163233
4598.9000 0.891689
4599.8000 0.86183053
4600.7000 0.83495331
4601.6000 0.85455012
4602.5000 0.88139844
4603.4000 0.89018375
4604.3000 0.88823324
4605.2000 0.88870031
4606.1000 0.90080386
4607.0000 0.91677809
4607.9000 0.94275278
4608.8000 0.96880329
4609.7000 0.96462494
4610.6000 0.93924057
4611.5000 0.91961825
4612.4000 0.90602726
4613.3000 0.900774
4614.2000 0.91826183
4615.1000 0.93411684
4616.0000 0.9284727
4616.9000 0.92338222
4617.8000 0.9175294
4618.7000 0.89893508
4619.6000 0.90062428
4620.5000 0.9365654
4621.4000 0.95718938
4622.3000 0.94729435
4623.2000 0.94213396
4624.1000 0.940283
4625.0000 0.93162161
4625.9000 0.93382305
4626.8000 0.9469223
4627.7000 0.94551551
4628.6000 0.92378545
4629.5000 0.91008055
4630.4000 0.92965829
4631.3000 0.95283109
4632.2000 0.94222146
4633.1000 0.91370791
4634.0000 0.9021523
4634.9000 0.90729749
4635.8000 0.90788281
4636.7000 0.8932119
4637.6000 0.87934113
4638.5000 0.87926894
4639.4000 0.88261175
4640.3000 0.90571046
4641.2000 0.94681972
4642.1000 0.96046394
4643.0000 0.94311291
4643.9000 0.92438459
4644.8000 0.90209395
4645.7000 0.86526072
4646.6000 0.83312577
4647.5000 0.82827443
4648.4000 0.85125238
4649.3000 0.8862893
4650.2000 0.91288453
4651.1000 0.92211336
4652.0000 0.92971617
4652.9000 0.93282026
4653.8000 0.90451455
4654.7000 0.86781204
4655.6000 0.85405421
4656.5000 0.85670507
4657.4000 0.89268136
4658.3000 0.95010072
4659.2000 0.9818899
4660.1000 0.97932816
4661.0000 0.95501572
4661.9000 0.92058057
4662.8000 0.89555848
4663.7000 0.89740723
4664.6000 0.91096288
4665.5000 0.8874405
4666.4000 0.81747693
4667.3000 0.75840533
4668.2000 0.76420248
4669.1000 0.81385148
4670.0000 0.85801411
4670.9000 0.89196068
4671.8000 0.90682852
4672.7000 0.90053791
4673.6000 0.89748436
4674.5000 0.90627539
4675.4000 0.92877489
4676.3000 0.94958502
4677.2000 0.94379306
4678.1000 0.91137296
4679.0000 0.87897497
4679.9000 0.85741949
4680.8000 0.84604615
4681.7000 0.85613567
4682.6000 0.88384092
4683.5000 0.91579044
4684.4000 0.92863095
4685.3000 0.9239074
4686.2000 0.91243857
4687.1000 0.90214044
4688.0000 0.90094334
4688.9000 0.90823668
4689.8000 0.90272677
4690.7000 0.88533485
4691.6000 0.88467115
4692.5000 0.90782827
4693.4000 0.93192935
4694.3000 0.94554275
4695.2000 0.95869136
4696.1000 0.96257871
4697.0000 0.94035751
4697.9000 0.8952409
4698.8000 0.86360127
4699.7000 0.8720063
4700.6000 0.88301659
4701.5000 0.87549704
4702.4000 0.86014992
4703.3000 0.85437691
4704.2000 0.87422293
4705.1000 0.89921957
4706.0000 0.90187037
4706.9000 0.87163013
4707.8000 0.84220493
4708.7000 0.83287942
4709.6000 0.84577811
4710.5000 0.8867178
4711.4000 0.92534685
4712.3000 0.92909133
4713.2000 0.9125362
4714.1000 0.88329327
4715.0000 0.87140566
4715.9000 0.90625912
4716.8000 0.9466837
4717.7000 0.95608139
4718.6000 0.94896466
4719.5000 0.95273161
4720.4000 0.95810759
4721.3000 0.94965035
4722.2000 0.93864638
4723.1000 0.94424272
4724.0000 0.96511441
4724.9000 0.9792558
4725.8000 0.96435243
4726.7000 0.91114926
4727.6000 0.85982913
4728.5000 0.84983784
4729.4000 0.86120719
4730.3000 0.867607
4731.2000 0.87198377
4732.1000 0.88633245
4733.0000 0.90682006
4733.9000 0.9191274
4734.8000 0.93127942
4735.7000 0.91626549
4736.6000 0.88354188
4737.5000 0.89117104
4738.4000 0.92984551
4739.3000 0.93760735
4740.2000 0.91362154
4741.1000 0.89719039
4742.0000 0.91303754
4742.9000 0.94233572
4743.8000 0.95663029
4744.7000 0.94539726
4745.6000 0.94069237
4746.5000 0.96147388
4747.4000 0.97595966
4748.3000 0.96764416
4749.2000 0.95870239
4750.1000 0.96414828
4751.0000 0.966456
4751.9000 0.94953448
4752.8000 0.92974478
4753.7000 0.91267043
4754.6000 0.902349
4755.5000 0.90669072
4756.4000 0.9114176
4757.3000 0.91564077
4758.2000 0.92289627
4759.1000 0.9370625
4760.0000 0.95028573
4760.9000 0.93532574
4761.8000 0.89281416
4762.7000 0.86455816
4763.6000 0.86543882
4764.5000 0.86269367
4765.4000 0.85131896
4766.3000 0.85778612
4767.2000 0.88547939
4768.1000 0.9099732
4769.0000 0.93707138
4769.9000 0.96147668
4770.8000 0.94945389
4771.7000 0.92152679
4772.6000 0.91772145
4773.5000 0.94762027
4774.4000 0.98445511
4775.3000 0.98839378
4776.2000 0.97326708
4777.1000 0.9800905
4778.0000 0.99099761
4778.9000 0.97315234
4779.8000 0.95315206
4780.7000 0.95593858
4781.6000 0.96003592
4782.5000 0.94728035
4783.4000 0.93626797
4784.3000 0.94476408
4785.2000 0.94449037
4786.1000 0.90432787
4787.0000 0.88153255
4787.9000 0.90011263
4788.8000 0.90351772
4789.7000 0.89895797
4790.6000 0.91207516
4791.5000 0.92333871
4792.4000 0.93468904
4793.3000 0.96228999
4794.2000 0.99437493
4795.1000 1.00809872
4796.0000 1.00069869
4796.9000 0.97827423
4797.8000 0.94219524
4798.7000 0.90698802
4799.6000 0.8979739
4800.5000 0.91822487
4801.4000 0.9516508
4802.3000 0.97304499
4803.2000 0.97580099
4804.1000 0.9618454
4805.0000 0.94109833
4805.9000 0.93667936
4806.8000 0.94076413
4807.7000 0.93166322
4808.6000 0.92677224
4809.5000 0.93934327
4810.4000 0.95126814
4811.3000 0.9544332
4812.2000 0.95951325
4813.1000 0.96379739
4814.0000 0.96675026
4814.9000 0.97411287
4815.8000 0.98406667
4816.7000 0.99406368
4817.6000 0.99870867
4818.5000 1.00502956
4819.4000 1.00722504
4820.3000 0.99542606
4821.2000 0.98877913
4822.1000 0.97700584
4823.0000 0.93704557
4823.9000 0.90848827
4824.8000 0.92756116
4825.7000 0.9631843
4826.6000 0.97786355
4827.5000 0.97232687
4828.4000 0.95768631
4829.3000 0.95015126
4830.2000 0.95453781
4831.1000 0.94562119
4832.0000 0.92707485
4832.9000 0.93370819
4833.8000 0.95533931
4834.7000 0.96151304
4835.6000 0.95364952
4836.5000 0.95374137
4837.4000 0.95949173
4838.3000 0.94406831
4839.2000 0.90962464
4840.1000 0.89058852
4841.0000 0.90122747
4841.9000 0.9185766
4842.8000 0.92017639
4843.7000 0.92484063
4844.6000 0.94763738
4845.5000 0.97213167
4846.4000 0.98021477
4847.3000 0.9586125
4848.2000 0.92538357
4849.1000 0.92158657
4850.0000 0.94841218
4850.9000 0.96602225
4851.8000 0.95897222
4852.7000 0.9516893
4853.6000 0.93952513
4854.5000 0.89831662
4855.4000 0.85828769
4856.3000 0.86832529
4857.2000 0.90477508
4858.1000 0.90891457
4859.0000 0.86066896
4859.9000 0.76311272
4860.8000 0.65763927
4861.7000 0.64176595
4862.6000 0.73596698
4863.5000 0.82836652
4864.4000 0.86311615
4865.3000 0.88688326
4866.2000 0.91341877
4867.1000 0.92276353
4868.0000 0.92479658
4868.9000 0.936454
4869.8000 0.92335892
4870.7000 0.86419505
4871.6000 0.81647497
4872.5000 0.83262014
4873.4000 0.87987161
4874.3000 0.90492457
4875.2000 0.90781152
4876.1000 0.91339523
4877.0000 0.92281777
4877.9000 0.92967826
4878.8000 0.95590699
4879.7000 0.98802984
4880.6000 0.97523481
4881.5000 0.9312079
4882.4000 0.91633487
4883.3000 0.92969006
4884.2000 0.92279887
4885.1000 0.89015853
4886.0000 0.86892396
4886.9000 0.87641281
4887.8000 0.89461237
4888.7000 0.89911777
4889.6000 0.88660121
4890.5000 0.85774565
4891.4000 0.85010582
4892.3000 0.90166807
4893.2000 0.96625251
4894.1000 1.00239551
4895.0000 1.0162195
4895.9000 1.02019393
4896.8000 1.01955998
4897.7000 1.01532626
4898.6000 0.9970699
4899.5000 0.96430153
4900.4000 0.95337582
4901.3000 0.9715749
4902.2000 0.97428972
4903.1000 0.95430571
4904.0000 0.94921178
4904.9000 0.97387391
4905.8000 1.00194204
4906.7000 1.00374639
4907.6000 0.97896755
4908.5000 0.94527638
4909.4000 0.90693891
4910.3000 0.87692881
4911.2000 0.88584888
4912.1000 0.91928089
4913.0000 0.94481814
4913.9000 0.96344596
4914.8000 0.99001735
4915.7000 1.00740385
4916.6000 0.98612517
4917.5000 0.92595381
4918.4000 0.85693604
4919.3000 0.81140172
4920.2000 0.79929316
4921.1000 0.82649094
4922.0000 0.87969434
4922.9000 0.90705836
4923.8000 0.8940447
4924.7000 0.89067686
4925.6000 0.92807227
4926.5000 0.96490723
4927.4000 0.96819246
4928.3000 0.97015941
4929.2000 0.98609084
4930.1000 0.99534404
4931.0000 0.99779356
4931.9000 0.98500389
4932.8000 0.93582904
4933.7000 0.88570178
4934.6000 0.89690197
4935.5000 0.93687654
4936.4000 0.93881208
4937.3000 0.90565145
4938.2000 0.86358511
4939.1000 0.85248327
4940.0000 0.90017647
4940.9000 0.96322876
4941.8000 0.98428887
4942.7000 0.98591727
4943.6000 0.9997018
4944.5000 0.99883497
4945.4000 0.97295314
4946.3000 0.95554781
4947.2000 0.97001827
4948.1000 0.99546492
4949.0000 1.0016911
4949.9000 0.99631876
4950.8000 1.00033331
4951.7000 0.99855864
4952.6000 0.98141181
4953.5000 0.97680181
4954.4000 0.98833847
4955.3000 0.99041915
4956.2000 0.94613087
4957.1000 0.85914832
4958.0000 0.8350293
4958.9000 0.9133268
4959.8000 0.99373955
4960.7000 1.01806915
4961.6000 1.00597095
4962.5000 0.99899405
4963.4000 1.00401211
4964.3000 0.99006689
4965.2000 0.95099795
4966.1000 0.92873669
4967.0000 0.93314105
4967.9000 0.93345487
4968.8000 0.93145084
4969.7000 0.93109077
4970.6000 0.93305773
4971.5000 0.9556998
4972.4000 0.97971743
4973.3000 0.98958814
4974.2000 0.99873638
4975.1000 0.99382722
4976.0000 0.97679627
4976.9000 0.96218413
4977.8000 0.9426344
4978.7000 0.92728704
4979.6000 0.92868
4980.5000 0.92674637
4981.4000 0.90054601
4982.3000 0.8547644
4983.2000 0.8280431
4984.1000 0.83456141
4985.0000 0.85929781
4985.9000 0.89159399
4986.8000 0.93661791
4987.7000 0.96775895
4988.6000 0.96507847
4989.5000 0.94677669
4990.4000 0.92341816
4991.3000 0.91201341
4992.2000 0.9297663
4993.1000 0.93445057
4994.0000 0.92517632
4994.9000 0.95016181
4995.8000 0.9802013
4996.7000 0.9727813
4997.6000 0.94911516
4998.5000 0.92678082
4999.4000 0.90498197
5000.3000 0.89282668
5001.2000 0.89140618
5002.1000 0.89830577
5003.0000 0.90702623
5003.9000 0.90650553
5004.8000 0.88164997
5005.7000 0.84534031
5006.6000 0.83935982
5007.5000 0.88711518
5008.4000 0.94842798
5009.3000 0.96194285
5010.2000 0.93776578
5011.1000 0.90725666
5012.0000 0.87078106
5012.9000 0.84006578
5013.8000 0.82138598
5014.7000 0.82930982
5015.6000 0.86612535
5016.5000 0.88792622
5017.4000 0.87455881
5018.3000 0.8593722
5019.2000 0.88008243
5020.1000 0.91254383
5021.0000 0.92133659
5021.9000 0.90288681
5022.8000 0.89316851
5023.7000 0.91254216
5024.6000 0.92627609
5025.5000 0.92820448
5026.4000 0.9208321
5027.3000 0.89846832
5028.2000 0.90229809
5029.1000 0.93406266
5030.0000 0.95027918
5030.9000 0.95130557
5031.8000 0.96469712
5032.7000 0.98577034
5033.6000 0.99121857
5034.5000 0.96074259
5035.4000 0.90085328
5036.3000 0.87262005
5037.2000 0.89334983
5038.1000 0.8999694
5039.0000 0.86828625
5039.9000 0.81994104
5040.8000 0.76696742
5041.7000 0.76514
5042.6000 0.84572512
5043.5000 0.92775512
5044.4000 0.96576542
5045.3000 0.9903363
5046.2000 1.00605583
5047.1000 0.99121124
5048.0000 0.94099772
5048.9000 0.89496768
5049.8000 0.88776845
5050.7000 0.89735168
5051.6000 0.90217924
5052.5000 0.92050004
5053.4000 0.95575213
5054.3000 0.98058212
5055.2000 0.99593455
5056.1000 1.00362253
5057.0000 0.99917656
5057.9000 0.99203598
5058.8000 0.98900974
5059.7000 0.98809689
5060.6000 0.99715734
5061.5000 1.01493251
5062.4000 1.01772332
5063.3000 0.98547089
5064.2000 0.92389399
5065.1000 0.88341767
5066.0000 0.90496391
5066.9000 0.93683678
5067.8000 0.9412967
5068.7000 0.93719077
5069.6000 0.94947034
5070.5000 0.97093278
5071.4000 0.96086127
5072.3000 0.93063915
5073.2000 0.92745864
5074.1000 0.94289374
5075.0000 0.94335216
5075.9000 0.94008213
5076.8000 0.94915736
5077.7000 0.95116639
5078.6000 0.89770985
5079.5000 0.82135594
5080.4000 0.80793834
5081.3000 0.85996985
5082.2000 0.90137905
5083.1000 0.90565085
5084.0000 0.91278559
5084.9000 0.94227576
5085.8000 0.95930481
5086.7000 0.95078969
5087.6000 0.94349486
5088.5000 0.9530921
5089.4000 0.96348286
5090.3000 0.9689281
5091.2000 0.97356212
5092.1000 0.98455983
5093.0000 0.99115735
5093.9000 0.99551946
5094.8000 0.99176633
5095.7000 0.97411609
5096.6000 0.94066054
5097.5000 0.89818442
5098.4000 0.85849988
5099.3000 0.84447247
5100.2000 0.89287519
5101.1000 0.95231295
5102.0000 0.97778666
5102.9000 0.96989846
5103.8000 0.95391405
5104.7000 0.9411357
5105.6000 0.93030262
5106.5000 0.9160313
5107.4000 0.89991671
5108.3000 0.90145499
5109.2000 0.91323555
5110.1000 0.90354824
5111.0000 0.91539294
5111.9000 0.95589948
5112.8000 0.98221803
5113.7000 0.98243141
5114.6000 0.97522068
5115.5000 0.97210383
5116.4000 0.98631328
5117.3000 1.00527966
5118.2000 1.00954401
5119.1000 1.00403345
5120.0000 0.98907989
5120.9000 0.96824133
5121.8000 0.94910133
5122.7000 0.92269933
5123.6000 0.89162666
5124.5000 0.88255537
5125.4000 0.89194381
5126.3000 0.9057644
5127.2000 0.90925419
5128.1000 0.90045905
5129.0000 0.89265084
5129.9000 0.89410263
5130.8000 0.90740043
5131.7000 0.92071015
5132.6000 0.93533212
5133.5000 0.94782716
5134.4000 0.96311522
5135.3000 0.97745025
5136.2000 0.9567256
5137.1000 0.91541022
5138.0000 0.89780831
5138.9000 0.88818979
5139.8000 0.89013439
5140.7000 0.92259467
5141.6000 0.91438842
5142.5000 0.86763561
5143.4000 0.87036633
5144.3000 0.91343868
5145.2000 0.92455524
5146.1000 0.91004163
5147.0000 0.8977651
5147.9000 0.90257138
5148.8000 0.92850918
5149.7000 0.94566005
5150.6000 0.9215923
5151.5000 0.88918477
5152.4000 0.88588172
5153.3000 0.90038842
5154.2000 0.90996397
5155.1000 0.92565852
5156.0000 0.95368356
5156.9000 0.97947603
5157.8000 0.99019396
5158.7000 0.98338795
5159.6000 0.98163962
5160.5000 0.9928481
5161.4000 0.98469824
5162.3000 0.95906675
5163.2000 0.94721979
5164.1000 0.93371475
5165.0000 0.88781303
5165.9000 0.81616944
5166.8000 0.7355814
5167.7000 0.69054425
5168.6000 0.72526062
5169.5000 0.81098771
5170.4000 0.86760253
5171.3000 0.8201021
5172.2000 0.71382374
5173.1000 0.68802565
5174.0000 0.79050416
5174.9000 0.91146207
5175.8000 0.96479434
5176.7000 0.97288191
5177.6000 0.98223972
5178.5000 0.98979443
5179.4000 0.98482412
5180.3000 0.97573745
5181.2000 0.95298082
5182.1000 0.87473482
5183.0000 0.74094182
5183.9000 0.66563547
5184.8000 0.74224848
5185.7000 0.87697744
5186.6000 0.94565809
5187.5000 0.94695288
5188.4000 0.92924654
5189.3000 0.93893886
5190.2000 0.96443999
5191.1000 0.93202722
5192.0000 0.86395037
5192.9000 0.85011047
5193.8000 0.89322376
5194.7000 0.9124729
5195.6000 0.8985402
5196.5000 0.90607643
5197.4000 0.92483169
5198.3000 0.93852663
5199.2000 0.95892459
5200.1000 0.97652847
5201.0000 0.97767526
5201.9000 0.96628165
5202.8000 0.95401782
5203.7000 0.94127947
5204.6000 0.90214187
5205.5000 0.8663429
5206.4000 0.87422419
5207.3000 0.89367956
5208.2000 0.88296521
5209.1000 0.88039637
5210.0000 0.91216666
5210.9000 0.93794131
5211.8000 0.96277344
5212.7000 0.98772037
5213.6000 0.99816561
5214.5000 0.97771955
5215.4000 0.93301082
5216.3000 0.90024716
5217.2000 0.89994246
5218.1000 0.92665541
5219.0000 0.95820725
5219.9000 0.9710356
5220.8000 0.97529542
5221.7000 0.98067743
5222.6000 0.97565418
5223.5000 0.96086955
5224.4000 0.92939001
5225.3000 0.87223625
5226.2000 0.81280619
5227.1000 0.79023069
5228.0000 0.84082437
5228.9000 0.92054123
5229.8000 0.95872176
5230.7000 0.97166735
5231.6000 0.97879714
5232.5000 0.95433962
5233.4000 0.92102182
5234.3000 0.9118095
5235.2000 0.91490662
5236.1000 0.9385938
5237.0000 0.97422004
5237.9000 0.99567938
5238.8000 1.00055683
5239.7000 0.99709702
5240.6000 1.00101697
5241.5000 1.00267553
5242.4000 0.98781258
5243.3000 0.97756982
5244.2000 0.99248099
5245.1000 1.00898123
5246.0000 0.99055386
5246.9000 0.94280601
5247.8000 0.91607815
5248.7000 0.92810589
5249.6000 0.92360371
5250.5000 0.90036392
5251.4000 0.9095276
5252.3000 0.9389497
5253.2000 0.94846123
5254.1000 0.93316948
5255.0000 0.91503066
5255.9000 0.93214327
5256.8000 0.98291427
5257.7000 1.01868677
5258.6000 1.0267334
5259.5000 1.01669776
5260.4000 0.99220097
5261.3000 0.95005167
5262.2000 0.89747113
5263.1000 0.85583746
5264.0000 0.83160633
5264.9000 0.81337541
5265.8000 0.80523849
5266.7000 0.83553857
5267.6000 0.89022559
5268.5000 0.87820268
5269.4000 0.80097795
5270.3000 0.78076714
5271.2000 0.85753709
5272.1000 0.92993951
5273.0000 0.93464655
5273.9000 0.91954517
5274.8000 0.91097516
5275.7000 0.90369868
5276.6000 0.93348432
5277.5000 0.99224734
5278.4000 1.02406037
5279.3000 1.01448226
5280.2000 0.98206896
5281.1000 0.95488209
5282.0000 0.94029105
5282.9000 0.92386365
5283.8000 0.9110254
5284.7000 0.93137342
5285.6000 0.98322022
5286.5000 1.01941562
5287.4000 1.02529085
5288.3000 1.01473081
5289.2000 1.01439595
5290.1000 1.02987552
5291.0000 1.04105175
5291.9000 1.03193855
5292.8000 1.01054096
5293.7000 1.00210631
5294.6000 1.00005841
5295.5000 0.98318726
5296.4000 0.94343895
5297.3000 0.88997114
5298.2000 0.86578113
5299.1000 0.9025014
5300.0000 0.9567458
5300.9000 0.96704423
5301.8000 0.95637655
5302.7000 0.96582431
5303.6000 0.9967224
5304.5000 1.02407146
5305.4000 1.03139949
5306.3000 1.02181637
5307.2000 1.00488448
5308.1000 0.99980617
5309.0000 1.01744354
5309.9000 1.03602827
5310.8000 1.03831863
5311.7000 1.02899706
5312.6000 1.021613
5313.5000 1.01211607
5314.4000 1.00245321
5315.3000 0.98748738
5316.2000 0.96314001
5317.1000 0.95615083
5318.0000 0.97710896
5318.9000 0.99294949
5319.8000 0.99176389
5320.7000 0.98902851
5321.6000 0.98440546
5322.5000 0.97173887
5323.4000 0.950746
5324.3000 0.93039781
5325.2000 0.93710589
5326.1000 0.95111006
5327.0000 0.91402537
5327.9000 0.82580441
5328.8000 0.78292239
5329.7000 0.8500573
5330.6000 0.93982917
5331.5000 0.97720373
5332.4000 0.97501916
5333.3000 0.97295415
5334.2000 0.99044025
5335.1000 1.00729561
5336.0000 1.006217
5336.9000 0.99679375
5337.8000 0.99438661
5338.7000 0.98716724
5339.6000 0.95369124
5340.5000 0.9138425
5341.4000 0.91651481
5342.3000 0.95768553
5343.2000 0.99043459
5344.1000 1.00018251
5345.0000 0.9907887
5345.9000 0.97129613
5346.8000 0.97254765
5347.7000 0.98128384
5348.6000 0.9637931
5349.5000 0.94905055
5350.4000 0.96919459
5351.3000 1.00526714
5352.2000 1.01798081
5353.1000 1.00607646
5354.0000 1.00474977
5354.9000 1.02902222
5355.8000 1.04829466
5356.7000 1.04654503
5357.6000 1.04060376
5358.5000 1.04347336
5359.4000 1.04890478
5360.3000 1.0458132
5361.2000 1.02736664
5362.1000 1.00253808
5363.0000 0.98940301
5363.9000 0.98515505
5364.8000 0.97419673
5365.7000 0.96859759
5366.6000 0.98025334
5367.5000 0.98555267
5368.4000 0.98110831
5369.3000 0.96115416
5370.2000 0.91999692
5371.1000 0.88805729
5372.0000 0.90044451
5372.9000 0.95590103
5373.8000 1.00291431
5374.7000 1.02481437
5375.6000 1.03464806
5376.5000 1.03026128
5377.4000 1.02261651
5378.3000 1.02156878
5379.2000 1.01584387
5380.1000 1.00133085
5381.0000 0.99036634
5381.9000 0.98998058
5382.8000 0.98930389
5383.7000 0.99069041
5384.6000 1.00573349
5385.5000 1.02030814
5386.4000 1.02094531
5387.3000 1.01614296
5388.2000 1.00909424
5389.1000 0.99341512
5390.0000 0.97641557
5390.9000 0.96626228
5391.8000 0.95826429
5392.7000 0.95316416
5393.6000 0.9510361
5394.5000 0.95088154
5395.4000 0.9502784
5396.3000 0.93167305
5397.2000 0.90397525
5398.1000 0.91382539
5399.0000 0.95587021
5399.9000 0.9775418
5400.8000 0.97857511
5401.7000 0.98813939
5402.6000 0.9889425
5403.5000 0.9529658
5404.4000 0.9036389
5405.3000 0.87533599
5406.2000 0.88286871
5407.1000 0.92097998
5408.0000 0.95406914
5408.9000 0.94961149
5409.8000 0.92258292
5410.7000 0.9217459
5411.6000 0.95755243
5412.5000 0.99381799
5413.4000 1.00317824
5414.3000 0.98861867
5415.2000 0.9755007
5416.1000 0.98611492
5417.0000 1.00375795
5417.9000 1.00498652
5418.8000 0.9935692
5419.7000 0.97741693
5420.6000 0.96707022
5421.5000 0.97421497
5422.4000 0.9864791
5423.3000 0.97092575
5424.2000 0.93795365
5425.1000 0.93921882
5426.0000 0.98203754
5426.9000 1.01977086
5427.8000 1.01850951
5428.7000 0.96800238
5429.6000 0.90901446
5430.5000 0.91259766
5431.4000 0.95609415
5432.3000 0.96177405
5433.2000 0.93986833
5434.1000 0.92048979
5435.0000 0.91036212
5435.9000 0.91651118
5436.8000 0.93821764
5437.7000 0.97742128
5438.6000 1.01874757
5439.5000 1.03841114
5440.4000 1.03735328
5441.3000 1.03023994
5442.2000 1.02961767
5443.1000 1.02980435
5444.0000 1.01361823
5444.9000 0.97682393
5445.8000 0.92891407
5446.7000 0.89336967
5447.6000 0.91115856
5448.5000 0.97521013
5449.4000 1.01903319
5450.3000 1.02598548
5451.2000 1.02146399
5452.1000 1.01702976
5453.0000 1.00738132
5453.9000 0.98053437
5454.8000 0.93434238
5455.7000 0.90697521
5456.6000 0.93836188
5457.5000 0.9968763
5458.4000 1.02784359
5459.3000 1.02853489
5460.2000 1.01527309
5461.1000 0.99850142
5462.0000 0.97103709
5462.9000 0.93856019
5463.8000 0.93878275
5464.7000 0.97363621
5465.6000 0.99221796
5466.5000 0.98474723
5467.4000 0.98624945
5468.3000 1.00076163
5469.2000 1.00106227
5470.1000 0.98633951
5471.0000 0.979653
5471.9000 0.98296112
5472.8000 0.97415882
5473.7000 0.95889515
5474.6000 0.95557719
5475.5000 0.93751866
5476.4000 0.88914835
5477.3000 0.87032145
5478.2000 0.91771567
5479.1000 0.97055548
5480.0000 0.97381884
5480.9000 0.94018865
5481.8000 0.91911954
5482.7000 0.93092388
5483.6000 0.9582504
5484.5000 0.99073231
5485.4000 1.01222038
5486.3000 1.00157452
5487.2000 0.97025746
5488.1000 0.95420367
5489.0000 0.96431327
5489.9000 0.97484446
5490.8000 0.97933376
5491.7000 0.98931181
5492.6000 0.98973703
5493.5000 0.97418749
5494.4000 0.97004437
5495.3000 0.98487961
5496.2000 0.98893839
5497.1000 0.97021264
5498.0000 0.96516591
5498.9000 0.99189144
5499.8000 1.00968552
5500.7000 0.99121267
5501.6000 0.95949739
5502.5000 0.95103157
5503.4000 0.96891743
5504.3000 0.98537248
5505.2000 0.9806143
5506.1000 0.95628953
5507.0000 0.94555151
5507.9000 0.96762055
5508.8000 0.99048334
5509.7000 0.98921186
5510.6000 0.97952986
5511.5000 0.96348363
5512.4000 0.93826866
5513.3000 0.92779028
5514.2000 0.9407106
5515.1000 0.96096987
5516.0000 0.97932714
5516.9000 0.99280781
5517.8000 1.00672615
5518.7000 1.01846397
5519.6000 1.02164197
5520.5000 1.01700687
5521.4000 1.01056302
5522.3000 1.00630987
5523.2000 1.00698209
5524.1000 1.00689793
5525.0000 0.99675679
5525.9000 0.97553468
5526.8000 0.95028377
5527.7000 0.92822152
5528.6000 0.92199957
5529.5000 0.94623601
5530.4000 0.9813574
5531.3000 0.99838066
5532.2000 0.99880666
5533.1000 0.99202675
5534.0000 0.97968709
5534.9000 0.9635666
5535.8000 0.96004766
5536.7000 0.97492641
5537.6000 0.98802251
5538.5000 0.99550164
5539.4000 1.00562382
5540.3000 1.01584768
5541.2000 1.02016366
5542.1000 1.01190436
5543.0000 0.9922964
5543.9000 0.98107839
5544.8000 0.98583376
5545.7000 0.98984265
5546.6000 0.98977
5547.5000 1.00080228
5548.4000 1.01921225
5549.3000 1.02983904
5550.2000 1.03278553
5551.1000 1.03352416
5552.0000 1.02649581
5552.9000 1.00736892
5553.8000 0.98677254
5554.7000 0.98159784
5555.6000 0.99359512
5556.5000 1.00851488
5557.4000 1.01085842
5558.3000 1.00471747
5559.2000 1.00421154
5560.1000 1.00848293
5561.0000 1.01179087
5561.9000 1.00536537
5562.8000 0.98407173
5563.7000 0.96984619
5564.6000 0.97160685
5565.5000 0.97243917
5566.4000 0.97061837
5567.3000 0.97608805
5568.2000 0.98197562
5569.1000 0.97495461
5570.0000 0.97147197
5570.9000 0.98361224
5571.8000 0.97881579
5572.7000 0.95644909
5573.6000 0.96015084
5574.5000 0.98860574
5575.4000 0.99354327
5576.3000 0.97749043
5577.2000 0.97448337
5578.1000 0.97992867
5579.0000 0.9867782
5579.9000 0.99821872
5580.8000 1.00014985
5581.7000 0.98689401
5582.6000 0.98182917
5583.5000 0.99388134
5584.4000 0.99970371
5585.3000 0.98698092
5586.2000 0.95320481
5587.1000 0.91026503
5588.0000 0.88829154
5588.9000 0.89120656
5589.8000 0.90919131
5590.7000 0.93326753
5591.6000 0.94895756
5592.5000 0.95026845
5593.4000 0.94235903
5594.3000 0.93194789
5595.2000 0.94574726
5596.1000 0.98678178
5597.0000 1.00347924
5597.9000 0.97601777
5598.8000 0.9484939
5599.7000 0.94611472
5600.6000 0.94739795
5601.5000 0.93869764
5602.4000 0.92285478
5603.3000 0.92638135
5604.2000 0.96799666
5605.1000 1.0127908
5606.0000 1.03205657
5606.9000 1.03164244
5607.8000 1.02461922
5608.7000 1.02453589
5609.6000 1.02755427
5610.5000 1.0249064
5611.4000 1.02338719
5612.3000 1.0289979
5613.2000 1.030424
5614.1000 1.00118041
5615.0000 0.94116813
5615.9000 0.90781599
5616.8000 0.93676877
5617.7000 0.97896844
5618.6000 0.98957169
5619.5000 0.98237491
5620.4000 0.98188102
5621.3000 0.99270344
5622.2000 1.0053432
5623.1000 0.99661416
5624.0000 0.95815676
5624.9000 0.92665261
5625.8000 0.93707436
5626.7000 0.96892953
5627.6000 0.98622185
5628.5000 0.99566203
5629.4000 1.01258624
5630.3000 1.0280056
5631.2000 1.03162622
5632.1000 1.0237087
5633.0000 1.0084368
5633.9000 0.99198854
5634.8000 0.98376751
5635.7000 0.97993845
5636.6000 0.96879745
5637.5000 0.9569068
5638.4000 0.96019435
5639.3000 0.97758472
5640.2000 0.98180276
5641.1000 0.95967823
5642.0000 0.94585288
5642.9000 0.95822215
5643.8000 0.97188342
5644.7000 0.97982502
5645.6000 0.9873606
5646.5000 0.99457246
5647.4000 1.00004458
5648.3000 0.99799985
5649.2000 0.9896614
5650.1000 0.98101044
5651.0000 0.98017001
5651.9000 0.98645568
5652.8000 0.99286771
5653.7000 0.98702711
5654.6000 0.96390444
5655.5000 0.949705
5656.4000 0.95768875
5657.3000 0.94045347
5658.2000 0.88476062
5659.1000 0.86293018
5660.0000 0.90639699
5660.9000 0.95089585
5661.8000 0.95114285
5662.7000 0.93444824
5663.6000 0.94092238
5664.5000 0.96761864
5665.4000 0.98504281
5666.3000 0.98204064
5667.2000 0.96748585
5668.1000 0.9544304
5669.0000 0.95143574
5669.9000 0.95857811
5670.8000 0.97143281
5671.7000 0.98670429
5672.6000 1.00426519
5673.5000 1.01609099
5674.4000 1.01019204
5675.3000 0.99455154
5676.2000 0.9920426
5677.1000 1.00085258
5678.0000 1.00140893
5678.9000 0.99145645
5679.8000 0.98532373
5680.7000 0.98817801
5681.6000 0.98059142
5682.5000 0.95901841
5683.4000 0.94634861
5684.3000 0.948111
5685.2000 0.95570338
5686.1000 0.95846945
5687.0000 0.94752735
5687.9000 0.9386701
5688.8000 0.94489241
5689.7000 0.96224743
5690.6000 0.974289
5691.5000 0.97993881
5692.4000 0.98838961
5693.3000 0.99249172
5694.2000 0.9881677
5695.1000 0.98335481
5696.0000 0.98837876
5696.9000 0.99175882
5697.8000 0.97721922
5698.7000 0.95747215
5699.6000 0.94611871
5700.5000 0.93523228
5701.4000 0.92237544
5702.3000 0.92354983
5703.2000 0.94024825
5704.1000 0.95485443
5705.0000 0.95329112
5705.9000 0.936077
5706.8000 0.92111427
5707.7000 0.91384089
5708.6000 0.89585066
5709.5000 0.87599856
5710.4000 0.87843156
5711.3000 0.88817233
5712.2000 0.89815313
5713.1000 0.92742968
5714.0000 0.96132982
5714.9000 0.97503185
5715.8000 0.97822982
5716.7000 0.98293149
5717.6000 0.98352742
5718.5000 0.98458546
5719.4000 0.9924432
5720.3000 0.997814
5721.2000 0.99649203
5722.1000 0.99595529
5723.0000 0.99961591
5723.9000 1.00165296
5724.8000 0.99845809
5725.7000 0.99124259
5726.6000 0.97927588
5727.5000 0.96900529
5728.4000 0.97361439
5729.3000 0.98570657
5730.2000 0.98779929
5731.1000 0.97442085
5732.0000 0.96219665
5732.9000 0.9695375
5733.8000 0.98720616
5734.7000 0.99918461
5735.6000 1.00160015
5736.5000 0.99598569
5737.4000 0.99021703
5738.3000 0.98853433
5739.2000 0.99063039
5740.1000 0.99392802
5741.0000 0.99352801
5741.9000 0.98847091
5742.8000 0.98653287
5743.7000 0.99132913
5744.6000 0.99730766
5745.5000 1.00208271
5746.4000 1.00073326
5747.3000 0.98472315
5748.2000 0.96251088
5749.1000 0.95903558
5750.0000 0.97776544
5750.9000 0.99202824
5751.8000 0.98260909
5752.7000 0.95311409
5753.6000 0.92002827
5754.5000 0.90879381
5755.4000 0.9336589
5756.3000 0.9716869
5757.2000 0.99272656
5758.1000 0.99651694
5759.0000 0.99568218
5759.9000 0.99063659
5760.8000 0.97557741
5761.7000 0.95616919
5762.6000 0.94154
5763.5000 0.94490463
5764.4000 0.97117275
5765.3000 0.99731421
5766.2000 1.00733244
5767.1000 1.0079509
5768.0000 1.00532782
5768.9000 1.00118446
5769.8000 0.99789792
5770.7000 0.99528366
5771.6000 0.98685187
5772.5000 0.97677326
5773.4000 0.97430348
5774.3000 0.97501248
5775.2000 0.97502446
5776.1000 0.98023313
5777.0000 0.98597288
5777.9000 0.98315823
5778.8000 0.97719264
5779.7000 0.96902329
5780.6000 0.94594336
5781.5000 0.91392761
5782.4000 0.90184909
5783.3000 0.91610551
5784.2000 0.93111837
5785.1000 0.92973441
5786.0000 0.93224227
5786.9000 0.95104277
5787.8000 0.96805477
5788.7000 0.97386205
5789.6000 0.9711923
5790.5000 0.960482
5791.4000 0.95081395
5792.3000 0.95431489
5793.2000 0.96533024
5794.1000 0.97308701
5795.0000 0.98264003
5795.9000 0.99110442
5796.8000 0.98578554
5797.7000 0.96965659
5798.6000 0.96182001
5799.5000 0.97325444
5800.4000 0.98880708
5801.3000 0.99614078
5802.2000 0.99919248
5803.1000 0.99164766
5804.0000 0.97167188
5804.9000 0.95374393
5805.8000 0.94814694
5806.7000 0.95342052
5807.6000 0.96300566
5808.5000 0.97016406
5809.4000 0.97203046
5810.3000 0.97587162
5811.2000 0.98648739
5812.1000 0.99447662
5813.0000 0.99781215
5813.9000 0.99697989
5814.8000 0.98787838
5815.7000 0.97447819
5816.6000 0.96417934
5817.5000 0.97117293
5818.4000 0.99379951
5819.3000 1.00996125
5820.2000 1.01166153
5821.1000 1.00539815
5822.0000 0.9974826
5822.9000 0.99212551
5823.8000 0.99454123
5824.7000 1.00380492
5825.6000 1.00688565
5826.5000 1.00138772
5827.4000 0.99548167
5828.3000 0.9937976
5829.2000 0.99870819
5830.1000 1.00590551
5831.0000 1.00924695
5831.9000 1.00948203
5832.8000 1.007146
5833.7000 1.0021404
5834.6000 0.99557477
5835.5000 0.99557263
5836.4000 1.00434303
5837.3000 1.00828075
5838.2000 1.00196731
5839.1000 0.99643964
5840.0000 1.00069022
5840.9000 1.00883269
5841.8000 1.01453865
5842.7000 1.01850033
5843.6000 1.01866221
5844.5000 1.01403391
5845.4000 1.00683987
5846.3000 0.9982571
5847.2000 0.98879719
5848.1000 0.98327434
5849.0000 0.98828948
5849.9000 0.99910551
5850.8000 1.0051471
5851.7000 1.00002646
5852.6000 0.98171097
5853.5000 0.96051645
5854.4000 0.95467967
5855.3000 0.96505135
5856.2000 0.96974206
5857.1000 0.95155907
5858.0000 0.93027192
5858.9000 0.9334954
5859.8000 0.95424056
5860.7000 0.97359329
5861.6000 0.97989708
5862.5000 0.97474062
5863.4000 0.97653425
5864.3000 0.99197167
5865.2000 1.0057559
5866.1000 0.99939877
5867.0000 0.98039979
5867.9000 0.97629845
5868.8000 0.99196136
5869.7000 1.0061065
5870.6000 1.00967848
5871.5000 1.00885272
5872.4000 1.00681388
5873.3000 1.00496638
5874.2000 1.00758147
5875.1000 1.00991905
5876.0000 1.00553179
5876.9000 0.99925309
5877.8000 0.99619287
5878.7000 0.99739426
5879.6000 0.99723649
5880.5000 0.9907065
5881.4000 0.98537916
5882.3000 0.98684138
5883.2000 0.98497134
5884.1000 0.97361183
5885.0000 0.9699769
5885.9000 0.98194832
5886.8000 0.99108094
5887.7000 0.98464388
5888.6000 0.9483341
5889.5000 0.86963367
5890.4000 0.79840302
5891.3000 0.808173
5892.2000 0.86995238
5893.1000 0.9117198
5894.0000 0.9294672
5894.9000 0.92256463
5895.8000 0.87739432
5896.7000 0.84592199
5897.6000 0.8769477
5898.5000 0.92713708
5899.4000 0.94990468
5900.3000 0.95735878
5901.2000 0.96680045
5902.1000 0.97414637
5903.0000 0.97804457
5903.9000 0.9817661
5904.8000 0.98084396
5905.7000 0.9768393
5906.6000 0.97698593
5907.5000 0.98263764
5908.4000 0.98738623
5909.3000 0.98653388
5910.2000 0.98638093
5911.1000 0.99004656
5912.0000 0.99341309
5912.9000 0.98856026
5913.8000 0.97069722
5914.7000 0.95097214
5915.6000 0.94187218
5916.5000 0.94486171
5917.4000 0.95896143
5918.3000 0.97256023
5919.2000 0.97265965
5920.1000 0.96489781
5921.0000 0.96372128
5921.9000 0.97060943
5922.8000 0.97678673
5923.7000 0.97982842
5924.6000 0.98168367
5925.5000 0.98688787
5926.4000 0.99672037
5927.3000 1.0001179
5928.2000 0.99125952
5929.1000 0.97422588
5930.0000 0.95709515
5930.9000 0.95642483
5931.8000 0.97481424
5932.7000 0.98988497
5933.6000 0.98582351
5934.5000 0.97213197
5935.4000 0.9670397
5936.3000 0.97630596
5937.2000 0.9900105
5938.1000 0.99727994
5939.0000 0.99978882
5939.9000 0.99810547
5940.8000 0.98752606
5941.7000 0.97180492
5942.6000 0.96120149
5943.5000 0.96111858
5944.4000 0.97030503
5945.3000 0.98072785
5946.2000 0.98409325
5947.1000 0.97808623
5948.0000 0.96401489
5948.9000 0.94714588
5949.8000 0.93945992
5950.7000 0.95097619
5951.6000 0.96700656
5952.5000 0.96525258
5953.4000 0.95483804
5954.3000 0.96145874
5955.2000 0.97967595
5956.1000 0.98020184
5957.0000 0.96170956
5957.9000 0.95238125
5958.8000 0.95980525
5959.7000 0.97328877
5960.6000 0.98637336
5961.5000 0.99713117
5962.4000 1.00209677
5963.3000 1.0012666
5964.2000 0.99923551
5965.1000 0.99321926
5966.0000 0.98222727
5966.9000 0.97500151
5967.8000 0.97357672
5968.7000 0.97506189
5969.6000 0.97997576
5970.5000 0.98873389
5971.4000 0.99699581
5972.3000 1.00068188
5973.2000 1.00108993
5974.1000 0.99653405
5975.0000 0.98243511
5975.9000 0.96130347
5976.8000 0.94577175
5977.7000 0.94549209
5978.6000 0.9553284
5979.5000 0.96925288
5980.4000 0.9838239
5981.3000 0.99374378
5982.2000 0.99825305
5983.1000 0.98863345
5984.0000 0.96149868
5984.9000 0.93660748
5985.8000 0.93564999
5986.7000 0.95258939
5987.6000 0.96613127
5988.5000 0.97448909
5989.4000 0.98103732
5990.3000 0.98004699
5991.2000 0.96903545
5992.1000 0.96041638
5993.0000 0.96887869
5993.9000 0.98365301
5994.8000 0.98804265
5995.7000 0.98667109
5996.6000 0.98212892
5997.5000 0.97115248
5998.4000 0.96406704
5999.3000 0.96901029
6000.2000 0.98168439
6001.1000 0.98994321
6002.0000 0.9831199
6002.9000 0.96398991
6003.8000 0.95324063
6004.7000 0.96138209
6005.6000 0.96867365
6006.5000 0.96374708
6007.4000 0.95070893
6008.3000 0.93447655
6009.2000 0.93245167
6010.1000 0.95393991
6011.0000 0.97842997
6011.9000 0.98324239
6012.8000 0.96666974
6013.7000 0.95155817
6014.6000 0.95750237
6015.5000 0.97105187
6016.4000 0.96759677
6017.3000 0.95738149
6018.2000 0.96275771
6019.1000 0.97048384
6020.0000 0.95964205
6020.9000 0.94107223
6021.8000 0.93419188
6022.7000 0.94035047
6023.6000 0.94568986
6024.5000 0.94715226
6025.4000 0.9553073
6026.3000 0.96541446
6027.2000 0.96848243
6028.1000 0.97112584
6029.0000 0.97980237
6029.9000 0.98621589
6030.8000 0.98798931
6031.7000 0.99131209
6032.6000 0.99474734
6033.5000 0.99642837
6034.4000 0.99812049
6035.3000 0.9989202
6036.2000 0.99679917
6037.1000 0.9923647
6038.0000 0.99116868
6038.9000 0.99378765
6039.8000 0.99255544
6040.7000 0.98696774
6041.6000 0.98151743
6042.5000 0.97825873
6043.4000 0.9817186
6044.3000 0.98955613
6045.2000 0.99362451
6046.1000 0.9908374
6047.0000 0.98679113
6047.9000 0.98589754
6048.8000 0.98638898
6049.7000 0.98661268
6050.6000 0.98500127
6051.5000 0.9834798
6052.4000 0.98379087
6053.3000 0.98038977
6054.2000 0.97546774
6055.1000 0.96854228
6056.0000 0.95787483
6056.9000 0.95113003
6057.8000 0.95660126
6058.7000 0.96971011
6059.6000 0.97795749
6060.5000 0.97961283
6061.4000 0.97775018
6062.3000 0.97300571
6063.2000 0.96616107
6064.1000 0.95615149
6065.0000 0.94095379
6065.9000 0.92689347
6066.8000 0.93267226
6067.7000 0.95724458
6068.6000 0.97736555
6069.5000 0.98465258
6070.4000 0.98633569
6071.3000 0.98852712
6072.2000 0.99293423
6073.1000 0.99428791
6074.0000 0.99107301
6074.9000 0.98930693
6075.8000 0.99023169
6076.7000 0.98793554
6077.6000 0.9741677
6078.5000 0.95356154
6079.4000 0.94152212
6080.3000 0.94824678
6081.2000 0.96120942
6082.1000 0.96007019
6083.0000 0.95017028
6083.9000 0.94639742
6084.8000 0.94581872
6085.7000 0.94492048
6086.6000 0.94547379
6087.5000 0.95126426
6088.4000 0.96067721
6089.3000 0.96338409
6090.2000 0.95718884
6091.1000 0.95208752
6092.0000 0.95335978
6092.9000 0.95637345
6093.8000 0.9576956
6094.7000 0.96387631
6095.6000 0.97235286
6096.5000 0.97298455
6097.4000 0.96649033
6098.3000 0.96305323
6099.2000 0.97037572
6100.1000 0.98207384
6101.0000 0.98227209
6101.9000 0.95710558
6102.8000 0.91355515
6103.7000 0.89353347
6104.6000 0.92155832
6105.5000 0.96388775
6106.4000 0.98149252
6107.3000 0.97446531
6108.2000 0.96046954
6109.1000 0.95628011
6110.0000 0.96686661
6110.9000 0.97564298
6111.8000 0.97196114
6112.7000 0.96762156
6113.6000 0.97077346
6114.5000 0.97686404
6115.4000 0.97872508
6116.3000 0.9710418
6117.2000 0.96423697
6118.1000 0.97044212
6119.0000 0.97822261
6119.9000 0.97410554
6120.8000 0.96357352
6121.7000 0.94835389
6122.6000 0.92686701
6123.5000 0.92442238
6124.4000 0.95088732
6125.3000 0.97365254
6126.2000 0.97428149
6127.1000 0.96593648
6128.0000 0.95859307
6128.9000 0.94817525
6129.8000 0.94155139
6130.7000 0.94790083
6131.6000 0.95915633
6132.5000 0.96471095
6133.4000 0.96743935
6134.3000 0.97136742
6135.2000 0.96677637
6136.1000 0.9354701
6137.0000 0.87961292
6137.9000 0.84143162
6138.8000 0.8606295
6139.7000 0.91808766
6140.6000 0.95715272
6141.5000 0.94977492
6142.4000 0.9226554
6143.3000 0.91964251
6144.2000 0.94355583
6145.1000 0.96332175
6146.0000 0.96760362
6146.9000 0.96664947
6147.8000 0.96349525
6148.7000 0.95756894
6149.6000 0.95484459
6150.5000 0.95779026
6151.4000 0.96007949
6152.3000 0.95819497
6153.2000 0.96001667
6154.1000 0.96241754
6155.0000 0.95689547
6155.9000 0.95252776
6156.8000 0.95783126
6157.7000 0.9645949
6158.6000 0.96908289
6159.5000 0.97549528
6160.4000 0.97055656
6161.3000 0.93799269
6162.2000 0.89065081
6163.1000 0.86239421
6164.0000 0.87323874
6164.9000 0.90878683
6165.8000 0.93719316
6166.7000 0.94874167
6167.6000 0.95510864
6168.5000 0.95224899
6169.4000 0.92506695
6170.3000 0.89562935
6171.2000 0.90012288
6172.1000 0.93083578
6173.0000 0.95257276
6173.9000 0.95332432
6174.8000 0.94940007
6175.7000 0.9515537
6176.6000 0.95133609
6177.5000 0.94882524
6178.4000 0.95569056
6179.3000 0.96462387
6180.2000 0.96223855
6181.1000 0.95739055
6182.0000 0.9642911
6182.9000 0.97564197
6183.8000 0.98004842
6184.7000 0.98120946
6185.6000 0.98071092
6186.5000 0.97368073
6187.4000 0.96133423
6188.3000 0.95080543
6189.2000 0.94910401
6190.1000 0.9488284
6191.0000 0.92808354
6191.9000 0.89507794
6192.8000 0.89459872
6193.7000 0.93213624
6194.6000 0.96333653
6195.5000 0.97002637
6196.4000 0.96807659
6197.3000 0.96869308
6198.2000 0.97095811
6199.1000 0.96709335
6200.0000 0.95304036
6200.9000 0.9383558
6201.8000 0.9395026
6202.7000 0.95504558
6203.6000 0.96686089
6204.5000 0.96861893
6205.4000 0.9677543
6206.3000 0.96874094
6207.2000 0.97133172
6208.1000 0.973822
6209.0000 0.97436428
6209.9000 0.97157729
6210.8000 0.96806937
6211.7000 0.96599245
6212.6000 0.95843667
6213.5000 0.93931121
6214.4000 0.91801065
6215.3000 0.90794128
6216.2000 0.90883994
6217.1000 0.91783988
6218.0000 0.93440753
6218.9000 0.94265103
6219.8000 0.92951143
6220.7000 0.91537648
6221.6000 0.91955388
6222.5000 0.93578154
6223.4000 0.94871289
6224.3000 0.95146853
6225.2000 0.95097131
6226.1000 0.95416564
6227.0000 0.95961499
6227.9000 0.96093345
6228.8000 0.95340419
6229.7000 0.93530524
6230.6000 0.90736145
6231.5000 0.88489628
6232.4000 0.88650173
6233.3000 0.90511638
6234.2000 0.92712009
6235.1000 0.94746149
6236.0000 0.96049726
6236.9000 0.96047056
6237.8000 0.94703746
6238.7000 0.93353325
6239.6000 0.92739421
6240.5000 0.92428213
6241.4000 0.92436647
6242.3000 0.92699802
6243.2000 0.92043954
6244.1000 0.90668142
6245.0000 0.9017753
6245.9000 0.90017754
6246.8000 0.89415181
6247.7000 0.89903235
6248.6000 0.92129892
6249.5000 0.9467777
6250.4000 0.96153891
6251.3000 0.95924765
6252.2000 0.93901777
6253.1000 0.90795511
6254.0000 0.88677531
6254.9000 0.88657075
6255.8000 0.89496678
6256.7000 0.89765364
6257.6000 0.89340413
6258.5000 0.88698262
6259.4000 0.88653255
6260.3000 0.90127355
6261.2000 0.92254221
6262.1000 0.93701047
6263.0000 0.94970578
6263.9000 0.95937961
6264.8000 0.95206738
6265.7000 0.9328652
6266.6000 0.92674065
6267.5000 0.94133139
6268.4000 0.9571811
6269.3000 0.95907539
6270.2000 0.9498682
6271.1000 0.93719834
6272.0000 0.93454671
6272.9000 0.94549376
6273.8000 0.95789373
6274.7000 0.96500492
6275.6000 0.96845871
6276.5000 0.96425307
6277.4000 0.94777775
6278.3000 0.92894089
6279.2000 0.92228985
6280.1000 0.92158097
6281.0000 0.91706419
6281.9000 0.91929257
6282.8000 0.93393475
6283.7000 0.95172483
6284.6000 0.96328926
6285.5000 0.96785271
6286.4000 0.96819246
6287.3000 0.9670583
6288.2000 0.96984416
6289.1000 0.97441024
6290.0000 0.97240859
6290.9000 0.96049958
6291.8000 0.95042717
6292.7000 0.9505949
6293.6000 0.95262522
6294.5000 0.95631295
6295.4000 0.96337318
6296.3000 0.95885634
6297.2000 0.94240636
6298.1000 0.92896605
6299.0000 0.9240852
6299.9000 0.92611063
6300.8000 0.927311
6301.7000 0.91741127
6302.6000 0.90045035
6303.5000 0.90084922
6304.4000 0.92762524
6305.3000 0.95514989
6306.2000 0.96295196
6307.1000 0.95935124
6308.0000 0.95923144
6308.9000 0.96378696
6309.8000 0.9610213
6310.7000 0.94798499
6311.6000 0.93445164
6312.5000 0.93333375
6313.4000 0.94194198
6314.3000 0.93747419
6315.2000 0.91377759
6316.1000 0.89407665
6317.0000 0.89924788
6317.9000 0.90777487
6318.8000 0.89974028
6319.7000 0.89894408
6320.6000 0.91723454
6321.5000 0.93262929
6322.4000 0.92814589
6323.3000 0.92486382
6324.2000 0.93216115
6325.1000 0.94786662
6326.0000 0.95814013
6326.9000 0.95928299
6327.8000 0.95333636
6328.7000 0.94949812
6329.6000 0.95189881
6330.5000 0.94812799
6331.4000 0.93668824
6332.3000 0.93505108
6333.2000 0.94971371
6334.1000 0.96091044
6335.0000 0.94885379
6335.9000 0.91820776
6336.8000 0.89567262
6337.7000 0.89756548
6338.6000 0.9094618
6339.5000 0.91573286
6340.4000 0.92234468
6341.3000 0.93535519
6342.2000 0.94347256
6343.1000 0.9376353
6344.0000 0.92423636
6344.9000 0.91501594
6345.8000 0.91918278
6346.7000 0.93114787
6347.6000 0.93620723
6348.5000 0.93772787
6349.4000 0.94401163
6350.3000 0.94811529
6351.2000 0.94558638
6352.1000 0.94286132
6353.0000 0.9431178
6353.9000 0.94001067
6354.8000 0.92794722
6355.7000 0.91569906
6356.6000 0.91777509
6357.5000 0.92882478
6358.4000 0.9246527
6359.3000 0.9055208
6360.2000 0.89844322
6361.1000 0.907938
6362.0000 0.91136402
6362.9000 0.90273732
6363.8000 0.89736933
6364.7000 0.90364236
6365.6000 0.91549981
6366.5000 0.92511922
6367.4000 0.92957854
6368.3000 0.93484378
6369.2000 0.94184917
6370.1000 0.94114882
6371.0000 0.93471789
6371.9000 0.93222499
6372.8000 0.93546903
6373.7000 0.94126761
6374.6000 0.94589651
6375.5000 0.95106506
6376.4000 0.95803297
6377.3000 0.95939046
6378.2000 0.95223022
6379.1000 0.94310206
6380.0000 0.93997443
6380.9000 0.9389143
6381.8000 0.93612683
6382.7000 0.94044048
6383.6000 0.94772267
6384.5000 0.94612014
6385.4000 0.93998659
6386.3000 0.9406442
6387.2000 0.95008719
6388.1000 0.95694339
6389.0000 0.95401436
6389.9000 0.94880837
6390.8000 0.94907814
6391.7000 0.950131
6392.6000 0.93983358
6393.5000 0.91503954
6394.4000 0.89651632
6395.3000 0.90659958
6396.2000 0.93333352
6397.1000 0.94942588
6398.0000 0.95275575
6398.9000 0.94751084
6399.8000 0.92252773
6400.7000 0.88627476
6401.6000 0.87964976
6402.5000 0.91413784
6403.4000 0.94813079
6404.3000 0.95751941
6405.2000 0.95668459
6406.1000 0.95230913
6407.0000 0.94011831
6407.9000 0.91909885
6408.8000 0.90178561
6409.7000 0.90779865
6410.6000 0.92645609
6411.5000 0.9293794
6412.4000 0.92013198
6413.3000 0.92316473
6414.2000 0.93750191
6415.1000 0.94325411
6416.0000 0.94006664
6416.9000 0.93770373
6417.8000 0.93699944
6418.7000 0.93836242
6419.6000 0.9336881
6420.5000 0.91350508
6421.4000 0.88954067
6422.3000 0.8863098
6423.2000 0.91315579
6424.1000 0.94594485
6425.0000 0.95663089
6425.9000 0.95104909
6426.8000 0.9485358
6427.7000 0.95307678
6428.6000 0.95371509
6429.5000 0.94516265
6430.4000 0.92782784
6431.3000 0.90251034
6432.2000 0.88784224
6433.1000 0.89874011
6434.0000 0.92046827
6434.9000 0.93878621
6435.8000 0.95019555
6436.7000 0.95217562
6437.6000 0.94414341
6438.5000 0.92569953
6439.4000 0.90144825
6440.3000 0.89153278
6441.2000 0.91014057
6442.1000 0.93755764
6443.0000 0.95312881
6443.9000 0.9559055
6444.8000 0.95080453
6445.7000 0.94752657
6446.6000 0.94993842
6447.5000 0.95379037
6448.4000 0.95076233
6449.3000 0.92965835
6450.2000 0.89221883
6451.1000 0.86931556
6452.0000 0.88985693
6452.9000 0.93025947
6453.8000 0.95240116
6454.7000 0.95035607
6455.6000 0.93041921
6456.5000 0.90745312
6457.4000 0.90210378
6458.3000 0.91812539
6459.2000 0.93920463
6460.1000 0.94908977
6461.0000 0.94782257
6461.9000 0.93209213
6462.8000 0.89585191
6463.7000 0.86624879
6464.6000 0.87666005
6465.5000 0.90782762
6466.4000 0.92982394
6467.3000 0.94209009
6468.2000 0.94596314
6469.1000 0.9380489
6470.0000 0.92448735
6470.9000 0.91522324
6471.8000 0.90744984
6472.7000 0.90228558
6473.6000 0.91014642
6474.5000 0.92317331
6475.4000 0.92226845
6476.3000 0.90620106
6477.2000 0.89668131
6478.1000 0.90810531
6479.0000 0.92609143
6479.9000 0.93163782
6480.8000 0.92443895
6481.7000 0.91133529
6482.6000 0.89583379
6483.5000 0.88851821
6484.4000 0.89606935
6485.3000 0.90962684
6486.2000 0.92309535
6487.1000 0.93388045
6488.0000 0.94014853
6488.9000 0.944583
6489.8000 0.94521368
6490.7000 0.93974596
6491.6000 0.92667663
6492.5000 0.90837318
6493.4000 0.8901965
6494.3000 0.86255109
6495.2000 0.82454032
6496.1000 0.79992306
6497.0000 0.80047154
6497.9000 0.82025146
6498.8000 0.8493818
6499.7000 0.86743212
6500.6000 0.87307543
6501.5000 0.88948423
6502.4000 0.91192991
6503.3000 0.92519397
6504.2000 0.93176162
6505.1000 0.93446559
6506.0000 0.93590581
6506.9000 0.93666863
6507.8000 0.93519247
6508.7000 0.93242502
6509.6000 0.92608649
6510.5000 0.92042339
6511.4000 0.9230541
6512.3000 0.92858922
6513.2000 0.9312737
6514.1000 0.93099099
6515.0000 0.92515492
6515.9000 0.90861034
6516.8000 0.88545209
6517.7000 0.86949557
6518.6000 0.86342776
6519.5000 0.86632067
6520.4000 0.88181907
6521.3000 0.90173906
6522.2000 0.91600233
6523.1000 0.92106909
6524.0000 0.91871232
6524.9000 0.91675562
6525.8000 0.91796362
6526.7000 0.91725141
6527.6000 0.91058159
6528.5000 0.9039582
6529.4000 0.90739715
6530.3000 0.91780287
6531.2000 0.92489624
6532.1000 0.92253733
6533.0000 0.90978152
6533.9000 0.89356369
6534.8000 0.88991809
6535.7000 0.90194821
6536.6000 0.91523355
6537.5000 0.92121452
6538.4000 0.92093855
6539.3000 0.92029822
6540.2000 0.92352861
6541.1000 0.92554003
6542.0000 0.92457408
6542.9000 0.92204446
6543.8000 0.9173494
6544.7000 0.91146594
6545.6000 0.90104085
6546.5000 0.8838653
6547.4000 0.86993629
6548.3000 0.87302649
6549.2000 0.88794345
6550.1000 0.8968029
6551.0000 0.89933366
6551.9000 0.90132356
6552.8000 0.89774519
6553.7000 0.88752902
6554.6000 0.874286
6555.5000 0.86390209
6556.4000 0.86312437
6557.3000 0.86970067
6558.2000 0.87538564
6559.1000 0.87315524
6560.0000 0.86275136
6560.9000 0.8434059
6561.8000 0.78876543
6562.7000 0.67023653
6563.6000 0.54718792
6564.5000 0.54555202
6565.4000 0.67184716
6566.3000 0.80206448
6567.2000 0.87007248
6568.1000 0.89384764
6569.0000 0.89425862
6569.9000 0.88264567
6570.8000 0.87605101
6571.7000 0.88365251
6572.6000 0.8883518
6573.5000 0.87730342
6574.4000 0.85926169
6575.3000 0.84496886
6576.2000 0.84604388
6577.1000 0.8674252
6578.0000 0.89410347
6578.9000 0.91086948
6579.8000 0.9160617
6580.7000 0.91109228
6581.6000 0.89748418
6582.5000 0.88519448
6583.4000 0.88412058
6584.3000 0.89027953
6585.2000 0.8965835
6586.1000 0.89728916
6587.0000 0.89053625
6587.9000 0.88594061
6588.8000 0.89061207
6589.7000 0.90007806
6590.6000 0.90907717
6591.5000 0.9136408
6592.4000 0.90089983
6593.3000 0.86410099
6594.2000 0.83224958
6595.1000 0.83686507
6596.0000 0.86798972
6596.9000 0.89310151
6597.8000 0.89754164
6598.7000 0.89084774
6599.6000 0.88725561
6600.5000 0.89307719
6601.4000 0.90278524
6602.3000 0.90681148
6603.2000 0.90453273
6604.1000 0.89852768
6605.0000 0.89005905
6605.9000 0.88443905
6606.8000 0.88699061
6607.7000 0.89114571
6608.6000 0.88570547
6609.5000 0.87289077
6610.4000 0.86790264
6611.3000 0.87859273
6612.2000 0.89671969
6613.1000 0.9084903
6614.0000 0.9084174
6614.9000 0.9035939
6615.8000 0.90395796
6616.7000 0.91046822
6617.6000 0.91390383
6618.5000 0.90968513
6619.4000 0.90384227
6620.3000 0.9048456
6621.2000 0.91107988
6622.1000 0.9124248
6623.0000 0.9089846
6623.9000 0.90420383
6624.8000 0.89493871
6625.7000 0.88578981
6626.6000 0.8881098
6627.5000 0.89948112
6628.4000 0.90446055
6629.3000 0.90113682
6630.2000 0.89989436
6631.1000 0.90115052
6632.0000 0.898193
6632.9000 0.88884681
6633.8000 0.87329948
6634.7000 0.85837001
6635.6000 0.85781062
6636.5000 0.87396729
6637.4000 0.89112729
6638.3000 0.89767981
6639.2000 0.89628571
6640.1000 0.89354038
6641.0000 0.89534515
6641.9000 0.90067923
6642.8000 0.89846176
6643.7000 0.88152212
6644.6000 0.86126781
6645.5000 0.8593449
6646.4000 0.8752439
6647.3000 0.88755929
6648.2000 0.88836199
6649.1000 0.88625354
6650.0000 0.88945103
6650.9000 0.89667612
6651.8000 0.90213192
6652.7000 0.90350437
6653.6000 0.9024148
6654.5000 0.90081185
6655.4000 0.90094459
6656.3000 0.90336055
6657.2000 0.90562731
6658.1000 0.90598142
6659.0000 0.90593624
6659.9000 0.90532941
6660.8000 0.90276885
6661.7000 0.90008628
6662.6000 0.89485741
6663.5000 0.88102263
6664.4000 0.86595351
6665.3000 0.86599261
6666.2000 0.88039964
6667.1000 0.89116883
6668.0000 0.89383394
6668.9000 0.89538532
6669.8000 0.89857626
6670.7000 0.90314025
6671.6000 0.90505356
6672.5000 0.90370256
6673.4000 0.9028641
6674.3000 0.90347826
6675.2000 0.90628999
6676.1000 0.91011608
6677.0000 0.90613651
6677.9000 0.88497311
6678.8000 0.85821408
6679.7000 0.85260111
6680.6000 0.87249905
6681.5000 0.89484602
6682.4000 0.90525341
6683.3000 0.90854579
6684.2000 0.91120124
6685.1000 0.91116184
6686.0000 0.90854877
6686.9000 0.90749103
6687.8000 0.90657371
6688.7000 0.9064545
6689.6000 0.90824479
6690.5000 0.90987575
6691.4000 0.90843785
6692.3000 0.90598845
6693.2000 0.9070729
6694.1000 0.90833151
6695.0000 0.90560639
6695.9000 0.89888275
6696.8000 0.88824105
6697.7000 0.880606
6698.6000 0.88234138
6699.5000 0.88992977
6700.4000 0.89841247
6701.3000 0.90522462
6702.2000 0.90759677
6703.1000 0.90476644
6704.0000 0.89730972
6704.9000 0.88760412
6705.8000 0.88071913
6706.7000 0.88200188
6707.6000 0.88875842
6708.5000 0.89494908
6709.4000 0.89889771
6710.3000 0.89962733
6711.2000 0.89769012
6712.1000 0.89554507
6713.0000 0.89505976
6713.9000 0.89283419
6714.8000 0.88725203
6715.7000 0.88275808
6716.6000 0.87666881
6717.5000 0.86622614
6718.4000 0.85792863
6719.3000 0.86122423
6720.2000 0.87719202
6721.1000 0.89132392
6722.0000 0.8948456
6722.9000 0.89378363
6723.8000 0.89606047
6724.7000 0.90170455
6725.6000 0.9017809
6726.5000 0.8942759
6727.4000 0.88749129
6728.3000 0.88833839
6729.2000 0.89623928
6730.1000 0.90097219
6731.0000 0.89746606
6731.9000 0.89274168
6732.8000 0.89164156
6733.7000 0.89174038
6734.6000 0.89086491
6735.5000 0.89198029
6736.4000 0.89701343
6737.3000 0.89973414
6738.2000 0.89505005
6739.1000 0.88376772
6740.0000 0.87600189
6740.9000 0.87971169
6741.8000 0.89041394
6742.7000 0.89635682
6743.6000 0.89049053
6744.5000 0.88475007
6745.4000 0.88911998
6746.3000 0.89545542
6747.2000 0.89557713
6748.1000 0.89314365
6749.0000 0.89161497
6749.9000 0.88438165
6750.8000 0.8708657
6751.7000 0.86650044
6752.6000 0.87576497
6753.5000 0.88421267
6754.4000 0.88674116
6755.3000 0.89025098
6756.2000 0.89118874
6757.1000 0.88817894
6758.0000 0.88988155
6758.9000 0.89467782
6759.8000 0.89897174
6760.7000 0.90437812
6761.6000 0.90597987
6762.5000 0.90350568
6763.4000 0.90506285
6764.3000 0.91022998
6765.2000 0.91033298
6766.1000 0.90475368
6767.0000 0.8980875
6767.9000 0.88702631
6768.8000 0.8747468
6769.7000 0.87629873
6770.6000 0.88749623
6771.5000 0.8878848
6772.4000 0.87668473
6773.3000 0.87050945
6774.2000 0.87648278
6775.1000 0.88495332
6776.0000 0.88817912
6776.9000 0.88942367
6777.8000 0.89077812
6778.7000 0.89187908
6779.6000 0.89500028
6780.5000 0.90006745
6781.4000 0.90162718
6782.3000 0.89780223
6783.2000 0.89067382
6784.1000 0.88162601
6785.0000 0.87499237
6785.9000 0.87228107
6786.8000 0.87018746
6787.7000 0.87177575
6788.6000 0.88111842
6789.5000 0.89295185
6790.4000 0.89907467
6791.3000 0.89833629
6792.2000 0.89829373
6793.1000 0.89995807
6794.0000 0.89619201
6794.9000 0.88941771
6795.8000 0.88778019
6796.7000 0.88878161
6797.6000 0.88768941
6798.5000 0.88739216
6799.4000 0.89011508
6800.3000 0.89179081
6801.2000 0.89066291
6802.1000 0.88858932
6803.0000 0.88706386
6803.9000 0.88361621
6804.8000 0.87803423
6805.7000 0.87670559
6806.6000 0.87797058
6807.5000 0.87500215
6808.4000 0.87309921
6809.3000 0.878254
6810.2000 0.88342106
6811.1000 0.88084692
6812.0000 0.87804538
6812.9000 0.88337338
6813.8000 0.88975614
6814.7000 0.88720793
6815.6000 0.87810159
6816.5000 0.87493747
6817.4000 0.88320327
6818.3000 0.89398944
6819.2000 0.89720982
6820.1000 0.89061242
6821.0000 0.88058847
6821.9000 0.87673122
6822.8000 0.88157344
6823.7000 0.88995451
6824.6000 0.89493549
6825.5000 0.89465946
6826.4000 0.89239925
6827.3000 0.889669
6828.2000 0.88558257
6829.1000 0.87903744
6830.0000 0.87414521
6830.9000 0.87767249
6831.8000 0.88700277
6832.7000 0.89396727
6833.6000 0.89584994
6834.5000 0.89554137
6835.4000 0.89271253
6836.3000 0.88959128
6837.2000 0.88984007
6838.1000 0.88863659
6839.0000 0.88275725
6839.9000 0.87388647
6840.8000 0.86260438
6841.7000 0.85197628
6842.6000 0.84396827
6843.5000 0.84029925
6844.4000 0.84528959
6845.3000 0.86057973
6846.2000 0.87923324
6847.1000 0.88906652
6848.0000 0.8882305
6848.9000 0.88490069
6849.8000 0.88493466
6850.7000 0.88904828
6851.6000 0.89378506
6852.5000 0.8948859
6853.4000 0.89189833
6854.3000 0.88439238
6855.2000 0.87015122
6856.1000 0.85527766
6857.0000 0.85057515
6857.9000 0.85475099
6858.8000 0.85796386
6859.7000 0.86072332
6860.6000 0.86444312
6861.5000 0.86335474
6862.4000 0.85713273
6863.3000 0.8559413
6864.2000 0.86696106
6865.1000 0.88211077
6866.0000 0.8896637
6866.9000 0.88670611
6867.8000 0.87208259
6868.7000 0.84971219
6869.6000 0.84165823
6870.5000 0.86675847
6871.4000 0.89093381
6872.3000 0.88002259
6873.2000 0.86271226
6874.1000 0.8535372
6875.0000 0.85426068
6875.9000 0.86063504
6876.8000 0.86272138
6877.7000 0.86278874
6878.6000 0.86837506
6879.5000 0.87307173
6880.4000 0.86961383
6881.3000 0.86733794
6882.2000 0.86916089
6883.1000 0.8669588
6884.0000 0.86246789
6884.9000 0.86186796
6885.8000 0.86524534
6886.7000 0.86447328
6887.6000 0.8631894
6888.5000 0.87430608
6889.4000 0.88376844
6890.3000 0.87881064
6891.2000 0.87906015
6892.1000 0.89030439
6893.0000 0.8906132
6893.9000 0.88057125
6894.8000 0.88018471
6895.7000 0.88433915
6896.6000 0.8767001
6897.5000 0.86834979
6898.4000 0.87478989
6899.3000 0.89002424
6900.2000 0.8914783
6901.1000 0.87956607
6902.0000 0.87643468
6902.9000 0.89137667
6903.8000 0.89937347
6904.7000 0.88583112
6905.6000 0.87246215
6906.5000 0.87720156
6907.4000 0.89142644
6908.3000 0.89534998
6909.2000 0.88899738
6910.1000 0.88440436
6911.0000 0.88958955
6911.9000 0.89315093
6912.8000 0.88422179
6913.7000 0.87013942
6914.6000 0.85693926
6915.5000 0.84822029
6916.4000 0.85009485
6917.3000 0.85757017
6918.2000 0.86210853
6919.1000 0.86712253
6920.0000 0.87664157
6920.9000 0.88588685
6921.8000 0.88909996
6922.7000 0.8882612
6923.6000 0.88477701
6924.5000 0.8725937
6925.4000 0.85752481
6926.3000 0.85358799
6927.2000 0.86189646
6928.1000 0.87144846
6929.0000 0.87432915
6929.9000 0.87065798
6930.8000 0.86697459
6931.7000 0.86541718
6932.6000 0.86440986
6933.5000 0.86020344
6934.4000 0.85268384
6935.3000 0.848445
6936.2000 0.85232389
6937.1000 0.86036277
6938.0000 0.8676424
6938.9000 0.86744756
6939.8000 0.85758644
6940.7000 0.84899521
6941.6000 0.84450489
6942.5000 0.84009159
6943.4000 0.83833355
6944.3000 0.83527249
6945.2000 0.82922965
6946.1000 0.82564861
6947.0000 0.83516997
6947.9000 0.85357678
6948.8000 0.85709488
6949.7000 0.84824508
6950.6000 0.84789979
6951.5000 0.85149759
6952.4000 0.8486349
6953.3000 0.84751755
6954.2000 0.85328752
6955.1000 0.85757679
6956.0000 0.86056745
6956.9000 0.86391026
6957.8000 0.85966462
6958.7000 0.8493607
6959.6000 0.84793872
6960.5000 0.85508925
6961.4000 0.8594057
6962.3000 0.86123979
6963.2000 0.86233389
6964.1000 0.86525118
6965.0000 0.87194932
6965.9000 0.87366843
6966.8000 0.86938691
6967.7000 0.86932003
6968.6000 0.87408847
6969.5000 0.87687719
6970.4000 0.87928849
6971.3000 0.88007778
6972.2000 0.87647557
6973.1000 0.87481219
6974.0000 0.88032001
6974.9000 0.88418972
6975.8000 0.87827957
6976.7000 0.86934161
6977.6000 0.85747784
6978.5000 0.83840609
6979.4000 0.81411082
6980.3000 0.80526382
6981.2000 0.82730269
6982.1000 0.85656995
6983.0000 0.87051451
6983.9000 0.87585485
6984.8000 0.88039762
6985.7000 0.88105297
6986.6000 0.87505054
6987.5000 0.8687731
6988.4000 0.86269534
6989.3000 0.8529281
6990.2000 0.84623873
6991.1000 0.84785235
6992.0000 0.85899264
6992.9000 0.87348032
6993.8000 0.87614763
6994.7000 0.86770076
6995.6000 0.85752302
6996.5000 0.85728329
6997.4000 0.86859918
6998.3000 0.87688583
6999.2000 0.87080133
7000.1000 0.84782392
7001.0000 0.82577443
7001.9000 0.82923907
7002.8000 0.85081428
7003.7000 0.8665852
7004.6000 0.8659783
7005.5000 0.8527419
7006.4000 0.8370173
7007.3000 0.82638991
7008.2000 0.82882369
7009.1000 0.8391605
7010.0000 0.85013402
7010.9000 0.8579101
7011.8000 0.85463756
7012.7000 0.8420077
7013.6000 0.83474302
7014.5000 0.84235519
7015.4000 0.85297489
7016.3000 0.84238797
7017.2000 0.80853629
7018.1000 0.78273594
7019.0000 0.79795063
7019.9000 0.83807975
7020.8000 0.86587715
7021.7000 0.87406129
7022.6000 0.87092948
7023.5000 0.85860515
7024.4000 0.83761841
7025.3000 0.81800312
7026.2000 0.81927139
7027.1000 0.84026802
7028.0000 0.85399044
7028.9000 0.84769469
7029.8000 0.83671421
7030.7000 0.83916306
7031.6000 0.85129678
7032.5000 0.86133808
7033.4000 0.86536241
7034.3000 0.86408418
7035.2000 0.85721779
7036.1000 0.84806675
7037.0000 0.84923768
7037.9000 0.85700822
7038.8000 0.84765679
7039.7000 0.82479161
7040.6000 0.81713748
7041.5000 0.82895511
7042.4000 0.84483135
7043.3000 0.85814911
7044.2000 0.86688113
7045.1000 0.87021363
7046.0000 0.86780345
7046.9000 0.86580622
7047.8000 0.8685863
7048.7000 0.87392825
7049.6000 0.88087535
7050.5000 0.88723761
7051.4000 0.88587499
7052.3000 0.87335944
7053.2000 0.85444343
7054.1000 0.83649117
7055.0000 0.83118045
7055.9000 0.84351099
7056.8000 0.85973227
7057.7000 0.86826336
7058.6000 0.86906528
7059.5000 0.8649987
7060.4000 0.85556352
7061.3000 0.84483451
7062.2000 0.84323144
7063.1000 0.84959
7064.0000 0.85184282
7064.9000 0.8520838
7065.8000 0.86006469
7066.7000 0.86932236
7067.6000 0.8644132
7068.5000 0.84550273
7069.4000 0.82847488
7070.3000 0.82756841
7071.2000 0.84350741
7072.1000 0.85973454
7073.0000 0.86184633
7073.9000 0.85755348
7074.8000 0.85626143
7075.7000 0.85826433
7076.6000 0.86020887
7077.5000 0.8629505
7078.4000 0.86683875
7079.3000 0.86804026
7080.2000 0.86573917
7081.1000 0.863657
7082.0000 0.86410922
7082.9000 0.86393917
7083.8000 0.8581301
7084.7000 0.84584922
7085.6000 0.82977569
7086.5000 0.82236135
7087.4000 0.83263302
7088.3000 0.84751469
7089.2000 0.85302395
7090.1000 0.84879911
7091.0000 0.83969742
7091.9000 0.83290482
7092.8000 0.83429521
7093.7000 0.84094298
7094.6000 0.8439424
7095.5000 0.84334266
7096.4000 0.84386331
7097.3000 0.84490186
7098.2000 0.84606141
7099.1000 0.84902793
7100.0000 0.8525725
7100.9000 0.85250479
7101.8000 0.84977424
7102.7000 0.84976041
7103.6000 0.85293788
7104.5000 0.85846341
7105.4000 0.86290771
7106.3000 0.86147302
7107.2000 0.85394281
7108.1000 0.84355026
7109.0000 0.83775389
7109.9000 0.84113616
7110.8000 0.8444699
7111.7000 0.8377068
7112.6000 0.82625133
7113.5000 0.8222636
7114.4000 0.82934386
7115.3000 0.83980143
7116.2000 0.84592956
7117.1000 0.84707481
7118.0000 0.84732413
7118.9000 0.84871179
7119.8000 0.84914571
7120.7000 0.84561104
7121.6000 0.83677506
7122.5000 0.82485598
7123.4000 0.81428069
7124.3000 0.81318027
7125.2000 0.82540148
7126.1000 0.83906853
7127.0000 0.84341162
7127.9000 0.83988899
7128.8000 0.83763289
7129.7000 0.8513605
7130.6000 0.85054624
7131.5000 0.84036505
7132.4000 0.82886255
7133.3000 0.82974613
7134.2000 0.84376818
7135.1000 0.85832322
7136.0000 0.87050873
7136.9000 0.87919021
7137.8000 0.88425004
7138.7000 0.88725454
7139.6000 0.88492751
7140.5000 0.87635142
7141.4000 0.87175184
7142.3000 0.87561548
7143.2000 0.87799233
7144.1000 0.87303025
7145.0000 0.86870557
7145.9000 0.86848801
7146.8000 0.87183434
7147.7000 0.87500584
7148.6000 0.86551088
7149.5000 0.84537846
7150.4000 0.84245372
7151.3000 0.85893804
7152.2000 0.87140018
7153.1000 0.87652278
7154.0000 0.88122165
7154.9000 0.8881923
7155.8000 0.89002562
7156.7000 0.88269258
7157.6000 0.88102579
7158.5000 0.89145088
7159.4000 0.89853543
7160.3000 0.89413321
7161.2000 0.88779622
7162.1000 0.88357055
7163.0000 0.88299531
7163.9000 0.88393956
7164.8000 0.87320489
7165.7000 0.84927797
7166.6000 0.82743698
7167.5000 0.82769352
7168.4000 0.8464781
7169.3000 0.86268848
7170.2000 0.86703432
7171.1000 0.86525053
7172.0000 0.86054486
7172.9000 0.85701066
7173.8000 0.86157805
7174.7000 0.8690989
7175.6000 0.86333197
7176.5000 0.84904987
7177.4000 0.84170198
7178.3000 0.84260648
7179.2000 0.84621215
7180.1000 0.84501135
7181.0000 0.83556765
7181.9000 0.82428151
7182.8000 0.81703722
7183.7000 0.82306236
7184.6000 0.84681857
7185.5000 0.87557274
7186.4000 0.89015019
7187.3000 0.88095498
7188.2000 0.86330903
7189.1000 0.84631664
7190.0000 0.83213478
7190.9000 0.82783401
7191.8000 0.83360445
7192.7000 0.84483159
7193.6000 0.84350801
7194.5000 0.81976366
7195.4000 0.80763596
7196.3000 0.81221086
7197.2000 0.81205177
7198.1000 0.80679774
7199.0000 0.80990922
7199.9000 0.82446057
7200.8000 0.83683753
7201.7000 0.85275054
7202.6000 0.86756551
7203.5000 0.86199623
7204.4000 0.85379958
7205.3000 0.86117119
7206.2000 0.86714101
7207.1000 0.86217225
7208.0000 0.8557089
7208.9000 0.84389406
7209.8000 0.83731723
7210.7000 0.84259838
7211.6000 0.84517145
7212.5000 0.84980786
7213.4000 0.85992205
7214.3000 0.86322737
7215.2000 0.85963547
7216.1000 0.85617983
7217.0000 0.85629106
7217.9000 0.86015409
7218.8000 0.86130196
7219.7000 0.8589893
7220.6000 0.85685921
7221.5000 0.85694766
7222.4000 0.86015123
7223.3000 0.86107224
7224.2000 0.85858822
7225.1000 0.85850507
7226.0000 0.86504996
7226.9000 0.87346548
7227.8000 0.87885761
7228.7000 0.88267058
7229.6000 0.87584645
7230.5000 0.86145347
7231.4000 0.86678141
7232.3000 0.886747
7233.2000 0.89979511
7234.1000 0.90183991
7235.0000 0.89655578
7235.9000 0.88818991
7236.8000 0.87764931
7237.7000 0.86088729
7238.6000 0.85461831
7239.5000 0.85655493
7240.4000 0.85563922
7241.3000 0.85193586
7242.2000 0.85422415
7243.1000 0.8584727
7244.0000 0.857337
7244.9000 0.85932916
7245.8000 0.85222214
7246.7000 0.8351025
7247.6000 0.83327717
7248.5000 0.84364092
7249.4000 0.84961414
7250.3000 0.84904027
7251.2000 0.84451026
7252.1000 0.83265686
7253.0000 0.82469922
7253.9000 0.8363933
7254.8000 0.85573786
7255.7000 0.85871458
7256.6000 0.85406834
7257.5000 0.86245614
7258.4000 0.87445843
7259.3000 0.87731415
7260.2000 0.86940515
7261.1000 0.86156458
7262.0000 0.85137469
7262.9000 0.83177137
7263.8000 0.82246703
7264.7000 0.83863014
7265.6000 0.8637628
7266.5000 0.88514078
7267.4000 0.89771301
7268.3000 0.89744055
7269.2000 0.89117819
7270.1000 0.88437945
7271.0000 0.88248837
7271.9000 0.88165814
7272.8000 0.87819225
7273.7000 0.87936443
7274.6000 0.88298738
7275.5000 0.87452781
7276.4000 0.86034065
7277.3000 0.85849905
7278.2000 0.86532438
7279.1000 0.86258173
7280.0000 0.8482489
7280.9000 0.84465575
7281.8000 0.85658342
7282.7000 0.86309481
7283.6000 0.85039026
7284.5000 0.83170199
7285.4000 0.82114995
7286.3000 0.82012081
7287.2000 0.82852066
7288.1000 0.83996421
7289.0000 0.83956575
7289.9000 0.81694192
7290.8000 0.79499698
7291.7000 0.8038978
7292.6000 0.81799865
7293.5000 0.80716366
7294.4000 0.79809147
7295.3000 0.80974239
7296.2000 0.82767129
7297.1000 0.83949101
7298.0000 0.84487599
7298.9000 0.84910613
7299.8000 0.85635382
7300.7000 0.86529171
7301.6000 0.86814493
7302.5000 0.863671
7303.4000 0.86306518
7304.3000 0.86959064
7305.2000 0.875799
7306.1000 0.87441379
7307.0000 0.86684591
7307.9000 0.85886532
7308.8000 0.85174185
7309.7000 0.84949052
7310.6000 0.85227787
7311.5000 0.84942347
7312.4000 0.83856958
7313.3000 0.83442318
7314.2000 0.8443284
7315.1000 0.85360163
7316.0000 0.8548463
7316.9000 0.85475206
7317.8000 0.85477912
7318.7000 0.85331863
7319.6000 0.85210145
7320.5000 0.84855992
7321.4000 0.84162736
7322.3000 0.83842117
7323.2000 0.84281981
7324.1000 0.84446079
7325.0000 0.83659071
7325.9000 0.82743096
7326.8000 0.82307768
7327.7000 0.82251054
7328.6000 0.82598972
7329.5000 0.8328405
7330.4000 0.83884072
7331.3000 0.84473735
7332.2000 0.85020143
7333.1000 0.85088378
7334.0000 0.84804142
7334.9000 0.84865034
7335.8000 0.85513538
7336.7000 0.8596307
7337.6000 0.86062062
7338.5000 0.86319363
7339.4000 0.86996341
7340.3000 0.87579328
7341.2000 0.87856138
7342.1000 0.87924635
7343.0000 0.87650448
7343.9000 0.87057787
7344.8000 0.86400545
7345.7000 0.85503167
7346.6000 0.85106337
7347.5000 0.8592214
7348.4000 0.87016147
7349.3000 0.87326038
7350.2000 0.86920041
7351.1000 0.85798061
7352.0000 0.84264016
7352.9000 0.8354826
7353.8000 0.84182334
7354.7000 0.8526302
7355.6000 0.85429454
7356.5000 0.84382069
7357.4000 0.82879257
7358.3000 0.82270408
7359.2000 0.82740903
7360.1000 0.83485115
7361.0000 0.84185064
7361.9000 0.8447302
7362.8000 0.83864212
7363.7000 0.8271991
7364.6000 0.81729144
7365.5000 0.81232411
7366.4000 0.81068951
7367.3000 0.81135482
7368.2000 0.81597126
7369.1000 0.82341272
7370.0000 0.82751846
7370.9000 0.82174951
7371.8000 0.81033981
7372.7000 0.80660206
7373.6000 0.80970681
7374.5000 0.81068909
7375.4000 0.80834156
7376.3000 0.80909961
7377.2000 0.81404823
7378.1000 0.81792825
7379.0000 0.82585359
7379.9000 0.83053184
7380.8000 0.82711613
7381.7000 0.81837577
7382.6000 0.80512136
7383.5000 0.78895199
7384.4000 0.77562129
7385.3000 0.76631981
7386.2000 0.76025259
7387.1000 0.75783837
7388.0000 0.75958222
7388.9000 0.76131058
7389.8000 0.7585811
7390.7000 0.75510472
7391.6000 0.75986886
7392.5000 0.77229315
7393.4000 0.77810299
7394.3000 0.77317744
7395.2000 0.77012169
7396.1000 0.77854055
7397.0000 0.7902267
7397.9000 0.79257226
7398.8000 0.79210943
7399.7000 0.79117143
7400.6000 0.78535426
7401.5000 0.77937168
7402.4000 0.7825672
7403.3000 0.79404205
7404.2000 0.80327201
7405.1000 0.80202776
7406.0000 0.79420173
7406.9000 0.790483
7407.8000 0.79214686
7408.7000 0.78848553
7409.6000 0.77547807
7410.5000 0.76558089
7411.4000 0.7480967
7412.3000 0.57313943
7413.2000 0.20207375
7414.1000 0.02093063
7415.0000 0.00050845
7415.9000 0.00000265
7416.8000 0
7417.7000 0
7418.6000 0
7419.5000 0
7420.4000 0
7421.3000 0
7422.2000 0
7423.1000 0
7424.0000 0
7424.9000 0
7425.8000 0
7426.7000 0
7427.6000 0
7428.5000 0
7429.4000 0
