3500.0000 0
3500.9000 0
3501.8000 0
3502.7000 0
3503.6000 0
3504.5000 0
3505.4000 0
3506.3000 0
3507.2000 0
3508.1000 0
3509.0000 0
3509.9000 0
3510.8000 0
3511.7000 0
3512.6000 0
3513.5000 0
3514.4000 0
3515.3000 0
3516.2000 0
3517.1000 0
3518.0000 0
3518.9000 0
3519.8000 0
3520.7000 0
3521.6000 0
3522.5000 0
3523.4000 0
3524.3000 0
3525.2000 0
3526.1000 0
3527.0000 0
3527.9000 0
3528.8000 0
3529.7000 0
3530.6000 0
3531.5000 0
3532.4000 0
3533.3000 0
3534.2000 0.00000001
3535.1000 0.0193148
3536.0000 0.59730715
3536.9000 0.63132215
3537.8000 0.64799249
3538.7000 0.65962583
3539.6000 0.64645076
3540.5000 0.62677878
3541.4000 0.61423802
3542.3000 0.62808472
3543.2000 0.63855636
3544.1000 0.63653672
3545.0000 0.62691826
3545.9000 0.61645836
3546.8000 0.61012799
3547.7000 0.61210704
3548.6000 0.62564963
3549.5000 0.63791472
3550.4000 0.63512778
3551.3000 0.62443399
3552.2000 0.6110338
3553.1000 0.59500748
3554.0000 0.60447544
3554.9000 0.62930942
3555.8000 0.63894492
3556.7000 0.64098644
3557.6000 0.63051414
3558.5000 0.6276294
3559.4000 0.62748879
3560.3000 0.60764128
3561.2000 0.6201691
3562.1000 0.65421081
3563.0000 0.63930362
3563.9000 0.56171423
3564.8000 0.49231234
3565.7000 0.49458623
3566.6000 0.538086
3567.5000 0.54640985
3568.4000 0.50291312
3569.3000 0.46607926
3570.2000 0.48005199
3571.1000 0.51376474
3572.0000 0.53647912
3572.9000 0.54898161
3573.8000 0.5557574
3574.7000 0.55285019
3575.6000 0.56690365
3576.5000 0.58836854
3577.4000 0.59010231
3578.3000 0.58932203
3579.2000 0.5577293
3580.1000 0.46918139
3581.0000 0.45001116
3581.9000 0.52129942
3582.8000 0.56674922
3583.7000 0.52057391
3584.6000 0.44766313
3585.5000 0.43268967
3586.4000 0.44798148
3587.3000 0.47068641
3588.2000 0.49672315
3589.1000 0.51806384
3590.0000 0.5620504
3590.9000 0.59313285
3591.8000 0.59454554
3592.7000 0.57959765
3593.6000 0.58151156
3594.5000 0.59110063
3595.4000 0.60659111
3596.3000 0.62013543
3597.2000 0.61359769
3598.1000 0.61063528
3599.0000 0.61583382
3599.9000 0.63206172
3600.8000 0.59518665
3601.7000 0.54082268
3602.6000 0.52522606
3603.5000 0.52954364
3604.4000 0.5290249
3605.3000 0.52690047
3606.2000 0.5339157
3607.1000 0.53094816
3608.0000 0.49792314
3608.9000 0.47493979
3609.8000 0.49395597
3610.7000 0.53635281
3611.6000 0.53207326
3612.5000 0.50781506
3613.4000 0.50438762
3614.3000 0.53824997
3615.2000 0.56737357
3616.1000 0.56053728
3617.0000 0.513762
3617.9000 0.43812129
3618.8000 0.43618336
3619.7000 0.49576586
3620.6000 0.53746009
3621.5000 0.57589185
3622.4000 0.59058678
3623.3000 0.5633477
3624.2000 0.57052147
3625.1000 0.61802584
3626.0000 0.64479464
3626.9000 0.62976134
3627.8000 0.61498147
3628.7000 0.60151631
3629.6000 0.53319943
3630.5000 0.44654682
3631.4000 0.44563064
3632.3000 0.50031471
3633.2000 0.51864421
3634.1000 0.51073879
3635.0000 0.51332349
3635.9000 0.53043693
3636.8000 0.54180139
3637.7000 0.56730127
3638.6000 0.59514648
3639.5000 0.60736877
3640.4000 0.59213203
3641.3000 0.56206435
3642.2000 0.54008698
3643.1000 0.52491814
3644.0000 0.50365359
3644.9000 0.50377792
3645.8000 0.51424575
3646.7000 0.50151891
3647.6000 0.50772846
3648.5000 0.52581686
3649.4000 0.54728127
3650.3000 0.56403536
3651.2000 0.5755282
3652.1000 0.5911442
3653.0000 0.595828
3653.9000 0.59571898
3654.8000 0.5900901
3655.7000 0.58849025
3656.6000 0.59898317
3657.5000 0.61578399
3658.4000 0.62992364
3659.3000 0.62366545
3660.2000 0.61659229
3661.1000 0.61348689
3662.0000 0.60491282
3662.9000 0.58991212
3663.8000 0.58538771
3664.7000 0.61050963
3665.6000 0.619223
3666.5000 0.62165403
3667.4000 0.60227191
3668.3000 0.56311423
3669.2000 0.54148203
3670.1000 0.55428612
3671.0000 0.59120202
3671.9000 0.62227738
3672.8000 0.61539006
3673.7000 0.60456759
3674.6000 0.61973536
3675.5000 0.61345237
3676.4000 0.58272547
3677.3000 0.5518055
3678.2000 0.54569143
3679.1000 0.55053222
3680.0000 0.55875093
3680.9000 0.57290894
3681.8000 0.57672
3682.7000 0.60645801
3683.6000 0.60500175
3684.5000 0.5766179
3685.4000 0.53570175
3686.3000 0.49459383
3687.2000 0.52568018
3688.1000 0.57443452
3689.0000 0.61196554
3689.9000 0.62058675
3690.8000 0.62977546
3691.7000 0.63087624
3692.6000 0.61526513
3693.5000 0.61526376
3694.4000 0.63411254
3695.3000 0.63964349
3696.2000 0.61768591
3697.1000 0.60222238
3698.0000 0.64065808
3698.9000 0.71107203
3699.8000 0.72804075
3700.7000 0.70627207
3701.6000 0.67486697
3702.5000 0.60642368
3703.4000 0.54753184
3704.3000 0.52108717
3705.2000 0.51486111
3706.1000 0.54038227
3707.0000 0.57402766
3707.9000 0.57286137
3708.8000 0.56792152
3709.7000 0.57615554
3710.6000 0.57254744
3711.5000 0.59074962
3712.4000 0.6671229
3713.3000 0.73091429
3714.2000 0.7283386
3715.1000 0.72704273
3716.0000 0.73044842
3716.9000 0.72044235
3717.8000 0.65543067
3718.7000 0.5503962
3719.6000 0.47210261
3720.5000 0.43581945
3721.4000 0.4480181
3722.3000 0.52690923
3723.2000 0.61568815
3724.1000 0.67986983
3725.0000 0.7091459
3725.9000 0.66619051
3726.8000 0.60894984
3727.7000 0.64337182
3728.6000 0.68368739
3729.5000 0.65390021
3730.4000 0.62243301
3731.3000 0.60623646
3732.2000 0.54351425
3733.1000 0.44033578
3734.0000 0.3819949
3734.9000 0.41346213
3735.8000 0.45167649
3736.7000 0.48325315
3737.6000 0.55647969
3738.5000 0.62525451
3739.4000 0.67123646
3740.3000 0.69640279
3741.2000 0.66763031
3742.1000 0.61639208
3743.0000 0.60502309
3743.9000 0.58883607
3744.8000 0.53963578
3745.7000 0.52707303
3746.6000 0.52168453
3747.5000 0.45795798
3748.4000 0.37691402
3749.3000 0.38584045
3750.2000 0.49503961
3751.1000 0.59416085
3752.0000 0.62922573
3752.9000 0.64555472
3753.8000 0.67236084
3754.7000 0.69774938
3755.6000 0.68644869
3756.5000 0.59348977
3757.4000 0.51016736
3758.3000 0.50503623
3759.2000 0.54880291
3760.1000 0.57765764
3761.0000 0.62025189
3761.9000 0.64703345
3762.8000 0.62647277
3763.7000 0.63371342
3764.6000 0.65365177
3765.5000 0.62779844
3766.4000 0.59597194
3767.3000 0.60743397
3768.2000 0.62326032
3769.1000 0.56571531
3770.0000 0.52674294
3770.9000 0.58370006
3771.8000 0.66548938
3772.7000 0.69324374
3773.6000 0.67615157
3774.5000 0.66293693
3775.4000 0.66524005
3776.3000 0.67711282
3777.2000 0.68030071
3778.1000 0.68723756
3779.0000 0.72225118
3779.9000 0.75263685
3780.8000 0.73970014
3781.7000 0.73260587
3782.6000 0.73872119
3783.5000 0.76333654
3784.4000 0.7500723
3785.3000 0.67923528
3786.2000 0.64308149
3787.1000 0.63905448
3788.0000 0.65245765
3788.9000 0.64645636
3789.8000 0.64652354
3790.7000 0.67414981
3791.6000 0.67718416
3792.5000 0.64081877
3793.4000 0.6144504
3794.3000 0.60722911
3795.2000 0.60800099
3796.1000 0.57112068
3797.0000 0.51255369
3797.9000 0.48797566
3798.8000 0.53722835
3799.7000 0.62465692
3800.6000 0.67272657
3801.5000 0.69737536
3802.4000 0.73643017
3803.3000 0.75816023
3804.2000 0.74939972
3805.1000 0.72307849
3806.0000 0.68598169
3806.9000 0.6804564
3807.8000 0.721816
3808.7000 0.76680064
3809.6000 0.78685731
3810.5000 0.79382437
3811.4000 0.76320904
3812.3000 0.6999892
3813.2000 0.65788215
3814.1000 0.63396674
3815.0000 0.62403822
3815.9000 0.6682772
3816.8000 0.72898316
3817.7000 0.74211794
3818.6000 0.66927767
3819.5000 0.56976306
3820.4000 0.58009577
3821.3000 0.69117546
3822.2000 0.74575293
3823.1000 0.67883855
3824.0000 0.58225667
3824.9000 0.53207195
3825.8000 0.54595399
3826.7000 0.5639472
3827.6000 0.57273912
3828.5000 0.58714223
3829.4000 0.61065578
3830.3000 0.61253935
3831.2000 0.55483997
3832.1000 0.49484336
3833.0000 0.47674879
3833.9000 0.46830839
3834.8000 0.47698998
3835.7000 0.50563538
3836.6000 0.52189267
3837.5000 0.51010209
3838.4000 0.52664024
3839.3000 0.54030967
3840.2000 0.54371256
3841.1000 0.60342085
3842.0000 0.66913867
3842.9000 0.70449501
3843.8000 0.7162925
3844.7000 0.70269734
3845.6000 0.69461125
3846.5000 0.73538995
3847.4000 0.76670307
3848.3000 0.73255754
3849.2000 0.67738539
3850.1000 0.67037743
3851.0000 0.70860732
3851.9000 0.7402339
3852.8000 0.7482785
3853.7000 0.74492967
3854.6000 0.71553212
3855.5000 0.67359364
3856.4000 0.68050873
3857.3000 0.67565048
3858.2000 0.61263013
3859.1000 0.54924321
3860.0000 0.58502722
3860.9000 0.69308078
3861.8000 0.75666875
3862.7000 0.76194435
3863.6000 0.74939525
3864.5000 0.731161
3865.4000 0.72780138
3866.3000 0.74366909
3867.2000 0.75713402
3868.1000 0.75535816
3869.0000 0.73720932
3869.9000 0.68153399
3870.8000 0.58258641
3871.7000 0.51429081
3872.6000 0.53222853
3873.5000 0.6074056
3874.4000 0.66968298
3875.3000 0.68770605
3876.2000 0.66133446
3877.1000 0.60196817
3878.0000 0.58639532
3878.9000 0.64466882
3879.8000 0.70189369
3880.7000 0.69627655
3881.6000 0.65507716
3882.5000 0.64757556
3883.4000 0.66015023
3884.3000 0.63050824
3885.2000 0.56785649
3886.1000 0.55158073
3887.0000 0.55052292
3887.9000 0.50867522
3888.8000 0.49270329
3889.7000 0.55235362
3890.6000 0.62590271
3891.5000 0.65746444
3892.4000 0.65359771
3893.3000 0.63098419
3894.2000 0.6054278
3895.1000 0.6164875
3896.0000 0.65699363
3896.9000 0.66252613
3897.8000 0.64402699
3898.7000 0.64441794
3899.6000 0.6645546
3900.5000 0.67518497
3901.4000 0.65339959
3902.3000 0.64598024
3903.2000 0.66641909
3904.1000 0.64467919
3905.0000 0.58549672
3905.9000 0.5759213
3906.8000 0.62960178
3907.7000 0.67966777
3908.6000 0.70020527
3909.5000 0.69400698
3910.4000 0.71653485
3911.3000 0.7536974
3912.2000 0.74269444
3913.1000 0.70328712
3914.0000 0.68298411
3914.9000 0.67273706
3915.8000 0.67360228
3916.7000 0.6885792
3917.6000 0.69037181
3918.5000 0.67058706
3919.4000 0.62012041
3920.3000 0.58659917
3921.2000 0.59840578
3922.1000 0.62333834
3923.0000 0.65315658
3923.9000 0.66143775
3924.8000 0.61971962
3925.7000 0.56871206
3926.6000 0.5041225
3927.5000 0.41912395
3928.4000 0.35149726
3929.3000 0.29181707
3930.2000 0.22480239
3931.1000 0.17137699
3932.0000 0.12857565
3932.9000 0.10247018
3933.8000 0.10559817
3934.7000 0.13979444
3935.6000 0.19255151
3936.5000 0.25966415
3937.4000 0.34115815
3938.3000 0.42914602
3939.2000 0.49998963
3940.1000 0.53424585
3941.0000 0.55695444
3941.9000 0.57515991
3942.8000 0.56973428
3943.7000 0.57057607
3944.6000 0.61919838
3945.5000 0.68515027
3946.4000 0.69826138
3947.3000 0.66731638
3948.2000 0.66369295
3949.1000 0.70658684
3950.0000 0.73652118
3950.9000 0.70949
3951.8000 0.66137928
3952.7000 0.67105669
3953.6000 0.7292521
3954.5000 0.73914874
3955.4000 0.6920833
3956.3000 0.66439062
3957.2000 0.68607342
3958.1000 0.72005391
3959.0000 0.72513682
3959.9000 0.67764193
3960.8000 0.59729886
3961.7000 0.53524268
3962.6000 0.50148517
3963.5000 0.46286049
3964.4000 0.3989681
3965.3000 0.31010076
3966.2000 0.21886973
3967.1000 0.1507047
3968.0000 0.12285906
3968.9000 0.14390415
3969.8000 0.20694414
3970.7000 0.28677002
3971.6000 0.36774188
3972.5000 0.44322225
3973.4000 0.5118022
3974.3000 0.57452285
3975.2000 0.6275661
3976.1000 0.65891784
3977.0000 0.68931156
3977.9000 0.72880501
3978.8000 0.76408392
3979.7000 0.78273916
3980.6000 0.75544697
3981.5000 0.71428663
3982.4000 0.70803446
3983.3000 0.73558354
3984.2000 0.7666955
3985.1000 0.77519459
3986.0000 0.76179504
3986.9000 0.77486879
3987.8000 0.80118251
3988.7000 0.79204506
3989.6000 0.78766793
3990.5000 0.80536962
3991.4000 0.83338338
3992.3000 0.84234774
3993.2000 0.81194007
3994.1000 0.77280223
3995.0000 0.75565535
3995.9000 0.74396354
3996.8000 0.72407693
3997.7000 0.73609024
3998.6000 0.77912909
3999.5000 0.79698467
4000.4000 0.79707789
4001.3000 0.81911731
4002.2000 0.8419714
4003.1000 0.82579595
4004.0000 0.76091647
4004.9000 0.70570219
4005.8000 0.708404
4006.7000 0.75992256
4007.6000 0.81207556
4008.5000 0.82943308
4009.4000 0.83796954
4010.3000 0.84335065
4011.2000 0.83763373
4012.1000 0.82950759
4013.0000 0.82463026
4013.9000 0.82864404
4014.8000 0.84072202
4015.7000 0.83960909
4016.6000 0.81979805
4017.5000 0.82093626
4018.4000 0.84134763
4019.3000 0.84559417
4020.2000 0.8347789
4021.1000 0.8376376
4022.0000 0.84848058
4022.9000 0.83679014
4023.8000 0.81772053
4024.7000 0.83271587
4025.6000 0.86321408
4026.5000 0.8846854
4027.4000 0.89296705
4028.3000 0.87664807
4029.2000 0.82589197
4030.1000 0.77968866
4031.0000 0.76984745
4031.9000 0.7689147
4032.8000 0.77585828
4033.7000 0.79010898
4034.6000 0.80849928
4035.5000 0.84452575
4036.4000 0.88705087
4037.3000 0.9184761
4038.2000 0.91024756
4039.1000 0.86670393
4040.0000 0.82509679
4040.9000 0.8354215
4041.8000 0.86570621
4042.7000 0.85928667
4043.6000 0.79752588
4044.5000 0.70802027
4045.4000 0.6943574
4046.3000 0.77749652
4047.2000 0.85092187
4048.1000 0.85726488
4049.0000 0.85041821
4049.9000 0.86664295
4050.8000 0.87890393
4051.7000 0.86530328
4052.6000 0.84809673
4053.5000 0.83590883
4054.4000 0.83397293
4055.3000 0.84518588
4056.2000 0.84215879
4057.1000 0.82300484
4058.0000 0.82660824
4058.9000 0.85889161
4059.8000 0.88831651
4060.7000 0.88878489
4061.6000 0.84839678
4062.5000 0.78348911
4063.4000 0.77024043
4064.3000 0.81271774
4065.2000 0.82337385
4066.1000 0.79784077
4067.0000 0.81898034
4067.9000 0.88135928
4068.8000 0.91013676
4069.7000 0.88511515
4070.6000 0.83155012
4071.5000 0.82055676
4072.4000 0.85900605
4073.3000 0.8792901
4074.2000 0.86702597
4075.1000 0.83384967
4076.0000 0.77796417
4076.9000 0.74356258
4077.8000 0.76713842
4078.7000 0.81964564
4079.6000 0.86472845
4080.5000 0.89297181
4081.4000 0.89374644
4082.3000 0.86675429
4083.2000 0.83373964
4084.1000 0.8131851
4085.0000 0.82658947
4085.9000 0.8641426
4086.8000 0.90855128
4087.7000 0.93719131
4088.6000 0.94006026
4089.5000 0.92928046
4090.4000 0.91438973
4091.3000 0.89664769
4092.2000 0.8971594
4093.1000 0.91186929
4094.0000 0.90120721
4094.9000 0.87241864
4095.8000 0.84784436
4096.7000 0.84749013
4097.6000 0.84936762
4098.5000 0.83471107
4099.4000 0.77930951
4100.3000 0.67455858
4101.2000 0.61625922
4102.1000 0.6694724
4103.0000 0.76360816
4103.9000 0.83514494
4104.8000 0.87408447
4105.7000 0.8811155
4106.6000 0.8736822
4107.5000 0.87229639
4108.4000 0.86112326
4109.3000 0.85125744
4110.2000 0.8627733
4111.1000 0.88182557
4112.0000 0.89580733
4112.9000 0.91177928
4113.8000 0.91801691
4114.7000 0.91782022
4115.6000 0.92926574
4116.5000 0.92475897
4117.4000 0.88221681
4118.3000 0.84700495
4119.2000 0.85470402
4120.1000 0.86864024
4121.0000 0.85929418
4121.9000 0.84951186
4122.8000 0.86309016
4123.7000 0.89285511
4124.6000 0.90073168
4125.5000 0.88223231
4126.4000 0.86531734
4127.3000 0.85280776
4128.2000 0.84707248
4129.1000 0.85368764
4130.0000 0.86284608
4130.9000 0.84754944
4131.8000 0.81762755
4132.7000 0.80824995
4133.6000 0.81751186
4134.5000 0.84829783
4135.4000 0.88650131
4136.3000 0.900365
4137.2000 0.90894818
4138.1000 0.92722166
4139.0000 0.93223238
4139.9000 0.92075253
4140.8000 0.89649504
4141.7000 0.84391689
4142.6000 0.79233694
4143.5000 0.80395257
4144.4000 0.85729861
4145.3000 0.90343261
4146.2000 0.92065865
4147.1000 0.91067851
4148.0000 0.88319379
4148.9000 0.86037457
4149.8000 0.86967796
4150.7000 0.88799804
4151.6000 0.88744849
4152.5000 0.86444342
4153.4000 0.83429658
4154.3000 0.83391708
4155.2000 0.84544075
4156.1000 0.85283387
4157.0000 0.86838776
4157.9000 0.88963389
4158.8000 0.91037405
4159.7000 0.91626596
4160.6000 0.9086808
4161.5000 0.91534936
4162.4000 0.92383647
4163.3000 0.92007262
4164.2000 0.92530072
4165.1000 0.93309218
4166.0000 0.91747534
4166.9000 0.89665437
4167.8000 0.90586096
4168.7000 0.92121458
4169.6000 0.91180754
4170.5000 0.86851877
4171.4000 0.80993074
4172.3000 0.77526408
4173.2000 0.78854203
4174.1000 0.82409912
4175.0000 0.85581094
4175.9000 0.86129928
4176.8000 0.84006751
4177.7000 0.84034646
4178.6000 0.87599087
4179.5000 0.91062164
4180.4000 0.90362495
4181.3000 0.87725264
4182.2000 0.86429155
4183.1000 0.86431682
4184.0000 0.8790282
4184.9000 0.89225155
4185.8000 0.86715239
4186.7000 0.83718884
4187.6000 0.84873104
4188.5000 0.88820225
4189.4000 0.90918094
4190.3000 0.88928401
4191.2000 0.87549067
4192.1000 0.91358697
4193.0000 0.94496238
4193.9000 0.91114604
4194.8000 0.86794579
4195.7000 0.86823434
4196.6000 0.87037575
4197.5000 0.83709341
4198.4000 0.82073712
4199.3000 0.84068853
4200.2000 0.84085834
4201.1000 0.82967448
4202.0000 0.8381331
4202.9000 0.84651393
4203.8000 0.82741141
4204.7000 0.81665462
4205.6000 0.83842224
4206.5000 0.87092364
4207.4000 0.90093237
4208.3000 0.90887612
4209.2000 0.89121658
4210.1000 0.87486178
4211.0000 0.88352531
4211.9000 0.90519059
4212.8000 0.91319191
4213.7000 0.89526099
4214.6000 0.85208297
4215.5000 0.824857
4216.4000 0.83675033
4217.3000 0.85889721
4218.2000 0.87387252
4219.1000 0.89355016
4220.0000 0.91704404
4220.9000 0.91531926
4221.8000 0.88296062
4222.7000 0.84143126
4223.6000 0.81200117
4224.5000 0.77026224
4225.4000 0.69486398
4226.3000 0.66681552
4227.2000 0.75053221
4228.1000 0.85349411
4229.0000 0.88767767
4229.9000 0.89513612
4230.8000 0.89615047
4231.7000 0.87304568
4232.6000 0.860838
4233.5000 0.87835574
4234.4000 0.87084389
4235.3000 0.81462777
4236.2000 0.7840687
4237.1000 0.80895489
4238.0000 0.83518761
4238.9000 0.84367913
4239.8000 0.86655098
4240.7000 0.88241816
4241.6000 0.85020369
4242.5000 0.830486
4243.4000 0.86729354
4244.3000 0.89819628
4245.2000 0.88363028
4246.1000 0.83504617
4247.0000 0.79324031
4247.9000 0.78021318
4248.8000 0.782332
4249.7000 0.79554248
4250.6000 0.84186321
4251.5000 0.89422244
4252.4000 0.89079827
4253.3000 0.8397522
4254.2000 0.7996487
4255.1000 0.82084256
4256.0000 0.88035339
4256.9000 0.8995052
4257.8000 0.86271793
4258.7000 0.82055646
4259.6000 0.79249066
4260.5000 0.79323262
4261.4000 0.83427876
4262.3000 0.88613182
4263.2000 0.90225768
4264.1000 0.90673178
4265.0000 0.92167258
4265.9000 0.90676898
4266.8000 0.85964912
4267.7000 0.84842998
4268.6000 0.8592031
4269.5000 0.83125931
4270.4000 0.77311903
4271.3000 0.75566047
4272.2000 0.78111267
4273.1000 0.77071172
4274.0000 0.75356126
4274.9000 0.79668909
4275.8000 0.87223542
4276.7000 0.90897518
4277.6000 0.90184492
4278.5000 0.84854877
4279.4000 0.78186995
4280.3000 0.77684796
4281.2000 0.81142789
4282.1000 0.83985829
4283.0000 0.86048561
4283.9000 0.83332294
4284.8000 0.76681721
4285.7000 0.74137044
4286.6000 0.76859051
4287.5000 0.78336656
4288.4000 0.74803126
4289.3000 0.71115619
4290.2000 0.71800393
4291.1000 0.75686914
4292.0000 0.81338131
4292.9000 0.83198148
4293.8000 0.79943663
4294.7000 0.77529722
4295.6000 0.7518186
4296.5000 0.70713973
4297.4000 0.66689485
4298.3000 0.60933405
4299.2000 0.5594337
4300.1000 0.56851482
4301.0000 0.59376013
4301.9000 0.58709192
4302.8000 0.58206856
4303.7000 0.59911638
4304.6000 0.61992598
4305.5000 0.62989724
4306.4000 0.60296702
4307.3000 0.54137814
4308.2000 0.51187962
4309.1000 0.52245766
4310.0000 0.53747064
4310.9000 0.55430532
4311.8000 0.5907445
4312.7000 0.65207243
4313.6000 0.72395587
4314.5000 0.80663329
4315.4000 0.90621066
4316.3000 0.96557432
4317.2000 0.96533602
4318.1000 0.94967014
4319.0000 0.93701899
4319.9000 0.91806489
4320.8000 0.89689839
4321.7000 0.84766209
4322.6000 0.74655712
4323.5000 0.67871052
4324.4000 0.67730772
4325.3000 0.71579987
4326.2000 0.79664588
4327.1000 0.87410325
4328.0000 0.90926409
4328.9000 0.90504634
4329.8000 0.89186162
4330.7000 0.89711404
4331.6000 0.92017817
4332.5000 0.92438579
4333.4000 0.91477895
4334.3000 0.91945714
4335.2000 0.92010564
4336.1000 0.86914861
4337.0000 0.7944957
4337.9000 0.74044585
4338.8000 0.67078453
4339.7000 0.60897374
4340.6000 0.65612447
4341.5000 0.77450842
4342.4000 0.83377188
4343.3000 0.83868927
4344.2000 0.86829698
4345.1000 0.90383148
4346.0000 0.90037256
4346.9000 0.89113492
4347.8000 0.9132973
4348.7000 0.93688893
4349.6000 0.90181929
4350.5000 0.81117696
4351.4000 0.75668824
4352.3000 0.79327816
4353.2000 0.85413444
4354.1000 0.86713582
4355.0000 0.86543667
4355.9000 0.88637519
4356.8000 0.9015466
4357.7000 0.88031363
4358.6000 0.8506071
4359.5000 0.86904281
4360.4000 0.91862494
4361.3000 0.93049341
4362.2000 0.8992641
4363.1000 0.89532274
4364.0000 0.93070579
4364.9000 0.93971109
4365.8000 0.89679599
4366.7000 0.85954577
4367.6000 0.86791062
4368.5000 0.88441408
4369.4000 0.87844253
4370.3000 0.87056637
4371.2000 0.8771807
4372.1000 0.87506348
4373.0000 0.84200907
4373.9000 0.80239785
4374.8000 0.80272025
4375.7000 0.84322655
4376.6000 0.88889891
4377.5000 0.91390032
4378.4000 0.91420001
4379.3000 0.91122442
4380.2000 0.91376948
4381.1000 0.89243209
4382.0000 0.80566311
4382.9000 0.71747857
4383.8000 0.71705186
4384.7000 0.77911359
4385.6000 0.84312499
4386.5000 0.86780286
4387.4000 0.87091494
4388.3000 0.86810386
4389.2000 0.85237718
4390.1000 0.84643346
4391.0000 0.86900437
4391.9000 0.89672989
4392.8000 0.88268703
4393.7000 0.84813279
4394.6000 0.83554453
4395.5000 0.87018526
4396.4000 0.91240507
4397.3000 0.91885757
4398.2000 0.89669764
4399.1000 0.85483348
4400.0000 0.83711809
4400.9000 0.87769413
4401.8000 0.92432851
4402.7000 0.91005665
4403.6000 0.85455942
4404.5000 0.84298182
4405.4000 0.89294463
4406.3000 0.91125649
4407.2000 0.87959456
4408.1000 0.86572999
4409.0000 0.90001839
4409.9000 0.94375771
4410.8000 0.96522641
4411.7000 0.97951174
4412.6000 0.97712523
4413.5000 0.93125701
4414.4000 0.8817631
4415.3000 0.88167191
4416.2000 0.89648128
4417.1000 0.90669954
4418.0000 0.93819922
4418.9000 0.97429347
4419.8000 0.98164541
4420.7000 0.9533788
4421.6000 0.9346323
4422.5000 0.94316477
4423.4000 0.95807379
4424.3000 0.95545042
4425.2000 0.94345462
4426.1000 0.92942804
4427.0000 0.93705797
4427.9000 0.96615207
4428.8000 0.95681173
4429.7000 0.92958575
4430.6000 0.93462008
4431.5000 0.95406568
4432.4000 0.94709802
4433.3000 0.91360259
4434.2000 0.87404549
4435.1000 0.87671375
4436.0000 0.94003791
4436.9000 0.98985147
4437.8000 1.00342536
4438.7000 0.99646866
4439.6000 0.98154896
4440.5000 0.95289433
4441.4000 0.90789539
4442.3000 0.87542415
4443.2000 0.88502187
4444.1000 0.9278723
4445.0000 0.96373415
4445.9000 0.95934701
4446.8000 0.94398981
4447.7000 0.94765925
4448.6000 0.95027816
4449.5000 0.94273138
4450.4000 0.94627947
4451.3000 0.95607007
4452.2000 0.94945002
4453.1000 0.91498202
4454.0000 0.87659985
4454.9000 0.88132876
4455.8000 0.91026825
4456.7000 0.93489891
4457.6000 0.92789358
4458.5000 0.91624403
4459.4000 0.92180616
4460.3000 0.91499043
4461.2000 0.90206033
4462.1000 0.92205346
4463.0000 0.94773483
4463.9000 0.94968671
4464.8000 0.94768423
4465.7000 0.95219296
4466.6000 0.9412815
4467.5000 0.91974103
4468.4000 0.90522832
4469.3000 0.91390347
4470.2000 0.92829609
4471.1000 0.9459455
4472.0000 0.96771622
4472.9000 0.98710984
4473.8000 0.98799676
4474.7000 0.97084677
4475.6000 0.96766567
4476.5000 0.98774302
4477.4000 1.00534487
4478.3000 0.99475217
4479.2000 0.9682765
4480.1000 0.93490106
4481.0000 0.90826911
4481.9000 0.90975809
4482.8000 0.94135386
4483.7000 0.97672033
4484.6000 0.98951823
4485.5000 0.99395567
4486.4000 0.99176234
4487.3000 0.96943069
4488.2000 0.93559015
4489.1000 0.92020071
4490.0000 0.93723369
4490.9000 0.97215933
4491.8000 0.98736429
4492.7000 0.9759872
4493.6000 0.95943832
4494.5000 0.95433038
4495.4000 0.9552874
4496.3000 0.96637011
4497.2000 0.99056542
4498.1000 1.00858605
4499.0000 1.00472021
4499.9000 0.98028249
4500.8000 0.96584225
4501.7000 0.98676842
4502.6000 1.01430368
4503.5000 1.02377236
4504.4000 1.02472043
4505.3000 1.02029777
4506.2000 1.01312292
4507.1000 1.00903618
4508.0000 1.00940073
4508.9000 1.01618135
4509.8000 1.02273726
4510.7000 1.0191474
4511.6000 1.0095787
4512.5000 1.00459254
4513.4000 0.99826318
4514.3000 0.99121028
4515.2000 0.99276745
4516.1000 0.99291342
4517.0000 0.9807443
4517.9000 0.97799951
4518.8000 0.98942935
4519.7000 1.00365496
4520.6000 1.00335801
4521.5000 0.97483134
4522.4000 0.95687723
4523.3000 0.96805936
4524.2000 0.97605813
4525.1000 0.96748984
4526.0000 0.9481805
4526.9000 0.93132001
4527.8000 0.92194873
4528.7000 0.93016708
4529.6000 0.94394803
4530.5000 0.9445377
4531.4000 0.95458782
4532.3000 0.94356662
4533.2000 0.90831697
4534.1000 0.88871336
4535.0000 0.89909053
4535.9000 0.95055336
4536.8000 1.00521016
4537.7000 1.02319205
4538.6000 1.0164957
4539.5000 0.99924916
4540.4000 0.98723096
4541.3000 0.99178469
4542.2000 1.00020254
4543.1000 0.98726439
4544.0000 0.95820457
4544.9000 0.95739895
4545.8000 0.97173649
4546.7000 0.97206628
4547.6000 0.94168007
4548.5000 0.89613646
4549.4000 0.89868319
4550.3000 0.94947457
4551.2000 0.97042519
4552.1000 0.95908886
4553.0000 0.93765122
4553.9000 0.92146868
4554.8000 0.92590111
4555.7000 0.95145392
4556.6000 0.98808473
4557.5000 1.00025201
4558.4000 1.00488865
4559.3000 1.01472092
4560.2000 1.02036273
4561.1000 1.01802301
4562.0000 0.99728882
4562.9000 0.9645524
4563.8000 0.96298796
4564.7000 0.97450387
4565.6000 0.99176615
4566.5000 1.01282394
4567.4000 1.01768148
4568.3000 1.01802075
4569.2000 1.01151466
4570.1000 0.97572833
4571.0000 0.94580799
4571.9000 0.96699762
4572.8000 1.01109433
4573.7000 1.02117395
4574.6000 1.01059866
4575.5000 1.00159037
4576.4000 1.00384057
4577.3000 1.00265992
4578.2000 0.99380201
4579.1000 0.97614223
4580.0000 0.96118021
4580.9000 0.96386147
4581.8000 0.96958357
4582.7000 0.96180749
4583.6000 0.96304995
4584.5000 0.97275519
4585.4000 0.98190433
4586.3000 0.99688911
4587.2000 1.00846279
4588.1000 1.00736701
4589.0000 0.9969117
4589.9000 0.99312425
4590.8000 0.98054123
4591.7000 0.96675009
4592.6000 0.98026234
4593.5000 1.00284374
4594.4000 1.0116477
4595.3000 1.01104033
4596.2000 1.01429915
4597.1000 1.00916922
4598.0000 1.01548576
4598.9000 1.01502001
4599.8000 0.99377286
4600.7000 0.98866189
4601.6000 0.9870882
4602.5000 0.99067014
4603.4000 1.00903749
4604.3000 1.02010107
4605.2000 1.01898348
4606.1000 1.01880133
4607.0000 1.02310276
4607.9000 1.02866936
4608.8000 1.0343678
4609.7000 1.03087521
4610.6000 1.02517617
4611.5000 1.02382421
4612.4000 1.01558793
4613.3000 1.01911592
4614.2000 1.0259943
4615.1000 1.0069052
4616.0000 0.99991339
4616.9000 1.00770068
4617.8000 1.00185406
4618.7000 1.00132275
4619.6000 1.01654851
4620.5000 1.03400922
4621.4000 1.03773868
4622.3000 1.03550541
4623.2000 1.03641438
4624.1000 1.02634895
4625.0000 1.01742327
4625.9000 1.01975405
4626.8000 1.02867663
4627.7000 1.02509129
4628.6000 1.01067269
4629.5000 1.00934958
4630.4000 1.02626038
4631.3000 1.02918708
4632.2000 1.0194937
4633.1000 1.01781094
4634.0000 1.02443624
4634.9000 1.02318811
4635.8000 1.01528609
4636.7000 1.0084691
4637.6000 1.006953
4638.5000 1.0155375
4639.4000 1.02632856
4640.3000 1.03840542
4641.2000 1.03926957
4642.1000 1.03418827
4643.0000 1.03292012
4643.9000 1.03016698
4644.8000 1.01430595
4645.7000 0.98690391
4646.6000 0.98060757
4647.5000 0.99640638
4648.4000 1.01465559
4649.3000 1.02334869
4650.2000 1.01592731
4651.1000 1.00502419
4652.0000 1.00727367
4652.9000 1.00548506
4653.8000 0.98409516
4654.7000 0.97677034
4655.6000 0.98303264
4656.5000 0.99303859
4657.4000 1.01938474
4658.3000 1.04376626
4659.2000 1.05254734
4660.1000 1.05036879
4661.0000 1.04397273
4661.9000 1.02970266
4662.8000 1.02541959
4663.7000 1.0361793
4664.6000 1.03307712
4665.5000 1.00124252
4666.4000 0.95725107
4667.3000 0.94439173
4668.2000 0.96354181
4669.1000 0.98071843
4670.0000 0.99618626
4670.9000 1.01901305
4671.8000 1.02758491
4672.7000 1.0217644
4673.6000 1.02207601
4674.5000 1.03267169
4675.4000 1.04038048
4676.3000 1.03745222
4677.2000 1.02556348
4678.1000 1.00930905
4679.0000 0.99734318
4679.9000 0.99400145
4680.8000 0.99384379
4681.7000 1.00187755
4682.6000 1.01903093
4683.5000 1.02835286
4684.4000 1.02872503
4685.3000 1.02944458
4686.2000 1.0295862
4687.1000 1.03293264
4688.0000 1.03654802
4688.9000 1.03356934
4689.8000 1.02265728
4690.7000 1.01498365
4691.6000 1.02364576
4692.5000 1.03650808
4693.4000 1.043926
4694.3000 1.04864597
4695.2000 1.05359173
4696.1000 1.05432296
4697.0000 1.04206097
4697.9000 1.02466488
4698.8000 1.02428114
4699.7000 1.03111386
4700.6000 1.02579093
4701.5000 1.00367236
4702.4000 0.98868507
4703.3000 1.00552237
4704.2000 1.02885735
4705.1000 1.03122413
4706.0000 1.01343441
4706.9000 0.99187326
4707.8000 0.98320371
4708.7000 0.98929471
4709.6000 1.00790083
4710.5000 1.03312314
4711.4000 1.05047345
4712.3000 1.04736269
4713.2000 1.03042006
4714.1000 1.01980054
4715.0000 1.02751529
4715.9000 1.04689837
4716.8000 1.05556595
4717.7000 1.04890299
4718.6000 1.04655421
4719.5000 1.0516336
4720.4000 1.05126297
4721.3000 1.04151356
4722.2000 1.03889692
4723.1000 1.04485869
4724.0000 1.05088603
4724.9000 1.05208743
4725.8000 1.03897941
4726.7000 1.01621294
4727.6000 1.00720084
4728.5000 1.01277709
4729.4000 1.01692975
4730.3000 1.01770401
4731.2000 1.01903093
4732.1000 1.01582611
4733.0000 1.01132417
4733.9000 1.02319181
4734.8000 1.02442873
4735.7000 1.00790811
4736.6000 1.0110085
4737.5000 1.03285658
4738.4000 1.04148734
4739.3000 1.03553045
4740.2000 1.02282512
4741.1000 1.01754296
4742.0000 1.03064346
4742.9000 1.04055262
4743.8000 1.03951073
4744.7000 1.03255439
4745.6000 1.03256321
4746.5000 1.03873634
4747.4000 1.0376457
4748.3000 1.03456163
4749.2000 1.03474283
4750.1000 1.03964078
4751.0000 1.03893375
4751.9000 1.02951562
4752.8000 1.01976418
4753.7000 1.02252734
4754.6000 1.02331436
4755.5000 1.01257861
4756.4000 1.01654947
4757.3000 1.03125083
4758.2000 1.03824532
4759.1000 1.03763139
4760.0000 1.03843331
4760.9000 1.02683592
4761.8000 0.99956059
4762.7000 0.98520613
4763.6000 0.98686117
4764.5000 0.99987966
4765.4000 1.00953913
4766.3000 1.0222733
4767.2000 1.02943158
4768.1000 1.03185642
4769.0000 1.0371691
4769.9000 1.03763545
4770.8000 1.02521694
4771.7000 1.01156211
4772.6000 1.01375234
4773.5000 1.0316968
4774.4000 1.0405525
4775.3000 1.03756547
4776.2000 1.03717911
4777.1000 1.04154992
4778.0000 1.03796339
4778.9000 1.01888227
4779.8000 1.01383245
4780.7000 1.02628756
4781.6000 1.0228833
4782.5000 1.00715709
4783.4000 1.01684964
4784.3000 1.02956319
4785.2000 1.01319468
4786.1000 0.99584854
4787.0000 1.00451446
4787.9000 1.01242101
4788.8000 1.00789523
4789.7000 1.02331412
4790.6000 1.03554606
4791.5000 1.03590846
4792.4000 1.04236782
4793.3000 1.05191123
4794.2000 1.05609882
4795.1000 1.05124366
4796.0000 1.0392679
4796.9000 1.02433825
4797.8000 1.01329422
4798.7000 1.01667702
4799.6000 1.02922034
4800.5000 1.03832972
4801.4000 1.03953981
4802.3000 1.03764999
4803.2000 1.03523517
4804.1000 1.01406658
4805.0000 1.00889742
4805.9000 1.02503836
4806.8000 1.03353953
4807.7000 1.03624177
4808.6000 1.03464484
4809.5000 1.02865422
4810.4000 1.02895331
4811.3000 1.03556943
4812.2000 1.04106331
4813.1000 1.04493916
4814.0000 1.04299033
4814.9000 1.04408669
4815.8000 1.05227208
4816.7000 1.05150652
4817.6000 1.05139065
4818.5000 1.05289268
4819.4000 1.04787159
4820.3000 1.04849291
4821.2000 1.04714215
4822.1000 1.03133523
4823.0000 1.00333047
4823.9000 1.00902486
4824.8000 1.02785885
4825.7000 1.04448819
4826.6000 1.04754758
4827.5000 1.03794503
4828.4000 1.02981853
4829.3000 1.03684652
4830.2000 1.03962755
4831.1000 1.03343034
4832.0000 1.03401709
4832.9000 1.03940618
4833.8000 1.0456214
4834.7000 1.04642618
4835.6000 1.05135858
4836.5000 1.05661023
4837.4000 1.04975021
4838.3000 1.03548265
4839.2000 1.01985323
4840.1000 1.02021217
4841.0000 1.03298116
4841.9000 1.03502858
4842.8000 1.0322448
4843.7000 1.04072535
4844.6000 1.04701459
4845.5000 1.05200779
4846.4000 1.04814053
4847.3000 1.03743196
4848.2000 1.02667141
4849.1000 1.03523052
4850.0000 1.04872417
4850.9000 1.04625416
4851.8000 1.04404938
4852.7000 1.04579449
4853.6000 1.02488124
4854.5000 0.99271965
4855.4000 0.98845524
4856.3000 1.00499737
4857.2000 1.00134754
4858.1000 0.9626801
4859.0000 0.8740741
4859.9000 0.73656857
4860.8000 0.65290612
4861.7000 0.75914073
4862.6000 0.90147018
4863.5000 0.96328264
4864.4000 0.98114765
4865.3000 0.98996186
4866.2000 1.00167918
4867.1000 1.01314557
4868.0000 1.03086627
4868.9000 1.0290271
4869.8000 0.99604982
4870.7000 0.95278126
4871.6000 0.95436114
4872.5000 0.99532449
4873.4000 1.02197468
4874.3000 1.02352464
4875.2000 1.01554835
4876.1000 1.00929976
4877.0000 0.99560934
4877.9000 0.99329251
4878.8000 1.024611
4879.7000 1.04214013
4880.6000 1.02503037
4881.5000 1.0132122
4882.4000 1.02246892
4883.3000 1.02093053
4884.2000 1.00402427
4885.1000 0.99610209
4886.0000 1.00011408
4886.9000 1.00818801
4887.8000 0.99991888
4888.7000 0.98423398
4889.6000 0.96697474
4890.5000 0.9394905
4891.4000 0.9659552
4892.3000 1.01878059
4893.2000 1.04381919
4894.1000 1.05398166
4895.0000 1.05570972
4895.9000 1.05352449
4896.8000 1.05133712
4897.7000 1.0487988
4898.6000 1.03062105
4899.5000 1.01343989
4900.4000 1.02384233
4901.3000 1.02810812
4902.2000 1.01166284
4903.1000 1.00025499
4904.0000 1.00932622
4904.9000 1.02811217
4905.8000 1.03869343
4906.7000 1.03587842
4907.6000 1.02349424
4908.5000 1.00556767
4909.4000 0.98902601
4910.3000 0.99127549
4911.2000 1.01068187
4912.1000 1.02430141
4913.0000 1.02629197
4913.9000 1.0338347
4914.8000 1.04854906
4915.7000 1.04690254
4916.6000 1.02748966
4917.5000 0.99608994
4918.4000 0.95963353
4919.3000 0.93870831
4920.2000 0.93768454
4921.1000 0.97444499
4922.0000 0.99885589
4922.9000 0.9878177
4923.8000 0.97834337
4924.7000 1.00158584
4925.6000 1.0316385
4926.5000 1.04300702
4927.4000 1.04089701
4928.3000 1.04339254
4929.2000 1.04788589
4930.1000 1.05198514
4931.0000 1.05325556
4931.9000 1.02785814
4932.8000 0.97913206
4933.7000 0.96307009
4934.6000 0.99797446
4935.5000 1.02381206
4936.4000 1.01419854
4937.3000 0.98460144
4938.2000 0.95235193
4939.1000 0.96105576
4940.0000 1.00300241
4940.9000 1.03199852
4941.8000 1.03983319
4942.7000 1.04236484
4943.6000 1.04516721
4944.5000 1.0392952
4945.4000 1.02787018
4946.3000 1.03136861
4947.2000 1.0448128
4948.1000 1.04850698
4949.0000 1.04109633
4949.9000 1.03877556
4950.8000 1.04454017
4951.7000 1.04761589
4952.6000 1.04511476
4953.5000 1.0450604
4954.4000 1.04461586
4955.3000 1.02115178
4956.2000 0.95776504
4957.1000 0.91993809
4958.0000 0.97028852
4958.9000 1.03174114
4959.8000 1.05141461
4960.7000 1.05217218
4961.6000 1.04689288
4962.5000 1.04789627
4963.4000 1.0460149
4964.3000 1.03092825
4965.2000 1.01794207
4966.1000 1.0183121
4967.0000 1.02287221
4967.9000 1.02412283
4968.8000 1.02393317
4969.7000 1.02650142
4970.6000 1.03738415
4971.5000 1.04297161
4972.4000 1.04298365
4973.3000 1.04792511
4974.2000 1.05237651
4975.1000 1.05175674
4976.0000 1.0507195
4976.9000 1.04545832
4977.8000 1.03463924
4978.7000 1.0275842
4979.6000 1.01957941
4980.5000 0.99853289
4981.4000 0.970909
4982.3000 0.95957613
4983.2000 0.96293747
4984.1000 0.96914113
4985.0000 0.98568487
4985.9000 1.01676726
4986.8000 1.03660619
4987.7000 1.0381732
4988.6000 1.04430401
4989.5000 1.03923464
4990.4000 1.01436126
4991.3000 1.01124871
4992.2000 1.01577318
4993.1000 1.00196278
4994.0000 1.00797689
4994.9000 1.0348835
4995.8000 1.04496789
4996.7000 1.0396688
4997.6000 1.02554476
4998.5000 1.00760901
4999.4000 0.99933636
5000.3000 0.99739176
5001.2000 0.99532682
5002.1000 1.00444627
5003.0000 1.01889229
5003.9000 1.00902748
5004.8000 0.97370249
5005.7000 0.94964355
5006.6000 0.96730357
5007.5000 1.00921941
5008.4000 1.03401005
5009.3000 1.03222644
5010.2000 1.01624715
5011.1000 0.9865365
5012.0000 0.96744812
5012.9000 0.95125324
5013.8000 0.94454616
5014.7000 0.96975631
5015.6000 0.99544185
5016.5000 0.98800755
5017.4000 0.96738768
5018.3000 0.97356683
5019.2000 1.0026201
5020.1000 1.01977575
5021.0000 1.00845909
5021.9000 0.99242663
5022.8000 0.99698812
5023.7000 1.00853932
5024.6000 1.01546609
5025.5000 1.01150441
5026.4000 0.99802679
5027.3000 0.99354869
5028.2000 1.00825083
5029.1000 1.01772535
5030.0000 1.01145673
5030.9000 1.01715112
5031.8000 1.03646922
5032.7000 1.04413092
5033.6000 1.02909136
5034.5000 0.99726105
5035.4000 0.97862566
5036.3000 0.9890964
5037.2000 0.99849308
5038.1000 0.98488885
5039.0000 0.9547956
5039.9000 0.91389835
5040.8000 0.9007172
5041.7000 0.94520062
5042.6000 0.99805605
5043.5000 1.01816905
5044.4000 1.02556181
5045.3000 1.03542018
5046.2000 1.03949249
5047.1000 1.02597702
5048.0000 1.00238383
5048.9000 0.9840762
5049.8000 0.97775304
5050.7000 0.98051924
5051.6000 0.99540019
5052.5000 1.02057743
5053.4000 1.03819311
5054.3000 1.04528713
5055.2000 1.04519308
5056.1000 1.04563165
5057.0000 1.04755628
5057.9000 1.04177606
5058.8000 1.03086591
5059.7000 1.02760994
5060.6000 1.03605092
5061.5000 1.04025877
5062.4000 1.03442419
5063.3000 1.00891793
5064.2000 0.98083586
5065.1000 0.98927772
5066.0000 1.01371229
5066.9000 1.02108645
5067.8000 1.01321208
5068.7000 1.01529729
5069.6000 1.02532911
5070.5000 1.02540541
5071.4000 1.01241243
5072.3000 1.01274478
5073.2000 1.0193609
5074.1000 1.01697433
5075.0000 1.01670492
5075.9000 1.02495611
5076.8000 1.02609074
5077.7000 0.9985038
5078.6000 0.94881314
5079.5000 0.93553668
5080.4000 0.96888077
5081.3000 1.00041449
5082.2000 0.99590218
5083.1000 0.98822021
5084.0000 1.00724816
5084.9000 1.03143036
5085.8000 1.03395247
5086.7000 1.0300405
5087.6000 1.02854979
5088.5000 1.03272176
5089.4000 1.02988327
5090.3000 1.03024709
5091.2000 1.04033709
5092.1000 1.0450666
5093.0000 1.04489553
5093.9000 1.0425148
5094.8000 1.03585756
5095.7000 1.02201247
5096.6000 1.00136387
5097.5000 0.97824216
5098.4000 0.96906227
5099.3000 0.98777485
5100.2000 1.01928031
5101.1000 1.03333092
5102.0000 1.034109
5102.9000 1.03403413
5103.8000 1.03231525
5104.7000 1.02733016
5105.6000 1.01166141
5106.5000 0.97428668
5107.4000 0.9683705
5108.3000 0.98963958
5109.2000 0.98727924
5110.1000 0.98760611
5111.0000 1.01512587
5111.9000 1.03935623
5112.8000 1.04233646
5113.7000 1.03792095
5114.6000 1.03677046
5115.5000 1.03834271
5116.4000 1.04631543
5117.3000 1.05178058
5118.2000 1.04785264
5119.1000 1.04273629
5120.0000 1.03663433
5120.9000 1.02910173
5121.8000 1.01654041
5122.7000 0.99281383
5123.6000 0.98093069
5124.5000 0.99043685
5125.4000 1.00194585
5126.3000 0.9983294
5127.2000 0.99588221
5128.1000 0.99254763
5129.0000 0.99349171
5129.9000 0.99740845
5130.8000 1.00247192
5131.7000 1.0101378
5132.6000 1.00703597
5133.5000 1.01017773
5134.4000 1.02514112
5135.3000 1.02172399
5136.2000 0.99858195
5137.1000 0.98099756
5138.0000 0.9629178
5138.9000 0.95560819
5139.8000 0.98319846
5140.7000 0.99141663
5141.6000 0.96457595
5142.5000 0.96421856
5143.4000 0.99861491
5144.3000 1.01607931
5145.2000 1.01081645
5146.1000 1.00499117
5147.0000 0.99880016
5147.9000 1.00895369
5148.8000 1.01926756
5149.7000 1.0041219
5150.6000 0.97903973
5151.5000 0.98010516
5152.4000 0.99316311
5153.3000 0.99646211
5154.2000 0.99966896
5155.1000 1.01335609
5156.0000 1.02918231
5156.9000 1.03920448
5157.8000 1.03822517
5158.7000 1.03989685
5159.6000 1.03719175
5160.5000 1.02858782
5161.4000 1.0113349
5162.3000 1.00922191
5163.2000 1.01731002
5164.1000 1.00182354
5165.0000 0.95183963
5165.9000 0.87620419
5166.8000 0.8208127
5167.7000 0.83305329
5168.6000 0.89168298
5169.5000 0.95076621
5170.4000 0.93744433
5171.3000 0.8554458
5172.2000 0.81289345
5173.1000 0.8752442
5174.0000 0.96652627
5174.9000 1.01696587
5175.8000 1.02635217
5176.7000 1.02401245
5177.6000 1.02757955
5178.5000 1.02786565
5179.4000 1.02087998
5180.3000 1.01332629
5181.2000 0.98193109
5182.1000 0.8870495
5183.0000 0.80647475
5183.9000 0.85240978
5184.8000 0.94480407
5185.7000 0.99570286
5186.6000 1.00108266
5187.5000 0.97519153
5188.4000 0.9643147
5189.3000 0.98917174
5190.2000 0.98441994
5191.1000 0.94415063
5192.0000 0.92719531
5192.9000 0.9563725
5193.8000 0.96906126
5194.7000 0.96282113
5195.6000 0.97528815
5196.5000 0.98367906
5197.4000 0.97840399
5198.3000 0.98572165
5199.2000 1.00156903
5200.1000 1.00736785
5201.0000 0.99183255
5201.9000 0.98061186
5202.8000 0.9778018
5203.7000 0.94929707
5204.6000 0.92894
5205.5000 0.94016844
5206.4000 0.96466869
5207.3000 0.95149732
5208.2000 0.94169301
5209.1000 0.96082771
5210.0000 0.97553283
5210.9000 0.99473405
5211.8000 1.01445687
5212.7000 1.02355576
5213.6000 1.01474774
5214.5000 0.98508602
5215.4000 0.95920879
5216.3000 0.96118414
5217.2000 0.98618227
5218.1000 1.01057482
5219.0000 1.02515328
5219.9000 1.02929235
5220.8000 1.02849185
5221.7000 1.03184032
5222.6000 1.02944422
5223.5000 1.01477683
5224.4000 0.97848988
5225.3000 0.92649108
5226.2000 0.88451576
5227.1000 0.91412145
5228.0000 0.969881
5228.9000 0.98930657
5229.8000 1.00129473
5230.7000 1.01153088
5231.6000 0.99282002
5232.5000 0.97467864
5233.4000 0.97720593
5234.3000 0.98624122
5235.2000 1.00499845
5236.1000 1.02292824
5237.0000 1.03013682
5237.9000 1.02949476
5238.8000 1.02429664
5239.7000 1.02654493
5240.6000 1.03095889
5241.5000 1.02187002
5242.4000 1.01519108
5243.3000 1.02130139
5244.2000 1.0290221
5245.1000 1.02319646
5246.0000 0.99863291
5246.9000 0.98934644
5247.8000 1.004619
5248.7000 1.00028265
5249.6000 0.97702938
5250.5000 0.98244661
5251.4000 1.00262702
5252.3000 1.00913012
5253.2000 1.0041362
5254.1000 0.99360824
5255.0000 0.99868965
5255.9000 1.02069259
5256.8000 1.035671
5257.7000 1.04003847
5258.6000 1.03905976
5259.5000 1.03000307
5260.4000 1.003811
5261.3000 0.96521288
5262.2000 0.94066519
5263.1000 0.93141192
5264.0000 0.92777818
5264.9000 0.92300743
5265.8000 0.93191189
5266.7000 0.96750748
5267.6000 0.97352171
5268.5000 0.91852325
5269.4000 0.87991154
5270.3000 0.92316163
5271.2000 0.97619796
5272.1000 0.98035973
5273.0000 0.97208357
5273.9000 0.9757337
5274.8000 0.97590351
5275.7000 0.98558974
5276.6000 1.01101351
5277.5000 1.02770853
5278.4000 1.0275383
5279.3000 1.01948392
5280.2000 1.00343645
5281.1000 0.98507184
5282.0000 0.97434062
5282.9000 0.96038544
5283.8000 0.9748354
5284.7000 1.01046562
5285.6000 1.02977896
5286.5000 1.03381145
5287.4000 1.02953243
5288.3000 1.02731442
5289.2000 1.02935147
5290.1000 1.03097749
5291.0000 1.02964592
5291.9000 1.02874589
5292.8000 1.03150082
5293.7000 1.03632426
5294.6000 1.03222334
5295.5000 1.00837159
5296.4000 0.98272061
5297.3000 0.96954101
5298.2000 0.98724306
5299.1000 1.01348996
5300.0000 1.01796007
5300.9000 1.00618982
5301.8000 0.99942559
5302.7000 1.01726067
5303.6000 1.03484344
5304.5000 1.03672898
5305.4000 1.03109193
5306.3000 1.01608276
5307.2000 1.01244748
5308.1000 1.02993381
5309.0000 1.0388515
5309.9000 1.03916395
5310.8000 1.03990245
5311.7000 1.04042578
5312.6000 1.03937364
5313.5000 1.03719223
5314.4000 1.03064156
5315.3000 1.01076508
5316.2000 0.99626368
5317.1000 1.01039422
5318.0000 1.0291661
5318.9000 1.03064132
5319.8000 1.02650964
5320.7000 1.0240097
5321.6000 1.01601231
5322.5000 1.00214243
5323.4000 0.98198432
5324.3000 0.98676598
5325.2000 1.0027051
5326.1000 0.98856717
5327.0000 0.91904783
5327.9000 0.8793326
5328.8000 0.92815614
5329.7000 0.99154377
5330.6000 1.01575232
5331.5000 1.00555921
5332.4000 0.99374932
5333.3000 1.00650823
5334.2000 1.01876295
5335.1000 1.01265502
5336.0000 0.99740416
5336.9000 0.9959501
5337.8000 1.00305212
5338.7000 0.98694909
5339.6000 0.96038353
5340.5000 0.95920086
5341.4000 0.98823118
5342.3000 1.01201129
5343.2000 1.01798236
5344.1000 1.01060236
5345.0000 0.99623531
5345.9000 0.99260294
5346.8000 0.99420428
5347.7000 0.98589152
5348.6000 0.98156589
5349.5000 0.99456912
5350.4000 1.01536393
5351.3000 1.01993132
5352.2000 1.01206303
5353.1000 1.01315176
5354.0000 1.02095771
5354.9000 1.03070748
5355.8000 1.03279126
5356.7000 1.02835095
5357.6000 1.02812719
5358.5000 1.02906191
5359.4000 1.03000832
5360.3000 1.02559125
5361.2000 1.01985109
5362.1000 1.01214373
5363.0000 1.00938261
5363.9000 1.0003953
5364.8000 0.99119395
5365.7000 0.99855274
5366.6000 1.00398791
5367.5000 1.00458574
5368.4000 0.9955017
5369.3000 0.97682643
5370.2000 0.95215756
5371.1000 0.95452708
5372.0000 0.9830215
5372.9000 1.0159359
5373.8000 1.03159392
5374.7000 1.03148544
5375.6000 1.0335474
5376.5000 1.03230059
5377.4000 1.03142798
5378.3000 1.02747393
5379.2000 1.01894581
5380.1000 1.00829327
5381.0000 1.0054878
5381.9000 1.0039711
5382.8000 1.00009167
5383.7000 1.0118587
5384.6000 1.02776837
5385.5000 1.03369689
5386.4000 1.03323054
5387.3000 1.03031659
5388.2000 1.02107632
5389.1000 1.01604915
5390.0000 1.01607132
5390.9000 1.01202881
5391.8000 1.00072384
5392.7000 0.99545014
5393.6000 1.00540709
5394.5000 1.01171303
5395.4000 0.99569422
5396.3000 0.96837521
5397.2000 0.97009695
5398.1000 0.99797499
5399.0000 1.01167154
5399.9000 1.01132262
5400.8000 1.01430881
5401.7000 1.01548517
5402.6000 0.99623603
5403.5000 0.96703833
5404.4000 0.94570863
5405.3000 0.94863278
5406.2000 0.97826606
5407.1000 1.00608432
5408.0000 1.00106144
5408.9000 0.97772563
5409.8000 0.97017431
5410.7000 0.98758203
5411.6000 1.0096283
5412.5000 1.0184797
5413.4000 1.00988138
5414.3000 0.99687576
5415.2000 1.00058877
5416.1000 1.01409876
5417.0000 1.01548517
5417.9000 1.00904667
5418.8000 1.01104307
5419.7000 1.01185596
5420.6000 1.01430154
5421.5000 1.01584947
5422.4000 1.00374031
5423.3000 0.98043883
5424.2000 0.97733366
5425.1000 1.00189364
5426.0000 1.017748
5426.9000 1.01636946
5427.8000 0.99351722
5428.7000 0.9607892
5429.6000 0.95937413
5430.5000 0.98843265
5431.4000 1.00551486
5432.3000 0.99557924
5433.2000 0.96930933
5434.1000 0.958323
5435.0000 0.97186852
5435.9000 0.9929536
5436.8000 1.01096928
5437.7000 1.0209043
5438.6000 1.02321768
5439.5000 1.02217519
5440.4000 1.02362001
5441.3000 1.02205789
5442.2000 1.02070725
5443.1000 1.01287436
5444.0000 0.9941811
5444.9000 0.97058594
5445.8000 0.94419843
5446.7000 0.95013243
5447.6000 0.9886356
5448.5000 1.01630688
5449.4000 1.02582097
5450.3000 1.02425528
5451.2000 1.01653218
5452.1000 1.01453412
5453.0000 1.00605178
5453.9000 0.97411853
5454.8000 0.94369602
5455.7000 0.95808232
5456.6000 0.9981181
5457.5000 1.02070725
5458.4000 1.02251613
5459.3000 1.01778328
5460.2000 1.01451755
5461.1000 1.00489759
5462.0000 0.98693091
5462.9000 0.98668122
5463.8000 0.99982572
5464.7000 1.00382078
5465.6000 1.0031184
5466.5000 1.0077883
5467.4000 1.0155015
5468.3000 1.0193193
5469.2000 1.01951098
5470.1000 1.01997602
5471.0000 1.02120256
5471.9000 1.0194881
5472.8000 1.00880313
5473.7000 1.00666845
5474.6000 0.99277264
5475.5000 0.95725036
5476.4000 0.94990891
5477.3000 0.97911906
5478.2000 1.00549626
5479.1000 1.01000071
5480.0000 0.9968918
5480.9000 0.99324465
5481.8000 0.99753135
5482.7000 1.00370884
5483.6000 1.01121879
5484.5000 1.01864934
5485.4000 1.01572526
5486.3000 1.00344145
5487.2000 0.99784672
5488.1000 1.005638
5489.0000 1.01362705
5489.9000 1.01319826
5490.8000 1.01355243
5491.7000 1.01443255
5492.6000 1.01432621
5493.5000 1.01427984
5494.4000 1.0192467
5495.3000 1.01267993
5496.2000 0.99340272
5497.1000 0.98590654
5498.0000 1.00558889
5498.9000 1.01927805
5499.8000 1.00320435
5500.7000 0.98206276
5501.6000 0.9848184
5502.5000 0.99968082
5503.4000 1.01355672
5504.3000 1.01348138
5505.2000 0.99531007
5506.1000 0.98181337
5507.0000 0.99318206
5507.9000 1.01259542
5508.8000 1.01651204
5509.7000 1.01383221
5510.6000 1.00911283
5511.5000 0.99998498
5512.4000 0.99513292
5513.3000 0.99734586
5514.2000 1.00599456
5515.1000 1.01705909
5516.0000 1.02193761
5516.9000 1.02188706
5517.8000 1.01875615
5518.7000 1.0181464
5519.6000 1.02089071
5520.5000 1.02049506
5521.4000 1.01895261
5522.3000 1.02018654
5523.2000 1.01941144
5524.1000 1.01374471
5525.0000 1.00286591
5525.9000 0.98444194
5526.8000 0.96523297
5527.7000 0.95724481
5528.6000 0.97596252
5529.5000 1.00775278
5530.4000 1.02200353
5531.3000 1.02059484
5532.2000 1.01669192
5533.1000 1.0064584
5534.0000 0.99515349
5534.9000 0.99563897
5535.8000 1.00541186
5536.7000 1.01579714
5537.6000 1.01924932
5538.5000 1.01848447
5539.4000 1.02017081
5540.3000 1.01927722
5541.2000 1.01745152
5542.1000 1.01133633
5543.0000 1.00632298
5543.9000 1.00775111
5544.8000 1.01077533
5545.7000 1.01049304
5546.6000 1.01153684
5547.5000 1.01661718
5548.4000 1.01849592
5549.3000 1.01714587
5550.2000 1.01582146
5551.1000 1.01220107
5552.0000 1.00853288
5552.9000 1.00369489
5553.8000 0.99647343
5554.7000 1.00193632
5555.6000 1.01348662
5556.5000 1.01857674
5557.4000 1.01858807
5558.3000 1.01837003
5559.2000 1.01746464
5560.1000 1.01503384
5561.0000 1.01176929
5561.9000 1.00682175
5562.8000 1.00532603
5563.7000 1.00478983
5564.6000 0.99939245
5565.5000 0.9981727
5566.4000 1.00763416
5567.3000 1.01361406
5568.2000 1.00160158
5569.1000 0.98878026
5570.0000 0.99640757
5570.9000 1.00157452
5571.8000 0.98654515
5572.7000 0.97785306
5573.6000 0.98958796
5574.5000 0.99821854
5575.4000 0.99285161
5576.3000 0.98941648
5577.2000 0.99480993
5578.1000 1.00331938
5579.0000 1.01060724
5579.9000 1.00796604
5580.8000 0.99675155
5581.7000 0.99513495
5582.6000 1.0038712
5583.5000 1.01021528
5584.4000 1.00365376
5585.3000 0.98111314
5586.2000 0.95932341
5587.1000 0.94743109
5588.0000 0.94312829
5588.9000 0.95199287
5589.8000 0.96994257
5590.7000 0.98589826
5591.6000 0.99141461
5592.5000 0.98888189
5593.4000 0.98179442
5594.3000 0.98219711
5595.2000 0.99584943
5596.1000 1.00211
5597.0000 0.99258661
5597.9000 0.98409629
5598.8000 0.99045801
5599.7000 0.99421513
5600.6000 0.97655565
5601.5000 0.95269394
5602.4000 0.94883609
5603.3000 0.97177249
5604.2000 0.99816096
5605.1000 1.00886703
5606.0000 1.01087832
5606.9000 1.01692104
5607.8000 1.01851571
5608.7000 1.01355433
5609.6000 1.01316571
5610.5000 1.01654994
5611.4000 1.0156213
5612.3000 1.01343548
5613.2000 1.00299788
5614.1000 0.96900278
5615.0000 0.94391257
5615.9000 0.96437883
5616.8000 0.99434215
5617.7000 1.00576162
5618.6000 1.00822365
5619.5000 1.00792146
5620.4000 1.00994325
5621.3000 1.01042759
5622.2000 1.00005305
5623.1000 0.98205674
5624.0000 0.97103935
5624.9000 0.98098433
5625.8000 1.00121462
5626.7000 1.01167703
5627.6000 1.01161468
5628.5000 1.00954103
5629.4000 1.00656641
5630.3000 1.00865984
5631.2000 1.02076805
5632.1000 1.02656114
5633.0000 1.01573443
5633.9000 1.00502181
5634.8000 1.00436878
5635.7000 1.00790739
5636.6000 1.00418282
5637.5000 0.99880064
5638.4000 0.99950719
5639.3000 0.99779975
5640.2000 0.99170786
5641.1000 0.9891125
5642.0000 0.99838173
5642.9000 1.00954545
5643.8000 1.01049531
5644.7000 1.00991821
5645.6000 1.01253343
5646.5000 1.01382697
5647.4000 1.01455462
5648.3000 1.01148689
5649.2000 1.00533545
5650.1000 1.00365913
5651.0000 1.00765324
5651.9000 1.01077986
5652.8000 1.00561547
5653.7000 1.00075293
5654.6000 1.00131607
5655.5000 0.99714673
5656.4000 0.98313302
5657.3000 0.95310408
5658.2000 0.9363389
5659.1000 0.96128696
5660.0000 0.99288774
5660.9000 0.99586934
5661.8000 0.98170286
5662.7000 0.98310578
5663.6000 0.99623585
5664.5000 1.00276971
5665.4000 1.00244236
5666.3000 0.99839199
5667.2000 0.9971568
5668.1000 0.99657446
5669.0000 0.99692148
5669.9000 0.99716455
5670.8000 0.99861079
5671.7000 1.00388002
5672.6000 1.00460291
5673.5000 1.00108325
5674.4000 0.99979174
5675.3000 1.00018859
5676.2000 0.99707764
5677.1000 0.99363667
5678.0000 0.99802393
5678.9000 1.00574553
5679.8000 1.01042211
5680.7000 1.00602198
5681.6000 0.99392319
5682.5000 0.98787242
5683.4000 0.98418093
5684.3000 0.98194414
5685.2000 0.98933721
5686.1000 0.98967278
5687.0000 0.98395592
5687.9000 0.98865509
5688.8000 0.99917495
5689.7000 1.00381923
5690.6000 0.99721098
5691.5000 0.99233025
5692.4000 0.99240679
5693.3000 0.99536341
5694.2000 1.0031606
5695.1000 1.00853729
5696.0000 1.00562835
5696.9000 0.99980003
5697.8000 0.99207604
5698.7000 0.9898755
5699.6000 0.99097359
5700.5000 0.98952222
5701.4000 0.98906887
5702.3000 0.9869917
5703.2000 0.98494327
5704.1000 0.98221231
5705.0000 0.97903448
5705.9000 0.98225451
5706.8000 0.98105878
5707.7000 0.96229559
5708.6000 0.94190127
5709.5000 0.94137847
5710.4000 0.9509818
5711.3000 0.95667309
5712.2000 0.97081023
5713.1000 0.98992312
5714.0000 0.99854827
5714.9000 1.00261831
5715.8000 1.00502121
5716.7000 1.00317752
5717.6000 1.00070441
5718.5000 1.00147808
5719.4000 1.00054133
5720.3000 0.99693257
5721.2000 0.99629068
5722.1000 0.99733359
5723.0000 0.99807245
5723.9000 0.99759561
5724.8000 0.99445736
5725.7000 0.99542516
5726.6000 1.00139558
5727.5000 1.00380111
5728.4000 0.99968368
5729.3000 0.99441367
5730.2000 0.99289566
5731.1000 0.99275982
5732.0000 0.99262953
5732.9000 0.98977017
5733.8000 0.98833007
5734.7000 0.99175447
5735.6000 0.99232721
5736.5000 0.9949168
5737.4000 1.00166285
5738.3000 1.00190425
5739.2000 0.99612123
5740.1000 0.99045104
5741.0000 0.98838985
5741.9000 0.99062282
5742.8000 0.99022985
5743.7000 0.98230714
5744.6000 0.97759372
5745.5000 0.98710549
5746.4000 0.9936741
5747.3000 0.98811841
5748.2000 0.98733902
5749.1000 0.99146491
5750.0000 0.99000794
5750.9000 0.98398548
5751.8000 0.97435236
5752.7000 0.96889204
5753.6000 0.97072798
5754.5000 0.97255856
5755.4000 0.97683084
5756.3000 0.98645145
5757.2000 0.99457675
5758.1000 0.99359697
5759.0000 0.98751366
5759.9000 0.98389441
5760.8000 0.9808951
5761.7000 0.97142053
5762.6000 0.9646942
5763.5000 0.97239369
5764.4000 0.98207814
5765.3000 0.98294812
5766.2000 0.98382986
5767.1000 0.98859102
5768.0000 0.99086827
5768.9000 0.98928618
5769.8000 0.98585874
5770.7000 0.98448414
5771.6000 0.98429376
5772.5000 0.98597127
5773.4000 0.98841149
5774.3000 0.98619509
5775.2000 0.98788124
5776.1000 0.9920674
5777.0000 0.98691481
5777.9000 0.97950029
5778.8000 0.97672969
5779.7000 0.97752512
5780.6000 0.98067564
5781.5000 0.98162508
5782.4000 0.98082429
5783.3000 0.97794527
5784.2000 0.97424757
5785.1000 0.97409379
5786.0000 0.97905946
5786.9000 0.98439503
5787.8000 0.98582679
5788.7000 0.98564368
5789.6000 0.98479146
5790.5000 0.98342097
5791.4000 0.97943884
5792.3000 0.97250664
5793.2000 0.96935016
5794.1000 0.97563016
5795.0000 0.99112564
5795.9000 0.99929911
5796.8000 0.98951054
5797.7000 0.98175693
5798.6000 0.98434353
5799.5000 0.98611534
5800.4000 0.98546118
5801.3000 0.98376584
5802.2000 0.98611999
5803.1000 0.98695612
5804.0000 0.98255599
5804.9000 0.98068225
5805.8000 0.98235565
5806.7000 0.98762256
5807.6000 0.99200821
5808.5000 0.99269801
5809.4000 0.99040133
5810.3000 0.98748624
5811.2000 0.99264276
5812.1000 1.00344372
5813.0000 1.00576043
5813.9000 0.99637371
5814.8000 0.9854812
5815.7000 0.98364466
5816.6000 0.98750091
5817.5000 0.99138898
5818.4000 0.99469233
5819.3000 0.99333912
5820.2000 0.98849601
5821.1000 0.98656511
5822.0000 0.99067324
5822.9000 0.99763519
5823.8000 1.00130701
5824.7000 1.00064564
5825.6000 0.99629623
5826.5000 0.99149978
5827.4000 0.99115574
5828.3000 0.99608403
5829.2000 1.0005486
5830.1000 0.99855715
5831.0000 0.99504614
5831.9000 0.99152029
5832.8000 0.99056256
5833.7000 0.99795222
5834.6000 1.00005066
5835.5000 0.99786294
5836.4000 0.99879557
5837.3000 0.99787378
5838.2000 0.99614549
5839.1000 0.99421805
5840.0000 0.99434048
5840.9000 0.99202317
5841.8000 0.98858833
5842.7000 0.994995
5843.6000 1.00237751
5844.5000 1.0002526
5845.4000 0.9927761
5846.3000 0.98617125
5847.2000 0.98566526
5848.1000 0.98790216
5849.0000 0.99229354
5849.9000 0.99560744
5850.8000 0.99264109
5851.7000 0.98362899
5852.6000 0.96889704
5853.5000 0.96310639
5854.4000 0.97218275
5855.3000 0.97621983
5856.2000 0.96762264
5857.1000 0.95874149
5858.0000 0.95983052
5858.9000 0.96958262
5859.8000 0.9810617
5860.7000 0.98652261
5861.6000 0.98376334
5862.5000 0.98164338
5863.4000 0.98747545
5864.3000 0.99218583
5865.2000 0.98630148
5866.1000 0.97693592
5867.0000 0.98111862
5867.9000 0.99050379
5868.8000 0.99171168
5869.7000 0.98850673
5870.6000 0.9852823
5871.5000 0.98591089
5872.4000 0.98812991
5873.3000 0.98850608
5874.2000 0.98810947
5875.1000 0.99164444
5876.0000 0.99646103
5876.9000 0.99438977
5877.8000 0.99104428
5878.7000 0.99309093
5879.6000 0.992037
5880.5000 0.98886478
5881.4000 0.98947239
5882.3000 0.98781097
5883.2000 0.98110676
5884.1000 0.97379237
5885.0000 0.97726482
5885.9000 0.98485726
5886.8000 0.97797298
5887.7000 0.95705104
5888.6000 0.91706294
5889.5000 0.88423383
5890.4000 0.90417552
5891.3000 0.94341409
5892.2000 0.95596212
5893.1000 0.9527505
5894.0000 0.93634319
5894.9000 0.89951837
5895.8000 0.88986653
5896.7000 0.93036866
5897.6000 0.96578133
5898.5000 0.97315294
5899.4000 0.97693741
5900.3000 0.98082095
5901.2000 0.97878551
5902.1000 0.97722691
5903.0000 0.97710603
5903.9000 0.97166634
5904.8000 0.96776044
5905.7000 0.971829
5906.6000 0.97357559
5907.5000 0.96927822
5908.4000 0.96714634
5909.3000 0.96739596
5910.2000 0.96919727
5911.1000 0.97509909
5912.0000 0.97977221
5912.9000 0.97147381
5913.8000 0.96018225
5914.7000 0.95762712
5915.6000 0.95917732
5916.5000 0.95925999
5917.4000 0.96601236
5918.3000 0.97345579
5919.2000 0.97343022
5920.1000 0.97103071
5921.0000 0.96966732
5921.9000 0.96722585
5922.8000 0.9655863
5923.7000 0.96946859
5924.6000 0.97319996
5925.5000 0.97152233
5926.4000 0.96459883
5927.3000 0.95750928
5928.2000 0.9588992
5929.1000 0.95965976
5930.0000 0.95966667
5930.9000 0.96243918
5931.8000 0.96832871
5932.7000 0.97031206
5933.6000 0.96716362
5934.5000 0.96617973
5935.4000 0.96525192
5936.3000 0.96269047
5937.2000 0.96592146
5938.1000 0.96797568
5939.0000 0.96741337
5939.9000 0.97249478
5940.8000 0.97407931
5941.7000 0.97060043
5942.6000 0.96824414
5943.5000 0.96575767
5944.4000 0.96280318
5945.3000 0.96412581
5946.2000 0.96607304
5947.1000 0.96410125
5948.0000 0.95982158
5948.9000 0.95975405
5949.8000 0.96380895
5950.7000 0.96713728
5951.6000 0.96480173
5952.5000 0.96122968
5953.4000 0.96753073
5954.3000 0.97038168
5955.2000 0.96678442
5956.1000 0.96024138
5957.0000 0.9593122
5957.9000 0.96875918
5958.8000 0.97371644
5959.7000 0.97333771
5960.6000 0.97175628
5961.5000 0.97354174
5962.4000 0.98030549
5963.3000 0.98396015
5964.2000 0.97713
5965.1000 0.96945071
5966.0000 0.97234768
5966.9000 0.97638029
5967.8000 0.97550946
5968.7000 0.97598201
5969.6000 0.97842067
5970.5000 0.9750672
5971.4000 0.9708662
5972.3000 0.97037089
5973.2000 0.97110093
5974.1000 0.9688186
5975.0000 0.96177179
5975.9000 0.9583959
5976.8000 0.96210068
5977.7000 0.96877879
5978.6000 0.97078508
5979.5000 0.96763009
5980.4000 0.96586019
5981.3000 0.96951729
5982.2000 0.97275078
5983.1000 0.96515614
5984.0000 0.95767808
5984.9000 0.95659167
5985.8000 0.95716488
5986.7000 0.96027565
5987.6000 0.95991397
5988.5000 0.95915323
5989.4000 0.96618432
5990.3000 0.9696964
5991.2000 0.96663272
5992.1000 0.96267682
5993.0000 0.96337956
5993.9000 0.97045118
5994.8000 0.97240579
5995.7000 0.97170067
5996.6000 0.97220379
5997.5000 0.97286397
5998.4000 0.96939391
5999.3000 0.96673959
6000.2000 0.96648657
6001.1000 0.96264589
6002.0000 0.9586826
6002.9000 0.95507026
6003.8000 0.95417202
6004.7000 0.95877427
6005.6000 0.96371424
6006.5000 0.96085584
6007.4000 0.95291555
6008.3000 0.94880468
6009.2000 0.95450151
6010.1000 0.96861291
6011.0000 0.97497523
6011.9000 0.96833104
6012.8000 0.9606778
6013.7000 0.95992279
6014.6000 0.963162
6015.5000 0.96457344
6016.4000 0.97022414
6017.3000 0.97096801
6018.2000 0.96206784
6019.1000 0.95566124
6020.0000 0.95198244
6020.9000 0.953435
6021.8000 0.95771593
6022.7000 0.96043319
6023.6000 0.95590514
6024.5000 0.95468599
6025.4000 0.95831937
6026.3000 0.96186012
6027.2000 0.96682954
6028.1000 0.96832752
6029.0000 0.96687639
6029.9000 0.96565419
6030.8000 0.9688285
6031.7000 0.97442603
6032.6000 0.97637892
6033.5000 0.97160715
6034.4000 0.96981615
6035.3000 0.96824133
6036.2000 0.96551925
6037.1000 0.96610284
6038.0000 0.96686703
6038.9000 0.96521771
6039.8000 0.96607465
6040.7000 0.96766531
6041.6000 0.96761638
6042.5000 0.96724653
6043.4000 0.96675169
6044.3000 0.96918964
6045.2000 0.97914171
6046.1000 0.98144555
6047.0000 0.9719817
6047.9000 0.96259165
6048.8000 0.96130717
6049.7000 0.96310008
6050.6000 0.9620508
6051.5000 0.96628493
6052.4000 0.96784443
6053.3000 0.96537787
6054.2000 0.96650499
6055.1000 0.96663648
6056.0000 0.96871275
6056.9000 0.97041225
6057.8000 0.97103184
6058.7000 0.9678303
6059.6000 0.9652608
6060.5000 0.96866143
6061.4000 0.97036678
6062.3000 0.96644437
6063.2000 0.96092391
6064.1000 0.94550002
6065.0000 0.93199348
6065.9000 0.93659478
6066.8000 0.95122844
6067.7000 0.96416801
6068.6000 0.97041827
6069.5000 0.97110784
6070.4000 0.97216052
6071.3000 0.97089356
6072.2000 0.97336841
6073.1000 0.97429037
6074.0000 0.97030145
6074.9000 0.96250761
6075.8000 0.95575035
6076.7000 0.95445383
6077.6000 0.94977355
6078.5000 0.94860905
6079.4000 0.9568193
6080.3000 0.96124315
6081.2000 0.96025068
6082.1000 0.95652258
6083.0000 0.95543772
6083.9000 0.95727396
6084.8000 0.95315892
6085.7000 0.94784701
6086.6000 0.94728583
6087.5000 0.95721829
6088.4000 0.95932233
6089.3000 0.95291436
6090.2000 0.94954735
6091.1000 0.95317453
6092.0000 0.95952189
6092.9000 0.96419626
6093.8000 0.96135759
6094.7000 0.95670718
6095.6000 0.95366859
6096.5000 0.95475799
6097.4000 0.95816505
6098.3000 0.95889693
6099.2000 0.96435779
6100.1000 0.96310645
6101.0000 0.94086766
6101.9000 0.91572952
6102.8000 0.91180027
6103.7000 0.93242961
6104.6000 0.95466053
6105.5000 0.96521294
6106.4000 0.96123546
6107.3000 0.95080358
6108.2000 0.94471937
6109.1000 0.94643247
6110.0000 0.94791603
6110.9000 0.94772971
6111.8000 0.94977313
6112.7000 0.95565104
6113.6000 0.96278965
6114.5000 0.96430302
6115.4000 0.95645815
6116.3000 0.95291686
6117.2000 0.954234
6118.1000 0.95472264
6119.0000 0.95364976
6119.9000 0.95393145
6120.8000 0.93997115
6121.7000 0.91727936
6122.6000 0.91529661
6123.5000 0.93379837
6124.4000 0.95407093
6125.3000 0.96646804
6126.2000 0.97056717
6127.1000 0.95989341
6128.0000 0.95135224
6128.9000 0.955356
6129.8000 0.95882654
6130.7000 0.96045053
6131.6000 0.96326232
6132.5000 0.96724343
6133.4000 0.97226608
6134.3000 0.96725273
6135.2000 0.94380468
6136.1000 0.90755731
6137.0000 0.88742518
6137.9000 0.90941465
6138.8000 0.94530034
6139.7000 0.95612907
6140.6000 0.93725646
6141.5000 0.92032319
6142.4000 0.93206173
6143.3000 0.94753683
6144.2000 0.95401204
6145.1000 0.95778751
6146.0000 0.9601922
6146.9000 0.95938563
6147.8000 0.9561922
6148.7000 0.95711291
6149.6000 0.95955092
6150.5000 0.95660108
6151.4000 0.95773077
6152.3000 0.95842153
6153.2000 0.9556464
6154.1000 0.95399994
6155.0000 0.95455724
6155.9000 0.95530128
6156.8000 0.95086086
6157.7000 0.95034808
6158.6000 0.95783341
6159.5000 0.96419269
6160.4000 0.95377696
6161.3000 0.92787707
6162.2000 0.91697836
6163.1000 0.93194669
6164.0000 0.94908881
6164.9000 0.95304179
6165.8000 0.95081002
6166.7000 0.95261586
6167.6000 0.94362515
6168.5000 0.91545731
6169.4000 0.89919078
6170.3000 0.91474938
6171.2000 0.94063604
6172.1000 0.94969928
6173.0000 0.94314319
6173.9000 0.94375497
6174.8000 0.95220321
6175.7000 0.95367074
6176.6000 0.94822806
6177.5000 0.94625252
6178.4000 0.94990343
6179.3000 0.95132685
6180.2000 0.94873083
6181.1000 0.94719011
6182.0000 0.95021701
6182.9000 0.95359588
6183.8000 0.94973063
6184.7000 0.94520754
6185.6000 0.94361746
6186.5000 0.93834472
6187.4000 0.93042552
6188.3000 0.93305773
6189.2000 0.93505335
6190.1000 0.91858494
6191.0000 0.89864534
6191.9000 0.90847814
6192.8000 0.93909168
6193.7000 0.95862424
6194.6000 0.95850939
6195.5000 0.95133376
6196.4000 0.94898415
6197.3000 0.95371795
6198.2000 0.95306706
6199.1000 0.94173139
6200.0000 0.93159294
6200.9000 0.93639517
6201.8000 0.94436812
6202.7000 0.95203441
6203.6000 0.95584708
6204.5000 0.95236063
6205.4000 0.95150995
6206.3000 0.95619267
6207.2000 0.96208173
6208.1000 0.96516216
6209.0000 0.96256721
6209.9000 0.95940918
6210.8000 0.96204263
6211.7000 0.95940471
6212.6000 0.94209933
6213.5000 0.93013161
6214.4000 0.9354462
6215.3000 0.94734925
6216.2000 0.95913875
6217.1000 0.96322072
6218.0000 0.94995433
6218.9000 0.93337834
6219.8000 0.93535197
6220.7000 0.94669127
6221.6000 0.9545005
6222.5000 0.95812422
6223.4000 0.95970017
6224.3000 0.95939589
6225.2000 0.95803159
6226.1000 0.95699036
6227.0000 0.95820522
6227.9000 0.95487684
6228.8000 0.93850404
6229.7000 0.91767436
6230.6000 0.90968549
6231.5000 0.91868269
6232.4000 0.93186229
6233.3000 0.94139946
6234.2000 0.95304662
6235.1000 0.95827329
6236.0000 0.95689666
6236.9000 0.95772254
6237.8000 0.95361537
6238.7000 0.94164795
6239.6000 0.9302122
6240.5000 0.93460667
6241.4000 0.94703525
6242.3000 0.95435387
6243.2000 0.95768946
6244.1000 0.95111001
6245.0000 0.9329862
6245.9000 0.91944695
6246.8000 0.92345834
6247.7000 0.93648595
6248.6000 0.94980991
6249.5000 0.95558536
6250.4000 0.95272529
6251.3000 0.94514078
6252.2000 0.92921805
6253.1000 0.91428918
6254.0000 0.91351992
6254.9000 0.91798598
6255.8000 0.91823918
6256.7000 0.92180347
6257.6000 0.924927
6258.5000 0.92805076
6259.4000 0.93953484
6260.3000 0.94764918
6261.2000 0.94986153
6262.1000 0.95392108
6263.0000 0.95340616
6263.9000 0.93905836
6264.8000 0.9239819
6265.7000 0.92513609
6266.6000 0.93856156
6267.5000 0.94772601
6268.4000 0.9491235
6269.3000 0.94845098
6270.2000 0.94582164
6271.1000 0.94140267
6272.0000 0.94312996
6272.9000 0.94971311
6273.8000 0.95418119
6274.7000 0.95544398
6275.6000 0.94861394
6276.5000 0.94119251
6277.4000 0.93922794
6278.3000 0.93399233
6279.2000 0.91847861
6280.1000 0.89769822
6281.0000 0.89442593
6281.9000 0.92090404
6282.8000 0.94609988
6283.7000 0.94852072
6284.6000 0.94340593
6285.5000 0.9441852
6286.4000 0.9473865
6287.3000 0.94945925
6288.2000 0.95151329
6289.1000 0.94894314
6290.0000 0.94052029
6290.9000 0.93129843
6291.8000 0.92831612
6292.7000 0.93039554
6293.6000 0.92902023
6294.5000 0.92688763
6295.4000 0.92734712
6296.3000 0.92744571
6297.2000 0.92290676
6298.1000 0.91432405
6299.0000 0.91338682
6299.9000 0.91559821
6300.8000 0.905379
6301.7000 0.89492929
6302.6000 0.90578932
6303.5000 0.92787898
6304.4000 0.93660712
6305.3000 0.93652928
6306.2000 0.94002575
6307.1000 0.9454459
6308.0000 0.94539881
6308.9000 0.94302422
6309.8000 0.94207734
6310.7000 0.93916255
6311.6000 0.93179631
6312.5000 0.92511046
6313.4000 0.92325038
6314.3000 0.91849381
6315.2000 0.91401535
6316.1000 0.913957
6317.0000 0.91110057
6317.9000 0.90854859
6318.8000 0.91542947
6319.7000 0.9278608
6320.6000 0.93391734
6321.5000 0.93224847
6322.4000 0.92547262
6323.3000 0.92253864
6324.2000 0.92578053
6325.1000 0.93574876
6326.0000 0.94110543
6326.9000 0.93852359
6327.8000 0.93445802
6328.7000 0.93642336
6329.6000 0.93960369
6330.5000 0.94424874
6331.4000 0.94261104
6332.3000 0.93490255
6333.2000 0.93182081
6334.1000 0.92243159
6335.0000 0.90795916
6335.9000 0.90143555
6336.8000 0.906973
6337.7000 0.91996467
6338.6000 0.93010962
6339.5000 0.93311679
6340.4000 0.93144166
6341.3000 0.93185228
6342.2000 0.92802256
6343.1000 0.91723436
6344.0000 0.91460377
6344.9000 0.92451733
6345.8000 0.93683219
6346.7000 0.94316959
6347.6000 0.94149488
6348.5000 0.93930882
6349.4000 0.93830818
6350.3000 0.93671167
6351.2000 0.93567044
6352.1000 0.9361347
6353.0000 0.9356482
6353.9000 0.92978239
6354.8000 0.92218804
6355.7000 0.92967141
6356.6000 0.94087946
6357.5000 0.93375194
6358.4000 0.91755718
6359.3000 0.91305941
6360.2000 0.9210366
6361.1000 0.92541587
6362.0000 0.92425257
6362.9000 0.92053223
6363.8000 0.91562545
6364.7000 0.91750258
6365.6000 0.92409134
6366.5000 0.927293
6367.4000 0.92598218
6368.3000 0.92628932
6369.2000 0.93046969
6370.1000 0.93630058
6371.0000 0.93401623
6371.9000 0.92613924
6372.8000 0.92170292
6373.7000 0.92075598
6374.6000 0.92305499
6375.5000 0.92380464
6376.4000 0.92223793
6377.3000 0.92170286
6378.2000 0.92141241
6379.1000 0.92040986
6380.0000 0.91619617
6380.9000 0.91941512
6381.8000 0.92679882
6382.7000 0.92673397
6383.6000 0.92586428
6384.5000 0.92389458
6385.4000 0.9189831
6386.3000 0.92061716
6387.2000 0.92676675
6388.1000 0.92912143
6389.0000 0.93061131
6389.9000 0.93152136
6390.8000 0.92749411
6391.7000 0.92182583
6392.6000 0.9057802
6393.5000 0.89234209
6394.4000 0.89850426
6395.3000 0.91187561
6396.2000 0.92317772
6397.1000 0.92407179
6398.0000 0.91746157
6398.9000 0.89869678
6399.8000 0.87140477
6400.7000 0.87245232
6401.6000 0.89814854
6402.5000 0.91384381
6403.4000 0.9208802
6404.3000 0.91919881
6405.2000 0.91717547
6406.1000 0.9222706
6407.0000 0.92197734
6407.9000 0.91736245
6408.8000 0.91851699
6409.7000 0.91808301
6410.6000 0.90612751
6411.5000 0.89655769
6412.4000 0.90442538
6413.3000 0.91889995
6414.2000 0.92496413
6415.1000 0.9252485
6416.0000 0.92232364
6416.9000 0.92058325
6417.8000 0.92320782
6418.7000 0.92368108
6419.6000 0.90680104
6420.5000 0.88591409
6421.4000 0.8872782
6422.3000 0.90845007
6423.2000 0.92178452
6424.1000 0.92463237
6425.0000 0.93121725
6425.9000 0.93848139
6426.8000 0.93801969
6427.7000 0.93327755
6428.6000 0.92704171
6429.5000 0.91850644
6430.4000 0.90267289
6431.3000 0.89527172
6432.2000 0.9001869
6433.1000 0.90473205
6434.0000 0.91034037
6434.9000 0.91851908
6435.8000 0.92068994
6436.7000 0.91290563
6437.6000 0.8935293
6438.5000 0.87611979
6439.4000 0.88041705
6440.3000 0.9002471
6441.2000 0.9092415
6442.1000 0.91059285
6443.0000 0.91277993
6443.9000 0.91915554
6444.8000 0.92613506
6445.7000 0.92522985
6446.6000 0.92014045
6447.5000 0.91356599
6448.4000 0.90778452
6449.3000 0.8997677
6450.2000 0.89918864
6451.1000 0.90993494
6452.0000 0.91796738
6452.9000 0.91630393
6453.8000 0.90785319
6454.7000 0.896074
6455.6000 0.88607329
6456.5000 0.88839006
6457.4000 0.9000749
6458.3000 0.90965807
6459.2000 0.91033989
6460.1000 0.90872508
6461.0000 0.89931178
6461.9000 0.87516505
6462.8000 0.86343348
6463.7000 0.88120019
6464.6000 0.90168291
6465.5000 0.9135648
6466.4000 0.91725546
6467.3000 0.91679245
6468.2000 0.91668826
6469.1000 0.91320503
6470.0000 0.90667099
6470.9000 0.89473641
6471.8000 0.88822401
6472.7000 0.89702564
6473.6000 0.9075262
6474.5000 0.90431887
6475.4000 0.89731479
6476.3000 0.8988896
6477.2000 0.90654379
6478.1000 0.9125495
6479.0000 0.90636849
6479.9000 0.89727235
6480.8000 0.89131731
6481.7000 0.88805169
6482.6000 0.89064312
6483.5000 0.89444667
6484.4000 0.89864129
6485.3000 0.90287334
6486.2000 0.90452611
6487.1000 0.90342575
6488.0000 0.90119225
6488.9000 0.90115589
6489.8000 0.89926231
6490.7000 0.89113683
6491.6000 0.88778979
6492.5000 0.88154286
6493.4000 0.86148334
6494.3000 0.83864254
6495.2000 0.83292723
6496.1000 0.83746505
6497.0000 0.84431672
6497.9000 0.85760891
6498.8000 0.86984926
6499.7000 0.87590539
6500.6000 0.88081712
6501.5000 0.88898039
6502.4000 0.89270765
6503.3000 0.89384681
6504.2000 0.89846718
6505.1000 0.9013958
6506.0000 0.89886469
6506.9000 0.89687681
6507.8000 0.89470881
6508.7000 0.89271826
6509.6000 0.89335567
6510.5000 0.8914597
6511.4000 0.88803768
6512.3000 0.88829476
6513.2000 0.89021307
6514.1000 0.88676697
6515.0000 0.8815434
6515.9000 0.8822245
6516.8000 0.88512647
6517.7000 0.88250625
6518.6000 0.87890124
6519.5000 0.88112819
6520.4000 0.88506258
6521.3000 0.88529462
6522.2000 0.88621598
6523.1000 0.88591582
6524.0000 0.88501
6524.9000 0.88757002
6525.8000 0.88834596
6526.7000 0.88387322
6527.6000 0.88540548
6528.5000 0.89112306
6529.4000 0.89069766
6530.3000 0.88845563
6531.2000 0.8918708
6532.1000 0.89686805
6533.0000 0.89801365
6533.9000 0.89701927
6534.8000 0.89459443
6535.7000 0.89383113
6536.6000 0.89309251
6537.5000 0.89152199
6538.4000 0.88784957
6539.3000 0.88577241
6540.2000 0.88862824
6541.1000 0.8877458
6542.0000 0.88402295
6542.9000 0.88424391
6543.8000 0.8848511
6544.7000 0.87935239
6545.6000 0.8638612
6546.5000 0.85722899
6547.4000 0.86616999
6548.3000 0.87625635
6549.2000 0.87972683
6550.1000 0.87497193
6551.0000 0.87616175
6551.9000 0.87977177
6552.8000 0.87640685
6553.7000 0.87375617
6554.6000 0.87035179
6555.5000 0.86415792
6556.4000 0.85963732
6557.3000 0.8562634
6558.2000 0.84913069
6559.1000 0.83635509
6560.0000 0.81152451
6560.9000 0.74068856
6561.8000 0.60430378
6562.7000 0.50508714
6563.6000 0.5624519
6564.5000 0.71163505
6565.4000 0.81223541
6566.3000 0.84340513
6567.2000 0.84991789
6568.1000 0.85105127
6569.0000 0.85422182
6569.9000 0.86448735
6570.8000 0.86905599
6571.7000 0.86946774
6572.6000 0.87419957
6573.5000 0.87554353
6574.4000 0.86601567
6575.3000 0.86192244
6576.2000 0.87103659
6577.1000 0.88138348
6578.0000 0.8872996
6578.9000 0.88624448
6579.8000 0.88056636
6580.7000 0.8768447
6581.6000 0.87806499
6582.5000 0.88291776
6583.4000 0.88326633
6584.3000 0.88065541
6585.2000 0.88229507
6586.1000 0.88626117
6587.0000 0.88652825
6587.9000 0.88230717
6588.8000 0.87926817
6589.7000 0.88144529
6590.6000 0.88276958
6591.5000 0.87342805
6592.4000 0.85228705
6593.3000 0.83729297
6594.2000 0.8459233
6595.1000 0.8661676
6596.0000 0.88023162
6596.9000 0.88542169
6597.8000 0.88588858
6598.7000 0.88670689
6599.6000 0.88660282
6600.5000 0.88607258
6601.4000 0.88782126
6602.3000 0.89385867
6603.2000 0.89830482
6604.1000 0.89250249
6605.0000 0.88727087
6605.9000 0.88786918
6606.8000 0.88405627
6607.7000 0.87763458
6608.6000 0.87243205
6609.5000 0.8727392
6610.4000 0.87872273
6611.3000 0.8839066
6612.2000 0.88876671
6613.1000 0.89061564
6614.0000 0.88530135
6614.9000 0.88173068
6615.8000 0.8828131
6616.7000 0.88406581
6617.6000 0.88389856
6618.5000 0.8818289
6619.4000 0.87872696
6620.3000 0.87749511
6621.2000 0.87868226
6622.1000 0.87834674
6623.0000 0.87560219
6623.9000 0.8777619
6624.8000 0.8827129
6625.7000 0.88668394
6626.6000 0.89017898
6627.5000 0.89309371
6628.4000 0.89505708
6629.3000 0.89353573
6630.2000 0.89392668
6631.1000 0.89407575
6632.0000 0.88798511
6632.9000 0.88491285
6633.8000 0.88660729
6634.7000 0.88463879
6635.6000 0.8838172
6636.5000 0.89011163
6637.4000 0.89581311
6638.3000 0.89464682
6639.2000 0.88825053
6640.1000 0.88442636
6641.0000 0.88406694
6641.9000 0.87557358
6642.8000 0.86432171
6643.7000 0.85926336
6644.6000 0.86454868
6645.5000 0.87266147
6646.4000 0.87569535
6647.3000 0.87545073
6648.2000 0.87159711
6649.1000 0.87106639
6650.0000 0.87717617
6650.9000 0.87860328
6651.8000 0.87438542
6652.7000 0.87433863
6653.6000 0.8787418
6654.5000 0.88386363
6655.4000 0.88701278
6656.3000 0.88468617
6657.2000 0.88171732
6658.1000 0.88178706
6659.0000 0.88193113
6659.9000 0.87843663
6660.8000 0.87188846
6661.7000 0.86889118
6662.6000 0.865367
6663.5000 0.86364144
6664.4000 0.87257439
6665.3000 0.87769473
6666.2000 0.87846637
6667.1000 0.88012153
6668.0000 0.87849736
6668.9000 0.87997627
6669.8000 0.88682961
6670.7000 0.88923973
6671.6000 0.88672513
6672.5000 0.88234949
6673.4000 0.8811748
6674.3000 0.88441956
6675.2000 0.88292289
6676.1000 0.87135726
6677.0000 0.85407722
6677.9000 0.84159678
6678.8000 0.84656668
6679.7000 0.8622371
6680.6000 0.87336326
6681.5000 0.87886268
6682.4000 0.87501854
6683.3000 0.86662638
6684.2000 0.86680859
6685.1000 0.87417614
6686.0000 0.87860847
6686.9000 0.87318456
6687.8000 0.86899257
6688.7000 0.87339145
6689.6000 0.87714136
6690.5000 0.87470096
6691.4000 0.87094194
6692.3000 0.8712523
6693.2000 0.87343854
6694.1000 0.87132245
6695.0000 0.87178457
6695.9000 0.87552446
6696.8000 0.87454498
6697.7000 0.87528718
6698.6000 0.87701756
6699.5000 0.87855685
6700.4000 0.88079637
6701.3000 0.88315666
6702.2000 0.88353872
6703.1000 0.87958813
6704.0000 0.87549889
6704.9000 0.87289935
6705.8000 0.87418741
6706.7000 0.8726629
6707.6000 0.86916274
6708.5000 0.871378
6709.4000 0.8759442
6710.3000 0.88052422
6711.2000 0.88295561
6712.1000 0.88158196
6713.0000 0.87876326
6713.9000 0.8801657
6714.8000 0.88335997
6715.7000 0.88179344
6716.6000 0.87360895
6717.5000 0.86323088
6718.4000 0.86244708
6719.3000 0.87166846
6720.2000 0.88086444
6721.1000 0.88138169
6722.0000 0.87391216
6722.9000 0.87188268
6723.8000 0.87479305
6724.7000 0.8769657
6725.6000 0.87401968
6726.5000 0.87042975
6727.4000 0.87226427
6728.3000 0.87763649
6729.2000 0.88018936
6730.1000 0.88118881
6731.0000 0.87988561
6731.9000 0.87539709
6732.8000 0.87285501
6733.7000 0.87329042
6734.6000 0.8759703
6735.5000 0.8805114
6736.4000 0.88146299
6737.3000 0.87949622
6738.2000 0.8756907
6739.1000 0.87064409
6740.0000 0.86961669
6740.9000 0.87158197
6741.8000 0.87411493
6742.7000 0.87670594
6743.6000 0.87385964
6744.5000 0.87162578
6745.4000 0.87475252
6746.3000 0.87461543
6747.2000 0.8697207
6748.1000 0.8639015
6749.0000 0.85762489
6749.9000 0.85276663
6750.8000 0.85570371
6751.7000 0.8606081
6752.6000 0.86320055
6753.5000 0.87224585
6754.4000 0.88291496
6755.3000 0.88233995
6756.2000 0.87476909
6757.1000 0.86846888
6758.0000 0.8672623
6758.9000 0.87014812
6759.8000 0.87173927
6760.7000 0.87291288
6761.6000 0.87555808
6762.5000 0.87871641
6763.4000 0.87876737
6764.3000 0.87961251
6765.2000 0.87865514
6766.1000 0.87342352
6767.0000 0.86481768
6767.9000 0.85961252
6768.8000 0.86537462
6769.7000 0.87096274
6770.6000 0.86970073
6771.5000 0.86536396
6772.4000 0.86461061
6773.3000 0.86654925
6774.2000 0.86820501
6775.1000 0.87220764
6776.0000 0.87653315
6776.9000 0.8773815
6777.8000 0.87794989
6778.7000 0.87897378
6779.6000 0.87390786
6780.5000 0.86634618
6781.4000 0.86224681
6782.3000 0.86074531
6783.2000 0.86168748
6784.1000 0.86271745
6785.0000 0.86167389
6785.9000 0.86067772
6786.8000 0.8613264
6787.7000 0.86500913
6788.6000 0.8708958
6789.5000 0.87237352
6790.4000 0.86650902
6791.3000 0.85799533
6792.2000 0.85670072
6793.1000 0.86283058
6794.0000 0.86716396
6794.9000 0.86634898
6795.8000 0.86201066
6796.7000 0.8600257
6797.6000 0.86098582
6798.5000 0.86213017
6799.4000 0.8676545
6800.3000 0.87546253
6801.2000 0.87791014
6802.1000 0.87994266
6803.0000 0.88064861
6803.9000 0.87458551
6804.8000 0.86715376
6805.7000 0.86686814
6806.6000 0.86665434
6807.5000 0.86546201
6808.4000 0.86816984
6809.3000 0.87065828
6810.2000 0.87421453
6811.1000 0.87466842
6812.0000 0.87223655
6812.9000 0.87206411
6813.8000 0.87208289
6814.7000 0.86847222
6815.6000 0.86111832
6816.5000 0.85897869
6817.4000 0.86173522
6818.3000 0.86224371
6819.2000 0.85864812
6820.1000 0.85478806
6821.0000 0.85899317
6821.9000 0.86912268
6822.8000 0.87363708
6823.7000 0.87341785
6824.6000 0.87328321
6825.5000 0.87358636
6826.4000 0.87320226
6827.3000 0.87034631
6828.2000 0.86876643
6829.1000 0.87230486
6830.0000 0.87630749
6830.9000 0.87418741
6831.8000 0.8681581
6832.7000 0.86564702
6833.6000 0.86657459
6834.5000 0.86569434
6835.4000 0.86275268
6836.3000 0.86141294
6837.2000 0.86154985
6838.1000 0.85909998
6839.0000 0.85509646
6839.9000 0.8553679
6840.8000 0.8594808
6841.7000 0.85899645
6842.6000 0.8539623
6843.5000 0.85304922
6844.4000 0.8543095
6845.3000 0.8546676
6846.2000 0.85779017
6847.1000 0.86305451
6848.0000 0.86809111
6848.9000 0.86963862
6849.8000 0.87116086
6850.7000 0.87394202
6851.6000 0.87057418
6852.5000 0.86785507
6853.4000 0.87041825
6854.3000 0.86908638
6855.2000 0.86066729
6856.1000 0.85278344
6857.0000 0.85280293
6857.9000 0.86103708
6858.8000 0.8681615
6859.7000 0.86805874
6860.6000 0.86165696
6861.5000 0.85591394
6862.4000 0.85358024
6863.3000 0.8539384
6864.2000 0.85454273
6865.1000 0.85248071
6866.0000 0.85211051
6866.9000 0.8547523
6867.8000 0.85427082
6868.7000 0.85046798
6869.6000 0.84875888
6870.5000 0.85734093
6871.4000 0.87410599
6872.3000 0.87508178
6873.2000 0.85376716
6874.1000 0.84068394
6875.0000 0.84259683
6875.9000 0.84694058
6876.8000 0.85194355
6877.7000 0.85664845
6878.6000 0.85661173
6879.5000 0.85563529
6880.4000 0.85505766
6881.3000 0.85252857
6882.2000 0.85310203
6883.1000 0.85760546
6884.0000 0.86024505
6884.9000 0.85854113
6885.8000 0.85779101
6886.7000 0.85706812
6887.6000 0.85498816
6888.5000 0.85295886
6889.4000 0.85561252
6890.3000 0.85356754
6891.2000 0.84318388
6892.1000 0.84793997
6893.0000 0.85774338
6893.9000 0.84692758
6894.8000 0.82969481
6895.7000 0.83490431
6896.6000 0.84610349
6897.5000 0.83611661
6898.4000 0.82523763
6899.3000 0.83600897
6900.2000 0.84869134
6901.1000 0.8435542
6902.0000 0.83633173
6902.9000 0.84350926
6903.8000 0.8561331
6904.7000 0.85542113
6905.6000 0.8443138
6906.5000 0.84463459
6907.4000 0.85655808
6908.3000 0.86153978
6909.2000 0.85494423
6910.1000 0.84857512
6911.0000 0.85359514
6911.9000 0.86384964
6912.8000 0.86231571
6913.7000 0.83780223
6914.6000 0.81705928
6915.5000 0.82026243
6916.4000 0.83310848
6917.3000 0.84262943
6918.2000 0.83935189
6919.1000 0.82968801
6920.0000 0.83036935
6920.9000 0.8377651
6921.8000 0.84038347
6922.7000 0.83086807
6923.6000 0.81762576
6924.5000 0.81701231
6925.4000 0.82819521
6926.3000 0.83588725
6927.2000 0.83679062
6928.1000 0.83257794
6929.0000 0.82971066
6929.9000 0.83488232
6930.8000 0.83956784
6931.7000 0.83749139
6932.6000 0.83320832
6933.5000 0.82901061
6934.4000 0.82610649
6935.3000 0.83154929
6936.2000 0.84072942
6937.1000 0.84255421
6938.0000 0.83612537
6938.9000 0.83295608
6939.8000 0.83610427
6940.7000 0.84235203
6941.6000 0.8493796
6942.5000 0.85346234
6943.4000 0.85393363
6944.3000 0.85051614
6945.2000 0.84311366
6946.1000 0.83727616
6947.0000 0.84438407
6947.9000 0.85588235
6948.8000 0.85419941
6949.7000 0.8423934
6950.6000 0.8324728
6951.5000 0.8312431
6952.4000 0.83300173
6953.3000 0.82850248
6954.2000 0.82544822
6955.1000 0.82841128
6956.0000 0.82835454
6956.9000 0.82278812
6957.8000 0.81418508
6958.7000 0.80901778
6959.6000 0.81624556
6960.5000 0.82698059
6961.4000 0.82797348
6962.3000 0.82901645
6963.2000 0.83378422
6964.1000 0.83422101
6965.0000 0.83379513
6965.9000 0.83243722
6966.8000 0.83099973
6967.7000 0.83390284
6968.6000 0.83466059
6969.5000 0.83585334
6970.4000 0.83996087
6971.3000 0.84401667
6972.2000 0.84645361
6973.1000 0.84701407
6974.0000 0.84423172
6974.9000 0.83810776
6975.8000 0.82791597
6976.7000 0.82055414
6977.6000 0.81786358
6978.5000 0.81243026
6979.4000 0.81170243
6980.3000 0.82277364
6981.2000 0.83249217
6982.1000 0.83482903
6983.0000 0.83597296
6983.9000 0.83717656
6984.8000 0.83486092
6985.7000 0.83277535
6986.6000 0.83043873
6987.5000 0.82714033
6988.4000 0.82610625
6989.3000 0.82741946
6990.2000 0.83585191
6991.1000 0.84031099
6992.0000 0.83696073
6992.9000 0.83755654
6993.8000 0.8384642
6994.7000 0.83741736
6995.6000 0.83719563
6996.5000 0.83983481
6997.4000 0.84138662
6998.3000 0.83686334
6999.2000 0.83124745
7000.1000 0.83329397
7001.0000 0.84158224
7001.9000 0.84722567
7002.8000 0.84528285
7003.7000 0.8411361
7004.6000 0.8390646
7005.5000 0.83868474
7006.4000 0.84075069
7007.3000 0.84130865
7008.2000 0.83956474
7009.1000 0.84119374
7010.0000 0.841627
7010.9000 0.83550858
7011.8000 0.82696486
7012.7000 0.82157123
7013.6000 0.82211381
7014.5000 0.82566696
7015.4000 0.82382649
7016.3000 0.81464803
7017.2000 0.81043279
7018.1000 0.81548882
7019.0000 0.82447267
7019.9000 0.83317071
7020.8000 0.83664972
7021.7000 0.83567548
7022.6000 0.83478546
7023.5000 0.83635479
7024.4000 0.83844131
7025.3000 0.84112704
7026.2000 0.84638178
7027.1000 0.84945679
7028.0000 0.84719878
7028.9000 0.84340739
7029.8000 0.84383917
7030.7000 0.85034513
7031.6000 0.857252
7032.5000 0.8589285
7033.4000 0.85270345
7034.3000 0.84345865
7035.2000 0.84307915
7036.1000 0.8496151
7037.0000 0.84693551
7037.9000 0.834957
7038.8000 0.82839119
7039.7000 0.83198667
7040.6000 0.83484858
7041.5000 0.83255512
7042.4000 0.8340717
7043.3000 0.84064543
7044.2000 0.84306461
7045.1000 0.83793783
7046.0000 0.83399159
7046.9000 0.83712935
7047.8000 0.84196156
7048.7000 0.84484565
7049.6000 0.84192771
7050.5000 0.83652431
7051.4000 0.83753026
7052.3000 0.83841169
7053.2000 0.83320141
7054.1000 0.83342481
7055.0000 0.84481001
7055.9000 0.85281885
7056.8000 0.85512722
7057.7000 0.85566288
7058.6000 0.85243696
7059.5000 0.84736258
7060.4000 0.84716225
7061.3000 0.84827077
7062.2000 0.84748071
7063.1000 0.84837437
7064.0000 0.85163319
7064.9000 0.85016519
7065.8000 0.84433573
7066.7000 0.84242713
7067.6000 0.84454548
7068.5000 0.84842002
7069.4000 0.85184187
7070.3000 0.85289031
7071.2000 0.84581548
7072.1000 0.83602649
7073.0000 0.83713239
7073.9000 0.84477246
7074.8000 0.8445195
7075.7000 0.84035146
7076.6000 0.83852714
7077.5000 0.83786678
7078.4000 0.83813614
7079.3000 0.84118921
7080.2000 0.8467052
7081.1000 0.85045677
7082.0000 0.84965295
7082.9000 0.84587497
7083.8000 0.83986098
7084.7000 0.83371335
7085.6000 0.83185083
7086.5000 0.83449167
7087.4000 0.83794338
7088.3000 0.83832335
7089.2000 0.83883327
7090.1000 0.83430737
7091.0000 0.82769674
7091.9000 0.82680303
7092.8000 0.82534295
7093.7000 0.82401556
7094.6000 0.82392669
7095.5000 0.82269692
7096.4000 0.82237285
7097.3000 0.82523167
7098.2000 0.82763642
7099.1000 0.83082354
7100.0000 0.82801634
7100.9000 0.8281523
7101.8000 0.82928413
7102.7000 0.82940906
7103.6000 0.83031517
7104.5000 0.8319481
7105.4000 0.83297795
7106.3000 0.83363742
7107.2000 0.83592743
7108.1000 0.83714128
7109.0000 0.83470118
7109.9000 0.83395386
7110.8000 0.83498806
7111.7000 0.83527631
7112.6000 0.83653742
7113.5000 0.83910859
7114.4000 0.84076923
7115.3000 0.84035867
7116.2000 0.83974665
7117.1000 0.8368054
7118.0000 0.83643532
7118.9000 0.83697098
7119.8000 0.8350355
7120.7000 0.83203429
7121.6000 0.83025014
7122.5000 0.8311314
7123.4000 0.83167744
7124.3000 0.83423859
7125.2000 0.83724397
7126.1000 0.83513039
7127.0000 0.83187395
7127.9000 0.831976
7128.8000 0.83265632
7129.7000 0.8317818
7130.6000 0.82648534
7131.5000 0.82317328
7132.4000 0.82362425
7133.3000 0.8269279
7134.2000 0.82904595
7135.1000 0.82865506
7136.0000 0.82810879
7136.9000 0.83123201
7137.8000 0.83323961
7138.7000 0.8311829
7139.6000 0.82769263
7140.5000 0.82601076
7141.4000 0.82656986
7142.3000 0.82939422
7143.2000 0.83041632
7144.1000 0.83094174
7145.0000 0.8310352
7145.9000 0.82936496
7146.8000 0.82073009
7147.7000 0.80768454
7148.6000 0.79792488
7149.5000 0.80367833
7150.4000 0.81642836
7151.3000 0.82398891
7152.2000 0.82790768
7153.1000 0.82821095
7154.0000 0.82597381
7154.9000 0.82292014
7155.8000 0.82084644
7156.7000 0.81959951
7157.6000 0.81949633
7158.5000 0.82325703
7159.4000 0.82615983
7160.3000 0.82472563
7161.2000 0.82362264
7162.1000 0.82541704
7163.0000 0.82688165
7163.9000 0.81835455
7164.8000 0.80542427
7165.7000 0.80036467
7166.6000 0.80547184
7167.5000 0.81406724
7168.4000 0.82032371
7169.3000 0.82110459
7170.2000 0.82263327
7171.1000 0.82687181
7172.0000 0.82765931
7172.9000 0.82247621
7173.8000 0.81895298
7174.7000 0.81942219
7175.6000 0.82061827
7176.5000 0.82137972
7177.4000 0.82129562
7178.3000 0.81831938
7179.2000 0.81418383
7180.1000 0.81306934
7181.0000 0.81388593
7181.9000 0.81104964
7182.8000 0.8058846
7183.7000 0.80903757
7184.6000 0.81671071
7185.5000 0.82005161
7186.4000 0.81101054
7187.3000 0.7989378
7188.2000 0.79755056
7189.1000 0.80208206
7190.0000 0.8071748
7190.9000 0.81194079
7191.8000 0.80476773
7192.7000 0.79537547
7193.6000 0.7945236
7194.5000 0.80050772
7195.4000 0.81007087
7196.3000 0.80958682
7197.2000 0.80327737
7198.1000 0.79953933
7199.0000 0.8015303
7199.9000 0.8069365
7200.8000 0.80756176
7201.7000 0.80197406
7202.6000 0.79532462
7203.5000 0.80034584
7204.4000 0.81247264
7205.3000 0.81079894
7206.2000 0.79511607
7207.1000 0.78506333
7208.0000 0.7878412
7208.9000 0.79471785
7209.8000 0.79905641
7210.7000 0.8041243
7211.6000 0.8023479
7212.5000 0.79894334
7213.4000 0.80145478
7214.3000 0.8043431
7215.2000 0.80403453
7216.1000 0.80233783
7217.0000 0.80113417
7217.9000 0.80113828
7218.8000 0.8016811
7219.7000 0.80412376
7220.6000 0.80582112
7221.5000 0.80552793
7222.4000 0.80248129
7223.3000 0.79670209
7224.2000 0.79618818
7225.1000 0.80249965
7226.0000 0.80889946
7226.9000 0.81540799
7227.8000 0.81846291
7228.7000 0.81574446
7229.6000 0.81238055
7230.5000 0.81425393
7231.4000 0.81781137
7232.3000 0.81655908
7233.2000 0.81608492
7234.1000 0.81618077
7235.0000 0.81597453
7235.9000 0.81677592
7236.8000 0.81769472
7237.7000 0.81715262
7238.6000 0.81596959
7239.5000 0.80917603
7240.4000 0.80144233
7241.3000 0.80013895
7242.2000 0.80568141
7243.1000 0.8132844
7244.0000 0.81561381
7244.9000 0.80785376
7245.8000 0.79817921
7246.7000 0.80220294
7247.6000 0.80873144
7248.5000 0.8038187
7249.4000 0.80022138
7250.3000 0.8023445
7251.2000 0.80451834
7252.1000 0.80488217
7253.0000 0.80701166
7253.9000 0.80820215
7254.8000 0.80649489
7255.7000 0.81034958
7256.6000 0.81483918
7257.5000 0.8111468
7258.4000 0.80369824
7259.3000 0.79827595
7260.2000 0.79654682
7261.1000 0.79598916
7262.0000 0.79475319
7262.9000 0.79422367
7263.8000 0.79719061
7264.7000 0.8035059
7265.6000 0.8085568
7266.5000 0.8096692
7267.4000 0.80941862
7268.3000 0.81050646
7269.2000 0.80923188
7270.1000 0.79927248
7271.0000 0.78815281
7271.9000 0.78897256
7272.8000 0.79677576
7273.7000 0.79996842
7274.6000 0.79773021
7275.5000 0.79778337
7276.4000 0.80067968
7277.3000 0.79973269
7278.2000 0.79753768
7279.1000 0.80098486
7280.0000 0.80615187
7280.9000 0.80452585
7281.8000 0.79528201
7282.7000 0.78750771
7283.6000 0.78976589
7284.5000 0.79782867
7285.4000 0.80357713
7286.3000 0.80558604
7287.2000 0.80553472
7288.1000 0.79865187
7289.0000 0.78935426
7289.9000 0.7883482
7290.8000 0.79292327
7291.7000 0.79279506
7292.6000 0.7863729
7293.5000 0.78746438
7294.4000 0.79571724
7295.3000 0.79732603
7296.2000 0.79414839
7297.1000 0.79276723
7298.0000 0.79537803
7298.9000 0.79722494
7299.8000 0.79335535
7300.7000 0.78896874
7301.6000 0.79115552
7302.5000 0.79633886
7303.4000 0.79902995
7304.3000 0.79806149
7305.2000 0.79636008
7306.1000 0.79749376
7307.0000 0.79896098
7307.9000 0.79667968
7308.8000 0.79434115
7309.7000 0.79530537
7310.6000 0.79418647
7311.5000 0.79562163
7312.4000 0.80343324
7313.3000 0.81114465
7314.2000 0.80957806
7315.1000 0.80212837
7316.0000 0.8009426
7316.9000 0.80508018
7317.8000 0.80816954
7318.7000 0.8111701
7319.6000 0.81347907
7320.5000 0.81107581
7321.4000 0.80913568
7322.3000 0.80712688
7323.2000 0.80422556
7324.1000 0.80059785
7325.0000 0.79770356
7325.9000 0.79226172
7326.8000 0.78704119
7327.7000 0.7923941
7328.6000 0.80204439
7329.5000 0.8058939
7330.4000 0.80361289
7331.3000 0.80034876
7332.2000 0.79736418
7333.1000 0.7947548
7334.0000 0.79580384
7334.9000 0.80021173
7335.8000 0.80314082
7336.7000 0.80556363
7337.6000 0.80581951
7338.5000 0.80518931
7339.4000 0.80665076
7340.3000 0.80733055
7341.2000 0.80473989
7342.1000 0.80079269
7343.0000 0.79755783
7343.9000 0.79557735
7344.8000 0.79505593
7345.7000 0.7972191
7346.6000 0.8000108
7347.5000 0.80292612
7348.4000 0.80758578
7349.3000 0.80805027
7350.2000 0.80737376
7351.1000 0.80706614
7352.0000 0.806122
7352.9000 0.80578041
7353.8000 0.80178374
7354.7000 0.79589546
7355.6000 0.78960705
7356.5000 0.78997803
7357.4000 0.79788977
7358.3000 0.80555785
7359.2000 0.80878276
7360.1000 0.80680883
7361.0000 0.79952925
7361.9000 0.79122066
7362.8000 0.78869587
7363.7000 0.79192418
7364.6000 0.79594278
7365.5000 0.79691797
7366.4000 0.79729915
7367.3000 0.79920805
7368.2000 0.80107164
7369.1000 0.79812819
7370.0000 0.7954756
7370.9000 0.79516268
7371.8000 0.79481798
7372.7000 0.79580921
7373.6000 0.79737896
7374.5000 0.79739594
7375.4000 0.79516834
7376.3000 0.79688984
7377.2000 0.80105036
7378.1000 0.80013233
7379.0000 0.79879194
7379.9000 0.80088568
7380.8000 0.80163628
7381.7000 0.7992267
7382.6000 0.79555506
7383.5000 0.79193878
7384.4000 0.79012179
7385.3000 0.78691673
7386.2000 0.7845127
7387.1000 0.78566688
7388.0000 0.78556019
7388.9000 0.7828365
7389.8000 0.78203118
7390.7000 0.78545839
7391.6000 0.79016817
7392.5000 0.7906394
7393.4000 0.78940284
7394.3000 0.78751183
7395.2000 0.78777134
7396.1000 0.78837723
7397.0000 0.79145449
7397.9000 0.79541028
7398.8000 0.79775995
7399.7000 0.80130351
7400.6000 0.80239493
7401.5000 0.80005032
7402.4000 0.80073488
7403.3000 0.80148417
7404.2000 0.80153257
7405.1000 0.80115539
7406.0000 0.79746252
7406.9000 0.79523957
7407.8000 0.79464066
7408.7000 0.79184556
7409.6000 0.78733963
7410.5000 0.78701758
7411.4000 0.78995907
7412.3000 0.6496951
7413.2000 0.15000612
7414.1000 0.00311272
7415.0000 0.00000365
7415.9000 0
7416.8000 0
7417.7000 0
7418.6000 0
7419.5000 0
7420.4000 0
7421.3000 0
7422.2000 0
7423.1000 0
7424.0000 0
7424.9000 0
7425.8000 0
7426.7000 0
7427.6000 0
7428.5000 0
7429.4000 0
