3500.0000 0
3500.9000 0
3501.8000 0
3502.7000 0
3503.6000 0
3504.5000 0
3505.4000 0
3506.3000 0
3507.2000 0
3508.1000 0
3509.0000 0
3509.9000 0
3510.8000 0
3511.7000 0
3512.6000 0
3513.5000 0
3514.4000 0
3515.3000 0
3516.2000 0
3517.1000 0
3518.0000 0
3518.9000 0
3519.8000 0
3520.7000 0
3521.6000 0
3522.5000 0
3523.4000 0
3524.3000 0
3525.2000 0
3526.1000 0
3527.0000 0
3527.9000 0
3528.8000 0
3529.7000 0
3530.6000 0
3531.5000 0
3532.4000 0
3533.3000 0
3534.2000 0.00000582
3535.1000 0.01989076
3536.0000 0.20342849
3536.9000 0.21683383
3537.8000 0.22399904
3538.7000 0.23856227
3539.6000 0.24373114
3540.5000 0.23391815
3541.4000 0.22403713
3542.3000 0.22955765
3543.2000 0.246259
3544.1000 0.25562507
3545.0000 0.25821054
3545.9000 0.26226267
3546.8000 0.25931436
3547.7000 0.25193256
3548.6000 0.25406477
3549.5000 0.26568055
3550.4000 0.26898393
3551.3000 0.2652663
3552.2000 0.24872321
3553.1000 0.23147522
3554.0000 0.22165057
3554.9000 0.22430512
3555.8000 0.23701608
3556.7000 0.24540526
3557.6000 0.24158888
3558.5000 0.23440896
3559.4000 0.2382707
3560.3000 0.24863207
3561.2000 0.25786418
3562.1000 0.26864451
3563.0000 0.27425587
3563.9000 0.25503588
3564.8000 0.21083368
3565.7000 0.17573547
3566.6000 0.17479451
3567.5000 0.1945118
3568.4000 0.19944108
3569.3000 0.17662534
3570.2000 0.15790707
3571.1000 0.17041034
3572.0000 0.19913009
3572.9000 0.22737244
3573.8000 0.23162141
3574.7000 0.23814337
3575.6000 0.25055429
3576.5000 0.25059053
3577.4000 0.23160537
3578.3000 0.20421343
3579.2000 0.17787607
3580.1000 0.14162694
3581.0000 0.12617639
3581.9000 0.15844552
3582.8000 0.18051711
3583.7000 0.17064786
3584.6000 0.14656423
3585.5000 0.13940108
3586.4000 0.15488718
3587.3000 0.17878552
3588.2000 0.19253135
3589.1000 0.21177454
3590.0000 0.23857741
3590.9000 0.25808814
3591.8000 0.25109166
3592.7000 0.22749931
3593.6000 0.2217132
3594.5000 0.2429478
3595.4000 0.2706064
3596.3000 0.28176117
3597.2000 0.27099493
3598.1000 0.27009651
3599.0000 0.27534267
3599.9000 0.28827074
3600.8000 0.27313727
3601.7000 0.23658426
3602.6000 0.22092222
3603.5000 0.21531957
3604.4000 0.19976559
3605.3000 0.20976196
3606.2000 0.2279851
3607.1000 0.22282439
3608.0000 0.178432
3608.9000 0.16332476
3609.8000 0.19044314
3610.7000 0.23371074
3611.6000 0.24738377
3612.5000 0.22568615
3613.4000 0.21311688
3614.3000 0.2385824
3615.2000 0.26215619
3616.1000 0.25152692
3617.0000 0.1987768
3617.9000 0.14952187
3618.8000 0.14270486
3619.7000 0.17508313
3620.6000 0.20806746
3621.5000 0.22952078
3622.4000 0.24229077
3623.3000 0.23392965
3624.2000 0.24339192
3625.1000 0.27749792
3626.0000 0.29159981
3626.9000 0.28687948
3627.8000 0.2813983
3628.7000 0.27379242
3629.6000 0.22831421
3630.5000 0.17027105
3631.4000 0.16368362
3632.3000 0.19239144
3633.2000 0.20332581
3634.1000 0.20523027
3635.0000 0.21738951
3635.9000 0.22856005
3636.8000 0.2334493
3637.7000 0.24639881
3638.6000 0.26556075
3639.5000 0.27310985
3640.4000 0.27050969
3641.3000 0.26013085
3642.2000 0.24516539
3643.1000 0.23290303
3644.0000 0.21834719
3644.9000 0.22134764
3645.8000 0.2276741
3646.7000 0.19794914
3647.6000 0.18672404
3648.5000 0.20586243
3649.4000 0.22130157
3650.3000 0.2306961
3651.2000 0.24317367
3652.1000 0.27079675
3653.0000 0.28667593
3653.9000 0.29105759
3654.8000 0.27345103
3655.7000 0.27432066
3656.6000 0.28342614
3657.5000 0.29012263
3658.4000 0.2992093
3659.3000 0.30013868
3660.2000 0.2999939
3661.1000 0.28791735
3662.0000 0.27308783
3662.9000 0.25839344
3663.8000 0.25860947
3664.7000 0.27971783
3665.6000 0.28435341
3666.5000 0.27717906
3667.4000 0.28523847
3668.3000 0.26150846
3669.2000 0.24077246
3670.1000 0.26497999
3671.0000 0.29220921
3671.9000 0.29482096
3672.8000 0.2770313
3673.7000 0.2708897
3674.6000 0.28208643
3675.5000 0.27724764
3676.4000 0.25862211
3677.3000 0.24148367
3678.2000 0.23625955
3679.1000 0.22290978
3680.0000 0.22624165
3680.9000 0.23983987
3681.8000 0.25638473
3682.7000 0.26896936
3683.6000 0.26986492
3684.5000 0.25673807
3685.4000 0.2382336
3686.3000 0.21951082
3687.2000 0.2126974
3688.1000 0.23584938
3689.0000 0.26665908
3689.9000 0.30163902
3690.8000 0.3173739
3691.7000 0.31810156
3692.6000 0.29392797
3693.5000 0.27336633
3694.4000 0.27257639
3695.3000 0.28440574
3696.2000 0.28550425
3697.1000 0.28042746
3698.0000 0.29126522
3698.9000 0.30861118
3699.8000 0.31278837
3700.7000 0.30510834
3701.6000 0.29728836
3702.5000 0.27306545
3703.4000 0.23732021
3704.3000 0.20190886
3705.2000 0.19027358
3706.1000 0.21151267
3707.0000 0.22266421
3707.9000 0.21225742
3708.8000 0.21764481
3709.7000 0.2490416
3710.6000 0.27538562
3711.5000 0.29057357
3712.4000 0.31106481
3713.3000 0.33155787
3714.2000 0.33043295
3715.1000 0.3156397
3716.0000 0.30674309
3716.9000 0.29155296
3717.8000 0.25638574
3718.7000 0.19397071
3719.6000 0.15594825
3720.5000 0.149581
3721.4000 0.16230351
3722.3000 0.20459616
3723.2000 0.24673773
3724.1000 0.27727678
3725.0000 0.2990216
3725.9000 0.27218497
3726.8000 0.2272929
3727.7000 0.25056243
3728.6000 0.28821436
3729.5000 0.27859268
3730.4000 0.26843065
3731.3000 0.24935007
3732.2000 0.2073919
3733.1000 0.15972985
3734.0000 0.12508585
3734.9000 0.12536086
3735.8000 0.13922264
3736.7000 0.15592065
3737.6000 0.20159627
3738.5000 0.24971198
3739.4000 0.27292052
3740.3000 0.28420973
3741.2000 0.27907813
3742.1000 0.24559538
3743.0000 0.22231172
3743.9000 0.20709337
3744.8000 0.1746635
3745.7000 0.16971266
3746.6000 0.18177921
3747.5000 0.15774497
3748.4000 0.12384754
3749.3000 0.13532443
3750.2000 0.18892862
3751.1000 0.24701223
3752.0000 0.27063262
3752.9000 0.28587964
3753.8000 0.31823945
3754.7000 0.33989507
3755.6000 0.32641441
3756.5000 0.26718369
3757.4000 0.20321195
3758.3000 0.19098172
3759.2000 0.22738069
3760.1000 0.25775734
3761.0000 0.2584343
3761.9000 0.25439787
3762.8000 0.23387021
3763.7000 0.23374306
3764.6000 0.26011461
3765.5000 0.25551862
3766.4000 0.22899087
3767.3000 0.23287073
3768.2000 0.25597131
3769.1000 0.24851273
3770.0000 0.23542731
3770.9000 0.25395602
3771.8000 0.28349245
3772.7000 0.30049154
3773.6000 0.30429539
3774.5000 0.30077931
3775.4000 0.30209771
3776.3000 0.30985487
3777.2000 0.31349024
3778.1000 0.31038198
3779.0000 0.32149976
3779.9000 0.33967128
3780.8000 0.34559849
3781.7000 0.34042078
3782.6000 0.33783296
3783.5000 0.3519212
3784.4000 0.34571996
3785.3000 0.29145434
3786.2000 0.25649357
3787.1000 0.25593191
3788.0000 0.2579174
3788.9000 0.25077483
3789.8000 0.2541866
3790.7000 0.27274552
3791.6000 0.27537504
3792.5000 0.26844549
3793.4000 0.25947127
3794.3000 0.24521242
3795.2000 0.24239931
3796.1000 0.23157874
3797.0000 0.19738701
3797.9000 0.18396875
3798.8000 0.20329016
3799.7000 0.24919164
3800.6000 0.27473146
3801.5000 0.28748545
3802.4000 0.31229353
3803.3000 0.32308811
3804.2000 0.31273246
3805.1000 0.29892829
3806.0000 0.2846536
3806.9000 0.27643129
3807.8000 0.29830202
3808.7000 0.33074147
3809.6000 0.34296045
3810.5000 0.33849964
3811.4000 0.31227326
3812.3000 0.27179182
3813.2000 0.24855407
3814.1000 0.23598318
3815.0000 0.20661578
3815.9000 0.21861684
3816.8000 0.27335927
3817.7000 0.28777242
3818.6000 0.24297318
3819.5000 0.18327603
3820.4000 0.17908891
3821.3000 0.22155599
3822.2000 0.25702631
3823.1000 0.23965436
3824.0000 0.18952444
3824.9000 0.15885195
3825.8000 0.15272865
3826.7000 0.16137469
3827.6000 0.16651289
3828.5000 0.17311865
3829.4000 0.18474704
3830.3000 0.19350417
3831.2000 0.17139134
3832.1000 0.14831096
3833.0000 0.14769717
3833.9000 0.15328069
3834.8000 0.1672858
3835.7000 0.18106557
3836.6000 0.17281902
3837.5000 0.14704739
3838.4000 0.14013176
3839.3000 0.14975056
3840.2000 0.16209671
3841.1000 0.20445892
3842.0000 0.25082403
3842.9000 0.27037889
3843.8000 0.27880788
3844.7000 0.28029159
3845.6000 0.27390212
3846.5000 0.28721532
3847.4000 0.30538318
3848.3000 0.29018337
3849.2000 0.25348389
3850.1000 0.25107664
3851.0000 0.28611097
3851.9000 0.30173841
3852.8000 0.28862053
3853.7000 0.27735177
3854.6000 0.26208526
3855.5000 0.23782179
3856.4000 0.24413013
3857.3000 0.2468273
3858.2000 0.20696916
3859.1000 0.16879159
3860.0000 0.17861202
3860.9000 0.23494306
3861.8000 0.29483879
3862.7000 0.31653836
3863.6000 0.30644026
3864.5000 0.29042915
3865.4000 0.28680655
3866.3000 0.28617445
3867.2000 0.28313428
3868.1000 0.27548033
3869.0000 0.26162773
3869.9000 0.23561844
3870.8000 0.21029161
3871.7000 0.198661
3872.6000 0.21761991
3873.5000 0.25502622
3874.4000 0.28109822
3875.3000 0.29172146
3876.2000 0.28160957
3877.1000 0.2384025
3878.0000 0.20908037
3878.9000 0.24397722
3879.8000 0.27063012
3880.7000 0.25639799
3881.6000 0.23028453
3882.5000 0.2264211
3883.4000 0.25476953
3884.3000 0.25040713
3885.2000 0.2159107
3886.1000 0.19046043
3887.0000 0.20193976
3887.9000 0.19715486
3888.8000 0.19559425
3889.7000 0.22885929
3890.6000 0.26566347
3891.5000 0.28633606
3892.4000 0.28414828
3893.3000 0.28266525
3894.2000 0.27598044
3895.1000 0.26370072
3896.0000 0.28397405
3896.9000 0.31357151
3897.8000 0.30592033
3898.7000 0.27846095
3899.6000 0.27920291
3900.5000 0.30163193
3901.4000 0.30505341
3902.3000 0.27270609
3903.2000 0.26251629
3904.1000 0.26142451
3905.0000 0.24431981
3905.9000 0.25276792
3906.8000 0.28992915
3907.7000 0.32074016
3908.6000 0.32667536
3909.5000 0.31896532
3910.4000 0.32220843
3911.3000 0.34185889
3912.2000 0.34829092
3913.1000 0.33973578
3914.0000 0.33638185
3914.9000 0.32787478
3915.8000 0.31074038
3916.7000 0.3060984
3917.6000 0.30558598
3918.5000 0.2962749
3919.4000 0.27649292
3920.3000 0.25236046
3921.2000 0.25261092
3922.1000 0.26579124
3923.0000 0.27554417
3923.9000 0.28119114
3924.8000 0.26294115
3925.7000 0.23662724
3926.6000 0.21217088
3927.5000 0.18005572
3928.4000 0.15409638
3929.3000 0.13494733
3930.2000 0.11435033
3931.1000 0.09502919
3932.0000 0.07656649
3932.9000 0.06205741
3933.8000 0.06166364
3934.7000 0.07767498
3935.6000 0.10087252
3936.5000 0.12363055
3937.4000 0.14894344
3938.3000 0.178848
3939.2000 0.20720619
3940.1000 0.21965362
3941.0000 0.22768195
3941.9000 0.23560816
3942.8000 0.22466753
3943.7000 0.21721983
3944.6000 0.24387136
3945.5000 0.29019639
3946.4000 0.30649406
3947.3000 0.29344526
3948.2000 0.29027498
3949.1000 0.30760664
3950.0000 0.32557091
3950.9000 0.32568038
3951.8000 0.30830795
3952.7000 0.30317035
3953.6000 0.32827711
3954.5000 0.33455685
3955.4000 0.31054711
3956.3000 0.29246655
3957.2000 0.30226076
3958.1000 0.32264698
3959.0000 0.32845628
3959.9000 0.28849649
3960.8000 0.23138456
3961.7000 0.19976869
3962.6000 0.19867602
3963.5000 0.19259834
3964.4000 0.17282791
3965.3000 0.1423347
3966.2000 0.11246731
3967.1000 0.08506386
3968.0000 0.06820683
3968.9000 0.07443196
3969.8000 0.09624939
3970.7000 0.12443502
3971.6000 0.15375982
3972.5000 0.18082334
3973.4000 0.19811203
3974.3000 0.23056431
3975.2000 0.25208467
3976.1000 0.2744382
3977.0000 0.29504743
3977.9000 0.31327549
3978.8000 0.33274183
3979.7000 0.35208049
3980.6000 0.35272366
3981.5000 0.33948514
3982.4000 0.32684663
3983.3000 0.32914495
3984.2000 0.33811417
3985.1000 0.34315145
3986.0000 0.33942032
3986.9000 0.34433189
3987.8000 0.3687562
3988.7000 0.3732968
3989.6000 0.36546046
3990.5000 0.36392185
3991.4000 0.37100902
3992.3000 0.38383976
3993.2000 0.38062152
3994.1000 0.36817235
3995.0000 0.35889333
3995.9000 0.34942588
3996.8000 0.33728492
3997.7000 0.34097087
3998.6000 0.36844131
3999.5000 0.38734707
4000.4000 0.38357303
4001.3000 0.3797318
4002.2000 0.39882922
4003.1000 0.40333661
4004.0000 0.35725254
4004.9000 0.31015861
4005.8000 0.31023407
4006.7000 0.34038672
4007.6000 0.37274724
4008.5000 0.38489795
4009.4000 0.38092977
4010.3000 0.38393587
4011.2000 0.39055654
4012.1000 0.39250204
4013.0000 0.38590646
4013.9000 0.37977538
4014.8000 0.3903448
4015.7000 0.39349985
4016.6000 0.37510633
4017.5000 0.37323007
4018.4000 0.39657927
4019.3000 0.40813619
4020.2000 0.39700222
4021.1000 0.38857749
4022.0000 0.39365292
4022.9000 0.39574271
4023.8000 0.38252825
4024.7000 0.38015059
4025.6000 0.39470246
4026.5000 0.40830553
4027.4000 0.41730231
4028.3000 0.41991913
4029.2000 0.39567506
4030.1000 0.35322085
4031.0000 0.33774742
4031.9000 0.33486563
4032.8000 0.33171573
4033.7000 0.34204713
4034.6000 0.35581118
4035.5000 0.3811104
4036.4000 0.40454584
4037.3000 0.42399204
4038.2000 0.43056014
4039.1000 0.4152602
4040.0000 0.39537042
4040.9000 0.38741255
4041.8000 0.40559641
4042.7000 0.40744221
4043.6000 0.36852324
4044.5000 0.30066967
4045.4000 0.2587325
4046.3000 0.29772618
4047.2000 0.36535323
4048.1000 0.39172083
4049.0000 0.40048236
4049.9000 0.41362908
4050.8000 0.41006875
4051.7000 0.38828185
4052.6000 0.3747901
4053.5000 0.37658575
4054.4000 0.36842218
4055.3000 0.37259483
4056.2000 0.37226182
4057.1000 0.35489613
4058.0000 0.34850812
4058.9000 0.36555466
4059.8000 0.39794847
4060.7000 0.40219247
4061.6000 0.37089214
4062.5000 0.31610775
4063.4000 0.28919572
4064.3000 0.32320011
4065.2000 0.35781538
4066.1000 0.35442021
4067.0000 0.35655811
4067.9000 0.38585582
4068.8000 0.41305959
4069.7000 0.39931792
4070.6000 0.35259163
4071.5000 0.31977075
4072.4000 0.35085538
4073.3000 0.38842368
4074.2000 0.39707571
4075.1000 0.37658411
4076.0000 0.34268764
4076.9000 0.31958309
4077.8000 0.3216553
4078.7000 0.34754264
4079.6000 0.38691175
4080.5000 0.41344255
4081.4000 0.41540724
4082.3000 0.40013576
4083.2000 0.37598664
4084.1000 0.3640219
4085.0000 0.37350851
4085.9000 0.40068093
4086.8000 0.42414269
4087.7000 0.43525478
4088.6000 0.43802497
4089.5000 0.42981401
4090.4000 0.42340738
4091.3000 0.4074946
4092.2000 0.39197618
4093.1000 0.40502581
4094.0000 0.40828201
4094.9000 0.3863256
4095.8000 0.36323225
4096.7000 0.35992053
4097.6000 0.36320776
4098.5000 0.35939932
4099.4000 0.33816865
4100.3000 0.28880581
4101.2000 0.25338283
4102.1000 0.26515383
4103.0000 0.30272731
4103.9000 0.33695549
4104.8000 0.36240798
4105.7000 0.38158405
4106.6000 0.39507326
4107.5000 0.39766544
4108.4000 0.38904235
4109.3000 0.3832365
4110.2000 0.38417879
4111.1000 0.38837546
4112.0000 0.40056175
4112.9000 0.41350144
4113.8000 0.41641587
4114.7000 0.41790316
4115.6000 0.43047693
4116.5000 0.43741846
4117.4000 0.42395908
4118.3000 0.39885888
4119.2000 0.39231065
4120.1000 0.40557325
4121.0000 0.41155398
4121.9000 0.4034026
4122.8000 0.39719614
4123.7000 0.4074274
4124.6000 0.41676036
4125.5000 0.41177514
4126.4000 0.4016431
4127.3000 0.3922168
4128.2000 0.39240134
4129.1000 0.40001038
4130.0000 0.40034613
4130.9000 0.38227189
4131.8000 0.35074517
4132.7000 0.34687841
4133.6000 0.35486475
4134.5000 0.37213981
4135.4000 0.40710422
4136.3000 0.41843247
4137.2000 0.41785499
4138.1000 0.43168771
4139.0000 0.44617927
4139.9000 0.4465282
4140.8000 0.43355104
4141.7000 0.39949903
4142.6000 0.35352466
4143.5000 0.33052057
4144.4000 0.36443114
4145.3000 0.40429506
4146.2000 0.41441396
4147.1000 0.41237625
4148.0000 0.41297784
4148.9000 0.3980501
4149.8000 0.39798692
4150.7000 0.41427603
4151.6000 0.41398263
4152.5000 0.40550065
4153.4000 0.38092074
4154.3000 0.36725599
4155.2000 0.38177609
4156.1000 0.38119644
4157.0000 0.39049202
4157.9000 0.40686935
4158.8000 0.41681993
4159.7000 0.42238399
4160.6000 0.41829315
4161.5000 0.4263632
4162.4000 0.44075572
4163.3000 0.43852088
4164.2000 0.43768722
4165.1000 0.43668181
4166.0000 0.42926902
4166.9000 0.39489976
4167.8000 0.39366269
4168.7000 0.41439447
4169.6000 0.41934907
4170.5000 0.40464833
4171.4000 0.36921036
4172.3000 0.34066671
4173.2000 0.34798625
4174.1000 0.37120458
4175.0000 0.38089776
4175.9000 0.38845116
4176.8000 0.3872886
4177.7000 0.38507399
4178.6000 0.39751038
4179.5000 0.41498938
4180.4000 0.40878633
4181.3000 0.38729346
4182.2000 0.37760833
4183.1000 0.37834337
4184.0000 0.38869742
4184.9000 0.40267885
4185.8000 0.38948011
4186.7000 0.35216242
4187.6000 0.34433451
4188.5000 0.37368029
4189.4000 0.40476984
4190.3000 0.40796849
4191.2000 0.39467973
4192.1000 0.41183531
4193.0000 0.43568277
4193.9000 0.43106994
4194.8000 0.4027805
4195.7000 0.38278073
4196.6000 0.37579915
4197.5000 0.3591451
4198.4000 0.34095943
4199.3000 0.35800138
4200.2000 0.37370896
4201.1000 0.35899127
4202.0000 0.35283044
4202.9000 0.37535036
4203.8000 0.39330509
4204.7000 0.40213272
4205.6000 0.41195983
4206.5000 0.42110437
4207.4000 0.42556313
4208.3000 0.4229475
4209.2000 0.41037425
4210.1000 0.40809825
4211.0000 0.41956308
4211.9000 0.43336421
4212.8000 0.43900481
4213.7000 0.42953089
4214.6000 0.40094516
4215.5000 0.3712602
4216.4000 0.37718737
4217.3000 0.39916906
4218.2000 0.40814316
4219.1000 0.41223827
4220.0000 0.42358211
4220.9000 0.42738467
4221.8000 0.41450566
4222.7000 0.39602169
4223.6000 0.37314051
4224.5000 0.34182209
4225.4000 0.29122555
4226.3000 0.24288487
4227.2000 0.26588652
4228.1000 0.34492415
4229.0000 0.39563614
4229.9000 0.41025558
4230.8000 0.41613305
4231.7000 0.41303933
4232.6000 0.39262745
4233.5000 0.38572377
4234.4000 0.38522366
4235.3000 0.36039847
4236.2000 0.34499392
4237.1000 0.36192971
4238.0000 0.37897682
4238.9000 0.37715566
4239.8000 0.3841888
4240.7000 0.40677014
4241.6000 0.41517407
4242.5000 0.40067396
4243.4000 0.40214816
4244.3000 0.41406134
4245.2000 0.41358924
4246.1000 0.39921874
4247.0000 0.3812654
4247.9000 0.3720277
4248.8000 0.36249101
4249.7000 0.34202626
4250.6000 0.34880772
4251.5000 0.39209965
4252.4000 0.41493252
4253.3000 0.39359957
4254.2000 0.36095992
4255.1000 0.3601546
4256.0000 0.39532083
4256.9000 0.42421547
4257.8000 0.40927529
4258.7000 0.37448153
4259.6000 0.33536309
4260.5000 0.31390116
4261.4000 0.34628549
4262.3000 0.39590356
4263.2000 0.41887417
4264.1000 0.42317003
4265.0000 0.42822367
4265.9000 0.42945233
4266.8000 0.40716258
4267.7000 0.39305872
4268.6000 0.39411876
4269.5000 0.37825626
4270.4000 0.33299747
4271.3000 0.28822947
4272.2000 0.30710682
4273.1000 0.33943486
4274.0000 0.33458498
4274.9000 0.33511764
4275.8000 0.36723244
4276.7000 0.39811233
4277.6000 0.413744
4278.5000 0.41408259
4279.4000 0.38953146
4280.3000 0.36818355
4281.2000 0.37769085
4282.1000 0.3853426
4283.0000 0.3940666
4283.9000 0.40116411
4284.8000 0.37889564
4285.7000 0.35903442
4286.6000 0.36420488
4287.5000 0.36992082
4288.4000 0.35400179
4289.3000 0.3219673
4290.2000 0.31503537
4291.1000 0.33824861
4292.0000 0.36814776
4292.9000 0.3837834
4293.8000 0.37416217
4294.7000 0.3667205
4295.6000 0.36820301
4296.5000 0.34988317
4297.4000 0.3272295
4298.3000 0.29756919
4299.2000 0.26096827
4300.1000 0.25807044
4301.0000 0.27824023
4301.9000 0.28159758
4302.8000 0.27723232
4303.7000 0.28687018
4304.6000 0.29285812
4305.5000 0.29228497
4306.4000 0.28307769
4307.3000 0.25351703
4308.2000 0.23307675
4309.1000 0.24593292
4310.0000 0.26564249
4310.9000 0.27982077
4311.8000 0.29749742
4312.7000 0.32397959
4313.6000 0.34914994
4314.5000 0.37028709
4315.4000 0.40992934
4316.3000 0.44948518
4317.2000 0.46304801
4318.1000 0.45943755
4319.0000 0.45482218
4319.9000 0.44609016
4320.8000 0.43171406
4321.7000 0.42105174
4322.6000 0.38853446
4323.5000 0.33997527
4324.4000 0.3034898
4325.3000 0.28873375
4326.2000 0.3164323
4327.1000 0.37686938
4328.0000 0.42527679
4328.9000 0.44532189
4329.8000 0.43906164
4330.7000 0.42710322
4331.6000 0.43040475
4332.5000 0.43690345
4333.4000 0.43540019
4334.3000 0.43380043
4335.2000 0.43313053
4336.1000 0.40973768
4337.0000 0.3609373
4337.9000 0.3251071
4338.8000 0.30000094
4339.7000 0.26746836
4340.6000 0.26277727
4341.5000 0.30530354
4342.4000 0.3504093
4343.3000 0.3713668
4344.2000 0.38529912
4345.1000 0.40037119
4346.0000 0.40975186
4346.9000 0.41321442
4347.8000 0.41794464
4348.7000 0.43590903
4349.6000 0.43872067
4350.5000 0.40102875
4351.4000 0.35468742
4352.3000 0.35030431
4353.2000 0.38671908
4354.1000 0.41033691
4355.0000 0.41191739
4355.9000 0.41961834
4356.8000 0.43327114
4357.7000 0.42912307
4358.6000 0.40964657
4359.5000 0.40552559
4360.4000 0.42779428
4361.3000 0.44817171
4362.2000 0.44326687
4363.1000 0.43328142
4364.0000 0.44419578
4364.9000 0.45805487
4365.8000 0.45060331
4366.7000 0.42716688
4367.6000 0.41360933
4368.5000 0.42353114
4369.4000 0.42904249
4370.3000 0.42413992
4371.2000 0.42308637
4372.1000 0.42467368
4373.0000 0.41183329
4373.9000 0.38957202
4374.8000 0.37464279
4375.7000 0.38499758
4376.6000 0.4134753
4377.5000 0.43140492
4378.4000 0.43603107
4379.3000 0.4331378
4380.2000 0.42330039
4381.1000 0.4166379
4382.0000 0.37532261
4382.9000 0.2970939
4383.8000 0.26825657
4384.7000 0.30590445
4385.6000 0.36782119
4386.5000 0.40322557
4387.4000 0.40562394
4388.3000 0.40024868
4389.2000 0.3984454
4390.1000 0.39918962
4391.0000 0.40541708
4391.9000 0.41727227
4392.8000 0.42595974
4393.7000 0.41750711
4394.6000 0.40729639
4395.5000 0.40876055
4396.4000 0.43260464
4397.3000 0.45429343
4398.2000 0.45273459
4399.1000 0.43738031
4400.0000 0.41015801
4400.9000 0.39805794
4401.8000 0.41891769
4402.7000 0.42333794
4403.6000 0.38681737
4404.5000 0.34232304
4405.4000 0.36193141
4406.3000 0.40394068
4407.2000 0.40831748
4408.1000 0.39711529
4409.0000 0.41221908
4409.9000 0.43610257
4410.8000 0.44775397
4411.7000 0.46249819
4412.6000 0.470054
4413.5000 0.45258877
4414.4000 0.40515026
4415.3000 0.38214517
4416.2000 0.40586671
4417.1000 0.42917296
4418.0000 0.44340879
4418.9000 0.46385026
4419.8000 0.47455525
4420.7000 0.46547261
4421.6000 0.4446193
4422.5000 0.43263134
4423.4000 0.44066221
4424.3000 0.44465891
4425.2000 0.43616274
4426.1000 0.43459556
4427.0000 0.43891954
4427.9000 0.44985014
4428.8000 0.45514348
4429.7000 0.44229585
4430.6000 0.43218935
4431.5000 0.43799666
4432.4000 0.43871665
4433.3000 0.42285627
4434.2000 0.40292934
4435.1000 0.38859031
4436.0000 0.40288451
4436.9000 0.43482849
4437.8000 0.46075651
4438.7000 0.4726837
4439.6000 0.4629713
4440.5000 0.44660327
4441.4000 0.42804936
4442.3000 0.407166
4443.2000 0.40620223
4444.1000 0.42906114
4445.0000 0.45335445
4445.9000 0.45512974
4446.8000 0.43594581
4447.7000 0.42938456
4448.6000 0.44417483
4449.5000 0.4474017
4450.4000 0.43932799
4451.3000 0.44436282
4452.2000 0.45150828
4453.1000 0.43219638
4454.0000 0.39268044
4454.9000 0.36849171
4455.8000 0.37671843
4456.7000 0.39577287
4457.6000 0.40125379
4458.5000 0.39736804
4459.4000 0.40139425
4460.3000 0.41021746
4461.2000 0.40282956
4462.1000 0.40283772
4463.0000 0.4221893
4463.9000 0.43440229
4464.8000 0.4348349
4465.7000 0.43333137
4466.6000 0.43627089
4467.5000 0.43529785
4468.4000 0.42416915
4469.3000 0.41692442
4470.2000 0.42654374
4471.1000 0.44583195
4472.0000 0.46007067
4472.9000 0.47029868
4473.8000 0.473564
4474.7000 0.46497613
4475.6000 0.46020746
4476.5000 0.46854389
4477.4000 0.47713515
4478.3000 0.47267908
4479.2000 0.44975048
4480.1000 0.42235756
4481.0000 0.40377998
4481.9000 0.40238157
4482.8000 0.42527267
4483.7000 0.4525522
4484.6000 0.46853265
4485.5000 0.47504637
4486.4000 0.47664535
4487.3000 0.4649846
4488.2000 0.44352552
4489.1000 0.42617974
4490.0000 0.4258275
4490.9000 0.4442274
4491.8000 0.46356505
4492.7000 0.4669053
4493.6000 0.44950283
4494.5000 0.43400088
4495.4000 0.43678558
4496.3000 0.44673857
4497.2000 0.45760643
4498.1000 0.46413669
4499.0000 0.46821854
4499.9000 0.46715674
4500.8000 0.4543646
4501.7000 0.45523995
4502.6000 0.47312945
4503.5000 0.48952013
4504.4000 0.49481729
4505.3000 0.49505213
4506.2000 0.49299082
4507.1000 0.48996994
4508.0000 0.48399672
4508.9000 0.48298264
4509.8000 0.48776245
4510.7000 0.48655581
4511.6000 0.48027781
4512.5000 0.47064289
4513.4000 0.46243635
4514.3000 0.45403871
4515.2000 0.45745325
4516.1000 0.46455553
4517.0000 0.45836896
4517.9000 0.45559472
4518.8000 0.46604553
4519.7000 0.47156096
4520.6000 0.47767183
4521.5000 0.47781414
4522.4000 0.46348733
4523.3000 0.45782399
4524.2000 0.45766395
4525.1000 0.4449673
4526.0000 0.42692146
4526.9000 0.4132407
4527.8000 0.40395331
4528.7000 0.39578229
4529.6000 0.40674984
4530.5000 0.41560373
4531.4000 0.42635909
4532.3000 0.43551123
4533.2000 0.42488879
4534.1000 0.40802616
4535.0000 0.40115419
4535.9000 0.41715005
4536.8000 0.45878401
4537.7000 0.4797
4538.6000 0.48299366
4539.5000 0.47465888
4540.4000 0.46587303
4541.3000 0.46115547
4542.2000 0.46819389
4543.1000 0.47635975
4544.0000 0.46381834
4544.9000 0.45030937
4545.8000 0.45075315
4546.7000 0.44999185
4547.6000 0.4489136
4548.5000 0.43739757
4549.4000 0.41836077
4550.3000 0.43070966
4551.2000 0.44858164
4552.1000 0.44790542
4553.0000 0.44361526
4553.9000 0.43273327
4554.8000 0.43127933
4555.7000 0.4370369
4556.6000 0.45643574
4557.5000 0.46824524
4558.4000 0.4715721
4559.3000 0.47495171
4560.2000 0.47546706
4561.1000 0.48330447
4562.0000 0.48599789
4562.9000 0.47312483
4563.8000 0.4544749
4564.7000 0.44411784
4565.6000 0.4453994
4566.5000 0.45876154
4567.4000 0.47264165
4568.3000 0.47774336
4569.2000 0.47227475
4570.1000 0.46743935
4571.0000 0.45275804
4571.9000 0.44665006
4572.8000 0.46572655
4573.7000 0.47904706
4574.6000 0.47992909
4575.5000 0.47624221
4576.4000 0.47999647
4577.3000 0.47687745
4578.2000 0.46378291
4579.1000 0.45074633
4580.0000 0.43643722
4580.9000 0.42547366
4581.8000 0.43083692
4582.7000 0.44021317
4583.6000 0.43872026
4584.5000 0.43491474
4585.4000 0.43425187
4586.3000 0.43903083
4587.2000 0.45215988
4588.1000 0.46839494
4589.0000 0.47651014
4589.9000 0.47292262
4590.8000 0.45952407
4591.7000 0.44393146
4592.6000 0.4392778
4593.5000 0.44689971
4594.4000 0.45232093
4595.3000 0.45192415
4596.2000 0.4509798
4597.1000 0.4485392
4598.0000 0.44723687
4598.9000 0.45432389
4599.8000 0.44954494
4600.7000 0.44442505
4601.6000 0.45100918
4602.5000 0.45356417
4603.4000 0.45252261
4604.3000 0.45542738
4605.2000 0.45829567
4606.1000 0.46077549
4607.0000 0.46313554
4607.9000 0.47467723
4608.8000 0.48702466
4609.7000 0.48199394
4610.6000 0.47012439
4611.5000 0.46456143
4612.4000 0.46391612
4613.3000 0.45845589
4614.2000 0.46217346
4615.1000 0.46761015
4616.0000 0.46413335
4616.9000 0.46301806
4617.8000 0.46345401
4618.7000 0.45699066
4619.6000 0.45500743
4620.5000 0.46824062
4621.4000 0.47545728
4622.3000 0.47025836
4623.2000 0.46847427
4624.1000 0.46832737
4625.0000 0.46310031
4625.9000 0.46031821
4626.8000 0.46511838
4627.7000 0.46985722
4628.6000 0.46467164
4629.5000 0.4590655
4630.4000 0.46517712
4631.3000 0.47371432
4632.2000 0.46795705
4633.1000 0.45440212
4634.0000 0.45403168
4634.9000 0.46223012
4635.8000 0.46469361
4636.7000 0.45732093
4637.6000 0.44802737
4638.5000 0.44903782
4639.4000 0.45458528
4640.3000 0.45806599
4641.2000 0.4646104
4642.1000 0.470658
4643.0000 0.46768805
4643.9000 0.45957497
4644.8000 0.45327204
4645.7000 0.44075945
4646.6000 0.42564756
4647.5000 0.42245466
4648.4000 0.43289304
4649.3000 0.4488717
4650.2000 0.45776239
4651.1000 0.45731676
4652.0000 0.4578599
4652.9000 0.46068102
4653.8000 0.45199502
4654.7000 0.44258159
4655.6000 0.44430837
4656.5000 0.446978
4657.4000 0.4552424
4658.3000 0.46934289
4659.2000 0.47876018
4660.1000 0.48054266
4661.0000 0.47462687
4661.9000 0.46873575
4662.8000 0.46166965
4663.7000 0.45758769
4664.6000 0.45603549
4665.5000 0.44301155
4666.4000 0.41162825
4667.3000 0.3856355
4668.2000 0.39375538
4669.1000 0.42731977
4670.0000 0.45347714
4670.9000 0.4601928
4671.8000 0.45341268
4672.7000 0.4445864
4673.6000 0.44809389
4674.5000 0.45502567
4675.4000 0.46408159
4676.3000 0.47064501
4677.2000 0.46361873
4678.1000 0.4462086
4679.0000 0.43502593
4679.9000 0.43649232
4680.8000 0.440781
4681.7000 0.4418121
4682.6000 0.44563907
4683.5000 0.45460966
4684.4000 0.458538
4685.3000 0.45957458
4686.2000 0.457838
4687.1000 0.4564575
4688.0000 0.45639998
4688.9000 0.45652804
4689.8000 0.45276421
4690.7000 0.44603229
4691.6000 0.44593909
4692.5000 0.45285544
4693.4000 0.46052894
4694.3000 0.46416259
4695.2000 0.46631682
4696.1000 0.46782541
4697.0000 0.46464065
4697.9000 0.45207047
4698.8000 0.44382477
4699.7000 0.4441188
4700.6000 0.44154534
4701.5000 0.42939636
4702.4000 0.41299292
4703.3000 0.41208497
4704.2000 0.43005258
4705.1000 0.44420496
4706.0000 0.44547623
4706.9000 0.43250629
4707.8000 0.42719725
4708.7000 0.42750335
4709.6000 0.43059623
4710.5000 0.44533798
4711.4000 0.45970601
4712.3000 0.46222526
4713.2000 0.45402852
4714.1000 0.44276264
4715.0000 0.4462457
4715.9000 0.45942613
4716.8000 0.46743062
4717.7000 0.46567783
4718.6000 0.46948421
4719.5000 0.47719243
4720.4000 0.4730075
4721.3000 0.46725538
4722.2000 0.47204792
4723.1000 0.47282749
4724.0000 0.47430062
4724.9000 0.47754875
4725.8000 0.47467262
4726.7000 0.45711833
4727.6000 0.43875033
4728.5000 0.43516222
4729.4000 0.43573195
4730.3000 0.43711445
4731.2000 0.44065785
4732.1000 0.45139086
4733.0000 0.45850477
4733.9000 0.46339098
4734.8000 0.4644438
4735.7000 0.45190135
4736.6000 0.43542612
4737.5000 0.44307554
4738.4000 0.45985135
4739.3000 0.46857899
4740.2000 0.46154138
4741.1000 0.45283744
4742.0000 0.45977297
4742.9000 0.47058225
4743.8000 0.47233331
4744.7000 0.46892357
4745.6000 0.46840495
4746.5000 0.47082677
4747.4000 0.47413072
4748.3000 0.4720321
4749.2000 0.47034025
4750.1000 0.467924
4751.0000 0.46594214
4751.9000 0.45843858
4752.8000 0.45554122
4753.7000 0.45286334
4754.6000 0.44625646
4755.5000 0.44253898
4756.4000 0.44310576
4757.3000 0.45161778
4758.2000 0.46165314
4759.1000 0.46885657
4760.0000 0.47017416
4760.9000 0.45678166
4761.8000 0.44071969
4762.7000 0.43782836
4763.6000 0.44087017
4764.5000 0.43790042
4765.4000 0.42980483
4766.3000 0.43038371
4767.2000 0.44134906
4768.1000 0.45155472
4769.0000 0.46198118
4769.9000 0.46886447
4770.8000 0.4615843
4771.7000 0.45144489
4772.6000 0.44901943
4773.5000 0.46104932
4774.4000 0.47282586
4775.3000 0.47367981
4776.2000 0.468788
4777.1000 0.46991792
4778.0000 0.46976116
4778.9000 0.46398973
4779.8000 0.45968637
4780.7000 0.46556973
4781.6000 0.46368769
4782.5000 0.45357344
4783.4000 0.44416708
4784.3000 0.45409238
4785.2000 0.4570024
4786.1000 0.44528937
4787.0000 0.44140759
4787.9000 0.4451077
4788.8000 0.44229519
4789.7000 0.44723776
4790.6000 0.45798773
4791.5000 0.46165299
4792.4000 0.46579626
4793.3000 0.47830722
4794.2000 0.48760721
4795.1000 0.48707682
4796.0000 0.48068577
4796.9000 0.47365332
4797.8000 0.46735373
4798.7000 0.46203032
4799.6000 0.45858955
4800.5000 0.45769873
4801.4000 0.46412557
4802.3000 0.46814162
4803.2000 0.46801645
4804.1000 0.46495563
4805.0000 0.46335787
4805.9000 0.4667922
4806.8000 0.46473846
4807.7000 0.45998913
4808.6000 0.45847648
4809.5000 0.46331134
4810.4000 0.46589622
4811.3000 0.46714798
4812.2000 0.4695287
4813.1000 0.46955732
4814.0000 0.47145605
4814.9000 0.47572517
4815.8000 0.48020878
4816.7000 0.47802556
4817.6000 0.47618365
4818.5000 0.48212233
4819.4000 0.48490989
4820.3000 0.48438659
4821.2000 0.47696781
4822.1000 0.46440157
4823.0000 0.44718206
4823.9000 0.43850061
4824.8000 0.4544723
4825.7000 0.4713358
4826.6000 0.47388971
4827.5000 0.46947879
4828.4000 0.46146029
4829.3000 0.45355225
4830.2000 0.45758897
4831.1000 0.45881501
4832.0000 0.45792878
4832.9000 0.46043077
4833.8000 0.46595094
4834.7000 0.46747938
4835.6000 0.46810591
4836.5000 0.46966696
4837.4000 0.46507925
4838.3000 0.45284811
4839.2000 0.44196761
4840.1000 0.43996099
4841.0000 0.44579318
4841.9000 0.44925126
4842.8000 0.44889352
4843.7000 0.45108035
4844.6000 0.45924127
4845.5000 0.46790823
4846.4000 0.46992511
4847.3000 0.4616735
4848.2000 0.45167944
4849.1000 0.449518
4850.0000 0.45472437
4850.9000 0.45807251
4851.8000 0.45654038
4852.7000 0.4528513
4853.6000 0.44198179
4854.5000 0.42308217
4855.4000 0.40682989
4856.3000 0.40816531
4857.2000 0.41268003
4858.1000 0.39979982
4859.0000 0.3700183
4859.9000 0.31949371
4860.8000 0.27317747
4861.7000 0.27529052
4862.6000 0.32215169
4863.5000 0.36540371
4864.4000 0.39289621
4865.3000 0.40979335
4866.2000 0.41881686
4867.1000 0.42547002
4868.0000 0.43141156
4868.9000 0.4388814
4869.8000 0.42966568
4870.7000 0.39699659
4871.6000 0.37640071
4872.5000 0.3946104
4873.4000 0.42623326
4874.3000 0.44343343
4875.2000 0.44565669
4876.1000 0.44416586
4877.0000 0.44367564
4877.9000 0.43792123
4878.8000 0.44753182
4879.7000 0.4636052
4880.6000 0.46065435
4881.5000 0.44811243
4882.4000 0.44790363
4883.3000 0.45572656
4884.2000 0.4521203
4885.1000 0.43831423
4886.0000 0.42646649
4886.9000 0.42550772
4887.8000 0.43259683
4888.7000 0.43417138
4889.6000 0.42168406
4890.5000 0.39535406
4891.4000 0.3866477
4892.3000 0.4176268
4893.2000 0.45619085
4894.1000 0.4766216
4895.0000 0.48305929
4895.9000 0.48321202
4896.8000 0.47936124
4897.7000 0.47532675
4898.6000 0.46970206
4899.5000 0.46072817
4900.4000 0.45759392
4901.3000 0.46144444
4902.2000 0.45631516
4903.1000 0.44464085
4904.0000 0.44561645
4904.9000 0.45977184
4905.8000 0.47195879
4906.7000 0.47178489
4907.6000 0.46425319
4908.5000 0.45613378
4909.4000 0.44054851
4910.3000 0.42678142
4911.2000 0.43229073
4912.1000 0.4489266
4913.0000 0.45928749
4913.9000 0.46605673
4914.8000 0.4740591
4915.7000 0.47461593
4916.6000 0.46377629
4917.5000 0.43810892
4918.4000 0.40305847
4919.3000 0.37793523
4920.2000 0.37143767
4921.1000 0.39238492
4922.0000 0.42606124
4922.9000 0.43760651
4923.8000 0.43049386
4924.7000 0.4328253
4925.6000 0.44978538
4926.5000 0.46225578
4927.4000 0.46253109
4928.3000 0.46396098
4929.2000 0.47086591
4930.1000 0.47474456
4931.0000 0.4759258
4931.9000 0.46778625
4932.8000 0.44231489
4933.7000 0.42363212
4934.6000 0.43620443
4935.5000 0.45318905
4936.4000 0.44929475
4937.3000 0.43082809
4938.2000 0.41286066
4939.1000 0.41148302
4940.0000 0.4326652
4940.9000 0.45848697
4941.8000 0.46869054
4942.7000 0.47267082
4943.6000 0.47818267
4944.5000 0.47591266
4945.4000 0.46256277
4946.3000 0.45667517
4947.2000 0.4652456
4948.1000 0.47518253
4949.0000 0.47622564
4949.9000 0.47395223
4950.8000 0.47545621
4951.7000 0.47189176
4952.6000 0.4666782
4953.5000 0.46786866
4954.4000 0.46846414
4955.3000 0.46074635
4956.2000 0.42714494
4957.1000 0.38154021
4958.0000 0.38397208
4958.9000 0.43198839
4959.8000 0.47013259
4960.7000 0.47872785
4961.6000 0.47496447
4962.5000 0.4738732
4963.4000 0.47545719
4964.3000 0.47069114
4965.2000 0.45682225
4966.1000 0.45016003
4967.0000 0.45207646
4967.9000 0.45020613
4968.8000 0.44851714
4969.7000 0.44801581
4970.6000 0.4519622
4971.5000 0.46201658
4972.4000 0.46832037
4973.3000 0.47078329
4974.2000 0.475739
4975.1000 0.47891763
4976.0000 0.47566611
4976.9000 0.46732995
4977.8000 0.45391941
4978.7000 0.4463571
4979.6000 0.44777113
4980.5000 0.44732925
4981.4000 0.43187356
4982.3000 0.40744191
4983.2000 0.39427412
4984.1000 0.39908695
4985.0000 0.41120523
4985.9000 0.42857006
4986.8000 0.4506332
4987.7000 0.46341565
4988.6000 0.46038014
4989.5000 0.45354331
4990.4000 0.44481739
4991.3000 0.44377473
4992.2000 0.45243981
4993.1000 0.45375702
4994.0000 0.45090276
4994.9000 0.45814103
4995.8000 0.47062907
4996.7000 0.47588259
4997.6000 0.47082931
4998.5000 0.45784995
4999.4000 0.44043273
5000.3000 0.42909133
5001.2000 0.42411205
5002.1000 0.42662531
5003.0000 0.43400744
5003.9000 0.43755031
5004.8000 0.42435876
5005.7000 0.40075806
5006.6000 0.3973031
5007.5000 0.42022684
5008.4000 0.44854748
5009.3000 0.45990732
5010.2000 0.45739114
5011.1000 0.44543344
5012.0000 0.42398632
5012.9000 0.41023076
5013.8000 0.40494034
5014.7000 0.41083971
5015.6000 0.42681774
5016.5000 0.42933989
5017.4000 0.41536379
5018.3000 0.41033208
5019.2000 0.42762092
5020.1000 0.44373962
5021.0000 0.44273266
5021.9000 0.43265074
5022.8000 0.43100777
5023.7000 0.44103
5024.6000 0.4480454
5025.5000 0.44912407
5026.4000 0.44124147
5027.3000 0.42751303
5028.2000 0.42943817
5029.1000 0.44382551
5030.0000 0.4521732
5030.9000 0.45454431
5031.8000 0.45856306
5032.7000 0.46608225
5033.6000 0.4669407
5034.5000 0.45365497
5035.4000 0.42602921
5036.3000 0.41836908
5037.2000 0.43369281
5038.1000 0.43477115
5039.0000 0.42120492
5039.9000 0.40125626
5040.8000 0.37660766
5041.7000 0.38070023
5042.6000 0.41825888
5043.5000 0.44936007
5044.4000 0.46000537
5045.3000 0.4646467
5046.2000 0.4683221
5047.1000 0.46009257
5048.0000 0.43921459
5048.9000 0.42932516
5049.8000 0.43173724
5050.7000 0.4337652
5051.6000 0.43485135
5052.5000 0.44222921
5053.4000 0.45219657
5054.3000 0.45784941
5055.2000 0.46080148
5056.1000 0.46071735
5057.0000 0.46163881
5057.9000 0.4646641
5058.8000 0.46370855
5059.7000 0.46075007
5060.6000 0.46685621
5061.5000 0.47240135
5062.4000 0.47258171
5063.3000 0.46292281
5064.2000 0.43904224
5065.1000 0.42614174
5066.0000 0.43648937
5066.9000 0.44292617
5067.8000 0.43734899
5068.7000 0.433667
5069.6000 0.44520789
5070.5000 0.45377323
5071.4000 0.44421813
5072.3000 0.43171933
5073.2000 0.43539482
5074.1000 0.43936375
5075.0000 0.43867001
5075.9000 0.43964881
5076.8000 0.44689405
5077.7000 0.44627842
5078.6000 0.42366973
5079.5000 0.39920509
5080.4000 0.3975701
5081.3000 0.41753399
5082.2000 0.42742163
5083.1000 0.42490613
5084.0000 0.43126804
5084.9000 0.44616362
5085.8000 0.45548984
5086.7000 0.45461419
5087.6000 0.45179707
5088.5000 0.45093405
5089.4000 0.4531998
5090.3000 0.45184216
5091.2000 0.45347258
5092.1000 0.45896381
5093.0000 0.46406567
5093.9000 0.46559373
5094.8000 0.4590835
5095.7000 0.4483912
5096.6000 0.435462
5097.5000 0.42137453
5098.4000 0.40459192
5099.3000 0.40306076
5100.2000 0.42344302
5101.1000 0.44676909
5102.0000 0.4567681
5102.9000 0.45471185
5103.8000 0.44903502
5104.7000 0.44614556
5105.6000 0.44330189
5106.5000 0.43569034
5107.4000 0.42426923
5108.3000 0.42520106
5109.2000 0.42832357
5110.1000 0.42454013
5111.0000 0.43224859
5111.9000 0.44586033
5112.8000 0.45707923
5113.7000 0.46069038
5114.6000 0.45749807
5115.5000 0.45317328
5116.4000 0.45622891
5117.3000 0.46219054
5118.2000 0.46462411
5119.1000 0.46442568
5120.0000 0.46082428
5120.9000 0.44820181
5121.8000 0.43886459
5122.7000 0.43218783
5123.6000 0.42436555
5124.5000 0.41837001
5125.4000 0.41888505
5126.3000 0.42837119
5127.2000 0.43251812
5128.1000 0.43395036
5129.0000 0.43111444
5129.9000 0.43183714
5130.8000 0.43691564
5131.7000 0.43881276
5132.6000 0.43610856
5133.5000 0.43022859
5134.4000 0.43722406
5135.3000 0.44820878
5136.2000 0.44030565
5137.1000 0.42367551
5138.0000 0.41326728
5138.9000 0.39924499
5139.8000 0.40456593
5140.7000 0.42657369
5141.6000 0.42368776
5142.5000 0.40820339
5143.4000 0.41585177
5144.3000 0.43333536
5145.2000 0.43772307
5146.1000 0.43287793
5147.0000 0.42667884
5147.9000 0.42177358
5148.8000 0.43366119
5149.7000 0.44205675
5150.6000 0.43377063
5151.5000 0.42911592
5152.4000 0.43442014
5153.3000 0.43223953
5154.2000 0.42672402
5155.1000 0.42862907
5156.0000 0.43678927
5156.9000 0.44702303
5157.8000 0.4511089
5158.7000 0.4512341
5159.6000 0.45363963
5160.5000 0.45447287
5161.4000 0.44228348
5162.3000 0.43152368
5163.2000 0.43241456
5164.1000 0.42981356
5165.0000 0.41191679
5165.9000 0.37583983
5166.8000 0.32772601
5167.7000 0.31163797
5168.6000 0.33566219
5169.5000 0.37384993
5170.4000 0.38900134
5171.3000 0.35060996
5172.2000 0.29896122
5173.1000 0.29957366
5174.0000 0.35759923
5174.9000 0.41257593
5175.8000 0.43449339
5176.7000 0.43722135
5177.6000 0.44348824
5178.5000 0.44909203
5179.4000 0.4434087
5180.3000 0.43287092
5181.2000 0.41467297
5182.1000 0.36663795
5183.0000 0.29870275
5183.9000 0.27685666
5184.8000 0.32596371
5185.7000 0.38839385
5186.6000 0.42505461
5187.5000 0.43263721
5188.4000 0.42226014
5189.3000 0.4281573
5190.2000 0.43838748
5191.1000 0.41483626
5192.0000 0.38598925
5192.9000 0.39559972
5193.8000 0.41936907
5194.7000 0.4190127
5195.6000 0.4114646
5196.5000 0.41837266
5197.4000 0.4276354
5198.3000 0.43434942
5199.2000 0.44371665
5200.1000 0.45033708
5201.0000 0.44662538
5201.9000 0.43632165
5202.8000 0.43348238
5203.7000 0.4313609
5204.6000 0.41437641
5205.5000 0.40020618
5206.4000 0.40249199
5207.3000 0.40507856
5208.2000 0.39234024
5209.1000 0.39716768
5210.0000 0.41473836
5210.9000 0.43080345
5211.8000 0.44668603
5212.7000 0.45854858
5213.6000 0.4553138
5214.5000 0.4390882
5215.4000 0.42379171
5216.3000 0.41528505
5217.2000 0.41770676
5218.1000 0.42922485
5219.0000 0.44511348
5219.9000 0.45191476
5220.8000 0.45651871
5221.7000 0.45934311
5222.6000 0.45951253
5223.5000 0.45115811
5224.4000 0.43625128
5225.3000 0.41448966
5226.2000 0.38540286
5227.1000 0.36642122
5228.0000 0.38992479
5228.9000 0.42185095
5229.8000 0.43266618
5230.7000 0.43856013
5231.6000 0.43556458
5232.5000 0.41431233
5233.4000 0.40617424
5234.3000 0.41902387
5235.2000 0.42816633
5236.1000 0.44030988
5237.0000 0.45066997
5237.9000 0.45418519
5238.8000 0.45623797
5239.7000 0.45613316
5240.6000 0.45393357
5241.5000 0.45093319
5242.4000 0.44232565
5243.3000 0.44130978
5244.2000 0.44906014
5245.1000 0.45629406
5246.0000 0.45151046
5246.9000 0.43973932
5247.8000 0.43301708
5248.7000 0.43899116
5249.6000 0.43448725
5250.5000 0.42662781
5251.4000 0.4322772
5252.3000 0.44089988
5253.2000 0.44225082
5254.1000 0.438786
5255.0000 0.43343955
5255.9000 0.44106835
5256.8000 0.45393661
5257.7000 0.46422243
5258.6000 0.46593553
5259.5000 0.46130291
5260.4000 0.4533976
5261.3000 0.43549892
5262.2000 0.4092046
5263.1000 0.39242432
5264.0000 0.38661575
5264.9000 0.38049027
5265.8000 0.37090147
5266.7000 0.37986982
5267.6000 0.40141553
5268.5000 0.39104316
5269.4000 0.35321054
5270.3000 0.34677875
5271.2000 0.38588759
5272.1000 0.41496718
5273.0000 0.41603929
5273.9000 0.41614613
5274.8000 0.415389
5275.7000 0.4104155
5276.6000 0.42634475
5277.5000 0.44916782
5278.4000 0.46054804
5279.3000 0.45674708
5280.2000 0.44540191
5281.1000 0.43485454
5282.0000 0.42415377
5282.9000 0.41398138
5283.8000 0.40680209
5284.7000 0.42319089
5285.6000 0.44556472
5286.5000 0.45910093
5287.4000 0.45989603
5288.3000 0.45725405
5289.2000 0.45810515
5290.1000 0.45963526
5291.0000 0.45955828
5291.9000 0.45769534
5292.8000 0.45503876
5293.7000 0.45363227
5294.6000 0.45327646
5295.5000 0.44759813
5296.4000 0.43305668
5297.3000 0.41027322
5298.2000 0.40163195
5299.1000 0.41653425
5300.0000 0.4364737
5300.9000 0.44063535
5301.8000 0.43406662
5302.7000 0.43310234
5303.6000 0.44697055
5304.5000 0.45599964
5305.4000 0.45954821
5306.3000 0.45817101
5307.2000 0.45348144
5308.1000 0.45484063
5309.0000 0.46125102
5309.9000 0.46525577
5310.8000 0.46446714
5311.7000 0.46379158
5312.6000 0.45997646
5313.5000 0.45366576
5314.4000 0.45212629
5315.3000 0.44683424
5316.2000 0.43301651
5317.1000 0.43082741
5318.0000 0.44418237
5318.9000 0.45386758
5319.8000 0.45228481
5320.7000 0.44815895
5321.6000 0.44520763
5322.5000 0.44013745
5323.4000 0.42366493
5324.3000 0.40478402
5325.2000 0.41613224
5326.1000 0.43114698
5327.0000 0.41163734
5327.9000 0.36592841
5328.8000 0.355315
5329.7000 0.3904579
5330.6000 0.42627376
5331.5000 0.44254225
5332.4000 0.44061095
5333.3000 0.43984041
5334.2000 0.44449624
5335.1000 0.44626957
5336.0000 0.44917449
5336.9000 0.44651994
5337.8000 0.44396988
5338.7000 0.43788683
5339.6000 0.41922125
5340.5000 0.40333214
5341.4000 0.41309217
5342.3000 0.43327454
5343.2000 0.44382322
5344.1000 0.44883919
5345.0000 0.44426593
5345.9000 0.43706903
5346.8000 0.4373951
5347.7000 0.43630809
5348.6000 0.42627734
5349.5000 0.41945076
5350.4000 0.43056825
5351.3000 0.44524369
5352.2000 0.45080635
5353.1000 0.44871688
5354.0000 0.44874439
5354.9000 0.45442715
5355.8000 0.45601273
5356.7000 0.45852789
5357.6000 0.45916283
5358.5000 0.45782766
5359.4000 0.45767155
5360.3000 0.45628747
5361.2000 0.45279163
5362.1000 0.44716474
5363.0000 0.44127384
5363.9000 0.43592545
5364.8000 0.42403391
5365.7000 0.42170236
5366.6000 0.42807177
5367.5000 0.42997864
5368.4000 0.43395165
5369.3000 0.42275923
5370.2000 0.40295836
5371.1000 0.39269549
5372.0000 0.40168503
5372.9000 0.42608014
5373.8000 0.44108817
5374.7000 0.45168158
5375.6000 0.45790255
5376.5000 0.45638472
5377.4000 0.45279741
5378.3000 0.44921026
5379.2000 0.44610372
5380.1000 0.44338512
5381.0000 0.44100881
5381.9000 0.43619549
5382.8000 0.42768362
5383.7000 0.42747936
5384.6000 0.44175753
5385.5000 0.45208099
5386.4000 0.45374745
5387.3000 0.45159334
5388.2000 0.44757044
5389.1000 0.44197634
5390.0000 0.43724164
5390.9000 0.43175134
5391.8000 0.4276396
5392.7000 0.42535967
5393.6000 0.42720592
5394.5000 0.43379712
5395.4000 0.43293345
5396.3000 0.41983455
5397.2000 0.40721601
5398.1000 0.41473505
5399.0000 0.42802522
5399.9000 0.43170086
5400.8000 0.4321048
5401.7000 0.43786874
5402.6000 0.43281442
5403.5000 0.4103916
5404.4000 0.39066508
5405.3000 0.38609529
5406.2000 0.39600569
5407.1000 0.41472208
5408.0000 0.42487359
5408.9000 0.41983113
5409.8000 0.4076516
5410.7000 0.40739101
5411.6000 0.42393923
5412.5000 0.43853933
5413.4000 0.43994519
5414.3000 0.42971575
5415.2000 0.4232195
5416.1000 0.43240085
5417.0000 0.44625574
5417.9000 0.45047724
5418.8000 0.44648653
5419.7000 0.43859324
5420.6000 0.43440485
5421.5000 0.43463764
5422.4000 0.43347654
5423.3000 0.42283502
5424.2000 0.41421583
5425.1000 0.42450863
5426.0000 0.44151604
5426.9000 0.44841951
5427.8000 0.4385947
5428.7000 0.4174338
5429.6000 0.40189654
5430.5000 0.41303617
5431.4000 0.43247923
5432.3000 0.4348771
5433.2000 0.42409
5434.1000 0.41275972
5435.0000 0.41144013
5435.9000 0.42055473
5436.8000 0.43219882
5437.7000 0.44383463
5438.6000 0.44984612
5439.5000 0.45106184
5440.4000 0.45057455
5441.3000 0.45102453
5442.2000 0.45184585
5443.1000 0.44944736
5444.0000 0.43896991
5444.9000 0.42138958
5445.8000 0.40464941
5446.7000 0.3975535
5447.6000 0.41201141
5448.5000 0.43597484
5449.4000 0.44772807
5450.3000 0.4502615
5451.2000 0.45047539
5452.1000 0.4495196
5453.0000 0.44589978
5453.9000 0.43294904
5454.8000 0.41157809
5455.7000 0.40483946
5456.6000 0.42373088
5457.5000 0.44505912
5458.4000 0.45236307
5459.3000 0.45264307
5460.2000 0.44841936
5461.1000 0.4391636
5462.0000 0.42336532
5462.9000 0.41235244
5463.8000 0.41941959
5464.7000 0.43332568
5465.6000 0.43795401
5466.5000 0.43613213
5467.4000 0.44056535
5468.3000 0.44579417
5469.2000 0.44406259
5470.1000 0.43989873
5471.0000 0.43922412
5471.9000 0.43779278
5472.8000 0.43303925
5473.7000 0.42946845
5474.6000 0.42597371
5475.5000 0.41156808
5476.4000 0.39456844
5477.3000 0.40035182
5478.2000 0.42140737
5479.1000 0.43219322
5480.0000 0.42791304
5480.9000 0.41936746
5481.8000 0.42169559
5482.7000 0.43069997
5483.6000 0.43918666
5484.5000 0.44644806
5485.4000 0.4467285
5486.3000 0.43805134
5487.2000 0.42718098
5488.1000 0.42562383
5489.0000 0.43148217
5489.9000 0.43594244
5490.8000 0.43930668
5491.7000 0.43960384
5492.6000 0.43789092
5493.5000 0.43542707
5494.4000 0.43736678
5495.3000 0.43937582
5496.2000 0.43418959
5497.1000 0.42713237
5498.0000 0.43075493
5498.9000 0.44141245
5499.8000 0.44331014
5500.7000 0.43311676
5501.6000 0.42444858
5502.5000 0.42586502
5503.4000 0.431306
5504.3000 0.43432263
5505.2000 0.43090549
5506.1000 0.42232329
5507.0000 0.42235377
5507.9000 0.43167335
5508.8000 0.43679425
5509.7000 0.43548453
5510.6000 0.43130332
5511.5000 0.423581
5512.4000 0.41748178
5513.3000 0.41901216
5514.2000 0.42613298
5515.1000 0.43376088
5516.0000 0.43856826
5516.9000 0.44085369
5517.8000 0.44449672
5518.7000 0.44645676
5519.6000 0.44643229
5520.5000 0.4440206
5521.4000 0.44098505
5522.3000 0.43934402
5523.2000 0.43907967
5524.1000 0.43829295
5525.0000 0.43292025
5525.9000 0.42305723
5526.8000 0.41049275
5527.7000 0.39851922
5528.6000 0.40072376
5529.5000 0.42059541
5530.4000 0.43708533
5531.3000 0.44085684
5532.2000 0.43951792
5533.1000 0.43614081
5534.0000 0.42865664
5534.9000 0.42424372
5535.8000 0.43077269
5536.7000 0.43888828
5537.6000 0.43763614
5538.5000 0.4343715
5539.4000 0.43835601
5540.3000 0.44351402
5541.2000 0.4427571
5542.1000 0.43469211
5543.0000 0.42606115
5543.9000 0.42768833
5544.8000 0.43405455
5545.7000 0.43449342
5546.6000 0.4348819
5547.5000 0.44023985
5548.4000 0.44452527
5549.3000 0.44540983
5550.2000 0.44560835
5551.1000 0.44460514
5552.0000 0.44103926
5552.9000 0.43581092
5553.8000 0.42955554
5554.7000 0.42918658
5555.6000 0.43411851
5556.5000 0.43538645
5557.4000 0.43374932
5558.3000 0.43427637
5559.2000 0.43649808
5560.1000 0.43648717
5561.0000 0.43230337
5561.9000 0.42503551
5562.8000 0.42012653
5563.7000 0.4217146
5564.6000 0.42396387
5565.5000 0.42379928
5566.4000 0.42424166
5567.3000 0.42352203
5568.2000 0.41883534
5569.1000 0.41547763
5570.0000 0.42069635
5570.9000 0.42260024
5571.8000 0.41160437
5572.7000 0.4074885
5573.6000 0.42035112
5574.5000 0.43020052
5575.4000 0.42719084
5576.3000 0.42465883
5577.2000 0.43058491
5578.1000 0.43544418
5579.0000 0.43640959
5579.9000 0.43485802
5580.8000 0.4298538
5581.7000 0.42686531
5582.6000 0.43008375
5583.5000 0.43397295
5584.4000 0.4272742
5585.3000 0.40803412
5586.2000 0.38810733
5587.1000 0.38055906
5588.0000 0.38352853
5588.9000 0.39157808
5589.8000 0.40543687
5590.7000 0.41918391
5591.6000 0.42361772
5592.5000 0.41825968
5593.4000 0.41049019
5594.3000 0.41121042
5595.2000 0.42216703
5596.1000 0.42834479
5597.0000 0.42143503
5597.9000 0.41127235
5598.8000 0.41049397
5599.7000 0.41388804
5600.6000 0.40807867
5601.5000 0.3978309
5602.4000 0.39715502
5603.3000 0.41282523
5604.2000 0.43332514
5605.1000 0.44330239
5606.0000 0.44324401
5606.9000 0.44116816
5607.8000 0.4409906
5608.7000 0.44246408
5609.6000 0.44334462
5610.5000 0.44414294
5611.4000 0.44611099
5612.3000 0.44441989
5613.2000 0.43116075
5614.1000 0.40335637
5615.0000 0.38116452
5615.9000 0.38948074
5616.8000 0.41373125
5617.7000 0.42663655
5618.6000 0.42912456
5619.5000 0.43176651
5620.4000 0.43479368
5621.3000 0.43478861
5622.2000 0.43148315
5623.1000 0.42127046
5624.0000 0.41226363
5624.9000 0.41705588
5625.8000 0.42716756
5626.7000 0.43221989
5627.6000 0.43529016
5628.5000 0.43845999
5629.4000 0.44039968
5630.3000 0.4404549
5631.2000 0.43919969
5632.1000 0.43503776
5633.0000 0.4303112
5633.9000 0.42824295
5634.8000 0.42641759
5635.7000 0.42371705
5636.6000 0.42069867
5637.5000 0.42078495
5638.4000 0.4247736
5639.3000 0.42585924
5640.2000 0.42161483
5641.1000 0.41866705
5642.0000 0.42310536
5642.9000 0.4299902
5643.8000 0.43135807
5644.7000 0.43039435
5645.6000 0.43342391
5646.5000 0.43722966
5647.4000 0.43683675
5648.3000 0.4325369
5649.2000 0.42880583
5650.1000 0.42916071
5651.0000 0.43136433
5651.9000 0.43187574
5652.8000 0.42928886
5653.7000 0.42358556
5654.6000 0.41890395
5655.5000 0.42048517
5656.4000 0.41894928
5657.3000 0.40367204
5658.2000 0.3917987
5659.1000 0.40238783
5660.0000 0.41948649
5660.9000 0.42088702
5661.8000 0.41332969
5662.7000 0.41553086
5663.6000 0.42682201
5664.5000 0.4330512
5665.4000 0.43217003
5666.3000 0.43082762
5667.2000 0.43262061
5668.1000 0.43478793
5669.0000 0.43414468
5669.9000 0.43228069
5670.8000 0.43267313
5671.7000 0.43540645
5672.6000 0.43721363
5673.5000 0.43539628
5674.4000 0.43125293
5675.3000 0.42906058
5676.2000 0.43054664
5677.1000 0.4336127
5678.0000 0.43517661
5678.9000 0.43492892
5679.8000 0.43283799
5680.7000 0.42756584
5681.6000 0.42055354
5682.5000 0.41809529
5683.4000 0.4215084
5684.3000 0.42479405
5685.2000 0.42357928
5686.1000 0.41790503
5687.0000 0.41185698
5687.9000 0.41091961
5688.8000 0.41845676
5689.7000 0.42883337
5690.6000 0.4334825
5691.5000 0.43475512
5692.4000 0.43388185
5693.3000 0.43054476
5694.2000 0.43081146
5695.1000 0.4368245
5696.0000 0.44208086
5696.9000 0.43922266
5697.8000 0.43074965
5698.7000 0.42635632
5699.6000 0.42446867
5700.5000 0.41946036
5701.4000 0.41627994
5702.3000 0.41989362
5703.2000 0.42745161
5704.1000 0.42966244
5705.0000 0.42366832
5705.9000 0.41779044
5706.8000 0.41418856
5707.7000 0.40575087
5708.6000 0.39601573
5709.5000 0.39513165
5710.4000 0.39839795
5711.3000 0.40152562
5712.2000 0.41137037
5713.1000 0.42357326
5714.0000 0.42858863
5714.9000 0.4294591
5715.8000 0.43086451
5716.7000 0.430213
5717.6000 0.42798394
5718.5000 0.43038356
5719.4000 0.43564045
5720.3000 0.43904945
5721.2000 0.4411006
5722.1000 0.44147581
5723.0000 0.44054136
5723.9000 0.43886128
5724.8000 0.43684509
5725.7000 0.43597388
5726.6000 0.43422538
5727.5000 0.43310997
5728.4000 0.43576095
5729.3000 0.43647319
5730.2000 0.43036687
5731.1000 0.42280975
5732.0000 0.42309958
5732.9000 0.42977569
5733.8000 0.43441907
5734.7000 0.43649337
5735.6000 0.43870586
5736.5000 0.44026896
5737.4000 0.440611
5738.3000 0.44023642
5739.2000 0.43831339
5740.1000 0.43585545
5741.0000 0.4348309
5741.9000 0.43402132
5742.8000 0.43261075
5743.7000 0.43266851
5744.6000 0.43484804
5745.5000 0.4353655
5746.4000 0.42999876
5747.3000 0.42483905
5748.2000 0.42847532
5749.1000 0.43573654
5750.0000 0.43701741
5750.9000 0.43019831
5751.8000 0.41936216
5752.7000 0.41127834
5753.6000 0.41017464
5754.5000 0.41688427
5755.4000 0.42664161
5756.3000 0.43182185
5757.2000 0.43351242
5758.1000 0.4349466
5759.0000 0.43403828
5759.9000 0.43057027
5760.8000 0.42448518
5761.7000 0.41504124
5762.6000 0.41110334
5763.5000 0.42064324
5764.4000 0.43413031
5765.3000 0.44210333
5766.2000 0.44495815
5767.1000 0.44300884
5768.0000 0.43830451
5768.9000 0.43522751
5769.8000 0.43247887
5770.7000 0.4281379
5771.6000 0.42514303
5772.5000 0.42423633
5773.4000 0.42291608
5774.3000 0.42312831
5775.2000 0.42861658
5776.1000 0.43453497
5777.0000 0.43402895
5777.9000 0.42976996
5778.8000 0.42398298
5779.7000 0.41635114
5780.6000 0.41274932
5781.5000 0.41567856
5782.4000 0.41913378
5783.3000 0.41771975
5784.2000 0.41286403
5785.1000 0.41110304
5786.0000 0.41606271
5786.9000 0.42236623
5787.8000 0.42559823
5788.7000 0.42624754
5789.6000 0.42221877
5790.5000 0.41722536
5791.4000 0.41958272
5792.3000 0.42690605
5793.2000 0.43295592
5794.1000 0.4365049
5795.0000 0.43729058
5795.9000 0.43422031
5796.8000 0.42931038
5797.7000 0.42824247
5798.6000 0.43154559
5799.5000 0.43264988
5800.4000 0.43175569
5801.3000 0.43467262
5802.2000 0.43769366
5803.1000 0.43153161
5804.0000 0.42051464
5804.9000 0.41630441
5805.8000 0.41947117
5806.7000 0.42375019
5807.6000 0.42579246
5808.5000 0.42557761
5809.4000 0.42516273
5810.3000 0.42750779
5811.2000 0.43218923
5812.1000 0.43389267
5813.0000 0.430888
5813.9000 0.42671508
5814.8000 0.42331856
5815.7000 0.42356297
5816.6000 0.42932302
5817.5000 0.43586662
5818.4000 0.43868434
5819.3000 0.43842635
5820.2000 0.43793809
5821.1000 0.43784559
5822.0000 0.43702298
5822.9000 0.43544725
5823.8000 0.43407527
5824.7000 0.43448448
5825.6000 0.43604535
5826.5000 0.43682232
5827.4000 0.43555626
5828.3000 0.43443719
5829.2000 0.43635261
5830.1000 0.43701228
5831.0000 0.43503398
5831.9000 0.433597
5832.8000 0.43160072
5833.7000 0.42932206
5834.6000 0.42913944
5835.5000 0.43198052
5836.4000 0.4343968
5837.3000 0.43291849
5838.2000 0.43289277
5839.1000 0.43715611
5840.0000 0.43932819
5840.9000 0.43683329
5841.8000 0.43524864
5842.7000 0.43737733
5843.6000 0.437556
5844.5000 0.43412569
5845.4000 0.43089899
5846.3000 0.42934915
5847.2000 0.43051031
5848.1000 0.43293482
5849.0000 0.43435204
5849.9000 0.43404737
5850.8000 0.43184897
5851.7000 0.42788446
5852.6000 0.42377007
5853.5000 0.42320004
5854.4000 0.42594001
5855.3000 0.42379969
5856.2000 0.41432291
5857.1000 0.40453759
5858.0000 0.40327579
5858.9000 0.41052377
5859.8000 0.41909564
5860.7000 0.4228926
5861.6000 0.42106849
5862.5000 0.42168215
5863.4000 0.42798313
5864.3000 0.43224326
5865.2000 0.43130499
5866.1000 0.42744562
5867.0000 0.426384
5867.9000 0.43049723
5868.8000 0.43393612
5869.7000 0.43351686
5870.6000 0.43276033
5871.5000 0.43321288
5872.4000 0.43298092
5873.3000 0.4318592
5874.2000 0.43164212
5875.1000 0.43249273
5876.0000 0.4339644
5876.9000 0.43421492
5877.8000 0.4321509
5878.7000 0.42887324
5879.6000 0.42620754
5880.5000 0.4252007
5881.4000 0.42492813
5882.3000 0.42363244
5883.2000 0.42067593
5884.1000 0.41803154
5885.0000 0.41777399
5885.9000 0.41751975
5886.8000 0.41126329
5887.7000 0.38965741
5888.6000 0.35034999
5889.5000 0.31840163
5890.4000 0.32509282
5891.3000 0.35651854
5892.2000 0.37777975
5893.1000 0.3833175
5894.0000 0.3736392
5894.9000 0.3480444
5895.8000 0.33702093
5896.7000 0.35890254
5897.6000 0.38549417
5898.5000 0.39754513
5899.4000 0.40199402
5900.3000 0.40690577
5901.2000 0.41206697
5902.1000 0.41609105
5903.0000 0.42039484
5903.9000 0.42365578
5904.8000 0.42395976
5905.7000 0.42328879
5906.6000 0.42330036
5907.5000 0.4231261
5908.4000 0.42189443
5909.3000 0.42172241
5910.2000 0.42518869
5911.1000 0.42845365
5912.0000 0.42638716
5912.9000 0.41778791
5913.8000 0.41000494
5914.7000 0.41237158
5915.6000 0.41884822
5916.5000 0.4217163
5917.4000 0.42392251
5918.3000 0.42377886
5919.2000 0.42048162
5920.1000 0.41799381
5921.0000 0.41825834
5921.9000 0.42032081
5922.8000 0.42263162
5923.7000 0.42427683
5924.6000 0.42516196
5925.5000 0.4267154
5926.4000 0.42632958
5927.3000 0.4223626
5928.2000 0.41672689
5929.1000 0.41125968
5930.0000 0.41174105
5930.9000 0.42107329
5931.8000 0.42857289
5932.7000 0.42503425
5933.6000 0.41717172
5934.5000 0.41576755
5935.4000 0.42033073
5936.3000 0.42402783
5937.2000 0.4258686
5938.1000 0.42832351
5939.0000 0.4284879
5939.9000 0.42448011
5940.8000 0.41903061
5941.7000 0.41530102
5942.6000 0.41439468
5943.5000 0.41659942
5944.4000 0.4201088
5945.3000 0.42135528
5946.2000 0.41771066
5947.1000 0.41012955
5948.0000 0.40588427
5948.9000 0.41042486
5949.8000 0.4182772
5950.7000 0.42057419
5951.6000 0.41611692
5952.5000 0.41207403
5953.4000 0.41390687
5954.3000 0.41919687
5955.2000 0.4219355
5956.1000 0.42031333
5957.0000 0.41957587
5957.9000 0.42079419
5958.8000 0.42130688
5959.7000 0.42369792
5960.6000 0.4282307
5961.5000 0.43134511
5962.4000 0.43103051
5963.3000 0.42932475
5964.2000 0.42924848
5965.1000 0.42902952
5966.0000 0.4275319
5966.9000 0.4250688
5967.8000 0.42184556
5968.7000 0.42175481
5969.6000 0.42424342
5970.5000 0.42537156
5971.4000 0.42647403
5972.3000 0.42789975
5973.2000 0.42721513
5974.1000 0.42183033
5975.0000 0.41383165
5975.9000 0.40861776
5976.8000 0.41048846
5977.7000 0.41734743
5978.6000 0.42152002
5979.5000 0.42472315
5980.4000 0.43022105
5981.3000 0.43317854
5982.2000 0.42790896
5983.1000 0.41636711
5984.0000 0.40859613
5984.9000 0.40872133
5985.8000 0.41114849
5986.7000 0.41413459
5987.6000 0.41843307
5988.5000 0.42305836
5989.4000 0.42515701
5990.3000 0.42450273
5991.2000 0.42454675
5992.1000 0.42553636
5993.0000 0.42605829
5993.9000 0.42648116
5994.8000 0.42532337
5995.7000 0.42151061
5996.6000 0.41656771
5997.5000 0.41515064
5998.4000 0.42027509
5999.3000 0.42616707
6000.2000 0.42843828
6001.1000 0.42593989
6002.0000 0.41922581
6002.9000 0.4144192
6003.8000 0.4173761
6004.7000 0.42193362
6005.6000 0.42024714
6006.5000 0.41278148
6007.4000 0.40439239
6008.3000 0.40363365
6009.2000 0.4128398
6010.1000 0.4211275
6011.0000 0.42132041
6011.9000 0.4168154
6012.8000 0.41259298
6013.7000 0.41304338
6014.6000 0.41563275
6015.5000 0.4149076
6016.4000 0.41500422
6017.3000 0.41879383
6018.2000 0.41873321
6019.1000 0.41037789
6020.0000 0.4036141
6020.9000 0.40500838
6021.8000 0.40825811
6022.7000 0.40806547
6023.6000 0.40577772
6024.5000 0.40956551
6025.4000 0.41653368
6026.3000 0.41839132
6027.2000 0.42005634
6028.1000 0.42370638
6029.0000 0.42589802
6029.9000 0.42693537
6030.8000 0.4268958
6031.7000 0.42574072
6032.6000 0.424328
6033.5000 0.42342991
6034.4000 0.42376798
6035.3000 0.4246316
6036.2000 0.42507777
6037.1000 0.42522696
6038.0000 0.42509788
6038.9000 0.42368117
6039.8000 0.42199025
6040.7000 0.42057487
6041.6000 0.41895413
6042.5000 0.4207381
6043.4000 0.42670819
6044.3000 0.42954046
6045.2000 0.42798164
6046.1000 0.42535213
6047.0000 0.42439374
6047.9000 0.42586976
6048.8000 0.42679346
6049.7000 0.42886662
6050.6000 0.43190336
6051.5000 0.43275747
6052.4000 0.43075594
6053.3000 0.42719907
6054.2000 0.42254138
6055.1000 0.41657025
6056.0000 0.41335547
6056.9000 0.41745883
6057.8000 0.42229334
6058.7000 0.42326805
6059.6000 0.42362019
6060.5000 0.42471999
6061.4000 0.42300549
6062.3000 0.41722602
6063.2000 0.41330341
6064.1000 0.40954578
6065.0000 0.40426549
6065.9000 0.40547708
6066.8000 0.41202322
6067.7000 0.41873717
6068.6000 0.4246586
6069.5000 0.42846322
6070.4000 0.43052921
6071.3000 0.43240362
6072.2000 0.43303436
6073.1000 0.43010876
6074.0000 0.42618492
6074.9000 0.42345259
6075.8000 0.42056799
6076.7000 0.41697443
6077.6000 0.41178745
6078.5000 0.40963724
6079.4000 0.41434687
6080.3000 0.42032582
6081.2000 0.42143378
6082.1000 0.4195447
6083.0000 0.4178963
6083.9000 0.41589975
6084.8000 0.41257903
6085.7000 0.41179922
6086.6000 0.41665608
6087.5000 0.42073482
6088.4000 0.41995144
6089.3000 0.41789258
6090.2000 0.41618815
6091.1000 0.41440037
6092.0000 0.41403282
6092.9000 0.41565084
6093.8000 0.4180274
6094.7000 0.42085925
6095.6000 0.42155796
6096.5000 0.42139959
6097.4000 0.42228767
6098.3000 0.42114604
6099.2000 0.42190346
6100.1000 0.42033941
6101.0000 0.40581042
6101.9000 0.38502082
6102.8000 0.38005173
6103.7000 0.39673191
6104.6000 0.41432673
6105.5000 0.42196593
6106.4000 0.42317766
6107.3000 0.42039818
6108.2000 0.41889906
6109.1000 0.4201529
6110.0000 0.42003587
6110.9000 0.419186
6111.8000 0.41902795
6112.7000 0.42059979
6113.6000 0.422856
6114.5000 0.42340466
6115.4000 0.42115843
6116.3000 0.41921997
6117.2000 0.41932711
6118.1000 0.41875294
6119.0000 0.41788316
6119.9000 0.41445404
6120.8000 0.4036161
6121.7000 0.39172637
6122.6000 0.39261544
6123.5000 0.40368101
6124.4000 0.41079047
6125.3000 0.41203025
6126.2000 0.41293344
6127.1000 0.41522655
6128.0000 0.41649675
6128.9000 0.41680467
6129.8000 0.418075
6130.7000 0.41919017
6131.6000 0.41911089
6132.5000 0.41817409
6133.4000 0.41770718
6134.3000 0.4150061
6135.2000 0.40085942
6136.1000 0.37887016
6137.0000 0.3704662
6137.9000 0.384929
6138.8000 0.40727913
6139.7000 0.41808775
6140.6000 0.41114998
6141.5000 0.40203771
6142.4000 0.40648815
6143.3000 0.41496012
6144.2000 0.41659895
6145.1000 0.41655648
6146.0000 0.41749701
6146.9000 0.41546997
6147.8000 0.41216305
6148.7000 0.41283214
6149.6000 0.41466767
6150.5000 0.41535607
6151.4000 0.41673774
6152.3000 0.41835371
6153.2000 0.41617209
6154.1000 0.40949276
6155.0000 0.40522394
6155.9000 0.40860212
6156.8000 0.41431075
6157.7000 0.41807207
6158.6000 0.41985217
6159.5000 0.41366529
6160.4000 0.39448491
6161.3000 0.37116256
6162.2000 0.36115465
6163.1000 0.36994305
6164.0000 0.38764465
6164.9000 0.39975804
6165.8000 0.40249595
6166.7000 0.40392804
6167.6000 0.39927471
6168.5000 0.3846083
6169.4000 0.37737155
6170.3000 0.38778353
6171.2000 0.40433532
6172.1000 0.41334897
6173.0000 0.41327885
6173.9000 0.41201365
6174.8000 0.41117021
6175.7000 0.41029319
6176.6000 0.41175166
6177.5000 0.41407299
6178.4000 0.41443107
6179.3000 0.41460606
6180.2000 0.41655946
6181.1000 0.41667849
6182.0000 0.41563228
6182.9000 0.41747963
6183.8000 0.41901964
6184.7000 0.41699645
6185.6000 0.4139767
6186.5000 0.41297105
6187.4000 0.41302308
6188.3000 0.41253245
6189.2000 0.40774465
6190.1000 0.39413339
6191.0000 0.38234213
6191.9000 0.38824633
6192.8000 0.40398261
6193.7000 0.41235262
6194.6000 0.4145515
6195.5000 0.41585755
6196.4000 0.41594014
6197.3000 0.41445228
6198.2000 0.4123072
6199.1000 0.40861061
6200.0000 0.40483132
6200.9000 0.40589687
6201.8000 0.41005927
6202.7000 0.41202676
6203.6000 0.41202599
6204.5000 0.41232824
6205.4000 0.41313264
6206.3000 0.41421342
6207.2000 0.41515249
6208.1000 0.41455558
6209.0000 0.41319573
6209.9000 0.4125469
6210.8000 0.41082239
6211.7000 0.4070982
6212.6000 0.40244022
6213.5000 0.39742684
6214.4000 0.39415985
6215.3000 0.39625788
6216.2000 0.40383235
6217.1000 0.40978175
6218.0000 0.40817374
6218.9000 0.40254602
6219.8000 0.40144646
6220.7000 0.40516326
6221.6000 0.406818
6222.5000 0.40742493
6223.4000 0.40910497
6224.3000 0.41121548
6225.2000 0.41346952
6226.1000 0.41373533
6227.0000 0.41110772
6227.9000 0.4069404
6228.8000 0.40036526
6229.7000 0.39167824
6230.6000 0.38767439
6231.5000 0.39213967
6232.4000 0.39938807
6233.3000 0.40628532
6234.2000 0.41150811
6235.1000 0.41229093
6236.0000 0.40931559
6236.9000 0.4046115
6237.8000 0.40160814
6238.7000 0.40327469
6239.6000 0.40551919
6240.5000 0.40754214
6241.4000 0.40719858
6242.3000 0.40058905
6243.2000 0.39268133
6244.1000 0.38870278
6245.0000 0.38740957
6245.9000 0.38812566
6246.8000 0.39463767
6247.7000 0.40643179
6248.6000 0.41567641
6249.5000 0.41744506
6250.4000 0.41323599
6251.3000 0.40366662
6252.2000 0.39174607
6253.1000 0.38405517
6254.0000 0.3829248
6254.9000 0.38550875
6255.8000 0.38922688
6256.7000 0.39356819
6257.6000 0.39705673
6258.5000 0.40089953
6259.4000 0.40541652
6260.3000 0.4072381
6261.2000 0.40696338
6262.1000 0.40645963
6263.0000 0.40529019
6263.9000 0.40201825
6264.8000 0.39978379
6265.7000 0.40361401
6266.6000 0.40978611
6267.5000 0.41079625
6268.4000 0.4067705
6269.3000 0.40204361
6270.2000 0.40149835
6271.1000 0.40636614
6272.0000 0.41219398
6272.9000 0.41377836
6273.8000 0.4111419
6274.7000 0.40986711
6275.6000 0.40895936
6276.5000 0.40587732
6277.4000 0.40049595
6278.3000 0.39320233
6279.2000 0.38961858
6280.1000 0.39090204
6281.0000 0.39408424
6281.9000 0.39912894
6282.8000 0.40421864
6283.7000 0.40728095
6284.6000 0.40682569
6285.5000 0.40460047
6286.4000 0.40487319
6287.3000 0.40662941
6288.2000 0.40714037
6289.1000 0.40579426
6290.0000 0.40274861
6290.9000 0.40042564
6291.8000 0.40127978
6292.7000 0.4032734
6293.6000 0.40598753
6294.5000 0.40935102
6295.4000 0.40702742
6296.3000 0.39833912
6297.2000 0.39263779
6298.1000 0.39250079
6299.0000 0.39352134
6299.9000 0.39165378
6300.8000 0.38559872
6301.7000 0.38147524
6302.6000 0.38586947
6303.5000 0.39448026
6304.4000 0.40204844
6305.3000 0.40684271
6306.2000 0.40943411
6307.1000 0.41123161
6308.0000 0.41062739
6308.9000 0.40639898
6309.8000 0.40118378
6310.7000 0.39887828
6311.6000 0.40015626
6312.5000 0.40039667
6313.4000 0.39539775
6314.3000 0.38790834
6315.2000 0.38500595
6316.1000 0.38617367
6317.0000 0.38327959
6317.9000 0.37949887
6318.8000 0.384922
6319.7000 0.39539498
6320.6000 0.39896303
6321.5000 0.39594433
6322.4000 0.39368302
6323.3000 0.39530352
6324.2000 0.40050706
6325.1000 0.40430373
6326.0000 0.40395841
6326.9000 0.40128139
6327.8000 0.40060431
6328.7000 0.40173882
6329.6000 0.40116197
6330.5000 0.40093803
6331.4000 0.40313566
6332.3000 0.4038488
6333.2000 0.40035996
6334.1000 0.39233753
6335.0000 0.38316631
6335.9000 0.37957463
6336.8000 0.38224623
6337.7000 0.38709897
6338.6000 0.39177704
6339.5000 0.39771438
6340.4000 0.40324879
6341.3000 0.4044064
6342.2000 0.39942557
6343.1000 0.39140165
6344.0000 0.38902125
6344.9000 0.39325118
6345.8000 0.39555642
6346.7000 0.39472446
6347.6000 0.39660943
6348.5000 0.4015235
6349.4000 0.40365556
6350.3000 0.40146458
6351.2000 0.40023962
6352.1000 0.40098479
6353.0000 0.4008882
6353.9000 0.39882809
6354.8000 0.39620963
6355.7000 0.39597854
6356.6000 0.39691973
6357.5000 0.39468822
6358.4000 0.3915731
6359.3000 0.39251521
6360.2000 0.39482617
6361.1000 0.3918235
6362.0000 0.38581166
6362.9000 0.38552099
6363.8000 0.39184028
6364.7000 0.39757523
6365.6000 0.39727867
6366.5000 0.39586258
6367.4000 0.39724123
6368.3000 0.3973451
6369.2000 0.39481562
6370.1000 0.3922483
6371.0000 0.39259577
6371.9000 0.39550006
6372.8000 0.39738423
6373.7000 0.39819804
6374.6000 0.39957038
6375.5000 0.40121722
6376.4000 0.40169194
6377.3000 0.40072155
6378.2000 0.40073895
6379.1000 0.40056431
6380.0000 0.39808181
6380.9000 0.39619803
6381.8000 0.39646956
6382.7000 0.396685
6383.6000 0.39690939
6384.5000 0.39875904
6385.4000 0.40118104
6386.3000 0.40299276
6387.2000 0.40436387
6388.1000 0.40344414
6389.0000 0.40073711
6389.9000 0.39894918
6390.8000 0.39738876
6391.7000 0.39237341
6392.6000 0.38327613
6393.5000 0.37978646
6394.4000 0.38733068
6395.3000 0.39655969
6396.2000 0.40173048
6397.1000 0.40263814
6398.0000 0.39461803
6398.9000 0.37737614
6399.8000 0.3666929
6400.7000 0.37525782
6401.6000 0.39097506
6402.5000 0.39960718
6403.4000 0.40235779
6404.3000 0.40251297
6405.2000 0.39879373
6406.1000 0.39090073
6407.0000 0.38268453
6407.9000 0.3808367
6408.8000 0.38671899
6409.7000 0.3902697
6410.6000 0.38513336
6411.5000 0.38245967
6412.4000 0.38851136
6413.3000 0.39446199
6414.2000 0.39691287
6415.1000 0.39762479
6416.0000 0.39693394
6416.9000 0.39593771
6417.8000 0.39421076
6418.7000 0.38970497
6419.6000 0.38346791
6420.5000 0.38085958
6421.4000 0.38564241
6422.3000 0.39515021
6423.2000 0.40163654
6424.1000 0.40122086
6425.0000 0.39903158
6425.9000 0.39993402
6426.8000 0.40219384
6427.7000 0.40351993
6428.6000 0.4013221
6429.5000 0.39354163
6430.4000 0.38546652
6431.3000 0.3846519
6432.2000 0.3897593
6433.1000 0.39483252
6434.0000 0.3984589
6434.9000 0.40122062
6435.8000 0.40215588
6436.7000 0.39808154
6437.6000 0.38723236
6438.5000 0.37728193
6439.4000 0.37901518
6440.3000 0.3895275
6441.2000 0.39805403
6442.1000 0.40124899
6443.0000 0.40211296
6443.9000 0.40200648
6444.8000 0.40098569
6445.7000 0.40142018
6446.6000 0.4025403
6447.5000 0.3986097
6448.4000 0.38720843
6449.3000 0.37676433
6450.2000 0.3791593
6451.1000 0.39097938
6452.0000 0.40014344
6452.9000 0.40235743
6453.8000 0.39766333
6454.7000 0.38830081
6455.6000 0.38157299
6456.5000 0.3843008
6457.4000 0.3927913
6458.3000 0.39793095
6459.2000 0.39868188
6460.1000 0.39529842
6461.0000 0.38283259
6461.9000 0.36759517
6462.8000 0.36781687
6463.7000 0.38310948
6464.6000 0.39497983
6465.5000 0.397957
6466.4000 0.39860192
6467.3000 0.39821973
6468.2000 0.39558065
6469.1000 0.39138922
6470.0000 0.38686845
6470.9000 0.38416409
6471.8000 0.38600758
6472.7000 0.39019907
6473.6000 0.39089301
6474.5000 0.38822612
6475.4000 0.38564646
6476.3000 0.38493091
6477.2000 0.3878929
6478.1000 0.39344713
6479.0000 0.39684975
6479.9000 0.39367059
6480.8000 0.38587394
6481.7000 0.38165337
6482.6000 0.38418791
6483.5000 0.38850498
6484.4000 0.3899442
6485.3000 0.39048368
6486.2000 0.39295474
6487.1000 0.39483446
6488.0000 0.39575523
6488.9000 0.39667252
6489.8000 0.39530781
6490.7000 0.39096135
6491.6000 0.38359079
6492.5000 0.37218499
6493.4000 0.35775816
6494.3000 0.34775674
6495.2000 0.34806362
6496.1000 0.35471293
6497.0000 0.36405835
6497.9000 0.37193516
6498.8000 0.37461513
6499.7000 0.37778991
6500.6000 0.3858411
6501.5000 0.39462993
6502.4000 0.39881906
6503.3000 0.39771661
6504.2000 0.39518577
6505.1000 0.39450115
6506.0000 0.39516807
6506.9000 0.39580223
6507.8000 0.39526084
6508.7000 0.3936879
6509.6000 0.39448109
6510.5000 0.39777669
6511.4000 0.39792106
6512.3000 0.39435801
6513.2000 0.39254037
6514.1000 0.39089623
6515.0000 0.38511795
6515.9000 0.37821308
6516.8000 0.37315011
6517.7000 0.37064919
6518.6000 0.37458327
6519.5000 0.38446826
6520.4000 0.3925783
6521.3000 0.3949101
6522.2000 0.39335728
6523.1000 0.39107829
6524.0000 0.39003158
6524.9000 0.38858312
6525.8000 0.38524857
6526.7000 0.3832612
6527.6000 0.3846654
6528.5000 0.38715836
6529.4000 0.38807642
6530.3000 0.38735116
6531.2000 0.38599628
6532.1000 0.38405684
6533.0000 0.38293362
6533.9000 0.38468111
6534.8000 0.38800466
6535.7000 0.3896929
6536.6000 0.38854378
6537.5000 0.38610497
6538.4000 0.3851212
6539.3000 0.38755557
6540.2000 0.39217004
6541.1000 0.39396542
6542.0000 0.39135846
6542.9000 0.3861711
6543.8000 0.37871882
6544.7000 0.37120616
6545.6000 0.36764407
6546.5000 0.37073159
6547.4000 0.37696302
6548.3000 0.37903199
6549.2000 0.3765451
6550.1000 0.37524062
6551.0000 0.37725103
6551.9000 0.37752828
6552.8000 0.37250203
6553.7000 0.36336273
6554.6000 0.3557792
6555.5000 0.35425419
6556.4000 0.35548091
6557.3000 0.35309631
6558.2000 0.34455186
6559.1000 0.33205307
6560.0000 0.3134377
6560.9000 0.27680397
6561.8000 0.23102167
6562.7000 0.21906194
6563.6000 0.25556117
6564.5000 0.30261171
6565.4000 0.33184385
6566.3000 0.3467758
6567.2000 0.35438123
6568.1000 0.35731927
6569.0000 0.35955939
6569.9000 0.36460415
6570.8000 0.36972001
6571.7000 0.36987618
6572.6000 0.36628634
6573.5000 0.3635138
6574.4000 0.36352187
6575.3000 0.36767811
6576.2000 0.37501341
6577.1000 0.38055381
6578.0000 0.38276076
6578.9000 0.38279057
6579.8000 0.38127312
6580.7000 0.3805041
6581.6000 0.38151279
6582.5000 0.38255832
6583.4000 0.38253251
6584.3000 0.3817088
6585.2000 0.38090992
6586.1000 0.38049901
6587.0000 0.38109475
6587.9000 0.38280448
6588.8000 0.3844364
6589.7000 0.38486335
6590.6000 0.38160473
6591.5000 0.37347081
6592.4000 0.36436945
6593.3000 0.3615039
6594.2000 0.36820102
6595.1000 0.37665305
6596.0000 0.38032064
6596.9000 0.38110971
6597.8000 0.38336182
6598.7000 0.38779378
6599.6000 0.3894392
6600.5000 0.38754487
6601.4000 0.38598573
6602.3000 0.38479188
6603.2000 0.3826541
6604.1000 0.38149089
6605.0000 0.3826066
6605.9000 0.38280642
6606.8000 0.38023996
6607.7000 0.37501177
6608.6000 0.37088084
6609.5000 0.37361839
6610.4000 0.37939113
6611.3000 0.38205969
6612.2000 0.38269931
6613.1000 0.38328135
6614.0000 0.38309586
6614.9000 0.38216507
6615.8000 0.38297528
6616.7000 0.38435513
6617.6000 0.38358432
6618.5000 0.383441
6619.4000 0.38646364
6620.3000 0.38988736
6621.2000 0.38986596
6622.1000 0.38679364
6623.0000 0.38427317
6623.9000 0.38317636
6624.8000 0.38282007
6625.7000 0.38282856
6626.6000 0.38073629
6627.5000 0.37874183
6628.4000 0.38025272
6629.3000 0.38214788
6630.2000 0.38248146
6631.1000 0.38309216
6632.0000 0.38058323
6632.9000 0.37228572
6633.8000 0.36733872
6634.7000 0.37202853
6635.6000 0.37959689
6636.5000 0.38361555
6637.4000 0.38281617
6638.3000 0.37957299
6639.2000 0.37839133
6640.1000 0.3795242
6641.0000 0.37966937
6641.9000 0.37576497
6642.8000 0.36905056
6643.7000 0.36754322
6644.6000 0.37379947
6645.5000 0.38026571
6646.4000 0.381385
6647.3000 0.37871069
6648.2000 0.37639666
6649.1000 0.37598485
6650.0000 0.37666926
6650.9000 0.37805834
6651.8000 0.37944445
6652.7000 0.37908852
6653.6000 0.37800699
6654.5000 0.37982523
6655.4000 0.38235471
6656.3000 0.3830519
6657.2000 0.38379252
6658.1000 0.38301754
6659.0000 0.3808206
6659.9000 0.37978935
6660.8000 0.3791441
6661.7000 0.37539232
6662.6000 0.36922562
6663.5000 0.36822999
6664.4000 0.37305501
6665.3000 0.375586
6666.2000 0.37538913
6667.1000 0.376688
6668.0000 0.37866589
6668.9000 0.37934032
6669.8000 0.38072768
6670.7000 0.38396722
6671.6000 0.38578212
6672.5000 0.38417733
6673.4000 0.38176811
6674.3000 0.38063323
6675.2000 0.3789058
6676.1000 0.37404349
6677.0000 0.36707684
6677.9000 0.36417165
6678.8000 0.36871615
6679.7000 0.37449655
6680.6000 0.37672216
6681.5000 0.37767759
6682.4000 0.37855569
6683.3000 0.37811601
6684.2000 0.3770383
6685.1000 0.37731215
6686.0000 0.38018891
6686.9000 0.38209254
6687.8000 0.37930548
6688.7000 0.37570387
6689.6000 0.37546435
6690.5000 0.37751636
6691.4000 0.37857181
6692.3000 0.37721691
6693.2000 0.37493482
6694.1000 0.37273952
6695.0000 0.37053207
6695.9000 0.36965835
6696.8000 0.3718214
6697.7000 0.37540683
6698.6000 0.37749901
6699.5000 0.37746638
6700.4000 0.37598133
6701.3000 0.37387761
6702.2000 0.37235254
6703.1000 0.37203893
6704.0000 0.37160167
6704.9000 0.37128219
6705.8000 0.37343097
6706.7000 0.37593135
6707.6000 0.37491348
6708.5000 0.37280464
6709.4000 0.37349132
6710.3000 0.37587434
6711.2000 0.37615743
6712.1000 0.37354824
6713.0000 0.3711482
6713.9000 0.37065685
6714.8000 0.36986572
6715.7000 0.36585882
6716.6000 0.35976183
6717.5000 0.3580718
6718.4000 0.36277148
6719.3000 0.36736971
6720.2000 0.36871541
6721.1000 0.36869317
6722.0000 0.36976281
6722.9000 0.37305427
6723.8000 0.37517628
6724.7000 0.37324482
6725.6000 0.36994338
6726.5000 0.36943123
6727.4000 0.37172267
6728.3000 0.37315243
6729.2000 0.37325245
6730.1000 0.37315896
6731.0000 0.37226465
6731.9000 0.37037367
6732.8000 0.3685098
6733.7000 0.36843175
6734.6000 0.37060222
6735.5000 0.37314257
6736.4000 0.37264231
6737.3000 0.36880034
6738.2000 0.36581653
6739.1000 0.36556888
6740.0000 0.36584249
6740.9000 0.36656415
6741.8000 0.36903247
6742.7000 0.37234768
6743.6000 0.37389541
6744.5000 0.37192461
6745.4000 0.3679387
6746.3000 0.36526561
6747.2000 0.36535031
6748.1000 0.36623013
6749.0000 0.36655793
6749.9000 0.36698759
6750.8000 0.36807629
6751.7000 0.37001616
6752.6000 0.37195238
6753.5000 0.3732197
6754.4000 0.37414035
6755.3000 0.37384006
6756.2000 0.37178051
6757.1000 0.36970747
6758.0000 0.36985877
6758.9000 0.37211266
6759.8000 0.37353989
6760.7000 0.37313893
6761.6000 0.37193206
6762.5000 0.37047613
6763.4000 0.36967608
6764.3000 0.37135988
6765.2000 0.37443426
6766.1000 0.37313166
6767.0000 0.36790675
6767.9000 0.36573026
6768.8000 0.36801502
6769.7000 0.37068132
6770.6000 0.3710292
6771.5000 0.37001768
6772.4000 0.36923
6773.3000 0.36877641
6774.2000 0.3683176
6775.1000 0.36735448
6776.0000 0.3668749
6776.9000 0.36774579
6777.8000 0.36802572
6778.7000 0.36723024
6779.6000 0.36666033
6780.5000 0.36573565
6781.4000 0.36369389
6782.3000 0.36200273
6783.2000 0.36201233
6784.1000 0.36283183
6785.0000 0.36279342
6785.9000 0.36173686
6786.8000 0.36208114
6787.7000 0.36525732
6788.6000 0.3684839
6789.5000 0.3694278
6790.4000 0.37011898
6791.3000 0.37282845
6792.2000 0.37503383
6793.1000 0.37330404
6794.0000 0.3692719
6794.9000 0.36643007
6795.8000 0.36627072
6796.7000 0.36755612
6797.6000 0.36688375
6798.5000 0.36486119
6799.4000 0.36462736
6800.3000 0.3656792
6801.2000 0.36588624
6802.1000 0.3643702
6803.0000 0.36226141
6803.9000 0.3616212
6804.8000 0.3623744
6805.7000 0.36306033
6806.6000 0.36376628
6807.5000 0.36533701
6808.4000 0.3664484
6809.3000 0.36585623
6810.2000 0.3654325
6811.1000 0.36684233
6812.0000 0.36848834
6812.9000 0.36888328
6813.8000 0.36855981
6814.7000 0.36910185
6815.6000 0.37118194
6816.5000 0.37361875
6817.4000 0.37301418
6818.3000 0.36850169
6819.2000 0.36463085
6820.1000 0.36362702
6821.0000 0.36565357
6821.9000 0.37041122
6822.8000 0.37467504
6823.7000 0.37544098
6824.6000 0.37390766
6825.5000 0.37206739
6826.4000 0.36791697
6827.3000 0.36114192
6828.2000 0.35752502
6829.1000 0.36159596
6830.0000 0.36832386
6830.9000 0.37081596
6831.8000 0.36994222
6832.7000 0.36966202
6833.6000 0.37031025
6834.5000 0.37056649
6835.4000 0.3697688
6836.3000 0.36677089
6837.2000 0.3626461
6838.1000 0.36019585
6839.0000 0.36034283
6839.9000 0.35974273
6840.8000 0.3555133
6841.7000 0.35211819
6842.6000 0.35419336
6843.5000 0.35954022
6844.4000 0.36353609
6845.3000 0.36473775
6846.2000 0.36564726
6847.1000 0.36565369
6848.0000 0.36447436
6848.9000 0.36431143
6849.8000 0.36414549
6850.7000 0.36329842
6851.6000 0.36380309
6852.5000 0.36460346
6853.4000 0.36178529
6854.3000 0.35703388
6855.2000 0.35671955
6856.1000 0.35911578
6857.0000 0.35848376
6857.9000 0.35816619
6858.8000 0.36091244
6859.7000 0.36231986
6860.6000 0.36013514
6861.5000 0.3576251
6862.4000 0.35891289
6863.3000 0.36241785
6864.2000 0.36443996
6865.1000 0.36527023
6866.0000 0.36348379
6866.9000 0.35886052
6867.8000 0.35539094
6868.7000 0.35578793
6869.6000 0.3613742
6870.5000 0.36557868
6871.4000 0.36334944
6872.3000 0.36059302
6873.2000 0.35877925
6874.1000 0.35638294
6875.0000 0.35593945
6875.9000 0.35819045
6876.8000 0.36175093
6877.7000 0.36263278
6878.6000 0.36041486
6879.5000 0.35964227
6880.4000 0.36073697
6881.3000 0.36107898
6882.2000 0.3601611
6883.1000 0.35823253
6884.0000 0.35632652
6884.9000 0.35580406
6885.8000 0.35561645
6886.7000 0.35505405
6887.6000 0.35707623
6888.5000 0.36150408
6889.4000 0.36193004
6890.3000 0.36129293
6891.2000 0.36513776
6892.1000 0.36615872
6893.0000 0.36210585
6893.9000 0.36001065
6894.8000 0.36180222
6895.7000 0.36046016
6896.6000 0.35664079
6897.5000 0.36036247
6898.4000 0.3690277
6899.3000 0.36785561
6900.2000 0.35895255
6901.1000 0.35478482
6902.0000 0.35932213
6902.9000 0.36247504
6903.8000 0.35996228
6904.7000 0.35867366
6905.6000 0.36334252
6906.5000 0.36941439
6907.4000 0.36935166
6908.3000 0.36477745
6909.2000 0.36196563
6910.1000 0.36399263
6911.0000 0.36776781
6911.9000 0.36760512
6912.8000 0.36231032
6913.7000 0.3555133
6914.6000 0.35232273
6915.5000 0.35331509
6916.4000 0.35422805
6917.3000 0.35521781
6918.2000 0.35735461
6919.1000 0.35905588
6920.0000 0.36081511
6920.9000 0.36270422
6921.8000 0.3619962
6922.7000 0.35812819
6923.6000 0.35414371
6924.5000 0.35363659
6925.4000 0.35642043
6926.3000 0.35865811
6927.2000 0.35898387
6928.1000 0.3593961
6929.0000 0.35982841
6929.9000 0.35891166
6930.8000 0.3586455
6931.7000 0.35923976
6932.6000 0.35843724
6933.5000 0.35777399
6934.4000 0.35736215
6935.3000 0.35703751
6936.2000 0.35880372
6937.1000 0.36054111
6938.0000 0.36033124
6938.9000 0.35850561
6939.8000 0.35449189
6940.7000 0.34939644
6941.6000 0.34843898
6942.5000 0.35206962
6943.4000 0.35274193
6944.3000 0.3497538
6945.2000 0.35041288
6946.1000 0.35568914
6947.0000 0.35924667
6947.9000 0.35678834
6948.8000 0.35107851
6949.7000 0.34785312
6950.6000 0.34845245
6951.5000 0.35163602
6952.4000 0.35569537
6953.3000 0.35880843
6954.2000 0.35964045
6955.1000 0.3584339
6956.0000 0.35532168
6956.9000 0.35117894
6957.8000 0.3502751
6958.7000 0.3518827
6959.6000 0.35048023
6960.5000 0.34885728
6961.4000 0.35102087
6962.3000 0.35526755
6963.2000 0.35933903
6964.1000 0.36044294
6965.0000 0.35991958
6965.9000 0.36189085
6966.8000 0.3646155
6967.7000 0.36600092
6968.6000 0.36764091
6969.5000 0.36877722
6970.4000 0.3664234
6971.3000 0.3621783
6972.2000 0.36052021
6973.1000 0.36135665
6974.0000 0.36182949
6974.9000 0.36048439
6975.8000 0.35712615
6976.7000 0.35132542
6977.6000 0.34418699
6978.5000 0.34170955
6979.4000 0.34807843
6980.3000 0.35773551
6981.2000 0.36289021
6982.1000 0.36341271
6983.0000 0.36507785
6983.9000 0.36786804
6984.8000 0.36682051
6985.7000 0.3621507
6986.6000 0.35701409
6987.5000 0.3536419
6988.4000 0.35414866
6989.3000 0.35821643
6990.2000 0.36271757
6991.1000 0.36484122
6992.0000 0.36449516
6992.9000 0.36194167
6993.8000 0.35755801
6994.7000 0.35577172
6995.6000 0.35957059
6996.5000 0.36430198
6997.4000 0.36359072
6998.3000 0.35704243
6999.2000 0.35101253
7000.1000 0.3520357
7001.0000 0.35863262
7001.9000 0.36191651
7002.8000 0.3586351
7003.7000 0.35273546
7004.6000 0.34577823
7005.5000 0.34008211
7006.4000 0.34139335
7007.3000 0.34889674
7008.2000 0.35533574
7009.1000 0.35629556
7010.0000 0.35258535
7010.9000 0.34821343
7011.8000 0.34664261
7012.7000 0.34924424
7013.6000 0.35246626
7014.5000 0.35012567
7015.4000 0.34212968
7016.3000 0.33555439
7017.2000 0.33716819
7018.1000 0.34619495
7019.0000 0.35546109
7019.9000 0.35992312
7020.8000 0.35886306
7021.7000 0.35360405
7022.6000 0.3467921
7023.5000 0.3420788
7024.4000 0.34222153
7025.3000 0.34701091
7026.2000 0.3522245
7027.1000 0.35233203
7028.0000 0.3483057
7028.9000 0.34740311
7029.8000 0.35236955
7030.7000 0.35708895
7031.6000 0.35689285
7032.5000 0.35398853
7033.4000 0.34976217
7034.3000 0.34539124
7035.2000 0.34478229
7036.1000 0.34650832
7037.0000 0.3443478
7037.9000 0.33881292
7038.8000 0.33702892
7039.7000 0.34097734
7040.6000 0.34693137
7041.5000 0.35308123
7042.4000 0.35729444
7043.3000 0.35791519
7044.2000 0.35759562
7045.1000 0.35809377
7046.0000 0.35863441
7046.9000 0.35870665
7047.8000 0.35980234
7048.7000 0.36238092
7049.6000 0.36373058
7050.5000 0.36210302
7051.4000 0.35830945
7052.3000 0.3544597
7053.2000 0.35266086
7054.1000 0.35273686
7055.0000 0.35272181
7055.9000 0.35237119
7056.8000 0.35324159
7057.7000 0.35476357
7058.6000 0.35303646
7059.5000 0.3488543
7060.4000 0.34880102
7061.3000 0.35292521
7062.2000 0.35507938
7063.1000 0.35372111
7064.0000 0.35343078
7064.9000 0.35593954
7065.8000 0.35652059
7066.7000 0.3501845
7067.6000 0.34082583
7068.5000 0.33808309
7069.4000 0.34344369
7070.3000 0.34990066
7071.2000 0.35258225
7072.1000 0.35275644
7073.0000 0.35285687
7073.9000 0.35319561
7074.8000 0.35450304
7075.7000 0.35522711
7076.6000 0.35393608
7077.5000 0.35239193
7078.4000 0.35178611
7079.3000 0.35225236
7080.2000 0.35429618
7081.1000 0.35602862
7082.0000 0.35431725
7082.9000 0.35042688
7083.8000 0.34860083
7084.7000 0.34916666
7085.6000 0.34900942
7086.5000 0.34871686
7087.4000 0.34972936
7088.3000 0.34833437
7089.2000 0.3439303
7090.1000 0.34168547
7091.0000 0.34306094
7091.9000 0.34498829
7092.8000 0.34650499
7093.7000 0.3476035
7094.6000 0.34751973
7095.5000 0.34646004
7096.4000 0.34512025
7097.3000 0.34462771
7098.2000 0.34509811
7099.1000 0.34523377
7100.0000 0.34625259
7100.9000 0.3480275
7101.8000 0.34823763
7102.7000 0.34783778
7103.6000 0.3472788
7104.5000 0.3460452
7105.4000 0.34476981
7106.3000 0.34425342
7107.2000 0.34602088
7108.1000 0.34966841
7109.0000 0.35158938
7109.9000 0.35029119
7110.8000 0.34699574
7111.7000 0.34436136
7112.6000 0.34480244
7113.5000 0.34767011
7114.4000 0.34997046
7115.3000 0.35015431
7116.2000 0.34924138
7117.1000 0.34769684
7118.0000 0.34657049
7118.9000 0.34708467
7119.8000 0.3478896
7120.7000 0.34549823
7121.6000 0.34125262
7122.5000 0.34160447
7123.4000 0.34552205
7124.3000 0.34695083
7125.2000 0.346663
7126.1000 0.34716412
7127.0000 0.34934002
7127.9000 0.35519037
7128.8000 0.35522476
7129.7000 0.3487674
7130.6000 0.34492242
7131.5000 0.34633604
7132.4000 0.35038432
7133.3000 0.35487843
7134.2000 0.3588396
7135.1000 0.36131385
7136.0000 0.36269906
7136.9000 0.36286509
7137.8000 0.36246771
7138.7000 0.36429515
7139.6000 0.3669095
7140.5000 0.36588287
7141.4000 0.36147603
7142.3000 0.35870275
7143.2000 0.36013758
7144.1000 0.36307529
7145.0000 0.36528164
7145.9000 0.36351785
7146.8000 0.35484061
7147.7000 0.34635621
7148.6000 0.34844729
7149.5000 0.35790461
7150.4000 0.36436364
7151.3000 0.36665282
7152.2000 0.36764619
7153.1000 0.36723363
7154.0000 0.36586654
7154.9000 0.36492452
7155.8000 0.36532253
7156.7000 0.36662179
7157.6000 0.36747548
7158.5000 0.36744091
7159.4000 0.36596155
7160.3000 0.36292419
7161.2000 0.35980371
7162.1000 0.35630167
7163.0000 0.34963843
7163.9000 0.34174576
7164.8000 0.34039131
7165.7000 0.3475703
7166.6000 0.35595784
7167.5000 0.35979837
7168.4000 0.35802671
7169.3000 0.35495466
7170.2000 0.35439405
7171.1000 0.35471207
7172.0000 0.35563734
7172.9000 0.35644367
7173.8000 0.35254395
7174.7000 0.34511018
7175.6000 0.3419947
7176.5000 0.34461197
7177.4000 0.34715307
7178.3000 0.34586945
7179.2000 0.3429383
7180.1000 0.34069479
7181.0000 0.34149295
7181.9000 0.34613395
7182.8000 0.34964687
7183.7000 0.35087869
7184.6000 0.352707
7185.5000 0.35236859
7186.4000 0.34611171
7187.3000 0.34234995
7188.2000 0.34447825
7189.1000 0.34644607
7190.0000 0.34783423
7190.9000 0.35091877
7191.8000 0.35416704
7192.7000 0.35274994
7193.6000 0.34848371
7194.5000 0.34701577
7195.4000 0.34596428
7196.3000 0.343436
7197.2000 0.34285721
7198.1000 0.34557495
7199.0000 0.34840241
7199.9000 0.35114905
7200.8000 0.3537038
7201.7000 0.35199913
7202.6000 0.34884918
7203.5000 0.35139781
7204.4000 0.35495287
7205.3000 0.35117671
7206.2000 0.34282815
7207.1000 0.33808005
7208.0000 0.33989343
7208.9000 0.34590045
7209.8000 0.35027844
7210.7000 0.35121816
7211.6000 0.35203937
7212.5000 0.35396725
7213.4000 0.35440776
7214.3000 0.35303459
7215.2000 0.3531929
7216.1000 0.35656986
7217.0000 0.35852307
7217.9000 0.35485306
7218.8000 0.35073677
7219.7000 0.35176829
7220.6000 0.35558832
7221.5000 0.35638511
7222.4000 0.3531664
7223.3000 0.35221136
7224.2000 0.35556388
7225.1000 0.35805613
7226.0000 0.35979518
7226.9000 0.36373055
7227.8000 0.36595434
7228.7000 0.36185226
7229.6000 0.35634455
7230.5000 0.35644212
7231.4000 0.36059818
7232.3000 0.36569154
7233.2000 0.36846927
7234.1000 0.36434868
7235.0000 0.35686666
7235.9000 0.35142678
7236.8000 0.34831926
7237.7000 0.34670308
7238.6000 0.34612757
7239.5000 0.34693006
7240.4000 0.34805492
7241.3000 0.34729841
7242.2000 0.34524348
7243.1000 0.34659991
7244.0000 0.3474116
7244.9000 0.34281403
7245.8000 0.34029052
7246.7000 0.34282568
7247.6000 0.34427968
7248.5000 0.34365582
7249.4000 0.34234115
7250.3000 0.34054071
7251.2000 0.34095946
7252.1000 0.34653229
7253.0000 0.35298723
7253.9000 0.35338753
7254.8000 0.35169923
7255.7000 0.3554126
7256.6000 0.35964975
7257.5000 0.35942453
7258.4000 0.35501087
7259.3000 0.34976533
7260.2000 0.34667149
7261.1000 0.34585637
7262.0000 0.34712514
7262.9000 0.35032341
7263.8000 0.35518295
7264.7000 0.36205122
7265.6000 0.36768663
7266.5000 0.36680356
7267.4000 0.36301658
7268.3000 0.36158675
7269.2000 0.35989866
7270.1000 0.35507476
7271.0000 0.35050246
7271.9000 0.35088637
7272.8000 0.35460153
7273.7000 0.35423389
7274.6000 0.34927294
7275.5000 0.34818804
7276.4000 0.35046518
7277.3000 0.35127541
7278.2000 0.3497543
7279.1000 0.34741715
7280.0000 0.34771505
7280.9000 0.34941816
7281.8000 0.34944844
7282.7000 0.34775624
7283.6000 0.34491307
7284.5000 0.34276024
7285.4000 0.34450722
7286.3000 0.34799087
7287.2000 0.34682453
7288.1000 0.33958226
7289.0000 0.33485249
7289.9000 0.34004447
7290.8000 0.34629971
7291.7000 0.34256315
7292.6000 0.33700264
7293.5000 0.33948925
7294.4000 0.34459329
7295.3000 0.34731057
7296.2000 0.34870476
7297.1000 0.35045218
7298.0000 0.35220233
7298.9000 0.35277498
7299.8000 0.35205314
7300.7000 0.3506563
7301.6000 0.35217527
7302.5000 0.35785237
7303.4000 0.36220151
7304.3000 0.36008924
7305.2000 0.35222322
7306.1000 0.34503084
7307.0000 0.34354413
7307.9000 0.34690207
7308.8000 0.35067758
7309.7000 0.35058963
7310.6000 0.34756637
7311.5000 0.34637532
7312.4000 0.34845635
7313.3000 0.35122907
7314.2000 0.35328868
7315.1000 0.35414606
7316.0000 0.35268837
7316.9000 0.34943333
7317.8000 0.34643435
7318.7000 0.34383142
7319.6000 0.34242225
7320.5000 0.34448618
7321.4000 0.3482596
7322.3000 0.35021225
7323.2000 0.35026917
7324.1000 0.3469952
7325.0000 0.3396847
7325.9000 0.33576924
7326.8000 0.33981562
7327.7000 0.3449766
7328.6000 0.34738779
7329.5000 0.35050711
7330.4000 0.35311887
7331.3000 0.35225776
7332.2000 0.3499639
7333.1000 0.34906426
7334.0000 0.34900311
7334.9000 0.34802511
7335.8000 0.34782207
7336.7000 0.35116214
7337.6000 0.35599777
7338.5000 0.35802242
7339.4000 0.35804325
7340.3000 0.35796058
7341.2000 0.35734859
7342.1000 0.35504299
7343.0000 0.35248333
7343.9000 0.35086444
7344.8000 0.35043967
7345.7000 0.35078523
7346.6000 0.3508378
7347.5000 0.35176709
7348.4000 0.35256761
7349.3000 0.35006702
7350.2000 0.34542996
7351.1000 0.34364781
7352.0000 0.34649506
7352.9000 0.34911436
7353.8000 0.34766918
7354.7000 0.34321573
7355.6000 0.33944327
7356.5000 0.33992004
7357.4000 0.34308624
7358.3000 0.34500977
7359.2000 0.34527442
7360.1000 0.34459525
7361.0000 0.34241307
7361.9000 0.34053713
7362.8000 0.34010443
7363.7000 0.33850449
7364.6000 0.33564651
7365.5000 0.33545926
7366.4000 0.33760896
7367.3000 0.33833477
7368.2000 0.3371591
7369.1000 0.3363516
7370.0000 0.33660999
7370.9000 0.33650973
7371.8000 0.33508074
7372.7000 0.33326748
7373.6000 0.33165357
7374.5000 0.3298099
7375.4000 0.32972658
7376.3000 0.33187547
7377.2000 0.33453748
7378.1000 0.33544821
7379.0000 0.33488569
7379.9000 0.33425474
7380.8000 0.33332947
7381.7000 0.33101085
7382.6000 0.3271262
7383.5000 0.3224912
7384.4000 0.3174915
7385.3000 0.31410524
7386.2000 0.31441966
7387.1000 0.31525415
7388.0000 0.31404984
7388.9000 0.31438541
7389.8000 0.31867141
7390.7000 0.32295984
7391.6000 0.32201859
7392.5000 0.31767926
7393.4000 0.31736159
7394.3000 0.32201099
7395.2000 0.32517335
7396.1000 0.32450324
7397.0000 0.32258335
7397.9000 0.32019731
7398.8000 0.3179467
7399.7000 0.3169153
7400.6000 0.31787193
7401.5000 0.32111743
7402.4000 0.32521161
7403.3000 0.32692933
7404.2000 0.32481194
7405.1000 0.32176149
7406.0000 0.32079816
7406.9000 0.32032147
7407.8000 0.31732136
7408.7000 0.31358382
7409.6000 0.31294554
7410.5000 0.31542537
7411.4000 0.31011167
7412.3000 0.23673551
7413.2000 0.083239
7414.1000 0.00861476
7415.0000 0.00020924
7415.9000 0.00000109
7416.8000 0
7417.7000 0
7418.6000 0
7419.5000 0
7420.4000 0
7421.3000 0
7422.2000 0
7423.1000 0
7424.0000 0
7424.9000 0
7425.8000 0
7426.7000 0
7427.6000 0
7428.5000 0
7429.4000 0
