3500.0000 0
3500.9000 0
3501.8000 0
3502.7000 0
3503.6000 0
3504.5000 0
3505.4000 0
3506.3000 0
3507.2000 0
3508.1000 0
3509.0000 0
3509.9000 0
3510.8000 0
3511.7000 0
3512.6000 0
3513.5000 0
3514.4000 0
3515.3000 0
3516.2000 0
3517.1000 0
3518.0000 0
3518.9000 0
3519.8000 0
3520.7000 0
3521.6000 0
3522.5000 0
3523.4000 0
3524.3000 0
3525.2000 0
3526.1000 0
3527.0000 0
3527.9000 0
3528.8000 0
3529.7000 0
3530.6000 0
3531.5000 0
3532.4000 0
3533.3000 0
3534.2000 0.00000001
3535.1000 0.01457494
3536.0000 0.45017374
3536.9000 0.45930141
3537.8000 0.47204494
3538.7000 0.49483541
3539.6000 0.50663829
3540.5000 0.48791197
3541.4000 0.46875843
3542.3000 0.47371122
3543.2000 0.49197546
3544.1000 0.49870887
3545.0000 0.49592799
3545.9000 0.49286291
3546.8000 0.49177361
3547.7000 0.48351696
3548.6000 0.49113634
3549.5000 0.50870895
3550.4000 0.51404852
3551.3000 0.50459474
3552.2000 0.4786042
3553.1000 0.45414793
3554.0000 0.44804507
3554.9000 0.46216059
3555.8000 0.49086455
3556.7000 0.49810511
3557.6000 0.4764041
3558.5000 0.46279559
3559.4000 0.47410277
3560.3000 0.48731482
3561.2000 0.4971112
3562.1000 0.52115649
3563.0000 0.53553087
3563.9000 0.49380615
3564.8000 0.39748517
3565.7000 0.32750463
3566.6000 0.34429103
3567.5000 0.38752818
3568.4000 0.37954548
3569.3000 0.33110696
3570.2000 0.30995679
3571.1000 0.3028799
3572.0000 0.35410532
3572.9000 0.37882611
3573.8000 0.38657817
3574.7000 0.39130148
3575.6000 0.40170932
3576.5000 0.42695335
3577.4000 0.44296992
3578.3000 0.41429985
3579.2000 0.37513003
3580.1000 0.33495033
3581.0000 0.26509881
3581.9000 0.25044575
3582.8000 0.32921913
3583.7000 0.38555175
3584.6000 0.35171109
3585.5000 0.28838587
3586.4000 0.26807582
3587.3000 0.29927999
3588.2000 0.34747985
3589.1000 0.38486236
3590.0000 0.41781834
3590.9000 0.47217929
3591.8000 0.50550771
3592.7000 0.47907129
3593.6000 0.44473985
3594.5000 0.45577234
3595.4000 0.49222583
3596.3000 0.52419668
3597.2000 0.54053366
3598.1000 0.54152942
3599.0000 0.54352349
3599.9000 0.54872197
3600.8000 0.54391956
3601.7000 0.49728113
3602.6000 0.44006914
3603.5000 0.41853052
3604.4000 0.41052899
3605.3000 0.40910128
3606.2000 0.42152935
3607.1000 0.42891982
3608.0000 0.39405313
3608.9000 0.32978192
3609.8000 0.30966073
3610.7000 0.35363182
3611.6000 0.40906829
3612.5000 0.42293352
3613.4000 0.40213996
3614.3000 0.41091713
3615.2000 0.4561041
3616.1000 0.48019695
3617.0000 0.45360547
3617.9000 0.37064251
3618.8000 0.28053722
3619.7000 0.28439867
3620.6000 0.37312752
3621.5000 0.44984269
3622.4000 0.48469821
3623.3000 0.48033783
3624.2000 0.45630604
3625.1000 0.47737142
3626.0000 0.54111511
3626.9000 0.56971091
3627.8000 0.55237567
3628.7000 0.53049558
3629.6000 0.48521885
3630.5000 0.38966322
3631.4000 0.31001142
3632.3000 0.31808433
3633.2000 0.37427643
3634.1000 0.40118456
3635.0000 0.39764151
3635.9000 0.4016768
3636.8000 0.41548643
3637.7000 0.43470898
3638.6000 0.46877372
3639.5000 0.5028097
3640.4000 0.51596355
3641.3000 0.50033391
3642.2000 0.46384308
3643.1000 0.43788549
3644.0000 0.42524374
3644.9000 0.4074277
3645.8000 0.40523502
3646.7000 0.39788231
3647.6000 0.35827252
3648.5000 0.35022974
3649.4000 0.3857083
3650.3000 0.42028457
3651.2000 0.44901237
3652.1000 0.47806102
3653.0000 0.5026058
3653.9000 0.50700706
3654.8000 0.50194293
3655.7000 0.50422007
3656.6000 0.51447862
3657.5000 0.52240896
3658.4000 0.52571732
3659.3000 0.53153855
3660.2000 0.5268234
3661.1000 0.5200423
3662.0000 0.51765615
3662.9000 0.5066992
3663.8000 0.4955487
3664.7000 0.4952355
3665.6000 0.50557458
3666.5000 0.51455843
3667.4000 0.51226991
3668.3000 0.49532458
3669.2000 0.46238968
3670.1000 0.44954672
3671.0000 0.48296201
3671.9000 0.52163714
3672.8000 0.53041756
3673.7000 0.52080369
3674.6000 0.52039939
3675.5000 0.53545654
3676.4000 0.53016216
3677.3000 0.49032113
3678.2000 0.45669734
3679.1000 0.44242999
3680.0000 0.43665722
3680.9000 0.45200294
3681.8000 0.47846743
3682.7000 0.49103713
3683.6000 0.49770704
3684.5000 0.49322307
3685.4000 0.46632108
3686.3000 0.4391042
3687.2000 0.41401938
3688.1000 0.40877852
3689.0000 0.45383725
3689.9000 0.51389259
3690.8000 0.55000567
3691.7000 0.56441402
3692.6000 0.5513981
3693.5000 0.51940101
3694.4000 0.50671631
3695.3000 0.51965559
3696.2000 0.53217
3697.1000 0.52896321
3698.0000 0.53404438
3698.9000 0.57034832
3699.8000 0.61289972
3700.7000 0.62430811
3701.6000 0.60662401
3702.5000 0.57303965
3703.4000 0.51150191
3704.3000 0.4301382
3705.2000 0.37657514
3706.1000 0.37619495
3707.0000 0.40812975
3707.9000 0.42589635
3708.8000 0.41609982
3709.7000 0.42489162
3710.6000 0.4722949
3711.5000 0.51810968
3712.4000 0.54558384
3713.3000 0.58857208
3714.2000 0.62953877
3715.1000 0.63220692
3716.0000 0.60401535
3716.9000 0.58458441
3717.8000 0.55294001
3718.7000 0.47027028
3719.6000 0.35785779
3720.5000 0.28180751
3721.4000 0.27931407
3722.3000 0.32146204
3723.2000 0.39001912
3724.1000 0.47197336
3725.0000 0.53564095
3725.9000 0.56301987
3726.8000 0.52416205
3727.7000 0.46581012
3728.6000 0.48231044
3729.5000 0.52759707
3730.4000 0.5250057
3731.3000 0.49635828
3732.2000 0.46348947
3733.1000 0.38800499
3734.0000 0.29036734
3734.9000 0.24107929
3735.8000 0.24722463
3736.7000 0.27070662
3737.6000 0.30866995
3738.5000 0.38507634
3739.4000 0.4682737
3740.3000 0.51986963
3741.2000 0.54087776
3742.1000 0.51952881
3743.0000 0.46110654
3743.9000 0.41177937
3744.8000 0.38072851
3745.7000 0.34548151
3746.6000 0.33494675
3747.5000 0.33301353
3748.4000 0.28300306
3749.3000 0.23778516
3750.2000 0.27433938
3751.1000 0.38011798
3752.0000 0.47903594
3752.9000 0.52270359
3753.8000 0.54798681
3754.7000 0.59657073
3755.6000 0.62691659
3756.5000 0.5864864
3757.4000 0.47979388
3758.3000 0.38021207
3759.2000 0.37656233
3760.1000 0.43844005
3761.0000 0.4834021
3761.9000 0.50473136
3762.8000 0.5043304
3763.7000 0.48111314
3764.6000 0.49589381
3765.5000 0.53392339
3766.4000 0.50920182
3767.3000 0.46155843
3768.2000 0.48053968
3769.1000 0.52728599
3770.0000 0.51743782
3770.9000 0.49219087
3771.8000 0.52310616
3772.7000 0.58164179
3773.6000 0.60459679
3774.5000 0.59039748
3775.4000 0.57457554
3776.3000 0.57417691
3777.2000 0.58189964
3778.1000 0.5855366
3779.0000 0.59879208
3779.9000 0.63074118
3780.8000 0.65361005
3781.7000 0.64374954
3782.6000 0.62951607
3783.5000 0.64277178
3784.4000 0.65660888
3785.3000 0.62450051
3786.2000 0.5469684
3787.1000 0.49659804
3788.0000 0.49910784
3788.9000 0.49292761
3789.8000 0.47419253
3790.7000 0.48487151
3791.6000 0.52409583
3792.5000 0.54198033
3793.4000 0.52053392
3794.3000 0.48878539
3795.2000 0.47168347
3796.1000 0.4765825
3797.0000 0.4657138
3797.9000 0.41244274
3798.8000 0.38249302
3799.7000 0.42965171
3800.6000 0.51137775
3801.5000 0.56591594
3802.4000 0.60452372
3803.3000 0.64780527
3804.2000 0.66420227
3805.1000 0.6472441
3806.0000 0.61215305
3806.9000 0.56662291
3807.8000 0.5526647
3808.7000 0.58706254
3809.6000 0.63546872
3810.5000 0.65894061
3811.4000 0.64328223
3812.3000 0.60026735
3813.2000 0.53832734
3814.1000 0.47867662
3815.0000 0.43817815
3815.9000 0.42386511
3816.8000 0.46244946
3817.7000 0.52318102
3818.6000 0.52202219
3819.5000 0.43835551
3820.4000 0.34964746
3821.3000 0.35659522
3822.2000 0.44269919
3823.1000 0.49037787
3824.0000 0.4434607
3824.9000 0.3576535
3825.8000 0.30875415
3826.7000 0.31571054
3827.6000 0.33781996
3828.5000 0.34678265
3829.4000 0.36176077
3830.3000 0.3849766
3831.2000 0.37463906
3832.1000 0.31485948
3833.0000 0.2697649
3833.9000 0.27705356
3834.8000 0.31790814
3835.7000 0.36399165
3836.6000 0.37740842
3837.5000 0.3400726
3838.4000 0.29242092
3839.3000 0.28944498
3840.2000 0.31393388
3841.1000 0.35239676
3842.0000 0.43419564
3842.9000 0.51632327
3843.8000 0.55001348
3844.7000 0.55973589
3845.6000 0.55990523
3846.5000 0.56477463
3847.4000 0.58724332
3848.3000 0.59447443
3849.2000 0.55647832
3850.1000 0.50503659
3851.0000 0.51167345
3851.9000 0.56365329
3852.8000 0.5804041
3853.7000 0.56490767
3854.6000 0.54142463
3855.5000 0.49681816
3856.4000 0.46114039
3857.3000 0.46471018
3858.2000 0.45167652
3859.1000 0.38608918
3860.0000 0.33287013
3860.9000 0.36481321
3861.8000 0.46919978
3862.7000 0.56428599
3863.6000 0.58872986
3864.5000 0.56483918
3865.4000 0.54332989
3866.3000 0.5429399
3867.2000 0.55505371
3868.1000 0.55720752
3869.0000 0.5437901
3869.9000 0.51060611
3870.8000 0.45328036
3871.7000 0.39015442
3872.6000 0.36910048
3873.5000 0.41473973
3874.4000 0.49367553
3875.3000 0.54893327
3876.2000 0.5498423
3877.1000 0.49981812
3878.0000 0.43161714
3878.9000 0.42051789
3879.8000 0.4761208
3880.7000 0.50497866
3881.6000 0.47207484
3882.5000 0.43828741
3883.4000 0.45739406
3884.3000 0.49644503
3885.2000 0.47761947
3886.1000 0.41371343
3887.0000 0.39105493
3887.9000 0.41208249
3888.8000 0.41491288
3889.7000 0.42285544
3890.6000 0.47653198
3891.5000 0.53875393
3892.4000 0.56700486
3893.3000 0.56035507
3894.2000 0.53749603
3895.1000 0.515625
3896.0000 0.52208656
3896.9000 0.56405485
3897.8000 0.58284312
3898.7000 0.55971235
3899.6000 0.53390259
3900.5000 0.53147626
3901.4000 0.54907519
3902.3000 0.5446704
3903.2000 0.52612931
3904.1000 0.52637756
3905.0000 0.49774039
3905.9000 0.4430432
3906.8000 0.45809123
3907.7000 0.53329515
3908.6000 0.5855552
3909.5000 0.59552503
3910.4000 0.59192085
3911.3000 0.60649157
3912.2000 0.63295656
3913.1000 0.62679559
3914.0000 0.59611887
3914.9000 0.58174288
3915.8000 0.5799287
3916.7000 0.57938206
3917.6000 0.58137399
3918.5000 0.56904435
3919.4000 0.52980661
3920.3000 0.47410715
3921.2000 0.43309301
3922.1000 0.43527219
3923.0000 0.45643598
3923.9000 0.47051969
3924.8000 0.47050127
3925.7000 0.44516528
3926.6000 0.40466508
3927.5000 0.34965733
3928.4000 0.28140712
3929.3000 0.23241273
3930.2000 0.1993767
3931.1000 0.16512354
3932.0000 0.13422978
3932.9000 0.1075
3933.8000 0.09173047
3934.7000 0.09938662
3935.6000 0.12782452
3936.5000 0.16595057
3937.4000 0.21124506
3938.3000 0.26443708
3939.2000 0.31708091
3940.1000 0.35676655
3941.0000 0.38385943
3941.9000 0.40270483
3942.8000 0.40456221
3943.7000 0.38731098
3944.6000 0.3933726
3945.5000 0.45847428
3946.4000 0.52992791
3947.3000 0.54549992
3948.2000 0.52946216
3949.1000 0.5368582
3950.0000 0.57969958
3950.9000 0.6129669
3951.8000 0.59407955
3952.7000 0.5580672
3953.6000 0.57139111
3954.5000 0.61623305
3955.4000 0.61596632
3956.3000 0.57281023
3957.2000 0.55041176
3958.1000 0.56787014
3959.0000 0.59448224
3959.9000 0.57864183
3960.8000 0.4901551
3961.7000 0.38640013
3962.6000 0.34420553
3963.5000 0.34492928
3964.4000 0.32855538
3965.3000 0.27971259
3966.2000 0.21648395
3967.1000 0.16031504
3968.0000 0.12196586
3968.9000 0.11067905
3969.8000 0.13330241
3970.7000 0.17938982
3971.6000 0.22902565
3972.5000 0.27832732
3973.4000 0.32967356
3974.3000 0.38763317
3975.2000 0.45236433
3976.1000 0.50056034
3977.0000 0.53653014
3977.9000 0.58022368
3978.8000 0.62234795
3979.7000 0.6560263
3980.6000 0.67569983
3981.5000 0.66230071
3982.4000 0.63259542
3983.3000 0.6223712
3984.2000 0.63939857
3985.1000 0.66424167
3986.0000 0.67002523
3986.9000 0.66506952
3987.8000 0.68900287
3988.7000 0.71683133
3989.6000 0.70824456
3990.5000 0.69986683
3991.4000 0.72274518
3992.3000 0.75388974
3993.2000 0.76282316
3994.1000 0.74336034
3995.0000 0.70873231
3995.9000 0.68706584
3996.8000 0.67195165
3997.7000 0.6604563
3998.6000 0.67858094
3999.5000 0.71518165
4000.4000 0.73129672
4001.3000 0.73233324
4002.2000 0.75254685
4003.1000 0.77668583
4004.0000 0.75364625
4004.9000 0.67601353
4005.8000 0.61415762
4006.7000 0.63341194
4007.6000 0.70547503
4008.5000 0.76006341
4009.4000 0.77421683
4010.3000 0.777493
4011.2000 0.78154516
4012.1000 0.77682757
4013.0000 0.76766562
4013.9000 0.75707197
4014.8000 0.75675666
4015.7000 0.76505387
4016.6000 0.74788231
4017.5000 0.71424955
4018.4000 0.72104627
4019.3000 0.75298613
4020.2000 0.75838172
4021.1000 0.74961966
4022.0000 0.75316799
4022.9000 0.76190341
4023.8000 0.75502235
4024.7000 0.74143255
4025.6000 0.75196588
4026.5000 0.78218138
4027.4000 0.80456197
4028.3000 0.81421906
4029.2000 0.79963714
4030.1000 0.74420065
4031.0000 0.68774945
4031.9000 0.67320257
4032.8000 0.67885262
4033.7000 0.68319565
4034.6000 0.69413394
4035.5000 0.72398078
4036.4000 0.77179563
4037.3000 0.81926525
4038.2000 0.84670103
4039.1000 0.83600134
4040.0000 0.79328245
4040.9000 0.7640081
4041.8000 0.78627336
4042.7000 0.81470168
4043.6000 0.77503461
4044.5000 0.66890895
4045.4000 0.56831568
4046.3000 0.56675118
4047.2000 0.66810256
4048.1000 0.75842983
4049.0000 0.78571957
4049.9000 0.79578578
4050.8000 0.80922502
4051.7000 0.80204415
4052.6000 0.77201837
4053.5000 0.75370955
4054.4000 0.74679244
4055.3000 0.74059147
4056.2000 0.74397367
4057.1000 0.7301631
4058.0000 0.70346123
4058.9000 0.71688712
4059.8000 0.76836592
4060.7000 0.81107908
4061.6000 0.80615628
4062.5000 0.73336935
4063.4000 0.63854951
4064.3000 0.62728411
4065.2000 0.69464463
4066.1000 0.72516632
4067.0000 0.71919149
4067.9000 0.75225347
4068.8000 0.80817628
4069.7000 0.82889515
4070.6000 0.78248096
4071.5000 0.70610684
4072.4000 0.70526928
4073.3000 0.77413017
4074.2000 0.80637383
4075.1000 0.77938086
4076.0000 0.720384
4076.9000 0.6490069
4077.8000 0.61737126
4078.7000 0.66084027
4079.6000 0.73892152
4080.5000 0.8049745
4081.4000 0.84090751
4082.3000 0.82947147
4083.2000 0.78333372
4084.1000 0.74477226
4085.0000 0.7386592
4085.9000 0.7707305
4086.8000 0.82901615
4087.7000 0.88044524
4088.6000 0.900563
4089.5000 0.89331913
4090.4000 0.87052143
4091.3000 0.84502143
4092.2000 0.83024013
4093.1000 0.84303719
4094.0000 0.86237115
4094.9000 0.83722132
4095.8000 0.78389871
4096.7000 0.75659579
4097.6000 0.76626277
4098.5000 0.78158575
4099.4000 0.76930946
4100.3000 0.70476514
4101.2000 0.61723948
4102.1000 0.59492791
4103.0000 0.6525082
4103.9000 0.71774727
4104.8000 0.75687748
4105.7000 0.78858829
4106.6000 0.81221288
4107.5000 0.8183344
4108.4000 0.81260139
4109.3000 0.79820275
4110.2000 0.78650236
4111.1000 0.78922451
4112.0000 0.80223185
4112.9000 0.82608527
4113.8000 0.8474316
4114.7000 0.85341406
4115.6000 0.86036628
4116.5000 0.87146759
4117.4000 0.85699767
4118.3000 0.81444204
4119.2000 0.79214138
4120.1000 0.81066591
4121.0000 0.82735676
4121.9000 0.82271999
4122.8000 0.81393057
4123.7000 0.81839973
4124.6000 0.83869374
4125.5000 0.84793216
4126.4000 0.83174098
4127.3000 0.80690974
4128.2000 0.79509836
4129.1000 0.80195856
4130.0000 0.81138992
4130.9000 0.79673833
4131.8000 0.7537936
4132.7000 0.71912652
4133.6000 0.71359468
4134.5000 0.73218769
4135.4000 0.78391546
4136.3000 0.83504242
4137.2000 0.84803212
4138.1000 0.8570863
4139.0000 0.87183994
4139.9000 0.87776899
4140.8000 0.86398625
4141.7000 0.80362713
4142.6000 0.70923156
4143.5000 0.65020519
4144.4000 0.68135136
4145.3000 0.76265949
4146.2000 0.82438427
4147.1000 0.84465486
4148.0000 0.83781028
4148.9000 0.81268901
4149.8000 0.78914005
4150.7000 0.80463803
4151.6000 0.8281514
4152.5000 0.82089901
4153.4000 0.79754055
4154.3000 0.77995586
4155.2000 0.78036112
4156.1000 0.79100519
4157.0000 0.80519772
4157.9000 0.8260166
4158.8000 0.84061646
4159.7000 0.85246521
4160.6000 0.8568207
4161.5000 0.85662717
4162.4000 0.87327933
4163.3000 0.88055509
4164.2000 0.86926353
4165.1000 0.86538428
4166.0000 0.86259365
4166.9000 0.83995843
4167.8000 0.81700206
4168.7000 0.8284905
4169.6000 0.84962791
4170.5000 0.83900845
4171.4000 0.78632015
4172.3000 0.71963
4173.2000 0.69715279
4174.1000 0.72625053
4175.0000 0.76435769
4175.9000 0.79086608
4176.8000 0.79488546
4177.7000 0.78248006
4178.6000 0.79603356
4179.5000 0.83936346
4180.4000 0.85677397
4181.3000 0.82614845
4182.2000 0.7929042
4183.1000 0.7903024
4184.0000 0.80770558
4184.9000 0.82884371
4185.8000 0.82188207
4186.7000 0.77216929
4187.6000 0.73601389
4188.5000 0.76096815
4189.4000 0.80629975
4190.3000 0.81771791
4191.2000 0.80280602
4192.1000 0.816073
4193.0000 0.86321998
4193.9000 0.88051879
4194.8000 0.84437805
4195.7000 0.80492187
4196.6000 0.79221135
4197.5000 0.77239805
4198.4000 0.73566234
4199.3000 0.72804856
4200.2000 0.74610925
4201.1000 0.73900259
4202.0000 0.7270577
4202.9000 0.75126249
4203.8000 0.78389561
4204.7000 0.79632473
4205.6000 0.80695057
4206.5000 0.82704806
4207.4000 0.85157537
4208.3000 0.86725301
4209.2000 0.85599011
4210.1000 0.83225179
4211.0000 0.82979149
4211.9000 0.85220695
4212.8000 0.86880785
4213.7000 0.86441976
4214.6000 0.83002794
4215.5000 0.77252811
4216.4000 0.75193971
4217.3000 0.78346223
4218.2000 0.81699336
4219.1000 0.84075272
4220.0000 0.86573011
4220.9000 0.8831529
4221.8000 0.87149459
4222.7000 0.82748824
4223.6000 0.77808946
4224.5000 0.72190195
4225.4000 0.62616622
4226.3000 0.5138467
4227.2000 0.5009678
4228.1000 0.63240963
4229.0000 0.77235317
4229.9000 0.82898772
4230.8000 0.84760457
4231.7000 0.8474701
4232.6000 0.82040685
4233.5000 0.80528909
4234.4000 0.81378949
4235.3000 0.7836957
4236.2000 0.7277317
4237.1000 0.72326183
4238.0000 0.75402498
4238.9000 0.76778573
4239.8000 0.77417129
4240.7000 0.80045426
4241.6000 0.81750846
4242.5000 0.79193813
4243.4000 0.78383911
4244.3000 0.8306936
4245.2000 0.86588049
4246.1000 0.84513342
4247.0000 0.78610247
4247.9000 0.73272437
4248.8000 0.71075445
4249.7000 0.70579416
4250.6000 0.72284788
4251.5000 0.78214675
4252.4000 0.82893884
4253.3000 0.80246276
4254.2000 0.73894924
4255.1000 0.71651971
4256.0000 0.76844746
4256.9000 0.84103084
4257.8000 0.83961535
4258.7000 0.77128226
4259.6000 0.70675468
4260.5000 0.67154628
4261.4000 0.69546437
4262.3000 0.76991397
4263.2000 0.82575434
4264.1000 0.8368001
4265.0000 0.83957475
4265.9000 0.85013556
4266.8000 0.83147329
4267.7000 0.78779137
4268.6000 0.76914245
4269.5000 0.75488842
4270.4000 0.69712764
4271.3000 0.62363368
4272.2000 0.6137566
4273.1000 0.6576882
4274.0000 0.66215128
4274.9000 0.65140104
4275.8000 0.70226061
4276.7000 0.78655368
4277.6000 0.83990383
4278.5000 0.83654928
4279.4000 0.77402997
4280.3000 0.70883441
4281.2000 0.71301067
4282.1000 0.75845784
4283.0000 0.79248112
4283.9000 0.80157298
4284.8000 0.75879472
4285.7000 0.69386244
4286.6000 0.68326944
4287.5000 0.7143923
4288.4000 0.70963138
4289.3000 0.65860653
4290.2000 0.62754422
4291.1000 0.65412438
4292.0000 0.71686232
4292.9000 0.76718599
4293.8000 0.76416737
4294.7000 0.73232871
4295.6000 0.71307367
4296.5000 0.68494749
4297.4000 0.63257682
4298.3000 0.57430023
4299.2000 0.51314485
4300.1000 0.48156199
4301.0000 0.50498033
4301.9000 0.53070468
4302.8000 0.52842748
4303.7000 0.53204584
4304.6000 0.55100584
4305.5000 0.56672519
4306.4000 0.56235027
4307.3000 0.51675457
4308.2000 0.45690125
4309.1000 0.44120637
4310.0000 0.46213189
4310.9000 0.48258647
4311.8000 0.51025474
4312.7000 0.56848574
4313.6000 0.64235818
4314.5000 0.71439976
4315.4000 0.80853498
4316.3000 0.90892833
4317.2000 0.95587897
4318.1000 0.95505142
4319.0000 0.9495914
4319.9000 0.94118547
4320.8000 0.91654259
4321.7000 0.87811005
4322.6000 0.79766774
4323.5000 0.68026215
4324.4000 0.59799016
4325.3000 0.58244228
4326.2000 0.63972282
4327.1000 0.75358301
4328.0000 0.85611993
4328.9000 0.89971423
4329.8000 0.89332825
4330.7000 0.88408524
4331.6000 0.89926451
4332.5000 0.91294116
4333.4000 0.91003507
4334.3000 0.91169333
4335.2000 0.92552757
4336.1000 0.90615636
4337.0000 0.82858962
4337.9000 0.74767774
4338.8000 0.69144672
4339.7000 0.63141942
4340.6000 0.61080021
4341.5000 0.68496156
4342.4000 0.77852565
4343.3000 0.80944854
4344.2000 0.82355976
4345.1000 0.86551088
4346.0000 0.88838792
4346.9000 0.87259614
4347.8000 0.86717647
4348.7000 0.90176439
4349.6000 0.91731513
4350.5000 0.8529622
4351.4000 0.74669975
4352.3000 0.70004332
4353.2000 0.7494452
4354.1000 0.80697703
4355.0000 0.81318355
4355.9000 0.81943947
4356.8000 0.85184306
4357.7000 0.86301965
4358.6000 0.829144
4359.5000 0.80601662
4360.4000 0.84307772
4361.3000 0.89803189
4362.2000 0.89984459
4363.1000 0.87347573
4364.0000 0.88729352
4364.9000 0.92343646
4365.8000 0.91281569
4366.7000 0.85856551
4367.6000 0.8290273
4368.5000 0.84557533
4369.4000 0.85565865
4370.3000 0.83894354
4371.2000 0.83162862
4372.1000 0.83543229
4373.0000 0.81819612
4373.9000 0.77379638
4374.8000 0.73971426
4375.7000 0.75322413
4376.6000 0.80393106
4377.5000 0.85341138
4378.4000 0.87556392
4379.3000 0.86901098
4380.2000 0.8601048
4381.1000 0.85213488
4382.0000 0.79334211
4382.9000 0.66189134
4383.8000 0.56917751
4384.7000 0.60963851
4385.6000 0.72204721
4386.5000 0.80639511
4387.4000 0.82478225
4388.3000 0.8167308
4389.2000 0.80221069
4390.1000 0.78352886
4391.0000 0.78992641
4391.9000 0.82457131
4392.8000 0.85053134
4393.7000 0.83712423
4394.6000 0.80463171
4395.5000 0.80569345
4396.4000 0.85218984
4397.3000 0.89370817
4398.2000 0.89218384
4399.1000 0.85659111
4400.0000 0.81158209
4400.9000 0.80216902
4401.8000 0.84590727
4402.7000 0.87493843
4403.6000 0.82116008
4404.5000 0.74114972
4405.4000 0.74578518
4406.3000 0.81341934
4407.2000 0.83667266
4408.1000 0.81563252
4409.0000 0.82511663
4409.9000 0.87385696
4410.8000 0.92132354
4411.7000 0.95009947
4412.6000 0.96009976
4413.5000 0.93393064
4414.4000 0.86576355
4415.3000 0.8094371
4416.2000 0.81903338
4417.1000 0.85711539
4418.0000 0.89073139
4418.9000 0.93580794
4419.8000 0.97010922
4420.7000 0.95617765
4421.6000 0.91064489
4422.5000 0.8831225
4423.4000 0.89506209
4424.3000 0.91582704
4425.2000 0.90999824
4426.1000 0.89126539
4427.0000 0.89209658
4427.9000 0.91807079
4428.8000 0.93382913
4429.7000 0.91475189
4430.6000 0.8949095
4431.5000 0.90771234
4432.4000 0.92147958
4433.3000 0.89821243
4434.2000 0.84819829
4435.1000 0.81282419
4436.0000 0.83491802
4436.9000 0.90289849
4437.8000 0.95847321
4438.7000 0.97631705
4439.6000 0.96525377
4440.5000 0.9330641
4441.4000 0.88918644
4442.3000 0.84978312
4443.2000 0.83651918
4444.1000 0.86671478
4445.0000 0.92153543
4445.9000 0.95009053
4446.8000 0.93776381
4447.7000 0.92685688
4448.6000 0.93765396
4449.5000 0.93785673
4450.4000 0.92509031
4451.3000 0.92849547
4452.2000 0.94008505
4453.1000 0.92019689
4454.0000 0.86452568
4454.9000 0.81732416
4455.8000 0.82113647
4456.7000 0.85662401
4457.6000 0.8752231
4458.5000 0.86698455
4459.4000 0.85849005
4460.3000 0.85624975
4461.2000 0.84726876
4462.1000 0.85700881
4463.0000 0.89756715
4463.9000 0.92628217
4464.8000 0.92835832
4465.7000 0.92949015
4466.6000 0.93436962
4467.5000 0.93423337
4468.4000 0.9121623
4469.3000 0.88741046
4470.2000 0.89479876
4471.1000 0.92365777
4472.0000 0.9552319
4472.9000 0.98157239
4473.8000 0.99796075
4474.7000 0.99433053
4475.6000 0.98021835
4476.5000 0.9882139
4477.4000 1.01366079
4478.3000 1.01349986
4479.2000 0.97798055
4480.1000 0.93404275
4481.0000 0.89974642
4481.9000 0.88165534
4482.8000 0.90544313
4483.7000 0.95806092
4484.6000 0.99268442
4485.5000 1.00465667
4486.4000 1.00354111
4487.3000 0.98292345
4488.2000 0.94787896
4489.1000 0.9148317
4490.0000 0.9076606
4490.9000 0.94036329
4491.8000 0.98188716
4492.7000 0.99263448
4493.6000 0.96234882
4494.5000 0.92636544
4495.4000 0.92079127
4496.3000 0.93600249
4497.2000 0.96015221
4498.1000 0.9896102
4499.0000 1.00390768
4499.9000 0.99543935
4500.8000 0.97051185
4501.7000 0.9641428
4502.6000 0.99732488
4503.5000 1.03719783
4504.4000 1.04831696
4505.3000 1.04137981
4506.2000 1.03397369
4507.1000 1.02359486
4508.0000 1.01975703
4508.9000 1.02686906
4509.8000 1.03637362
4510.7000 1.0367974
4511.6000 1.01893234
4512.5000 0.99363309
4513.4000 0.9820801
4514.3000 0.9818899
4515.2000 0.98875278
4516.1000 0.99759471
4517.0000 0.98373228
4517.9000 0.95771766
4518.8000 0.96627676
4519.7000 0.99721563
4520.6000 1.01446354
4521.5000 1.00445271
4522.4000 0.97098601
4523.3000 0.9532879
4524.2000 0.95878839
4525.1000 0.94984543
4526.0000 0.92317992
4526.9000 0.8960554
4527.8000 0.87370586
4528.7000 0.86238939
4529.6000 0.87332731
4530.5000 0.8940289
4531.4000 0.91473716
4532.3000 0.92951268
4533.2000 0.91051137
4534.1000 0.87242961
4535.0000 0.85340804
4535.9000 0.87966931
4536.8000 0.95272774
4537.7000 1.01458228
4538.6000 1.02492094
4539.5000 1.00659955
4540.4000 0.9844116
4541.3000 0.98099387
4542.2000 1.00246513
4543.1000 1.00905907
4544.0000 0.97907269
4544.9000 0.9484185
4545.8000 0.95198774
4546.7000 0.96661794
4547.6000 0.95844108
4548.5000 0.92565638
4549.4000 0.89973861
4550.3000 0.91659534
4551.2000 0.95285362
4552.1000 0.96233821
4553.0000 0.94979632
4553.9000 0.9327324
4554.8000 0.92141902
4555.7000 0.93413585
4556.6000 0.97396165
4557.5000 1.01163256
4558.4000 1.02387559
4559.3000 1.0224942
4560.2000 1.023283
4561.1000 1.02705181
4562.0000 1.02247906
4562.9000 0.99534881
4563.8000 0.95945042
4564.7000 0.94289118
4565.6000 0.95302695
4566.5000 0.98451906
4567.4000 1.01360762
4568.3000 1.02103364
4569.2000 1.01650333
4570.1000 0.99659705
4571.0000 0.95276266
4571.9000 0.93401581
4572.8000 0.97363019
4573.7000 1.01665747
4574.6000 1.02168798
4575.5000 1.01395893
4576.4000 1.01536548
4577.3000 1.01565731
4578.2000 1.00280309
4579.1000 0.9764778
4580.0000 0.94472432
4580.9000 0.92674881
4581.8000 0.94066709
4582.7000 0.96614844
4583.6000 0.97216922
4584.5000 0.96175343
4585.4000 0.94936854
4586.3000 0.95345032
4587.2000 0.98573172
4588.1000 1.01506698
4589.0000 1.01973677
4589.9000 1.01318908
4590.8000 0.99732393
4591.7000 0.97329944
4592.6000 0.96292317
4593.5000 0.9728117
4594.4000 0.98457056
4595.3000 0.98429596
4596.2000 0.98305213
4597.1000 0.99035406
4598.0000 0.9981153
4598.9000 0.99765545
4599.8000 0.97730726
4600.7000 0.95787603
4601.6000 0.96143383
4602.5000 0.97246659
4603.4000 0.97951776
4604.3000 0.98110771
4605.2000 0.98149699
4606.1000 0.98700905
4607.0000 0.9926194
4607.9000 1.00772607
4608.8000 1.03168082
4609.7000 1.03673959
4610.6000 1.01932716
4611.5000 1.00277543
4612.4000 0.99369133
4613.3000 0.98825794
4614.2000 0.99696302
4615.1000 1.00641894
4616.0000 0.99906218
4616.9000 0.99410278
4617.8000 0.99323678
4618.7000 0.98324829
4619.6000 0.9869895
4620.5000 1.00965226
4621.4000 1.02311897
4622.3000 1.01838827
4623.2000 1.01660502
4624.1000 1.01645982
4625.0000 1.00741553
4625.9000 1.00255823
4626.8000 1.01497436
4627.7000 1.02596438
4628.6000 1.01204634
4629.5000 0.99130094
4630.4000 1.00035584
4631.3000 1.02137363
4632.2000 1.01717818
4633.1000 1.002038
4634.0000 0.99949116
4634.9000 1.00298643
4635.8000 0.9984808
4636.7000 0.98409182
4637.6000 0.97189611
4638.5000 0.97106332
4639.4000 0.97472346
4640.3000 0.99143732
4641.2000 1.01652014
4642.1000 1.02630949
4643.0000 1.0186758
4643.9000 1.01161647
4644.8000 1.00328827
4645.7000 0.97800434
4646.6000 0.95449477
4647.5000 0.95330155
4648.4000 0.96940058
4649.3000 0.99027395
4650.2000 1.00066435
4651.1000 0.9952265
4652.0000 0.99325442
4652.9000 0.99721825
4653.8000 0.97677702
4654.7000 0.95149291
4655.6000 0.95007962
4656.5000 0.95878273
4657.4000 0.98492575
4658.3000 1.02205145
4659.2000 1.04245389
4660.1000 1.04136705
4661.0000 1.03154528
4661.9000 1.0166539
4662.8000 0.99818748
4663.7000 0.99453849
4664.6000 1.00135136
4665.5000 0.9868241
4666.4000 0.93249506
4667.3000 0.87790209
4668.2000 0.88215178
4669.1000 0.93060827
4670.0000 0.97486728
4670.9000 0.99974543
4671.8000 1.00465417
4672.7000 0.99572164
4673.6000 0.98852414
4674.5000 0.99296492
4675.4000 1.01045978
4676.3000 1.02591443
4677.2000 1.01950991
4678.1000 0.99391192
4679.0000 0.97321844
4679.9000 0.96382087
4680.8000 0.95920682
4681.7000 0.96025622
4682.6000 0.9754411
4683.5000 0.99851799
4684.4000 1.00840449
4685.3000 1.00659847
4686.2000 1.00666809
4687.1000 1.00500321
4688.0000 1.00527334
4688.9000 1.00816333
4689.8000 0.99978769
4690.7000 0.98223889
4691.6000 0.98264343
4692.5000 1.00246668
4693.4000 1.01585221
4694.3000 1.02134538
4695.2000 1.03179991
4696.1000 1.03745329
4697.0000 1.02064621
4697.9000 0.98774385
4698.8000 0.96652144
4699.7000 0.97505921
4700.6000 0.98159516
4701.5000 0.96283108
4702.4000 0.92970657
4703.3000 0.92354417
4704.2000 0.96149063
4705.1000 0.9957931
4706.0000 0.99340475
4706.9000 0.96662647
4707.8000 0.94402814
4708.7000 0.93859452
4709.6000 0.94595861
4710.5000 0.97426236
4711.4000 1.01030159
4712.3000 1.02299988
4713.2000 1.00986373
4714.1000 0.98210031
4715.0000 0.97235441
4715.9000 0.9978385
4716.8000 1.02701175
4717.7000 1.03623343
4718.6000 1.0374099
4719.5000 1.04195189
4720.4000 1.03752089
4721.3000 1.02428889
4722.2000 1.01696491
4723.1000 1.02287626
4724.0000 1.03858507
4724.9000 1.04916883
4725.8000 1.04016101
4726.7000 1.0065645
4727.6000 0.97349304
4728.5000 0.96767557
4729.4000 0.97800791
4730.3000 0.98435998
4731.2000 0.98786956
4732.1000 0.99416459
4733.0000 0.99953735
4733.9000 1.00799227
4734.8000 1.0144186
4735.7000 1.00254071
4736.6000 0.98325467
4737.5000 0.99457347
4738.4000 1.0201149
4739.3000 1.02422571
4740.2000 1.01085865
4741.1000 1.00261331
4742.0000 1.01534975
4742.9000 1.03574038
4743.8000 1.0400331
4744.7000 1.03081822
4745.6000 1.02610099
4746.5000 1.03146636
4747.4000 1.03714848
4748.3000 1.03839636
4749.2000 1.03987205
4750.1000 1.04034328
4751.0000 1.03637302
4751.9000 1.02682555
4752.8000 1.01726031
4753.7000 1.00909638
4754.6000 1.00204873
4755.5000 0.99805301
4756.4000 0.99420649
4757.3000 0.99657983
4758.2000 1.00910258
4759.1000 1.02328873
4760.0000 1.02962577
4760.9000 1.01596785
4761.8000 0.98696625
4762.7000 0.96623129
4763.6000 0.96308959
4764.5000 0.96617377
4765.4000 0.96930736
4766.3000 0.97607082
4767.2000 0.99166256
4768.1000 1.01220465
4769.0000 1.0307368
4769.9000 1.03938544
4770.8000 1.02604401
4771.7000 1.00462723
4772.6000 1.00281394
4773.5000 1.02476025
4774.4000 1.04741931
4775.3000 1.04999232
4776.2000 1.04682994
4777.1000 1.05218208
4778.0000 1.05107689
4778.9000 1.03668249
4779.8000 1.02649415
4780.7000 1.03090584
4781.6000 1.03527915
4782.5000 1.02195334
4783.4000 1.01111329
4784.3000 1.02198839
4785.2000 1.02261019
4786.1000 0.99874228
4787.0000 0.98973089
4787.9000 0.99796218
4788.8000 0.99196142
4789.7000 0.99010229
4790.6000 1.00833595
4791.5000 1.01989913
4792.4000 1.02479601
4793.3000 1.03981459
4794.2000 1.05998456
4795.1000 1.069381
4796.0000 1.06389868
4796.9000 1.04836214
4797.8000 1.02536392
4798.7000 1.00500286
4799.6000 1.00136077
4800.5000 1.01594841
4801.4000 1.03650224
4802.3000 1.04612625
4803.2000 1.04028094
4804.1000 1.02583838
4805.0000 1.01507676
4805.9000 1.01587248
4806.8000 1.01637244
4807.7000 1.01450253
4808.6000 1.018291
4809.5000 1.02400374
4810.4000 1.02898455
4811.3000 1.03473067
4812.2000 1.03855312
4813.1000 1.04096568
4814.0000 1.04388535
4814.9000 1.04775202
4815.8000 1.05534995
4816.7000 1.05956233
4817.6000 1.05684507
4818.5000 1.05516267
4819.4000 1.05424225
4820.3000 1.04957342
4821.2000 1.04522276
4822.1000 1.02985013
4823.0000 0.99881476
4823.9000 0.98789185
4824.8000 1.01029146
4825.7000 1.03927755
4826.6000 1.049793
4827.5000 1.03966928
4828.4000 1.0246743
4829.3000 1.02054751
4830.2000 1.02321541
4831.1000 1.01576936
4832.0000 1.00621307
4832.9000 1.01367283
4833.8000 1.02930629
4834.7000 1.03585339
4835.6000 1.03681338
4836.5000 1.03999996
4837.4000 1.03657913
4838.3000 1.01670551
4839.2000 0.99067956
4840.1000 0.97878551
4841.0000 0.98885041
4841.9000 1.00507116
4842.8000 1.00940967
4843.7000 1.01603222
4844.6000 1.03032064
4845.5000 1.04077089
4846.4000 1.0424459
4847.3000 1.03052902
4848.2000 1.01597846
4849.1000 1.0177635
4850.0000 1.03378093
4850.9000 1.03871727
4851.8000 1.03209877
4852.7000 1.0302453
4853.6000 1.0197823
4854.5000 0.982207
4855.4000 0.95223147
4856.3000 0.96366137
4857.2000 0.9892242
4858.1000 0.9832564
4859.0000 0.92080665
4859.9000 0.80590808
4860.8000 0.69904768
4861.7000 0.70838475
4862.6000 0.82259268
4863.5000 0.91898865
4864.4000 0.95964962
4865.3000 0.97696853
4866.2000 0.99072587
4867.1000 1.00027037
4868.0000 1.00475776
4868.9000 1.00600708
4869.8000 0.98081779
4870.7000 0.92945844
4871.6000 0.90223229
4872.5000 0.93116152
4873.4000 0.97679961
4874.3000 0.99738419
4875.2000 0.9992972
4876.1000 1.0003072
4877.0000 0.99628079
4877.9000 0.9932096
4878.8000 1.0178231
4879.7000 1.04322636
4880.6000 1.02755928
4881.5000 0.99926341
4882.4000 0.99979335
4883.3000 1.01128066
4884.2000 1.00196981
4885.1000 0.98104292
4886.0000 0.97097957
4886.9000 0.97660625
4887.8000 0.98385334
4888.7000 0.97834069
4889.6000 0.95758051
4890.5000 0.92357069
4891.4000 0.9213208
4892.3000 0.977965
4893.2000 1.03923583
4894.1000 1.07049716
4895.0000 1.07988608
4895.9000 1.0785749
4896.8000 1.07590806
4897.7000 1.07220912
4898.6000 1.05683506
4899.5000 1.03110492
4900.4000 1.0263325
4901.3000 1.0419023
4902.2000 1.03624082
4903.1000 1.01290262
4904.0000 1.00679564
4904.9000 1.02792084
4905.8000 1.05496371
4906.7000 1.0627414
4907.6000 1.04927361
4908.5000 1.0224824
4909.4000 0.9868024
4910.3000 0.96446955
4911.2000 0.97741532
4912.1000 1.00498021
4913.0000 1.0192908
4913.9000 1.03191197
4914.8000 1.05323708
4915.7000 1.06323636
4916.6000 1.04575396
4917.5000 0.99749762
4918.4000 0.9387573
4919.3000 0.89453059
4920.2000 0.88216633
4921.1000 0.91483712
4922.0000 0.97086275
4922.9000 0.99996531
4923.8000 0.98702538
4924.7000 0.98476076
4925.6000 1.01537907
4926.5000 1.04052365
4927.4000 1.04424274
4928.3000 1.04885364
4929.2000 1.05648792
4930.1000 1.0582248
4931.0000 1.06057751
4931.9000 1.05143273
4932.8000 1.00277829
4933.7000 0.9623372
4934.6000 0.98637372
4935.5000 1.0245961
4936.4000 1.02179849
4937.3000 0.9870649
4938.2000 0.94831234
4939.1000 0.94302684
4940.0000 0.98859763
4940.9000 1.03782809
4941.8000 1.05134749
4942.7000 1.05734503
4943.6000 1.06799388
4944.5000 1.06090152
4945.4000 1.040223
4946.3000 1.03488612
4947.2000 1.05412972
4948.1000 1.07188022
4949.0000 1.06995296
4949.9000 1.06355739
4950.8000 1.06864262
4951.7000 1.07058525
4952.6000 1.06095254
4953.5000 1.05661368
4954.4000 1.05935097
4955.3000 1.04525054
4956.2000 0.97935104
4957.1000 0.89740098
4958.0000 0.91197675
4958.9000 1.004336
4959.8000 1.06502628
4960.7000 1.0761025
4961.6000 1.07052803
4962.5000 1.06748188
4963.4000 1.06928194
4964.3000 1.05584085
4965.2000 1.03238356
4966.1000 1.02478683
4967.0000 1.02635491
4967.9000 1.02410746
4968.8000 1.02210855
4969.7000 1.02204251
4970.6000 1.02914739
4971.5000 1.04468739
4972.4000 1.0529089
4973.3000 1.05760598
4974.2000 1.06434774
4975.1000 1.06384242
4976.0000 1.05300272
4976.9000 1.04087543
4977.8000 1.02894986
4978.7000 1.02203727
4979.6000 1.01585209
4980.5000 0.99755198
4981.4000 0.96338332
4982.3000 0.92644292
4983.2000 0.91505426
4984.1000 0.93650383
4985.0000 0.96121103
4985.9000 0.99408871
4986.8000 1.03173244
4987.7000 1.04225075
4988.6000 1.02972019
4989.5000 1.01794434
4990.4000 1.00410593
4991.3000 1.00172269
4992.2000 1.02256572
4993.1000 1.02517939
4994.0000 1.01859641
4994.9000 1.03125298
4995.8000 1.04109681
4996.7000 1.03439391
4997.6000 1.02519226
4998.5000 1.01038408
4999.4000 0.99068201
5000.3000 0.98143077
5001.2000 0.98187912
5002.1000 0.98880047
5003.0000 1.00466502
5003.9000 1.0069201
5004.8000 0.97586685
5005.7000 0.9359867
5006.6000 0.93477696
5007.5000 0.97600633
5008.4000 1.01760209
5009.3000 1.02679682
5010.2000 1.01093256
5011.1000 0.97966361
5012.0000 0.94331759
5012.9000 0.91888297
5013.8000 0.90932822
5014.7000 0.9263854
5015.6000 0.95841199
5016.5000 0.97034317
5017.4000 0.95839947
5018.3000 0.95613658
5019.2000 0.97933859
5020.1000 1.00099075
5021.0000 0.99536663
5021.9000 0.97817671
5022.8000 0.98021132
5023.7000 0.9971596
5024.6000 1.00280988
5025.5000 0.99857056
5026.4000 0.98823684
5027.3000 0.97590595
5028.2000 0.98742568
5029.1000 1.01531422
5030.0000 1.02702582
5030.9000 1.02924895
5031.8000 1.04222202
5032.7000 1.05999446
5033.6000 1.05832255
5034.5000 1.01947057
5035.4000 0.97101992
5036.3000 0.96262097
5037.2000 0.98546904
5038.1000 0.98187745
5039.0000 0.94742173
5039.9000 0.8999449
5040.8000 0.85953158
5041.7000 0.8828612
5042.6000 0.95577437
5043.5000 1.00511801
5044.4000 1.0277971
5045.3000 1.04861176
5046.2000 1.05806983
5047.1000 1.04121494
5048.0000 1.00490427
5048.9000 0.9761188
5049.8000 0.97006959
5050.7000 0.9770329
5051.6000 0.98923135
5052.5000 1.01194584
5053.4000 1.03685904
5054.3000 1.05137062
5055.2000 1.05399549
5056.1000 1.05025446
5057.0000 1.04982924
5057.9000 1.05275714
5058.8000 1.04627872
5059.7000 1.03792906
5060.6000 1.04067457
5061.5000 1.04975426
5062.4000 1.05173898
5063.3000 1.02607036
5064.2000 0.97970957
5065.1000 0.96044338
5066.0000 0.98403752
5066.9000 1.00345802
5067.8000 0.9998225
5068.7000 1.00060773
5069.6000 1.01972437
5070.5000 1.02620709
5071.4000 1.00281894
5072.3000 0.98651636
5073.2000 0.99859565
5074.1000 1.01066291
5075.0000 1.01145959
5075.9000 1.01370561
5076.8000 1.01990116
5077.7000 1.00726247
5078.6000 0.95486641
5079.5000 0.90984279
5080.4000 0.92075139
5081.3000 0.95891899
5082.2000 0.97536314
5083.1000 0.97287214
5084.0000 0.98651761
5084.9000 1.01581585
5085.8000 1.0286206
5086.7000 1.02027369
5087.6000 1.0132494
5088.5000 1.01816881
5089.4000 1.02286363
5090.3000 1.02000082
5091.2000 1.02227855
5092.1000 1.035182
5093.0000 1.04631722
5093.9000 1.04684699
5094.8000 1.03601182
5095.7000 1.01575017
5096.6000 0.98843437
5097.5000 0.95488322
5098.4000 0.92634618
5099.3000 0.93258834
5100.2000 0.97955632
5101.1000 1.02161086
5102.0000 1.03137648
5102.9000 1.02052844
5103.8000 1.00460172
5104.7000 0.99663001
5105.6000 0.99181008
5106.5000 0.97358727
5107.4000 0.95578676
5108.3000 0.96378827
5109.2000 0.97219968
5110.1000 0.97092777
5111.0000 0.98841006
5111.9000 1.01349783
5112.8000 1.02476668
5113.7000 1.02548003
5114.6000 1.02180469
5115.5000 1.02289689
5116.4000 1.03657615
5117.3000 1.05057037
5118.2000 1.05242753
5119.1000 1.04321671
5120.0000 1.0286094
5120.9000 1.01599503
5121.8000 1.00297987
5122.7000 0.98225826
5123.6000 0.95990521
5124.5000 0.95425153
5125.4000 0.9628489
5126.3000 0.97180766
5127.2000 0.9761669
5128.1000 0.97561324
5129.0000 0.97139454
5129.9000 0.97556883
5130.8000 0.98945802
5131.7000 1.00162065
5132.6000 1.00310123
5133.5000 0.99931091
5134.4000 1.01148832
5135.3000 1.02027917
5136.2000 0.99841249
5137.1000 0.96761531
5138.0000 0.94397241
5138.9000 0.92990798
5139.8000 0.94794703
5140.7000 0.96990657
5141.6000 0.95095342
5142.5000 0.93043852
5143.4000 0.95354068
5144.3000 0.98373061
5145.2000 0.98148471
5146.1000 0.96585929
5147.0000 0.95787472
5147.9000 0.96539146
5148.8000 0.98194629
5149.7000 0.9825573
5150.6000 0.96329969
5151.5000 0.95198762
5152.4000 0.95803648
5153.3000 0.96364021
5154.2000 0.97017241
5155.1000 0.98585242
5156.0000 1.00310636
5156.9000 1.02139282
5157.8000 1.03124714
5158.7000 1.02789187
5159.6000 1.02800918
5160.5000 1.02912939
5161.4000 1.01330805
5162.3000 0.99615419
5163.2000 0.99428654
5164.1000 0.980111
5165.0000 0.9240939
5165.9000 0.82390428
5166.8000 0.72852999
5167.7000 0.71963584
5168.6000 0.79917675
5169.5000 0.88438815
5170.4000 0.88171864
5171.3000 0.76752883
5172.2000 0.66113818
5173.1000 0.69853812
5174.0000 0.84507167
5174.9000 0.96372074
5175.8000 1.0035758
5176.7000 1.00987482
5177.6000 1.01513827
5178.5000 1.016837
5179.4000 1.0070591
5180.3000 0.98165822
5181.2000 0.91969132
5182.1000 0.79111058
5183.0000 0.65657097
5183.9000 0.65650618
5184.8000 0.79241914
5185.7000 0.92698228
5186.6000 0.98584318
5187.5000 0.98231268
5188.4000 0.96999997
5189.3000 0.98766035
5190.2000 0.9916352
5191.1000 0.9483251
5192.0000 0.91373813
5192.9000 0.93487805
5193.8000 0.96557164
5194.7000 0.96562529
5195.6000 0.96567631
5196.5000 0.97980249
5197.4000 0.9909206
5198.3000 1.0019995
5199.2000 1.019593
5200.1000 1.02904129
5201.0000 1.01977921
5201.9000 1.00519502
5202.8000 0.99753296
5203.7000 0.97591883
5204.6000 0.93759662
5205.5000 0.92261165
5206.4000 0.93820047
5207.3000 0.93688142
5208.2000 0.91929746
5209.1000 0.93128347
5210.0000 0.9649725
5210.9000 1.00017631
5211.8000 1.03196704
5212.7000 1.05089796
5213.6000 1.04429257
5214.5000 1.01490462
5215.4000 0.98440349
5216.3000 0.97299904
5217.2000 0.98620033
5218.1000 1.01459754
5219.0000 1.03893757
5219.9000 1.04971802
5220.8000 1.05232108
5221.7000 1.0503577
5222.6000 1.03848112
5223.5000 1.01157606
5224.4000 0.97360551
5225.3000 0.92345613
5226.2000 0.87533814
5227.1000 0.88215208
5228.0000 0.9456619
5228.9000 0.99569446
5229.8000 1.01354539
5230.7000 1.02000141
5231.6000 1.00028861
5232.5000 0.966896
5233.4000 0.96233803
5234.3000 0.97847277
5235.2000 0.99794179
5236.1000 1.02094436
5237.0000 1.03832471
5237.9000 1.04018462
5238.8000 1.03559244
5239.7000 1.03702128
5240.6000 1.04195201
5241.5000 1.03696787
5242.4000 1.0255692
5243.3000 1.03017056
5244.2000 1.04933977
5245.1000 1.04930651
5246.0000 1.01785827
5246.9000 0.98981857
5247.8000 0.99440807
5248.7000 1.00568402
5249.6000 0.99181455
5250.5000 0.98037386
5251.4000 0.99513042
5252.3000 1.01062405
5253.2000 1.00766635
5254.1000 0.99445575
5255.0000 0.99350083
5255.9000 1.01610374
5256.8000 1.03983712
5257.7000 1.04945624
5258.6000 1.05061531
5259.5000 1.0412128
5260.4000 1.00950289
5261.3000 0.96273541
5262.2000 0.92555147
5263.1000 0.90627909
5264.0000 0.89325923
5264.9000 0.87843388
5265.8000 0.88252318
5266.7000 0.92473787
5267.6000 0.94613034
5268.5000 0.88697124
5269.4000 0.82210755
5270.3000 0.85484171
5271.2000 0.94231325
5272.1000 0.98152947
5273.0000 0.97724211
5273.9000 0.97450989
5274.8000 0.9695667
5275.7000 0.97442651
5276.6000 1.00795949
5277.5000 1.0450381
5278.4000 1.05984044
5279.3000 1.04897034
5280.2000 1.02332258
5281.1000 0.99725652
5282.0000 0.97587019
5282.9000 0.96207511
5283.8000 0.97250229
5284.7000 1.01341558
5285.6000 1.05416524
5286.5000 1.06700981
5287.4000 1.05713785
5288.3000 1.04962647
5289.2000 1.05781329
5290.1000 1.06703615
5291.0000 1.0661521
5291.9000 1.05976868
5292.8000 1.05372691
5293.7000 1.05045831
5294.6000 1.04375672
5295.5000 1.02205038
5296.4000 0.98064405
5297.3000 0.94410861
5298.2000 0.95040506
5299.1000 0.9912715
5300.0000 1.01822054
5300.9000 1.01511157
5301.8000 1.0089922
5302.7000 1.02444458
5303.6000 1.05014896
5304.5000 1.06142545
5305.4000 1.05607116
5306.3000 1.04056823
5307.2000 1.0322988
5308.1000 1.04098344
5309.0000 1.05559731
5309.9000 1.06469834
5310.8000 1.06531954
5311.7000 1.06039238
5312.6000 1.05387092
5313.5000 1.05034745
5314.4000 1.04564321
5315.3000 1.02981007
5316.2000 1.01343036
5317.1000 1.0190841
5318.0000 1.03858483
5318.9000 1.0482372
5319.8000 1.04536021
5320.7000 1.03722334
5321.6000 1.02843869
5322.5000 1.0110749
5323.4000 0.98365086
5324.3000 0.97746199
5325.2000 0.99833322
5326.1000 0.99075955
5327.0000 0.91630602
5327.9000 0.84987628
5328.8000 0.87785566
5329.7000 0.96038961
5330.6000 1.01521325
5331.5000 1.01830602
5332.4000 1.0046562
5333.3000 1.01382613
5334.2000 1.03573024
5335.1000 1.04173529
5336.0000 1.0307864
5336.9000 1.02476788
5337.8000 1.02671766
5338.7000 1.00963402
5339.6000 0.97175539
5340.5000 0.95554227
5341.4000 0.98092419
5342.3000 1.01464987
5343.2000 1.03255332
5344.1000 1.03112972
5345.0000 1.01360476
5345.9000 1.00566065
5346.8000 1.01144385
5347.7000 1.00584722
5348.6000 0.99011469
5349.5000 0.99411696
5350.4000 1.02090108
5351.3000 1.0426898
5352.2000 1.04157007
5353.1000 1.03391063
5354.0000 1.04160416
5354.9000 1.05710495
5355.8000 1.06544542
5356.7000 1.06923223
5357.6000 1.06982839
5358.5000 1.06637692
5359.4000 1.0648886
5360.3000 1.05804598
5361.2000 1.04138243
5362.1000 1.02773845
5363.0000 1.02088642
5363.9000 1.01011205
5364.8000 1.00019991
5365.7000 1.00391555
5366.6000 1.00906682
5367.5000 1.00976765
5368.4000 1.00219786
5369.3000 0.97414756
5370.2000 0.93729985
5371.1000 0.92792624
5372.0000 0.96625537
5372.9000 1.01589489
5373.8000 1.04345787
5374.7000 1.05517292
5375.6000 1.05948448
5376.5000 1.05599594
5377.4000 1.05138242
5378.3000 1.04647648
5379.2000 1.03350091
5380.1000 1.01999056
5381.0000 1.01735818
5381.9000 1.01532352
5382.8000 1.00731289
5383.7000 1.01549399
5384.6000 1.0370816
5385.5000 1.04795814
5386.4000 1.04702914
5387.3000 1.04393291
5388.2000 1.03480804
5389.1000 1.02287388
5390.0000 1.01752901
5390.9000 1.01256716
5391.8000 1.001158
5392.7000 0.99272716
5393.6000 0.99520797
5394.5000 1.0029856
5395.4000 0.99157077
5396.3000 0.95990413
5397.2000 0.95073277
5398.1000 0.98246557
5399.0000 1.01236308
5399.9000 1.01644874
5400.8000 1.01975465
5401.7000 1.02663326
5402.6000 1.00743508
5403.5000 0.96407938
5404.4000 0.92858547
5405.3000 0.92257422
5406.2000 0.95387697
5407.1000 0.99622738
5408.0000 1.00605798
5408.9000 0.97790128
5409.8000 0.95642161
5410.7000 0.97591001
5411.6000 1.01419199
5412.5000 1.0352025
5413.4000 1.03046465
5414.3000 1.01177621
5415.2000 1.00784898
5416.1000 1.02498257
5417.0000 1.03500295
5417.9000 1.02988446
5418.8000 1.02378583
5419.7000 1.02100945
5420.6000 1.02439082
5421.5000 1.0332464
5422.4000 1.02660668
5423.3000 0.99774367
5424.2000 0.98683476
5425.1000 1.01305151
5426.0000 1.04361427
5426.9000 1.05202591
5427.8000 1.02554762
5428.7000 0.973759
5429.6000 0.95615482
5430.5000 0.99248916
5431.4000 1.02120614
5432.3000 1.01025772
5433.2000 0.98338264
5434.1000 0.96758389
5435.0000 0.97499144
5435.9000 0.99561596
5436.8000 1.02128792
5437.7000 1.04523146
5438.6000 1.05701363
5439.5000 1.060197
5440.4000 1.06176269
5441.3000 1.05949581
5442.2000 1.05747831
5443.1000 1.05086982
5444.0000 1.02907407
5444.9000 0.9921717
5445.8000 0.950293
5446.7000 0.94444084
5447.6000 0.9873879
5448.5000 1.03238916
5449.4000 1.05299997
5450.3000 1.05578232
5451.2000 1.05479157
5452.1000 1.05100131
5453.0000 1.0350436
5453.9000 0.99790359
5454.8000 0.95555222
5455.7000 0.95697474
5456.6000 1.00227487
5457.5000 1.04046512
5458.4000 1.0528754
5459.3000 1.04853761
5460.2000 1.03893888
5461.1000 1.02277005
5462.0000 0.99523354
5462.9000 0.98366755
5463.8000 1.00316489
5464.7000 1.02464128
5465.6000 1.02490687
5466.5000 1.02141023
5467.4000 1.03018737
5468.3000 1.03852272
5469.2000 1.03792381
5470.1000 1.03594291
5471.0000 1.03518319
5471.9000 1.02720737
5472.8000 1.0115062
5473.7000 1.0024271
5474.6000 0.9931168
5475.5000 0.96001548
5476.4000 0.93617868
5477.3000 0.96171373
5478.2000 1.00848913
5479.1000 1.02594805
5480.0000 1.0070945
5480.9000 0.98723668
5481.8000 0.98769712
5482.7000 0.99974304
5483.6000 1.01813567
5484.5000 1.03373015
5485.4000 1.03544879
5486.3000 1.01845407
5487.2000 1.00347733
5488.1000 1.00516677
5489.0000 1.0127188
5489.9000 1.01703429
5490.8000 1.02333689
5491.7000 1.02800441
5492.6000 1.02338862
5493.5000 1.02101731
5494.4000 1.02815616
5495.3000 1.02979696
5496.2000 1.01336038
5497.1000 0.99952596
5498.0000 1.01228321
5498.9000 1.03092802
5499.8000 1.02552593
5500.7000 1.00563443
5501.6000 0.99820244
5502.5000 1.00633407
5503.4000 1.01802599
5504.3000 1.02164626
5505.2000 1.00589597
5506.1000 0.98944193
5507.0000 1.00158739
5507.9000 1.02342725
5508.8000 1.02613294
5509.7000 1.01786315
5510.6000 1.00843191
5511.5000 0.9889822
5512.4000 0.97264224
5513.3000 0.97482914
5514.2000 0.99177021
5515.1000 1.01316714
5516.0000 1.02708244
5516.9000 1.03552258
5517.8000 1.04183042
5518.7000 1.04244649
5519.6000 1.04043102
5520.5000 1.03804088
5521.4000 1.03469431
5522.3000 1.03446484
5523.2000 1.03797293
5524.1000 1.03538394
5525.0000 1.02096069
5525.9000 0.99622548
5526.8000 0.9636398
5527.7000 0.94126421
5528.6000 0.95720625
5529.5000 0.99748546
5530.4000 1.02620077
5531.3000 1.03183293
5532.2000 1.02675939
5533.1000 1.02046692
5534.0000 1.00931227
5534.9000 1.00250053
5535.8000 1.01416159
5536.7000 1.03020501
5537.6000 1.03272903
5538.5000 1.03222013
5539.4000 1.0375843
5540.3000 1.04180217
5541.2000 1.03825164
5542.1000 1.02585459
5543.0000 1.01407206
5543.9000 1.01458824
5544.8000 1.02176929
5545.7000 1.02458608
5546.6000 1.02786326
5547.5000 1.03404331
5548.4000 1.03972363
5549.3000 1.04338801
5550.2000 1.04617441
5551.1000 1.04400849
5552.0000 1.03540087
5552.9000 1.0197655
5553.8000 1.00431824
5554.7000 1.00424337
5555.6000 1.016572
5556.5000 1.0243082
5557.4000 1.02264202
5558.3000 1.01857293
5559.2000 1.01518166
5560.1000 1.01549459
5561.0000 1.01517212
5561.9000 1.01236439
5562.8000 0.99981248
5563.7000 0.99203545
5564.6000 0.99985325
5565.5000 1.00327015
5566.4000 0.99600035
5567.3000 0.99983597
5568.2000 0.99953866
5569.1000 0.98507673
5570.0000 0.99117261
5570.9000 1.01450753
5571.8000 1.00725567
5572.7000 0.98523527
5573.6000 0.99159652
5574.5000 1.00699556
5575.4000 1.00332034
5576.3000 1.00179493
5577.2000 1.01807296
5578.1000 1.02715027
5579.0000 1.02692485
5579.9000 1.02925873
5580.8000 1.0228008
5581.7000 1.01298547
5582.6000 1.01314163
5583.5000 1.01918912
5584.4000 1.01555526
5585.3000 0.99402392
5586.2000 0.9604969
5587.1000 0.93014526
5588.0000 0.92702043
5588.9000 0.94276029
5589.8000 0.95910829
5590.7000 0.98000646
5591.6000 0.9945091
5592.5000 0.99635392
5593.4000 0.98923182
5594.3000 0.97851747
5595.2000 0.99416268
5596.1000 1.01878631
5597.0000 1.01161218
5597.9000 0.99026173
5598.8000 0.98673582
5599.7000 0.98857135
5600.6000 0.97287029
5601.5000 0.95219541
5602.4000 0.94164407
5603.3000 0.95554233
5604.2000 0.99495095
5605.1000 1.03246057
5606.0000 1.05472457
5606.9000 1.05412066
5607.8000 1.03870189
5608.7000 1.03349924
5609.6000 1.03719664
5610.5000 1.04083979
5611.4000 1.04114974
5612.3000 1.03410709
5613.2000 1.01713479
5614.1000 0.98109287
5615.0000 0.94096035
5615.9000 0.93475127
5616.8000 0.97334784
5617.7000 1.01061702
5618.6000 1.02021825
5619.5000 1.01730788
5620.4000 1.01578546
5621.3000 1.01554036
5622.2000 1.01266265
5623.1000 0.99750769
5624.0000 0.97668666
5624.9000 0.9769122
5625.8000 0.99943793
5626.7000 1.01756775
5627.6000 1.02162421
5628.5000 1.02383256
5629.4000 1.02674913
5630.3000 1.02591002
5631.2000 1.02136207
5632.1000 1.01835632
5633.0000 1.01595163
5633.9000 1.01086485
5634.8000 1.01066887
5635.7000 1.00820243
5636.6000 0.99724293
5637.5000 0.9944855
5638.4000 1.00269413
5639.3000 1.01220298
5640.2000 1.00927198
5641.1000 1.0010134
5642.0000 1.00500262
5642.9000 1.01114702
5643.8000 1.00712943
5644.7000 1.00837243
5645.6000 1.01574707
5646.5000 1.01462984
5647.4000 1.01332009
5648.3000 1.01389992
5649.2000 1.01171494
5650.1000 1.0114994
5651.0000 1.01499236
5651.9000 1.01671195
5652.8000 1.02067661
5653.7000 1.02055383
5654.6000 1.00825858
5655.5000 1.00280952
5656.4000 0.99853027
5657.3000 0.96636564
5658.2000 0.93336433
5659.1000 0.94808364
5660.0000 0.98953706
5660.9000 1.00521111
5661.8000 0.99011332
5662.7000 0.9784621
5663.6000 0.9875555
5664.5000 1.00608218
5665.4000 1.01765144
5666.3000 1.01350617
5667.2000 1.00364554
5668.1000 0.99454099
5669.0000 0.99214584
5669.9000 0.99369115
5670.8000 0.99876696
5671.7000 1.01513088
5672.6000 1.028561
5673.5000 1.03022397
5674.4000 1.02115202
5675.3000 1.01123261
5676.2000 1.01320767
5677.1000 1.0182184
5678.0000 1.01706123
5678.9000 1.01656651
5679.8000 1.02157354
5680.7000 1.02292728
5681.6000 1.0084542
5682.5000 0.99056721
5683.4000 0.98331946
5684.3000 0.98751867
5685.2000 0.99554384
5686.1000 0.99312156
5687.0000 0.98596412
5687.9000 0.97887397
5688.8000 0.97572619
5689.7000 0.98669606
5690.6000 1.00295556
5691.5000 1.00971651
5692.4000 1.01423931
5693.3000 1.01290572
5694.2000 1.00833082
5695.1000 1.00635707
5696.0000 1.00950956
5696.9000 1.01235557
5697.8000 1.0102129
5698.7000 1.00456572
5699.6000 0.99537247
5700.5000 0.98542929
5701.4000 0.98258543
5702.3000 0.98352087
5703.2000 0.98783284
5704.1000 0.99340558
5705.0000 0.98772156
5705.9000 0.97384232
5706.8000 0.96816033
5707.7000 0.96162111
5708.6000 0.94034255
5709.5000 0.926
5710.4000 0.92909449
5711.3000 0.93960881
5712.2000 0.95901358
5713.1000 0.98011255
5714.0000 0.99519193
5714.9000 1.00245559
5715.8000 1.00373697
5716.7000 1.00311005
5717.6000 0.99698925
5718.5000 0.99613887
5719.4000 1.00876284
5720.3000 1.01951194
5721.2000 1.02031744
5722.1000 1.01902568
5723.0000 1.01853776
5723.9000 1.01642013
5724.8000 1.0175209
5725.7000 1.02035403
5726.6000 1.01171517
5727.5000 1.00972426
5728.4000 1.01407087
5729.3000 1.02040589
5730.2000 1.02021432
5731.1000 1.01051593
5732.0000 1.01018643
5732.9000 1.01876676
5733.8000 1.0237689
5734.7000 1.02570522
5735.6000 1.02505589
5736.5000 1.02364993
5737.4000 1.01962388
5738.3000 1.02251709
5739.2000 1.0224216
5740.1000 1.0161109
5741.0000 1.01570833
5741.9000 1.02190244
5742.8000 1.02106619
5743.7000 1.02285731
5744.6000 1.03035045
5745.5000 1.03151143
5746.4000 1.02037585
5747.3000 1.00793016
5748.2000 1.00440526
5749.1000 1.01145065
5750.0000 1.01802611
5750.9000 1.01066005
5751.8000 0.99623126
5752.7000 0.98220581
5753.6000 0.97275239
5754.5000 0.97476703
5755.4000 0.98796189
5756.3000 1.00126517
5757.2000 1.01675951
5758.1000 1.02321589
5759.0000 1.02397013
5759.9000 1.01929879
5760.8000 1.00346041
5761.7000 0.98694849
5762.6000 0.97861463
5763.5000 0.98566496
5764.4000 1.00128365
5765.3000 1.00958145
5766.2000 1.01817203
5767.1000 1.02357602
5768.0000 1.020854
5768.9000 1.01967335
5769.8000 1.02099645
5770.7000 1.01885998
5771.6000 1.01109982
5772.5000 1.00960493
5773.4000 1.00653005
5774.3000 0.993231
5775.2000 0.98787105
5776.1000 1.00100482
5777.0000 1.00787365
5777.9000 1.00688303
5778.8000 1.00052571
5779.7000 0.9849323
5780.6000 0.96271455
5781.5000 0.95197999
5782.4000 0.96374106
5783.3000 0.97903079
5784.2000 0.98235053
5785.1000 0.97748369
5786.0000 0.97992116
5786.9000 0.99204868
5787.8000 1.00338471
5788.7000 1.00820851
5789.6000 1.00253689
5790.5000 0.9945876
5791.4000 0.98871249
5792.3000 0.98761171
5793.2000 0.99504948
5794.1000 1.00673151
5795.0000 1.01521313
5795.9000 1.01239884
5796.8000 0.99302024
5797.7000 0.98468763
5798.6000 0.99104059
5799.5000 1.00726569
5800.4000 1.01588655
5801.3000 1.01545894
5802.2000 1.01793087
5803.1000 1.00959706
5804.0000 0.99614835
5804.9000 0.99172902
5805.8000 0.9968735
5806.7000 1.00474977
5807.6000 1.00206327
5808.5000 0.99616843
5809.4000 0.99763256
5810.3000 1.00325966
5811.2000 1.01033294
5812.1000 1.01183105
5813.0000 1.01301801
5813.9000 1.01264691
5814.8000 1.0049758
5815.7000 0.99436396
5816.6000 0.99181873
5817.5000 1.00686502
5818.4000 1.01925683
5819.3000 1.01833391
5820.2000 1.01591563
5821.1000 1.01420844
5822.0000 1.0152669
5822.9000 1.01744699
5823.8000 1.01587546
5824.7000 1.015535
5825.6000 1.01555252
5826.5000 1.01168251
5827.4000 1.00610495
5828.3000 1.00746727
5829.2000 1.01417148
5830.1000 1.01159
5831.0000 1.00689709
5831.9000 1.01208448
5832.8000 1.01600373
5833.7000 1.01267743
5834.6000 1.00995779
5835.5000 1.01118207
5836.4000 1.01462162
5837.3000 1.01408267
5838.2000 1.00858378
5839.1000 1.00618267
5840.0000 1.01148188
5840.9000 1.01931298
5841.8000 1.02037537
5842.7000 1.0125283
5843.6000 1.00629354
5844.5000 1.00578165
5845.4000 1.00452888
5846.3000 1.00205815
5847.2000 0.99867475
5848.1000 0.99770552
5849.0000 1.00400829
5849.9000 1.00547695
5850.8000 1.00266171
5851.7000 0.99186605
5852.6000 0.97707111
5853.5000 0.97423971
5854.4000 0.98826772
5855.3000 0.99502885
5856.2000 0.98045802
5857.1000 0.9578203
5858.0000 0.95191127
5858.9000 0.96704477
5859.8000 0.9788729
5860.7000 0.9867031
5861.6000 0.98655748
5862.5000 0.98070318
5863.4000 0.98884559
5864.3000 1.00019157
5865.2000 0.99629283
5866.1000 0.98294944
5867.0000 0.97620505
5867.9000 0.98215222
5868.8000 0.99493641
5869.7000 1.00715566
5870.6000 1.01455736
5871.5000 1.01518285
5872.4000 1.01098764
5873.3000 1.00508928
5874.2000 0.99989736
5875.1000 0.99887562
5876.0000 1.00561559
5876.9000 1.00793779
5877.8000 1.00182652
5878.7000 0.99625552
5879.6000 0.99421108
5880.5000 0.98882365
5881.4000 0.98851734
5882.3000 0.99204564
5883.2000 0.98961705
5884.1000 0.9887259
5885.0000 0.99637032
5885.9000 1.00548649
5886.8000 1.00190055
5887.7000 0.96589851
5888.6000 0.88588977
5889.5000 0.8038072
5890.4000 0.80713755
5891.3000 0.88762838
5892.2000 0.94468594
5893.1000 0.95755827
5894.0000 0.94634718
5894.9000 0.89154756
5895.8000 0.83735639
5896.7000 0.86365837
5897.6000 0.93202639
5898.5000 0.96624601
5899.4000 0.97283709
5900.3000 0.98088807
5901.2000 0.9928028
5902.1000 0.99810576
5903.0000 0.99456322
5903.9000 0.98808479
5904.8000 0.97989148
5905.7000 0.97773653
5906.6000 0.98350543
5907.5000 0.98699409
5908.4000 0.98475301
5909.3000 0.98502886
5910.2000 0.99415207
5911.1000 1.00208116
5912.0000 0.99971718
5912.9000 0.98455542
5913.8000 0.9635095
5914.7000 0.95546126
5915.6000 0.9601956
5916.5000 0.9640404
5917.4000 0.97077531
5918.3000 0.97966081
5919.2000 0.98850614
5920.1000 0.99567747
5921.0000 0.98645234
5921.9000 0.97486502
5922.8000 0.98052335
5923.7000 0.99044973
5924.6000 0.99509227
5925.5000 1.00017738
5926.4000 0.99735224
5927.3000 0.98113739
5928.2000 0.96906483
5929.1000 0.96482372
5930.0000 0.96424592
5930.9000 0.97380996
5931.8000 0.98865223
5932.7000 0.99298799
5933.6000 0.97961599
5934.5000 0.96809572
5935.4000 0.97972494
5936.3000 0.99719363
5937.2000 1.00238895
5938.1000 1.00077236
5939.0000 0.99619377
5939.9000 0.98751527
5940.8000 0.97769397
5941.7000 0.97678858
5942.6000 0.98213297
5943.5000 0.98762035
5944.4000 0.99017513
5945.3000 0.98907155
5946.2000 0.98979068
5947.1000 0.98708469
5948.0000 0.97553831
5948.9000 0.97029275
5949.8000 0.97895068
5950.7000 0.98771673
5951.6000 0.98754138
5952.5000 0.98032701
5953.4000 0.97686058
5954.3000 0.98377013
5955.2000 0.98852223
5956.1000 0.98055089
5957.0000 0.96949255
5957.9000 0.97281951
5958.8000 0.98729646
5959.7000 0.99609983
5960.6000 0.99927843
5961.5000 0.99969882
5962.4000 0.9959113
5963.3000 0.99573773
5964.2000 0.99780923
5965.1000 0.99213159
5966.0000 0.9865135
5966.9000 0.98886836
5967.8000 0.99494201
5968.7000 1.00005066
5969.6000 0.99964947
5970.5000 0.99707496
5971.4000 0.99780357
5972.3000 1.00066233
5973.2000 1.00079453
5974.1000 0.99452853
5975.0000 0.98511213
5975.9000 0.97700262
5976.8000 0.97083557
5977.7000 0.97034431
5978.6000 0.97763014
5979.5000 0.98917502
5980.4000 0.99619973
5981.3000 0.99725324
5982.2000 0.99403167
5983.1000 0.98253405
5984.0000 0.96735275
5984.9000 0.96317929
5985.8000 0.97278893
5986.7000 0.98016882
5987.6000 0.98431921
5988.5000 0.9926551
5989.4000 0.99127173
5990.3000 0.98017526
5991.2000 0.97143811
5992.1000 0.97249955
5993.0000 0.9839834
5993.9000 0.99220163
5994.8000 0.98702592
5995.7000 0.97961181
5996.6000 0.97532785
5997.5000 0.97379446
5998.4000 0.9737429
5999.3000 0.97543091
6000.2000 0.97975916
6001.1000 0.98086059
6002.0000 0.97421783
6002.9000 0.96279114
6003.8000 0.96557558
6004.7000 0.97864681
6005.6000 0.98254019
6006.5000 0.97254509
6007.4000 0.95489591
6008.3000 0.94587266
6009.2000 0.96206069
6010.1000 0.98235923
6011.0000 0.98559654
6011.9000 0.97941661
6012.8000 0.97043854
6013.7000 0.97074622
6014.6000 0.97942865
6015.5000 0.97911346
6016.4000 0.9716202
6017.3000 0.97017896
6018.2000 0.97434032
6019.1000 0.970581
6020.0000 0.96240312
6020.9000 0.96069229
6021.8000 0.96158385
6022.7000 0.96347356
6023.6000 0.96274865
6024.5000 0.96451569
6025.4000 0.97213787
6026.3000 0.9731735
6027.2000 0.97123152
6028.1000 0.97836101
6029.0000 0.98501331
6029.9000 0.9861595
6030.8000 0.98132801
6031.7000 0.97782266
6032.6000 0.98284191
6033.5000 0.98428333
6034.4000 0.98151201
6035.3000 0.98150897
6036.2000 0.98805845
6037.1000 0.99432451
6038.0000 0.99260414
6038.9000 0.98749095
6039.8000 0.98527616
6040.7000 0.98608798
6041.6000 0.98131818
6042.5000 0.97555476
6043.4000 0.98124689
6044.3000 0.98565608
6045.2000 0.98354423
6046.1000 0.9842416
6047.0000 0.98517978
6047.9000 0.98083186
6048.8000 0.97779614
6049.7000 0.98207992
6050.6000 0.9874689
6051.5000 0.9894405
6052.4000 0.98722005
6053.3000 0.98105484
6054.2000 0.97960514
6055.1000 0.97837162
6056.0000 0.97656286
6056.9000 0.98062003
6057.8000 0.98384559
6058.7000 0.98380226
6059.6000 0.98388529
6060.5000 0.98400414
6061.4000 0.98025042
6062.3000 0.97728992
6063.2000 0.97595924
6064.1000 0.96705943
6065.0000 0.95230877
6065.9000 0.94919491
6066.8000 0.9638322
6067.7000 0.97932744
6068.6000 0.97843474
6069.5000 0.97148603
6070.4000 0.97271699
6071.3000 0.98196781
6072.2000 0.99119216
6073.1000 0.99491632
6074.0000 0.99262357
6074.9000 0.98792446
6075.8000 0.9807685
6076.7000 0.97498149
6077.6000 0.96736383
6078.5000 0.96141815
6079.4000 0.96693563
6080.3000 0.9752568
6081.2000 0.97675055
6082.1000 0.96848178
6083.0000 0.9626289
6083.9000 0.96474063
6084.8000 0.9638471
6085.7000 0.96107918
6086.6000 0.96411198
6087.5000 0.97035247
6088.4000 0.97131574
6089.3000 0.96613038
6090.2000 0.95869285
6091.1000 0.95962614
6092.0000 0.96454459
6092.9000 0.96592385
6093.8000 0.97287434
6094.7000 0.98361617
6095.6000 0.98364484
6096.5000 0.97405398
6097.4000 0.96765333
6098.3000 0.97146028
6099.2000 0.98294955
6100.1000 0.9836759
6101.0000 0.96321481
6101.9000 0.92245674
6102.8000 0.89787376
6103.7000 0.92400247
6104.6000 0.9630723
6105.5000 0.98210341
6106.4000 0.97975898
6107.3000 0.96299446
6108.2000 0.95579618
6109.1000 0.96866524
6110.0000 0.98125124
6110.9000 0.9812851
6111.8000 0.97431231
6112.7000 0.97078836
6113.6000 0.9734177
6114.5000 0.97793144
6115.4000 0.97667933
6116.3000 0.97136968
6117.2000 0.97675985
6118.1000 0.98351496
6119.0000 0.97643065
6119.9000 0.96760607
6120.8000 0.95150632
6121.7000 0.92554539
6122.6000 0.92028064
6123.5000 0.94278723
6124.4000 0.96444094
6125.3000 0.96826851
6126.2000 0.96345019
6127.1000 0.96131164
6128.0000 0.95645565
6128.9000 0.95272827
6129.8000 0.95740736
6130.7000 0.9661265
6131.6000 0.97232342
6132.5000 0.97825849
6133.4000 0.98219985
6134.3000 0.97813994
6135.2000 0.95161015
6136.1000 0.90330666
6137.0000 0.86737657
6137.9000 0.88134408
6138.8000 0.92576748
6139.7000 0.95215946
6140.6000 0.94833797
6141.5000 0.93383241
6142.4000 0.93634605
6143.3000 0.95441931
6144.2000 0.97098821
6145.1000 0.97455966
6146.0000 0.97279638
6146.9000 0.97331589
6147.8000 0.96726024
6148.7000 0.96353573
6149.6000 0.95885855
6150.5000 0.95306176
6151.4000 0.953161
6152.3000 0.95594949
6153.2000 0.95788354
6154.1000 0.95680821
6155.0000 0.95783693
6155.9000 0.9678303
6156.8000 0.96837693
6157.7000 0.96127737
6158.6000 0.96207005
6159.5000 0.96476561
6160.4000 0.94302011
6161.3000 0.89291531
6162.2000 0.86580563
6163.1000 0.88145417
6164.0000 0.91138875
6164.9000 0.93001497
6165.8000 0.93108827
6166.7000 0.93485093
6167.6000 0.93864572
6168.5000 0.91807967
6169.4000 0.89447093
6170.3000 0.90981609
6171.2000 0.94184291
6172.1000 0.95446718
6173.0000 0.95443475
6173.9000 0.95541322
6174.8000 0.95716071
6175.7000 0.95325351
6176.6000 0.95095831
6177.5000 0.95631063
6178.4000 0.9645313
6179.3000 0.95767039
6180.2000 0.9481374
6181.1000 0.95176935
6182.0000 0.96469373
6182.9000 0.9746145
6183.8000 0.97580749
6184.7000 0.97010142
6185.6000 0.96118581
6186.5000 0.9556064
6187.4000 0.95456022
6188.3000 0.95470494
6189.2000 0.95520538
6190.1000 0.93970728
6191.0000 0.91081059
6191.9000 0.9107995
6192.8000 0.94298893
6193.7000 0.9606936
6194.6000 0.95564514
6195.5000 0.95954132
6196.4000 0.96955615
6197.3000 0.96834773
6198.2000 0.95929384
6199.1000 0.94304413
6200.0000 0.93494505
6200.9000 0.94633526
6201.8000 0.96368486
6202.7000 0.97129059
6203.6000 0.96840644
6204.5000 0.96011752
6205.4000 0.95541704
6206.3000 0.95959991
6207.2000 0.96881527
6208.1000 0.97322184
6209.0000 0.97016394
6209.9000 0.96737236
6210.8000 0.96253556
6211.7000 0.95826578
6212.6000 0.94792062
6213.5000 0.93133497
6214.4000 0.9227674
6215.3000 0.92225069
6216.2000 0.93460208
6217.1000 0.95219141
6218.0000 0.95035207
6218.9000 0.92763174
6219.8000 0.91793597
6220.7000 0.94030213
6221.6000 0.96332926
6222.5000 0.96499842
6223.4000 0.95760453
6224.3000 0.95477557
6225.2000 0.95649934
6226.1000 0.95339441
6227.0000 0.95431632
6227.9000 0.96026862
6228.8000 0.95323151
6229.7000 0.92950737
6230.6000 0.9123286
6231.5000 0.9172684
6232.4000 0.92886257
6233.3000 0.93957293
6234.2000 0.95569676
6235.1000 0.96737272
6236.0000 0.96341658
6236.9000 0.95231169
6237.8000 0.94850975
6238.7000 0.95286822
6239.6000 0.95096034
6240.5000 0.94851261
6241.4000 0.95277977
6242.3000 0.94652849
6243.2000 0.93196756
6244.1000 0.92892396
6245.0000 0.9277401
6245.9000 0.92164558
6246.8000 0.92603654
6247.7000 0.94074923
6248.6000 0.95326298
6249.5000 0.95891875
6250.4000 0.95849359
6251.3000 0.94384998
6252.2000 0.92171508
6253.1000 0.90424627
6254.0000 0.90241742
6254.9000 0.91685194
6255.8000 0.92576718
6256.7000 0.92166466
6257.6000 0.9133352
6258.5000 0.90919149
6259.4000 0.92097336
6260.3000 0.93637854
6261.2000 0.93648773
6262.1000 0.94064367
6263.0000 0.95404524
6263.9000 0.95004737
6264.8000 0.93636197
6265.7000 0.93695104
6266.6000 0.94427264
6267.5000 0.95048511
6268.4000 0.95613647
6269.3000 0.95336354
6270.2000 0.94816107
6271.1000 0.94993198
6272.0000 0.95451361
6272.9000 0.95734996
6273.8000 0.95548767
6274.7000 0.95707297
6275.6000 0.95923686
6276.5000 0.95484406
6277.4000 0.95480925
6278.3000 0.9534964
6279.2000 0.94120699
6280.1000 0.92371774
6281.0000 0.92039973
6281.9000 0.92948377
6282.8000 0.93773723
6283.7000 0.94095486
6284.6000 0.93797463
6285.5000 0.93919861
6286.4000 0.94598609
6287.3000 0.95235479
6288.2000 0.95637017
6289.1000 0.95673716
6290.0000 0.95131528
6290.9000 0.94640833
6291.8000 0.94900882
6292.7000 0.95291245
6293.6000 0.9526788
6294.5000 0.95872623
6295.4000 0.96139336
6296.3000 0.94903064
6297.2000 0.93517786
6298.1000 0.93622774
6299.0000 0.94783008
6299.9000 0.94693834
6300.8000 0.92567271
6301.7000 0.90291888
6302.6000 0.90634125
6303.5000 0.9360401
6304.4000 0.95827371
6305.3000 0.95643777
6306.2000 0.95036262
6307.1000 0.95091683
6308.0000 0.95100462
6308.9000 0.94522673
6309.8000 0.93432796
6310.7000 0.92701334
6311.6000 0.92922997
6312.5000 0.93257707
6313.4000 0.92537016
6314.3000 0.91184616
6315.2000 0.90749669
6316.1000 0.91056305
6317.0000 0.90263146
6317.9000 0.88880265
6318.8000 0.89034575
6319.7000 0.90903372
6320.6000 0.92476565
6321.5000 0.92270869
6322.4000 0.91415972
6323.3000 0.91904795
6324.2000 0.93442714
6325.1000 0.94157898
6326.0000 0.93776518
6326.9000 0.93206322
6327.8000 0.93114746
6328.7000 0.93205029
6329.6000 0.93213975
6330.5000 0.93498635
6331.4000 0.93645597
6332.3000 0.93751568
6333.2000 0.93815619
6334.1000 0.92777479
6335.0000 0.90837598
6335.9000 0.89258862
6336.8000 0.89186907
6337.7000 0.90624255
6338.6000 0.9148432
6339.5000 0.92046809
6340.4000 0.93257135
6341.3000 0.93713289
6342.2000 0.93098879
6343.1000 0.91716975
6344.0000 0.91054487
6344.9000 0.92265981
6345.8000 0.93396831
6346.7000 0.93462205
6347.6000 0.93380839
6348.5000 0.93276864
6349.4000 0.9323318
6350.3000 0.93354982
6351.2000 0.93524218
6352.1000 0.93511426
6353.0000 0.92981315
6353.9000 0.92367989
6354.8000 0.91754413
6355.7000 0.91786498
6356.6000 0.92653227
6357.5000 0.92594337
6358.4000 0.91383874
6359.3000 0.91278583
6360.2000 0.92289907
6361.1000 0.92436618
6362.0000 0.92028844
6362.9000 0.91932571
6363.8000 0.91880715
6364.7000 0.919586
6365.6000 0.92059183
6366.5000 0.92180037
6367.4000 0.92408693
6368.3000 0.92740136
6369.2000 0.93074679
6370.1000 0.92962849
6371.0000 0.92950636
6371.9000 0.9334234
6372.8000 0.93321878
6373.7000 0.93380636
6374.6000 0.93880534
6375.5000 0.93986905
6376.4000 0.9363724
6377.3000 0.93162656
6378.2000 0.92897803
6379.1000 0.92857105
6380.0000 0.92863232
6380.9000 0.92963237
6381.8000 0.93538392
6382.7000 0.9424147
6383.6000 0.94070435
6384.5000 0.93378443
6385.4000 0.93140072
6386.3000 0.93114042
6387.2000 0.93041241
6388.1000 0.93236721
6389.0000 0.93662941
6389.9000 0.93792152
6390.8000 0.93397492
6391.7000 0.92790967
6392.6000 0.91174817
6393.5000 0.89175057
6394.4000 0.89838362
6395.3000 0.92206055
6396.2000 0.93488568
6397.1000 0.93750757
6398.0000 0.92939055
6398.9000 0.90277767
6399.8000 0.87411988
6400.7000 0.88197833
6401.6000 0.91377795
6402.5000 0.93207163
6403.4000 0.93534672
6404.3000 0.93320072
6405.2000 0.92974591
6406.1000 0.92612773
6407.0000 0.91572469
6407.9000 0.9065488
6408.8000 0.91374159
6409.7000 0.92213339
6410.6000 0.91171342
6411.5000 0.89788121
6412.4000 0.90702158
6413.3000 0.92809087
6414.2000 0.93461269
6415.1000 0.93168211
6416.0000 0.93457448
6416.9000 0.93996674
6417.8000 0.93908477
6418.7000 0.92869651
6419.6000 0.90697503
6420.5000 0.88994282
6421.4000 0.89136291
6422.3000 0.90956622
6423.2000 0.93254954
6424.1000 0.94106084
6425.0000 0.94353116
6425.9000 0.94684732
6426.8000 0.9427706
6427.7000 0.94308442
6428.6000 0.94370979
6429.5000 0.92548186
6430.4000 0.90080607
6431.3000 0.89442444
6432.2000 0.90829992
6433.1000 0.92063844
6434.0000 0.93001568
6434.9000 0.934039
6435.8000 0.92881703
6436.7000 0.92147374
6437.6000 0.90456921
6438.5000 0.87965196
6439.4000 0.87987053
6440.3000 0.91191715
6441.2000 0.93547946
6442.1000 0.93626392
6443.0000 0.93486267
6443.9000 0.93669474
6444.8000 0.93993974
6445.7000 0.94476658
6446.6000 0.94571465
6447.5000 0.93831998
6448.4000 0.91428995
6449.3000 0.87890953
6450.2000 0.87163007
6451.1000 0.89944524
6452.0000 0.92235458
6452.9000 0.92627478
6453.8000 0.92022336
6454.7000 0.90875214
6455.6000 0.89849484
6456.5000 0.89949596
6457.4000 0.91404748
6458.3000 0.92641491
6459.2000 0.92974758
6460.1000 0.92511278
6461.0000 0.90736312
6461.9000 0.87683338
6462.8000 0.85926169
6463.7000 0.8804369
6464.6000 0.91098624
6465.5000 0.92866105
6466.4000 0.93288952
6467.3000 0.92654985
6468.2000 0.92218584
6469.1000 0.92029423
6470.0000 0.91473287
6470.9000 0.90464056
6471.8000 0.90165025
6472.7000 0.91776204
6473.6000 0.92799574
6474.5000 0.91758382
6475.4000 0.90986258
6476.3000 0.91827953
6477.2000 0.92773741
6478.1000 0.92377317
6479.0000 0.9153285
6479.9000 0.91492385
6480.8000 0.91134191
6481.7000 0.89768898
6482.6000 0.89109522
6483.5000 0.90297186
6484.4000 0.913885
6485.3000 0.91707909
6486.2000 0.91936296
6487.1000 0.91876477
6488.0000 0.9224506
6488.9000 0.92636722
6489.8000 0.91808313
6490.7000 0.9050687
6491.6000 0.89935577
6492.5000 0.88771975
6493.4000 0.86157852
6494.3000 0.83248901
6495.2000 0.82404518
6496.1000 0.83614552
6497.0000 0.85402739
6497.9000 0.8730222
6498.8000 0.87812221
6499.7000 0.8823936
6500.6000 0.89819688
6501.5000 0.91493797
6502.4000 0.92070276
6503.3000 0.91945511
6504.2000 0.92247468
6505.1000 0.92895156
6506.0000 0.92906779
6506.9000 0.92687124
6507.8000 0.92791855
6508.7000 0.92812622
6509.6000 0.92409182
6510.5000 0.92290473
6511.4000 0.92342561
6512.3000 0.92233092
6513.2000 0.91979903
6514.1000 0.91018873
6515.0000 0.90086353
6515.9000 0.89731693
6516.8000 0.89462662
6517.7000 0.89271379
6518.6000 0.88973337
6519.5000 0.89619619
6520.4000 0.90946734
6521.3000 0.91698116
6522.2000 0.9138903
6523.1000 0.90825206
6524.0000 0.9072721
6524.9000 0.91228044
6525.8000 0.90745991
6526.7000 0.89560378
6527.6000 0.89340317
6528.5000 0.89725602
6529.4000 0.90297061
6530.3000 0.91092432
6531.2000 0.91010082
6532.1000 0.90295953
6533.0000 0.89521289
6533.9000 0.89130777
6534.8000 0.89490479
6535.7000 0.90203822
6536.6000 0.90278947
6537.5000 0.90494877
6538.4000 0.90605879
6539.3000 0.90491176
6540.2000 0.89905173
6541.1000 0.89729363
6542.0000 0.895594
6542.9000 0.89730328
6543.8000 0.89669758
6544.7000 0.888322
6545.6000 0.87414068
6546.5000 0.86292762
6547.4000 0.87517267
6548.3000 0.89096785
6549.2000 0.897479
6550.1000 0.89732295
6551.0000 0.89299411
6551.9000 0.88925534
6552.8000 0.88769984
6553.7000 0.88389802
6554.6000 0.87247682
6555.5000 0.8603856
6556.4000 0.86302924
6557.3000 0.87370187
6558.2000 0.87295955
6559.1000 0.85531527
6560.0000 0.8188175
6560.9000 0.74701804
6561.8000 0.61622876
6562.7000 0.5166831
6563.6000 0.57405734
6564.5000 0.71866715
6565.4000 0.81347728
6566.3000 0.85062641
6567.2000 0.86356544
6568.1000 0.86556423
6569.0000 0.86394012
6569.9000 0.86983478
6570.8000 0.8826068
6571.7000 0.8865757
6572.6000 0.87289768
6573.5000 0.86269855
6574.4000 0.8643474
6575.3000 0.87420726
6576.2000 0.88993812
6577.1000 0.90204674
6578.0000 0.9018814
6578.9000 0.89533681
6579.8000 0.88622886
6580.7000 0.88247776
6581.6000 0.88617265
6582.5000 0.89304197
6583.4000 0.89518398
6584.3000 0.89142054
6585.2000 0.88926756
6586.1000 0.8877691
6587.0000 0.8869161
6587.9000 0.89052588
6588.8000 0.89153969
6589.7000 0.89537895
6590.6000 0.89366561
6591.5000 0.87542969
6592.4000 0.84987199
6593.3000 0.83507806
6594.2000 0.85201365
6595.1000 0.87931544
6596.0000 0.8870219
6596.9000 0.88214362
6597.8000 0.87716842
6598.7000 0.8804273
6599.6000 0.8851431
6600.5000 0.89247078
6601.4000 0.900235
6602.3000 0.90139586
6603.2000 0.89576137
6604.1000 0.89059061
6605.0000 0.89314181
6605.9000 0.8965438
6606.8000 0.89185935
6607.7000 0.87977469
6608.6000 0.87146318
6609.5000 0.87578905
6610.4000 0.88839257
6611.3000 0.89865363
6612.2000 0.89628571
6613.1000 0.88867861
6614.0000 0.88975936
6614.9000 0.89583623
6615.8000 0.89662606
6616.7000 0.89276755
6617.6000 0.88591194
6618.5000 0.88331866
6619.4000 0.88953698
6620.3000 0.89174122
6621.2000 0.89175397
6622.1000 0.89284146
6623.0000 0.8913821
6623.9000 0.89246285
6624.8000 0.89277095
6625.7000 0.89339054
6626.6000 0.89278495
6627.5000 0.89161277
6628.4000 0.89278829
6629.3000 0.89243448
6630.2000 0.89262623
6631.1000 0.88749588
6632.0000 0.87559974
6632.9000 0.86796588
6633.8000 0.86881536
6634.7000 0.87675279
6635.6000 0.88592106
6636.5000 0.89006251
6637.4000 0.89174253
6638.3000 0.89016896
6639.2000 0.88746268
6640.1000 0.88639265
6641.0000 0.88311595
6641.9000 0.8787567
6642.8000 0.8652246
6643.7000 0.85800987
6644.6000 0.87065172
6645.5000 0.88148582
6646.4000 0.88732791
6647.3000 0.89214456
6648.2000 0.89200521
6649.1000 0.88995165
6650.0000 0.89190853
6650.9000 0.89535248
6651.8000 0.89495039
6652.7000 0.88871807
6653.6000 0.88193083
6654.5000 0.88212842
6655.4000 0.88730389
6656.3000 0.88828224
6657.2000 0.88318253
6658.1000 0.87784326
6659.0000 0.87764835
6659.9000 0.88187128
6660.8000 0.8840602
6661.7000 0.87702662
6662.6000 0.86294788
6663.5000 0.85983759
6664.4000 0.87273312
6665.3000 0.88351941
6666.2000 0.88619125
6667.1000 0.88438171
6668.0000 0.87949455
6668.9000 0.87525159
6669.8000 0.87802768
6670.7000 0.88637805
6671.6000 0.88876104
6672.5000 0.88480604
6673.4000 0.88103157
6674.3000 0.87963533
6675.2000 0.88032252
6676.1000 0.87580806
6677.0000 0.8569591
6677.9000 0.83829176
6678.8000 0.84419817
6679.7000 0.86658943
6680.6000 0.88177359
6681.5000 0.88650304
6682.4000 0.88579988
6683.3000 0.87946182
6684.2000 0.87404937
6685.1000 0.87752479
6686.0000 0.88705444
6686.9000 0.89027935
6687.8000 0.88524085
6688.7000 0.8840903
6689.6000 0.88736498
6690.5000 0.89262086
6691.4000 0.89501464
6692.3000 0.89066577
6693.2000 0.88970768
6694.1000 0.8891679
6695.0000 0.88322049
6695.9000 0.87746245
6696.8000 0.87532419
6697.7000 0.87506396
6698.6000 0.87192941
6699.5000 0.86920482
6700.4000 0.87560111
6701.3000 0.8835752
6702.2000 0.8810913
6703.1000 0.87217695
6704.0000 0.86688954
6704.9000 0.86891741
6705.8000 0.87556434
6706.7000 0.88084853
6707.6000 0.87775207
6708.5000 0.8709166
6709.4000 0.87048817
6710.3000 0.8762148
6711.2000 0.88399875
6712.1000 0.88550901
6713.0000 0.8783018
6713.9000 0.87376672
6714.8000 0.87444425
6715.7000 0.86786312
6716.6000 0.85141683
6717.5000 0.83665377
6718.4000 0.84040123
6719.3000 0.85415834
6720.2000 0.86393487
6721.1000 0.8699289
6722.0000 0.87300539
6722.9000 0.87690818
6723.8000 0.88073027
6724.7000 0.88014013
6725.6000 0.87696081
6726.5000 0.87224281
6727.4000 0.8707577
6728.3000 0.87104517
6729.2000 0.86906558
6730.1000 0.86825567
6731.0000 0.87227404
6731.9000 0.87420517
6732.8000 0.87249482
6733.7000 0.87352711
6734.6000 0.87437159
6735.5000 0.87547076
6736.4000 0.87750733
6737.3000 0.87604898
6738.2000 0.87105924
6739.1000 0.86785734
6740.0000 0.86925167
6740.9000 0.86787754
6741.8000 0.86422265
6742.7000 0.86568975
6743.6000 0.86539072
6744.5000 0.86805642
6745.4000 0.87624651
6746.3000 0.87490511
6747.2000 0.86816627
6748.1000 0.86368018
6749.0000 0.85711884
6749.9000 0.85050482
6750.8000 0.85035837
6751.7000 0.85876513
6752.6000 0.86376363
6753.5000 0.86546063
6754.4000 0.86713314
6755.3000 0.86806178
6756.2000 0.8690598
6757.1000 0.87187457
6758.0000 0.87033761
6758.9000 0.86504579
6759.8000 0.86063439
6760.7000 0.86621308
6761.6000 0.87371486
6762.5000 0.87427282
6763.4000 0.87229276
6764.3000 0.8727026
6765.2000 0.86970007
6766.1000 0.86140847
6767.0000 0.8481316
6767.9000 0.83940226
6768.8000 0.85468733
6769.7000 0.87277353
6770.6000 0.8720395
6771.5000 0.8633967
6772.4000 0.86079961
6773.3000 0.866126
6774.2000 0.87326843
6775.1000 0.87301642
6776.0000 0.8774817
6776.9000 0.88622826
6777.8000 0.88548368
6778.7000 0.87500137
6779.6000 0.86875325
6780.5000 0.87017071
6781.4000 0.87352383
6782.3000 0.86812025
6783.2000 0.85820168
6784.1000 0.85719651
6785.0000 0.85965824
6785.9000 0.86117786
6786.8000 0.86676884
6787.7000 0.87103832
6788.6000 0.86827469
6789.5000 0.86646783
6790.4000 0.86465079
6791.3000 0.86500603
6792.2000 0.86936909
6793.1000 0.86999112
6794.0000 0.86846924
6794.9000 0.8656621
6795.8000 0.85951746
6796.7000 0.85488296
6797.6000 0.85716236
6798.5000 0.86044824
6799.4000 0.85918564
6800.3000 0.85806781
6801.2000 0.86385268
6802.1000 0.86368412
6803.0000 0.85934895
6803.9000 0.86080378
6804.8000 0.86372364
6805.7000 0.86539394
6806.6000 0.86693269
6807.5000 0.86798322
6808.4000 0.865385
6809.3000 0.85681295
6810.2000 0.85406768
6811.1000 0.86026114
6812.0000 0.86673999
6812.9000 0.86866081
6813.8000 0.86789763
6814.7000 0.86008853
6815.6000 0.85443074
6816.5000 0.86165988
6817.4000 0.86669457
6818.3000 0.86929566
6819.2000 0.8679722
6820.1000 0.8586067
6821.0000 0.85676032
6821.9000 0.8647452
6822.8000 0.86565053
6823.7000 0.86558253
6824.6000 0.8673563
6825.5000 0.8662011
6826.4000 0.86589724
6827.3000 0.86443478
6828.2000 0.85645586
6829.1000 0.8530888
6830.0000 0.85682791
6830.9000 0.85624212
6831.8000 0.85352671
6832.7000 0.85704905
6833.6000 0.86377871
6834.5000 0.86565447
6835.4000 0.86454129
6836.3000 0.86082661
6837.2000 0.85838765
6838.1000 0.85740668
6839.0000 0.85081714
6839.9000 0.83817279
6840.8000 0.82940406
6841.7000 0.83173358
6842.6000 0.84122646
6843.5000 0.85298866
6844.4000 0.8616575
6845.3000 0.86339563
6846.2000 0.86401474
6847.1000 0.86377627
6848.0000 0.86083627
6848.9000 0.86111891
6849.8000 0.86595756
6850.7000 0.87052166
6851.6000 0.86795521
6852.5000 0.86057609
6853.4000 0.85646915
6854.3000 0.85024059
6855.2000 0.84670967
6856.1000 0.85045302
6857.0000 0.85145617
6857.9000 0.85141534
6858.8000 0.85408974
6859.7000 0.8590312
6860.6000 0.86182201
6861.5000 0.86138612
6862.4000 0.8627885
6863.3000 0.86528897
6864.2000 0.86283123
6865.1000 0.85812658
6866.0000 0.85239607
6866.9000 0.847449
6867.8000 0.85943723
6868.7000 0.87599659
6869.6000 0.87221199
6870.5000 0.86851835
6871.4000 0.86954147
6872.3000 0.86149228
6873.2000 0.86051804
6874.1000 0.86829656
6875.0000 0.86760235
6875.9000 0.8559863
6876.8000 0.84943181
6877.7000 0.85612816
6878.6000 0.86303151
6879.5000 0.86592078
6880.4000 0.86137569
6881.3000 0.85544318
6882.2000 0.85357016
6883.1000 0.85349572
6884.0000 0.85296971
6884.9000 0.84955144
6885.8000 0.85119092
6886.7000 0.85849607
6887.6000 0.8557964
6888.5000 0.84888893
6889.4000 0.85622883
6890.3000 0.86360133
6891.2000 0.85786587
6892.1000 0.85561633
6893.0000 0.86419189
6893.9000 0.86431777
6894.8000 0.85194772
6895.7000 0.8478356
6896.6000 0.85720223
6897.5000 0.86203462
6898.4000 0.85285014
6899.3000 0.84263104
6900.2000 0.84946877
6901.1000 0.86030728
6902.0000 0.85951406
6902.9000 0.85641021
6903.8000 0.86113721
6904.7000 0.8662225
6905.6000 0.85678673
6906.5000 0.84440541
6907.4000 0.84670848
6908.3000 0.85881275
6909.2000 0.86928624
6910.1000 0.86555606
6911.0000 0.8518827
6911.9000 0.84739602
6912.8000 0.85093021
6913.7000 0.84477645
6914.6000 0.83373952
6915.5000 0.83502954
6916.4000 0.83984381
6917.3000 0.84338337
6918.2000 0.85449624
6919.1000 0.86342806
6920.0000 0.86604494
6920.9000 0.86582166
6921.8000 0.85939747
6922.7000 0.85309505
6923.6000 0.84818065
6924.5000 0.84532392
6925.4000 0.84865558
6926.3000 0.85495228
6927.2000 0.85669333
6928.1000 0.8502748
6929.0000 0.84760427
6929.9000 0.84914196
6930.8000 0.84889293
6931.7000 0.85137242
6932.6000 0.85021371
6933.5000 0.84845209
6934.4000 0.853719
6935.3000 0.85756123
6936.2000 0.85616326
6937.1000 0.85201591
6938.0000 0.85242873
6938.9000 0.85550278
6939.8000 0.85776776
6940.7000 0.86144602
6941.6000 0.86161304
6942.5000 0.85822225
6943.4000 0.85230166
6944.3000 0.84058005
6945.2000 0.83261842
6946.1000 0.8380577
6947.0000 0.84487164
6947.9000 0.85003537
6948.8000 0.85508966
6949.7000 0.85579062
6950.6000 0.85382068
6951.5000 0.8530339
6952.4000 0.85538381
6953.3000 0.85564208
6954.2000 0.85180759
6955.1000 0.8466695
6956.0000 0.8424322
6956.9000 0.83980417
6957.8000 0.84377581
6958.7000 0.85414958
6959.6000 0.85765547
6960.5000 0.85159028
6961.4000 0.84883738
6962.3000 0.85303932
6963.2000 0.85499007
6964.1000 0.85317236
6965.0000 0.8495183
6965.9000 0.84506088
6966.8000 0.84817576
6967.7000 0.85867792
6968.6000 0.85918593
6969.5000 0.85495102
6970.4000 0.85736668
6971.3000 0.85689938
6972.2000 0.85005969
6973.1000 0.84655201
6974.0000 0.8510865
6974.9000 0.85482186
6975.8000 0.8502987
6976.7000 0.83650017
6977.6000 0.81612951
6978.5000 0.80205232
6979.4000 0.8092373
6980.3000 0.8272199
6981.2000 0.84237331
6982.1000 0.84971243
6983.0000 0.84746361
6983.9000 0.84585905
6984.8000 0.85045016
6985.7000 0.85211635
6986.6000 0.8481214
6987.5000 0.84868759
6988.4000 0.84764504
6989.3000 0.84778428
6990.2000 0.84996945
6991.1000 0.84745806
6992.0000 0.84103936
6992.9000 0.83788538
6993.8000 0.84194231
6994.7000 0.84537351
6995.6000 0.84401888
6996.5000 0.84333843
6997.4000 0.84143174
6998.3000 0.83743429
6999.2000 0.83402115
7000.1000 0.83318806
7001.0000 0.83666134
7001.9000 0.8447966
7002.8000 0.84765834
7003.7000 0.83800393
7004.6000 0.83114529
7005.5000 0.82941067
7006.4000 0.82928544
7007.3000 0.83475977
7008.2000 0.84365571
7009.1000 0.84732693
7010.0000 0.84232968
7010.9000 0.84073615
7011.8000 0.84194475
7012.7000 0.84019756
7013.6000 0.84072077
7014.5000 0.84178865
7015.4000 0.8262068
7016.3000 0.80575532
7017.2000 0.80628306
7018.1000 0.82725918
7019.0000 0.84349775
7019.9000 0.84528601
7020.8000 0.84267646
7021.7000 0.83422136
7022.6000 0.82192791
7023.5000 0.81833929
7024.4000 0.82377452
7025.3000 0.82747394
7026.2000 0.83195281
7027.1000 0.83676058
7028.0000 0.8465454
7028.9000 0.85038078
7029.8000 0.84796834
7030.7000 0.85141063
7031.6000 0.84705108
7032.5000 0.83789647
7033.4000 0.83536702
7034.3000 0.83497858
7035.2000 0.83619314
7036.1000 0.8381241
7037.0000 0.83209175
7037.9000 0.82172847
7038.8000 0.82354891
7039.7000 0.83629125
7040.6000 0.84888738
7041.5000 0.85342747
7042.4000 0.85036564
7043.3000 0.84105146
7044.2000 0.83527046
7045.1000 0.83524698
7046.0000 0.83714545
7046.9000 0.83692461
7047.8000 0.83764368
7048.7000 0.83635628
7049.6000 0.83568782
7050.5000 0.8357116
7051.4000 0.83575392
7052.3000 0.82942349
7053.2000 0.82773232
7054.1000 0.83623308
7055.0000 0.83868742
7055.9000 0.83692366
7056.8000 0.83643454
7057.7000 0.83823156
7058.6000 0.83847803
7059.5000 0.83038718
7060.4000 0.82494998
7061.3000 0.82990533
7062.2000 0.83594465
7063.1000 0.84320658
7064.0000 0.85384738
7064.9000 0.85409665
7065.8000 0.84254515
7066.7000 0.83368188
7067.6000 0.82802504
7068.5000 0.82061642
7069.4000 0.81943804
7070.3000 0.8295067
7071.2000 0.84004593
7072.1000 0.84286928
7073.0000 0.8396861
7073.9000 0.83745235
7074.8000 0.83811378
7075.7000 0.83981854
7076.6000 0.84063256
7077.5000 0.8360759
7078.4000 0.82843232
7079.3000 0.82643253
7080.2000 0.82910585
7081.1000 0.83708978
7082.0000 0.83994395
7082.9000 0.83047223
7083.8000 0.81714308
7084.7000 0.80929577
7085.6000 0.81191725
7086.5000 0.82049358
7087.4000 0.82347327
7088.3000 0.82831651
7089.2000 0.82829332
7090.1000 0.81727141
7091.0000 0.81522495
7091.9000 0.8233816
7092.8000 0.825616
7093.7000 0.82443732
7094.6000 0.82744479
7095.5000 0.83245665
7096.4000 0.83683163
7097.3000 0.83518726
7098.2000 0.83146805
7099.1000 0.83256769
7100.0000 0.84091133
7100.9000 0.84523392
7101.8000 0.83856237
7102.7000 0.83481848
7103.6000 0.83766419
7104.5000 0.84252483
7105.4000 0.84672016
7106.3000 0.84213644
7107.2000 0.83353996
7108.1000 0.83044189
7109.0000 0.82988954
7109.9000 0.82578695
7110.8000 0.81741649
7111.7000 0.81303686
7112.6000 0.81724685
7113.5000 0.82902473
7114.4000 0.8346107
7115.3000 0.83006901
7116.2000 0.82751077
7117.1000 0.82912713
7118.0000 0.83480489
7118.9000 0.8378858
7119.8000 0.8354736
7120.7000 0.8269695
7121.6000 0.81484509
7122.5000 0.81166685
7123.4000 0.82302916
7124.3000 0.82912445
7125.2000 0.82342708
7126.1000 0.81763583
7127.0000 0.81729722
7127.9000 0.82349819
7128.8000 0.82576615
7129.7000 0.81627661
7130.6000 0.80765343
7131.5000 0.81239945
7132.4000 0.82028228
7133.3000 0.82484668
7134.2000 0.83470482
7135.1000 0.84264916
7136.0000 0.84465539
7136.9000 0.84404165
7137.8000 0.83686519
7138.7000 0.82952005
7139.6000 0.82873088
7140.5000 0.83304858
7141.4000 0.83514971
7142.3000 0.83431721
7143.2000 0.83599246
7144.1000 0.83665133
7145.0000 0.83278596
7145.9000 0.82683134
7146.8000 0.81380475
7147.7000 0.79486012
7148.6000 0.79469663
7149.5000 0.81786621
7150.4000 0.83288008
7151.3000 0.83187789
7152.2000 0.83094269
7153.1000 0.83278781
7154.0000 0.83302581
7154.9000 0.83153921
7155.8000 0.828058
7156.7000 0.82990426
7157.6000 0.83749485
7158.5000 0.84061551
7159.4000 0.8402245
7160.3000 0.84130996
7161.2000 0.83781511
7162.1000 0.82671893
7163.0000 0.81633747
7163.9000 0.80779713
7164.8000 0.8007195
7165.7000 0.80203384
7166.6000 0.81230932
7167.5000 0.82804066
7168.4000 0.83713496
7169.3000 0.8327775
7170.2000 0.82879376
7171.1000 0.8315962
7172.0000 0.83607483
7172.9000 0.83998686
7173.8000 0.84338641
7174.7000 0.84415781
7175.6000 0.83860409
7176.5000 0.8308208
7177.4000 0.8314687
7178.3000 0.83425033
7179.2000 0.82740587
7180.1000 0.81425351
7181.0000 0.80659658
7181.9000 0.8124572
7182.8000 0.82044655
7183.7000 0.82379359
7184.6000 0.82822824
7185.5000 0.82410508
7186.4000 0.80461884
7187.3000 0.79073906
7188.2000 0.79561496
7189.1000 0.80815476
7190.0000 0.81652939
7190.9000 0.81958431
7191.8000 0.81895018
7192.7000 0.81177461
7193.6000 0.80624557
7194.5000 0.81539112
7195.4000 0.82366931
7196.3000 0.81884414
7197.2000 0.81093705
7198.1000 0.81718814
7199.0000 0.82445538
7199.9000 0.8161065
7200.8000 0.80464894
7201.7000 0.79512823
7202.6000 0.79309225
7203.5000 0.80951899
7204.4000 0.82859629
7205.3000 0.82705432
7206.2000 0.80285788
7207.1000 0.78339291
7208.0000 0.78550279
7208.9000 0.79660696
7209.8000 0.80311906
7210.7000 0.81352538
7211.6000 0.82123649
7212.5000 0.82225734
7213.4000 0.82051927
7214.3000 0.8204037
7215.2000 0.82240278
7216.1000 0.81926882
7217.0000 0.81476206
7217.9000 0.81669164
7218.8000 0.81470436
7219.7000 0.80941826
7220.6000 0.81227905
7221.5000 0.81795722
7222.4000 0.81484109
7223.3000 0.80483198
7224.2000 0.80654305
7225.1000 0.81295967
7226.0000 0.81545222
7226.9000 0.81667089
7227.8000 0.81548887
7228.7000 0.81535268
7229.6000 0.81802714
7230.5000 0.82114363
7231.4000 0.82223195
7232.3000 0.81770194
7233.2000 0.81548226
7234.1000 0.81296188
7235.0000 0.81023848
7235.9000 0.81430149
7236.8000 0.82584548
7237.7000 0.83061159
7238.6000 0.82080716
7239.5000 0.81119019
7240.4000 0.81878895
7241.3000 0.82685375
7242.2000 0.82007575
7243.1000 0.81554961
7244.0000 0.81808013
7244.9000 0.81336868
7245.8000 0.81057316
7246.7000 0.81787658
7247.6000 0.81750512
7248.5000 0.80992705
7249.4000 0.80270422
7250.3000 0.79860073
7251.2000 0.79827625
7252.1000 0.80208158
7253.0000 0.81280845
7253.9000 0.81546634
7254.8000 0.80810529
7255.7000 0.81054664
7256.6000 0.81869227
7257.5000 0.82024086
7258.4000 0.81866539
7259.3000 0.81388164
7260.2000 0.80384016
7261.1000 0.79134828
7262.0000 0.79369295
7262.9000 0.81312186
7263.8000 0.82451421
7264.7000 0.82667458
7265.6000 0.83024698
7266.5000 0.83461714
7267.4000 0.83421826
7268.3000 0.82485467
7269.2000 0.81801945
7270.1000 0.82157278
7271.0000 0.8257345
7271.9000 0.82562238
7272.8000 0.82910746
7273.7000 0.83331823
7274.6000 0.82545263
7275.5000 0.81413025
7276.4000 0.81179935
7277.3000 0.81527334
7278.2000 0.82024992
7279.1000 0.82148451
7280.0000 0.82111132
7280.9000 0.81889421
7281.8000 0.81046402
7282.7000 0.80031097
7283.6000 0.79802817
7284.5000 0.79621023
7285.4000 0.79932052
7286.3000 0.80552274
7287.2000 0.80338204
7288.1000 0.78934336
7289.0000 0.77448374
7289.9000 0.77629083
7290.8000 0.7860564
7291.7000 0.78372568
7292.6000 0.78446996
7293.5000 0.79632127
7294.4000 0.80926144
7295.3000 0.81241494
7296.2000 0.8136977
7297.1000 0.8136363
7298.0000 0.81644148
7298.9000 0.81598449
7299.8000 0.81437033
7300.7000 0.81520975
7301.6000 0.81491274
7302.5000 0.81351382
7303.4000 0.81587213
7304.3000 0.81922519
7305.2000 0.81845397
7306.1000 0.81030542
7307.0000 0.80203521
7307.9000 0.80259079
7308.8000 0.80590934
7309.7000 0.80222207
7310.6000 0.79201818
7311.5000 0.79122972
7312.4000 0.79847771
7313.3000 0.80718696
7314.2000 0.81823307
7315.1000 0.82783294
7316.0000 0.82536286
7316.9000 0.81454694
7317.8000 0.81096512
7318.7000 0.81464756
7319.6000 0.8151952
7320.5000 0.81335884
7321.4000 0.81502843
7322.3000 0.81903839
7323.2000 0.81984222
7324.1000 0.8126539
7325.0000 0.79143471
7325.9000 0.76918817
7326.8000 0.77502811
7327.7000 0.80008638
7328.6000 0.80919993
7329.5000 0.80681312
7330.4000 0.80972826
7331.3000 0.81215525
7332.2000 0.81226045
7333.1000 0.81088942
7334.0000 0.81103599
7334.9000 0.8131004
7335.8000 0.81041127
7336.7000 0.81075013
7337.6000 0.81575048
7338.5000 0.81458688
7339.4000 0.81444484
7340.3000 0.81798387
7341.2000 0.81618315
7342.1000 0.81457281
7343.0000 0.81049287
7343.9000 0.80183703
7344.8000 0.7974804
7345.7000 0.80496293
7346.6000 0.81522101
7347.5000 0.81753552
7348.4000 0.81446302
7349.3000 0.80981606
7350.2000 0.80390859
7351.1000 0.79419827
7352.0000 0.79053128
7352.9000 0.7922169
7353.8000 0.78775954
7354.7000 0.77893096
7355.6000 0.77074033
7356.5000 0.76975471
7357.4000 0.77699196
7358.3000 0.78853196
7359.2000 0.79959863
7360.1000 0.80113226
7361.0000 0.79186547
7361.9000 0.78633338
7362.8000 0.78510153
7363.7000 0.78627926
7364.6000 0.78976864
7365.5000 0.7921899
7366.4000 0.79149503
7367.3000 0.79202133
7368.2000 0.79853421
7369.1000 0.80039328
7370.0000 0.79526114
7370.9000 0.79491746
7371.8000 0.79588914
7372.7000 0.79262763
7373.6000 0.79227573
7374.5000 0.79093719
7375.4000 0.78742033
7376.3000 0.78562367
7377.2000 0.78788763
7378.1000 0.79275393
7379.0000 0.79164147
7379.9000 0.78664422
7380.8000 0.78363198
7381.7000 0.77936792
7382.6000 0.77114749
7383.5000 0.76497942
7384.4000 0.76162279
7385.3000 0.755265
7386.2000 0.749942
7387.1000 0.74723762
7388.0000 0.74100703
7388.9000 0.73812711
7389.8000 0.7456305
7390.7000 0.75545162
7391.6000 0.7561332
7392.5000 0.74683416
7393.4000 0.74104363
7394.3000 0.7475428
7395.2000 0.75854158
7396.1000 0.76348281
7397.0000 0.76308876
7397.9000 0.76276195
7398.8000 0.76024014
7399.7000 0.75422704
7400.6000 0.75002116
7401.5000 0.75263882
7402.4000 0.76719224
7403.3000 0.82058328
7404.2000 0.9090066
7405.1000 0.90979028
7406.0000 0.82459128
7406.9000 0.76701242
7407.8000 0.74920636
7408.7000 0.74004155
7409.6000 0.73351592
7410.5000 0.73489946
7411.4000 0.73864853
7412.3000 0.60604113
7413.2000 0.13978642
7414.1000 0.00290038
7415.0000 0.0000034
7415.9000 0
7416.8000 0
7417.7000 0
7418.6000 0
7419.5000 0
7420.4000 0
7421.3000 0
7422.2000 0
7423.1000 0
7424.0000 0
7424.9000 0
7425.8000 0
7426.7000 0
7427.6000 0
7428.5000 0
7429.4000 0
