3500.000	0.0000
3500.900	0.0000
3501.800	0.0000
3502.700	0.0000
3503.600	0.0000
3504.500	0.0000
3505.400	0.0000
3506.300	0.0000
3507.200	0.0000
3508.100	0.0000
3509.000	0.0000
3509.900	0.0000
3510.800	0.0000
3511.700	0.0000
3512.600	0.0000
3513.500	0.0000
3514.400	0.0000
3515.300	0.0000
3516.200	0.0000
3517.100	0.0000
3518.000	0.0000
3518.900	0.0000
3519.800	0.0000
3520.700	0.0000
3521.600	0.0000
3522.500	0.0000
3523.400	0.0000
3524.300	0.0000
3525.200	0.0000
3526.100	0.0000
3527.000	0.0000
3527.900	0.0000
3528.800	0.0000
3529.700	0.0000
3530.600	0.0000
3531.500	0.0000
3532.400	0.0000
3533.300	0.0000
3534.200	0.0000
3535.100	0.0292
3536.000	0.2990
3536.900	0.3265
3537.800	0.3331
3538.700	0.3595
3539.600	0.3789
3540.500	0.3695
3541.400	0.3546
3542.300	0.3560
3543.200	0.3610
3544.100	0.3638
3545.000	0.3665
3545.900	0.3715
3546.800	0.3660
3547.700	0.3586
3548.600	0.3626
3549.500	0.3790
3550.400	0.3897
3551.300	0.3863
3552.200	0.3712
3553.100	0.3516
3554.000	0.3436
3554.900	0.3529
3555.800	0.3794
3556.700	0.3867
3557.600	0.3703
3558.500	0.3486
3559.400	0.3378
3560.300	0.3397
3561.200	0.3532
3562.100	0.3781
3563.000	0.3979
3563.900	0.3733
3564.800	0.3011
3565.700	0.2433
3566.600	0.2519
3567.500	0.2926
3568.400	0.2972
3569.300	0.2626
3570.200	0.2437
3571.100	0.2659
3572.000	0.3065
3572.900	0.3195
3573.800	0.3043
3574.700	0.3052
3575.600	0.3294
3576.500	0.3400
3577.400	0.3231
3578.300	0.3018
3579.200	0.2866
3580.100	0.2482
3581.000	0.1958
3581.900	0.1936
3582.800	0.2531
3583.700	0.3017
3584.600	0.2690
3585.500	0.2185
3586.400	0.2150
3587.300	0.2234
3588.200	0.2406
3589.100	0.2655
3590.000	0.2971
3590.900	0.3516
3591.800	0.3940
3592.700	0.3756
3593.600	0.3507
3594.500	0.3616
3595.400	0.3793
3596.300	0.3994
3597.200	0.4193
3598.100	0.4180
3599.000	0.4132
3599.900	0.4269
3600.800	0.4234
3601.700	0.3740
3602.600	0.3278
3603.500	0.3183
3604.400	0.3127
3605.300	0.2987
3606.200	0.3134
3607.100	0.3379
3608.000	0.3125
3608.900	0.2665
3609.800	0.2577
3610.700	0.2902
3611.600	0.3295
3612.500	0.3385
3613.400	0.3108
3614.300	0.3109
3615.200	0.3478
3616.100	0.3691
3617.000	0.3452
3617.900	0.2764
3618.800	0.2153
3619.700	0.2276
3620.600	0.2869
3621.500	0.3412
3622.400	0.3756
3623.300	0.3708
3624.200	0.3554
3625.100	0.3799
3626.000	0.4331
3626.900	0.4636
3627.800	0.4610
3628.700	0.4430
3629.600	0.3963
3630.500	0.3108
3631.400	0.2461
3632.300	0.2610
3633.200	0.3024
3634.100	0.3197
3635.000	0.3250
3635.900	0.3235
3636.800	0.3167
3637.700	0.3350
3638.600	0.3763
3639.500	0.4129
3640.400	0.4189
3641.300	0.3997
3642.200	0.3872
3643.100	0.3733
3644.000	0.3506
3644.900	0.3258
3645.800	0.3280
3646.700	0.3314
3647.600	0.3033
3648.500	0.2985
3649.400	0.3164
3650.300	0.3427
3651.200	0.3705
3652.100	0.3935
3653.000	0.4073
3653.900	0.4007
3654.800	0.3993
3655.700	0.4168
3656.600	0.4420
3657.500	0.4610
3658.400	0.4727
3659.300	0.4632
3660.200	0.4593
3661.100	0.4697
3662.000	0.4504
3662.900	0.4092
3663.800	0.3919
3664.700	0.4095
3665.600	0.4261
3666.500	0.4203
3667.400	0.4106
3668.300	0.3885
3669.200	0.3655
3670.100	0.3778
3671.000	0.4177
3671.900	0.4614
3672.800	0.4701
3673.700	0.4417
3674.600	0.4269
3675.500	0.4256
3676.400	0.4053
3677.300	0.3843
3678.200	0.3768
3679.100	0.3631
3680.000	0.3611
3680.900	0.3965
3681.800	0.4236
3682.700	0.4290
3683.600	0.4278
3684.500	0.4005
3685.400	0.3639
3686.300	0.3397
3687.200	0.3226
3688.100	0.3432
3689.000	0.4000
3689.900	0.4489
3690.800	0.4799
3691.700	0.4904
3692.600	0.4702
3693.500	0.4336
3694.400	0.4185
3695.300	0.4240
3696.200	0.4180
3697.100	0.4194
3698.000	0.4570
3698.900	0.5068
3699.800	0.5394
3700.700	0.5349
3701.600	0.4957
3702.500	0.4493
3703.400	0.4021
3704.300	0.3541
3705.200	0.3361
3706.100	0.3509
3707.000	0.3643
3707.900	0.3419
3708.800	0.3287
3709.700	0.3689
3710.600	0.4224
3711.500	0.4262
3712.400	0.4494
3713.300	0.5255
3714.200	0.5670
3715.100	0.5281
3716.000	0.5093
3716.900	0.5265
3717.800	0.4918
3718.700	0.3991
3719.600	0.3027
3720.500	0.2648
3721.400	0.2686
3722.300	0.3058
3723.200	0.3859
3724.100	0.4400
3725.000	0.4732
3725.900	0.4867
3726.800	0.4152
3727.700	0.3496
3728.600	0.3885
3729.500	0.4301
3730.400	0.4166
3731.300	0.4062
3732.200	0.3843
3733.100	0.3118
3734.000	0.2341
3734.900	0.1974
3735.800	0.2147
3736.700	0.2539
3737.600	0.3093
3738.500	0.3841
3739.400	0.4385
3740.300	0.4667
3741.200	0.4666
3742.100	0.4297
3743.000	0.3828
3743.900	0.3596
3744.800	0.3420
3745.700	0.3150
3746.600	0.3123
3747.500	0.2979
3748.400	0.2388
3749.300	0.2102
3750.200	0.2680
3751.100	0.3669
3752.000	0.4319
3752.900	0.4693
3753.800	0.5224
3754.700	0.5681
3755.600	0.5723
3756.500	0.5049
3757.400	0.3750
3758.300	0.2883
3759.200	0.3070
3760.100	0.3618
3761.000	0.3902
3761.900	0.4010
3762.800	0.3965
3763.700	0.4032
3764.600	0.4482
3765.500	0.4609
3766.400	0.4096
3767.300	0.3827
3768.200	0.4245
3769.100	0.4517
3770.000	0.4218
3770.900	0.4173
3771.800	0.4754
3772.700	0.5276
3773.600	0.5380
3774.500	0.5247
3775.400	0.5101
3776.300	0.5043
3777.200	0.4990
3778.100	0.4971
3779.000	0.5296
3779.900	0.5717
3780.800	0.5797
3781.700	0.5599
3782.600	0.5565
3783.500	0.5870
3784.400	0.6049
3785.300	0.5415
3786.200	0.4396
3787.100	0.4087
3788.000	0.4086
3788.900	0.3916
3789.800	0.3867
3790.700	0.4225
3791.600	0.4560
3792.500	0.4439
3793.400	0.4157
3794.300	0.4067
3795.200	0.4139
3796.100	0.4120
3797.000	0.3681
3797.900	0.3179
3798.800	0.3160
3799.700	0.3668
3800.600	0.4277
3801.500	0.4692
3802.400	0.5174
3803.300	0.5665
3804.200	0.5756
3805.100	0.5540
3806.000	0.5108
3806.900	0.4669
3807.800	0.4763
3808.700	0.5276
3809.600	0.5639
3810.500	0.5706
3811.400	0.5585
3812.300	0.5205
3813.200	0.4614
3814.100	0.4102
3815.000	0.3644
3815.900	0.3496
3816.800	0.4042
3817.700	0.4598
3818.600	0.4292
3819.500	0.3317
3820.400	0.2742
3821.300	0.3241
3822.200	0.4090
3823.100	0.4212
3824.000	0.3584
3824.900	0.2911
3825.800	0.2609
3826.700	0.2744
3827.600	0.3065
3828.500	0.3339
3829.400	0.3592
3830.300	0.3792
3831.200	0.3544
3832.100	0.2921
3833.000	0.2554
3833.900	0.2629
3834.800	0.2998
3835.700	0.3501
3836.600	0.3646
3837.500	0.3272
3838.400	0.2910
3839.300	0.2781
3840.200	0.2678
3841.100	0.3083
3842.000	0.4041
3842.900	0.4576
3843.800	0.4659
3844.700	0.4684
3845.600	0.4595
3846.500	0.4668
3847.400	0.4863
3848.300	0.4687
3849.200	0.4174
3850.100	0.3942
3851.000	0.4312
3851.900	0.4708
3852.800	0.4731
3853.700	0.4560
3854.600	0.4373
3855.500	0.4157
3856.400	0.4144
3857.300	0.4288
3858.200	0.3836
3859.100	0.3120
3860.000	0.2976
3860.900	0.3548
3861.800	0.4475
3862.700	0.5048
3863.600	0.4985
3864.500	0.4789
3865.400	0.4585
3866.300	0.4448
3867.200	0.4510
3868.100	0.4510
3869.000	0.4371
3869.900	0.4033
3870.800	0.3634
3871.700	0.3375
3872.600	0.3502
3873.500	0.4077
3874.400	0.4770
3875.300	0.5063
3876.200	0.4861
3877.100	0.4330
3878.000	0.3752
3878.900	0.3877
3879.800	0.4440
3880.700	0.4279
3881.600	0.3620
3882.500	0.3537
3883.400	0.4204
3884.300	0.4606
3885.200	0.4124
3886.100	0.3597
3887.000	0.3712
3887.900	0.3904
3888.800	0.3797
3889.700	0.3989
3890.600	0.4621
3891.500	0.5244
3892.400	0.5499
3893.300	0.5401
3894.200	0.5164
3895.100	0.4885
3896.000	0.4911
3896.900	0.5218
3897.800	0.5272
3898.700	0.5069
3899.600	0.4979
3900.500	0.5381
3901.400	0.5812
3902.300	0.5510
3903.200	0.5088
3904.100	0.5001
3905.000	0.4557
3905.900	0.4101
3906.800	0.4310
3907.700	0.4832
3908.600	0.5322
3909.500	0.5714
3910.400	0.5900
3911.300	0.5925
3912.200	0.5787
3913.100	0.5548
3914.000	0.5421
3914.900	0.5341
3915.800	0.5091
3916.700	0.4911
3917.600	0.4924
3918.500	0.4779
3919.400	0.4520
3920.300	0.4128
3921.200	0.3918
3922.100	0.3983
3923.000	0.4095
3923.900	0.4274
3924.800	0.4124
3925.700	0.3669
3926.600	0.3267
3927.500	0.2704
3928.400	0.2127
3929.300	0.1766
3930.200	0.1477
3931.100	0.1245
3932.000	0.1069
3932.900	0.0880
3933.800	0.0779
3934.700	0.0840
3935.600	0.1073
3936.500	0.1440
3937.400	0.1848
3938.300	0.2293
3939.200	0.2773
3940.100	0.3063
3941.000	0.3180
3941.900	0.3354
3942.800	0.3462
3943.700	0.3467
3944.600	0.3700
3945.500	0.4325
3946.400	0.4823
3947.300	0.4705
3948.200	0.4521
3949.100	0.4812
3950.000	0.5290
3950.900	0.5388
3951.800	0.5070
3952.700	0.4890
3953.600	0.5319
3954.500	0.5799
3955.400	0.5543
3956.300	0.4976
3957.200	0.4838
3958.100	0.5117
3959.000	0.5437
3959.900	0.5250
3960.800	0.4365
3961.700	0.3494
3962.600	0.3110
3963.500	0.2922
3964.400	0.2597
3965.300	0.2124
3966.200	0.1629
3967.100	0.1208
3968.000	0.0935
3968.900	0.0948
3969.800	0.1236
3970.700	0.1616
3971.600	0.1992
3972.500	0.2379
3973.400	0.2815
3974.300	0.3375
3975.200	0.3971
3976.100	0.4367
3977.000	0.4652
3977.900	0.4999
3978.800	0.5468
3979.700	0.5979
3980.600	0.6141
3981.500	0.5822
3982.400	0.5562
3983.300	0.5672
3984.200	0.5943
3985.100	0.6250
3986.000	0.6444
3986.900	0.6534
3987.800	0.6655
3988.700	0.6484
3989.600	0.6110
3990.500	0.6155
3991.400	0.6450
3992.300	0.6598
3993.200	0.6670
3994.100	0.6504
3995.000	0.6267
3995.900	0.6105
3996.800	0.5866
3997.700	0.5734
3998.600	0.6175
3999.500	0.6843
4000.400	0.7111
4001.300	0.7121
4002.200	0.7237
4003.100	0.7290
4004.000	0.6696
4004.900	0.5644
4005.800	0.5387
4006.700	0.6110
4007.600	0.6758
4008.500	0.6821
4009.400	0.6725
4010.300	0.6796
4011.200	0.6792
4012.100	0.6747
4013.000	0.6773
4013.900	0.6814
4014.800	0.7040
4015.700	0.7320
4016.600	0.7239
4017.500	0.7033
4018.400	0.7189
4019.300	0.7485
4020.200	0.7393
4021.100	0.7069
4022.000	0.6831
4022.900	0.6740
4023.800	0.6632
4024.700	0.6665
4025.600	0.7117
4026.500	0.7591
4027.400	0.7745
4028.300	0.7785
4029.200	0.7491
4030.100	0.6676
4031.000	0.5972
4031.900	0.5905
4032.800	0.6098
4033.700	0.6468
4034.600	0.6918
4035.500	0.7236
4036.400	0.7580
4037.300	0.7873
4038.200	0.7914
4039.100	0.7686
4040.000	0.7288
4040.900	0.7041
4041.800	0.7299
4042.700	0.7500
4043.600	0.6944
4044.500	0.5778
4045.400	0.4933
4046.300	0.5445
4047.200	0.6840
4048.100	0.7664
4049.000	0.7710
4049.900	0.7661
4050.800	0.7597
4051.700	0.7262
4052.600	0.6867
4053.500	0.6631
4054.400	0.6534
4055.300	0.6602
4056.200	0.6709
4057.100	0.6543
4058.000	0.6383
4058.900	0.6678
4059.800	0.7240
4060.700	0.7553
4061.600	0.7232
4062.500	0.6266
4063.400	0.5454
4064.300	0.5793
4065.200	0.6701
4066.100	0.6926
4067.000	0.6726
4067.900	0.6966
4068.800	0.7509
4069.700	0.7682
4070.600	0.7159
4071.500	0.6526
4072.400	0.6752
4073.300	0.7408
4074.200	0.7525
4075.100	0.6980
4076.000	0.6106
4076.900	0.5364
4077.800	0.5299
4078.700	0.5953
4079.600	0.6799
4080.500	0.7530
4081.400	0.7837
4082.300	0.7580
4083.200	0.7198
4084.100	0.7175
4085.000	0.7226
4085.900	0.7178
4086.800	0.7496
4087.700	0.8092
4088.600	0.8394
4089.500	0.8333
4090.400	0.8159
4091.300	0.7879
4092.200	0.7690
4093.100	0.7971
4094.000	0.8353
4094.900	0.7985
4095.800	0.7328
4096.700	0.7075
4097.600	0.7211
4098.500	0.7324
4099.400	0.7143
4100.300	0.6438
4101.200	0.5584
4102.100	0.5699
4103.000	0.6650
4103.900	0.7330
4104.800	0.7656
4105.700	0.7952
4106.600	0.7988
4107.500	0.7840
4108.400	0.7632
4109.300	0.7335
4110.200	0.7168
4111.100	0.7299
4112.000	0.7535
4112.900	0.7816
4113.800	0.8102
4114.700	0.8220
4115.600	0.8239
4116.500	0.8229
4117.400	0.7918
4118.300	0.7286
4119.200	0.7044
4120.100	0.7490
4121.000	0.7753
4121.900	0.7599
4122.800	0.7409
4123.700	0.7448
4124.600	0.7738
4125.500	0.7840
4126.400	0.7591
4127.300	0.7239
4128.200	0.7007
4129.100	0.7024
4130.000	0.7167
4130.900	0.7164
4131.800	0.6825
4132.700	0.6536
4133.600	0.6605
4134.500	0.6982
4135.400	0.7687
4136.300	0.8147
4137.200	0.8133
4138.100	0.8315
4139.000	0.8628
4139.900	0.8609
4140.800	0.8237
4141.700	0.7506
4142.600	0.6573
4143.500	0.6124
4144.400	0.6677
4145.300	0.7640
4146.200	0.8088
4147.100	0.8087
4148.000	0.8004
4148.900	0.7765
4149.800	0.7514
4150.700	0.7609
4151.600	0.7750
4152.500	0.7709
4153.400	0.7576
4154.300	0.7405
4155.200	0.7321
4156.100	0.7268
4157.000	0.7459
4157.900	0.7957
4158.800	0.8217
4159.700	0.8097
4160.600	0.7908
4161.500	0.8010
4162.400	0.8433
4163.300	0.8579
4164.200	0.8381
4165.100	0.8290
4166.000	0.8314
4166.900	0.8197
4167.800	0.8046
4168.700	0.8174
4169.600	0.8267
4170.500	0.7929
4171.400	0.7078
4172.300	0.6217
4173.200	0.6034
4174.100	0.6565
4175.000	0.7217
4175.900	0.7480
4176.800	0.7293
4177.700	0.7060
4178.600	0.7255
4179.500	0.7750
4180.400	0.8081
4181.300	0.7789
4182.200	0.7393
4183.100	0.7428
4184.000	0.7701
4184.900	0.8085
4185.800	0.8173
4186.700	0.7600
4187.600	0.7251
4188.500	0.7745
4189.400	0.8111
4190.300	0.7833
4191.200	0.7620
4192.100	0.8078
4193.000	0.8726
4193.900	0.8753
4194.800	0.8208
4195.700	0.7497
4196.600	0.7192
4197.500	0.6997
4198.400	0.6634
4199.300	0.6837
4200.200	0.7308
4201.100	0.7233
4202.000	0.6890
4202.900	0.6948
4203.800	0.7249
4204.700	0.7311
4205.600	0.7463
4206.500	0.7868
4207.400	0.8207
4208.300	0.8340
4209.200	0.8246
4210.100	0.8311
4211.000	0.8583
4211.900	0.8955
4212.800	0.9091
4213.700	0.8813
4214.600	0.8071
4215.500	0.7304
4216.400	0.7475
4217.300	0.8332
4218.200	0.8750
4219.100	0.8626
4220.000	0.8469
4220.900	0.8686
4221.800	0.8718
4222.700	0.8342
4223.600	0.7897
4224.500	0.7135
4225.400	0.5980
4226.300	0.5024
4227.200	0.5291
4228.100	0.6864
4229.000	0.8239
4229.900	0.8712
4230.800	0.8841
4231.700	0.8607
4232.600	0.7922
4233.500	0.7483
4234.400	0.7558
4235.300	0.7578
4236.200	0.7452
4237.100	0.7548
4238.000	0.7549
4238.900	0.7403
4239.800	0.7467
4240.700	0.7889
4241.600	0.8360
4242.500	0.8518
4243.400	0.8671
4244.300	0.8867
4245.200	0.8594
4246.100	0.7942
4247.000	0.7548
4247.900	0.7759
4248.800	0.8130
4249.700	0.7938
4250.600	0.7567
4251.500	0.7834
4252.400	0.8343
4253.300	0.8409
4254.200	0.8173
4255.100	0.8050
4256.000	0.8169
4256.900	0.8315
4257.800	0.8168
4258.700	0.7762
4259.600	0.7301
4260.500	0.7078
4261.400	0.7610
4262.300	0.8467
4263.200	0.8974
4264.100	0.9130
4265.000	0.9161
4265.900	0.9200
4266.800	0.9093
4267.700	0.8811
4268.600	0.8584
4269.500	0.8267
4270.400	0.7447
4271.300	0.6473
4272.200	0.6397
4273.100	0.7149
4274.000	0.7636
4274.900	0.7790
4275.800	0.8186
4276.700	0.8668
4277.600	0.8912
4278.500	0.8909
4279.400	0.8569
4280.300	0.8149
4281.200	0.8126
4282.100	0.8215
4283.000	0.8192
4283.900	0.8207
4284.800	0.8022
4285.700	0.7817
4286.600	0.7755
4287.500	0.7640
4288.400	0.7232
4289.300	0.6634
4290.200	0.6414
4291.100	0.6975
4292.000	0.7849
4292.900	0.8380
4293.800	0.8260
4294.700	0.7996
4295.600	0.8003
4296.500	0.8036
4297.400	0.7862
4298.300	0.7132
4299.200	0.6214
4300.100	0.6055
4301.000	0.6559
4301.900	0.6984
4302.800	0.7266
4303.700	0.7662
4304.600	0.7572
4305.500	0.7079
4306.400	0.6833
4307.300	0.6564
4308.200	0.6218
4309.100	0.6521
4310.000	0.7395
4310.900	0.8392
4311.800	0.8852
4312.700	0.8637
4313.600	0.8082
4314.500	0.7698
4315.400	0.8148
4316.300	0.9067
4317.200	0.9395
4318.100	0.9395
4319.000	0.9249
4319.900	0.8952
4320.800	0.8561
4321.700	0.8719
4322.600	0.9179
4323.500	0.9003
4324.400	0.7967
4325.300	0.6725
4326.200	0.6656
4327.100	0.7903
4328.000	0.9131
4328.900	0.9638
4329.800	0.9345
4330.700	0.8862
4331.600	0.8873
4332.500	0.9155
4333.400	0.9292
4334.300	0.9486
4335.200	0.9708
4336.100	0.9273
4337.000	0.8074
4337.900	0.7079
4338.800	0.6710
4339.700	0.6180
4340.600	0.5917
4341.500	0.6834
4342.400	0.8000
4343.300	0.8290
4344.200	0.8202
4345.100	0.8570
4346.000	0.8957
4346.900	0.8969
4347.800	0.9126
4348.700	0.9495
4349.600	0.9476
4350.500	0.8646
4351.400	0.7608
4352.300	0.7554
4353.200	0.8427
4354.100	0.9094
4355.000	0.9343
4355.900	0.9670
4356.800	0.9896
4357.700	0.9541
4358.600	0.8873
4359.500	0.8660
4360.400	0.9084
4361.300	0.9602
4362.200	0.9896
4363.100	1.0040
4364.000	1.0154
4364.900	1.0181
4365.800	0.9952
4366.700	0.9401
4367.600	0.8814
4368.500	0.8656
4369.400	0.8908
4370.300	0.9201
4371.200	0.9507
4372.100	0.9627
4373.000	0.9147
4373.900	0.8249
4374.800	0.7737
4375.700	0.8096
4376.600	0.8978
4377.500	0.9656
4378.400	0.9799
4379.300	0.9584
4380.200	0.9442
4381.100	0.9346
4382.000	0.8610
4382.900	0.7061
4383.800	0.5905
4384.700	0.6238
4385.600	0.7544
4386.500	0.8613
4387.400	0.8879
4388.300	0.8727
4389.200	0.8535
4390.100	0.8275
4391.000	0.8208
4391.900	0.8584
4392.800	0.8972
4393.700	0.8794
4394.600	0.8268
4395.500	0.8265
4396.400	0.9051
4397.300	0.9601
4398.200	0.9406
4399.100	0.8815
4400.000	0.8075
4400.900	0.7824
4401.800	0.8466
4402.700	0.8975
4403.600	0.8335
4404.500	0.7440
4405.400	0.7660
4406.300	0.8381
4407.200	0.8271
4408.100	0.7699
4409.000	0.7801
4409.900	0.8554
4410.800	0.9164
4411.700	0.9511
4412.600	0.9719
4413.500	0.9396
4414.400	0.8425
4415.300	0.7823
4416.200	0.8104
4417.100	0.8446
4418.000	0.8711
4418.900	0.9178
4419.800	0.9465
4420.700	0.9267
4421.600	0.8813
4422.500	0.8434
4423.400	0.8435
4424.300	0.8729
4425.200	0.8893
4426.100	0.8954
4427.000	0.9179
4427.900	0.9317
4428.800	0.9066
4429.700	0.8535
4430.600	0.8233
4431.500	0.8540
4432.400	0.8717
4433.300	0.8418
4434.200	0.7954
4435.100	0.7689
4436.000	0.7974
4436.900	0.8702
4437.800	0.9293
4438.700	0.9634
4439.600	0.9556
4440.500	0.9003
4441.400	0.8375
4442.300	0.7876
4443.200	0.7691
4444.100	0.7987
4445.000	0.8626
4445.900	0.9112
4446.800	0.9052
4447.700	0.9054
4448.600	0.9251
4449.500	0.9050
4450.400	0.8657
4451.300	0.8741
4452.200	0.8979
4453.100	0.8800
4454.000	0.8257
4454.900	0.7703
4455.800	0.7649
4456.700	0.7964
4457.600	0.8076
4458.500	0.7935
4459.400	0.7840
4460.300	0.7806
4461.200	0.7604
4462.100	0.7646
4463.000	0.8224
4463.900	0.8686
4464.800	0.8722
4465.700	0.8713
4466.600	0.8739
4467.500	0.8676
4468.400	0.8503
4469.300	0.8293
4470.200	0.8389
4471.100	0.8673
4472.000	0.9052
4472.900	0.9444
4473.800	0.9786
4474.700	0.9923
4475.600	0.9874
4476.500	1.0027
4477.400	1.0245
4478.300	1.0020
4479.200	0.9305
4480.100	0.8583
4481.000	0.8233
4481.900	0.8275
4482.800	0.8636
4483.700	0.9203
4484.600	0.9624
4485.500	0.9829
4486.400	0.9855
4487.300	0.9601
4488.200	0.9040
4489.100	0.8515
4490.000	0.8428
4490.900	0.8794
4491.800	0.9288
4492.700	0.9477
4493.600	0.9136
4494.500	0.8650
4495.400	0.8518
4496.300	0.8699
4497.200	0.9023
4498.100	0.9475
4499.000	0.9727
4499.900	0.9596
4500.800	0.9252
4501.700	0.9198
4502.600	0.9767
4503.500	1.0393
4504.400	1.0546
4505.300	1.0434
4506.200	1.0284
4507.100	1.0064
4508.000	0.9890
4508.900	0.9884
4509.800	1.0047
4510.700	1.0237
4511.600	1.0173
4512.500	0.9853
4513.400	0.9576
4514.300	0.9414
4515.200	0.9390
4516.100	0.9508
4517.000	0.9459
4517.900	0.9288
4518.800	0.9381
4519.700	0.9656
4520.600	0.9886
4521.500	0.9793
4522.400	0.9288
4523.300	0.9025
4524.200	0.9131
4525.100	0.8997
4526.000	0.8636
4526.900	0.8380
4527.800	0.8234
4528.700	0.8129
4529.600	0.8200
4530.500	0.8416
4531.400	0.8735
4532.300	0.9020
4533.200	0.8770
4534.100	0.8226
4535.000	0.7991
4535.900	0.8384
4536.800	0.9323
4537.700	0.9933
4538.600	0.9852
4539.500	0.9506
4540.400	0.9228
4541.300	0.9176
4542.200	0.9400
4543.100	0.9572
4544.000	0.9316
4544.900	0.8982
4545.800	0.9036
4546.700	0.9231
4547.600	0.9234
4548.500	0.8941
4549.400	0.8567
4550.300	0.8707
4551.200	0.9115
4552.100	0.9124
4553.000	0.8913
4553.900	0.8690
4554.800	0.8548
4555.700	0.8738
4556.600	0.9247
4557.500	0.9682
4558.400	0.9773
4559.300	0.9780
4560.200	0.9814
4561.100	0.9888
4562.000	0.9901
4562.900	0.9577
4563.800	0.9034
4564.700	0.8670
4565.600	0.8672
4566.500	0.9128
4567.400	0.9663
4568.300	0.9886
4569.200	0.9919
4570.100	0.9787
4571.000	0.9258
4571.900	0.8957
4572.800	0.9468
4573.700	0.9966
4574.600	0.9922
4575.500	0.9842
4576.400	0.9896
4577.300	0.9952
4578.200	0.9799
4579.100	0.9331
4580.000	0.8837
4580.900	0.8627
4581.800	0.8758
4582.700	0.8892
4583.600	0.8838
4584.500	0.8911
4585.400	0.9008
4586.300	0.9096
4587.200	0.9443
4588.100	0.9783
4589.000	0.9930
4589.900	0.9880
4590.800	0.9584
4591.700	0.9191
4592.600	0.9036
4593.500	0.9132
4594.400	0.9105
4595.300	0.8987
4596.200	0.9023
4597.100	0.9149
4598.000	0.9257
4598.900	0.9420
4599.800	0.9236
4600.700	0.8964
4601.600	0.9152
4602.500	0.9433
4603.400	0.9590
4604.300	0.9561
4605.200	0.9384
4606.100	0.9457
4607.000	0.9715
4607.900	0.9994
4608.800	1.0316
4609.700	1.0377
4610.600	1.0116
4611.500	0.9855
4612.400	0.9736
4613.300	0.9627
4614.200	0.9749
4615.100	0.9905
4616.000	0.9776
4616.900	0.9789
4617.800	0.9879
4618.700	0.9688
4619.600	0.9595
4620.500	0.9882
4621.400	1.0064
4622.300	1.0033
4623.200	1.0092
4624.100	1.0162
4625.000	0.9961
4625.900	0.9825
4626.800	0.9985
4627.700	1.0063
4628.600	0.9812
4629.500	0.9641
4630.400	0.9878
4631.300	1.0212
4632.200	1.0095
4633.100	0.9743
4634.000	0.9637
4634.900	0.9691
4635.800	0.9653
4636.700	0.9553
4637.600	0.9379
4638.500	0.9293
4639.400	0.9394
4640.300	0.9578
4641.200	0.9921
4642.100	1.0070
4643.000	0.9934
4643.900	0.9787
4644.800	0.9653
4645.700	0.9305
4646.600	0.8851
4647.500	0.8676
4648.400	0.8892
4649.300	0.9312
4650.200	0.9650
4651.100	0.9791
4652.000	0.9848
4652.900	0.9884
4653.800	0.9650
4654.700	0.9220
4655.600	0.9008
4656.500	0.9053
4657.400	0.9404
4658.300	1.0073
4659.200	1.0547
4660.100	1.0578
4661.000	1.0230
4661.900	0.9732
4662.800	0.9416
4663.700	0.9399
4664.600	0.9486
4665.500	0.9248
4666.400	0.8545
4667.300	0.7918
4668.200	0.7953
4669.100	0.8455
4670.000	0.9019
4670.900	0.9537
4671.800	0.9796
4672.700	0.9669
4673.600	0.9518
4674.500	0.9617
4675.400	0.9921
4676.300	1.0221
4677.200	1.0166
4678.100	0.9815
4679.000	0.9472
4679.900	0.9250
4680.800	0.9108
4681.700	0.9097
4682.600	0.9360
4683.500	0.9735
4684.400	0.9904
4685.300	0.9865
4686.200	0.9804
4687.100	0.9704
4688.000	0.9623
4688.900	0.9657
4689.800	0.9620
4690.700	0.9461
4691.600	0.9429
4692.500	0.9662
4693.400	0.9914
4694.300	1.0105
4695.200	1.0327
4696.100	1.0405
4697.000	1.0135
4697.900	0.9580
4698.800	0.9170
4699.700	0.9214
4700.600	0.9406
4701.500	0.9395
4702.400	0.9262
4703.300	0.9181
4704.200	0.9343
4705.100	0.9579
4706.000	0.9530
4706.900	0.9210
4707.800	0.8908
4708.700	0.8821
4709.600	0.8995
4710.500	0.9428
4711.400	0.9845
4712.300	0.9949
4713.200	0.9782
4714.100	0.9519
4715.000	0.9481
4715.900	0.9800
4716.800	1.0132
4717.700	1.0213
4718.600	1.0229
4719.500	1.0316
4720.400	1.0324
4721.300	1.0190
4722.200	1.0076
4723.100	1.0142
4724.000	1.0330
4724.900	1.0464
4725.800	1.0313
4726.700	0.9767
4727.600	0.9173
4728.500	0.8981
4729.400	0.9098
4730.300	0.9191
4731.200	0.9308
4732.100	0.9563
4733.000	0.9803
4733.900	0.9953
4734.800	1.0050
4735.700	0.9862
4736.600	0.9534
4737.500	0.9600
4738.400	0.9919
4739.300	0.9925
4740.200	0.9684
4741.100	0.9621
4742.000	0.9852
4742.900	1.0110
4743.800	1.0143
4744.700	1.0015
4745.600	0.9998
4746.500	1.0178
4747.400	1.0264
4748.300	1.0147
4749.200	1.0090
4750.100	1.0168
4751.000	1.0193
4751.900	1.0035
4752.800	0.9904
4753.700	0.9812
4754.600	0.9683
4755.500	0.9583
4756.400	0.9574
4757.300	0.9736
4758.200	0.9881
4759.100	1.0032
4760.000	1.0161
4760.900	0.9996
4761.800	0.9533
4762.700	0.9193
4763.600	0.9175
4764.500	0.9194
4765.400	0.9139
4766.300	0.9189
4767.200	0.9458
4768.100	0.9728
4769.000	1.0035
4769.900	1.0287
4770.800	1.0136
4771.700	0.9841
4772.600	0.9842
4773.500	1.0153
4774.400	1.0481
4775.300	1.0480
4776.200	1.0370
4777.100	1.0485
4778.000	1.0548
4778.900	1.0369
4779.800	1.0241
4780.700	1.0346
4781.600	1.0384
4782.500	1.0118
4783.400	0.9888
4784.300	1.0005
4785.200	0.9979
4786.100	0.9561
4787.000	0.9415
4787.900	0.9636
4788.800	0.9650
4789.700	0.9645
4790.600	0.9833
4791.500	0.9940
4792.400	1.0076
4793.300	1.0376
4794.200	1.0675
4795.100	1.0790
4796.000	1.0678
4796.900	1.0420
4797.800	1.0054
4798.700	0.9718
4799.600	0.9654
4800.500	0.9819
4801.400	1.0157
4802.300	1.0406
4803.200	1.0396
4804.100	1.0211
4805.000	0.9962
4805.900	0.9914
4806.800	0.9940
4807.700	0.9845
4808.600	0.9851
4809.500	1.0018
4810.400	1.0104
4811.300	1.0127
4812.200	1.0209
4813.100	1.0258
4814.000	1.0334
4814.900	1.0453
4815.800	1.0535
4816.700	1.0584
4817.600	1.0572
4818.500	1.0608
4819.400	1.0682
4820.300	1.0589
4821.200	1.0529
4822.100	1.0354
4823.000	0.9841
4823.900	0.9556
4824.800	0.9892
4825.700	1.0369
4826.600	1.0580
4827.500	1.0468
4828.400	1.0215
4829.300	1.0092
4830.200	1.0202
4831.100	1.0139
4832.000	0.9926
4832.900	1.0006
4833.800	1.0240
4834.700	1.0328
4835.600	1.0231
4836.500	1.0211
4837.400	1.0308
4838.300	1.0117
4839.200	0.9758
4840.100	0.9621
4841.000	0.9809
4841.900	1.0018
4842.800	0.9936
4843.700	0.9901
4844.600	1.0232
4845.500	1.0543
4846.400	1.0546
4847.300	1.0250
4848.200	0.9802
4849.100	0.9666
4850.000	1.0032
4850.900	1.0313
4851.800	1.0266
4852.700	1.0223
4853.600	1.0016
4854.500	0.9453
4855.400	0.8947
4856.300	0.9103
4857.200	0.9613
4858.100	0.9643
4859.000	0.8997
4859.900	0.7821
4860.800	0.6709
4861.700	0.6676
4862.600	0.7850
4863.500	0.8796
4864.400	0.9093
4865.300	0.9360
4866.200	0.9605
4867.100	0.9694
4868.000	0.9745
4868.900	0.9844
4869.800	0.9679
4870.700	0.9087
4871.600	0.8725
4872.500	0.8995
4873.400	0.9416
4874.300	0.9575
4875.200	0.9605
4876.100	0.9637
4877.000	0.9700
4877.900	0.9806
4878.800	1.0157
4879.700	1.0489
4880.600	1.0234
4881.500	0.9748
4882.400	0.9690
4883.300	0.9883
4884.200	0.9769
4885.100	0.9444
4886.000	0.9270
4886.900	0.9371
4887.800	0.9494
4888.700	0.9484
4889.600	0.9334
4890.500	0.9024
4891.400	0.8942
4892.300	0.9558
4893.200	1.0272
4894.100	1.0645
4895.000	1.0806
4895.900	1.0820
4896.800	1.0799
4897.700	1.0796
4898.600	1.0582
4899.500	1.0178
4900.400	1.0084
4901.300	1.0308
4902.200	1.0292
4903.100	1.0045
4904.000	1.0043
4904.900	1.0360
4905.800	1.0668
4906.700	1.0697
4907.600	1.0408
4908.500	1.0017
4909.400	0.9575
4910.300	0.9264
4911.200	0.9427
4912.100	0.9825
4913.000	1.0076
4913.900	1.0230
4914.800	1.0531
4915.700	1.0772
4916.600	1.0547
4917.500	0.9909
4918.400	0.9177
4919.300	0.8684
4920.200	0.8553
4921.100	0.8837
4922.000	0.9353
4922.900	0.9549
4923.800	0.9372
4924.700	0.9385
4925.600	0.9877
4926.500	1.0315
4927.400	1.0343
4928.300	1.0355
4929.200	1.0560
4930.100	1.0627
4931.000	1.0595
4931.900	1.0436
4932.800	0.9875
4933.700	0.9336
4934.600	0.9504
4935.500	0.9976
4936.400	0.9969
4937.300	0.9557
4938.200	0.9127
4939.100	0.9111
4940.000	0.9696
4940.900	1.0404
4941.800	1.0638
4942.700	1.0593
4943.600	1.0652
4944.500	1.0566
4945.400	1.0248
4946.300	1.0115
4947.200	1.0366
4948.100	1.0647
4949.000	1.0695
4949.900	1.0662
4950.800	1.0721
4951.700	1.0671
4952.600	1.0428
4953.500	1.0353
4954.400	1.0510
4955.300	1.0542
4956.200	1.0015
4957.100	0.9135
4958.000	0.9020
4958.900	0.9889
4959.800	1.0624
4960.700	1.0732
4961.600	1.0587
4962.500	1.0563
4963.400	1.0629
4964.300	1.0460
4965.200	1.0112
4966.100	0.9954
4967.000	1.0003
4967.900	0.9969
4968.800	0.9892
4969.700	0.9903
4970.600	0.9976
4971.500	1.0212
4972.400	1.0482
4973.300	1.0643
4974.200	1.0719
4975.100	1.0620
4976.000	1.0422
4976.900	1.0244
4977.800	0.9985
4978.700	0.9800
4979.600	0.9835
4980.500	0.9773
4981.400	0.9364
4982.300	0.8802
4983.200	0.8545
4984.100	0.8734
4985.000	0.9073
4985.900	0.9508
4986.800	1.0065
4987.700	1.0377
4988.600	1.0276
4989.500	1.0049
4990.400	0.9879
4991.300	0.9884
4992.200	1.0052
4993.100	1.0039
4994.000	0.9961
4994.900	1.0230
4995.800	1.0522
4996.700	1.0484
4997.600	1.0272
4998.500	0.9952
4999.400	0.9604
5000.300	0.9456
5001.200	0.9496
5002.100	0.9575
5003.000	0.9671
5003.900	0.9666
5004.800	0.9357
5005.700	0.8961
5006.600	0.9020
5007.500	0.9610
5008.400	1.0188
5009.300	1.0284
5010.200	1.0022
5011.100	0.9631
5012.000	0.9170
5012.900	0.8829
5013.800	0.8750
5014.700	0.8968
5015.600	0.9316
5016.500	0.9358
5017.400	0.9101
5018.300	0.9029
5019.200	0.9369
5020.100	0.9736
5021.000	0.9746
5021.900	0.9544
5022.800	0.9545
5023.700	0.9806
5024.600	0.9965
5025.500	0.9941
5026.400	0.9754
5027.300	0.9492
5028.200	0.9613
5029.100	1.0024
5030.000	1.0206
5030.900	1.0215
5031.800	1.0382
5032.700	1.0672
5033.600	1.0731
5034.500	1.0304
5035.400	0.9611
5036.300	0.9337
5037.200	0.9571
5038.100	0.9617
5039.000	0.9248
5039.900	0.8711
5040.800	0.8256
5041.700	0.8444
5042.600	0.9342
5043.500	1.0130
5044.400	1.0478
5045.300	1.0690
5046.200	1.0772
5047.100	1.0481
5048.000	0.9907
5048.900	0.9551
5049.800	0.9622
5050.700	0.9765
5051.600	0.9827
5052.500	1.0047
5053.400	1.0373
5054.300	1.0607
5055.200	1.0712
5056.100	1.0685
5057.000	1.0585
5057.900	1.0574
5058.800	1.0618
5059.700	1.0622
5060.600	1.0718
5061.500	1.0890
5062.400	1.0909
5063.300	1.0559
5064.200	0.9890
5065.100	0.9512
5066.000	0.9771
5066.900	1.0079
5067.800	1.0060
5068.700	1.0056
5069.600	1.0311
5070.500	1.0458
5071.400	1.0146
5072.300	0.9851
5073.200	1.0003
5074.100	1.0187
5075.000	1.0119
5075.900	1.0106
5076.800	1.0241
5077.700	1.0121
5078.600	0.9425
5079.500	0.8694
5080.400	0.8719
5081.300	0.9299
5082.200	0.9710
5083.100	0.9772
5084.000	0.9891
5084.900	1.0221
5085.800	1.0409
5086.700	1.0289
5087.600	1.0142
5088.500	1.0210
5089.400	1.0317
5090.300	1.0331
5091.200	1.0384
5092.100	1.0559
5093.000	1.0748
5093.900	1.0836
5094.800	1.0779
5095.700	1.0509
5096.600	1.0017
5097.500	0.9463
5098.400	0.9028
5099.300	0.9014
5100.200	0.9608
5101.100	1.0308
5102.000	1.0559
5102.900	1.0409
5103.800	1.0190
5104.700	1.0083
5105.600	1.0044
5106.500	0.9865
5107.400	0.9633
5108.300	0.9662
5109.200	0.9745
5110.100	0.9720
5111.000	0.9940
5111.900	1.0289
5112.800	1.0426
5113.700	1.0413
5114.600	1.0333
5115.500	1.0343
5116.400	1.0573
5117.300	1.0802
5118.200	1.0807
5119.100	1.0648
5120.000	1.0431
5120.900	1.0211
5121.800	0.9975
5122.700	0.9648
5123.600	0.9381
5124.500	0.9408
5125.400	0.9612
5126.300	0.9785
5127.200	0.9821
5128.100	0.9781
5129.000	0.9693
5129.900	0.9666
5130.800	0.9734
5131.700	0.9788
5132.600	0.9892
5133.500	1.0076
5134.400	1.0355
5135.300	1.0461
5136.200	1.0138
5137.100	0.9771
5138.000	0.9624
5138.900	0.9464
5139.800	0.9555
5140.700	0.9851
5141.600	0.9634
5142.500	0.9226
5143.400	0.9405
5144.300	0.9821
5145.200	0.9841
5146.100	0.9634
5147.000	0.9512
5147.900	0.9604
5148.800	0.9917
5149.700	1.0119
5150.600	0.9908
5151.500	0.9599
5152.400	0.9504
5153.300	0.9532
5154.200	0.9657
5155.100	0.9908
5156.000	1.0150
5156.900	1.0359
5157.800	1.0494
5158.700	1.0515
5159.600	1.0574
5160.500	1.0637
5161.400	1.0484
5162.300	1.0314
5163.200	1.0370
5164.100	1.0297
5165.000	0.9744
5165.900	0.8829
5166.800	0.7865
5167.700	0.7423
5168.600	0.7842
5169.500	0.8779
5170.400	0.9285
5171.300	0.8579
5172.200	0.7529
5173.100	0.7643
5174.000	0.8908
5174.900	0.9992
5175.800	1.0321
5176.700	1.0328
5177.600	1.0401
5178.500	1.0444
5179.400	1.0364
5180.300	1.0262
5181.200	1.0011
5182.100	0.9106
5183.000	0.7700
5183.900	0.7216
5184.800	0.8239
5185.700	0.9462
5186.600	0.9970
5187.500	0.9885
5188.400	0.9719
5189.300	0.9962
5190.200	1.0130
5191.100	0.9535
5192.000	0.8849
5192.900	0.8974
5193.800	0.9469
5194.700	0.9521
5195.600	0.9394
5196.500	0.9512
5197.400	0.9694
5198.300	0.9873
5199.200	1.0069
5200.100	1.0174
5201.000	1.0162
5201.900	1.0102
5202.800	1.0057
5203.700	0.9880
5204.600	0.9432
5205.500	0.9142
5206.400	0.9264
5207.300	0.9381
5208.200	0.9222
5209.100	0.9312
5210.000	0.9637
5210.900	0.9825
5211.800	1.0048
5212.700	1.0315
5213.600	1.0352
5214.500	1.0004
5215.400	0.9567
5216.300	0.9418
5217.200	0.9561
5218.100	0.9889
5219.000	1.0198
5219.900	1.0319
5220.800	1.0360
5221.700	1.0349
5222.600	1.0234
5223.500	0.9977
5224.400	0.9551
5225.300	0.8961
5226.200	0.8349
5227.100	0.8298
5228.000	0.9054
5228.900	0.9784
5229.800	1.0059
5230.700	1.0198
5231.600	1.0160
5232.500	0.9801
5233.400	0.9533
5234.300	0.9489
5235.200	0.9575
5236.100	0.9920
5237.000	1.0296
5237.900	1.0441
5238.800	1.0421
5239.700	1.0385
5240.600	1.0425
5241.500	1.0409
5242.400	1.0255
5243.300	1.0227
5244.200	1.0441
5245.100	1.0582
5246.000	1.0293
5246.900	0.9784
5247.800	0.9631
5248.700	0.9721
5249.600	0.9514
5250.500	0.9368
5251.400	0.9629
5252.300	0.9900
5253.200	0.9896
5254.100	0.9681
5255.000	0.9488
5255.900	0.9734
5256.800	1.0302
5257.700	1.0642
5258.600	1.0689
5259.500	1.0554
5260.400	1.0264
5261.300	0.9741
5262.200	0.9177
5263.100	0.8825
5264.000	0.8562
5264.900	0.8335
5265.800	0.8336
5266.700	0.8829
5267.600	0.9314
5268.500	0.8983
5269.400	0.8248
5270.300	0.8318
5271.200	0.9203
5272.100	0.9763
5273.000	0.9660
5273.900	0.9425
5274.800	0.9219
5275.700	0.9177
5276.600	0.9702
5277.500	1.0350
5278.400	1.0547
5279.300	1.0357
5280.200	1.0050
5281.100	0.9845
5282.000	0.9731
5282.900	0.9565
5283.800	0.9419
5284.700	0.9724
5285.600	1.0336
5286.500	1.0693
5287.400	1.0672
5288.300	1.0538
5289.200	1.0586
5290.100	1.0754
5291.000	1.0761
5291.900	1.0580
5292.800	1.0371
5293.700	1.0323
5294.600	1.0372
5295.500	1.0227
5296.400	0.9752
5297.300	0.9183
5298.200	0.9060
5299.100	0.9538
5300.000	0.9982
5300.900	0.9977
5301.800	0.9883
5302.700	1.0040
5303.600	1.0398
5304.500	1.0613
5305.400	1.0585
5306.300	1.0447
5307.200	1.0325
5308.100	1.0408
5309.000	1.0657
5309.900	1.0794
5310.800	1.0801
5311.700	1.0737
5312.600	1.0626
5313.500	1.0556
5314.400	1.0517
5315.300	1.0342
5316.200	1.0027
5317.100	0.9981
5318.000	1.0275
5318.900	1.0446
5319.800	1.0414
5320.700	1.0345
5321.600	1.0290
5322.500	1.0197
5323.400	0.9967
5324.300	0.9788
5325.200	0.9918
5326.100	0.9982
5327.000	0.9439
5327.900	0.8494
5328.800	0.8341
5329.700	0.9240
5330.600	1.0053
5331.500	1.0226
5332.400	1.0029
5333.300	1.0018
5334.200	1.0294
5335.100	1.0461
5336.000	1.0346
5336.900	1.0165
5337.800	1.0196
5338.700	1.0182
5339.600	0.9814
5340.500	0.9478
5341.400	0.9691
5342.300	1.0139
5343.200	1.0343
5344.100	1.0361
5345.000	1.0226
5345.900	1.0075
5346.800	1.0141
5347.700	1.0118
5348.600	0.9882
5349.500	0.9825
5350.400	1.0123
5351.300	1.0444
5352.200	1.0439
5353.100	1.0288
5354.000	1.0416
5354.900	1.0760
5355.800	1.0906
5356.700	1.0879
5357.600	1.0838
5358.500	1.0848
5359.400	1.0888
5360.300	1.0813
5361.200	1.0569
5362.100	1.0311
5363.000	1.0213
5363.900	1.0182
5364.800	1.0053
5365.700	1.0042
5366.600	1.0184
5367.500	1.0264
5368.400	1.0244
5369.300	0.9944
5370.200	0.9495
5371.100	0.9314
5372.000	0.9653
5372.900	1.0245
5373.800	1.0597
5374.700	1.0776
5375.600	1.0847
5376.500	1.0747
5377.400	1.0607
5378.300	1.0564
5379.200	1.0488
5380.100	1.0329
5381.000	1.0275
5381.900	1.0302
5382.800	1.0254
5383.700	1.0323
5384.600	1.0574
5385.500	1.0635
5386.400	1.0524
5387.300	1.0451
5388.200	1.0402
5389.100	1.0266
5390.000	1.0136
5390.900	1.0049
5391.800	0.9974
5392.700	0.9940
5393.600	0.9929
5394.500	0.9957
5395.400	0.9919
5396.300	0.9649
5397.200	0.9413
5398.100	0.9669
5399.000	1.0071
5399.900	1.0147
5400.800	1.0104
5401.700	1.0200
5402.600	1.0121
5403.500	0.9660
5404.400	0.9209
5405.300	0.9057
5406.200	0.9250
5407.100	0.9661
5408.000	0.9909
5408.900	0.9781
5409.800	0.9531
5410.700	0.9625
5411.600	1.0066
5412.500	1.0400
5413.400	1.0353
5414.300	1.0153
5415.200	1.0116
5416.100	1.0337
5417.000	1.0522
5417.900	1.0483
5418.800	1.0325
5419.700	1.0128
5420.600	1.0001
5421.500	1.0127
5422.400	1.0269
5423.300	1.0021
5424.200	0.9717
5425.100	0.9905
5426.000	1.0409
5426.900	1.0679
5427.800	1.0481
5428.700	0.9872
5429.600	0.9426
5430.500	0.9700
5431.400	1.0103
5432.300	1.0029
5433.200	0.9800
5434.100	0.9642
5435.000	0.9576
5435.900	0.9661
5436.800	0.9938
5437.700	1.0390
5438.600	1.0711
5439.500	1.0802
5440.400	1.0778
5441.300	1.0668
5442.200	1.0610
5443.100	1.0649
5444.000	1.0512
5444.900	1.0136
5445.800	0.9652
5446.700	0.9371
5447.600	0.9726
5448.500	1.0379
5449.400	1.0726
5450.300	1.0749
5451.200	1.0667
5452.100	1.0640
5453.000	1.0544
5453.900	1.0221
5454.800	0.9716
5455.700	0.9581
5456.600	1.0103
5457.500	1.0630
5458.400	1.0798
5459.300	1.0761
5460.200	1.0602
5461.100	1.0380
5462.000	1.0004
5462.900	0.9673
5463.800	0.9845
5464.700	1.0280
5465.600	1.0381
5466.500	1.0251
5467.400	1.0313
5468.300	1.0426
5469.200	1.0382
5470.100	1.0257
5471.000	1.0261
5471.900	1.0284
5472.800	1.0110
5473.700	0.9996
5474.600	1.0017
5475.500	0.9678
5476.400	0.9102
5477.300	0.9188
5478.200	0.9876
5479.100	1.0300
5480.000	1.0167
5480.900	0.9791
5481.800	0.9694
5482.700	0.9846
5483.600	1.0098
5484.500	1.0467
5485.400	1.0619
5486.300	1.0382
5487.200	1.0067
5488.100	1.0071
5489.000	1.0258
5489.900	1.0291
5490.800	1.0316
5491.700	1.0366
5492.600	1.0267
5493.500	1.0120
5494.400	1.0209
5495.300	1.0391
5496.200	1.0292
5497.100	1.0031
5498.000	1.0143
5498.900	1.0516
5499.800	1.0585
5500.700	1.0293
5501.600	0.9986
5502.500	0.9971
5503.400	1.0178
5504.300	1.0364
5505.200	1.0299
5506.100	1.0022
5507.000	0.9960
5507.900	1.0184
5508.800	1.0266
5509.700	1.0167
5510.600	1.0089
5511.500	0.9903
5512.400	0.9664
5513.300	0.9700
5514.200	0.9933
5515.100	1.0159
5516.000	1.0275
5516.900	1.0305
5517.800	1.0455
5518.700	1.0624
5519.600	1.0635
5520.500	1.0552
5521.400	1.0486
5522.300	1.0451
5523.200	1.0470
5524.100	1.0431
5525.000	1.0222
5525.900	0.9987
5526.800	0.9798
5527.700	0.9610
5528.600	0.9613
5529.500	0.9946
5530.400	1.0293
5531.300	1.0415
5532.200	1.0366
5533.100	1.0274
5534.000	1.0110
5534.900	0.9925
5535.800	1.0035
5536.700	1.0281
5537.600	1.0331
5538.500	1.0350
5539.400	1.0504
5540.300	1.0654
5541.200	1.0669
5542.100	1.0506
5543.000	1.0227
5543.900	1.0118
5544.800	1.0214
5545.700	1.0243
5546.600	1.0274
5547.500	1.0494
5548.400	1.0694
5549.300	1.0707
5550.200	1.0710
5551.100	1.0692
5552.000	1.0514
5552.900	1.0331
5553.800	1.0210
5554.700	1.0271
5555.600	1.0454
5556.500	1.0599
5557.400	1.0601
5558.300	1.0530
5559.200	1.0503
5560.100	1.0416
5561.000	1.0259
5561.900	1.0109
5562.800	1.0008
5563.700	1.0063
5564.600	1.0119
5565.500	1.0110
5566.400	1.0172
5567.300	1.0214
5568.200	1.0161
5569.100	1.0106
5570.000	1.0220
5570.900	1.0297
5571.800	1.0093
5572.700	0.9980
5573.600	1.0252
5574.500	1.0474
5575.400	1.0387
5576.300	1.0273
5577.200	1.0315
5578.100	1.0337
5579.000	1.0366
5579.900	1.0475
5580.800	1.0430
5581.700	1.0286
5582.600	1.0350
5583.500	1.0472
5584.400	1.0409
5585.300	1.0083
5586.200	0.9557
5587.100	0.9224
5588.000	0.9177
5588.900	0.9313
5589.800	0.9617
5590.700	0.9819
5591.600	0.9769
5592.500	0.9699
5593.400	0.9694
5594.300	0.9831
5595.200	1.0212
5596.100	1.0437
5597.000	1.0201
5597.900	0.9821
5598.800	0.9764
5599.700	0.9875
5600.600	0.9731
5601.500	0.9471
5602.400	0.9452
5603.300	0.9785
5604.200	1.0264
5605.100	1.0565
5606.000	1.0651
5606.900	1.0594
5607.800	1.0551
5608.700	1.0582
5609.600	1.0583
5610.500	1.0620
5611.400	1.0768
5612.300	1.0796
5613.200	1.0504
5614.100	0.9863
5615.000	0.9339
5615.900	0.9488
5616.800	1.0005
5617.700	1.0289
5618.600	1.0201
5619.500	1.0135
5620.400	1.0247
5621.300	1.0404
5622.200	1.0422
5623.100	1.0154
5624.000	0.9769
5624.900	0.9765
5625.800	1.0106
5626.700	1.0272
5627.600	1.0200
5628.500	1.0362
5629.400	1.0639
5630.300	1.0783
5631.200	1.0738
5632.100	1.0573
5633.000	1.0404
5633.900	1.0380
5634.800	1.0325
5635.700	1.0120
5636.600	0.9935
5637.500	0.9993
5638.400	1.0215
5639.300	1.0253
5640.200	1.0024
5641.100	0.9875
5642.000	1.0004
5642.900	1.0146
5643.800	1.0168
5644.700	1.0225
5645.600	1.0298
5646.500	1.0410
5647.400	1.0475
5648.300	1.0372
5649.200	1.0171
5650.100	1.0150
5651.000	1.0283
5651.900	1.0408
5652.800	1.0408
5653.700	1.0174
5654.600	0.9923
5655.500	0.9985
5656.400	1.0056
5657.300	0.9475
5658.200	0.8930
5659.100	0.9276
5660.000	0.9879
5660.900	0.9979
5661.800	0.9783
5662.700	0.9806
5663.600	1.0161
5664.500	1.0336
5665.400	1.0199
5666.300	0.9957
5667.200	0.9830
5668.100	0.9911
5669.000	1.0004
5669.900	1.0154
5670.800	1.0278
5671.700	1.0468
5672.600	1.0643
5673.500	1.0592
5674.400	1.0444
5675.300	1.0360
5676.200	1.0418
5677.100	1.0481
5678.000	1.0407
5678.900	1.0370
5679.800	1.0462
5680.700	1.0356
5681.600	0.9882
5682.500	0.9580
5683.400	0.9636
5684.300	0.9830
5685.200	1.0017
5686.100	0.9963
5687.000	0.9809
5687.900	0.9764
5688.800	0.9906
5689.700	1.0080
5690.600	1.0188
5691.500	1.0308
5692.400	1.0319
5693.300	1.0188
5694.200	1.0179
5695.100	1.0331
5696.000	1.0488
5696.900	1.0492
5697.800	1.0237
5698.700	1.0079
5699.600	1.0087
5700.500	0.9976
5701.400	0.9818
5702.300	0.9896
5703.200	1.0147
5704.100	1.0275
5705.000	1.0086
5705.900	0.9834
5706.800	0.9711
5707.700	0.9528
5708.600	0.9271
5709.500	0.9231
5710.400	0.9345
5711.300	0.9343
5712.200	0.9572
5713.100	1.0034
5714.000	1.0300
5714.900	1.0377
5715.800	1.0507
5716.700	1.0487
5717.600	1.0328
5718.500	1.0387
5719.400	1.0545
5720.300	1.0497
5721.200	1.0438
5722.100	1.0502
5723.000	1.0554
5723.900	1.0561
5724.800	1.0508
5725.700	1.0348
5726.600	1.0213
5727.500	1.0270
5728.400	1.0463
5729.300	1.0465
5730.200	1.0277
5731.100	1.0049
5732.000	1.0110
5732.900	1.0405
5733.800	1.0589
5734.700	1.0642
5735.600	1.0629
5736.500	1.0573
5737.400	1.0522
5738.300	1.0478
5739.200	1.0427
5740.100	1.0422
5741.000	1.0370
5741.900	1.0282
5742.800	1.0308
5743.700	1.0438
5744.600	1.0532
5745.500	1.0547
5746.400	1.0430
5747.300	1.0148
5748.200	1.0042
5749.100	1.0284
5750.000	1.0520
5750.900	1.0459
5751.800	1.0170
5752.700	0.9827
5753.600	0.9633
5754.500	0.9754
5755.400	1.0102
5756.300	1.0394
5757.200	1.0532
5758.100	1.0631
5759.000	1.0520
5759.900	1.0296
5760.800	1.0100
5761.700	0.9954
5762.600	0.9932
5763.500	1.0151
5764.400	1.0415
5765.300	1.0539
5766.200	1.0615
5767.100	1.0637
5768.000	1.0559
5768.900	1.0491
5769.800	1.0458
5770.700	1.0374
5771.600	1.0276
5772.500	1.0242
5773.400	1.0288
5774.300	1.0254
5775.200	1.0260
5776.100	1.0335
5777.000	1.0349
5777.900	1.0323
5778.800	1.0200
5779.700	0.9900
5780.600	0.9558
5781.500	0.9484
5782.400	0.9637
5783.300	0.9751
5784.200	0.9714
5785.100	0.9716
5786.000	0.9893
5786.900	1.0076
5787.800	1.0192
5788.700	1.0337
5789.600	1.0289
5790.500	1.0091
5791.400	1.0125
5792.300	1.0245
5793.200	1.0247
5794.100	1.0322
5795.000	1.0428
5795.900	1.0327
5796.800	1.0081
5797.700	0.9945
5798.600	1.0077
5799.500	1.0326
5800.400	1.0501
5801.300	1.0571
5802.200	1.0524
5803.100	1.0355
5804.000	1.0122
5804.900	1.0019
5805.800	1.0085
5806.700	1.0205
5807.600	1.0246
5808.500	1.0225
5809.400	1.0262
5810.300	1.0359
5811.200	1.0470
5812.100	1.0517
5813.000	1.0518
5813.900	1.0450
5814.800	1.0249
5815.700	1.0070
5816.600	1.0112
5817.500	1.0329
5818.400	1.0464
5819.300	1.0489
5820.200	1.0500
5821.100	1.0489
5822.000	1.0443
5822.900	1.0413
5823.800	1.0468
5824.700	1.0579
5825.600	1.0612
5826.500	1.0570
5827.400	1.0525
5828.300	1.0539
5829.200	1.0584
5830.100	1.0542
5831.000	1.0454
5831.900	1.0445
5832.800	1.0484
5833.700	1.0475
5834.600	1.0433
5835.500	1.0441
5836.400	1.0488
5837.300	1.0450
5838.200	1.0379
5839.100	1.0429
5840.000	1.0571
5840.900	1.0660
5841.800	1.0587
5842.700	1.0474
5843.600	1.0425
5844.500	1.0403
5845.400	1.0365
5846.300	1.0267
5847.200	1.0223
5848.100	1.0284
5849.000	1.0407
5849.900	1.0532
5850.800	1.0504
5851.700	1.0306
5852.600	1.0059
5853.500	0.9958
5854.400	1.0084
5855.300	1.0163
5856.200	0.9970
5857.100	0.9684
5858.000	0.9719
5858.900	0.9997
5859.800	1.0207
5860.700	1.0301
5861.600	1.0247
5862.500	1.0201
5863.400	1.0273
5864.300	1.0298
5865.200	1.0211
5866.100	1.0121
5867.000	1.0211
5867.900	1.0380
5868.800	1.0482
5869.700	1.0534
5870.600	1.0524
5871.500	1.0503
5872.400	1.0463
5873.300	1.0437
5874.200	1.0500
5875.100	1.0494
5876.000	1.0384
5876.900	1.0323
5877.800	1.0299
5878.700	1.0326
5879.600	1.0352
5880.500	1.0326
5881.400	1.0268
5882.300	1.0220
5883.200	1.0154
5884.100	1.0131
5885.000	1.0266
5885.900	1.0342
5886.800	1.0193
5887.700	0.9776
5888.600	0.8741
5889.500	0.7558
5890.400	0.7605
5891.300	0.8665
5892.200	0.9427
5893.100	0.9631
5894.000	0.9427
5894.900	0.8697
5895.800	0.8074
5896.700	0.8501
5897.600	0.9345
5898.500	0.9706
5899.400	0.9824
5900.300	0.9961
5901.200	1.0074
5902.100	1.0155
5903.000	1.0248
5903.900	1.0307
5904.800	1.0228
5905.700	1.0192
5906.600	1.0312
5907.500	1.0384
5908.400	1.0269
5909.300	1.0110
5910.200	1.0173
5911.100	1.0382
5912.000	1.0423
5912.900	1.0183
5913.800	0.9882
5914.700	0.9802
5915.600	0.9894
5916.500	1.0077
5917.400	1.0202
5918.300	1.0155
5919.200	1.0111
5920.100	1.0150
5921.000	1.0189
5921.900	1.0181
5922.800	1.0206
5923.700	1.0254
5924.600	1.0344
5925.500	1.0414
5926.400	1.0362
5927.300	1.0269
5928.200	1.0184
5929.100	1.0037
5930.000	1.0041
5930.900	1.0273
5931.800	1.0394
5932.700	1.0263
5933.600	1.0064
5934.500	1.0029
5935.400	1.0191
5936.300	1.0361
5937.200	1.0449
5938.100	1.0471
5939.000	1.0442
5939.900	1.0363
5940.800	1.0174
5941.700	0.9983
5942.600	0.9993
5943.500	1.0152
5944.400	1.0311
5945.300	1.0327
5946.200	1.0233
5947.100	1.0047
5948.000	0.9870
5948.900	0.9821
5949.800	0.9933
5950.700	1.0085
5951.600	1.0043
5952.500	0.9908
5953.400	1.0045
5954.300	1.0292
5955.200	1.0327
5956.100	1.0155
5957.000	1.0009
5957.900	0.9973
5958.800	1.0073
5959.700	1.0274
5960.600	1.0442
5961.500	1.0486
5962.400	1.0418
5963.300	1.0380
5964.200	1.0408
5965.100	1.0434
5966.000	1.0397
5966.900	1.0397
5967.800	1.0400
5968.700	1.0326
5969.600	1.0271
5970.500	1.0348
5971.400	1.0422
5972.300	1.0424
5973.200	1.0423
5974.100	1.0302
5975.000	1.0085
5975.900	0.9947
5976.800	0.9901
5977.700	0.9999
5978.600	1.0190
5979.500	1.0361
5980.400	1.0484
5981.300	1.0459
5982.200	1.0289
5983.100	1.0006
5984.000	0.9785
5984.900	0.9840
5985.800	1.0036
5986.700	1.0151
5987.600	1.0193
5988.500	1.0246
5989.400	1.0315
5990.300	1.0257
5991.200	1.0098
5992.100	1.0121
5993.000	1.0312
5993.900	1.0418
5994.800	1.0394
5995.700	1.0304
5996.600	1.0164
5997.500	1.0032
5998.400	1.0093
5999.300	1.0250
6000.200	1.0355
6001.100	1.0289
6002.000	1.0084
6002.900	0.9956
6003.800	1.0087
6004.700	1.0216
6005.600	1.0143
6006.500	0.9916
6007.400	0.9680
6008.300	0.9736
6009.200	1.0074
6010.100	1.0325
6011.000	1.0394
6011.900	1.0252
6012.800	1.0040
6013.700	1.0003
6014.600	1.0122
6015.500	1.0086
6016.400	0.9969
6017.300	1.0073
6018.200	1.0202
6019.100	1.0099
6020.000	0.9861
6020.900	0.9774
6021.800	0.9810
6022.700	0.9917
6023.600	0.9980
6024.500	1.0116
6025.400	1.0233
6026.300	1.0124
6027.200	1.0029
6028.100	1.0124
6029.000	1.0194
6029.900	1.0216
6030.800	1.0297
6031.700	1.0376
6032.600	1.0414
6033.500	1.0422
6034.400	1.0422
6035.300	1.0423
6036.200	1.0471
6037.100	1.0481
6038.000	1.0438
6038.900	1.0380
6039.800	1.0309
6040.700	1.0260
6041.600	1.0245
6042.500	1.0274
6043.400	1.0337
6044.300	1.0373
6045.200	1.0381
6046.100	1.0374
6047.000	1.0393
6047.900	1.0374
6048.800	1.0338
6049.700	1.0362
6050.600	1.0436
6051.500	1.0409
6052.400	1.0300
6053.300	1.0266
6054.200	1.0260
6055.100	1.0169
6056.000	1.0072
6056.900	1.0134
6057.800	1.0272
6058.700	1.0371
6059.600	1.0403
6060.500	1.0382
6061.400	1.0295
6062.300	1.0127
6063.200	1.0002
6064.100	0.9928
6065.000	0.9805
6065.900	0.9849
6066.800	1.0111
6067.700	1.0353
6068.600	1.0451
6069.500	1.0447
6070.400	1.0433
6071.300	1.0467
6072.200	1.0467
6073.100	1.0442
6074.000	1.0473
6074.900	1.0491
6075.800	1.0442
6076.700	1.0331
6077.600	1.0072
6078.500	0.9827
6079.400	0.9903
6080.300	1.0084
6081.200	1.0078
6082.100	0.9931
6083.000	0.9876
6083.900	0.9934
6084.800	0.9914
6085.700	0.9953
6086.600	1.0058
6087.500	1.0129
6088.400	1.0072
6089.300	0.9924
6090.200	0.9909
6091.100	1.0029
6092.000	1.0036
6092.900	1.0014
6093.800	1.0100
6094.700	1.0189
6095.600	1.0173
6096.500	1.0103
6097.400	1.0160
6098.300	1.0250
6099.200	1.0270
6100.100	1.0163
6101.000	0.9879
6101.900	0.9404
6102.800	0.9204
6103.700	0.9611
6104.600	1.0059
6105.500	1.0238
6106.400	1.0220
6107.300	1.0086
6108.200	1.0042
6109.100	1.0206
6110.000	1.0304
6110.900	1.0235
6111.800	1.0180
6112.700	1.0239
6113.600	1.0293
6114.500	1.0241
6115.400	1.0143
6116.300	1.0117
6117.200	1.0184
6118.100	1.0227
6119.000	1.0190
6119.900	1.0073
6120.800	0.9863
6121.700	0.9678
6122.600	0.9761
6123.500	1.0035
6124.400	1.0150
6125.300	1.0079
6126.200	1.0050
6127.100	0.9990
6128.000	0.9873
6128.900	0.9928
6129.800	1.0087
6130.700	1.0142
6131.600	1.0188
6132.500	1.0269
6133.400	1.0246
6134.300	1.0104
6135.200	0.9729
6136.100	0.9179
6137.000	0.8833
6137.900	0.9113
6138.800	0.9766
6139.700	1.0103
6140.600	0.9885
6141.500	0.9485
6142.400	0.9583
6143.300	0.9948
6144.200	1.0078
6145.100	1.0036
6146.000	1.0072
6146.900	1.0030
6147.800	0.9928
6148.700	0.9989
6149.600	1.0074
6150.500	1.0066
6151.400	1.0054
6152.300	1.0164
6153.200	1.0146
6154.100	0.9915
6155.000	0.9809
6155.900	0.9988
6156.800	1.0094
6157.700	1.0099
6158.600	1.0192
6159.500	1.0109
6160.400	0.9673
6161.300	0.9180
6162.200	0.8992
6163.100	0.9162
6164.000	0.9500
6164.900	0.9769
6165.800	0.9834
6166.700	0.9939
6167.600	0.9916
6168.500	0.9560
6169.400	0.9282
6170.300	0.9500
6171.200	0.9883
6172.100	0.9997
6173.000	0.9981
6173.900	1.0036
6174.800	1.0014
6175.700	0.9874
6176.600	0.9782
6177.500	0.9921
6178.400	1.0107
6179.300	1.0081
6180.200	0.9998
6181.100	1.0057
6182.000	1.0128
6182.900	1.0218
6183.800	1.0299
6184.700	1.0300
6185.600	1.0177
6186.500	0.9994
6187.400	0.9870
6188.300	0.9912
6189.200	0.9967
6190.100	0.9751
6191.000	0.9377
6191.900	0.9445
6192.800	0.9846
6193.700	1.0058
6194.600	1.0103
6195.500	1.0148
6196.400	1.0251
6197.300	1.0297
6198.200	1.0202
6199.100	1.0015
6200.000	0.9846
6200.900	0.9904
6201.800	1.0061
6202.700	1.0111
6203.600	1.0103
6204.500	1.0153
6205.400	1.0185
6206.300	1.0171
6207.200	1.0155
6208.100	1.0167
6209.000	1.0171
6209.900	1.0160
6210.800	1.0102
6211.700	0.9987
6212.600	0.9789
6213.500	0.9620
6214.400	0.9613
6215.300	0.9638
6216.200	0.9790
6217.100	0.9973
6218.000	0.9927
6218.900	0.9730
6219.800	0.9651
6220.700	0.9770
6221.600	0.9933
6222.500	1.0060
6223.400	1.0097
6224.300	1.0050
6225.200	1.0043
6226.100	1.0071
6227.000	1.0054
6227.900	0.9971
6228.800	0.9738
6229.700	0.9460
6230.600	0.9326
6231.500	0.9439
6232.400	0.9627
6233.300	0.9925
6234.200	1.0221
6235.100	1.0267
6236.000	1.0114
6236.900	0.9937
6237.800	0.9799
6238.700	0.9746
6239.600	0.9734
6240.500	0.9772
6241.400	0.9853
6242.300	0.9804
6243.200	0.9655
6244.100	0.9568
6245.000	0.9473
6245.900	0.9349
6246.800	0.9432
6247.700	0.9751
6248.600	1.0037
6249.500	1.0130
6250.400	1.0080
6251.300	0.9854
6252.200	0.9550
6253.100	0.9395
6254.000	0.9384
6254.900	0.9452
6255.800	0.9457
6256.700	0.9434
6257.600	0.9421
6258.500	0.9445
6259.400	0.9607
6260.300	0.9752
6261.200	0.9807
6262.100	0.9910
6263.000	1.0062
6263.900	1.0047
6264.800	0.9869
6265.700	0.9858
6266.600	1.0023
6267.500	1.0115
6268.400	1.0043
6269.300	0.9864
6270.200	0.9740
6271.100	0.9825
6272.000	0.9996
6272.900	1.0060
6273.800	1.0075
6274.700	1.0106
6275.600	1.0102
6276.500	0.9992
6277.400	0.9828
6278.300	0.9737
6279.200	0.9679
6280.100	0.9636
6281.000	0.9679
6281.900	0.9730
6282.800	0.9760
6283.700	0.9831
6284.600	0.9900
6285.500	0.9947
6286.400	1.0007
6287.300	1.0044
6288.200	1.0042
6289.100	0.9990
6290.000	0.9885
6290.900	0.9812
6291.800	0.9833
6292.700	0.9875
6293.600	0.9936
6294.500	1.0023
6295.400	0.9992
6296.300	0.9807
6297.200	0.9692
6298.100	0.9704
6299.000	0.9718
6299.900	0.9638
6300.800	0.9459
6301.700	0.9297
6302.600	0.9351
6303.500	0.9702
6304.400	1.0055
6305.300	1.0184
6306.200	1.0174
6307.100	1.0083
6308.000	0.9972
6308.900	0.9871
6309.800	0.9728
6310.700	0.9630
6311.600	0.9682
6312.500	0.9796
6313.400	0.9729
6314.300	0.9433
6315.200	0.9277
6316.100	0.9388
6317.000	0.9415
6317.900	0.9302
6318.800	0.9355
6319.700	0.9543
6320.600	0.9597
6321.500	0.9594
6322.400	0.9597
6323.300	0.9779
6324.200	1.0022
6325.100	1.0108
6326.000	1.0002
6326.900	0.9828
6327.800	0.9793
6328.700	0.9831
6329.600	0.9719
6330.500	0.9640
6331.400	0.9788
6332.300	0.9964
6333.200	0.9981
6334.100	0.9783
6335.000	0.9491
6335.900	0.9340
6336.800	0.9379
6337.700	0.9523
6338.600	0.9603
6339.500	0.9723
6340.400	0.9909
6341.300	0.9947
6342.200	0.9882
6343.100	0.9752
6344.000	0.9589
6344.900	0.9595
6345.800	0.9709
6346.700	0.9738
6347.600	0.9785
6348.500	0.9962
6349.400	1.0109
6350.300	1.0075
6351.200	0.9982
6352.100	0.9895
6353.000	0.9770
6353.900	0.9631
6354.800	0.9587
6355.700	0.9728
6356.600	0.9824
6357.500	0.9674
6358.400	0.9476
6359.300	0.9476
6360.200	0.9546
6361.100	0.9505
6362.000	0.9439
6362.900	0.9452
6363.800	0.9542
6364.700	0.9626
6365.600	0.9680
6366.500	0.9751
6367.400	0.9803
6368.300	0.9771
6369.200	0.9755
6370.100	0.9814
6371.000	0.9903
6371.900	0.9935
6372.800	0.9935
6373.700	0.9937
6374.600	0.9957
6375.500	1.0015
6376.400	1.0026
6377.300	0.9978
6378.200	0.9897
6379.100	0.9820
6380.000	0.9775
6380.900	0.9790
6381.800	0.9860
6382.700	0.9928
6383.600	0.9879
6384.500	0.9800
6385.400	0.9868
6386.300	1.0022
6387.200	1.0085
6388.100	1.0023
6389.000	0.9957
6389.900	0.9953
6390.800	0.9947
6391.700	0.9785
6392.600	0.9461
6393.500	0.9312
6394.400	0.9553
6395.300	0.9901
6396.200	1.0053
6397.100	1.0028
6398.000	0.9828
6398.900	0.9434
6399.800	0.9091
6400.700	0.9243
6401.600	0.9696
6402.500	0.9970
6403.400	1.0035
6404.300	0.9981
6405.200	0.9875
6406.100	0.9687
6407.000	0.9433
6407.900	0.9343
6408.800	0.9554
6409.700	0.9727
6410.600	0.9595
6411.500	0.9479
6412.400	0.9662
6413.300	0.9805
6414.200	0.9741
6415.100	0.9715
6416.000	0.9720
6416.900	0.9675
6417.800	0.9675
6418.700	0.9682
6419.600	0.9521
6420.500	0.9320
6421.400	0.9379
6422.300	0.9701
6423.200	0.9958
6424.100	0.9948
6425.000	0.9851
6425.900	0.9844
6426.800	0.9933
6427.700	0.9988
6428.600	0.9848
6429.500	0.9583
6430.400	0.9394
6431.300	0.9438
6432.200	0.9619
6433.100	0.9762
6434.000	0.9883
6434.900	0.9946
6435.800	0.9997
6436.700	0.9955
6437.600	0.9664
6438.500	0.9315
6439.400	0.9360
6440.300	0.9730
6441.200	0.9971
6442.100	1.0020
6443.000	0.9988
6443.900	0.9955
6444.800	0.9951
6445.700	0.9958
6446.600	0.9967
6447.500	0.9877
6448.400	0.9590
6449.300	0.9233
6450.200	0.9163
6451.100	0.9441
6452.000	0.9699
6452.900	0.9869
6453.800	0.9850
6454.700	0.9576
6455.600	0.9319
6456.500	0.9425
6457.400	0.9726
6458.300	0.9909
6459.200	0.9928
6460.100	0.9866
6461.000	0.9613
6461.900	0.9146
6462.800	0.8985
6463.700	0.9427
6464.600	0.9837
6465.500	0.9919
6466.400	0.9907
6467.300	0.9898
6468.200	0.9816
6469.100	0.9707
6470.000	0.9641
6470.900	0.9523
6471.800	0.9495
6472.700	0.9669
6473.600	0.9763
6474.500	0.9667
6475.400	0.9494
6476.300	0.9495
6477.200	0.9751
6478.100	0.9925
6479.000	0.9888
6479.900	0.9703
6480.800	0.9462
6481.700	0.9316
6482.600	0.9425
6483.500	0.9620
6484.400	0.9730
6485.300	0.9821
6486.200	0.9893
6487.100	0.9914
6488.000	0.9906
6488.900	0.9849
6489.800	0.9740
6490.700	0.9609
6491.600	0.9478
6492.500	0.9325
6493.400	0.8957
6494.300	0.8571
6495.200	0.8434
6496.100	0.8500
6497.000	0.8749
6497.900	0.9118
6498.800	0.9217
6499.700	0.9295
6500.600	0.9556
6501.500	0.9712
6502.400	0.9756
6503.300	0.9767
6504.200	0.9817
6505.100	0.9920
6506.000	0.9936
6506.900	0.9886
6507.800	0.9848
6508.700	0.9835
6509.600	0.9796
6510.500	0.9808
6511.400	0.9897
6512.300	0.9891
6513.200	0.9786
6514.100	0.9672
6515.000	0.9503
6515.900	0.9316
6516.800	0.9244
6517.700	0.9246
6518.600	0.9294
6519.500	0.9429
6520.400	0.9512
6521.300	0.9546
6522.200	0.9656
6523.100	0.9763
6524.000	0.9788
6524.900	0.9704
6525.800	0.9611
6526.700	0.9520
6527.600	0.9523
6528.500	0.9627
6529.400	0.9734
6530.300	0.9746
6531.200	0.9598
6532.100	0.9418
6533.000	0.9337
6533.900	0.9419
6534.800	0.9622
6535.700	0.9753
6536.600	0.9770
6537.500	0.9794
6538.400	0.9830
6539.300	0.9785
6540.200	0.9777
6541.100	0.9787
6542.000	0.9739
6542.900	0.9678
6543.800	0.9589
6544.700	0.9464
6545.600	0.9303
6546.500	0.9250
6547.400	0.9432
6548.300	0.9513
6549.200	0.9478
6550.100	0.9513
6551.000	0.9588
6551.900	0.9617
6552.800	0.9549
6553.700	0.9414
6554.600	0.9279
6555.500	0.9216
6556.400	0.9235
6557.300	0.9234
6558.200	0.9159
6559.100	0.8984
6560.000	0.8659
6560.900	0.7851
6561.800	0.6312
6562.700	0.5437
6563.600	0.6483
6564.500	0.8082
6565.400	0.8956
6566.300	0.9302
6567.200	0.9469
6568.100	0.9458
6569.000	0.9342
6569.900	0.9395
6570.800	0.9531
6571.700	0.9485
6572.600	0.9284
6573.500	0.9161
6574.400	0.9105
6575.300	0.9193
6576.200	0.9401
6577.100	0.9603
6578.000	0.9762
6578.900	0.9796
6579.800	0.9656
6580.700	0.9438
6581.600	0.9344
6582.500	0.9419
6583.400	0.9511
6584.300	0.9581
6585.200	0.9577
6586.100	0.9521
6587.000	0.9570
6587.900	0.9720
6588.800	0.9740
6589.700	0.9674
6590.600	0.9539
6591.500	0.9265
6592.400	0.8913
6593.300	0.8779
6594.200	0.9066
6595.100	0.9473
6596.000	0.9631
6596.900	0.9562
6597.800	0.9470
6598.700	0.9498
6599.600	0.9638
6600.500	0.9723
6601.400	0.9740
6602.300	0.9742
6603.200	0.9647
6604.100	0.9408
6605.000	0.9290
6605.900	0.9362
6606.800	0.9371
6607.700	0.9281
6608.600	0.9220
6609.500	0.9315
6610.400	0.9521
6611.300	0.9619
6612.200	0.9585
6613.100	0.9499
6614.000	0.9484
6614.900	0.9615
6615.800	0.9699
6616.700	0.9634
6617.600	0.9572
6618.500	0.9614
6619.400	0.9689
6620.300	0.9801
6621.200	0.9862
6622.100	0.9802
6623.000	0.9667
6623.900	0.9502
6624.800	0.9455
6625.700	0.9547
6626.600	0.9519
6627.500	0.9442
6628.400	0.9502
6629.300	0.9573
6630.200	0.9601
6631.100	0.9550
6632.000	0.9389
6632.900	0.9177
6633.800	0.9058
6634.700	0.9188
6635.600	0.9464
6636.500	0.9640
6637.400	0.9643
6638.300	0.9558
6639.200	0.9492
6640.100	0.9508
6641.000	0.9581
6641.900	0.9523
6642.800	0.9277
6643.700	0.9121
6644.600	0.9197
6645.500	0.9330
6646.400	0.9431
6647.300	0.9480
6648.200	0.9569
6649.100	0.9666
6650.000	0.9681
6650.900	0.9632
6651.800	0.9588
6652.700	0.9606
6653.600	0.9617
6654.500	0.9571
6655.400	0.9523
6656.300	0.9521
6657.200	0.9560
6658.100	0.9602
6659.000	0.9613
6659.900	0.9573
6660.800	0.9480
6661.700	0.9335
6662.600	0.9149
6663.500	0.9136
6664.400	0.9325
6665.300	0.9452
6666.200	0.9500
6667.100	0.9521
6668.000	0.9520
6668.900	0.9544
6669.800	0.9553
6670.700	0.9547
6671.600	0.9586
6672.500	0.9653
6673.400	0.9687
6674.300	0.9694
6675.200	0.9693
6676.100	0.9583
6677.000	0.9305
6677.900	0.9111
6678.800	0.9234
6679.700	0.9443
6680.600	0.9531
6681.500	0.9577
6682.400	0.9594
6683.300	0.9594
6684.200	0.9613
6685.100	0.9580
6686.000	0.9494
6686.900	0.9490
6687.800	0.9553
6688.700	0.9566
6689.600	0.9557
6690.500	0.9577
6691.400	0.9547
6692.300	0.9496
6693.200	0.9545
6694.100	0.9607
6695.000	0.9493
6695.900	0.9295
6696.800	0.9231
6697.700	0.9281
6698.600	0.9363
6699.500	0.9478
6700.400	0.9543
6701.300	0.9486
6702.200	0.9388
6703.100	0.9278
6704.000	0.9188
6704.900	0.9224
6705.800	0.9345
6706.700	0.9449
6707.600	0.9510
6708.500	0.9507
6709.400	0.9472
6710.300	0.9470
6711.200	0.9480
6712.100	0.9439
6713.000	0.9321
6713.900	0.9214
6714.800	0.9153
6715.700	0.9093
6716.600	0.8993
6717.500	0.8951
6718.400	0.9122
6719.300	0.9373
6720.200	0.9497
6721.100	0.9503
6722.000	0.9517
6722.900	0.9585
6723.800	0.9596
6724.700	0.9516
6725.600	0.9378
6726.500	0.9313
6727.400	0.9425
6728.300	0.9576
6729.200	0.9595
6730.100	0.9511
6731.000	0.9417
6731.900	0.9395
6732.800	0.9425
6733.700	0.9445
6734.600	0.9470
6735.500	0.9503
6736.400	0.9493
6737.300	0.9389
6738.200	0.9271
6739.100	0.9269
6740.000	0.9326
6740.900	0.9351
6741.800	0.9312
6742.700	0.9269
6743.600	0.9272
6744.500	0.9299
6745.400	0.9345
6746.300	0.9365
6747.200	0.9315
6748.100	0.9231
6749.000	0.9100
6749.900	0.9001
6750.800	0.9077
6751.700	0.9228
6752.600	0.9274
6753.500	0.9316
6754.400	0.9365
6755.300	0.9382
6756.200	0.9414
6757.100	0.9430
6758.000	0.9455
6758.900	0.9534
6759.800	0.9598
6760.700	0.9616
6761.600	0.9604
6762.500	0.9572
6763.400	0.9503
6764.300	0.9478
6765.200	0.9498
6766.100	0.9446
6767.000	0.9250
6767.900	0.9153
6768.800	0.9301
6769.700	0.9433
6770.600	0.9351
6771.500	0.9197
6772.400	0.9197
6773.300	0.9279
6774.200	0.9361
6775.100	0.9431
6776.000	0.9445
6776.900	0.9402
6777.800	0.9392
6778.700	0.9429
6779.600	0.9449
6780.500	0.9414
6781.400	0.9354
6782.300	0.9299
6783.200	0.9254
6784.100	0.9246
6785.000	0.9247
6785.900	0.9237
6786.800	0.9284
6787.700	0.9360
6788.600	0.9387
6789.500	0.9405
6790.400	0.9451
6791.300	0.9452
6792.200	0.9448
6793.100	0.9424
6794.000	0.9394
6794.900	0.9389
6795.800	0.9363
6796.700	0.9390
6797.600	0.9462
6798.500	0.9488
6799.400	0.9483
6800.300	0.9490
6801.200	0.9507
6802.100	0.9493
6803.000	0.9362
6803.900	0.9266
6804.800	0.9333
6805.700	0.9363
6806.600	0.9278
6807.500	0.9266
6808.400	0.9297
6809.300	0.9249
6810.200	0.9219
6811.100	0.9279
6812.000	0.9333
6812.900	0.9325
6813.800	0.9266
6814.700	0.9201
6815.600	0.9291
6816.500	0.9438
6817.400	0.9483
6818.300	0.9419
6819.200	0.9299
6820.100	0.9277
6821.000	0.9392
6821.900	0.9496
6822.800	0.9492
6823.700	0.9450
6824.600	0.9439
6825.500	0.9467
6826.400	0.9407
6827.300	0.9249
6828.200	0.9158
6829.100	0.9256
6830.000	0.9383
6830.900	0.9494
6831.800	0.9515
6832.700	0.9437
6833.600	0.9430
6834.500	0.9455
6835.400	0.9416
6836.300	0.9373
6837.200	0.9354
6838.100	0.9267
6839.000	0.9175
6839.900	0.9080
6840.800	0.8968
6841.700	0.8909
6842.600	0.8909
6843.500	0.9008
6844.400	0.9213
6845.300	0.9334
6846.200	0.9346
6847.100	0.9358
6848.000	0.9331
6848.900	0.9257
6849.800	0.9230
6850.700	0.9303
6851.600	0.9392
6852.500	0.9426
6853.400	0.9346
6854.300	0.9189
6855.200	0.9038
6856.100	0.9052
6857.000	0.9100
6857.900	0.9108
6858.800	0.9158
6859.700	0.9192
6860.600	0.9127
6861.500	0.9057
6862.400	0.9124
6863.300	0.9287
6864.200	0.9362
6865.100	0.9386
6866.000	0.9366
6866.900	0.9218
6867.800	0.9013
6868.700	0.9069
6869.600	0.9328
6870.500	0.9340
6871.400	0.9133
6872.300	0.9079
6873.200	0.9199
6874.100	0.9309
6875.000	0.9280
6875.900	0.9199
6876.800	0.9151
6877.700	0.9186
6878.600	0.9307
6879.500	0.9370
6880.400	0.9302
6881.300	0.9145
6882.200	0.9034
6883.100	0.9057
6884.000	0.9137
6884.900	0.9156
6885.800	0.9111
6886.700	0.9133
6887.600	0.9255
6888.500	0.9304
6889.400	0.9259
6890.300	0.9335
6891.200	0.9423
6892.100	0.9316
6893.000	0.9168
6893.900	0.9130
6894.800	0.9118
6895.700	0.9095
6896.600	0.9138
6897.500	0.9278
6898.400	0.9356
6899.300	0.9234
6900.200	0.9142
6901.100	0.9297
6902.000	0.9496
6902.900	0.9451
6903.800	0.9314
6904.700	0.9227
6905.600	0.9251
6906.500	0.9324
6907.400	0.9333
6908.300	0.9308
6909.200	0.9323
6910.100	0.9408
6911.000	0.9421
6911.900	0.9291
6912.800	0.9093
6913.700	0.8882
6914.600	0.8835
6915.500	0.8979
6916.400	0.9096
6917.300	0.9170
6918.200	0.9244
6919.100	0.9295
6920.000	0.9320
6920.900	0.9338
6921.800	0.9302
6922.700	0.9180
6923.600	0.9025
6924.500	0.8957
6925.400	0.9030
6926.300	0.9152
6927.200	0.9218
6928.100	0.9199
6929.000	0.9159
6929.900	0.9168
6930.800	0.9227
6931.700	0.9223
6932.600	0.9075
6933.500	0.8963
6934.400	0.9015
6935.300	0.9136
6936.200	0.9220
6937.100	0.9214
6938.000	0.9129
6938.900	0.9033
6939.800	0.8969
6940.700	0.8962
6941.600	0.8994
6942.500	0.8964
6943.400	0.8892
6944.300	0.8841
6945.200	0.8890
6946.100	0.9030
6947.000	0.9066
6947.900	0.8981
6948.800	0.8947
6949.700	0.8964
6950.600	0.8956
6951.500	0.9000
6952.400	0.9099
6953.300	0.9129
6954.200	0.9122
6955.100	0.9126
6956.000	0.9104
6956.900	0.9089
6957.800	0.9156
6958.700	0.9241
6959.600	0.9243
6960.500	0.9204
6961.400	0.9166
6962.300	0.9198
6963.200	0.9290
6964.100	0.9295
6965.000	0.9221
6965.900	0.9203
6966.800	0.9285
6967.700	0.9366
6968.600	0.9390
6969.500	0.9358
6970.400	0.9289
6971.300	0.9234
6972.200	0.9229
6973.100	0.9248
6974.000	0.9226
6974.900	0.9143
6975.800	0.9017
6976.700	0.8871
6977.600	0.8718
6978.500	0.8664
6979.400	0.8837
6980.300	0.9082
6981.200	0.9184
6982.100	0.9195
6983.000	0.9229
6983.900	0.9277
6984.800	0.9262
6985.700	0.9197
6986.600	0.9122
6987.500	0.9047
6988.400	0.9028
6989.300	0.9070
6990.200	0.9161
6991.100	0.9262
6992.000	0.9326
6992.900	0.9312
6993.800	0.9227
6994.700	0.9207
6995.600	0.9295
6996.500	0.9350
6997.400	0.9307
6998.300	0.9095
6999.200	0.8826
7000.100	0.8815
7001.000	0.9021
7001.900	0.9144
7002.800	0.9087
7003.700	0.8899
7004.600	0.8697
7005.500	0.8599
7006.400	0.8712
7007.300	0.8859
7008.200	0.8957
7009.100	0.9056
7010.000	0.9074
7010.900	0.8957
7011.800	0.8839
7012.700	0.8858
7013.600	0.8957
7014.500	0.8887
7015.400	0.8565
7016.300	0.8258
7017.200	0.8370
7018.100	0.8789
7019.000	0.9135
7019.900	0.9291
7020.800	0.9289
7021.700	0.9161
7022.600	0.8921
7023.500	0.8740
7024.400	0.8745
7025.300	0.8912
7026.200	0.9013
7027.100	0.8920
7028.000	0.8800
7028.900	0.8808
7029.800	0.8925
7030.700	0.9065
7031.600	0.9131
7032.500	0.9067
7033.400	0.8940
7034.300	0.8830
7035.200	0.8820
7036.100	0.8879
7037.000	0.8800
7037.900	0.8624
7038.800	0.8616
7039.700	0.8756
7040.600	0.8861
7041.500	0.8979
7042.400	0.9099
7043.300	0.9151
7044.200	0.9121
7045.100	0.9124
7046.000	0.9165
7046.900	0.9178
7047.800	0.9191
7048.700	0.9252
7049.600	0.9281
7050.500	0.9206
7051.400	0.9047
7052.300	0.8876
7053.200	0.8785
7054.100	0.8876
7055.000	0.9036
7055.900	0.9137
7056.800	0.9185
7057.700	0.9180
7058.600	0.9146
7059.500	0.9082
7060.400	0.9008
7061.300	0.8963
7062.200	0.8899
7063.100	0.8889
7064.000	0.9055
7064.900	0.9194
7065.800	0.9095
7066.700	0.8858
7067.600	0.8644
7068.500	0.8599
7069.400	0.8768
7070.300	0.8946
7071.200	0.8960
7072.100	0.8946
7073.000	0.9001
7073.900	0.9078
7074.800	0.9130
7075.700	0.9116
7076.600	0.9058
7077.500	0.9035
7078.400	0.9046
7079.300	0.9068
7080.200	0.9066
7081.100	0.9032
7082.000	0.8984
7082.900	0.8916
7083.800	0.8769
7084.700	0.8618
7085.600	0.8636
7086.500	0.8801
7087.400	0.8949
7088.300	0.8998
7089.200	0.8944
7090.100	0.8862
7091.000	0.8834
7091.900	0.8870
7092.800	0.8913
7093.700	0.8922
7094.600	0.8862
7095.500	0.8798
7096.400	0.8797
7097.300	0.8847
7098.200	0.8968
7099.100	0.9030
7100.000	0.9006
7100.900	0.9002
7101.800	0.8984
7102.700	0.8948
7103.600	0.8965
7104.500	0.9042
7105.400	0.9057
7106.300	0.8990
7107.200	0.8950
7108.100	0.8951
7109.000	0.8923
7109.900	0.8852
7110.800	0.8775
7111.700	0.8802
7112.600	0.8922
7113.500	0.9000
7114.400	0.9007
7115.300	0.9056
7116.200	0.9107
7117.100	0.9088
7118.000	0.9058
7118.900	0.9076
7119.800	0.9051
7120.700	0.8914
7121.600	0.8749
7122.500	0.8748
7123.400	0.8919
7124.300	0.9040
7125.200	0.9061
7126.100	0.9059
7127.000	0.9048
7127.900	0.9117
7128.800	0.9037
7129.700	0.8907
7130.600	0.8821
7131.500	0.8875
7132.400	0.9034
7133.300	0.9165
7134.200	0.9261
7135.100	0.9337
7136.000	0.9380
7136.900	0.9404
7137.800	0.9365
7138.700	0.9322
7139.600	0.9334
7140.500	0.9387
7141.400	0.9393
7142.300	0.9343
7143.200	0.9360
7144.100	0.9397
7145.000	0.9361
7145.900	0.9278
7146.800	0.9107
7147.700	0.8889
7148.600	0.8883
7149.500	0.9077
7150.400	0.9228
7151.300	0.9271
7152.200	0.9303
7153.100	0.9356
7154.000	0.9348
7154.900	0.9302
7155.800	0.9384
7156.700	0.9531
7157.600	0.9552
7158.500	0.9438
7159.400	0.9333
7160.300	0.9265
7161.200	0.9222
7162.100	0.9198
7163.000	0.9089
7163.900	0.8841
7164.800	0.8673
7165.700	0.8776
7166.600	0.8973
7167.500	0.9070
7168.400	0.9075
7169.300	0.9106
7170.200	0.9138
7171.100	0.9105
7172.000	0.9095
7172.900	0.9157
7173.800	0.9168
7174.700	0.9043
7175.600	0.8870
7176.500	0.8813
7177.400	0.8875
7178.300	0.8890
7179.200	0.8787
7180.100	0.8668
7181.000	0.8611
7181.900	0.8666
7182.800	0.8851
7183.700	0.9092
7184.600	0.9258
7185.500	0.9254
7186.400	0.9056
7187.300	0.8838
7188.200	0.8759
7189.100	0.8758
7190.000	0.8808
7190.900	0.8919
7191.800	0.8935
7192.700	0.8764
7193.600	0.8656
7194.500	0.8667
7195.400	0.8651
7196.300	0.8583
7197.200	0.8575
7198.100	0.8699
7199.000	0.8860
7199.900	0.9045
7200.800	0.9173
7201.700	0.9081
7202.600	0.8994
7203.500	0.9111
7204.400	0.9228
7205.300	0.9204
7206.200	0.9067
7207.100	0.8873
7208.000	0.8798
7208.900	0.8845
7209.800	0.8878
7210.700	0.8970
7211.600	0.9071
7212.500	0.9092
7213.400	0.9075
7214.300	0.9045
7215.200	0.9028
7216.100	0.9062
7217.000	0.9078
7217.900	0.9065
7218.800	0.9032
7219.700	0.8981
7220.600	0.8970
7221.500	0.9000
7222.400	0.9010
7223.300	0.8990
7224.200	0.8980
7225.100	0.9016
7226.000	0.9114
7226.900	0.9226
7227.800	0.9194
7228.700	0.9031
7229.600	0.9052
7230.500	0.9205
7231.400	0.9269
7232.300	0.9261
7233.200	0.9237
7234.100	0.9172
7235.000	0.9085
7235.900	0.9013
7236.800	0.9026
7237.700	0.8994
7238.600	0.8941
7239.500	0.8921
7240.400	0.8916
7241.300	0.8898
7242.200	0.8889
7243.100	0.8894
7244.000	0.8775
7244.900	0.8658
7245.800	0.8758
7246.700	0.8857
7247.600	0.8843
7248.500	0.8791
7249.400	0.8708
7250.300	0.8598
7251.200	0.8614
7252.100	0.8799
7253.000	0.8948
7253.900	0.8939
7254.800	0.8951
7255.700	0.9046
7256.600	0.9128
7257.500	0.9185
7258.400	0.9159
7259.300	0.9099
7260.200	0.8964
7261.100	0.8738
7262.000	0.8672
7262.900	0.8898
7263.800	0.9157
7264.700	0.9294
7265.600	0.9327
7266.500	0.9246
7267.400	0.9139
7268.300	0.9046
7269.200	0.9016
7270.100	0.8992
7271.000	0.8964
7271.900	0.9014
7272.800	0.9081
7273.700	0.9068
7274.600	0.9022
7275.500	0.9016
7276.400	0.9004
7277.300	0.8966
7278.200	0.8941
7279.100	0.9001
7280.000	0.9060
7280.900	0.9043
7281.800	0.8910
7282.700	0.8760
7283.600	0.8694
7284.500	0.8702
7285.400	0.8791
7286.300	0.8914
7287.200	0.8876
7288.100	0.8592
7289.000	0.8357
7289.900	0.8442
7290.800	0.8539
7291.700	0.8459
7292.600	0.8465
7293.500	0.8644
7294.400	0.8838
7295.300	0.8918
7296.200	0.8984
7297.100	0.9085
7298.000	0.9137
7298.900	0.9136
7299.800	0.9066
7300.700	0.8987
7301.600	0.9072
7302.500	0.9203
7303.400	0.9198
7304.300	0.9119
7305.200	0.9039
7306.100	0.8976
7307.000	0.8907
7307.900	0.8893
7308.800	0.8880
7309.700	0.8779
7310.600	0.8671
7311.500	0.8766
7312.400	0.8981
7313.300	0.9073
7314.200	0.9048
7315.100	0.8968
7316.000	0.8872
7316.900	0.8794
7317.800	0.8787
7318.700	0.8803
7319.600	0.8801
7320.500	0.8798
7321.400	0.8859
7322.300	0.8947
7323.200	0.8923
7324.100	0.8804
7325.000	0.8660
7325.900	0.8554
7326.800	0.8601
7327.700	0.8735
7328.600	0.8815
7329.500	0.8845
7330.400	0.8852
7331.300	0.8843
7332.200	0.8867
7333.100	0.8926
7334.000	0.8994
7334.900	0.9013
7335.800	0.9004
7336.700	0.9025
7337.600	0.9079
7338.500	0.9138
7339.400	0.9142
7340.300	0.9120
7341.200	0.9127
7342.100	0.9048
7343.000	0.8902
7343.900	0.8786
7344.800	0.8820
7345.700	0.8961
7346.600	0.9011
7347.500	0.9001
7348.400	0.9029
7349.300	0.8993
7350.200	0.8849
7351.100	0.8725
7352.000	0.8763
7352.900	0.8878
7353.800	0.8903
7354.700	0.8796
7355.600	0.8635
7356.500	0.8592
7357.400	0.8638
7358.300	0.8682
7359.200	0.8739
7360.100	0.8759
7361.000	0.8708
7361.900	0.8664
7362.800	0.8629
7363.700	0.8604
7364.600	0.8632
7365.500	0.8684
7366.400	0.8728
7367.300	0.8755
7368.200	0.8737
7369.100	0.8653
7370.000	0.8549
7370.900	0.8520
7371.800	0.8548
7372.700	0.8581
7373.600	0.8576
7374.500	0.8550
7375.400	0.8550
7376.300	0.8569
7377.200	0.8656
7378.100	0.8712
7379.000	0.8700
7379.900	0.8654
7380.800	0.8588
7381.700	0.8497
7382.600	0.8412
7383.500	0.8321
7384.400	0.8177
7385.300	0.8037
7386.200	0.7978
7387.100	0.8000
7388.000	0.8033
7388.900	0.8036
7389.800	0.8075
7390.700	0.8159
7391.600	0.8179
7392.500	0.8108
7393.400	0.8090
7394.300	0.8240
7395.200	0.8424
7396.100	0.8492
7397.000	0.8474
7397.900	0.8463
7398.800	0.8411
7399.700	0.8294
7400.600	0.8215
7401.500	0.8234
7402.400	0.8320
7403.300	0.8391
7404.200	0.8383
7405.100	0.8326
7406.000	0.8306
7406.900	0.8316
7407.800	0.8233
7408.700	0.8073
7409.600	0.7992
7410.500	0.8038
7411.400	0.7950
7412.300	0.6121
7413.200	0.2162
7414.100	0.0224
7415.000	0.0005
7415.900	0.0000
7416.800	0.0000
7417.700	0.0000
7418.600	0.0000
7419.500	0.0000
7420.400	0.0000
7421.300	0.0000
7422.200	0.0000
7423.100	0.0000
7424.000	0.0000
7424.900	0.0000
7425.800	0.0000
7426.700	0.0000
7427.600	0.0000
7428.500	0.0000
