3500.0000 0
3500.9000 0
3501.8000 0
3502.7000 0
3503.6000 0
3504.5000 0
3505.4000 0
3506.3000 0
3507.2000 0
3508.1000 0
3509.0000 0
3509.9000 0
3510.8000 0
3511.7000 0
3512.6000 0
3513.5000 0
3514.4000 0
3515.3000 0
3516.2000 0
3517.1000 0
3518.0000 0
3518.9000 0
3519.8000 0
3520.7000 0
3521.6000 0
3522.5000 0
3523.4000 0
3524.3000 0
3525.2000 0
3526.1000 0
3527.0000 0
3527.9000 0
3528.8000 0
3529.7000 0
3530.6000 0
3531.5000 0
3532.4000 0
3533.3000 0
3534.2000 0
3535.1000 0
3536.0000 0.34075564
3536.9000 0.33693844
3537.8000 0.33980581
3538.7000 0.35501775
3539.6000 0.35523829
3540.5000 0.32978001
3541.4000 0.30781326
3542.3000 0.31089988
3543.2000 0.32547843
3544.1000 0.33211246
3545.0000 0.3265962
3545.9000 0.31313488
3546.8000 0.30418342
3547.7000 0.29748258
3548.6000 0.30252326
3549.5000 0.30466264
3550.4000 0.29806507
3551.3000 0.2881586
3552.2000 0.27487075
3553.1000 0.26456061
3554.0000 0.26724216
3554.9000 0.28418496
3555.8000 0.2936883
3556.7000 0.28639242
3557.6000 0.27065241
3558.5000 0.25823253
3559.4000 0.25459668
3560.3000 0.25447515
3561.2000 0.27063531
3562.1000 0.29893765
3563.0000 0.30348223
3563.9000 0.26001045
3564.8000 0.20553398
3565.7000 0.19744997
3566.6000 0.22525898
3567.5000 0.23684494
3568.4000 0.21510987
3569.3000 0.1957076
3570.2000 0.20537396
3571.1000 0.22523078
3572.0000 0.25567272
3572.9000 0.2736496
3573.8000 0.27284116
3574.7000 0.26752552
3575.6000 0.26186228
3576.5000 0.25889781
3577.4000 0.2494459
3578.3000 0.22462688
3579.2000 0.18726087
3580.1000 0.1466313
3581.0000 0.12615988
3581.9000 0.13992472
3582.8000 0.15894991
3583.7000 0.15455058
3584.6000 0.13509683
3585.5000 0.12659363
3586.4000 0.136676
3587.3000 0.15220915
3588.2000 0.16201253
3589.1000 0.17801519
3590.0000 0.22777449
3590.9000 0.29598492
3591.8000 0.32313898
3592.7000 0.30064467
3593.6000 0.30406862
3594.5000 0.33351949
3595.4000 0.3533861
3596.3000 0.37330163
3597.2000 0.38764814
3598.1000 0.38683546
3599.0000 0.3772299
3599.9000 0.3750608
3600.8000 0.35508496
3601.7000 0.31089374
3602.6000 0.28135118
3603.5000 0.27462226
3604.4000 0.27395085
3605.3000 0.28271312
3606.2000 0.29943445
3607.1000 0.2872282
3608.0000 0.23699442
3608.9000 0.20292501
3609.8000 0.21978962
3610.7000 0.25813985
3611.6000 0.27575853
3612.5000 0.26322934
3613.4000 0.26287785
3614.3000 0.30061561
3615.2000 0.33662397
3616.1000 0.32988992
3617.0000 0.27219731
3617.9000 0.19882527
3618.8000 0.17376368
3619.7000 0.21423443
3620.6000 0.27527928
3621.5000 0.32706013
3622.4000 0.34357625
3623.3000 0.32380152
3624.2000 0.33208883
3625.1000 0.38566661
3626.0000 0.41986316
3626.9000 0.40510151
3627.8000 0.39264202
3628.7000 0.37761432
3629.6000 0.31028256
3630.5000 0.23140106
3631.4000 0.210409
3632.3000 0.24109143
3633.2000 0.26819801
3634.1000 0.27398366
3635.0000 0.28350481
3635.9000 0.29127443
3636.8000 0.30506554
3637.7000 0.34336007
3638.6000 0.37952897
3639.5000 0.40002221
3640.4000 0.392243
3641.3000 0.36372617
3642.2000 0.3359665
3643.1000 0.32094219
3644.0000 0.30672356
3644.9000 0.29326648
3645.8000 0.30361649
3646.7000 0.28614402
3647.6000 0.25722778
3648.5000 0.26420021
3649.4000 0.28784221
3650.3000 0.31085083
3651.2000 0.34524459
3652.1000 0.38768929
3653.0000 0.39484948
3653.9000 0.37414128
3654.8000 0.36584678
3655.7000 0.3802146
3656.6000 0.40656039
3657.5000 0.43087038
3658.4000 0.4446848
3659.3000 0.42664182
3660.2000 0.40827617
3661.1000 0.40932927
3662.0000 0.39081907
3662.9000 0.36580187
3663.8000 0.36536336
3664.7000 0.38558272
3665.6000 0.39850947
3666.5000 0.38581389
3667.4000 0.36549598
3668.3000 0.34141451
3669.2000 0.32812241
3670.1000 0.34471273
3671.0000 0.38606358
3671.9000 0.41085696
3672.8000 0.40286335
3673.7000 0.39428103
3674.6000 0.41008928
3675.5000 0.40511802
3676.4000 0.36453125
3677.3000 0.32906225
3678.2000 0.32176355
3679.1000 0.32799295
3680.0000 0.341212
3680.9000 0.36339432
3681.8000 0.38328525
3682.7000 0.39815262
3683.6000 0.39767373
3684.5000 0.36526981
3685.4000 0.32433772
3686.3000 0.29585224
3687.2000 0.29034388
3688.1000 0.32652226
3689.0000 0.38077793
3689.9000 0.42265466
3690.8000 0.44960168
3691.7000 0.44738206
3692.6000 0.4084264
3693.5000 0.38483444
3694.4000 0.39646214
3695.3000 0.39977679
3696.2000 0.39013124
3697.1000 0.40628967
3698.0000 0.44779274
3698.9000 0.49027789
3699.8000 0.5001536
3700.7000 0.48415539
3701.6000 0.46056575
3702.5000 0.41230401
3703.4000 0.3503831
3704.3000 0.30403596
3705.2000 0.29138866
3706.1000 0.30950493
3707.0000 0.32292175
3707.9000 0.30803308
3708.8000 0.30507439
3709.7000 0.3436105
3710.6000 0.39226171
3711.5000 0.41573924
3712.4000 0.46494111
3713.3000 0.51367944
3714.2000 0.51362962
3715.1000 0.47722283
3716.0000 0.46466067
3716.9000 0.46156472
3717.8000 0.40854153
3718.7000 0.30587029
3719.6000 0.22923215
3720.5000 0.21242838
3721.4000 0.229279
3722.3000 0.27860969
3723.2000 0.34786272
3724.1000 0.40366006
3725.0000 0.43663281
3725.9000 0.42666075
3726.8000 0.36176473
3727.7000 0.33773014
3728.6000 0.3776702
3729.5000 0.39085057
3730.4000 0.37202847
3731.3000 0.35137674
3732.2000 0.30770001
3733.1000 0.2369158
3734.0000 0.17852505
3734.9000 0.17058711
3735.8000 0.19760944
3736.7000 0.23471323
3737.6000 0.29665178
3738.5000 0.36631861
3739.4000 0.40911606
3740.3000 0.42435566
3741.2000 0.40339917
3742.1000 0.35730821
3743.0000 0.32722971
3743.9000 0.31691614
3744.8000 0.29061309
3745.7000 0.26444367
3746.6000 0.2586458
3747.5000 0.2307339
3748.4000 0.18146119
3749.3000 0.18465674
3750.2000 0.25605124
3751.1000 0.32744315
3752.0000 0.3670198
3752.9000 0.40958446
3753.8000 0.4584468
3754.7000 0.48258466
3755.6000 0.45770264
3756.5000 0.36770424
3757.4000 0.26605254
3758.3000 0.23077118
3759.2000 0.26822212
3760.1000 0.31219912
3761.0000 0.334142
3761.9000 0.34457511
3762.8000 0.33316728
3763.7000 0.33703986
3764.6000 0.36962458
3765.5000 0.36237028
3766.4000 0.31836599
3767.3000 0.32110316
3768.2000 0.37435865
3769.1000 0.3873781
3770.0000 0.37302503
3770.9000 0.39562038
3771.8000 0.43588868
3772.7000 0.44753319
3773.6000 0.43127429
3774.5000 0.41612574
3775.4000 0.41371778
3776.3000 0.42064968
3777.2000 0.40825588
3778.1000 0.40364426
3779.0000 0.4310419
3779.9000 0.45317128
3780.8000 0.44974467
3781.7000 0.44345495
3782.6000 0.4509407
3783.5000 0.46734935
3784.4000 0.45701948
3785.3000 0.38789359
3786.2000 0.32816526
3787.1000 0.31863561
3788.0000 0.30271995
3788.9000 0.28268063
3789.8000 0.29686096
3790.7000 0.33494213
3791.6000 0.34389091
3792.5000 0.31741351
3793.4000 0.29625559
3794.3000 0.29134732
3795.2000 0.29426727
3796.1000 0.2910735
3797.0000 0.27144328
3797.9000 0.25944924
3798.8000 0.27735612
3799.7000 0.31591892
3800.6000 0.35102195
3801.5000 0.37531072
3802.4000 0.40628186
3803.3000 0.43161494
3804.2000 0.42352247
3805.1000 0.39161679
3806.0000 0.35189286
3806.9000 0.32788783
3807.8000 0.34113753
3808.7000 0.37227869
3809.6000 0.39807993
3810.5000 0.40959069
3811.4000 0.39748991
3812.3000 0.35851672
3813.2000 0.31639993
3814.1000 0.28358343
3815.0000 0.2555438
3815.9000 0.25126043
3816.8000 0.2771419
3817.7000 0.2872054
3818.6000 0.25354335
3819.5000 0.20602338
3820.4000 0.20242085
3821.3000 0.24668267
3822.2000 0.28170606
3823.1000 0.27064273
3824.0000 0.22629374
3824.9000 0.18698075
3825.8000 0.18301725
3826.7000 0.20168313
3827.6000 0.22266369
3828.5000 0.24246106
3829.4000 0.25863755
3830.3000 0.26235396
3831.2000 0.23605433
3832.1000 0.19991434
3833.0000 0.18474971
3833.9000 0.19918711
3834.8000 0.23367384
3835.7000 0.26128849
3836.6000 0.2577135
3837.5000 0.22671369
3838.4000 0.20495339
3839.3000 0.19680464
3840.2000 0.1963897
3841.1000 0.23571834
3842.0000 0.29366109
3842.9000 0.32167184
3843.8000 0.31172284
3844.7000 0.29830372
3845.6000 0.28312063
3846.5000 0.28199244
3847.4000 0.28533626
3848.3000 0.26046652
3849.2000 0.22797777
3850.1000 0.22540632
3851.0000 0.25869015
3851.9000 0.28077763
3852.8000 0.26309022
3853.7000 0.2401814
3854.6000 0.24639218
3855.5000 0.2529234
3856.4000 0.24665926
3857.3000 0.23091677
3858.2000 0.20002498
3859.1000 0.17419538
3860.0000 0.18134221
3860.9000 0.21695562
3861.8000 0.26895151
3862.7000 0.30393231
3863.6000 0.30457503
3864.5000 0.28977656
3865.4000 0.27730724
3866.3000 0.26986101
3867.2000 0.25540495
3868.1000 0.23098382
3869.0000 0.20735115
3869.9000 0.18285729
3870.8000 0.16874278
3871.7000 0.18378568
3872.6000 0.22799292
3873.5000 0.28846112
3874.4000 0.33669144
3875.3000 0.34354016
3876.2000 0.3134703
3877.1000 0.26898646
3878.0000 0.2399644
3878.9000 0.24418399
3879.8000 0.24485245
3880.7000 0.21696538
3881.6000 0.19884919
3882.5000 0.24778293
3883.4000 0.34740627
3884.3000 0.38770145
3885.2000 0.3430858
3886.1000 0.31033388
3887.0000 0.32770899
3887.9000 0.34187078
3888.8000 0.3371979
3889.7000 0.35583878
3890.6000 0.39919755
3891.5000 0.44344902
3892.4000 0.46759981
3893.3000 0.46109903
3894.2000 0.4318721
3895.1000 0.41585454
3896.0000 0.43914369
3896.9000 0.46412694
3897.8000 0.45386434
3898.7000 0.43890429
3899.6000 0.440171
3900.5000 0.4676086
3901.4000 0.47845683
3902.3000 0.45141062
3903.2000 0.43767327
3904.1000 0.43558913
3905.0000 0.39038616
3905.9000 0.3616744
3906.8000 0.39239496
3907.7000 0.4433668
3908.6000 0.47106963
3909.5000 0.4656865
3910.4000 0.47168195
3911.3000 0.4999212
3912.2000 0.50767976
3913.1000 0.48636922
3914.0000 0.47010782
3914.9000 0.46091187
3915.8000 0.43457937
3916.7000 0.42698127
3917.6000 0.42985117
3918.5000 0.41697031
3919.4000 0.38274708
3920.3000 0.33781356
3921.2000 0.32753852
3922.1000 0.34879118
3923.0000 0.36998785
3923.9000 0.38038948
3924.8000 0.35440889
3925.7000 0.31442994
3926.6000 0.27392912
3927.5000 0.2338264
3928.4000 0.19286592
3929.3000 0.16005093
3930.2000 0.13358685
3931.1000 0.10929
3932.0000 0.08742148
3932.9000 0.07148262
3933.8000 0.0692885
3934.7000 0.08180266
3935.6000 0.10598272
3936.5000 0.13771255
3937.4000 0.17515616
3938.3000 0.22254376
3939.2000 0.26478371
3940.1000 0.28356135
3941.0000 0.291307
3941.9000 0.30121714
3942.8000 0.30451334
3943.7000 0.30939311
3944.6000 0.35159191
3945.5000 0.41774446
3946.4000 0.45164043
3947.3000 0.43830916
3948.2000 0.42418146
3949.1000 0.45214784
3950.0000 0.49738577
3950.9000 0.49763039
3951.8000 0.45562994
3952.7000 0.44467759
3953.6000 0.4936761
3954.5000 0.5283404
3955.4000 0.49665761
3956.3000 0.45333204
3957.2000 0.4520486
3958.1000 0.48314989
3959.0000 0.50322998
3959.9000 0.46297482
3960.8000 0.37525526
3961.7000 0.30225247
3962.6000 0.27131754
3963.5000 0.25162175
3964.4000 0.21950212
3965.3000 0.18130165
3966.2000 0.13911229
3967.1000 0.10087869
3968.0000 0.07986943
3968.9000 0.08642066
3969.8000 0.11235488
3970.7000 0.15092987
3971.6000 0.19134463
3972.5000 0.22946975
3973.4000 0.26929235
3974.3000 0.31329727
3975.2000 0.35856089
3976.1000 0.39638996
3977.0000 0.43071389
3977.9000 0.47163388
3978.8000 0.51761794
3979.7000 0.54683173
3980.6000 0.5404802
3981.5000 0.50680619
3982.4000 0.48346734
3983.3000 0.49249032
3984.2000 0.52198595
3985.1000 0.55575496
3986.0000 0.56402397
3986.9000 0.57119179
3987.8000 0.6025548
3988.7000 0.60044384
3989.6000 0.57151735
3990.5000 0.57806933
3991.4000 0.60028225
3992.3000 0.61175418
3993.2000 0.60142243
3994.1000 0.57946092
3995.0000 0.56674981
3995.9000 0.55481017
3996.8000 0.53039354
3997.7000 0.53092575
3998.6000 0.58290672
3999.5000 0.63537985
4000.4000 0.6423676
4001.3000 0.64047503
4002.2000 0.66157687
4003.1000 0.65825671
4004.0000 0.59556001
4004.9000 0.51155746
4005.8000 0.48515248
4006.7000 0.54754388
4007.6000 0.60339338
4008.5000 0.61997378
4009.4000 0.62586129
4010.3000 0.63102388
4011.2000 0.63470268
4012.1000 0.63701677
4013.0000 0.63954908
4013.9000 0.6453861
4014.8000 0.66410089
4015.7000 0.67565638
4016.6000 0.65146077
4017.5000 0.62941509
4018.4000 0.65040535
4019.3000 0.67659342
4020.2000 0.66670579
4021.1000 0.64684552
4022.0000 0.64523423
4022.9000 0.64306736
4023.8000 0.62903285
4024.7000 0.62947994
4025.6000 0.66333014
4026.5000 0.70928186
4027.4000 0.74067068
4028.3000 0.74536067
4029.2000 0.70131248
4030.1000 0.61410761
4031.0000 0.55421859
4031.9000 0.5458861
4032.8000 0.5490194
4033.7000 0.56447643
4034.6000 0.59940821
4035.5000 0.64702475
4036.4000 0.70450306
4037.3000 0.744322
4038.2000 0.74599516
4039.1000 0.71259016
4040.0000 0.66436183
4040.9000 0.65426868
4041.8000 0.69170851
4042.7000 0.69640797
4043.6000 0.61949313
4044.5000 0.5021711
4045.4000 0.44031036
4046.3000 0.5042066
4047.2000 0.6308046
4048.1000 0.69490415
4049.0000 0.69546998
4049.9000 0.69690657
4050.8000 0.69835955
4051.7000 0.67945373
4052.6000 0.64122182
4053.5000 0.61479443
4054.4000 0.59567136
4055.3000 0.60187328
4056.2000 0.61453182
4057.1000 0.59404892
4058.0000 0.57933784
4058.9000 0.61525261
4059.8000 0.67491621
4060.7000 0.70488662
4061.6000 0.66312522
4062.5000 0.55965495
4063.4000 0.48405984
4064.3000 0.53187764
4065.2000 0.61862755
4066.1000 0.62729555
4067.0000 0.60570365
4067.9000 0.64294255
4068.8000 0.70919818
4069.7000 0.71439487
4070.6000 0.65697491
4071.5000 0.60624677
4072.4000 0.63621414
4073.3000 0.69258094
4074.2000 0.68754727
4075.1000 0.61256808
4076.0000 0.52113795
4076.9000 0.45190015
4077.8000 0.46798542
4078.7000 0.53740466
4079.6000 0.60892606
4080.5000 0.6690836
4081.4000 0.68775845
4082.3000 0.66526103
4083.2000 0.64188153
4084.1000 0.63332915
4085.0000 0.64106154
4085.9000 0.663468
4086.8000 0.71529114
4087.7000 0.76768428
4088.6000 0.78306448
4089.5000 0.77014577
4090.4000 0.75213367
4091.3000 0.73744994
4092.2000 0.72903502
4093.1000 0.74614459
4094.0000 0.75292039
4094.9000 0.70380521
4095.8000 0.64529622
4096.7000 0.6401397
4097.6000 0.67029136
4098.5000 0.68260765
4099.4000 0.64254391
4100.3000 0.56103599
4101.2000 0.50382894
4102.1000 0.5281989
4103.0000 0.6008535
4103.9000 0.65158832
4104.8000 0.68174231
4105.7000 0.71548301
4106.6000 0.72705781
4107.5000 0.70856059
4108.4000 0.6850037
4109.3000 0.6555391
4110.2000 0.63511086
4111.1000 0.64326662
4112.0000 0.66810179
4112.9000 0.69916677
4113.8000 0.72408402
4114.7000 0.72934347
4115.6000 0.73053664
4116.5000 0.72845238
4117.4000 0.68717873
4118.3000 0.62566972
4119.2000 0.61930352
4120.1000 0.65982521
4121.0000 0.6805768
4121.9000 0.66475576
4122.8000 0.64467734
4123.7000 0.65031582
4124.6000 0.67598414
4125.5000 0.68160576
4126.4000 0.65807801
4127.3000 0.62783396
4128.2000 0.61626029
4129.1000 0.62267721
4130.0000 0.62960136
4130.9000 0.62070626
4131.8000 0.58373648
4132.7000 0.56522751
4133.6000 0.57150567
4134.5000 0.59502208
4135.4000 0.65331137
4136.3000 0.69304156
4137.2000 0.69520873
4138.1000 0.7076726
4139.0000 0.7254948
4139.9000 0.72282356
4140.8000 0.68641752
4141.7000 0.61772311
4142.6000 0.53165287
4143.5000 0.499944
4144.4000 0.56072569
4145.3000 0.64054251
4146.2000 0.67188752
4147.1000 0.67826873
4148.0000 0.66802311
4148.9000 0.62671953
4149.8000 0.58868539
4150.7000 0.59764922
4151.6000 0.61109966
4152.5000 0.61680317
4153.4000 0.61733377
4154.3000 0.6039561
4155.2000 0.59287834
4156.1000 0.58010423
4157.0000 0.59481066
4157.9000 0.64219958
4158.8000 0.67891318
4159.7000 0.68556595
4160.6000 0.66884094
4161.5000 0.67026079
4162.4000 0.70160514
4163.3000 0.71029252
4164.2000 0.68995464
4165.1000 0.67676461
4166.0000 0.65708739
4166.9000 0.62526029
4167.8000 0.61727333
4168.7000 0.65830898
4169.6000 0.68394893
4170.5000 0.66557491
4171.4000 0.6047976
4172.3000 0.52857208
4173.2000 0.51573551
4174.1000 0.56068367
4175.0000 0.60376674
4175.9000 0.60856056
4176.8000 0.57682866
4177.7000 0.55012774
4178.6000 0.56201696
4179.5000 0.59579903
4180.4000 0.60530221
4181.3000 0.59375143
4182.2000 0.60245216
4183.1000 0.62998313
4184.0000 0.66745514
4184.9000 0.70215726
4185.8000 0.69304949
4186.7000 0.63460815
4187.6000 0.61161989
4188.5000 0.6446718
4189.4000 0.67170101
4190.3000 0.66161883
4191.2000 0.64477247
4192.1000 0.66639709
4193.0000 0.70226419
4193.9000 0.69020122
4194.8000 0.62892711
4195.7000 0.56579047
4196.6000 0.54511082
4197.5000 0.54996228
4198.4000 0.56122452
4199.3000 0.59363705
4200.2000 0.61810261
4201.1000 0.59735554
4202.0000 0.57432592
4202.9000 0.58964026
4203.8000 0.60988349
4204.7000 0.61906892
4205.6000 0.64563751
4206.5000 0.68510801
4207.4000 0.71439779
4208.3000 0.72159302
4209.2000 0.70439881
4210.1000 0.68392879
4211.0000 0.68718696
4211.9000 0.70580244
4212.8000 0.69923025
4213.7000 0.64904153
4214.6000 0.570553
4215.5000 0.52936482
4216.4000 0.60197908
4217.3000 0.71190977
4218.2000 0.76929629
4219.1000 0.77933389
4220.0000 0.78801435
4220.9000 0.80303508
4221.8000 0.78000075
4222.7000 0.71878964
4223.6000 0.65942496
4224.5000 0.60095525
4225.4000 0.51614279
4226.3000 0.43720558
4227.2000 0.47409651
4228.1000 0.62397164
4229.0000 0.73858005
4229.9000 0.76915896
4230.8000 0.77996647
4231.7000 0.75896001
4232.6000 0.70521575
4233.5000 0.68444699
4234.4000 0.69312924
4235.3000 0.66489691
4236.2000 0.62107068
4237.1000 0.63042194
4238.0000 0.65633655
4238.9000 0.66171497
4239.8000 0.67416114
4240.7000 0.71926469
4241.6000 0.74126494
4242.5000 0.72028852
4243.4000 0.73073071
4244.3000 0.77435821
4245.2000 0.77917564
4246.1000 0.73244828
4247.0000 0.6787194
4247.9000 0.64622837
4248.8000 0.64671344
4249.7000 0.64447689
4250.6000 0.65503997
4251.5000 0.70459741
4252.4000 0.73802125
4253.3000 0.71286905
4254.2000 0.67060775
4255.1000 0.65503877
4256.0000 0.68730599
4256.9000 0.73441148
4257.8000 0.7192986
4258.7000 0.65364856
4259.6000 0.60170436
4260.5000 0.57821369
4261.4000 0.61779654
4262.3000 0.70554376
4263.2000 0.76599056
4264.1000 0.77775103
4265.0000 0.78875947
4265.9000 0.80527282
4266.8000 0.7760132
4267.7000 0.7241866
4268.6000 0.70012689
4269.5000 0.67380804
4270.4000 0.61161238
4271.3000 0.54107916
4272.2000 0.54309058
4273.1000 0.5949288
4274.0000 0.60717243
4274.9000 0.61467838
4275.8000 0.67046058
4276.7000 0.74342585
4277.6000 0.78124321
4278.5000 0.7641021
4279.4000 0.69410372
4280.3000 0.6301592
4281.2000 0.64059287
4282.1000 0.68648833
4283.0000 0.71681017
4283.9000 0.7134065
4284.8000 0.66612262
4285.7000 0.62341398
4286.6000 0.63331622
4287.5000 0.65414333
4288.4000 0.62277341
4289.3000 0.56159985
4290.2000 0.54231966
4291.1000 0.58717626
4292.0000 0.66093153
4292.9000 0.70937026
4293.8000 0.69299918
4294.7000 0.65256542
4295.6000 0.63113636
4296.5000 0.60496265
4297.4000 0.56551021
4298.3000 0.51246369
4299.2000 0.44518593
4300.1000 0.4224281
4301.0000 0.45573112
4301.9000 0.47631118
4302.8000 0.46768707
4303.7000 0.47079766
4304.6000 0.47895861
4305.5000 0.48600599
4306.4000 0.48836556
4307.3000 0.45076799
4308.2000 0.39895853
4309.1000 0.39532188
4310.0000 0.43006077
4310.9000 0.46927118
4311.8000 0.5058912
4312.7000 0.55084735
4313.6000 0.59553748
4314.5000 0.65103304
4315.4000 0.75688136
4316.3000 0.86136544
4317.2000 0.89782357
4318.1000 0.88574231
4319.0000 0.87461156
4319.9000 0.84933168
4320.8000 0.80508113
4321.7000 0.77740347
4322.6000 0.72160017
4323.5000 0.62222558
4324.4000 0.54412889
4325.3000 0.51756918
4326.2000 0.58053148
4327.1000 0.70967501
4328.0000 0.82251871
4328.9000 0.86189616
4329.8000 0.82714623
4330.7000 0.78608704
4331.6000 0.79790503
4332.5000 0.82219356
4333.4000 0.8231771
4334.3000 0.84445626
4335.2000 0.88073438
4336.1000 0.83764958
4337.0000 0.7119624
4337.9000 0.61821133
4338.8000 0.58428288
4339.7000 0.5395835
4340.6000 0.53323859
4341.5000 0.62372822
4342.4000 0.72194672
4343.3000 0.74351925
4344.2000 0.74360657
4345.1000 0.78728706
4346.0000 0.8072421
4346.9000 0.79087526
4347.8000 0.80192733
4348.7000 0.84985369
4349.6000 0.85366231
4350.5000 0.74902952
4351.4000 0.63115031
4352.3000 0.62002259
4353.2000 0.71076351
4354.1000 0.77074575
4355.0000 0.77362436
4355.9000 0.79327434
4356.8000 0.82253683
4357.7000 0.80425709
4358.6000 0.7470237
4359.5000 0.72430456
4360.4000 0.77404755
4361.3000 0.84103674
4362.2000 0.85533261
4363.1000 0.84182566
4364.0000 0.86287045
4364.9000 0.89244372
4365.8000 0.86736953
4366.7000 0.79996717
4367.6000 0.75046664
4368.5000 0.75696719
4369.4000 0.77931309
4370.3000 0.78360081
4371.2000 0.79333752
4372.1000 0.79494768
4373.0000 0.74822599
4373.9000 0.67357439
4374.8000 0.63812381
4375.7000 0.67873555
4376.6000 0.76149917
4377.5000 0.8229298
4378.4000 0.83987421
4379.3000 0.82414633
4380.2000 0.80848396
4381.1000 0.79453772
4382.0000 0.71638507
4382.9000 0.56372297
4383.8000 0.46634591
4384.7000 0.51290882
4385.6000 0.63468587
4386.5000 0.72889435
4387.4000 0.74842554
4388.3000 0.73225439
4389.2000 0.71511149
4390.1000 0.69502562
4391.0000 0.69946164
4391.9000 0.74579847
4392.8000 0.77704215
4393.7000 0.75267565
4394.6000 0.71771425
4395.5000 0.73559272
4396.4000 0.80601364
4397.3000 0.85326797
4398.2000 0.82689756
4399.1000 0.76127464
4400.0000 0.70343018
4400.9000 0.70471007
4401.8000 0.78168315
4402.7000 0.82704532
4403.6000 0.75171453
4404.5000 0.66109204
4405.4000 0.68373203
4406.3000 0.75470501
4407.2000 0.74887884
4408.1000 0.70300812
4409.0000 0.72368127
4409.9000 0.80054367
4410.8000 0.85802549
4411.7000 0.89034063
4412.6000 0.90777498
4413.5000 0.8674494
4414.4000 0.7671656
4415.3000 0.70828968
4416.2000 0.73885262
4417.1000 0.78389513
4418.0000 0.81717581
4418.9000 0.86267269
4419.8000 0.89208078
4420.7000 0.86593258
4421.6000 0.80425894
4422.5000 0.76171356
4423.4000 0.78029722
4424.3000 0.82395041
4425.2000 0.83669859
4426.1000 0.82788861
4427.0000 0.82393706
4427.9000 0.83152872
4428.8000 0.82733202
4429.7000 0.78376168
4430.6000 0.76168358
4431.5000 0.80013543
4432.4000 0.82299572
4433.3000 0.79167551
4434.2000 0.74025887
4435.1000 0.70811754
4436.0000 0.74052942
4436.9000 0.8198477
4437.8000 0.88183737
4438.7000 0.91384423
4439.6000 0.89829534
4440.5000 0.84775156
4441.4000 0.7844125
4442.3000 0.73563737
4443.2000 0.725142
4444.1000 0.77123982
4445.0000 0.85044575
4445.9000 0.88727456
4446.8000 0.86836749
4447.7000 0.86465007
4448.6000 0.88344622
4449.5000 0.85517401
4450.4000 0.81938285
4451.3000 0.83675224
4452.2000 0.86252254
4453.1000 0.84596771
4454.0000 0.78483963
4454.9000 0.72451931
4455.8000 0.72446442
4456.7000 0.76258308
4457.6000 0.77052516
4458.5000 0.75448674
4459.4000 0.74619782
4460.3000 0.73685175
4461.2000 0.69647735
4462.1000 0.70441586
4463.0000 0.77447534
4463.9000 0.82375127
4464.8000 0.82723498
4465.7000 0.82800239
4466.6000 0.82661015
4467.5000 0.81906319
4468.4000 0.79312879
4469.3000 0.76709282
4470.2000 0.78463095
4471.1000 0.82331967
4472.0000 0.85121953
4472.9000 0.89402086
4473.8000 0.92924714
4474.7000 0.93404269
4475.6000 0.92982084
4476.5000 0.95624143
4477.4000 0.98403472
4478.3000 0.95185798
4479.2000 0.86758441
4480.1000 0.79272169
4481.0000 0.76537412
4481.9000 0.77601701
4482.8000 0.82801461
4483.7000 0.89434499
4484.6000 0.92809403
4485.5000 0.9462592
4486.4000 0.94507766
4487.3000 0.91543674
4488.2000 0.85359132
4489.1000 0.79525536
4490.0000 0.79511935
4490.9000 0.84774417
4491.8000 0.90195304
4492.7000 0.9120928
4493.6000 0.86009341
4494.5000 0.80093765
4495.4000 0.79178756
4496.3000 0.81896269
4497.2000 0.86800313
4498.1000 0.91864514
4499.0000 0.93474674
4499.9000 0.91400969
4500.8000 0.87420219
4501.7000 0.8730405
4502.6000 0.93631411
4503.5000 0.99814636
4504.4000 1.01390672
4505.3000 1.00214219
4506.2000 0.98077959
4507.1000 0.95696139
4508.0000 0.94118929
4508.9000 0.94727969
4509.8000 0.96732539
4510.7000 0.97302115
4511.6000 0.95645297
4512.5000 0.92791373
4513.4000 0.90247756
4514.3000 0.88445491
4515.2000 0.89061815
4516.1000 0.90627348
4517.0000 0.89326483
4517.9000 0.87131208
4518.8000 0.88680857
4519.7000 0.92628968
4520.6000 0.95318103
4521.5000 0.9358837
4522.4000 0.87840849
4523.3000 0.85072398
4524.2000 0.85551405
4525.1000 0.83847934
4526.0000 0.80927879
4526.9000 0.78441966
4527.8000 0.7655071
4528.7000 0.75964874
4529.6000 0.77324444
4530.5000 0.79683185
4531.4000 0.83143651
4532.3000 0.85819721
4533.2000 0.82947385
4534.1000 0.77813148
4535.0000 0.76051253
4535.9000 0.80762327
4536.8000 0.9071539
4537.7000 0.96619689
4538.6000 0.94394976
4539.5000 0.89710969
4540.4000 0.8671506
4541.3000 0.867235
4542.2000 0.89862198
4543.1000 0.91577595
4544.0000 0.88795525
4544.9000 0.85310513
4545.8000 0.85861814
4546.7000 0.88254517
4547.6000 0.88212335
4548.5000 0.84442902
4549.4000 0.80254292
4550.3000 0.82209909
4551.2000 0.86355758
4552.1000 0.86099011
4553.0000 0.8336904
4553.9000 0.80470651
4554.8000 0.79674757
4555.7000 0.83034754
4556.6000 0.89490956
4557.5000 0.93680006
4558.4000 0.94162428
4559.3000 0.93963456
4560.2000 0.93033564
4561.1000 0.93596983
4562.0000 0.94391352
4562.9000 0.91439015
4563.8000 0.8555361
4564.7000 0.81096667
4565.6000 0.81614572
4566.5000 0.87317574
4567.4000 0.93561262
4568.3000 0.95659137
4569.2000 0.96250111
4570.1000 0.94498199
4571.0000 0.87597966
4571.9000 0.85072774
4572.8000 0.91307276
4573.7000 0.96207237
4574.6000 0.95336682
4575.5000 0.9442088
4576.4000 0.94788122
4577.3000 0.94806838
4578.2000 0.92526454
4579.1000 0.87381649
4580.0000 0.83254838
4580.9000 0.81982684
4581.8000 0.83683491
4582.7000 0.85365564
4583.6000 0.84841228
4584.5000 0.85643274
4585.4000 0.86058062
4586.3000 0.86468905
4587.2000 0.90899038
4588.1000 0.95280063
4589.0000 0.96998501
4589.9000 0.95736748
4590.8000 0.91495919
4591.7000 0.86710852
4592.6000 0.85228002
4593.5000 0.86511266
4594.4000 0.86653697
4595.3000 0.86007529
4596.2000 0.86324608
4597.1000 0.87623352
4598.0000 0.88740247
4598.9000 0.90762401
4599.8000 0.88103342
4600.7000 0.85161626
4601.6000 0.87955409
4602.5000 0.90202099
4603.4000 0.90520418
4604.3000 0.89756298
4605.2000 0.88025445
4606.1000 0.89344794
4607.0000 0.92582828
4607.9000 0.96643203
4608.8000 1.00780559
4609.7000 1.01043653
4610.6000 0.97700167
4611.5000 0.94387978
4612.4000 0.92557693
4613.3000 0.90814924
4614.2000 0.93014258
4615.1000 0.95161903
4616.0000 0.94308501
4616.9000 0.94439429
4617.8000 0.95713711
4618.7000 0.93656087
4619.6000 0.92383677
4620.5000 0.95919859
4621.4000 0.98024631
4622.3000 0.97103101
4623.2000 0.97187608
4624.1000 0.97680378
4625.0000 0.964746
4625.9000 0.95606774
4626.8000 0.97240067
4627.7000 0.97565448
4628.6000 0.95201904
4629.5000 0.9355315
4630.4000 0.9631356
4631.3000 0.99531126
4632.2000 0.97515494
4633.1000 0.93556321
4634.0000 0.92558277
4634.9000 0.93559641
4635.8000 0.9371227
4636.7000 0.91948062
4637.6000 0.89476228
4638.5000 0.88863069
4639.4000 0.90235227
4640.3000 0.92427552
4641.2000 0.96027941
4642.1000 0.97308731
4643.0000 0.95309842
4643.9000 0.93288338
4644.8000 0.91667378
4645.7000 0.87555712
4646.6000 0.83243388
4647.5000 0.8234722
4648.4000 0.84921563
4649.3000 0.89118868
4650.2000 0.93050325
4651.1000 0.94805497
4652.0000 0.95895243
4652.9000 0.96399599
4653.8000 0.93191195
4654.7000 0.88595694
4655.6000 0.86594743
4656.5000 0.87082893
4657.4000 0.9133147
4658.3000 0.9831717
4659.2000 1.0307492
4660.1000 1.02910125
4661.0000 0.99425793
4661.9000 0.94668096
4662.8000 0.91069716
4663.7000 0.90793067
4664.6000 0.91807944
4665.5000 0.88735944
4666.4000 0.80325288
4667.3000 0.74114388
4668.2000 0.76052791
4669.1000 0.82766235
4670.0000 0.88976651
4670.9000 0.93107831
4671.8000 0.94523317
4672.7000 0.93179584
4673.6000 0.91687232
4674.5000 0.9281854
4675.4000 0.96532482
4676.3000 1.0009948
4677.2000 0.99723518
4678.1000 0.94977605
4679.0000 0.90094709
4679.9000 0.88147432
4680.8000 0.87671942
4681.7000 0.87941706
4682.6000 0.9108057
4683.5000 0.95047325
4684.4000 0.96021855
4685.3000 0.95335197
4686.2000 0.94521582
4687.1000 0.93204838
4688.0000 0.92935133
4688.9000 0.93519396
4689.8000 0.92946023
4690.7000 0.91594625
4691.6000 0.91634005
4692.5000 0.93536711
4693.4000 0.95745921
4694.3000 0.97368085
4695.2000 0.99157959
4696.1000 1.00229383
4697.0000 0.97651577
4697.9000 0.92269349
4698.8000 0.88613343
4699.7000 0.89147502
4700.6000 0.90525323
4701.5000 0.89853084
4702.4000 0.88147312
4703.3000 0.87789738
4704.2000 0.89769322
4705.1000 0.92355323
4706.0000 0.92941499
4706.9000 0.89819539
4707.8000 0.86285812
4708.7000 0.85152602
4709.6000 0.87112975
4710.5000 0.9223212
4711.4000 0.96042705
4712.3000 0.95534164
4713.2000 0.93028325
4714.1000 0.89820755
4715.0000 0.90208501
4715.9000 0.94920963
4716.8000 0.987441
4717.7000 0.99225825
4718.6000 0.99324208
4719.5000 1.00355601
4720.4000 1.00955629
4721.3000 0.99866307
4722.2000 0.98395878
4723.1000 0.98992532
4724.0000 1.01066124
4724.9000 1.02530694
4725.8000 1.01115763
4726.7000 0.94721329
4727.6000 0.88251841
4728.5000 0.86404091
4729.4000 0.88016301
4730.3000 0.89269167
4731.2000 0.90683466
4732.1000 0.93219322
4733.0000 0.94897598
4733.9000 0.95923102
4734.8000 0.97784036
4735.7000 0.96059877
4736.6000 0.92442322
4737.5000 0.93926322
4738.4000 0.9799062
4739.3000 0.97590923
4740.2000 0.94569486
4741.1000 0.94302177
4742.0000 0.96845704
4742.9000 0.99588913
4743.8000 1.00050128
4744.7000 0.97689945
4745.6000 0.97021347
4746.5000 1.00315344
4747.4000 1.01573777
4748.3000 0.99902916
4749.2000 0.99421334
4750.1000 0.9950912
4751.0000 0.99023104
4751.9000 0.97663277
4752.8000 0.96752125
4753.7000 0.95386672
4754.6000 0.94119227
4755.5000 0.93721813
4756.4000 0.93559283
4757.3000 0.94795871
4758.2000 0.96219188
4759.1000 0.98696715
4760.0000 1.00728309
4760.9000 0.97768784
4761.8000 0.92725909
4762.7000 0.89689094
4763.6000 0.8906073
4764.5000 0.88715744
4765.4000 0.87454569
4766.3000 0.88432729
4767.2000 0.91921806
4768.1000 0.94718289
4769.0000 0.98070264
4769.9000 1.00528252
4770.8000 0.98897493
4771.7000 0.95072424
4772.6000 0.94581312
4773.5000 0.98576647
4774.4000 1.02659059
4775.3000 1.02769756
4776.2000 1.01582646
4777.1000 1.02574885
4778.0000 1.02623272
4778.9000 1.00994039
4779.8000 1.0038625
4780.7000 1.01624179
4781.6000 1.01916373
4782.5000 0.99334431
4783.4000 0.96797282
4784.3000 0.97990596
4785.2000 0.98025775
4786.1000 0.93139899
4787.0000 0.91643679
4787.9000 0.94051522
4788.8000 0.93595374
4789.7000 0.92977941
4790.6000 0.95770401
4791.5000 0.97189569
4792.4000 0.97648197
4793.3000 1.01052296
4794.2000 1.05252206
4795.1000 1.06287813
4796.0000 1.05365264
4796.9000 1.02278566
4797.8000 0.97571695
4798.7000 0.93128067
4799.6000 0.92461699
4800.5000 0.95511574
4801.4000 1.00140476
4802.3000 1.02748144
4803.2000 1.01911461
4804.1000 0.98861659
4805.0000 0.9665975
4805.9000 0.97526181
4806.8000 0.97667897
4807.7000 0.95400721
4808.6000 0.94893777
4809.5000 0.96964681
4810.4000 0.98581696
4811.3000 0.98756564
4812.2000 0.99111527
4813.1000 0.99701864
4814.0000 1.00710142
4814.9000 1.01451921
4815.8000 1.02196038
4816.7000 1.03476107
4817.6000 1.0369283
4818.5000 1.03831077
4819.4000 1.04563558
4820.3000 1.04036713
4821.2000 1.03105235
4822.1000 1.00488269
4823.0000 0.95066768
4823.9000 0.91985673
4824.8000 0.95576465
4825.7000 1.01050878
4826.6000 1.03475153
4827.5000 1.02201915
4828.4000 0.99714911
4829.3000 0.989205
4830.2000 0.99323207
4831.1000 0.97510278
4832.0000 0.95354933
4832.9000 0.97284961
4833.8000 1.0019418
4834.7000 1.00897264
4835.6000 1.00291336
4836.5000 1.00709713
4837.4000 1.01377654
4838.3000 0.98402911
4839.2000 0.9422617
4840.1000 0.92956996
4841.0000 0.95314157
4841.9000 0.97666955
4842.8000 0.96555525
4843.7000 0.96282315
4844.6000 0.99446505
4845.5000 1.02690125
4846.4000 1.02974629
4847.3000 0.99676335
4848.2000 0.9491545
4849.1000 0.94265193
4850.0000 0.98685795
4850.9000 1.02087009
4851.8000 1.02026772
4852.7000 1.01091266
4853.6000 0.9833858
4854.5000 0.91973579
4855.4000 0.87049723
4856.3000 0.89389092
4857.2000 0.94118255
4858.1000 0.93701607
4859.0000 0.87317878
4859.9000 0.76054108
4860.8000 0.65079027
4861.7000 0.65510285
4862.6000 0.76839435
4863.5000 0.85733885
4864.4000 0.88749152
4865.3000 0.91202968
4866.2000 0.93636173
4867.1000 0.94178271
4868.0000 0.94309062
4868.9000 0.95221311
4869.8000 0.93293047
4870.7000 0.86946881
4871.6000 0.83162624
4872.5000 0.86153126
4873.4000 0.90926909
4874.3000 0.92700243
4875.2000 0.92160511
4876.1000 0.92771173
4877.0000 0.94259191
4877.9000 0.96116209
4878.8000 1.00650525
4879.7000 1.03543901
4880.6000 1.00126433
4881.5000 0.95324308
4882.4000 0.95037115
4883.3000 0.96291244
4884.2000 0.94001698
4885.1000 0.89992321
4886.0000 0.88738912
4886.9000 0.90599751
4887.8000 0.92451066
4888.7000 0.92673105
4889.6000 0.91218704
4890.5000 0.87360901
4891.4000 0.86632478
4892.3000 0.93153244
4893.2000 1.00930965
4894.1000 1.05305171
4895.0000 1.0687834
4895.9000 1.06620681
4896.8000 1.06213856
4897.7000 1.05931568
4898.6000 1.0328052
4899.5000 0.98640347
4900.4000 0.97152251
4901.3000 1.00011671
4902.2000 1.00503755
4903.1000 0.98233181
4904.0000 0.97942907
4904.9000 1.01137781
4905.8000 1.04413939
4906.7000 1.03854215
4907.6000 1.00573313
4908.5000 0.9662956
4909.4000 0.91605109
4910.3000 0.87962329
4911.2000 0.89400071
4912.1000 0.94102365
4913.0000 0.97239852
4913.9000 0.98661578
4914.8000 1.01657414
4915.7000 1.03848636
4916.6000 1.01233304
4917.5000 0.94371533
4918.4000 0.86814874
4919.3000 0.81571108
4920.2000 0.79993385
4921.1000 0.83089697
4922.0000 0.88970673
4922.9000 0.9149912
4923.8000 0.89732867
4924.7000 0.89776337
4925.6000 0.94238019
4926.5000 0.98602033
4927.4000 0.99723029
4928.3000 1.01016974
4929.2000 1.03114605
4930.1000 1.03292656
4931.0000 1.03288519
4931.9000 1.01970172
4932.8000 0.95017606
4933.7000 0.88367236
4934.6000 0.901968
4935.5000 0.9545483
4936.4000 0.95708388
4937.3000 0.91396856
4938.2000 0.86464107
4939.1000 0.85956347
4940.0000 0.92437834
4940.9000 0.99713123
4941.8000 1.01677024
4942.7000 1.01888704
4943.6000 1.02632689
4944.5000 1.01335657
4945.4000 0.97907889
4946.3000 0.97023934
4947.2000 1.00088418
4948.1000 1.02873635
4949.0000 1.02787042
4949.9000 1.02221215
4950.8000 1.02764213
4951.7000 1.02066147
4952.6000 1.00267327
4953.5000 1.00185263
4954.4000 1.01831436
4955.3000 1.02171516
4956.2000 0.96268958
4957.1000 0.85548377
4958.0000 0.84530503
4958.9000 0.94469798
4959.8000 1.02553546
4960.7000 1.03590214
4961.6000 1.01418388
4962.5000 1.01820266
4963.4000 1.03406453
4964.3000 1.0156436
4965.2000 0.96784741
4966.1000 0.94934756
4967.0000 0.95419925
4967.9000 0.95487177
4968.8000 0.9502961
4969.7000 0.94244534
4970.6000 0.94667423
4971.5000 0.98848116
4972.4000 1.02558005
4973.3000 1.0295881
4974.2000 1.03465211
4975.1000 1.0310694
4976.0000 1.01125455
4976.9000 0.98943096
4977.8000 0.95913357
4978.7000 0.94393408
4979.6000 0.95103788
4980.5000 0.94500536
4981.4000 0.89582008
4982.3000 0.83040231
4983.2000 0.81744671
4984.1000 0.84743023
4985.0000 0.87957722
4985.9000 0.91138196
4986.8000 0.96321625
4987.7000 1.00133562
4988.6000 0.98940188
4989.5000 0.96006525
4990.4000 0.93740231
4991.3000 0.93897033
4992.2000 0.96515524
4993.1000 0.96263731
4994.0000 0.9477554
4994.9000 0.96809793
4995.8000 0.98421669
4996.7000 0.97466826
4997.6000 0.96452338
4998.5000 0.94238847
4999.4000 0.90784723
5000.3000 0.89476079
5001.2000 0.90601063
5002.1000 0.91553211
5003.0000 0.92960322
5003.9000 0.92472565
5004.8000 0.88847727
5005.7000 0.85016775
5006.6000 0.85457438
5007.5000 0.91688877
5008.4000 0.9819178
5009.3000 0.99003989
5010.2000 0.96522671
5011.1000 0.92440528
5012.0000 0.870112
5012.9000 0.83260584
5013.8000 0.82569981
5014.7000 0.85238045
5015.6000 0.89818966
5016.5000 0.90922785
5017.4000 0.87657374
5018.3000 0.85790884
5019.2000 0.88946754
5020.1000 0.92621166
5021.0000 0.92293638
5021.9000 0.90103984
5022.8000 0.90748715
5023.7000 0.94020575
5024.6000 0.94847745
5025.5000 0.94807112
5026.4000 0.93053645
5027.3000 0.8942554
5028.2000 0.90657926
5029.1000 0.95377046
5030.0000 0.97157967
5030.9000 0.96859127
5031.8000 0.98298442
5032.7000 1.01935363
5033.6000 1.03187549
5034.5000 0.99575895
5035.4000 0.91794646
5036.3000 0.89255375
5037.2000 0.92187297
5038.1000 0.92529774
5039.0000 0.8841778
5039.9000 0.82136524
5040.8000 0.76031202
5041.7000 0.77476263
5042.6000 0.87898165
5043.5000 0.96151996
5044.4000 0.99856275
5045.3000 1.03146875
5046.2000 1.04545283
5047.1000 1.00917161
5048.0000 0.94078082
5048.9000 0.90899438
5049.8000 0.92350858
5050.7000 0.93387431
5051.6000 0.92050594
5052.5000 0.93451375
5053.4000 0.97592258
5054.3000 1.01102424
5055.2000 1.02932596
5056.1000 1.02905619
5057.0000 1.01850569
5057.9000 1.01914465
5058.8000 1.02199185
5059.7000 1.01965928
5060.6000 1.0349859
5061.5000 1.05720103
5062.4000 1.05654502
5063.3000 1.01996946
5064.2000 0.94827944
5065.1000 0.90229625
5066.0000 0.93320298
5066.9000 0.96543068
5067.8000 0.95750105
5068.7000 0.95354539
5069.6000 0.98666108
5070.5000 1.01317084
5071.4000 0.97820187
5072.3000 0.93177313
5073.2000 0.9458065
5074.1000 0.96517634
5075.0000 0.95071
5075.9000 0.95037585
5076.8000 0.97661024
5077.7000 0.97715366
5078.6000 0.90141481
5079.5000 0.8112129
5080.4000 0.80873334
5081.3000 0.87836754
5082.2000 0.93334633
5083.1000 0.9341284
5084.0000 0.94040322
5084.9000 0.98069823
5085.8000 1.00126386
5086.7000 0.98622191
5087.6000 0.96443993
5088.5000 0.96971577
5089.4000 0.98576236
5090.3000 0.99017322
5091.2000 0.99496597
5092.1000 1.0113008
5093.0000 1.02851224
5093.9000 1.03328013
5094.8000 1.02348804
5095.7000 1.00385368
5096.6000 0.96173632
5097.5000 0.9043563
5098.4000 0.85604745
5099.3000 0.85413414
5100.2000 0.91475224
5101.1000 0.98185229
5102.0000 1.00935555
5102.9000 0.99204588
5103.8000 0.96337438
5104.7000 0.95310813
5105.6000 0.95374709
5106.5000 0.93688172
5107.4000 0.9119525
5108.3000 0.91576785
5109.2000 0.92660165
5110.1000 0.92021751
5111.0000 0.93740952
5111.9000 0.97659141
5112.8000 0.99630409
5113.7000 0.99582827
5114.6000 0.98716033
5115.5000 0.98219275
5116.4000 1.00177681
5117.3000 1.03125155
5118.2000 1.03835511
5119.1000 1.02165163
5120.0000 1.00267231
5120.9000 0.9825002
5121.8000 0.95177674
5122.7000 0.90944564
5123.6000 0.88098907
5124.5000 0.88776463
5125.4000 0.9108004
5126.3000 0.92223686
5127.2000 0.92037356
5128.1000 0.91782457
5129.0000 0.91583908
5129.9000 0.92070597
5130.8000 0.92886889
5131.7000 0.93268156
5132.6000 0.94294125
5133.5000 0.96031493
5134.4000 0.99311256
5135.3000 1.01449347
5136.2000 0.98170757
5137.1000 0.93444163
5138.0000 0.91595542
5138.9000 0.90328354
5139.8000 0.91087145
5140.7000 0.93899381
5141.6000 0.91597992
5142.5000 0.86828309
5143.4000 0.88546306
5144.3000 0.93423134
5145.2000 0.93516612
5146.1000 0.90705889
5147.0000 0.89135653
5147.9000 0.89734137
5148.8000 0.93143719
5149.7000 0.95969671
5150.6000 0.94057256
5151.5000 0.90931571
5152.4000 0.90408087
5153.3000 0.91164768
5154.2000 0.91905987
5155.1000 0.93792564
5156.0000 0.96625239
5156.9000 0.99392784
5157.8000 1.00326192
5158.7000 0.99943811
5159.6000 1.00408578
5160.5000 1.00461996
5161.4000 0.98222643
5162.3000 0.96164066
5163.2000 0.95944601
5164.1000 0.94653666
5165.0000 0.89741409
5165.9000 0.82040513
5166.8000 0.7363385
5167.7000 0.69116002
5168.6000 0.72745532
5169.5000 0.82640129
5170.4000 0.88841313
5171.3000 0.8232078
5172.2000 0.7060014
5173.1000 0.69953638
5174.0000 0.82495296
5174.9000 0.95217079
5175.8000 0.99681163
5176.7000 0.99237198
5177.6000 0.99996191
5178.5000 1.00977695
5179.4000 1.00100052
5180.3000 0.98892641
5181.2000 0.96575195
5182.1000 0.87738252
5183.0000 0.73373938
5183.9000 0.67304724
5184.8000 0.77096808
5185.7000 0.90812039
5186.6000 0.96761692
5187.5000 0.95590764
5188.4000 0.93318516
5189.3000 0.95652473
5190.2000 0.97792751
5191.1000 0.91731465
5192.0000 0.836537
5192.9000 0.84540784
5193.8000 0.90661818
5194.7000 0.91386366
5195.6000 0.89058101
5196.5000 0.89847076
5197.4000 0.9193477
5198.3000 0.94166398
5199.2000 0.96554035
5200.1000 0.97694731
5201.0000 0.97555339
5201.9000 0.96938229
5202.8000 0.96902674
5203.7000 0.95554984
5204.6000 0.90414476
5205.5000 0.8651945
5206.4000 0.87769932
5207.3000 0.89835054
5208.2000 0.88807958
5209.1000 0.89046526
5210.0000 0.92362982
5210.9000 0.94971341
5211.8000 0.9695667
5212.7000 0.99137712
5213.6000 0.99936175
5214.5000 0.9696964
5215.4000 0.91747433
5216.3000 0.89243859
5217.2000 0.90832078
5218.1000 0.94451791
5219.0000 0.97375816
5219.9000 0.98510426
5220.8000 0.98913646
5221.7000 0.98897064
5222.6000 0.97864193
5223.5000 0.95496136
5224.4000 0.91558492
5225.3000 0.8575269
5226.2000 0.79191065
5227.1000 0.77562076
5228.0000 0.84664565
5228.9000 0.93515432
5229.8000 0.97177839
5230.7000 0.98249441
5231.6000 0.97651577
5232.5000 0.9420768
5233.4000 0.90925187
5234.3000 0.90109324
5235.2000 0.91090643
5236.1000 0.94333518
5237.0000 0.98440415
5237.9000 1.00714707
5238.8000 1.00339556
5239.7000 0.994708
5240.6000 1.00581372
5241.5000 1.01092327
5242.4000 0.99109107
5243.3000 0.9813714
5244.2000 1.00923812
5245.1000 1.03420579
5246.0000 1.0029428
5246.9000 0.94198596
5247.8000 0.92253125
5248.7000 0.93459755
5249.6000 0.92017335
5250.5000 0.89591563
5251.4000 0.91040826
5252.3000 0.94165254
5253.2000 0.95322818
5254.1000 0.9320811
5255.0000 0.90074456
5255.9000 0.92021495
5256.8000 0.98327589
5257.7000 1.02419567
5258.6000 1.03072703
5259.5000 1.02176368
5260.4000 0.99276745
5261.3000 0.93758261
5262.2000 0.87568885
5263.1000 0.83440638
5264.0000 0.80988526
5264.9000 0.78480297
5265.8000 0.77610934
5266.7000 0.82680261
5267.6000 0.8890028
5268.5000 0.86236781
5269.4000 0.77854967
5270.3000 0.76826519
5271.2000 0.8530432
5272.1000 0.91779023
5273.0000 0.91629922
5273.9000 0.89865011
5274.8000 0.87549216
5275.7000 0.86614096
5276.6000 0.91714776
5277.5000 0.9910028
5278.4000 1.01975524
5279.3000 0.99788916
5280.2000 0.9606232
5281.1000 0.93374765
5282.0000 0.92216498
5282.9000 0.91105044
5283.8000 0.89506531
5284.7000 0.92398208
5285.6000 0.99600536
5286.5000 1.03861237
5287.4000 1.03069901
5288.3000 1.01131034
5289.2000 1.01409948
5290.1000 1.02970517
5291.0000 1.03504741
5291.9000 1.02582526
5292.8000 1.00414324
5293.7000 0.99477905
5294.6000 0.99850762
5295.5000 0.98018938
5296.4000 0.92660058
5297.3000 0.86563522
5298.2000 0.85012317
5299.1000 0.90524012
5300.0000 0.9599629
5300.9000 0.9536261
5301.8000 0.93125123
5302.7000 0.94492888
5303.6000 0.98497111
5304.5000 1.02192962
5305.4000 1.03122449
5306.3000 1.011024
5307.2000 0.98836559
5308.1000 0.99432462
5309.0000 1.02112162
5309.9000 1.03708291
5310.8000 1.03528488
5311.7000 1.02534628
5312.6000 1.01572084
5313.5000 1.01231492
5314.4000 1.01380694
5315.3000 0.99557549
5316.2000 0.95705974
5317.1000 0.94961709
5318.0000 0.97736639
5318.9000 0.98767376
5319.8000 0.98081744
5320.7000 0.97802156
5321.6000 0.9755221
5322.5000 0.97070277
5323.4000 0.94758213
5324.3000 0.92161828
5325.2000 0.93201178
5326.1000 0.94679326
5327.0000 0.89611828
5327.9000 0.79473418
5328.8000 0.77128738
5329.7000 0.85910082
5330.6000 0.95336312
5331.5000 0.98182499
5332.4000 0.95928258
5333.3000 0.95332623
5334.2000 0.98333991
5335.1000 1.00596619
5336.0000 0.99883419
5336.9000 0.98349279
5337.8000 0.98379892
5338.7000 0.98199517
5339.6000 0.94183004
5340.5000 0.8940329
5341.4000 0.90747464
5342.3000 0.96776372
5343.2000 0.99790424
5344.1000 0.99919516
5345.0000 0.98284757
5345.9000 0.96131623
5346.8000 0.96420181
5347.7000 0.96482015
5348.6000 0.94012302
5349.5000 0.93045002
5350.4000 0.96045649
5351.3000 0.99788195
5352.2000 1.00403583
5353.1000 0.996894
5354.0000 1.00494373
5354.9000 1.036134
5355.8000 1.05623269
5356.7000 1.0495801
5357.6000 1.04312861
5358.5000 1.04009831
5359.4000 1.04045832
5360.3000 1.03397369
5361.2000 1.00681353
5362.1000 0.98142302
5363.0000 0.9754535
5363.9000 0.97147942
5364.8000 0.95533407
5365.7000 0.95354813
5366.6000 0.96710515
5367.5000 0.97484481
5368.4000 0.97176421
5369.3000 0.94124895
5370.2000 0.89670134
5371.1000 0.86893821
5372.0000 0.90135211
5372.9000 0.968876
5373.8000 1.00503802
5374.7000 1.02457929
5375.6000 1.03977406
5376.5000 1.02803624
5377.4000 1.0092876
5378.3000 1.01055789
5379.2000 1.00694823
5380.1000 0.98519969
5381.0000 0.97426248
5381.9000 0.97839713
5382.8000 0.97729856
5383.7000 0.98541576
5384.6000 1.0088433
5385.5000 1.01606548
5386.4000 1.00382662
5387.3000 0.99998754
5388.2000 0.99486899
5389.1000 0.97699296
5390.0000 0.96442193
5390.9000 0.95702183
5391.8000 0.94735789
5392.7000 0.93902999
5393.6000 0.93536144
5394.5000 0.94405627
5395.4000 0.94629133
5396.3000 0.91337961
5397.2000 0.88292736
5398.1000 0.91096801
5399.0000 0.95204079
5399.9000 0.95606536
5400.8000 0.95463037
5401.7000 0.96971726
5402.6000 0.9657231
5403.5000 0.91686952
5404.4000 0.8644048
5405.3000 0.84103268
5406.2000 0.85832286
5407.1000 0.90830684
5408.0000 0.94231087
5408.9000 0.92684269
5409.8000 0.89332092
5410.7000 0.90399867
5411.6000 0.95568407
5412.5000 0.98898119
5413.4000 0.98392361
5414.3000 0.96510589
5415.2000 0.96639389
5416.1000 0.99293923
5417.0000 1.00862396
5417.9000 1.00062966
5418.8000 0.98227626
5419.7000 0.96191502
5420.6000 0.95243633
5421.5000 0.97105032
5422.4000 0.98334306
5423.3000 0.95329654
5424.2000 0.91933805
5425.1000 0.9426586
5426.0000 1.00041366
5426.9000 1.03326797
5427.8000 1.0150584
5428.7000 0.9396863
5429.6000 0.88341731
5430.5000 0.91925436
5431.4000 0.96862179
5432.3000 0.96082282
5433.2000 0.93322849
5434.1000 0.91118109
5435.0000 0.90123349
5435.9000 0.91086823
5436.8000 0.94097239
5437.7000 0.98944294
5438.6000 1.02536786
5439.5000 1.03668571
5440.4000 1.03113925
5441.3000 1.02479887
5442.2000 1.02530324
5443.1000 1.02477598
5444.0000 1.00552011
5444.9000 0.96298665
5445.8000 0.90658998
5446.7000 0.8766067
5447.6000 0.91979665
5448.5000 0.98906898
5449.4000 1.02163696
5450.3000 1.02127886
5451.2000 1.01342177
5452.1000 1.00918031
5453.0000 1.00201011
5453.9000 0.97418809
5454.8000 0.91245925
5455.7000 0.88949281
5456.6000 0.94779897
5457.5000 1.01239252
5458.4000 1.03575337
5459.3000 1.02672076
5460.2000 1.01090288
5461.1000 0.99137455
5462.0000 0.95143247
5462.9000 0.91522598
5463.8000 0.93491983
5464.7000 0.98356611
5465.6000 0.9930352
5466.5000 0.97999382
5467.4000 0.98565465
5468.3000 1.00142717
5469.2000 0.999933
5470.1000 0.98146224
5471.0000 0.97600144
5471.9000 0.97417402
5472.8000 0.95391804
5473.7000 0.94472444
5474.6000 0.95559263
5475.5000 0.91984713
5476.4000 0.85301149
5477.3000 0.86089951
5478.2000 0.93742234
5479.1000 0.99000967
5480.0000 0.96810484
5480.9000 0.91222811
5481.8000 0.90351504
5482.7000 0.9316923
5483.6000 0.96422094
5484.5000 1.0003618
5485.4000 1.01486957
5486.3000 0.98540372
5487.2000 0.94193786
5488.1000 0.94095963
5489.0000 0.9633677
5489.9000 0.96881205
5490.8000 0.97777021
5491.7000 0.98773944
5492.6000 0.96900964
5493.5000 0.94483519
5494.4000 0.95799565
5495.3000 0.98960823
5496.2000 0.98193669
5497.1000 0.95060557
5498.0000 0.96217287
5498.9000 1.00761342
5499.8000 1.0171026
5500.7000 0.97395229
5501.6000 0.93273872
5502.5000 0.9336856
5503.4000 0.95946652
5504.3000 0.97817075
5505.2000 0.96566039
5506.1000 0.93130988
5507.0000 0.93267566
5507.9000 0.96582019
5508.8000 0.97098267
5509.7000 0.95577532
5510.6000 0.94951403
5511.5000 0.93106353
5512.4000 0.90866584
5513.3000 0.9170267
5514.2000 0.940171
5515.1000 0.95952916
5516.0000 0.9676761
5516.9000 0.97356409
5517.8000 0.99373955
5518.7000 1.00999987
5519.6000 1.00950897
5520.5000 1.00170851
5521.4000 0.99343336
5522.3000 0.99163187
5523.2000 0.99685436
5524.1000 0.99463779
5525.0000 0.97478497
5525.9000 0.95351499
5526.8000 0.93284327
5527.7000 0.90989524
5528.6000 0.91517961
5529.5000 0.95773637
5530.4000 0.99262565
5531.3000 0.99851036
5532.2000 0.98751426
5533.1000 0.97562265
5534.0000 0.95715803
5534.9000 0.93585241
5535.8000 0.94705015
5536.7000 0.97199887
5537.6000 0.97628188
5538.5000 0.97518188
5539.4000 0.99254388
5540.3000 1.01270258
5541.2000 1.01377118
5542.1000 0.99230999
5543.0000 0.96171314
5543.9000 0.9554404
5544.8000 0.97001773
5545.7000 0.96987307
5546.6000 0.96798062
5547.5000 0.98918509
5548.4000 1.00924492
5549.3000 1.01369238
5550.2000 1.01767325
5551.1000 1.02123475
5552.0000 1.01516593
5552.9000 0.98746592
5553.8000 0.96155119
5554.7000 0.96652812
5555.6000 0.98886633
5556.5000 0.9983058
5557.4000 0.99015635
5558.3000 0.98277569
5559.2000 0.98418015
5560.1000 0.98962516
5561.0000 0.98869574
5561.9000 0.96743703
5562.8000 0.94678295
5563.7000 0.95059311
5564.6000 0.95848376
5565.5000 0.95374298
5566.4000 0.94831765
5567.3000 0.956572
5568.2000 0.96132302
5569.1000 0.95154071
5570.0000 0.96427441
5570.9000 0.98620057
5571.8000 0.96256095
5572.7000 0.93140018
5573.6000 0.95490307
5574.5000 0.98902929
5575.4000 0.98115128
5576.3000 0.96954924
5577.2000 0.9768244
5578.1000 0.97571051
5579.0000 0.97697377
5579.9000 0.99114454
5580.8000 0.98895967
5581.7000 0.9714787
5582.6000 0.97316378
5583.5000 0.9831059
5584.4000 0.98174459
5585.3000 0.9596591
5586.2000 0.91276956
5587.1000 0.87322992
5588.0000 0.86226791
5588.9000 0.86900485
5589.8000 0.89398324
5590.7000 0.92742187
5591.6000 0.9430719
5592.5000 0.94068193
5593.4000 0.92231894
5594.3000 0.91528696
5595.2000 0.95415854
5596.1000 0.99754691
5597.0000 0.98770171
5597.9000 0.94734597
5598.8000 0.93267357
5599.7000 0.93764323
5600.6000 0.9275139
5601.5000 0.90412265
5602.4000 0.89131045
5603.3000 0.92059898
5604.2000 0.97899139
5605.1000 1.01817203
5606.0000 1.02329755
5606.9000 1.01981306
5607.8000 1.01865208
5608.7000 1.01693857
5609.6000 1.01290047
5610.5000 1.0128051
5611.4000 1.0206039
5612.3000 1.03326237
5613.2000 1.02766907
5614.1000 0.96302277
5615.0000 0.87960052
5615.9000 0.87825817
5616.8000 0.9402985
5617.7000 0.97647965
5618.6000 0.97405338
5619.5000 0.96544665
5620.4000 0.96799457
5621.3000 0.98271006
5622.2000 0.99595231
5623.1000 0.97351855
5624.0000 0.92291248
5624.9000 0.90492016
5625.8000 0.93820769
5626.7000 0.97022295
5627.6000 0.97651833
5628.5000 0.98719227
5629.4000 1.01057625
5630.3000 1.02128506
5631.2000 1.01585162
5632.1000 1.00836241
5633.0000 0.99549079
5633.9000 0.98389536
5634.8000 0.97521383
5635.7000 0.95504171
5636.6000 0.93636858
5637.5000 0.92976522
5638.4000 0.94357479
5639.3000 0.96425557
5640.2000 0.95058137
5641.1000 0.92396402
5642.0000 0.93574357
5642.9000 0.95603454
5643.8000 0.95916706
5644.7000 0.96314734
5645.6000 0.97226071
5646.5000 0.98370892
5647.4000 0.98813707
5648.3000 0.97885901
5649.2000 0.96064621
5650.1000 0.95274591
5651.0000 0.96579599
5651.9000 0.98630559
5652.8000 0.98887604
5653.7000 0.96060944
5654.6000 0.92695165
5655.5000 0.93465632
5656.4000 0.95109123
5657.3000 0.90574086
5658.2000 0.84008914
5659.1000 0.85618585
5660.0000 0.92056137
5660.9000 0.94907087
5661.8000 0.9251138
5662.7000 0.90768021
5663.6000 0.93643516
5664.5000 0.973701
5665.4000 0.97749585
5666.3000 0.95673567
5667.2000 0.93941325
5668.1000 0.93803573
5669.0000 0.94528288
5669.9000 0.95710588
5670.8000 0.97129059
5671.7000 0.9872368
5672.6000 1.00547755
5673.5000 1.01528478
5674.4000 1.00351
5675.3000 0.98635256
5676.2000 0.99154609
5677.1000 1.00383067
5678.0000 0.99866259
5678.9000 0.98700005
5679.8000 0.98541093
5680.7000 0.98240578
5681.6000 0.95869833
5682.5000 0.93309593
5683.4000 0.93047762
5684.3000 0.94285601
5685.2000 0.95574635
5686.1000 0.95416218
5687.0000 0.9359085
5687.9000 0.92572528
5688.8000 0.9421196
5689.7000 0.96649075
5690.6000 0.97478426
5691.5000 0.98201609
5692.4000 0.99195963
5693.3000 0.98820901
5694.2000 0.97941786
5695.1000 0.98164368
5696.0000 0.99406749
5696.9000 0.99363714
5697.8000 0.97124404
5698.7000 0.95779967
5699.6000 0.95556462
5700.5000 0.93943673
5701.4000 0.92196661
5702.3000 0.9281671
5703.2000 0.95297545
5704.1000 0.96866357
5705.0000 0.95331442
5705.9000 0.92226714
5706.8000 0.90781856
5707.7000 0.89744979
5708.6000 0.87270355
5709.5000 0.86358821
5710.4000 0.87801725
5711.3000 0.88189363
5712.2000 0.89579362
5713.1000 0.94127125
5714.0000 0.96967268
5714.9000 0.97037518
5715.8000 0.97900331
5716.7000 0.98537612
5717.6000 0.97983629
5718.5000 0.98119825
5719.4000 0.98975372
5720.3000 0.99758637
5721.2000 1.00419474
5722.1000 1.01065195
5723.0000 1.00990152
5723.9000 1.00855601
5724.8000 1.00951993
5725.7000 0.99941444
5726.6000 0.98138267
5727.5000 0.97434622
5728.4000 0.98330945
5729.3000 0.99289614
5730.2000 0.98500901
5731.1000 0.96161222
5732.0000 0.95266789
5732.9000 0.96886861
5733.8000 0.98759341
5734.7000 0.99715459
5735.6000 0.99857235
5736.5000 0.99443781
5737.4000 0.99065787
5738.3000 0.98758209
5739.2000 0.98305094
5740.1000 0.97838533
5741.0000 0.97302258
5741.9000 0.96473962
5742.8000 0.9627077
5743.7000 0.97192413
5744.6000 0.98347479
5745.5000 0.99056298
5746.4000 0.98253131
5747.3000 0.95636725
5748.2000 0.94221425
5749.1000 0.9610635
5750.0000 0.98987579
5750.9000 0.99393165
5751.8000 0.96654159
5752.7000 0.92788917
5753.6000 0.89917731
5754.5000 0.90529805
5755.4000 0.94183922
5756.3000 0.97244555
5757.2000 0.98783594
5758.1000 0.994479
5759.0000 0.98446542
5759.9000 0.96519542
5760.8000 0.95241088
5761.7000 0.93252987
5762.6000 0.91809899
5763.5000 0.93894535
5764.4000 0.98040146
5765.3000 1.00431621
5766.2000 1.00671911
5767.1000 1.00570023
5768.0000 1.00052869
5768.9000 0.98974842
5769.8000 0.98692983
5770.7000 0.98787159
5771.6000 0.98233622
5772.5000 0.97852391
5773.4000 0.97910845
5774.3000 0.97041321
5775.2000 0.96682417
5776.1000 0.97923356
5777.0000 0.98844397
5777.9000 0.98863697
5778.8000 0.97991264
5779.7000 0.94893336
5780.6000 0.90390861
5781.5000 0.88141793
5782.4000 0.89553934
5783.3000 0.91630834
5784.2000 0.91566855
5785.1000 0.90876168
5786.0000 0.92548418
5786.9000 0.95735228
5787.8000 0.9768309
5788.7000 0.98337191
5789.6000 0.97597694
5790.5000 0.95663184
5791.4000 0.95188355
5792.3000 0.96213913
5793.2000 0.96728414
5794.1000 0.97542512
5795.0000 0.9916805
5795.9000 0.99572945
5796.8000 0.97366267
5797.7000 0.95083624
5798.6000 0.96072167
5799.5000 0.9909305
5800.4000 1.01107204
5801.3000 1.01734889
5802.2000 1.01774228
5803.1000 0.99813354
5804.0000 0.96859729
5804.9000 0.95282322
5805.8000 0.95461977
5806.7000 0.9648056
5807.6000 0.97529995
5808.5000 0.9779526
5809.4000 0.9794879
5810.3000 0.991256
5811.2000 0.99931085
5812.1000 1.00483501
5813.0000 1.011289
5813.9000 1.00478625
5814.8000 0.98414713
5815.7000 0.95858759
5816.6000 0.95042354
5817.5000 0.97089052
5818.4000 0.99977869
5819.3000 1.01346052
5820.2000 1.01430058
5821.1000 1.01473379
5822.0000 1.01210058
5822.9000 1.00979388
5823.8000 1.00817299
5824.7000 1.01043355
5825.6000 1.0142535
5826.5000 1.01097667
5827.4000 1.00459361
5828.3000 1.0007937
5829.2000 1.00371325
5830.1000 1.00675142
5831.0000 1.00505769
5831.9000 1.00374913
5832.8000 1.001279
5833.7000 0.99275118
5834.6000 0.98789287
5835.5000 0.99121284
5836.4000 0.99675167
5837.3000 0.99054891
5838.2000 0.98460299
5839.1000 0.99470651
5840.0000 1.00949574
5840.9000 1.01414883
5841.8000 1.01055729
5842.7000 1.0085938
5843.6000 1.00858104
5844.5000 1.00961244
5845.4000 1.00178409
5846.3000 0.98073888
5847.2000 0.96548212
5848.1000 0.96956569
5849.0000 0.97925472
5849.9000 0.98690587
5850.8000 0.99008316
5851.7000 0.98160696
5852.6000 0.95408058
5853.5000 0.93365622
5854.4000 0.94601768
5855.3000 0.96752137
5856.2000 0.9580763
5857.1000 0.92410576
5858.0000 0.9134109
5858.9000 0.93326908
5859.8000 0.961375
5860.7000 0.97614735
5861.6000 0.97019184
5862.5000 0.96148568
5863.4000 0.97411042
5864.3000 0.99352986
5865.2000 0.99764717
5866.1000 0.98249179
5867.0000 0.97435731
5867.9000 0.98426592
5868.8000 0.9971031
5869.7000 1.00759435
5870.6000 1.01204669
5871.5000 1.00671816
5872.4000 0.99862725
5873.3000 1.00249135
5874.2000 1.01745534
5875.1000 1.02252126
5876.0000 1.01586998
5876.9000 1.00240946
5877.8000 0.99679804
5878.7000 0.99479234
5879.6000 0.98410058
5880.5000 0.97600049
5881.4000 0.98443007
5882.3000 0.98897612
5883.2000 0.97119522
5884.1000 0.96430683
5885.0000 0.97946519
5885.9000 0.99702197
5886.8000 1.0013746
5887.7000 0.98203862
5888.6000 0.90182173
5889.5000 0.77155161
5890.4000 0.73117048
5891.3000 0.81209898
5892.2000 0.88601464
5893.1000 0.92279881
5894.0000 0.94061154
5894.9000 0.88564897
5895.8000 0.79632753
5896.7000 0.80341798
5897.6000 0.89212614
5898.5000 0.94601411
5899.4000 0.95581836
5900.3000 0.96695995
5901.2000 0.97804326
5902.1000 0.97924513
5903.0000 0.980151
5903.9000 0.98518735
5904.8000 0.98093814
5905.7000 0.96487111
5906.6000 0.96337676
5907.5000 0.97623193
5908.4000 0.98609197
5909.3000 0.98352468
5910.2000 0.97739178
5911.1000 0.98692828
5912.0000 0.99670321
5912.9000 0.98308086
5913.8000 0.95168281
5914.7000 0.9362483
5915.6000 0.93748432
5916.5000 0.94639635
5917.4000 0.96655238
5918.3000 0.98338151
5919.2000 0.98741418
5920.1000 0.98337418
5921.0000 0.97958291
5921.9000 0.97441691
5922.8000 0.97642052
5923.7000 0.98302382
5924.6000 0.985515
5925.5000 0.98983431
5926.4000 0.99137133
5927.3000 0.98074186
5928.2000 0.96864611
5929.1000 0.94848585
5930.0000 0.93105918
5930.9000 0.94705939
5931.8000 0.97940171
5932.7000 0.98797715
5933.6000 0.96644485
5934.5000 0.94435847
5935.4000 0.95379621
5936.3000 0.97928661
5937.2000 0.99265414
5938.1000 0.9984687
5939.0000 1.0044508
5939.9000 1.00088477
5940.8000 0.98193628
5941.7000 0.96506006
5942.6000 0.96691197
5943.5000 0.97590566
5944.4000 0.98490775
5945.3000 0.99553478
5946.2000 0.99811685
5947.1000 0.98692137
5948.0000 0.96116954
5948.9000 0.9407804
5949.8000 0.95132238
5950.7000 0.9800669
5951.6000 0.98297238
5952.5000 0.95320022
5953.4000 0.9429512
5954.3000 0.97233409
5955.2000 0.99164367
5956.1000 0.97913682
5957.0000 0.9608224
5957.9000 0.95948112
5958.8000 0.97334528
5959.7000 0.98753649
5960.6000 0.99659663
5961.5000 0.99892485
5962.4000 0.99601942
5963.3000 0.99452806
5964.2000 0.9919942
5965.1000 0.98005211
5966.0000 0.97156638
5966.9000 0.97744817
5967.8000 0.98773408
5968.7000 0.99268055
5969.6000 0.99193227
5970.5000 0.99133885
5971.4000 0.99926138
5972.3000 1.005283
5973.2000 1.00343883
5974.1000 0.99487823
5975.0000 0.97256416
5975.9000 0.94797218
5976.8000 0.93769234
5977.7000 0.9452759
5978.6000 0.95738834
5979.5000 0.97365415
5980.4000 0.99055541
5981.3000 0.9946565
5982.2000 0.98441285
5983.1000 0.95988256
5984.0000 0.9304325
5984.9000 0.92497772
5985.8000 0.9457252
5986.7000 0.96120512
5987.6000 0.96436685
5988.5000 0.97057563
5989.4000 0.98055369
5990.3000 0.98330545
5991.2000 0.97565645
5992.1000 0.97176903
5993.0000 0.9833321
5993.9000 0.99832588
5994.8000 1.00274789
5995.7000 0.99163806
5996.6000 0.96905422
5997.5000 0.94681078
5998.4000 0.94991726
5999.3000 0.97391486
6000.2000 0.99103588
6001.1000 0.99148208
6002.0000 0.97194761
6002.9000 0.95267934
6003.8000 0.96200866
6004.7000 0.97681838
6005.6000 0.97182989
6006.5000 0.9538424
6007.4000 0.92568678
6008.3000 0.90625316
6009.2000 0.92739826
6010.1000 0.96784723
6011.0000 0.98261333
6011.9000 0.96718365
6012.8000 0.93886155
6013.7000 0.92865163
6014.6000 0.94445664
6015.5000 0.95223069
6016.4000 0.94064897
6017.3000 0.94251806
6018.2000 0.95879179
6019.1000 0.95241445
6020.0000 0.92532146
6020.9000 0.91548932
6021.8000 0.92550349
6022.7000 0.93682832
6023.6000 0.93790507
6024.5000 0.94113255
6025.4000 0.95764023
6026.3000 0.96057743
6027.2000 0.94832927
6028.1000 0.95074767
6029.0000 0.96566737
6029.9000 0.97349882
6030.8000 0.97584194
6031.7000 0.97852892
6032.6000 0.97995031
6033.5000 0.98067921
6034.4000 0.98296422
6035.3000 0.98587239
6036.2000 0.98703653
6037.1000 0.98710251
6038.0000 0.98610073
6038.9000 0.97960204
6039.8000 0.97534764
6040.7000 0.97357857
6041.6000 0.96657586
6042.5000 0.96121418
6043.4000 0.97014129
6044.3000 0.9813354
6045.2000 0.9832117
6046.1000 0.98442972
6047.0000 0.98641884
6047.9000 0.98320353
6048.8000 0.97710156
6049.7000 0.98108786
6050.6000 0.9882974
6051.5000 0.98303527
6052.4000 0.97407007
6053.3000 0.9660874
6054.2000 0.96134955
6055.1000 0.96401292
6056.0000 0.95872706
6056.9000 0.95494872
6057.8000 0.96815443
6058.7000 0.97963005
6059.6000 0.98110932
6060.5000 0.97948354
6061.4000 0.97798693
6062.3000 0.97431844
6063.2000 0.97092175
6064.1000 0.95943314
6065.0000 0.93157858
6065.9000 0.92164266
6066.8000 0.94955683
6067.7000 0.98053879
6068.6000 0.99251574
6069.5000 0.99382311
6070.4000 0.99198729
6071.3000 0.98971993
6072.2000 0.99242181
6073.1000 0.996463
6074.0000 0.99439645
6074.9000 0.98657751
6075.8000 0.98120081
6076.7000 0.97483552
6077.6000 0.95392573
6078.5000 0.93340594
6079.4000 0.93920702
6080.3000 0.95897776
6081.2000 0.95768064
6082.1000 0.94079173
6083.0000 0.93745917
6083.9000 0.94398224
6084.8000 0.94212973
6085.7000 0.9350732
6086.6000 0.938429
6087.5000 0.95388621
6088.4000 0.95995206
6089.3000 0.94955105
6090.2000 0.93730748
6091.1000 0.93731326
6092.0000 0.94375706
6092.9000 0.9464215
6093.8000 0.94906896
6094.7000 0.96044612
6095.6000 0.96850437
6096.5000 0.95938009
6097.4000 0.95258969
6098.3000 0.96014029
6099.2000 0.96936738
6100.1000 0.97305757
6101.0000 0.95462662
6101.9000 0.89956784
6102.8000 0.85745299
6103.7000 0.88385683
6104.6000 0.94144279
6105.5000 0.96901083
6106.4000 0.9651106
6107.3000 0.94775945
6108.2000 0.9364413
6109.1000 0.94811827
6110.0000 0.96013099
6110.9000 0.9561311
6111.8000 0.9498316
6112.7000 0.95344108
6113.6000 0.96289611
6114.5000 0.97151917
6115.4000 0.962906
6116.3000 0.94508606
6117.2000 0.95046818
6118.1000 0.96480274
6119.0000 0.96089107
6119.9000 0.95439988
6120.8000 0.945328
6121.7000 0.91662735
6122.6000 0.90157521
6123.5000 0.92992151
6124.4000 0.95486218
6125.3000 0.94894689
6126.2000 0.9407745
6127.1000 0.93905568
6128.0000 0.93230879
6128.9000 0.92356497
6129.8000 0.92754132
6130.7000 0.93788511
6131.6000 0.94617945
6132.5000 0.95720494
6133.4000 0.96818477
6134.3000 0.96854335
6135.2000 0.94415456
6136.1000 0.88002819
6137.0000 0.81493056
6137.9000 0.82374126
6138.8000 0.89791566
6139.7000 0.95351321
6140.6000 0.9423247
6141.5000 0.89709044
6142.4000 0.89035672
6143.3000 0.93172324
6144.2000 0.96498364
6145.1000 0.96952307
6146.0000 0.96323353
6146.9000 0.9519363
6147.8000 0.93531388
6148.7000 0.92768121
6149.6000 0.93330169
6150.5000 0.9410522
6151.4000 0.9470309
6152.3000 0.95626128
6153.2000 0.95995408
6154.1000 0.94749665
6155.0000 0.92908782
6155.9000 0.92914063
6156.8000 0.94165134
6157.7000 0.94921321
6158.6000 0.95957375
6159.5000 0.96398664
6160.4000 0.93227482
6161.3000 0.86878562
6162.2000 0.82985604
6163.1000 0.83980268
6164.0000 0.87705821
6164.9000 0.90903318
6165.8000 0.91914403
6166.7000 0.92929012
6167.6000 0.94326931
6168.5000 0.91950125
6169.4000 0.87355834
6170.3000 0.87238026
6171.2000 0.91735035
6172.1000 0.94653648
6173.0000 0.94002724
6173.9000 0.93330675
6174.8000 0.94142449
6175.7000 0.93950772
6176.6000 0.9260028
6177.5000 0.93098867
6178.4000 0.95198518
6179.3000 0.95165253
6180.2000 0.9334079
6181.1000 0.9416436
6182.0000 0.96371138
6182.9000 0.96903199
6183.8000 0.96695238
6184.7000 0.97075891
6185.6000 0.96612406
6186.5000 0.94678998
6187.4000 0.93208927
6188.3000 0.93846703
6189.2000 0.95505977
6190.1000 0.93947321
6191.0000 0.88523656
6191.9000 0.86579794
6192.8000 0.91151416
6193.7000 0.9552744
6194.6000 0.96453136
6195.5000 0.96458381
6196.4000 0.9712221
6197.3000 0.9777934
6198.2000 0.97178984
6199.1000 0.9497903
6200.0000 0.92841208
6200.9000 0.93340474
6201.8000 0.95918876
6202.7000 0.97939134
6203.6000 0.9824689
6204.5000 0.97574127
6205.4000 0.97789723
6206.3000 0.98324955
6207.2000 0.97896415
6208.1000 0.97462207
6209.0000 0.97529018
6209.9000 0.9776994
6210.8000 0.97558862
6211.7000 0.96386987
6212.6000 0.93846428
6213.5000 0.91408491
6214.4000 0.90552109
6215.3000 0.90936232
6216.2000 0.92416221
6217.1000 0.94673508
6218.0000 0.9533112
6218.9000 0.9277088
6219.8000 0.90182292
6220.7000 0.90521747
6221.6000 0.92733175
6222.5000 0.94568175
6223.4000 0.94707805
6224.3000 0.94197655
6225.2000 0.94328016
6226.1000 0.94456023
6227.0000 0.9416942
6227.9000 0.94055897
6228.8000 0.93293202
6229.7000 0.90079504
6230.6000 0.86444229
6231.5000 0.86083966
6232.4000 0.88722563
6233.3000 0.920515
6234.2000 0.94857311
6235.1000 0.96670568
6236.0000 0.966353
6236.9000 0.94988018
6237.8000 0.93333846
6238.7000 0.92476338
6239.6000 0.91688812
6240.5000 0.91216737
6241.4000 0.92173421
6242.3000 0.92246103
6243.2000 0.90019631
6244.1000 0.88540179
6245.0000 0.87982607
6245.9000 0.87262273
6246.8000 0.87622696
6247.7000 0.89896339
6248.6000 0.93140674
6249.5000 0.95526183
6250.4000 0.95807862
6251.3000 0.9341377
6252.2000 0.89759779
6253.1000 0.87369424
6254.0000 0.86930192
6254.9000 0.87817186
6255.8000 0.88225728
6256.7000 0.87777835
6257.6000 0.8699525
6258.5000 0.86821783
6259.4000 0.88611752
6260.3000 0.90580302
6261.2000 0.91479075
6262.1000 0.92796934
6263.0000 0.9458099
6263.9000 0.94384325
6264.8000 0.91727656
6265.7000 0.90545654
6266.6000 0.93162155
6267.5000 0.96209389
6268.4000 0.96504098
6269.3000 0.94709003
6270.2000 0.92737192
6271.1000 0.92509454
6272.0000 0.94189531
6272.9000 0.9608866
6273.8000 0.96547902
6274.7000 0.95845014
6275.6000 0.95667094
6276.5000 0.95942032
6277.4000 0.95155638
6278.3000 0.93002707
6279.2000 0.90156311
6280.1000 0.88204533
6281.0000 0.88639134
6281.9000 0.90690386
6282.8000 0.92842287
6283.7000 0.94459623
6284.6000 0.94730419
6285.5000 0.93990648
6286.4000 0.94119006
6287.3000 0.95502746
6288.2000 0.96413624
6289.1000 0.96204698
6290.0000 0.94439596
6290.9000 0.92325348
6291.8000 0.92288089
6292.7000 0.93319219
6293.6000 0.94037718
6294.5000 0.94455975
6295.4000 0.93909913
6296.3000 0.91790253
6297.2000 0.8964892
6298.1000 0.8946321
6299.0000 0.90443498
6299.9000 0.90289491
6300.8000 0.88714004
6301.7000 0.8731584
6302.6000 0.87630659
6303.5000 0.90004444
6304.4000 0.92379671
6305.3000 0.93493289
6306.2000 0.93769217
6307.1000 0.93996465
6308.0000 0.94272041
6308.9000 0.94044352
6309.8000 0.92789304
6310.7000 0.90878427
6311.6000 0.90320271
6312.5000 0.91832525
6313.4000 0.92225486
6314.3000 0.89337081
6315.2000 0.85979784
6316.1000 0.86692268
6317.0000 0.88608837
6317.9000 0.87379527
6318.8000 0.86408353
6319.7000 0.88461614
6320.6000 0.90904367
6321.5000 0.90822089
6322.4000 0.9013114
6323.3000 0.91312695
6324.2000 0.93799245
6325.1000 0.95238888
6326.0000 0.94899982
6326.9000 0.9364745
6327.8000 0.93480557
6328.7000 0.94490796
6329.6000 0.94264674
6330.5000 0.92893296
6331.4000 0.92700183
6332.3000 0.9376356
6333.2000 0.94886655
6334.1000 0.94227248
6335.0000 0.91143179
6335.9000 0.8818053
6336.8000 0.88062543
6337.7000 0.89946932
6338.6000 0.90952975
6339.5000 0.9132207
6340.4000 0.9274596
6341.3000 0.94030589
6342.2000 0.93852073
6343.1000 0.91899443
6344.0000 0.89701849
6344.9000 0.90078503
6345.8000 0.92162204
6346.7000 0.93206257
6347.6000 0.93372512
6348.5000 0.94381177
6349.4000 0.95130956
6350.3000 0.94712293
6351.2000 0.94250697
6352.1000 0.94355655
6353.0000 0.94477361
6353.9000 0.93271631
6354.8000 0.91057909
6355.7000 0.90606934
6356.6000 0.92321634
6357.5000 0.92176229
6358.4000 0.89876765
6359.3000 0.89295983
6360.2000 0.904778
6361.1000 0.90372521
6362.0000 0.88616961
6362.9000 0.87716317
6363.8000 0.8865363
6364.7000 0.89912403
6365.6000 0.90558141
6366.5000 0.91074514
6367.4000 0.92399037
6368.3000 0.93438679
6369.2000 0.93206751
6370.1000 0.92488331
6371.0000 0.92042261
6371.9000 0.92715132
6372.8000 0.9426986
6373.7000 0.94922692
6374.6000 0.94599825
6375.5000 0.94267809
6376.4000 0.9412781
6377.3000 0.93673122
6378.2000 0.92886567
6379.1000 0.92420638
6380.0000 0.91640842
6380.9000 0.90767604
6381.8000 0.90990043
6382.7000 0.92074263
6383.6000 0.92484683
6384.5000 0.91715211
6385.4000 0.91470367
6386.3000 0.92463046
6387.2000 0.93270957
6388.1000 0.93055081
6389.0000 0.92700708
6389.9000 0.92627555
6390.8000 0.92655104
6391.7000 0.91829336
6392.6000 0.88908237
6393.5000 0.85982901
6394.4000 0.86596197
6395.3000 0.89837593
6396.2000 0.92283785
6397.1000 0.92924029
6398.0000 0.92708081
6398.9000 0.89827114
6399.8000 0.84490871
6400.7000 0.82926065
6401.6000 0.87400031
6402.5000 0.92022103
6403.4000 0.9314509
6404.3000 0.92874652
6405.2000 0.92752379
6406.1000 0.92135096
6407.0000 0.89912421
6407.9000 0.87440139
6408.8000 0.87987536
6409.7000 0.90802026
6410.6000 0.91110694
6411.5000 0.88962591
6412.4000 0.89047474
6413.3000 0.91017979
6414.2000 0.9134385
6415.1000 0.90862864
6416.0000 0.9118101
6416.9000 0.91802365
6417.8000 0.92170739
6418.7000 0.91575861
6419.6000 0.89425147
6420.5000 0.86666882
6421.4000 0.86332697
6422.3000 0.89719266
6423.2000 0.93368357
6424.1000 0.94384199
6425.0000 0.94079334
6425.9000 0.94232231
6426.8000 0.94847655
6427.7000 0.95228553
6428.6000 0.94996536
6429.5000 0.93240327
6430.4000 0.90034717
6431.3000 0.88086987
6432.2000 0.88832146
6433.1000 0.90483099
6434.0000 0.92385912
6434.9000 0.94392884
6435.8000 0.9492141
6436.7000 0.94216985
6437.6000 0.92415631
6438.5000 0.89411813
6439.4000 0.87992352
6440.3000 0.90855724
6441.2000 0.94827002
6442.1000 0.95987648
6443.0000 0.953417
6443.9000 0.94934165
6444.8000 0.95084721
6445.7000 0.95633602
6446.6000 0.95795625
6447.5000 0.95198852
6448.4000 0.92529058
6449.3000 0.8728267
6450.2000 0.83960861
6451.1000 0.86615092
6452.0000 0.91542846
6452.9000 0.94187856
6453.8000 0.94150251
6454.7000 0.91742516
6455.6000 0.88502228
6456.5000 0.87592441
6457.4000 0.90065557
6458.3000 0.93161744
6459.2000 0.94488603
6460.1000 0.9462558
6461.0000 0.93092442
6461.9000 0.88005614
6462.8000 0.83392042
6463.7000 0.84934813
6464.6000 0.89803112
6465.5000 0.92584771
6466.4000 0.932531
6467.3000 0.93282026
6468.2000 0.92492652
6469.1000 0.91077334
6470.0000 0.90093374
6470.9000 0.88965654
6471.8000 0.88135833
6472.7000 0.89629996
6473.6000 0.91977775
6474.5000 0.91955537
6475.4000 0.90234017
6476.3000 0.8988992
6477.2000 0.91169262
6478.1000 0.92192936
6479.0000 0.92642444
6479.9000 0.93005174
6480.8000 0.91593254
6481.7000 0.88126767
6482.6000 0.85979819
6483.5000 0.87576932
6484.4000 0.90452206
6485.3000 0.91676122
6486.2000 0.9157204
6487.1000 0.91341668
6488.0000 0.91702592
6488.9000 0.92066181
6489.8000 0.91597044
6490.7000 0.89706683
6491.6000 0.87877363
6492.5000 0.86852491
6493.4000 0.83934528
6494.3000 0.79239643
6495.2000 0.76468414
6496.1000 0.76285732
6497.0000 0.78236574
6497.9000 0.81679577
6498.8000 0.83566624
6499.7000 0.84085083
6500.6000 0.86461437
6501.5000 0.89161313
6502.4000 0.90230811
6503.3000 0.90720934
6504.2000 0.90977585
6505.1000 0.91042393
6506.0000 0.91349936
6506.9000 0.9148218
6507.8000 0.91011769
6508.7000 0.90415019
6509.6000 0.90392041
6510.5000 0.91058731
6511.4000 0.91591412
6512.3000 0.91454387
6513.2000 0.91377413
6514.1000 0.91201848
6515.0000 0.89656323
6515.9000 0.87563801
6516.8000 0.86546171
6517.7000 0.85775048
6518.6000 0.85109913
6519.5000 0.86276227
6520.4000 0.88728207
6521.3000 0.90146875
6522.2000 0.90616918
6523.1000 0.90743136
6524.0000 0.90740299
6524.9000 0.90732801
6525.8000 0.89633673
6526.7000 0.87581283
6527.6000 0.86836231
6528.5000 0.88048929
6529.4000 0.89845687
6530.3000 0.90755868
6531.2000 0.90585434
6532.1000 0.89252889
6533.0000 0.87708801
6533.9000 0.87484884
6534.8000 0.88996482
6535.7000 0.9049868
6536.6000 0.90749198
6537.5000 0.90569538
6538.4000 0.9087345
6539.3000 0.91582859
6540.2000 0.91437292
6541.1000 0.90376979
6542.0000 0.89802212
6542.9000 0.90077442
6543.8000 0.90294152
6544.7000 0.89222378
6545.6000 0.86509281
6546.5000 0.85020995
6547.4000 0.86930567
6548.3000 0.89560074
6549.2000 0.9017809
6550.1000 0.89767128
6551.0000 0.896703
6551.9000 0.89950502
6552.8000 0.89601773
6553.7000 0.88005227
6554.6000 0.86030179
6555.5000 0.84557998
6556.4000 0.84555739
6557.3000 0.85813618
6558.2000 0.86333776
6559.1000 0.85316831
6560.0000 0.8364765
6560.9000 0.78822255
6561.8000 0.65278965
6562.7000 0.49924526
6563.6000 0.50955939
6564.5000 0.67247391
6565.4000 0.80821484
6566.3000 0.85676467
6567.2000 0.86684054
6568.1000 0.86229771
6569.0000 0.84572613
6569.9000 0.8417244
6570.8000 0.85522175
6571.7000 0.86391699
6572.6000 0.85608828
6573.5000 0.83999956
6574.4000 0.82494652
6575.3000 0.82924765
6576.2000 0.85780531
6577.1000 0.8799578
6578.0000 0.88643783
6578.9000 0.891078
6579.8000 0.88625151
6580.7000 0.86948836
6581.6000 0.85993546
6582.5000 0.86822724
6583.4000 0.88002819
6584.3000 0.8858887
6585.2000 0.87832695
6586.1000 0.86160505
6587.0000 0.86075628
6587.9000 0.87678766
6588.8000 0.89083368
6589.7000 0.89480054
6590.6000 0.8925609
6591.5000 0.87638807
6592.4000 0.83409387
6593.3000 0.79822594
6594.2000 0.80867457
6595.1000 0.84707457
6596.0000 0.87211454
6596.9000 0.86994326
6597.8000 0.85762155
6598.7000 0.85577285
6599.6000 0.86823809
6600.5000 0.8809613
6601.4000 0.88545966
6602.3000 0.88745457
6603.2000 0.8805207
6604.1000 0.86364746
6605.0000 0.85338879
6605.9000 0.85879999
6606.8000 0.86612302
6607.7000 0.85916984
6608.6000 0.84040987
6609.5000 0.83584219
6610.4000 0.85944015
6611.3000 0.88680243
6612.2000 0.89137924
6613.1000 0.88062274
6614.0000 0.87679476
6614.9000 0.88670599
6615.8000 0.89412308
6616.7000 0.88866723
6617.6000 0.8834641
6618.5000 0.88794911
6619.4000 0.89563376
6620.3000 0.89880043
6621.2000 0.89861685
6622.1000 0.89383656
6623.0000 0.89158356
6623.9000 0.88313776
6624.8000 0.86781591
6625.7000 0.86711228
6626.6000 0.87277335
6627.5000 0.87118673
6628.4000 0.87433177
6629.3000 0.88256067
6630.2000 0.88213557
6631.1000 0.87165612
6632.0000 0.86058336
6632.9000 0.84190542
6633.8000 0.82453483
6634.7000 0.83465803
6635.6000 0.86366069
6636.5000 0.88376302
6637.4000 0.89207894
6638.3000 0.89351177
6639.2000 0.88500965
6640.1000 0.8797856
6641.0000 0.89016962
6641.9000 0.89555645
6642.8000 0.87621236
6643.7000 0.85029483
6644.6000 0.85066491
6645.5000 0.87197334
6646.4000 0.88300991
6647.3000 0.88249743
6648.2000 0.88618714
6649.1000 0.89298916
6650.0000 0.89587718
6650.9000 0.89404839
6651.8000 0.89253771
6652.7000 0.89350092
6653.6000 0.89469606
6654.5000 0.89235473
6655.4000 0.89060378
6656.3000 0.890912
6657.2000 0.89217913
6658.1000 0.89133424
6659.0000 0.88558626
6659.9000 0.88009024
6660.8000 0.87794948
6661.7000 0.87095922
6662.6000 0.85015845
6663.5000 0.82871819
6664.4000 0.83442074
6665.3000 0.85879928
6666.2000 0.87495703
6667.1000 0.87250334
6668.0000 0.86705261
6668.9000 0.87067795
6669.8000 0.87863106
6670.7000 0.88641417
6671.6000 0.8879174
6672.5000 0.88714308
6673.4000 0.88648337
6674.3000 0.88809961
6675.2000 0.89197958
6676.1000 0.89020324
6677.0000 0.86706668
6677.9000 0.83339292
6678.8000 0.83175194
6679.7000 0.86136431
6680.6000 0.88343662
6681.5000 0.88666713
6682.4000 0.88143641
6683.3000 0.8791312
6684.2000 0.88597751
6685.1000 0.89433223
6686.0000 0.89512998
6686.9000 0.88883549
6687.8000 0.88535219
6688.7000 0.88703477
6689.6000 0.89085567
6690.5000 0.89128858
6691.4000 0.89113235
6692.3000 0.89294738
6693.2000 0.88973135
6694.1000 0.88690597
6695.0000 0.88192976
6695.9000 0.86656165
6696.8000 0.85513669
6697.7000 0.8595956
6698.6000 0.87076145
6699.5000 0.87969017
6700.4000 0.8903749
6701.3000 0.89742637
6702.2000 0.88981932
6703.1000 0.87015051
6704.0000 0.85364234
6704.9000 0.8541739
6705.8000 0.86666346
6706.7000 0.87748361
6707.6000 0.88153899
6708.5000 0.88183808
6709.4000 0.87572891
6710.3000 0.86791927
6711.2000 0.86796337
6712.1000 0.86926806
6713.0000 0.86397207
6713.9000 0.86278653
6714.8000 0.86203778
6715.7000 0.85515743
6716.6000 0.83916914
6717.5000 0.8224197
6718.4000 0.83315712
6719.3000 0.86310089
6720.2000 0.87893844
6721.1000 0.87505996
6722.0000 0.86847794
6722.9000 0.87462223
6723.8000 0.88400048
6724.7000 0.87787288
6725.6000 0.86458129
6726.5000 0.85817224
6727.4000 0.86331463
6728.3000 0.87227285
6729.2000 0.87655628
6730.1000 0.88014483
6731.0000 0.88240325
6731.9000 0.87703681
6732.8000 0.86608982
6733.7000 0.86332518
6734.6000 0.86931551
6735.5000 0.87717754
6736.4000 0.88178074
6737.3000 0.87485445
6738.2000 0.85790801
6739.1000 0.84767592
6740.0000 0.85283136
6740.9000 0.8623178
6741.8000 0.86415786
6742.7000 0.85878998
6743.6000 0.85867918
6744.5000 0.86977571
6745.4000 0.87956834
6746.3000 0.88099903
6747.2000 0.87359399
6748.1000 0.86565739
6749.0000 0.85697222
6749.9000 0.84777057
6750.8000 0.85274976
6751.7000 0.86406028
6752.6000 0.86579317
6753.5000 0.86601377
6754.4000 0.87232548
6755.3000 0.87492007
6756.2000 0.87467378
6757.1000 0.87626749
6758.0000 0.88132548
6758.9000 0.88609469
6759.8000 0.88632089
6760.7000 0.88675696
6761.6000 0.88793606
6762.5000 0.88492924
6763.4000 0.87961996
6764.3000 0.87851042
6765.2000 0.87769496
6766.1000 0.86875659
6767.0000 0.84839058
6767.9000 0.8351503
6768.8000 0.84669691
6769.7000 0.86181837
6770.6000 0.85737377
6771.5000 0.84596622
6772.4000 0.84679723
6773.3000 0.85876048
6774.2000 0.870781
6775.1000 0.8786521
6776.0000 0.88108706
6776.9000 0.88125616
6777.8000 0.88157254
6778.7000 0.88396561
6779.6000 0.8871088
6780.5000 0.88561457
6781.4000 0.87803996
6782.3000 0.86698115
6783.2000 0.85758674
6784.1000 0.854756
6785.0000 0.85839444
6785.9000 0.85900056
6786.8000 0.85916406
6787.7000 0.86537194
6788.6000 0.8736428
6789.5000 0.87313443
6790.4000 0.86771375
6791.3000 0.86867517
6792.2000 0.87073165
6793.1000 0.86553323
6794.0000 0.85932583
6794.9000 0.8611815
6795.8000 0.87062341
6796.7000 0.87461573
6797.6000 0.86985087
6798.5000 0.86626434
6799.4000 0.86775172
6800.3000 0.86875933
6801.2000 0.86955518
6802.1000 0.87160611
6803.0000 0.86724663
6803.9000 0.85835958
6804.8000 0.85679197
6805.7000 0.85944068
6806.6000 0.85546732
6807.5000 0.85459161
6808.4000 0.86087197
6809.3000 0.85997921
6810.2000 0.85542905
6811.1000 0.86205775
6812.0000 0.87283051
6812.9000 0.87434721
6813.8000 0.8659628
6814.7000 0.85672837
6815.6000 0.85717452
6816.5000 0.8665247
6817.4000 0.87381214
6818.3000 0.87214279
6819.2000 0.86102468
6820.1000 0.84896904
6821.0000 0.8484208
6821.9000 0.85736412
6822.8000 0.8653608
6823.7000 0.86835784
6824.6000 0.86760843
6825.5000 0.86450082
6826.4000 0.8636986
6827.3000 0.85692656
6828.2000 0.84002751
6829.1000 0.83205301
6830.0000 0.84531534
6830.9000 0.86602712
6831.8000 0.87450194
6832.7000 0.8691361
6833.6000 0.86397588
6834.5000 0.86385655
6835.4000 0.86327362
6836.3000 0.86167359
6837.2000 0.85711056
6838.1000 0.84992522
6839.0000 0.84127259
6839.9000 0.83204579
6840.8000 0.81833196
6841.7000 0.80689579
6842.6000 0.80775166
6843.5000 0.82035571
6844.4000 0.84000236
6845.3000 0.85629946
6846.2000 0.86244065
6847.1000 0.86269283
6848.0000 0.85789412
6848.9000 0.85542089
6849.8000 0.85709566
6850.7000 0.85727561
6851.6000 0.85727018
6852.5000 0.8624593
6853.4000 0.86203051
6854.3000 0.84041685
6855.2000 0.81557602
6856.1000 0.81287724
6857.0000 0.822474
6857.9000 0.82721925
6858.8000 0.83581835
6859.7000 0.84671545
6860.6000 0.84575135
6861.5000 0.83308578
6862.4000 0.82630748
6863.3000 0.83934665
6864.2000 0.85783881
6865.1000 0.86350197
6866.0000 0.86299133
6866.9000 0.86449319
6867.8000 0.8566426
6868.7000 0.83034301
6869.6000 0.80677551
6870.5000 0.82393956
6871.4000 0.85159165
6872.3000 0.85444039
6873.2000 0.84817445
6874.1000 0.84178406
6875.0000 0.83453876
6875.9000 0.83308572
6876.8000 0.84453601
6877.7000 0.85681921
6878.6000 0.85684597
6879.5000 0.85026515
6880.4000 0.84172469
6881.3000 0.8341018
6882.2000 0.8328808
6883.1000 0.84047711
6884.0000 0.84818679
6884.9000 0.847157
6885.8000 0.83994132
6886.7000 0.83241403
6887.6000 0.83331889
6888.5000 0.84739476
6889.4000 0.85868949
6890.3000 0.84870905
6891.2000 0.8404175
6892.1000 0.85469264
6893.0000 0.85879469
6893.9000 0.83890122
6894.8000 0.8287968
6895.7000 0.84751886
6896.6000 0.85819805
6897.5000 0.84720832
6898.4000 0.84741205
6899.3000 0.86730963
6900.2000 0.87105024
6901.1000 0.85412091
6902.0000 0.84710711
6902.9000 0.86623549
6903.8000 0.88445365
6904.7000 0.88086396
6905.6000 0.86111838
6906.5000 0.85279691
6907.4000 0.86843836
6908.3000 0.88159072
6909.2000 0.87498564
6910.1000 0.85686398
6911.0000 0.84604317
6911.9000 0.85700101
6912.8000 0.86861187
6913.7000 0.85267222
6914.6000 0.82598633
6915.5000 0.82013148
6916.4000 0.82405221
6917.3000 0.82607102
6918.2000 0.83490211
6919.1000 0.84092736
6920.0000 0.84188825
6920.9000 0.84816653
6921.8000 0.85605127
6922.7000 0.85612994
6923.6000 0.84334469
6924.5000 0.82121736
6925.4000 0.81061792
6926.3000 0.82473981
6927.2000 0.84598255
6928.1000 0.85675621
6929.0000 0.85875666
6929.9000 0.85733044
6930.8000 0.85726529
6931.7000 0.85694844
6932.6000 0.85054058
6933.5000 0.8428427
6934.4000 0.84718716
6935.3000 0.85599309
6936.2000 0.85554338
6937.1000 0.85243291
6938.0000 0.85330021
6938.9000 0.85875458
6939.8000 0.86573011
6940.7000 0.86838907
6941.6000 0.86230433
6942.5000 0.85364306
6943.4000 0.84542125
6944.3000 0.83034527
6945.2000 0.81285965
6946.1000 0.81279951
6947.0000 0.82944906
6947.9000 0.84107196
6948.8000 0.84355479
6949.7000 0.84338099
6950.6000 0.8343904
6951.5000 0.82218891
6952.4000 0.82326508
6953.3000 0.83366603
6954.2000 0.83818591
6955.1000 0.83691555
6956.0000 0.84006578
6956.9000 0.84844941
6957.8000 0.8549844
6958.7000 0.85589403
6959.6000 0.8520385
6960.5000 0.84463412
6961.4000 0.84412557
6962.3000 0.85243028
6963.2000 0.85733026
6964.1000 0.85561508
6965.0000 0.8468442
6965.9000 0.83587098
6966.8000 0.83717406
6967.7000 0.84991419
6968.6000 0.8573342
6969.5000 0.85326487
6970.4000 0.84236693
6971.3000 0.83645606
6972.2000 0.84132707
6973.1000 0.84945768
6974.0000 0.84874916
6974.9000 0.83866471
6975.8000 0.82590127
6976.7000 0.81377989
6977.6000 0.79206431
6978.5000 0.76036572
6979.4000 0.75723857
6980.3000 0.78891242
6981.2000 0.8196488
6982.1000 0.83662063
6983.0000 0.84660405
6983.9000 0.85155511
6984.8000 0.85017878
6985.7000 0.84279495
6986.6000 0.83641684
6987.5000 0.83317471
6988.4000 0.82851416
6989.3000 0.82393533
6990.2000 0.82754886
6991.1000 0.83768743
6992.0000 0.84821433
6992.9000 0.8500368
6993.8000 0.8433069
6994.7000 0.83649868
6995.6000 0.83981687
6996.5000 0.84905112
6997.4000 0.85052538
6998.3000 0.83939958
6999.2000 0.81640142
7000.1000 0.80193257
7001.0000 0.81345224
7001.9000 0.83401376
7002.8000 0.84291297
7003.7000 0.83697236
7004.6000 0.8271246
7005.5000 0.8186
7006.4000 0.81077313
7007.3000 0.81274444
7008.2000 0.82501823
7009.1000 0.83662379
7010.0000 0.83889389
7010.9000 0.83170259
7011.8000 0.82265407
7012.7000 0.8226974
7013.6000 0.8315472
7014.5000 0.8344605
7015.4000 0.80850244
7016.3000 0.76347661
7017.2000 0.75191158
7018.1000 0.79149926
7019.0000 0.83199394
7019.9000 0.84246773
7020.8000 0.84107643
7021.7000 0.83263141
7022.6000 0.81679952
7023.5000 0.79727525
7024.4000 0.78354394
7025.3000 0.794626
7026.2000 0.82012266
7027.1000 0.82931215
7028.0000 0.82535863
7028.9000 0.8257404
7029.8000 0.82764828
7030.7000 0.82543355
7031.6000 0.82183719
7032.5000 0.8236692
7033.4000 0.82406026
7034.3000 0.81392914
7035.2000 0.80908358
7036.1000 0.81983238
7037.0000 0.82157236
7037.9000 0.79815906
7038.8000 0.78031999
7039.7000 0.79762322
7040.6000 0.82663292
7041.5000 0.84162962
7042.4000 0.84490806
7043.3000 0.84437019
7044.2000 0.8401643
7045.1000 0.82944274
7046.0000 0.82283139
7046.9000 0.83089018
7047.8000 0.84402037
7048.7000 0.84851664
7049.6000 0.84680867
7050.5000 0.8504889
7051.4000 0.84804368
7052.3000 0.82457942
7053.2000 0.80639899
7054.1000 0.81619233
7055.0000 0.83357513
7055.9000 0.83757353
7056.8000 0.83838564
7057.7000 0.84600782
7058.6000 0.84662998
7059.5000 0.82891834
7060.4000 0.81137311
7061.3000 0.81749934
7062.2000 0.83139241
7063.1000 0.83823621
7064.0000 0.84430087
7064.9000 0.85155898
7065.8000 0.85180485
7066.7000 0.83993268
7067.6000 0.81942558
7068.5000 0.80327302
7069.4000 0.81146634
7070.3000 0.83402598
7071.2000 0.84270656
7072.1000 0.83870178
7073.0000 0.83525157
7073.9000 0.83817571
7074.8000 0.84299344
7075.7000 0.84048682
7076.6000 0.83233297
7077.5000 0.82927322
7078.4000 0.83334756
7079.3000 0.83748889
7080.2000 0.8396045
7081.1000 0.83864248
7082.0000 0.83551925
7082.9000 0.82671815
7083.8000 0.80437297
7084.7000 0.78314203
7085.6000 0.78590059
7086.5000 0.80330843
7087.4000 0.81713414
7088.3000 0.82263088
7089.2000 0.81630921
7090.1000 0.80021042
7091.0000 0.79047066
7091.9000 0.79242617
7092.8000 0.80000752
7093.7000 0.80900037
7094.6000 0.8130886
7095.5000 0.80880052
7096.4000 0.80254942
7097.3000 0.80253053
7098.2000 0.80711722
7099.1000 0.81425714
7100.0000 0.82184458
7100.9000 0.82035577
7101.8000 0.81226438
7102.7000 0.80994797
7103.6000 0.81398332
7104.5000 0.82278121
7105.4000 0.82594913
7106.3000 0.81594819
7107.2000 0.8029989
7108.1000 0.80087245
7109.0000 0.80663681
7109.9000 0.8057909
7110.8000 0.79668248
7111.7000 0.78937197
7112.6000 0.79467833
7113.5000 0.80459237
7114.4000 0.81280446
7115.3000 0.82004952
7116.2000 0.82346255
7117.1000 0.8238644
7118.0000 0.82602364
7118.9000 0.82680631
7119.8000 0.82171196
7120.7000 0.81524903
7121.6000 0.80420101
7122.5000 0.79122531
7123.4000 0.80023557
7124.3000 0.82260829
7125.2000 0.83216101
7126.1000 0.82860488
7127.0000 0.82568794
7127.9000 0.82765627
7128.8000 0.83141428
7129.7000 0.8176676
7130.6000 0.79677969
7131.5000 0.78578371
7132.4000 0.79456854
7133.3000 0.81530851
7134.2000 0.83393705
7135.1000 0.83833551
7136.0000 0.83424592
7136.9000 0.83734655
7137.8000 0.84244698
7138.7000 0.83636326
7139.6000 0.82827008
7140.5000 0.83265549
7141.4000 0.83685476
7142.3000 0.83107203
7143.2000 0.82824588
7144.1000 0.82678437
7145.0000 0.82366747
7145.9000 0.82861406
7146.8000 0.8292346
7147.7000 0.80479646
7148.6000 0.78418607
7149.5000 0.79979479
7150.4000 0.82189238
7151.3000 0.82655972
7152.2000 0.82944655
7153.1000 0.83576167
7154.0000 0.83748496
7154.9000 0.82536572
7155.8000 0.81522155
7156.7000 0.8245821
7157.6000 0.84152192
7158.5000 0.84926063
7159.4000 0.84495443
7160.3000 0.8366611
7161.2000 0.83466202
7162.1000 0.84011894
7163.0000 0.83744091
7163.9000 0.8111791
7164.8000 0.77694094
7165.7000 0.77305526
7166.6000 0.80124992
7167.5000 0.83145529
7168.4000 0.84458619
7169.3000 0.84112799
7170.2000 0.83488137
7171.1000 0.83616477
7172.0000 0.84212703
7172.9000 0.84667557
7173.8000 0.84837323
7174.7000 0.84081626
7175.6000 0.81941515
7176.5000 0.80853134
7177.4000 0.82281452
7178.3000 0.83784431
7179.2000 0.82648146
7180.1000 0.79453164
7181.0000 0.76580882
7181.9000 0.75864393
7182.8000 0.77859747
7183.7000 0.80688018
7184.6000 0.82281709
7185.5000 0.82241845
7186.4000 0.80197829
7187.3000 0.77544236
7188.2000 0.76622629
7189.1000 0.76938701
7190.0000 0.78085643
7190.9000 0.80343139
7191.8000 0.81642103
7192.7000 0.80593979
7193.6000 0.79403871
7194.5000 0.80566639
7195.4000 0.82034403
7196.3000 0.81220269
7197.2000 0.80312622
7198.1000 0.81239235
7199.0000 0.82688212
7199.9000 0.83574462
7200.8000 0.83738142
7201.7000 0.82238764
7202.6000 0.80492324
7203.5000 0.82119489
7204.4000 0.8502326
7205.3000 0.85131466
7206.2000 0.81574476
7207.1000 0.76614964
7208.0000 0.74879885
7208.9000 0.77535731
7209.8000 0.80973709
7210.7000 0.83166277
7211.6000 0.83683044
7212.5000 0.82757235
7213.4000 0.81595916
7214.3000 0.80808562
7215.2000 0.80157036
7216.1000 0.80005145
7217.0000 0.81153953
7217.9000 0.823035
7218.8000 0.82201308
7219.7000 0.81298548
7220.6000 0.80639517
7221.5000 0.805686
7222.4000 0.79943353
7223.3000 0.79020649
7224.2000 0.79565811
7225.1000 0.81233877
7226.0000 0.8251524
7226.9000 0.83109361
7227.8000 0.82881439
7228.7000 0.81336421
7229.6000 0.80654168
7230.5000 0.82059002
7231.4000 0.838718
7232.3000 0.84910101
7233.2000 0.85509241
7234.1000 0.85724056
7235.0000 0.84768879
7235.9000 0.83305973
7236.8000 0.82545048
7237.7000 0.82886034
7238.6000 0.82816786
7239.5000 0.82061774
7240.4000 0.82162338
7241.3000 0.82940495
7242.2000 0.83064121
7243.1000 0.83088094
7244.0000 0.82937837
7244.9000 0.80717564
7245.8000 0.79102504
7246.7000 0.80937004
7247.6000 0.82986689
7248.5000 0.83227158
7249.4000 0.82345313
7250.3000 0.80654103
7251.2000 0.79673642
7252.1000 0.80775511
7253.0000 0.83297962
7253.9000 0.84456664
7254.8000 0.83144802
7255.7000 0.82537687
7256.6000 0.83810651
7257.5000 0.84951371
7258.4000 0.85285509
7259.3000 0.84895599
7260.2000 0.83028662
7261.1000 0.79537529
7262.0000 0.77541375
7262.9000 0.79386628
7263.8000 0.82378578
7264.7000 0.84225237
7265.6000 0.85191536
7266.5000 0.84876567
7267.4000 0.83405662
7268.3000 0.83111656
7269.2000 0.83645701
7270.1000 0.83248085
7271.0000 0.81831974
7271.9000 0.81123871
7272.8000 0.81935114
7273.7000 0.8244617
7274.6000 0.81365204
7275.5000 0.80495536
7276.4000 0.81700802
7277.3000 0.82931912
7278.2000 0.82428253
7279.1000 0.81507218
7280.0000 0.81863606
7280.9000 0.82315022
7281.8000 0.8074314
7282.7000 0.78387934
7283.6000 0.78151298
7284.5000 0.79271191
7285.4000 0.80239666
7286.3000 0.81310588
7287.2000 0.81830484
7288.1000 0.80235916
7289.0000 0.77940392
7289.9000 0.78352255
7290.8000 0.79956925
7291.7000 0.79172695
7292.6000 0.77519447
7293.5000 0.78432715
7294.4000 0.80981588
7295.3000 0.82951128
7296.2000 0.83919275
7297.1000 0.83525193
7298.0000 0.82339334
7298.9000 0.8163054
7299.8000 0.81203884
7300.7000 0.80404717
7301.6000 0.80131173
7302.5000 0.8119837
7303.4000 0.82515776
7304.3000 0.83034819
7305.2000 0.82068276
7306.1000 0.80234534
7307.0000 0.78574646
7307.9000 0.77171975
7308.8000 0.77523583
7309.7000 0.79465157
7310.6000 0.79453105
7311.5000 0.78176439
7312.4000 0.78890437
7313.3000 0.80797583
7314.2000 0.81592596
7315.1000 0.81423014
7316.0000 0.81367975
7316.9000 0.81021565
7317.8000 0.80606776
7318.7000 0.80526483
7319.6000 0.80217201
7320.5000 0.79832357
7321.4000 0.80759043
7322.3000 0.81854171
7323.2000 0.81583101
7324.1000 0.80622202
7325.0000 0.7944538
7325.9000 0.78195679
7326.8000 0.78536284
7327.7000 0.80724639
7328.6000 0.81646281
7329.5000 0.80546206
7330.4000 0.79985726
7331.3000 0.80895066
7332.2000 0.81825423
7333.1000 0.81762582
7334.0000 0.81546497
7334.9000 0.82034761
7335.8000 0.82424301
7336.7000 0.82473511
7337.6000 0.82687706
7338.5000 0.82822305
7339.4000 0.823825
7340.3000 0.81843859
7341.2000 0.82282591
7342.1000 0.82707047
7343.0000 0.81750274
7343.9000 0.79862159
7344.8000 0.78877711
7345.7000 0.79990357
7346.6000 0.81514782
7347.5000 0.82154763
7348.4000 0.82429171
7349.3000 0.82247114
7350.2000 0.81078124
7351.1000 0.79475373
7352.0000 0.79501909
7352.9000 0.80625504
7353.8000 0.81219226
7354.7000 0.80492872
7355.6000 0.78526264
7356.5000 0.77951241
7357.4000 0.79849327
7358.3000 0.82119405
7359.2000 0.82988751
7360.1000 0.82615358
7361.0000 0.81624222
7361.9000 0.80096233
7362.8000 0.79200822
7363.7000 0.79611027
7364.6000 0.80253202
7365.5000 0.80455273
7366.4000 0.80628222
7367.3000 0.80773246
7368.2000 0.80511451
7369.1000 0.80104584
7370.0000 0.79975241
7370.9000 0.80319214
7371.8000 0.80441898
7372.7000 0.79910398
7373.6000 0.79279065
7374.5000 0.78657496
7375.4000 0.78353482
7376.3000 0.78618222
7377.2000 0.78846705
7378.1000 0.79031581
7379.0000 0.79053736
7379.9000 0.78748715
7380.8000 0.78086632
7381.7000 0.77453697
7382.6000 0.76953101
7383.5000 0.76505792
7384.4000 0.75582975
7385.3000 0.74005246
7386.2000 0.73089075
7387.1000 0.73368615
7388.0000 0.73350978
7388.9000 0.72416806
7389.8000 0.72818381
7390.7000 0.75496143
7391.6000 0.77025729
7392.5000 0.75253725
7393.4000 0.73181653
7394.3000 0.74156249
7395.2000 0.76605058
7396.1000 0.7763781
7397.0000 0.77412903
7397.9000 0.77145541
7398.8000 0.76812851
7399.7000 0.76022786
7400.6000 0.75581539
7401.5000 0.76748371
7402.4000 0.78964251
7403.3000 0.80529428
7404.2000 0.80105746
7405.1000 0.78361672
7406.0000 0.78119832
7406.9000 0.79483229
7407.8000 0.79097182
7408.7000 0.76801604
7409.6000 0.7608723
7410.5000 0.77601236
7411.4000 0.79807889
7412.3000 0.8123033
7413.2000 0.0009802
7414.1000 0
7415.0000 0
7415.9000 0
7416.8000 0
7417.7000 0
7418.6000 0
7419.5000 0
7420.4000 0
7421.3000 0
7422.2000 0
7423.1000 0
7424.0000 0
7424.9000 0
7425.8000 0
7426.7000 0
7427.6000 0
7428.5000 0
7429.4000 0
