3500.0000 0
3500.9000 0
3501.8000 0
3502.7000 0
3503.6000 0
3504.5000 0
3505.4000 0
3506.3000 0
3507.2000 0
3508.1000 0
3509.0000 0
3509.9000 0
3510.8000 0
3511.7000 0
3512.6000 0
3513.5000 0
3514.4000 0
3515.3000 0
3516.2000 0
3517.1000 0
3518.0000 0
3518.9000 0
3519.8000 0
3520.7000 0
3521.6000 0
3522.5000 0
3523.4000 0
3524.3000 0
3525.2000 0
3526.1000 0
3527.0000 0
3527.9000 0
3528.8000 0
3529.7000 0
3530.6000 0
3531.5000 0
3532.4000 0
3533.3000 0
3534.2000 0.00000399
3535.1000 0.01365321
3536.0000 0.13961914
3536.9000 0.1475856
3537.8000 0.13929598
3538.7000 0.13768953
3539.6000 0.14176005
3540.5000 0.14207438
3541.4000 0.13380812
3542.3000 0.12259448
3543.2000 0.12231456
3544.1000 0.13097717
3545.0000 0.13774067
3545.9000 0.13755368
3546.8000 0.1246369
3547.7000 0.11383248
3548.6000 0.11218103
3549.5000 0.1168283
3550.4000 0.11122783
3551.3000 0.10395395
3552.2000 0.10277428
3553.1000 0.10429966
3554.0000 0.10517336
3554.9000 0.10685506
3555.8000 0.10876101
3556.7000 0.10581896
3557.6000 0.09647311
3558.5000 0.0878263
3559.4000 0.08594485
3560.3000 0.09117988
3561.2000 0.09702685
3562.1000 0.10218741
3563.0000 0.10826847
3563.9000 0.10869066
3564.8000 0.09600299
3565.7000 0.08022296
3566.6000 0.07628036
3567.5000 0.08087012
3568.4000 0.08121236
3569.3000 0.07622042
3570.2000 0.07709495
3571.1000 0.09510913
3572.0000 0.10717534
3572.9000 0.10927
3573.8000 0.10786284
3574.7000 0.10840445
3575.6000 0.10799204
3576.5000 0.10475675
3577.4000 0.09643004
3578.3000 0.08224523
3579.2000 0.0678464
3580.1000 0.05594322
3581.0000 0.04958959
3581.9000 0.04934426
3582.8000 0.04964589
3583.7000 0.04790563
3584.6000 0.04586744
3585.5000 0.04678361
3586.4000 0.05098637
3587.3000 0.05362356
3588.2000 0.05204545
3589.1000 0.05692619
3590.0000 0.08094012
3590.9000 0.11355447
3591.8000 0.12927811
3592.7000 0.12667783
3593.6000 0.12579705
3594.5000 0.13668475
3595.4000 0.16128093
3596.3000 0.18832019
3597.2000 0.19788632
3598.1000 0.19756362
3599.0000 0.20703326
3599.9000 0.21823168
3600.8000 0.20568275
3601.7000 0.17435072
3602.6000 0.15543251
3603.5000 0.1528804
3604.4000 0.15250093
3605.3000 0.16042638
3606.2000 0.17126067
3607.1000 0.15850359
3608.0000 0.12857778
3608.9000 0.11702348
3609.8000 0.13673624
3610.7000 0.16835253
3611.6000 0.18215439
3612.5000 0.1757368
3613.4000 0.1810766
3614.3000 0.2081458
3615.2000 0.22591214
3616.1000 0.20822352
3617.0000 0.1608908
3617.9000 0.11603086
3618.8000 0.10762565
3619.7000 0.13703758
3620.6000 0.17969002
3621.5000 0.21437263
3622.4000 0.22581685
3623.3000 0.21996169
3624.2000 0.22691043
3625.1000 0.25473464
3626.0000 0.27503389
3626.9000 0.27020091
3627.8000 0.25524575
3628.7000 0.2326396
3629.6000 0.1863265
3630.5000 0.14006355
3631.4000 0.13555817
3632.3000 0.15847637
3633.2000 0.16971141
3634.1000 0.17409261
3635.0000 0.18925813
3635.9000 0.20447005
3636.8000 0.21512869
3637.7000 0.23084886
3638.6000 0.25019801
3639.5000 0.26391941
3640.4000 0.25976312
3641.3000 0.24094912
3642.2000 0.22706905
3643.1000 0.21689226
3644.0000 0.19728549
3644.9000 0.18219371
3645.8000 0.17654723
3646.7000 0.16423556
3647.6000 0.15937312
3648.5000 0.1767083
3649.4000 0.19932292
3650.3000 0.21574208
3651.2000 0.23511738
3652.1000 0.2573812
3653.0000 0.26481584
3653.9000 0.25920698
3654.8000 0.26098147
3655.7000 0.27484578
3656.6000 0.2870917
3657.5000 0.2951892
3658.4000 0.30035937
3659.3000 0.29383272
3660.2000 0.28498766
3661.1000 0.28241169
3662.0000 0.27066147
3662.9000 0.25113738
3663.8000 0.24852921
3664.7000 0.26295984
3665.6000 0.27080718
3666.5000 0.27093408
3667.4000 0.26204237
3668.3000 0.23569117
3669.2000 0.22000287
3670.1000 0.24144377
3671.0000 0.27861235
3671.9000 0.29321569
3672.8000 0.28380105
3673.7000 0.28266791
3674.6000 0.29079664
3675.5000 0.27894315
3676.4000 0.25250176
3677.3000 0.2377582
3678.2000 0.22974262
3679.1000 0.22099257
3680.0000 0.22838236
3680.9000 0.2459746
3681.8000 0.25547254
3682.7000 0.26330385
3683.6000 0.26380596
3684.5000 0.24345547
3685.4000 0.21286632
3686.3000 0.18739785
3687.2000 0.18398796
3688.1000 0.21337734
3689.0000 0.25797704
3689.9000 0.29573095
3690.8000 0.31415689
3691.7000 0.29989213
3692.6000 0.26426139
3693.5000 0.2474869
3694.4000 0.25522995
3695.3000 0.26033959
3696.2000 0.26166245
3697.1000 0.27868876
3698.0000 0.31167659
3698.9000 0.33762243
3699.8000 0.34215847
3700.7000 0.33261073
3701.6000 0.31148079
3702.5000 0.27122936
3703.4000 0.2194425
3704.3000 0.1831253
3705.2000 0.17954755
3706.1000 0.19093493
3707.0000 0.18919158
3707.9000 0.18107182
3708.8000 0.19309551
3709.7000 0.22689885
3710.6000 0.26012623
3711.5000 0.28539282
3712.4000 0.31455228
3713.3000 0.34047917
3714.2000 0.33617273
3715.1000 0.30992362
3716.0000 0.2959193
3716.9000 0.280083
3717.8000 0.2322488
3718.7000 0.17120296
3719.6000 0.13597389
3720.5000 0.13214937
3721.4000 0.14845216
3722.3000 0.18443012
3723.2000 0.2233409
3724.1000 0.25540835
3725.0000 0.27874187
3725.9000 0.26021001
3726.8000 0.21281415
3727.7000 0.20495352
3728.6000 0.23343024
3729.5000 0.24053837
3730.4000 0.22167063
3731.3000 0.20052603
3732.2000 0.17153458
3733.1000 0.13160367
3734.0000 0.10296025
3734.9000 0.09982604
3735.8000 0.11188611
3736.7000 0.13376036
3737.6000 0.16907987
3738.5000 0.20599827
3739.4000 0.23406696
3740.3000 0.24283092
3741.2000 0.22386713
3742.1000 0.19357535
3743.0000 0.17314731
3743.9000 0.16198213
3744.8000 0.14945206
3745.7000 0.14515127
3746.6000 0.14688148
3747.5000 0.12848397
3748.4000 0.10516818
3749.3000 0.11765329
3750.2000 0.15954751
3751.1000 0.19069816
3752.0000 0.20119527
3752.9000 0.21549511
3753.8000 0.24333151
3754.7000 0.26253831
3755.6000 0.24594671
3756.5000 0.1927935
3757.4000 0.14060761
3758.3000 0.12664391
3759.2000 0.14410503
3760.1000 0.1680086
3761.0000 0.1855652
3761.9000 0.18139154
3762.8000 0.16115765
3763.7000 0.16351692
3764.6000 0.18368688
3765.5000 0.17765667
3766.4000 0.15793413
3767.3000 0.17148334
3768.2000 0.20785965
3769.1000 0.21952897
3770.0000 0.20884088
3770.9000 0.20975779
3771.8000 0.2188767
3772.7000 0.21379708
3773.6000 0.20349452
3774.5000 0.20572333
3775.4000 0.2146851
3776.3000 0.21285284
3777.2000 0.19840555
3778.1000 0.19626214
3779.0000 0.21075508
3779.9000 0.21778269
3780.8000 0.21509558
3781.7000 0.21555933
3782.6000 0.22449388
3783.5000 0.23256078
3784.4000 0.21483223
3785.3000 0.17431051
3786.2000 0.15127352
3787.1000 0.14857376
3788.0000 0.13884445
3788.9000 0.12633848
3789.8000 0.13194677
3790.7000 0.15093739
3791.6000 0.15889019
3792.5000 0.15275417
3793.4000 0.14231449
3794.3000 0.1309469
3795.2000 0.12748891
3796.1000 0.13207249
3797.0000 0.13144363
3797.9000 0.12609334
3798.8000 0.1316262
3799.7000 0.15278639
3800.6000 0.16955225
3801.5000 0.17050633
3802.4000 0.16968551
3803.3000 0.17138273
3804.2000 0.16674939
3805.1000 0.15233429
3806.0000 0.13253649
3806.9000 0.12260768
3807.8000 0.12787068
3808.7000 0.13514873
3809.6000 0.14031333
3810.5000 0.15115076
3811.4000 0.16386023
3812.3000 0.16047405
3813.2000 0.13760479
3814.1000 0.11308514
3815.0000 0.09937897
3815.9000 0.09968851
3816.8000 0.10737783
3817.7000 0.10548914
3818.6000 0.09044426
3819.5000 0.07820597
3820.4000 0.08304971
3821.3000 0.0973258
3822.2000 0.1013392
3823.1000 0.09072824
3824.0000 0.07676499
3824.9000 0.07079841
3825.8000 0.07522361
3826.7000 0.08211828
3827.6000 0.08519341
3828.5000 0.08635971
3829.4000 0.08927222
3830.3000 0.09275662
3831.2000 0.0901593
3832.1000 0.0819606
3833.0000 0.07771316
3833.9000 0.08393832
3834.8000 0.09701288
3835.7000 0.10456318
3836.6000 0.09883719
3837.5000 0.08830742
3838.4000 0.08272113
3839.3000 0.07863394
3840.2000 0.0769356
3841.1000 0.08491999
3842.0000 0.09630165
3842.9000 0.10049804
3843.8000 0.09711017
3844.7000 0.08883132
3845.6000 0.08214845
3846.5000 0.08186503
3847.4000 0.08120056
3848.3000 0.07456286
3849.2000 0.06737295
3850.1000 0.06967758
3851.0000 0.08001854
3851.9000 0.08361322
3852.8000 0.07825611
3853.7000 0.07761789
3854.6000 0.08225624
3855.5000 0.08085441
3856.4000 0.07439803
3857.3000 0.06806421
3858.2000 0.06180239
3859.1000 0.0574476
3860.0000 0.05989225
3860.9000 0.072648
3861.8000 0.08851202
3862.7000 0.09508169
3863.6000 0.09335557
3864.5000 0.08881239
3865.4000 0.08192091
3866.3000 0.07438796
3867.2000 0.0668219
3868.1000 0.06054924
3869.0000 0.05611281
3869.9000 0.05400159
3870.8000 0.05935873
3871.7000 0.07282209
3872.6000 0.09175076
3873.5000 0.11459743
3874.4000 0.13428862
3875.3000 0.1409882
3876.2000 0.12920021
3877.1000 0.10626583
3878.0000 0.09336872
3878.9000 0.09440404
3879.8000 0.08508743
3880.7000 0.06419189
3881.6000 0.07035428
3882.5000 0.13226819
3883.4000 0.21067013
3884.3000 0.23033279
3885.2000 0.19542423
3886.1000 0.17866442
3887.0000 0.19958116
3887.9000 0.21560258
3888.8000 0.21742032
3889.7000 0.23234347
3890.6000 0.2639046
3891.5000 0.29306605
3892.4000 0.30505297
3893.3000 0.29684982
3894.2000 0.27371702
3895.1000 0.26548836
3896.0000 0.28870749
3896.9000 0.30536914
3897.8000 0.29407433
3898.7000 0.27893242
3899.6000 0.28319281
3900.5000 0.29691723
3901.4000 0.28969461
3902.3000 0.27708778
3903.2000 0.28399882
3904.1000 0.27668682
3905.0000 0.24389535
3905.9000 0.23091136
3906.8000 0.2530309
3907.7000 0.28375593
3908.6000 0.29774845
3909.5000 0.29370078
3910.4000 0.30149493
3911.3000 0.32552385
3912.2000 0.33278152
3913.1000 0.32167169
3914.0000 0.31425878
3914.9000 0.30478227
3915.8000 0.2944144
3916.7000 0.29805657
3917.6000 0.29940158
3918.5000 0.28230989
3919.4000 0.24743171
3920.3000 0.2145001
3921.2000 0.20862056
3922.1000 0.22546504
3923.0000 0.25012138
3923.9000 0.25949001
3924.8000 0.24382749
3925.7000 0.22017251
3926.6000 0.19091633
3927.5000 0.15636906
3928.4000 0.12879184
3929.3000 0.1069088
3930.2000 0.08603411
3931.1000 0.06795205
3932.0000 0.05128495
3932.9000 0.03910382
3933.8000 0.04018327
3934.7000 0.05548095
3935.6000 0.07830357
3936.5000 0.104031
3937.4000 0.13192794
3938.3000 0.16291806
3939.2000 0.18827991
3940.1000 0.197531
3941.0000 0.20083332
3941.9000 0.20483223
3942.8000 0.19899106
3943.7000 0.19684185
3944.6000 0.23015027
3945.5000 0.2784507
3946.4000 0.29123095
3947.3000 0.27576861
3948.2000 0.27690825
3949.1000 0.30850407
3950.0000 0.34241799
3950.9000 0.3382102
3951.8000 0.30070928
3952.7000 0.29545307
3953.6000 0.3408134
3954.5000 0.36355236
3955.4000 0.33331981
3956.3000 0.30503902
3957.2000 0.3142176
3958.1000 0.33910498
3959.0000 0.34234035
3959.9000 0.29986522
3960.8000 0.22960722
3961.7000 0.18208811
3962.6000 0.17235219
3963.5000 0.17030343
3964.4000 0.15266219
3965.3000 0.11986593
3966.2000 0.083607
3967.1000 0.05630918
3968.0000 0.04557208
3968.9000 0.05483184
3969.8000 0.07969999
3970.7000 0.10925156
3971.6000 0.13642268
3972.5000 0.16004877
3973.4000 0.18699956
3974.3000 0.22359051
3975.2000 0.25710133
3976.1000 0.28041655
3977.0000 0.30740005
3977.9000 0.34141257
3978.8000 0.37465784
3979.7000 0.39601088
3980.6000 0.38838059
3981.5000 0.36089081
3982.4000 0.34481117
3983.3000 0.35159677
3984.2000 0.37440345
3985.1000 0.39573863
3986.0000 0.40477625
3986.9000 0.42136773
3987.8000 0.44218978
3988.7000 0.43177071
3989.6000 0.40911224
3990.5000 0.41056308
3991.4000 0.42532399
3992.3000 0.43569931
3993.2000 0.43139276
3994.1000 0.41568074
3995.0000 0.40142527
3995.9000 0.38696006
3996.8000 0.3763884
3997.7000 0.39060149
3998.6000 0.432493
3999.5000 0.45823032
4000.4000 0.44759136
4001.3000 0.45073578
4002.2000 0.48540732
4003.1000 0.49132845
4004.0000 0.42835772
4004.9000 0.35466889
4005.8000 0.34408817
4006.7000 0.38580078
4007.6000 0.42989236
4008.5000 0.45386434
4009.4000 0.4618057
4010.3000 0.4597944
4011.2000 0.45741811
4012.1000 0.46731552
4013.0000 0.4743968
4013.9000 0.47711673
4014.8000 0.49323243
4015.7000 0.49021199
4016.6000 0.45316643
4017.5000 0.44266692
4018.4000 0.47601205
4019.3000 0.49423432
4020.2000 0.4795126
4021.1000 0.4672094
4022.0000 0.47229743
4022.9000 0.47133142
4023.8000 0.44922882
4024.7000 0.43994439
4025.6000 0.46099642
4026.5000 0.49232796
4027.4000 0.52387851
4028.3000 0.53037488
4029.2000 0.48081034
4030.1000 0.40654051
4031.0000 0.37353387
4031.9000 0.37437305
4032.8000 0.3706643
4033.7000 0.36897376
4034.6000 0.38396734
4035.5000 0.42294797
4036.4000 0.47488788
4037.3000 0.50717795
4038.2000 0.50419372
4039.1000 0.47513428
4040.0000 0.44875076
4040.9000 0.46277887
4041.8000 0.49835631
4042.7000 0.48818082
4043.6000 0.41371027
4044.5000 0.32298258
4045.4000 0.28568503
4046.3000 0.33871421
4047.2000 0.42342421
4048.1000 0.46237528
4049.0000 0.46768591
4049.9000 0.47674775
4050.8000 0.48139635
4051.7000 0.46765709
4052.6000 0.44576788
4053.5000 0.42368883
4054.4000 0.40190384
4055.3000 0.39398113
4056.2000 0.39191601
4057.1000 0.37307307
4058.0000 0.36430705
4058.9000 0.3974472
4059.8000 0.44589829
4060.7000 0.46055093
4061.6000 0.42153838
4062.5000 0.35176691
4063.4000 0.31644157
4064.3000 0.34810311
4065.2000 0.38017499
4066.1000 0.36885864
4067.0000 0.37078688
4067.9000 0.41857469
4068.8000 0.46587968
4069.7000 0.46308824
4070.6000 0.41411448
4071.5000 0.38622037
4072.4000 0.41634896
4073.3000 0.44690698
4074.2000 0.42980427
4075.1000 0.37953651
4076.0000 0.32626936
4076.9000 0.30199274
4077.8000 0.32831845
4078.7000 0.38223305
4079.6000 0.43036196
4080.5000 0.46249986
4081.4000 0.46011651
4082.3000 0.42398819
4083.2000 0.38958636
4084.1000 0.37373552
4085.0000 0.38046101
4085.9000 0.41505995
4086.8000 0.46035182
4087.7000 0.49128619
4088.6000 0.49552467
4089.5000 0.47902545
4090.4000 0.46750256
4091.3000 0.46277985
4092.2000 0.46355504
4093.1000 0.47473881
4094.0000 0.45740372
4094.9000 0.40818062
4095.8000 0.37716711
4096.7000 0.379471
4097.6000 0.39383733
4098.5000 0.40389523
4099.4000 0.39114991
4100.3000 0.35089475
4101.2000 0.32313395
4102.1000 0.33367288
4103.0000 0.35658291
4103.9000 0.37257877
4104.8000 0.39890277
4105.7000 0.43308443
4106.6000 0.44283482
4107.5000 0.42338336
4108.4000 0.39620286
4109.3000 0.37006783
4110.2000 0.35769916
4111.1000 0.35991746
4112.0000 0.37249172
4112.9000 0.39235136
4113.8000 0.39370665
4114.7000 0.38961616
4115.6000 0.39851332
4116.5000 0.4020257
4117.4000 0.37782565
4118.3000 0.33930358
4119.2000 0.33428457
4120.1000 0.35178256
4121.0000 0.34921327
4121.9000 0.32976028
4122.8000 0.31380689
4123.7000 0.31863457
4124.6000 0.34118965
4125.5000 0.35737056
4126.4000 0.36362308
4127.3000 0.35817459
4128.2000 0.34167421
4129.1000 0.32810527
4130.0000 0.32980025
4130.9000 0.332654
4131.8000 0.31507289
4132.7000 0.29973155
4133.6000 0.29814789
4134.5000 0.31093001
4135.4000 0.33580071
4136.3000 0.34479719
4137.2000 0.33621284
4138.1000 0.33354211
4139.0000 0.34128338
4139.9000 0.34683514
4140.8000 0.33451369
4141.7000 0.29813206
4142.6000 0.25608248
4143.5000 0.24168676
4144.4000 0.26474416
4145.3000 0.29340678
4146.2000 0.30029279
4147.1000 0.29010665
4148.0000 0.27088293
4148.9000 0.24260812
4149.8000 0.21392114
4150.7000 0.20216466
4151.6000 0.21205422
4152.5000 0.23331976
4153.4000 0.24549387
4154.3000 0.24132788
4155.2000 0.22795963
4156.1000 0.21285957
4157.0000 0.21978667
4157.9000 0.26537538
4158.8000 0.31636441
4159.7000 0.32794577
4160.6000 0.31194738
4161.5000 0.30744547
4162.4000 0.30918574
4163.3000 0.29630974
4164.2000 0.27952099
4165.1000 0.26301154
4166.0000 0.23756097
4166.9000 0.2272304
4167.8000 0.25524035
4168.7000 0.29580572
4169.6000 0.32497454
4170.5000 0.33658144
4171.4000 0.30943435
4172.3000 0.26000381
4173.2000 0.24712588
4174.1000 0.27414933
4175.0000 0.29270503
4175.9000 0.28516021
4176.8000 0.26137495
4177.7000 0.23901896
4178.6000 0.23167889
4179.5000 0.23369619
4180.4000 0.24897468
4181.3000 0.28231734
4182.2000 0.3151437
4183.1000 0.34360027
4184.0000 0.38503346
4184.9000 0.41354904
4185.8000 0.38675773
4186.7000 0.33297822
4187.6000 0.30690187
4188.5000 0.31684345
4189.4000 0.33959538
4190.3000 0.35028222
4191.2000 0.3458333
4192.1000 0.34786358
4193.0000 0.35417131
4193.9000 0.33873653
4194.8000 0.29905292
4195.7000 0.26678455
4196.6000 0.27724966
4197.5000 0.31533682
4198.4000 0.3490293
4199.3000 0.37335083
4200.2000 0.37489194
4201.1000 0.34983683
4202.0000 0.33037996
4202.9000 0.33353567
4203.8000 0.33676335
4204.7000 0.3370533
4205.6000 0.35198936
4206.5000 0.36936927
4207.4000 0.38117331
4208.3000 0.38814569
4209.2000 0.37783927
4210.1000 0.36116546
4211.0000 0.35823831
4211.9000 0.3540408
4212.8000 0.32629389
4213.7000 0.27484676
4214.6000 0.23419826
4215.5000 0.27743602
4216.4000 0.4107306
4217.3000 0.5307014
4218.2000 0.58181137
4219.1000 0.60223603
4220.0000 0.62355542
4220.9000 0.63110757
4221.8000 0.59058017
4222.7000 0.52128613
4223.6000 0.46868408
4224.5000 0.41912806
4225.4000 0.34415621
4226.3000 0.28936249
4227.2000 0.34690741
4228.1000 0.48549572
4229.0000 0.57112306
4229.9000 0.58842194
4230.8000 0.58955222
4231.7000 0.56256402
4232.6000 0.52104503
4233.5000 0.52036905
4234.4000 0.53268337
4235.3000 0.49233332
4236.2000 0.44462055
4237.1000 0.45082247
4238.0000 0.47513252
4238.9000 0.4847883
4239.8000 0.50646198
4240.7000 0.54664409
4241.6000 0.55124807
4242.5000 0.52100319
4243.4000 0.53653461
4244.3000 0.59370714
4245.2000 0.61387402
4246.1000 0.57684767
4247.0000 0.51247627
4247.9000 0.45994386
4248.8000 0.44051343
4249.7000 0.44523242
4250.6000 0.47492519
4251.5000 0.51684326
4252.4000 0.53003782
4253.3000 0.50099552
4254.2000 0.46127418
4255.1000 0.46271676
4256.0000 0.5220111
4256.9000 0.57346302
4257.8000 0.54381919
4258.7000 0.47098956
4259.6000 0.42174473
4260.5000 0.41204494
4261.4000 0.46011627
4262.3000 0.53832245
4263.2000 0.57689232
4264.1000 0.57592839
4265.0000 0.59013927
4265.9000 0.60140032
4266.8000 0.56355745
4267.7000 0.51450998
4268.6000 0.49099112
4269.5000 0.46189615
4270.4000 0.40497333
4271.3000 0.3616609
4272.2000 0.37664312
4273.1000 0.40779513
4274.0000 0.40812632
4274.9000 0.42106622
4275.8000 0.47797659
4276.7000 0.54262733
4277.6000 0.57986653
4278.5000 0.55971754
4279.4000 0.48541799
4280.3000 0.44471654
4281.2000 0.48246202
4282.1000 0.5383352
4283.0000 0.56280661
4283.9000 0.53402042
4284.8000 0.46754864
4285.7000 0.43394947
4286.6000 0.46425086
4287.5000 0.49677011
4288.4000 0.46938142
4289.3000 0.41633734
4290.2000 0.40460292
4291.1000 0.44379717
4292.0000 0.50820434
4292.9000 0.54366219
4293.8000 0.51735151
4294.7000 0.48005962
4295.6000 0.45573002
4296.5000 0.4178468
4297.4000 0.3764973
4298.3000 0.32963556
4299.2000 0.27792218
4300.1000 0.26886541
4301.0000 0.299851
4301.9000 0.31161776
4302.8000 0.30074614
4303.7000 0.29870114
4304.6000 0.3033728
4305.5000 0.31472853
4306.4000 0.31549895
4307.3000 0.28107974
4308.2000 0.24687767
4309.1000 0.24336064
4310.0000 0.25330999
4310.9000 0.26866749
4311.8000 0.30505505
4312.7000 0.36638016
4313.6000 0.42712957
4314.5000 0.505086
4315.4000 0.62570643
4316.3000 0.72042024
4317.2000 0.73866129
4318.1000 0.72422421
4319.0000 0.71259266
4319.9000 0.68417466
4320.8000 0.6448037
4321.7000 0.60247636
4322.6000 0.50873554
4323.5000 0.39321074
4324.4000 0.32956734
4325.3000 0.3331129
4326.2000 0.41444936
4327.1000 0.53711671
4328.0000 0.62146664
4328.9000 0.63352162
4329.8000 0.60297853
4330.7000 0.59398729
4331.6000 0.61907423
4332.5000 0.63147187
4333.4000 0.63291526
4334.3000 0.66065389
4335.2000 0.69134378
4336.1000 0.65276593
4337.0000 0.54421878
4337.9000 0.46039197
4338.8000 0.42822915
4339.7000 0.41280261
4340.6000 0.4354569
4341.5000 0.50950223
4342.4000 0.56857896
4343.3000 0.57596296
4344.2000 0.59997427
4345.1000 0.64861339
4346.0000 0.64356101
4346.9000 0.60879385
4347.8000 0.62968677
4348.7000 0.68904549
4349.6000 0.67976505
4350.5000 0.56574368
4351.4000 0.45216495
4352.3000 0.43959975
4353.2000 0.49926224
4354.1000 0.53802741
4355.0000 0.54068154
4355.9000 0.56127387
4356.8000 0.59770989
4357.7000 0.58607608
4358.6000 0.53564423
4359.5000 0.53144169
4360.4000 0.58895022
4361.3000 0.63305944
4362.2000 0.61165655
4363.1000 0.58156645
4364.0000 0.60846543
4364.9000 0.65164244
4365.8000 0.63554299
4366.7000 0.57458377
4367.6000 0.54869324
4368.5000 0.57066578
4369.4000 0.57778066
4370.3000 0.55978501
4371.2000 0.55432498
4372.1000 0.55064744
4373.0000 0.51789767
4373.9000 0.46902147
4374.8000 0.45197567
4375.7000 0.49411213
4376.6000 0.56681228
4377.5000 0.62068278
4378.4000 0.63614142
4379.3000 0.61853415
4380.2000 0.59425753
4381.1000 0.56701529
4382.0000 0.48883387
4382.9000 0.37171599
4383.8000 0.31575388
4384.7000 0.36956772
4385.6000 0.47485074
4386.5000 0.54183906
4387.4000 0.55071938
4388.3000 0.53760713
4389.2000 0.51210004
4390.1000 0.49093986
4391.0000 0.50527853
4391.9000 0.54114777
4392.8000 0.55860502
4393.7000 0.54559451
4394.6000 0.53239542
4395.5000 0.55796719
4396.4000 0.61309594
4397.3000 0.64073592
4398.2000 0.6152283
4399.1000 0.55903852
4400.0000 0.51631927
4400.9000 0.54852265
4401.8000 0.63019723
4402.7000 0.63474172
4403.6000 0.53638822
4404.5000 0.46280998
4405.4000 0.49381381
4406.3000 0.55061948
4407.2000 0.54759842
4408.1000 0.52260602
4409.0000 0.54984534
4409.9000 0.6174224
4410.8000 0.67507774
4411.7000 0.71211684
4412.6000 0.71700573
4413.5000 0.66260475
4414.4000 0.57649374
4415.3000 0.53921527
4416.2000 0.56838489
4417.1000 0.60983503
4418.0000 0.6505661
4418.9000 0.69620681
4419.8000 0.71076417
4420.7000 0.6711213
4421.6000 0.60955876
4422.5000 0.58511335
4423.4000 0.61420411
4424.3000 0.65072429
4425.2000 0.65970433
4426.1000 0.65577114
4427.0000 0.66322595
4427.9000 0.67753273
4428.8000 0.66390789
4429.7000 0.61715472
4430.6000 0.60750115
4431.5000 0.64947796
4432.4000 0.66807872
4433.3000 0.63247532
4434.2000 0.57657063
4435.1000 0.55276453
4436.0000 0.59071636
4436.9000 0.66277629
4437.8000 0.72053909
4438.7000 0.7412225
4439.6000 0.71775043
4440.5000 0.66043574
4441.4000 0.6056385
4442.3000 0.58046585
4443.2000 0.59153318
4444.1000 0.64264202
4445.0000 0.70738029
4445.9000 0.72790796
4446.8000 0.70898056
4447.7000 0.70903051
4448.6000 0.71211779
4449.5000 0.68550688
4450.4000 0.67554379
4451.3000 0.69537836
4452.2000 0.69917065
4453.1000 0.66984278
4454.0000 0.61997676
4454.9000 0.58105171
4455.8000 0.58281732
4456.7000 0.60338914
4457.6000 0.60983258
4458.5000 0.60058039
4459.4000 0.59135097
4460.3000 0.57141548
4461.2000 0.53815049
4462.1000 0.55356902
4463.0000 0.62624711
4463.9000 0.66701907
4464.8000 0.65853649
4465.7000 0.64794916
4466.6000 0.64893067
4467.5000 0.64652878
4468.4000 0.62309062
4469.3000 0.60297298
4470.2000 0.61329764
4471.1000 0.64492267
4472.0000 0.68532497
4472.9000 0.72432005
4473.8000 0.74256802
4474.7000 0.73785824
4475.6000 0.73968995
4476.5000 0.76277137
4477.4000 0.77867764
4478.3000 0.75230163
4479.2000 0.6861645
4480.1000 0.62711889
4481.0000 0.60767835
4481.9000 0.62200278
4482.8000 0.66887599
4483.7000 0.72087461
4484.6000 0.75145304
4485.5000 0.76206875
4486.4000 0.74877435
4487.3000 0.70767444
4488.2000 0.653202
4489.1000 0.61102968
4490.0000 0.6104669
4490.9000 0.65233994
4491.8000 0.68752378
4492.7000 0.67214268
4493.6000 0.61425328
4494.5000 0.57131344
4495.4000 0.57687086
4496.3000 0.6083414
4497.2000 0.64806861
4498.1000 0.68240577
4499.0000 0.69654214
4499.9000 0.68235099
4500.8000 0.65138835
4501.7000 0.65993667
4502.6000 0.72987479
4503.5000 0.79823303
4504.4000 0.81595629
4505.3000 0.79580343
4506.2000 0.76440161
4507.1000 0.74616343
4508.0000 0.74664998
4508.9000 0.75755733
4509.8000 0.77210253
4510.7000 0.76720697
4511.6000 0.72848856
4512.5000 0.67815536
4513.4000 0.63906205
4514.3000 0.62682146
4515.2000 0.65454769
4516.1000 0.68914759
4517.0000 0.6864664
4517.9000 0.67724109
4518.8000 0.69974917
4519.7000 0.73557824
4520.6000 0.76097649
4521.5000 0.75212044
4522.4000 0.7105661
4523.3000 0.69020563
4524.2000 0.68864787
4525.1000 0.66336668
4526.0000 0.62416869
4526.9000 0.59484869
4527.8000 0.57527512
4528.7000 0.56783056
4529.6000 0.57204539
4530.5000 0.57897764
4531.4000 0.60276622
4532.3000 0.63509709
4533.2000 0.63552344
4534.1000 0.61032915
4535.0000 0.60337853
4535.9000 0.64921331
4536.8000 0.7247498
4537.7000 0.75459826
4538.6000 0.72479945
4539.5000 0.68279743
4540.4000 0.6561023
4541.3000 0.66098559
4542.2000 0.69416308
4543.1000 0.71434921
4544.0000 0.69130713
4544.9000 0.66093665
4545.8000 0.66624218
4546.7000 0.68659228
4547.6000 0.68010515
4548.5000 0.63679254
4549.4000 0.60527229
4550.3000 0.62140781
4551.2000 0.63489711
4552.1000 0.61817122
4553.0000 0.61329001
4553.9000 0.63193262
4554.8000 0.65445983
4555.7000 0.68756771
4556.6000 0.73360574
4557.5000 0.76409179
4558.4000 0.76604223
4559.3000 0.7510556
4560.2000 0.74138469
4561.1000 0.75311893
4562.0000 0.75812942
4562.9000 0.72590971
4563.8000 0.67425102
4564.7000 0.64224797
4565.6000 0.65784389
4566.5000 0.71649086
4567.4000 0.76480949
4568.3000 0.77438575
4569.2000 0.76984501
4570.1000 0.74180812
4571.0000 0.68889612
4571.9000 0.67783666
4572.8000 0.71955234
4573.7000 0.73848194
4574.6000 0.71630305
4575.5000 0.69468999
4576.4000 0.68181491
4577.3000 0.67531544
4578.2000 0.67591512
4579.1000 0.66536766
4580.0000 0.64740789
4580.9000 0.65143484
4581.8000 0.67513853
4582.7000 0.68701506
4583.6000 0.68727827
4584.5000 0.6912663
4585.4000 0.69139159
4586.3000 0.69970375
4587.2000 0.73135865
4588.1000 0.77162272
4589.0000 0.79543746
4589.9000 0.78500664
4590.8000 0.74552751
4591.7000 0.70743072
4592.6000 0.69647771
4593.5000 0.69790304
4594.4000 0.6916064
4595.3000 0.68069947
4596.2000 0.67585534
4597.1000 0.68242449
4598.0000 0.70937723
4598.9000 0.72696412
4599.8000 0.69539571
4600.7000 0.66712815
4601.6000 0.6811524
4602.5000 0.69694024
4603.4000 0.69383073
4604.3000 0.6708492
4605.2000 0.65269017
4606.1000 0.68489611
4607.0000 0.75375646
4607.9000 0.81491196
4608.8000 0.84293139
4609.7000 0.8284235
4610.6000 0.7942909
4611.5000 0.77506238
4612.4000 0.76109082
4613.3000 0.75223458
4614.2000 0.7779513
4615.1000 0.79345447
4616.0000 0.78253329
4616.9000 0.78959411
4617.8000 0.78723419
4618.7000 0.75519359
4619.6000 0.75464302
4620.5000 0.79382998
4621.4000 0.80437928
4622.3000 0.78672504
4623.2000 0.79157174
4624.1000 0.80339819
4625.0000 0.79182369
4625.9000 0.7808606
4626.8000 0.78436452
4627.7000 0.78154469
4628.6000 0.76038343
4629.5000 0.74992955
4630.4000 0.77459502
4631.3000 0.78952342
4632.2000 0.76187742
4633.1000 0.73160404
4634.0000 0.72957933
4634.9000 0.7374655
4635.8000 0.73238224
4636.7000 0.71045434
4637.6000 0.6970138
4638.5000 0.70035106
4639.4000 0.69668508
4640.3000 0.71026337
4641.2000 0.74836725
4642.1000 0.7589891
4643.0000 0.7375232
4643.9000 0.71516943
4644.8000 0.68827713
4645.7000 0.64676195
4646.6000 0.61372906
4647.5000 0.61637723
4648.4000 0.64394349
4649.3000 0.67476374
4650.2000 0.70345849
4651.1000 0.72715491
4652.0000 0.74583697
4652.9000 0.74011058
4653.8000 0.70132321
4654.7000 0.66835266
4655.6000 0.65655398
4656.5000 0.66101295
4657.4000 0.69849396
4658.3000 0.75359851
4659.2000 0.78484726
4660.1000 0.77454126
4661.0000 0.73604834
4661.9000 0.69374824
4662.8000 0.66369861
4663.7000 0.66076666
4664.6000 0.67249972
4665.5000 0.64401323
4666.4000 0.57444376
4667.3000 0.53097451
4668.2000 0.5486365
4669.1000 0.59840673
4670.0000 0.64320076
4670.9000 0.67455941
4671.8000 0.68289983
4672.7000 0.6715678
4673.6000 0.66244131
4674.5000 0.66699934
4675.4000 0.68208528
4676.3000 0.68580836
4677.2000 0.66332066
4678.1000 0.63023907
4679.0000 0.6099056
4679.9000 0.60384119
4680.8000 0.6062389
4681.7000 0.61671263
4682.6000 0.63304996
4683.5000 0.64461035
4684.4000 0.64770156
4685.3000 0.6648224
4686.2000 0.68506896
4687.1000 0.68247372
4688.0000 0.67095262
4688.9000 0.66880673
4689.8000 0.66503191
4690.7000 0.6554786
4691.6000 0.65567714
4692.5000 0.66193014
4693.4000 0.65968317
4694.3000 0.65881038
4695.2000 0.6633352
4696.1000 0.65660822
4697.0000 0.63610733
4697.9000 0.62319076
4698.8000 0.63398689
4699.7000 0.65727216
4700.6000 0.67002797
4701.5000 0.66893458
4702.4000 0.66414303
4703.3000 0.66528493
4704.2000 0.67843068
4705.1000 0.69161314
4706.0000 0.68524611
4706.9000 0.66333872
4707.8000 0.64803982
4708.7000 0.65123618
4709.6000 0.67022246
4710.5000 0.69942588
4711.4000 0.70843822
4712.3000 0.6763593
4713.2000 0.62116492
4714.1000 0.58120382
4715.0000 0.60834545
4715.9000 0.69250125
4716.8000 0.75649726
4717.7000 0.77930635
4718.6000 0.79293054
4719.5000 0.80407804
4720.4000 0.80177969
4721.3000 0.78382617
4722.2000 0.76790148
4723.1000 0.77758306
4724.0000 0.80756533
4724.9000 0.82445663
4725.8000 0.79750144
4726.7000 0.72995484
4727.6000 0.66813576
4728.5000 0.6517086
4729.4000 0.6668728
4730.3000 0.68577087
4731.2000 0.70271391
4732.1000 0.71669012
4733.0000 0.71919733
4733.9000 0.70941746
4734.8000 0.6857689
4735.7000 0.64580673
4736.6000 0.64455706
4737.5000 0.72516435
4738.4000 0.81360471
4739.3000 0.8280111
4740.2000 0.7993769
4741.1000 0.79402405
4742.0000 0.81520569
4742.9000 0.83330637
4743.8000 0.82835472
4744.7000 0.81698424
4745.6000 0.83512348
4746.5000 0.86989844
4747.4000 0.87813681
4748.3000 0.8623966
4749.2000 0.85443527
4750.1000 0.85629934
4751.0000 0.84833533
4751.9000 0.83532572
4752.8000 0.82727998
4753.7000 0.81527209
4754.6000 0.80039001
4755.5000 0.79456121
4756.4000 0.79994178
4757.3000 0.81352562
4758.2000 0.83442473
4759.1000 0.8587895
4760.0000 0.86462104
4760.9000 0.83058494
4761.8000 0.78163821
4762.7000 0.76094627
4763.6000 0.76225483
4764.5000 0.75270414
4765.4000 0.73446387
4766.3000 0.7418192
4767.2000 0.77636409
4768.1000 0.81618035
4769.0000 0.8558957
4769.9000 0.87210172
4770.8000 0.84597903
4771.7000 0.81341475
4772.6000 0.81881034
4773.5000 0.85867679
4774.4000 0.89211702
4775.3000 0.89018846
4776.2000 0.88462186
4777.1000 0.90414608
4778.0000 0.9144572
4778.9000 0.89806312
4779.8000 0.88117844
4780.7000 0.87881196
4781.6000 0.87262517
4782.5000 0.84773451
4783.4000 0.83613259
4784.3000 0.85091352
4785.2000 0.8378002
4786.1000 0.80033255
4787.0000 0.80196744
4787.9000 0.82373768
4788.8000 0.81849486
4789.7000 0.8118673
4790.6000 0.82285064
4791.5000 0.83312106
4792.4000 0.85267216
4793.3000 0.89520228
4794.2000 0.93284768
4795.1000 0.93634033
4796.0000 0.91321564
4796.9000 0.87939978
4797.8000 0.83923036
4798.7000 0.80654246
4799.6000 0.80014229
4800.5000 0.82849628
4801.4000 0.87612748
4802.3000 0.90382701
4803.2000 0.89493489
4804.1000 0.86336499
4805.0000 0.84412366
4805.9000 0.84263062
4806.8000 0.82941061
4807.7000 0.80986542
4808.6000 0.81383228
4809.5000 0.84044534
4810.4000 0.86104745
4811.3000 0.86474323
4812.2000 0.85875273
4813.1000 0.85424215
4814.0000 0.85551953
4814.9000 0.86641443
4815.8000 0.88611537
4816.7000 0.89854163
4817.6000 0.90446877
4818.5000 0.91656023
4819.4000 0.92292929
4820.3000 0.91239136
4821.2000 0.8951264
4822.1000 0.86056477
4823.0000 0.81219459
4823.9000 0.80148429
4824.8000 0.83846772
4825.7000 0.87650245
4826.6000 0.8817386
4827.5000 0.86041647
4828.4000 0.84266579
4829.3000 0.84871954
4830.2000 0.85604012
4831.1000 0.82790315
4832.0000 0.80223399
4832.9000 0.82172197
4833.8000 0.85621989
4834.7000 0.86662745
4835.6000 0.86200416
4836.5000 0.8655594
4837.4000 0.86324131
4838.3000 0.83265883
4839.2000 0.79510945
4840.1000 0.78549445
4841.0000 0.80718517
4841.9000 0.81509691
4842.8000 0.80074894
4843.7000 0.81427783
4844.6000 0.8568427
4845.5000 0.88229465
4846.4000 0.87481785
4847.3000 0.84141141
4848.2000 0.80286205
4849.1000 0.8054263
4850.0000 0.84526819
4850.9000 0.8625108
4851.8000 0.85467941
4852.7000 0.84806305
4853.6000 0.82246858
4854.5000 0.76467097
4855.4000 0.72949743
4856.3000 0.75966698
4857.2000 0.80545253
4858.1000 0.80418509
4859.0000 0.74838686
4859.9000 0.6582523
4860.8000 0.57831323
4861.7000 0.59072119
4862.6000 0.68156993
4863.5000 0.73994428
4864.4000 0.76428354
4865.3000 0.79218221
4866.2000 0.80993158
4867.1000 0.80458623
4868.0000 0.79888564
4868.9000 0.80743754
4869.8000 0.78368914
4870.7000 0.72129458
4871.6000 0.69510639
4872.5000 0.73572052
4873.4000 0.77966225
4874.3000 0.7848959
4875.2000 0.77898526
4876.1000 0.79589158
4877.0000 0.81761974
4877.9000 0.83702821
4878.8000 0.8809213
4879.7000 0.90008944
4880.6000 0.85107988
4881.5000 0.80421126
4882.4000 0.81948668
4883.3000 0.83905953
4884.2000 0.80531645
4885.1000 0.75344127
4886.0000 0.73220652
4886.9000 0.75172096
4887.8000 0.78169143
4888.7000 0.79265779
4889.6000 0.77664477
4890.5000 0.73535669
4891.4000 0.73804706
4892.3000 0.81318492
4893.2000 0.8822993
4894.1000 0.91923249
4895.0000 0.93582541
4895.9000 0.93008888
4896.8000 0.92023683
4897.7000 0.91911376
4898.6000 0.89746881
4899.5000 0.85524541
4900.4000 0.84351861
4901.3000 0.85961658
4902.2000 0.85572064
4903.1000 0.83802372
4904.0000 0.84438789
4904.9000 0.87850994
4905.8000 0.90655565
4906.7000 0.89704698
4907.6000 0.86240733
4908.5000 0.823587
4909.4000 0.77550966
4910.3000 0.74436796
4911.2000 0.75858271
4912.1000 0.79864234
4913.0000 0.83493561
4913.9000 0.86096549
4914.8000 0.89033246
4915.7000 0.90550601
4916.6000 0.87696987
4917.5000 0.8088482
4918.4000 0.73125702
4919.3000 0.67948294
4920.2000 0.67154652
4921.1000 0.71267051
4922.0000 0.77301353
4922.9000 0.79178423
4923.8000 0.77202523
4924.7000 0.77302325
4925.6000 0.81539679
4926.5000 0.84861052
4927.4000 0.85571635
4928.3000 0.8804217
4929.2000 0.91009206
4930.1000 0.90710241
4931.0000 0.89280987
4931.9000 0.87093061
4932.8000 0.81768119
4933.7000 0.77996522
4934.6000 0.80774462
4935.5000 0.83826727
4936.4000 0.81182122
4937.3000 0.75431716
4938.2000 0.71082091
4939.1000 0.71849608
4940.0000 0.78307384
4940.9000 0.84931666
4941.8000 0.87448853
4942.7000 0.89174932
4943.6000 0.91200006
4944.5000 0.89900708
4945.4000 0.86148268
4946.3000 0.85614228
4947.2000 0.89098531
4948.1000 0.91364777
4949.0000 0.9076038
4949.9000 0.89708388
4950.8000 0.89781648
4951.7000 0.89359939
4952.6000 0.87846035
4953.5000 0.87674314
4954.4000 0.88898075
4955.3000 0.8858673
4956.2000 0.82443279
4957.1000 0.73376942
4958.0000 0.73401541
4958.9000 0.83097672
4959.8000 0.90310645
4960.7000 0.90617907
4961.6000 0.88925225
4962.5000 0.897578
4963.4000 0.90861255
4964.3000 0.87726313
4965.2000 0.82279181
4966.1000 0.80808818
4967.0000 0.8250646
4967.9000 0.82662451
4968.8000 0.81852853
4969.7000 0.81534457
4970.6000 0.82514447
4971.5000 0.85920095
4972.4000 0.88946468
4973.3000 0.89740193
4974.2000 0.89515746
4975.1000 0.88225079
4976.0000 0.86636466
4976.9000 0.85182971
4977.8000 0.8221544
4978.7000 0.79433101
4979.6000 0.7976988
4980.5000 0.80912369
4981.4000 0.78120208
4982.3000 0.72031444
4983.2000 0.68952453
4984.1000 0.71237969
4985.0000 0.7520721
4985.9000 0.78653216
4986.8000 0.82735342
4987.7000 0.85464746
4988.6000 0.85419577
4989.5000 0.8390801
4990.4000 0.81496948
4991.3000 0.80404896
4992.2000 0.81833684
4993.1000 0.82517076
4994.0000 0.82455939
4994.9000 0.84296131
4995.8000 0.86232322
4996.7000 0.86187977
4997.6000 0.84738219
4998.5000 0.81577498
4999.4000 0.77698338
5000.3000 0.76061642
5001.2000 0.76630068
5002.1000 0.77559459
5003.0000 0.78098249
5003.9000 0.77124381
5004.8000 0.73310059
5005.7000 0.69609284
5006.6000 0.71483618
5007.5000 0.78188342
5008.4000 0.82988435
5009.3000 0.82620203
5010.2000 0.80413461
5011.1000 0.77710479
5012.0000 0.73142856
5012.9000 0.69163668
5013.8000 0.68174636
5014.7000 0.70978862
5015.6000 0.74758941
5016.5000 0.74438375
5017.4000 0.71340001
5018.3000 0.71098167
5019.2000 0.74653995
5020.1000 0.77270424
5021.0000 0.76775193
5021.9000 0.75251889
5022.8000 0.75859076
5023.7000 0.77970433
5024.6000 0.78546196
5025.5000 0.77982169
5026.4000 0.76656467
5027.3000 0.74980122
5028.2000 0.76619649
5029.1000 0.80266345
5030.0000 0.81546289
5030.9000 0.82120681
5031.8000 0.84513521
5032.7000 0.86899656
5033.6000 0.86589658
5034.5000 0.8269524
5035.4000 0.76907122
5036.3000 0.7419771
5037.2000 0.75497663
5038.1000 0.75767207
5039.0000 0.7230913
5039.9000 0.65818655
5040.8000 0.60450977
5041.7000 0.63574523
5042.6000 0.73658991
5043.5000 0.80788636
5044.4000 0.83582491
5045.3000 0.85938561
5046.2000 0.8657586
5047.1000 0.82697427
5048.0000 0.76730835
5048.9000 0.74227357
5049.8000 0.75399595
5050.7000 0.75886625
5051.6000 0.74306357
5052.5000 0.74712974
5053.4000 0.79187757
5054.3000 0.83708864
5055.2000 0.84583247
5056.1000 0.83030605
5057.0000 0.82720363
5057.9000 0.83508754
5058.8000 0.83133745
5059.7000 0.83218819
5060.6000 0.85513771
5061.5000 0.87378246
5062.4000 0.86229026
5063.3000 0.8229863
5064.2000 0.77163684
5065.1000 0.74947625
5066.0000 0.76186585
5066.9000 0.76494586
5067.8000 0.75698256
5068.7000 0.76139688
5069.6000 0.77936089
5070.5000 0.79219747
5071.4000 0.7729941
5072.3000 0.74394089
5073.2000 0.75252998
5074.1000 0.77958167
5075.0000 0.78321409
5075.9000 0.77865052
5076.8000 0.78837264
5077.7000 0.78071213
5078.6000 0.7199651
5079.5000 0.650814
5080.4000 0.64979035
5081.3000 0.69931936
5082.2000 0.72653717
5083.1000 0.72486913
5084.0000 0.73808599
5084.9000 0.76932919
5085.8000 0.78651631
5086.7000 0.78246051
5087.6000 0.77414358
5088.5000 0.77480328
5089.4000 0.78550899
5090.3000 0.79405409
5091.2000 0.79440683
5092.1000 0.79765433
5093.0000 0.8065927
5093.9000 0.80725795
5094.8000 0.79389369
5095.7000 0.77013928
5096.6000 0.72735977
5097.5000 0.67441976
5098.4000 0.64399749
5099.3000 0.66459185
5100.2000 0.728746
5101.1000 0.78787708
5102.0000 0.80144554
5102.9000 0.77175945
5103.8000 0.74106336
5104.7000 0.73496395
5105.6000 0.73450255
5106.5000 0.71789759
5107.4000 0.69603479
5108.3000 0.6916424
5109.2000 0.69309288
5110.1000 0.69326085
5111.0000 0.71940696
5111.9000 0.76263738
5112.8000 0.78422982
5113.7000 0.78267044
5114.6000 0.77654386
5115.5000 0.77476376
5116.4000 0.78710407
5117.3000 0.80823708
5118.2000 0.81657267
5119.1000 0.80455166
5120.0000 0.77779031
5120.9000 0.74791795
5121.8000 0.71934158
5122.7000 0.68802261
5123.6000 0.6651817
5124.5000 0.66366214
5125.4000 0.66639906
5126.3000 0.65356511
5127.2000 0.62811106
5128.1000 0.60994309
5129.0000 0.62694108
5129.9000 0.67956638
5130.8000 0.72815126
5131.7000 0.7517435
5132.6000 0.7662499
5133.5000 0.78288805
5134.4000 0.79789418
5135.3000 0.7917673
5136.2000 0.75070119
5137.1000 0.70957017
5138.0000 0.69869018
5138.9000 0.70231146
5139.8000 0.71785879
5140.7000 0.73178798
5141.6000 0.70678478
5142.5000 0.67785102
5143.4000 0.69650912
5144.3000 0.72861499
5145.2000 0.72825348
5146.1000 0.70540708
5147.0000 0.68116975
5147.9000 0.6740936
5148.8000 0.69658673
5149.7000 0.71962273
5150.6000 0.71358603
5151.5000 0.70175892
5152.4000 0.70211577
5153.3000 0.70037711
5154.2000 0.70135266
5155.1000 0.71668488
5156.0000 0.73793167
5156.9000 0.75502586
5157.8000 0.75720328
5158.7000 0.74943197
5159.6000 0.74746025
5160.5000 0.73605883
5161.4000 0.69266587
5162.3000 0.63037479
5163.2000 0.57372916
5164.1000 0.53891683
5165.0000 0.54731202
5165.9000 0.57598996
5166.8000 0.57484639
5167.7000 0.57236421
5168.6000 0.62773883
5169.5000 0.72583741
5170.4000 0.77088535
5171.3000 0.69759959
5172.2000 0.59280777
5173.1000 0.59963059
5174.0000 0.7210983
5174.9000 0.83194292
5175.8000 0.86373872
5176.7000 0.86311984
5177.6000 0.87620604
5178.5000 0.88958597
5179.4000 0.88616192
5180.3000 0.87501323
5181.2000 0.84089273
5182.1000 0.74043876
5183.0000 0.60535842
5183.9000 0.56750274
5184.8000 0.67102438
5185.7000 0.79869825
5186.6000 0.8565585
5187.5000 0.8511228
5188.4000 0.83964187
5189.3000 0.86510277
5190.2000 0.87848246
5191.1000 0.81742978
5192.0000 0.74155158
5192.9000 0.74326265
5193.8000 0.78965437
5194.7000 0.79946572
5195.6000 0.78544158
5196.5000 0.79258573
5197.4000 0.81585675
5198.3000 0.8393122
5199.2000 0.86292338
5200.1000 0.87878555
5201.0000 0.87852353
5201.9000 0.8722868
5202.8000 0.87052274
5203.7000 0.85201764
5204.6000 0.80025554
5205.5000 0.76030838
5206.4000 0.76853341
5207.3000 0.78073919
5208.2000 0.77123451
5209.1000 0.78187746
5210.0000 0.81593877
5210.9000 0.8426407
5211.8000 0.86475128
5212.7000 0.88629895
5213.6000 0.8876397
5214.5000 0.85334772
5215.4000 0.8063463
5216.3000 0.78861612
5217.2000 0.80873495
5218.1000 0.84468347
5219.0000 0.87120533
5219.9000 0.8792389
5220.8000 0.88181448
5221.7000 0.88078457
5222.6000 0.86500621
5223.5000 0.83085829
5224.4000 0.78211123
5225.3000 0.72506618
5226.2000 0.6759845
5227.1000 0.68107492
5228.0000 0.75776345
5228.9000 0.83609343
5229.8000 0.86659288
5230.7000 0.87749153
5231.6000 0.87248933
5232.5000 0.838772
5233.4000 0.80937022
5234.3000 0.80240321
5235.2000 0.81404102
5236.1000 0.84901732
5237.0000 0.88790262
5237.9000 0.90255815
5238.8000 0.89429867
5239.7000 0.88881612
5240.6000 0.89693528
5241.5000 0.89686555
5242.4000 0.88142991
5243.3000 0.88061905
5244.2000 0.90692312
5245.1000 0.91728354
5246.0000 0.87413126
5246.9000 0.81270355
5247.8000 0.79527742
5248.7000 0.80557734
5249.6000 0.79179496
5250.5000 0.77765369
5251.4000 0.80035931
5252.3000 0.83229244
5253.2000 0.83817565
5254.1000 0.81212801
5255.0000 0.78870922
5255.9000 0.81837416
5256.8000 0.88006485
5257.7000 0.91678399
5258.6000 0.92134213
5259.5000 0.90690869
5260.4000 0.87653834
5261.3000 0.82745504
5262.2000 0.76807076
5263.1000 0.71926612
5264.0000 0.68592304
5264.9000 0.66108024
5265.8000 0.65998524
5266.7000 0.71051735
5267.6000 0.76451343
5268.5000 0.73367202
5269.4000 0.65663087
5270.3000 0.65795428
5271.2000 0.74508309
5272.1000 0.8080231
5273.0000 0.80596602
5273.9000 0.78400093
5274.8000 0.76212221
5275.7000 0.76575261
5276.6000 0.82262534
5277.5000 0.89215147
5278.4000 0.91806388
5279.3000 0.89522821
5280.2000 0.85235208
5281.1000 0.82268155
5282.0000 0.80998808
5282.9000 0.79236156
5283.8000 0.77982056
5284.7000 0.81524044
5285.6000 0.88466179
5286.5000 0.92812735
5287.4000 0.92513973
5288.3000 0.90912682
5289.2000 0.91434598
5290.1000 0.93480438
5291.0000 0.94433111
5291.9000 0.9294439
5292.8000 0.90154624
5293.7000 0.88472867
5294.6000 0.88167793
5295.5000 0.86521751
5296.4000 0.81539464
5297.3000 0.75520235
5298.2000 0.74049354
5299.1000 0.78954124
5300.0000 0.83468682
5300.9000 0.83157533
5301.8000 0.82210296
5302.7000 0.84715438
5303.6000 0.89539212
5304.5000 0.93115205
5305.4000 0.93279403
5306.3000 0.90843642
5307.2000 0.88914031
5308.1000 0.89904457
5309.0000 0.92465955
5309.9000 0.93877131
5310.8000 0.93572009
5311.7000 0.92882162
5312.6000 0.92175257
5313.5000 0.9114812
5314.4000 0.90069818
5315.3000 0.88419533
5316.2000 0.86530882
5317.1000 0.86464697
5318.0000 0.88150001
5318.9000 0.88953465
5319.8000 0.88303834
5320.7000 0.87636691
5321.6000 0.87496829
5322.5000 0.8721813
5323.4000 0.85180742
5324.3000 0.82766545
5325.2000 0.83055556
5326.1000 0.83276814
5327.0000 0.77792639
5327.9000 0.69058269
5328.8000 0.67739701
5329.7000 0.76077902
5330.6000 0.8475818
5331.5000 0.87261522
5332.4000 0.85778517
5333.3000 0.85813212
5334.2000 0.88660711
5335.1000 0.91188931
5336.0000 0.91102445
5336.9000 0.89779812
5337.8000 0.89553416
5338.7000 0.88524991
5339.6000 0.83805132
5340.5000 0.78980291
5341.4000 0.80140495
5342.3000 0.85571975
5343.2000 0.89587086
5344.1000 0.90543926
5345.0000 0.88699526
5345.9000 0.86182284
5346.8000 0.85709161
5347.7000 0.85335451
5348.6000 0.83349073
5349.5000 0.82795268
5350.4000 0.85919094
5351.3000 0.89534599
5352.2000 0.90183091
5353.1000 0.89343852
5354.0000 0.90685683
5354.9000 0.93802816
5355.8000 0.95570678
5356.7000 0.95489639
5357.6000 0.94731534
5358.5000 0.94213963
5359.4000 0.94064939
5360.3000 0.93141979
5361.2000 0.90681058
5362.1000 0.88240707
5363.0000 0.87720352
5363.9000 0.87442231
5364.8000 0.85549206
5365.7000 0.84327239
5366.6000 0.85217196
5367.5000 0.86524099
5368.4000 0.86379892
5369.3000 0.83199102
5370.2000 0.781726
5371.1000 0.75626874
5372.0000 0.78813827
5372.9000 0.85480255
5373.8000 0.90625799
5374.7000 0.92726034
5375.6000 0.92285895
5376.5000 0.90204692
5377.4000 0.88908404
5378.3000 0.89149743
5379.2000 0.89064521
5380.1000 0.87901741
5381.0000 0.8702718
5381.9000 0.86915624
5382.8000 0.86465329
5383.7000 0.86812985
5384.6000 0.89045471
5385.5000 0.90541112
5386.4000 0.89894629
5387.3000 0.88639027
5388.2000 0.87466139
5389.1000 0.8556357
5390.0000 0.83562815
5390.9000 0.82569492
5391.8000 0.82424718
5392.7000 0.82310086
5393.6000 0.81805336
5394.5000 0.81799591
5395.4000 0.81537384
5396.3000 0.78727019
5397.2000 0.76135832
5398.1000 0.78242558
5399.0000 0.82257718
5399.9000 0.83558851
5400.8000 0.8360309
5401.7000 0.85048407
5402.6000 0.85637283
5403.5000 0.82432389
5404.4000 0.76974589
5405.3000 0.73218924
5406.2000 0.73271275
5407.1000 0.76517779
5408.0000 0.79794014
5408.9000 0.79773962
5409.8000 0.77889657
5410.7000 0.78793383
5411.6000 0.82975227
5412.5000 0.86140716
5413.4000 0.86046273
5414.3000 0.84931958
5415.2000 0.85757279
5416.1000 0.88588738
5417.0000 0.9029721
5417.9000 0.89217865
5418.8000 0.86365271
5419.7000 0.83547312
5420.6000 0.82775849
5421.5000 0.85026401
5422.4000 0.87067169
5423.3000 0.84772676
5424.2000 0.81179255
5425.1000 0.82504404
5426.0000 0.87735587
5426.9000 0.9117232
5427.8000 0.89068353
5428.7000 0.81803501
5429.6000 0.76226771
5430.5000 0.78658688
5431.4000 0.83420795
5432.3000 0.8290599
5433.2000 0.79468143
5434.1000 0.77589798
5435.0000 0.7747575
5435.9000 0.78381383
5436.8000 0.80961376
5437.7000 0.85558122
5438.6000 0.89935178
5439.5000 0.9195019
5440.4000 0.91649413
5441.3000 0.90643448
5442.2000 0.9013325
5443.1000 0.89901537
5444.0000 0.88615376
5444.9000 0.85113883
5445.8000 0.79896474
5446.7000 0.76245928
5447.6000 0.78658372
5448.5000 0.85299826
5449.4000 0.90212452
5450.3000 0.91280299
5451.2000 0.89963663
5452.1000 0.88453412
5453.0000 0.8730765
5453.9000 0.84915626
5454.8000 0.80508614
5455.7000 0.77900589
5456.6000 0.81362647
5457.5000 0.87713736
5458.4000 0.91324878
5459.3000 0.90981603
5460.2000 0.88686883
5461.1000 0.86150479
5462.0000 0.82985669
5462.9000 0.80140519
5463.8000 0.81055421
5464.7000 0.84628922
5465.6000 0.85858876
5466.5000 0.84553075
5467.4000 0.8443439
5468.3000 0.85605335
5469.2000 0.8553679
5470.1000 0.84277117
5471.0000 0.84103507
5471.9000 0.84324777
5472.8000 0.82667345
5473.7000 0.81392062
5474.6000 0.82161897
5475.5000 0.80149359
5476.4000 0.74204123
5477.3000 0.72498178
5478.2000 0.78303808
5479.1000 0.84244639
5480.0000 0.83808702
5480.9000 0.79046041
5481.8000 0.76479208
5482.7000 0.78089541
5483.6000 0.81757087
5484.5000 0.85911858
5485.4000 0.87964529
5486.3000 0.85875332
5487.2000 0.81665593
5488.1000 0.80041754
5489.0000 0.81599015
5489.9000 0.83094555
5490.8000 0.83930111
5491.7000 0.84316641
5492.6000 0.83059216
5493.5000 0.81544524
5494.4000 0.82681388
5495.3000 0.84739637
5496.2000 0.8388871
5497.1000 0.81352973
5498.0000 0.82074773
5498.9000 0.85845959
5499.8000 0.87226754
5500.7000 0.84196788
5501.6000 0.80600709
5502.5000 0.8035984
5503.4000 0.82513714
5504.3000 0.84028625
5505.2000 0.82941681
5506.1000 0.80315411
5507.0000 0.80664372
5507.9000 0.84034258
5508.8000 0.8564738
5509.7000 0.84484649
5510.6000 0.82715178
5511.5000 0.80635911
5512.4000 0.78697425
5513.3000 0.78749669
5514.2000 0.799977
5515.1000 0.81178844
5516.0000 0.82664108
5516.9000 0.84201169
5517.8000 0.85803235
5518.7000 0.86916143
5519.6000 0.87037152
5520.5000 0.86859453
5521.4000 0.86616296
5522.3000 0.86048961
5523.2000 0.85174501
5524.1000 0.84231782
5525.0000 0.83257109
5525.9000 0.82107109
5526.8000 0.801763
5527.7000 0.77568007
5528.6000 0.77194548
5529.5000 0.80484045
5530.4000 0.84080732
5531.3000 0.84987879
5532.2000 0.83915228
5533.1000 0.83137685
5534.0000 0.82411397
5534.9000 0.80610329
5535.8000 0.79626328
5536.7000 0.80536175
5537.6000 0.8125549
5538.5000 0.81174517
5539.4000 0.8150326
5540.3000 0.83107668
5541.2000 0.85586375
5542.1000 0.86553723
5543.0000 0.85292661
5543.9000 0.84288287
5544.8000 0.84723181
5545.7000 0.84722668
5546.6000 0.84202397
5547.5000 0.85529822
5548.4000 0.88206446
5549.3000 0.89812976
5550.2000 0.89603317
5551.1000 0.88296306
5552.0000 0.87218785
5552.9000 0.86324853
5553.8000 0.84683198
5554.7000 0.83309889
5555.6000 0.83953768
5556.5000 0.85519171
5557.4000 0.85416412
5558.3000 0.84468591
5559.2000 0.84819579
5560.1000 0.8577103
5561.0000 0.85507286
5561.9000 0.83795571
5562.8000 0.82685363
5563.7000 0.83455378
5564.6000 0.83838069
5565.5000 0.82310671
5566.4000 0.8151933
5567.3000 0.82890141
5568.2000 0.83723843
5569.1000 0.82988197
5570.0000 0.83915532
5570.9000 0.86105651
5571.8000 0.84683758
5572.7000 0.81579357
5573.6000 0.82324594
5574.5000 0.84750277
5575.4000 0.8473103
5576.3000 0.84140742
5577.2000 0.84878397
5578.1000 0.84732735
5579.0000 0.83986741
5579.9000 0.84707159
5580.8000 0.85049212
5581.7000 0.83754247
5582.6000 0.82668358
5583.5000 0.81541657
5584.4000 0.7914688
5585.3000 0.77531952
5586.2000 0.77172434
5587.1000 0.76343089
5588.0000 0.75790089
5588.9000 0.7639547
5589.8000 0.77529001
5590.7000 0.79355633
5591.6000 0.81294399
5592.5000 0.82003289
5593.4000 0.81208086
5594.3000 0.80734581
5595.2000 0.8308515
5596.1000 0.86822456
5597.0000 0.87644827
5597.9000 0.84778774
5598.8000 0.82182342
5599.7000 0.81660283
5600.6000 0.80838156
5601.5000 0.78983504
5602.4000 0.77863944
5603.3000 0.79833257
5604.2000 0.84945482
5605.1000 0.89486331
5606.0000 0.90955728
5606.9000 0.90397793
5607.8000 0.89118993
5608.7000 0.88113505
5609.6000 0.8788659
5610.5000 0.88575798
5611.4000 0.89788389
5612.3000 0.90391314
5613.2000 0.88710976
5614.1000 0.82818115
5615.0000 0.75656527
5615.9000 0.7431283
5616.8000 0.78929573
5617.7000 0.82858711
5618.6000 0.83165354
5619.5000 0.82226789
5620.4000 0.82328987
5621.3000 0.83498466
5622.2000 0.84307772
5623.1000 0.82552159
5624.0000 0.78634518
5624.9000 0.76535809
5625.8000 0.78350478
5626.7000 0.81358534
5627.6000 0.82867438
5628.5000 0.84064603
5629.4000 0.86121738
5630.3000 0.87498385
5631.2000 0.8740688
5632.1000 0.85998589
5633.0000 0.8305071
5633.9000 0.79446608
5634.8000 0.77573395
5635.7000 0.78525656
5636.6000 0.80490053
5637.5000 0.82000566
5638.4000 0.83845854
5639.3000 0.85487914
5640.2000 0.85003483
5641.1000 0.83279616
5642.0000 0.83133972
5642.9000 0.84270847
5643.8000 0.84947157
5644.7000 0.85882157
5645.6000 0.87427682
5646.5000 0.88726681
5647.4000 0.89240509
5648.3000 0.88208699
5649.2000 0.86316997
5650.1000 0.85779881
5651.0000 0.87303865
5651.9000 0.88929302
5652.8000 0.88578123
5653.7000 0.86017305
5654.6000 0.83162218
5655.5000 0.82998824
5656.4000 0.84148216
5657.3000 0.81421614
5658.2000 0.7652719
5659.1000 0.76629359
5660.0000 0.81309921
5660.9000 0.83756429
5661.8000 0.82783663
5662.7000 0.82607532
5663.6000 0.84939975
5664.5000 0.87406588
5665.4000 0.87726498
5666.3000 0.86238605
5667.2000 0.84688127
5668.1000 0.84474838
5669.0000 0.85194689
5669.9000 0.86045629
5670.8000 0.87499285
5671.7000 0.90004611
5672.6000 0.92555881
5673.5000 0.93132305
5674.4000 0.91493469
5675.3000 0.90148646
5676.2000 0.91074294
5677.1000 0.9262585
5678.0000 0.92088521
5678.9000 0.90131795
5679.8000 0.89341319
5680.7000 0.89154303
5681.6000 0.87063056
5682.5000 0.843512
5683.4000 0.83878922
5684.3000 0.84964395
5685.2000 0.86021674
5686.1000 0.85830599
5687.0000 0.84631354
5687.9000 0.84107065
5688.8000 0.84888136
5689.7000 0.8669318
5690.6000 0.88530606
5691.5000 0.90138119
5692.4000 0.91365224
5693.3000 0.91251326
5694.2000 0.89926082
5695.1000 0.88737774
5696.0000 0.8908211
5696.9000 0.89691925
5697.8000 0.8846609
5698.7000 0.86644673
5699.6000 0.85529333
5700.5000 0.83926767
5701.4000 0.82317764
5702.3000 0.82905298
5703.2000 0.85397935
5704.1000 0.86871588
5705.0000 0.85304904
5705.9000 0.82070476
5706.8000 0.79986084
5707.7000 0.79172409
5708.6000 0.78304666
5709.5000 0.78312021
5710.4000 0.79333168
5711.3000 0.79863483
5712.2000 0.81315625
5713.1000 0.84796911
5714.0000 0.87605542
5714.9000 0.88820118
5715.8000 0.90060759
5716.7000 0.91052026
5717.6000 0.90892231
5718.5000 0.90783411
5719.4000 0.91448158
5720.3000 0.91740447
5721.2000 0.9164384
5722.1000 0.920847
5723.0000 0.9300229
5723.9000 0.93704259
5724.8000 0.93571156
5725.7000 0.92411011
5726.6000 0.90429235
5727.5000 0.89276439
5728.4000 0.90174711
5729.3000 0.91285384
5730.2000 0.90067047
5731.1000 0.87168324
5732.0000 0.86195374
5732.9000 0.88179034
5733.8000 0.90442538
5734.7000 0.91472608
5735.6000 0.91486412
5736.5000 0.90986425
5737.4000 0.9040333
5738.3000 0.90000373
5739.2000 0.9003455
5740.1000 0.90220606
5741.0000 0.8961693
5741.9000 0.88130182
5742.8000 0.8717593
5743.7000 0.87905997
5744.6000 0.89465839
5745.5000 0.90249842
5746.4000 0.88822949
5747.3000 0.85368162
5748.2000 0.83151782
5749.1000 0.84773862
5750.0000 0.88065952
5750.9000 0.89220411
5751.8000 0.87080741
5752.7000 0.83172858
5753.6000 0.7997725
5754.5000 0.80197799
5755.4000 0.84248942
5756.3000 0.88642931
5757.2000 0.903862
5758.1000 0.90080273
5759.0000 0.888569
5759.9000 0.86819166
5760.8000 0.84264672
5761.7000 0.8247903
5762.6000 0.8240416
5763.5000 0.84738231
5764.4000 0.88559824
5765.3000 0.9111886
5766.2000 0.91672552
5767.1000 0.91465491
5768.0000 0.90993154
5768.9000 0.90015966
5769.8000 0.88835061
5770.7000 0.88207173
5771.6000 0.88223004
5772.5000 0.88719857
5773.4000 0.88492346
5774.3000 0.87260956
5775.2000 0.87473851
5776.1000 0.89478654
5777.0000 0.90485305
5777.9000 0.89764404
5778.8000 0.88526249
5779.7000 0.85689837
5780.6000 0.80953813
5781.5000 0.7802518
5782.4000 0.79156476
5783.3000 0.81180465
5784.2000 0.80649096
5785.1000 0.79059678
5786.0000 0.80151999
5786.9000 0.83671445
5787.8000 0.86541557
5788.7000 0.87751323
5789.6000 0.87627786
5790.5000 0.86434793
5791.4000 0.85647595
5792.3000 0.85936385
5793.2000 0.8654502
5794.1000 0.87605494
5795.0000 0.89181644
5795.9000 0.89353156
5796.8000 0.86977804
5797.7000 0.84639716
5798.6000 0.85641873
5799.5000 0.89051819
5800.4000 0.91337538
5801.3000 0.91723454
5802.2000 0.91513056
5803.1000 0.90305257
5804.0000 0.87991309
5804.9000 0.85991228
5805.8000 0.85412699
5806.7000 0.86193556
5807.6000 0.87220734
5808.5000 0.8793385
5809.4000 0.88688773
5810.3000 0.89517206
5811.2000 0.90383953
5812.1000 0.91015226
5813.0000 0.91206139
5813.9000 0.90753901
5814.8000 0.89053917
5815.7000 0.86532623
5816.6000 0.85785854
5817.5000 0.88032669
5818.4000 0.90994
5819.3000 0.9256615
5820.2000 0.92722887
5821.1000 0.92020446
5822.0000 0.91309172
5822.9000 0.91060185
5823.8000 0.91341996
5824.7000 0.921462
5825.6000 0.92748499
5826.5000 0.92437929
5827.4000 0.91537845
5828.3000 0.90996379
5829.2000 0.91548675
5830.1000 0.9227438
5831.0000 0.92115861
5831.9000 0.91733897
5832.8000 0.91425407
5833.7000 0.90536898
5834.6000 0.8950336
5835.5000 0.89568561
5836.4000 0.90403032
5837.3000 0.9018926
5838.2000 0.89374173
5839.1000 0.89889354
5840.0000 0.91557193
5840.9000 0.92785215
5841.8000 0.93116856
5842.7000 0.93177515
5843.6000 0.92888123
5844.5000 0.92001033
5845.4000 0.90622109
5846.3000 0.88957953
5847.2000 0.87820196
5848.1000 0.87938327
5849.0000 0.88999522
5849.9000 0.89943409
5850.8000 0.90168709
5851.7000 0.89236605
5852.6000 0.86944908
5853.5000 0.85148937
5854.4000 0.85800564
5855.3000 0.87187874
5856.2000 0.86016655
5857.1000 0.82481533
5858.0000 0.80196363
5858.9000 0.81030023
5859.8000 0.83763766
5860.7000 0.86575681
5861.6000 0.8767978
5862.5000 0.87341416
5863.4000 0.8779487
5864.3000 0.89018464
5865.2000 0.88929981
5866.1000 0.8742196
5867.0000 0.86945617
5867.9000 0.88454527
5868.8000 0.90259969
5869.7000 0.90979439
5870.6000 0.90370935
5871.5000 0.89073098
5872.4000 0.88051432
5873.3000 0.87948269
5874.2000 0.88843721
5875.1000 0.89581823
5876.0000 0.89255357
5876.9000 0.88304001
5877.8000 0.87284714
5878.7000 0.86596262
5879.6000 0.85728347
5880.5000 0.84990042
5881.4000 0.85571963
5882.3000 0.86482382
5883.2000 0.85944748
5884.1000 0.84986138
5885.0000 0.85824221
5885.9000 0.87689608
5886.8000 0.8765946
5887.7000 0.83410227
5888.6000 0.73903543
5889.5000 0.63254267
5890.4000 0.60279143
5891.3000 0.66864705
5892.2000 0.74847597
5893.1000 0.7892698
5894.0000 0.79057395
5894.9000 0.74187636
5895.8000 0.6797123
5896.7000 0.68748224
5897.6000 0.75734782
5898.5000 0.81381649
5899.4000 0.83843923
5900.3000 0.85172778
5901.2000 0.85766041
5902.1000 0.86110181
5903.0000 0.86945748
5903.9000 0.87117118
5904.8000 0.8603496
5905.7000 0.85634595
5906.6000 0.86601025
5907.5000 0.87175125
5908.4000 0.8670069
5909.3000 0.86478108
5910.2000 0.87286097
5911.1000 0.88119078
5912.0000 0.88059455
5912.9000 0.86913317
5913.8000 0.84868616
5914.7000 0.83317477
5915.6000 0.83134711
5916.5000 0.84353149
5917.4000 0.86413234
5918.3000 0.87835407
5919.2000 0.88398659
5920.1000 0.88638008
5921.0000 0.88328522
5921.9000 0.87521625
5922.8000 0.87162811
5923.7000 0.87353134
5924.6000 0.87417251
5925.5000 0.8784377
5926.4000 0.88429606
5927.3000 0.88108188
5928.2000 0.86554521
5929.1000 0.84336799
5930.0000 0.83713996
5930.9000 0.8605839
5931.8000 0.88618922
5932.7000 0.88423854
5933.6000 0.86170918
5934.5000 0.84811997
5935.4000 0.86116797
5936.3000 0.88197511
5937.2000 0.88793874
5938.1000 0.88891453
5939.0000 0.89395744
5939.9000 0.89086533
5940.8000 0.8748185
5941.7000 0.85879833
5942.6000 0.85337776
5943.5000 0.8638562
5944.4000 0.88529009
5945.3000 0.90060657
5946.2000 0.9033978
5947.1000 0.89226532
5948.0000 0.86780286
5948.9000 0.84958023
5949.8000 0.85915357
5950.7000 0.88528162
5951.6000 0.88999319
5952.5000 0.86506373
5953.4000 0.8477025
5954.3000 0.85767794
5955.2000 0.8725028
5956.1000 0.86919129
5957.0000 0.85784107
5957.9000 0.8550905
5958.8000 0.8579247
5959.7000 0.86458325
5960.6000 0.88063204
5961.5000 0.90055251
5962.4000 0.9083702
5963.3000 0.90514815
5964.2000 0.90253615
5965.1000 0.89369446
5966.0000 0.88077301
5966.9000 0.88012367
5967.8000 0.88812977
5968.7000 0.89104146
5969.6000 0.8940168
5970.5000 0.90392524
5971.4000 0.91133791
5972.3000 0.90809292
5973.2000 0.90034312
5974.1000 0.89128709
5975.0000 0.87549067
5975.9000 0.85871255
5976.8000 0.85222983
5977.7000 0.85593206
5978.6000 0.86694998
5979.5000 0.88392866
5980.4000 0.89806944
5981.3000 0.89883804
5982.2000 0.88446605
5983.1000 0.85688752
5984.0000 0.83212054
5984.9000 0.83239239
5985.8000 0.85140735
5986.7000 0.8657648
5987.6000 0.87197995
5988.5000 0.88282919
5989.4000 0.89692885
5990.3000 0.89569592
5991.2000 0.87880516
5992.1000 0.87068969
5993.0000 0.88024813
5993.9000 0.8903476
5994.8000 0.89222801
5995.7000 0.88574362
5996.6000 0.86425608
5997.5000 0.8402105
5998.4000 0.83863086
5999.3000 0.85694873
6000.2000 0.87372118
6001.1000 0.87787664
6002.0000 0.87019122
6002.9000 0.85770804
6003.8000 0.85434705
6004.7000 0.85852975
6005.6000 0.85425568
6006.5000 0.83683926
6007.4000 0.81291717
6008.3000 0.80388588
6009.2000 0.82786387
6010.1000 0.86395115
6011.0000 0.87761545
6011.9000 0.86288506
6012.8000 0.84017754
6013.7000 0.83445483
6014.6000 0.84667635
6015.5000 0.85376447
6016.4000 0.84860611
6017.3000 0.84857821
6018.2000 0.85397881
6019.1000 0.84146005
6020.0000 0.81738365
6020.9000 0.81377423
6021.8000 0.82897568
6022.7000 0.83759588
6023.6000 0.83651608
6024.5000 0.84531391
6025.4000 0.86182356
6026.3000 0.86273432
6027.2000 0.85696691
6028.1000 0.86434102
6029.0000 0.87800819
6029.9000 0.88219291
6030.8000 0.87966216
6031.7000 0.88646549
6032.6000 0.89696038
6033.5000 0.89409721
6034.4000 0.88436294
6035.3000 0.88448119
6036.2000 0.89210254
6037.1000 0.89552265
6038.0000 0.89777881
6038.9000 0.89851499
6039.8000 0.89045942
6040.7000 0.88164145
6041.6000 0.87976527
6042.5000 0.88266891
6043.4000 0.88590229
6044.3000 0.88557339
6045.2000 0.88667333
6046.1000 0.89471871
6047.0000 0.89891237
6047.9000 0.88921088
6048.8000 0.87773508
6049.7000 0.88196623
6050.6000 0.89340872
6051.5000 0.89314926
6052.4000 0.87937313
6053.3000 0.86730558
6054.2000 0.86621034
6055.1000 0.86419499
6056.0000 0.85384828
6056.9000 0.85099822
6057.8000 0.86511481
6058.7000 0.88284415
6059.6000 0.88904458
6060.5000 0.88589251
6061.4000 0.88184351
6062.3000 0.87782156
6063.2000 0.87164444
6064.1000 0.85724318
6065.0000 0.83751887
6065.9000 0.83982116
6066.8000 0.87487841
6067.7000 0.91222137
6068.6000 0.92139125
6069.5000 0.9065569
6070.4000 0.89176905
6071.3000 0.89371246
6072.2000 0.90816587
6073.1000 0.91592562
6074.0000 0.91081667
6074.9000 0.90181291
6075.8000 0.89664519
6076.7000 0.89236099
6077.6000 0.87695068
6078.5000 0.85642523
6079.4000 0.85229653
6080.3000 0.86022693
6081.2000 0.85892642
6082.1000 0.85163569
6083.0000 0.85305291
6083.9000 0.8587507
6084.8000 0.85935462
6085.7000 0.85684496
6086.6000 0.85890478
6087.5000 0.86932433
6088.4000 0.87720436
6089.3000 0.86818939
6090.2000 0.85405314
6091.1000 0.85123402
6092.0000 0.85437781
6092.9000 0.85813063
6093.8000 0.86753899
6094.7000 0.88239729
6095.6000 0.88888073
6096.5000 0.88242447
6097.4000 0.87326211
6098.3000 0.86802971
6099.2000 0.87291729
6100.1000 0.88419747
6101.0000 0.87674564
6101.9000 0.83482593
6102.8000 0.79598457
6103.7000 0.80934942
6104.6000 0.85296643
6105.5000 0.8786763
6106.4000 0.87990797
6107.3000 0.8715623
6108.2000 0.87176847
6109.1000 0.88778162
6110.0000 0.90073055
6110.9000 0.89109349
6111.8000 0.87256223
6112.7000 0.87119144
6113.6000 0.8862837
6114.5000 0.89695394
6115.4000 0.88839561
6116.3000 0.87044585
6117.2000 0.86553782
6118.1000 0.87131763
6119.0000 0.87083066
6119.9000 0.86138773
6120.8000 0.84928519
6121.7000 0.83863276
6122.6000 0.84231806
6123.5000 0.86560255
6124.4000 0.88245517
6125.3000 0.87834477
6126.2000 0.87140167
6127.1000 0.86772251
6128.0000 0.85687554
6128.9000 0.84582859
6129.8000 0.85136348
6130.7000 0.86888373
6131.6000 0.87889791
6132.5000 0.88035965
6133.4000 0.8798371
6134.3000 0.86792827
6135.2000 0.83198196
6136.1000 0.77407968
6137.0000 0.73212206
6137.9000 0.75177687
6138.8000 0.81888306
6139.7000 0.86888784
6140.6000 0.86481762
6141.5000 0.83736467
6142.4000 0.83624995
6143.3000 0.86360925
6144.2000 0.88658965
6145.1000 0.8889938
6146.0000 0.8783111
6146.9000 0.85956204
6147.8000 0.84096485
6148.7000 0.83668101
6149.6000 0.84074998
6150.5000 0.8447125
6151.4000 0.85220718
6152.3000 0.86358905
6153.2000 0.86585373
6154.1000 0.85017276
6155.0000 0.8377195
6155.9000 0.84653771
6156.8000 0.86134952
6157.7000 0.86678153
6158.6000 0.86816216
6159.5000 0.86178666
6160.4000 0.82875043
6161.3000 0.77893096
6162.2000 0.75207722
6163.1000 0.76516116
6164.0000 0.79784107
6164.9000 0.82554305
6165.8000 0.84348297
6166.7000 0.86197704
6167.6000 0.86787927
6168.5000 0.83693254
6169.4000 0.79548085
6170.3000 0.79515475
6171.2000 0.83466107
6172.1000 0.86145133
6173.0000 0.85855323
6173.9000 0.8568905
6174.8000 0.86321259
6175.7000 0.85867226
6176.6000 0.84760088
6177.5000 0.8529827
6178.4000 0.86925256
6179.3000 0.86824167
6180.2000 0.85562885
6181.1000 0.85619473
6182.0000 0.86680597
6182.9000 0.8744455
6183.8000 0.88222957
6184.7000 0.88942009
6185.6000 0.88286495
6186.5000 0.86381167
6187.4000 0.85056216
6188.3000 0.85233063
6189.2000 0.85428262
6190.1000 0.82783639
6191.0000 0.78003514
6191.9000 0.76392293
6192.8000 0.80169427
6193.7000 0.84833753
6194.6000 0.86526912
6195.5000 0.86595094
6196.4000 0.87371737
6197.3000 0.88324666
6198.2000 0.87489301
6199.1000 0.84654421
6200.0000 0.82363629
6200.9000 0.83152491
6201.8000 0.86117423
6202.7000 0.88315117
6203.6000 0.88317746
6204.5000 0.87254089
6205.4000 0.86461067
6206.3000 0.85722983
6207.2000 0.85017163
6208.1000 0.84962004
6209.0000 0.85350305
6209.9000 0.85662735
6210.8000 0.85811913
6211.7000 0.85259116
6212.6000 0.82783985
6213.5000 0.79331785
6214.4000 0.77559566
6215.3000 0.78269094
6216.2000 0.80300343
6217.1000 0.82262146
6218.0000 0.8284871
6218.9000 0.81514269
6219.8000 0.79861081
6220.7000 0.80219328
6221.6000 0.82246393
6222.5000 0.83592165
6223.4000 0.83185679
6224.3000 0.82515395
6225.2000 0.83223176
6226.1000 0.84514183
6227.0000 0.84738356
6227.9000 0.83430237
6228.8000 0.80766505
6229.7000 0.77478784
6230.6000 0.75378817
6231.5000 0.75842673
6232.4000 0.78050798
6233.3000 0.81161034
6234.2000 0.85006642
6235.1000 0.87561929
6236.0000 0.87203228
6236.9000 0.84877574
6237.8000 0.82848585
6238.7000 0.82514411
6239.6000 0.82810622
6240.5000 0.82501191
6241.4000 0.8191548
6242.3000 0.80526388
6243.2000 0.78532547
6244.1000 0.77631438
6245.0000 0.77972662
6245.9000 0.78962857
6246.8000 0.81218749
6247.7000 0.84478492
6248.6000 0.86148423
6249.5000 0.84971422
6250.4000 0.82645166
6251.3000 0.8062793
6252.2000 0.78990132
6253.1000 0.77658045
6254.0000 0.76991493
6254.9000 0.772955
6255.8000 0.77988148
6256.7000 0.78039396
6257.6000 0.77186185
6258.5000 0.76681113
6259.4000 0.78222203
6260.3000 0.81121415
6261.2000 0.83595669
6262.1000 0.85535687
6263.0000 0.86504847
6263.9000 0.84887856
6264.8000 0.82075125
6265.7000 0.81932223
6266.6000 0.84800786
6267.5000 0.87549162
6268.4000 0.87631857
6269.3000 0.85146016
6270.2000 0.82478017
6271.1000 0.81622231
6272.0000 0.82797009
6272.9000 0.84920347
6273.8000 0.86193407
6274.7000 0.86091614
6275.6000 0.85637021
6276.5000 0.85515922
6277.4000 0.85607576
6278.3000 0.85302132
6279.2000 0.83579135
6280.1000 0.80799925
6281.0000 0.79326826
6281.9000 0.80558938
6282.8000 0.83632112
6283.7000 0.86453205
6284.6000 0.86913729
6285.5000 0.85393071
6286.4000 0.84019548
6287.3000 0.84085953
6288.2000 0.85797465
6289.1000 0.87479812
6290.0000 0.87218428
6290.9000 0.85456926
6291.8000 0.83592182
6292.7000 0.82666665
6293.6000 0.83435267
6294.5000 0.85251123
6295.4000 0.85733163
6296.3000 0.83861923
6297.2000 0.81306797
6298.1000 0.80136871
6299.0000 0.80653578
6299.9000 0.81316531
6300.8000 0.80754495
6301.7000 0.7975803
6302.6000 0.80251968
6303.5000 0.82295144
6304.4000 0.83650357
6305.3000 0.83579922
6306.2000 0.84138477
6307.1000 0.86317015
6308.0000 0.88121861
6308.9000 0.87395996
6309.8000 0.84608489
6310.7000 0.82025921
6311.6000 0.81246734
6312.5000 0.81932127
6313.4000 0.82243788
6314.3000 0.81083173
6315.2000 0.79812706
6316.1000 0.79729766
6317.0000 0.79115057
6317.9000 0.77154946
6318.8000 0.7657783
6319.7000 0.78656518
6320.6000 0.80680841
6321.5000 0.80978954
6322.4000 0.80989367
6323.3000 0.81814283
6324.2000 0.8339017
6325.1000 0.84663945
6326.0000 0.84878498
6326.9000 0.84169239
6327.8000 0.84127623
6328.7000 0.85464358
6329.6000 0.85909748
6330.5000 0.84383482
6331.4000 0.82406777
6332.3000 0.81314367
6333.2000 0.81011593
6334.1000 0.79987222
6335.0000 0.77714097
6335.9000 0.76384234
6336.8000 0.77562726
6337.7000 0.79361868
6338.6000 0.7957077
6339.5000 0.79564375
6340.4000 0.80761421
6341.3000 0.81515533
6342.2000 0.80820072
6343.1000 0.79733324
6344.0000 0.79383206
6344.9000 0.79795259
6345.8000 0.79714924
6346.7000 0.78651774
6347.6000 0.78225338
6348.5000 0.79256976
6349.4000 0.80254108
6350.3000 0.80683398
6351.2000 0.81666827
6352.1000 0.82822031
6353.0000 0.82334107
6353.9000 0.79613316
6354.8000 0.76748246
6355.7000 0.76336294
6356.6000 0.77397388
6357.5000 0.76979798
6358.4000 0.75220871
6359.3000 0.74578208
6360.2000 0.7517271
6361.1000 0.74828285
6362.0000 0.73622227
6362.9000 0.73684251
6363.8000 0.7537421
6364.7000 0.77368438
6365.6000 0.78689957
6366.5000 0.79700071
6367.4000 0.80931979
6368.3000 0.81540775
6369.2000 0.80414093
6370.1000 0.78498352
6371.0000 0.78538221
6371.9000 0.81042534
6372.8000 0.83143246
6373.7000 0.82962477
6374.6000 0.81911737
6375.5000 0.82054174
6376.4000 0.82854754
6377.3000 0.82545513
6378.2000 0.81353951
6379.1000 0.80852604
6380.0000 0.81291711
6380.9000 0.81595111
6381.8000 0.81409639
6382.7000 0.81086063
6383.6000 0.80731195
6384.5000 0.81021941
6385.4000 0.82386112
6386.3000 0.83458835
6387.2000 0.82727933
6388.1000 0.81282073
6389.0000 0.81563056
6389.9000 0.83295894
6390.8000 0.83749121
6391.7000 0.81445318
6392.6000 0.77925473
6393.5000 0.76744419
6394.4000 0.79229587
6395.3000 0.82451743
6396.2000 0.83618695
6397.1000 0.82917488
6398.0000 0.81316751
6398.9000 0.78510189
6399.8000 0.75614947
6400.7000 0.76113033
6401.6000 0.79747593
6402.5000 0.82353735
6403.4000 0.82800913
6404.3000 0.83075929
6405.2000 0.83679831
6406.1000 0.82958066
6407.0000 0.80225545
6407.9000 0.77804935
6408.8000 0.78270942
6409.7000 0.7995609
6410.6000 0.80023456
6411.5000 0.79668564
6412.4000 0.80287242
6413.3000 0.80374891
6414.2000 0.79634553
6415.1000 0.79884517
6416.0000 0.81644559
6416.9000 0.83174646
6417.8000 0.82477742
6418.7000 0.79353297
6419.6000 0.75978273
6420.5000 0.74904108
6421.4000 0.77111292
6422.3000 0.81483859
6423.2000 0.8443203
6424.1000 0.83129638
6425.0000 0.80301094
6425.9000 0.80593181
6426.8000 0.83959562
6427.7000 0.86529768
6428.6000 0.85722715
6429.5000 0.82060844
6430.4000 0.7784164
6431.3000 0.75931251
6432.2000 0.77542371
6433.1000 0.80797225
6434.0000 0.83560419
6434.9000 0.85026604
6435.8000 0.84774399
6436.7000 0.82764435
6437.6000 0.79586798
6438.5000 0.77377975
6439.4000 0.785586
6440.3000 0.82342756
6441.2000 0.85421413
6442.1000 0.85661447
6443.0000 0.83749098
6443.9000 0.81961745
6444.8000 0.82675648
6445.7000 0.8591122
6446.6000 0.88418239
6447.5000 0.87149984
6448.4000 0.81658226
6449.3000 0.7476421
6450.2000 0.71698546
6451.1000 0.74649692
6452.0000 0.8021639
6452.9000 0.83945602
6453.8000 0.84333909
6454.7000 0.82380176
6455.6000 0.80063456
6456.5000 0.7938512
6457.4000 0.8096962
6458.3000 0.83551109
6459.2000 0.85604268
6460.1000 0.86198932
6461.0000 0.84448457
6461.9000 0.80515063
6462.8000 0.77262527
6463.7000 0.77366465
6464.6000 0.79549325
6465.5000 0.81434005
6466.4000 0.82777131
6467.3000 0.84020853
6468.2000 0.84501547
6469.1000 0.83133346
6470.0000 0.8065424
6470.9000 0.79150075
6471.8000 0.79784709
6472.7000 0.8178618
6473.6000 0.82969731
6474.5000 0.82714647
6475.4000 0.82455999
6476.3000 0.82912499
6477.2000 0.8296141
6478.1000 0.81830323
6479.0000 0.81062734
6479.9000 0.80987138
6480.8000 0.79643768
6481.7000 0.77465761
6482.6000 0.77157933
6483.5000 0.79337341
6484.4000 0.81537211
6485.3000 0.81938326
6486.2000 0.81589156
6487.1000 0.81964576
6488.0000 0.82760298
6488.9000 0.82829666
6489.8000 0.82273167
6490.7000 0.81767964
6491.6000 0.80458993
6492.5000 0.76639467
6493.4000 0.70522964
6494.3000 0.65740812
6495.2000 0.6528011
6496.1000 0.67662162
6497.0000 0.70293564
6497.9000 0.72293329
6498.8000 0.73548287
6499.7000 0.74935889
6500.6000 0.76672137
6501.5000 0.77333051
6502.4000 0.77026886
6503.3000 0.77557814
6504.2000 0.79179442
6505.1000 0.80590123
6506.0000 0.81239796
6506.9000 0.81114221
6507.8000 0.79968834
6508.7000 0.78505313
6509.6000 0.78087789
6510.5000 0.78973168
6511.4000 0.80053413
6512.3000 0.80659842
6513.2000 0.80875093
6514.1000 0.80037189
6515.0000 0.78209609
6515.9000 0.76789999
6516.8000 0.76128286
6517.7000 0.75699067
6518.6000 0.75849605
6519.5000 0.77505052
6520.4000 0.7984429
6521.3000 0.81028175
6522.2000 0.80950999
6523.1000 0.81067234
6524.0000 0.82123256
6524.9000 0.82591498
6525.8000 0.80808729
6526.7000 0.77950323
6527.6000 0.76621461
6528.5000 0.77663761
6529.4000 0.79831713
6530.3000 0.81338096
6531.2000 0.80624467
6532.1000 0.77971452
6533.0000 0.76180464
6533.9000 0.77091783
6534.8000 0.7933709
6535.7000 0.80557126
6536.6000 0.80145442
6537.5000 0.79951251
6538.4000 0.81163639
6539.3000 0.82340384
6540.2000 0.81881136
6541.1000 0.80111277
6542.0000 0.78987688
6542.9000 0.79456574
6543.8000 0.79786021
6544.7000 0.78405446
6545.6000 0.76143157
6546.5000 0.75063682
6547.4000 0.76055807
6548.3000 0.78513998
6549.2000 0.81296712
6550.1000 0.82804811
6551.0000 0.8225168
6551.9000 0.80102462
6552.8000 0.77354771
6553.7000 0.75312465
6554.6000 0.74575627
6555.5000 0.75392467
6556.4000 0.77208781
6557.3000 0.77917349
6558.2000 0.77002686
6559.1000 0.76069003
6560.0000 0.74724406
6560.9000 0.69308954
6561.8000 0.58527321
6562.7000 0.49925879
6563.6000 0.53026134
6564.5000 0.64923352
6565.4000 0.75083762
6566.3000 0.80099022
6567.2000 0.81855989
6568.1000 0.80624759
6569.0000 0.77314728
6569.9000 0.75097001
6570.8000 0.75819385
6571.7000 0.77971703
6572.6000 0.78875649
6573.5000 0.77522063
6574.4000 0.75046241
6575.3000 0.73832673
6576.2000 0.7569778
6577.1000 0.79458863
6578.0000 0.82412046
6578.9000 0.83050293
6579.8000 0.81538254
6580.7000 0.79267859
6581.6000 0.77776605
6582.5000 0.77557862
6583.4000 0.78319573
6584.3000 0.79335034
6585.2000 0.79681891
6586.1000 0.79340273
6587.0000 0.79360032
6587.9000 0.79839206
6588.8000 0.80271888
6589.7000 0.81115466
6590.6000 0.81668627
6591.5000 0.79832602
6592.4000 0.75806868
6593.3000 0.73062104
6594.2000 0.7396304
6595.1000 0.76466238
6596.0000 0.78125447
6596.9000 0.79096657
6597.8000 0.80015862
6598.7000 0.81056523
6599.6000 0.82246292
6600.5000 0.83207214
6601.4000 0.83174127
6602.3000 0.82109231
6603.2000 0.809793
6604.1000 0.80430865
6605.0000 0.80221778
6605.9000 0.79684323
6606.8000 0.78758252
6607.7000 0.7795521
6608.6000 0.77233881
6609.5000 0.7709164
6610.4000 0.78636009
6611.3000 0.80923361
6612.2000 0.82112068
6613.1000 0.82030964
6614.0000 0.81944573
6614.9000 0.82634795
6615.8000 0.82896799
6616.7000 0.81660843
6617.6000 0.80403805
6618.5000 0.80954272
6619.4000 0.82836884
6620.3000 0.8435207
6621.2000 0.84528446
6622.1000 0.83271068
6623.0000 0.80969453
6623.9000 0.7864244
6624.8000 0.78007805
6625.7000 0.79647809
6626.6000 0.81415528
6627.5000 0.81655449
6628.4000 0.81224471
6629.3000 0.80818576
6630.2000 0.80161047
6631.1000 0.78814578
6632.0000 0.76996809
6632.9000 0.75376046
6633.8000 0.74669421
6634.7000 0.75745046
6635.6000 0.782408
6636.5000 0.80460113
6637.4000 0.80992907
6638.3000 0.7974484
6639.2000 0.78086251
6640.1000 0.77834874
6641.0000 0.78972316
6641.9000 0.78947759
6642.8000 0.76903659
6643.7000 0.75886232
6644.6000 0.77557266
6645.5000 0.79582876
6646.4000 0.79782397
6647.3000 0.78656554
6648.2000 0.77914608
6649.1000 0.78275394
6650.0000 0.78897315
6650.9000 0.78988236
6651.8000 0.78620809
6652.7000 0.78379077
6653.6000 0.78805864
6654.5000 0.79698408
6655.4000 0.79924434
6656.3000 0.79189306
6657.2000 0.78661138
6658.1000 0.78505522
6659.0000 0.78211552
6659.9000 0.78390926
6660.8000 0.78936988
6661.7000 0.78343928
6662.6000 0.76352948
6663.5000 0.75139898
6664.4000 0.75911558
6665.3000 0.77223951
6666.2000 0.7780413
6667.1000 0.77730572
6668.0000 0.77606553
6668.9000 0.78121018
6669.8000 0.79248101
6670.7000 0.79917783
6671.6000 0.79456532
6672.5000 0.78822827
6673.4000 0.78904498
6674.3000 0.79464483
6675.2000 0.79974836
6676.1000 0.79340416
6677.0000 0.76785129
6677.9000 0.74347311
6678.8000 0.75230771
6679.7000 0.78456628
6680.6000 0.79937911
6681.5000 0.7901125
6682.4000 0.78254956
6683.3000 0.78863358
6684.2000 0.80074728
6685.1000 0.80946237
6686.0000 0.81049579
6686.9000 0.80400157
6687.8000 0.79597902
6688.7000 0.79739571
6689.6000 0.80891722
6690.5000 0.81815761
6691.4000 0.81679338
6692.3000 0.80942082
6693.2000 0.80559254
6694.1000 0.80240381
6695.0000 0.79000282
6695.9000 0.77138782
6696.8000 0.757671
6697.7000 0.75648797
6698.6000 0.76798087
6699.5000 0.78504056
6700.4000 0.79576594
6701.3000 0.79437357
6702.2000 0.78470659
6703.1000 0.77293456
6704.0000 0.76996201
6704.9000 0.78183776
6705.8000 0.79324394
6706.7000 0.78771859
6707.6000 0.77550483
6708.5000 0.77582347
6709.4000 0.78239793
6710.3000 0.78358936
6711.2000 0.7854926
6712.1000 0.78901088
6713.0000 0.78556317
6713.9000 0.7731725
6714.8000 0.76002496
6715.7000 0.75452709
6716.6000 0.75393832
6717.5000 0.75957066
6718.4000 0.77875799
6719.3000 0.79809672
6720.2000 0.79672867
6721.1000 0.7806524
6722.0000 0.77480465
6722.9000 0.7912367
6723.8000 0.81336164
6724.7000 0.81791782
6725.6000 0.80345732
6726.5000 0.78690827
6727.4000 0.78103739
6728.3000 0.78770149
6729.2000 0.8055917
6730.1000 0.82508248
6731.0000 0.83161563
6731.9000 0.82090044
6732.8000 0.8021909
6733.7000 0.79126835
6734.6000 0.79612428
6735.5000 0.80782658
6736.4000 0.80930877
6737.3000 0.79644626
6738.2000 0.7828905
6739.1000 0.77718592
6740.0000 0.77545214
6740.9000 0.77284044
6741.8000 0.77023405
6742.7000 0.7752521
6743.6000 0.79104722
6744.5000 0.80885613
6745.4000 0.81401831
6746.3000 0.80308044
6747.2000 0.78982681
6748.1000 0.78581333
6749.0000 0.7887755
6749.9000 0.79330534
6750.8000 0.80027401
6751.7000 0.80741388
6752.6000 0.80701679
6753.5000 0.79839081
6754.4000 0.78721625
6755.3000 0.78270519
6756.2000 0.79230201
6757.1000 0.80813909
6758.0000 0.81891692
6758.9000 0.82498682
6759.8000 0.82909435
6760.7000 0.82806545
6761.6000 0.8230173
6762.5000 0.82058138
6763.4000 0.82076609
6764.3000 0.81961292
6765.2000 0.81570721
6766.1000 0.80586749
6767.0000 0.79216188
6767.9000 0.78349924
6768.8000 0.78142965
6769.7000 0.77994233
6770.6000 0.77712965
6771.5000 0.77917707
6772.4000 0.78977025
6773.3000 0.80383337
6774.2000 0.81556886
6775.1000 0.82149291
6776.0000 0.81917608
6776.9000 0.81081301
6777.8000 0.80734968
6778.7000 0.81591672
6779.6000 0.82545435
6780.5000 0.82489324
6781.4000 0.8160423
6782.3000 0.80207545
6783.2000 0.78539526
6784.1000 0.77226418
6785.0000 0.76995558
6785.9000 0.78108948
6786.8000 0.8024857
6787.7000 0.82142621
6788.6000 0.82365483
6789.5000 0.8168354
6790.4000 0.81492567
6791.3000 0.8124395
6792.2000 0.8023625
6793.1000 0.7915799
6794.0000 0.78798872
6794.9000 0.78984421
6795.8000 0.79239434
6796.7000 0.79687858
6797.6000 0.80403668
6798.5000 0.80696237
6799.4000 0.8011055
6800.3000 0.79384553
6801.2000 0.79422146
6802.1000 0.79828548
6803.0000 0.80062598
6803.9000 0.80580366
6804.8000 0.81302363
6805.7000 0.81035435
6806.6000 0.79632914
6807.5000 0.78537714
6808.4000 0.78011268
6809.3000 0.77428538
6810.2000 0.77692193
6811.1000 0.7916308
6812.0000 0.80553007
6812.9000 0.80841309
6813.8000 0.79891062
6814.7000 0.78806168
6815.6000 0.79355085
6816.5000 0.81183112
6817.4000 0.82022226
6818.3000 0.81253582
6819.2000 0.79900944
6820.1000 0.78655005
6821.0000 0.78508425
6821.9000 0.79967952
6822.8000 0.81667829
6823.7000 0.82040423
6824.6000 0.8102029
6825.5000 0.79740429
6826.4000 0.78739113
6827.3000 0.77820134
6828.2000 0.77399713
6829.1000 0.77994549
6830.0000 0.79280567
6830.9000 0.80575246
6831.8000 0.8122766
6832.7000 0.8099947
6833.6000 0.80629092
6834.5000 0.80717403
6835.4000 0.80672503
6836.3000 0.80030698
6837.2000 0.79275537
6838.1000 0.78342533
6839.0000 0.76645184
6839.9000 0.74781919
6840.8000 0.74019986
6841.7000 0.74810541
6842.6000 0.76412004
6843.5000 0.78005391
6844.4000 0.79190391
6845.3000 0.79422909
6846.2000 0.79036677
6847.1000 0.79171586
6848.0000 0.79828686
6848.9000 0.80236167
6849.8000 0.80271006
6850.7000 0.80319387
6851.6000 0.80679899
6852.5000 0.81167322
6853.4000 0.80526239
6854.3000 0.7805227
6855.2000 0.75425786
6856.1000 0.74657506
6857.0000 0.75562805
6857.9000 0.76948947
6858.8000 0.78360534
6859.7000 0.78810138
6860.6000 0.77581632
6861.5000 0.76550448
6862.4000 0.7783556
6863.3000 0.80566484
6864.2000 0.82160634
6865.1000 0.81727171
6866.0000 0.80043852
6866.9000 0.77109694
6867.8000 0.73758972
6868.7000 0.73097664
6869.6000 0.76341951
6870.5000 0.79096335
6871.4000 0.78402776
6872.3000 0.76416659
6873.2000 0.75532556
6874.1000 0.75850004
6875.0000 0.7638033
6875.9000 0.77252758
6876.8000 0.78715873
6877.7000 0.79830354
6878.6000 0.79353184
6879.5000 0.7795735
6880.4000 0.77434915
6881.3000 0.77658993
6882.2000 0.778853
6883.1000 0.78472835
6884.0000 0.79471493
6884.9000 0.79633838
6885.8000 0.78312159
6886.7000 0.77782995
6887.6000 0.79549026
6888.5000 0.80874074
6889.4000 0.80702829
6890.3000 0.81730223
6891.2000 0.82910544
6892.1000 0.81020689
6893.0000 0.78819847
6893.9000 0.79629099
6894.8000 0.80755007
6895.7000 0.79601061
6896.6000 0.7872225
6897.5000 0.80145127
6898.4000 0.81479299
6899.3000 0.80347884
6900.2000 0.79085016
6901.1000 0.80405402
6902.0000 0.82941163
6902.9000 0.83152461
6903.8000 0.81211317
6904.7000 0.79570436
6905.6000 0.79554051
6906.5000 0.80463856
6907.4000 0.80434138
6908.3000 0.79410958
6909.2000 0.78985536
6910.1000 0.79875714
6911.0000 0.8073799
6911.9000 0.7991457
6912.8000 0.77434838
6913.7000 0.75269902
6914.6000 0.75652373
6915.5000 0.77601296
6916.4000 0.78326237
6917.3000 0.78125775
6918.2000 0.78881329
6919.1000 0.80567724
6920.0000 0.81576157
6920.9000 0.81263232
6921.8000 0.80639231
6922.7000 0.79836226
6923.6000 0.78089976
6924.5000 0.75898278
6925.4000 0.74133551
6926.3000 0.73419881
6927.2000 0.74075627
6928.1000 0.75017434
6929.0000 0.75376755
6929.9000 0.75629175
6930.8000 0.75826013
6931.7000 0.75419182
6932.6000 0.74682266
6933.5000 0.74622911
6934.4000 0.75483114
6935.3000 0.76292688
6936.2000 0.76128346
6937.1000 0.75347352
6938.0000 0.75148076
6938.9000 0.75787508
6939.8000 0.76404923
6940.7000 0.76343185
6941.6000 0.75009763
6942.5000 0.72044605
6943.4000 0.68706006
6944.3000 0.66932112
6945.2000 0.67346466
6946.1000 0.69120175
6947.0000 0.70897853
6947.9000 0.71958899
6948.8000 0.72698098
6949.7000 0.73183566
6950.6000 0.72661787
6951.5000 0.71524864
6952.4000 0.70688754
6953.3000 0.70037973
6954.2000 0.69822234
6955.1000 0.70682001
6956.0000 0.7198751
6956.9000 0.72540724
6957.8000 0.72294617
6958.7000 0.72085422
6959.6000 0.72157294
6960.5000 0.7227931
6961.4000 0.72224653
6962.3000 0.7229228
6963.2000 0.73325336
6964.1000 0.74433523
6965.0000 0.73495877
6965.9000 0.71186858
6966.8000 0.70882696
6967.7000 0.73293972
6968.6000 0.75152415
6969.5000 0.74056953
6970.4000 0.716232
6971.3000 0.71646476
6972.2000 0.74894381
6973.1000 0.77127147
6974.0000 0.75391197
6974.9000 0.72290981
6975.8000 0.70935762
6976.7000 0.69904065
6977.6000 0.67018402
6978.5000 0.64672875
6979.4000 0.66079688
6980.3000 0.69601166
6981.2000 0.72024852
6982.1000 0.73296398
6983.0000 0.74343735
6983.9000 0.74333024
6984.8000 0.73089069
6985.7000 0.72333819
6986.6000 0.73294079
6987.5000 0.75193787
6988.4000 0.75632209
6989.3000 0.7400797
6990.2000 0.73157638
6991.1000 0.7455191
6992.0000 0.76174766
6992.9000 0.75870168
6993.8000 0.73771322
6994.7000 0.72531509
6995.6000 0.73957616
6996.5000 0.75986212
6997.4000 0.7571646
6998.3000 0.72900289
6999.2000 0.69669372
7000.1000 0.68737459
7001.0000 0.70932585
7001.9000 0.73785353
7002.8000 0.74432278
7003.7000 0.72957784
7004.6000 0.71230441
7005.5000 0.70228446
7006.4000 0.70269495
7007.3000 0.71738714
7008.2000 0.73612207
7009.1000 0.74148625
7010.0000 0.7342208
7010.9000 0.72527301
7011.8000 0.72087312
7012.7000 0.72403353
7013.6000 0.72678941
7014.5000 0.71194607
7015.4000 0.67877376
7016.3000 0.65500361
7017.2000 0.66576755
7018.1000 0.69708508
7019.0000 0.71896034
7019.9000 0.72685891
7020.8000 0.73406357
7021.7000 0.74105775
7022.6000 0.73363298
7023.5000 0.71078485
7024.4000 0.69250202
7025.3000 0.69187641
7026.2000 0.70404631
7027.1000 0.72139496
7028.0000 0.74016386
7028.9000 0.75306588
7029.8000 0.74955618
7030.7000 0.7288717
7031.6000 0.70516455
7032.5000 0.69690996
7033.4000 0.70846367
7034.3000 0.72756565
7035.2000 0.74343139
7036.1000 0.74593353
7037.0000 0.72184443
7037.9000 0.68081218
7038.8000 0.66451281
7039.7000 0.69656491
7040.6000 0.75206882
7041.5000 0.79456347
7042.4000 0.80592978
7043.3000 0.78497446
7044.2000 0.74247342
7045.1000 0.70489478
7046.0000 0.70135576
7046.9000 0.73155677
7047.8000 0.77031356
7048.7000 0.79828799
7049.6000 0.80826932
7050.5000 0.79302841
7051.4000 0.74707752
7052.3000 0.69324076
7053.2000 0.67581755
7054.1000 0.70566195
7055.0000 0.7531876
7055.9000 0.7915169
7056.8000 0.8079384
7057.7000 0.79686803
7058.6000 0.76042211
7059.5000 0.71633518
7060.4000 0.69741327
7061.3000 0.71376467
7062.2000 0.73925656
7063.1000 0.75726497
7064.0000 0.77387565
7064.9000 0.78093094
7065.8000 0.76135445
7066.7000 0.71845782
7067.6000 0.67615414
7068.5000 0.66759074
7069.4000 0.70281923
7070.3000 0.74807608
7071.2000 0.76951009
7072.1000 0.76690185
7073.0000 0.7557798
7073.9000 0.74241644
7074.8000 0.72724092
7075.7000 0.71711558
7076.6000 0.72009289
7077.5000 0.7345947
7078.4000 0.74824524
7079.3000 0.75760061
7080.2000 0.76959711
7081.1000 0.77449626
7082.0000 0.75855249
7082.9000 0.72652012
7083.8000 0.69488358
7084.7000 0.68525076
7085.6000 0.70541853
7086.5000 0.73126733
7087.4000 0.73541981
7088.3000 0.71815825
7089.2000 0.69538003
7090.1000 0.68157148
7091.0000 0.68085539
7091.9000 0.67925721
7092.8000 0.66963869
7093.7000 0.66828054
7094.6000 0.67824841
7095.5000 0.68878394
7096.4000 0.70208234
7097.3000 0.71706796
7098.2000 0.72340202
7099.1000 0.72318274
7100.0000 0.72189009
7100.9000 0.71066386
7101.8000 0.69308734
7102.7000 0.69283235
7103.6000 0.71312881
7104.5000 0.73116189
7105.4000 0.72275084
7106.3000 0.68699223
7107.2000 0.65696871
7108.1000 0.65748525
7109.0000 0.67011428
7109.9000 0.66931367
7110.8000 0.66104186
7111.7000 0.66415739
7112.6000 0.6808604
7113.5000 0.70138985
7114.4000 0.71134514
7115.3000 0.70259362
7116.2000 0.68471742
7117.1000 0.67207164
7118.0000 0.66601884
7118.9000 0.65678817
7119.8000 0.64895409
7120.7000 0.65310901
7121.6000 0.65679544
7122.5000 0.65774006
7123.4000 0.67321634
7124.3000 0.69414061
7125.2000 0.69665211
7126.1000 0.68464017
7127.0000 0.68034995
7127.9000 0.6930747
7128.8000 0.68950886
7129.7000 0.66688311
7130.6000 0.65168238
7131.5000 0.66285628
7132.4000 0.69370496
7133.3000 0.72496146
7134.2000 0.73988277
7135.1000 0.73482937
7136.0000 0.73238009
7136.9000 0.75017691
7137.8000 0.76118284
7138.7000 0.73592782
7139.6000 0.70280308
7140.5000 0.70663208
7141.4000 0.73306817
7142.3000 0.74113089
7143.2000 0.73078144
7144.1000 0.71986681
7145.0000 0.7150318
7145.9000 0.71522158
7146.8000 0.71196777
7147.7000 0.70200264
7148.6000 0.69403291
7149.5000 0.69067711
7150.4000 0.6942265
7151.3000 0.71380025
7152.2000 0.7455405
7153.1000 0.76691729
7154.0000 0.75627393
7154.9000 0.72153342
7155.8000 0.70847952
7156.7000 0.7384721
7157.6000 0.76973474
7158.5000 0.76349705
7159.4000 0.73246467
7160.3000 0.7089904
7161.2000 0.71467572
7162.1000 0.73556119
7163.0000 0.73338759
7163.9000 0.69978946
7164.8000 0.66554856
7165.7000 0.66277176
7166.6000 0.69419563
7167.5000 0.73634434
7168.4000 0.75814569
7169.3000 0.74369478
7170.2000 0.71754801
7171.1000 0.7178551
7172.0000 0.74172729
7172.9000 0.75923336
7173.8000 0.75371861
7174.7000 0.72545701
7175.6000 0.69500661
7176.5000 0.69340169
7177.4000 0.72554511
7178.3000 0.75366086
7179.2000 0.73618597
7180.1000 0.68578917
7181.0000 0.64976656
7181.9000 0.66494131
7182.8000 0.7180655
7183.7000 0.76002526
7184.6000 0.77672505
7185.5000 0.77048445
7186.4000 0.74087429
7187.3000 0.71139455
7188.2000 0.70734632
7189.1000 0.72186863
7190.0000 0.73414272
7190.9000 0.73602813
7191.8000 0.72346967
7192.7000 0.69281125
7193.6000 0.6739378
7194.5000 0.69752812
7195.4000 0.73477846
7196.3000 0.74472547
7197.2000 0.73167533
7198.1000 0.72199243
7199.0000 0.71950769
7199.9000 0.71717465
7200.8000 0.72648323
7201.7000 0.75426638
7202.6000 0.77507198
7203.5000 0.77879053
7204.4000 0.7799117
7205.3000 0.76801884
7206.2000 0.73265171
7207.1000 0.69413704
7208.0000 0.68016577
7208.9000 0.69996703
7209.8000 0.74099058
7210.7000 0.77778614
7211.6000 0.78403932
7212.5000 0.75583464
7213.4000 0.71646523
7214.3000 0.69568461
7215.2000 0.70442653
7216.1000 0.73310053
7217.0000 0.76496154
7217.9000 0.7839368
7218.8000 0.78169
7219.7000 0.75940508
7220.6000 0.72814626
7221.5000 0.70835602
7222.4000 0.71152186
7223.3000 0.73230308
7224.2000 0.76100475
7225.1000 0.78351414
7226.0000 0.7919575
7226.9000 0.78805733
7227.8000 0.76802951
7228.7000 0.73474652
7229.6000 0.71806473
7230.5000 0.73626649
7231.4000 0.76483065
7232.3000 0.77780944
7233.2000 0.78072917
7234.1000 0.78439462
7235.0000 0.78124315
7235.9000 0.75858164
7236.8000 0.72920895
7237.7000 0.71607322
7238.6000 0.71917355
7239.5000 0.72599882
7240.4000 0.73349118
7241.3000 0.74950552
7242.2000 0.76678884
7243.1000 0.77034175
7244.0000 0.74998391
7244.9000 0.70850742
7245.8000 0.68465197
7246.7000 0.70457304
7247.6000 0.74291289
7248.5000 0.76422298
7249.4000 0.75993335
7250.3000 0.74429089
7251.2000 0.7313565
7252.1000 0.72710311
7253.0000 0.73049968
7253.9000 0.73391759
7254.8000 0.73770463
7255.7000 0.75376701
7256.6000 0.77499557
7257.5000 0.77965319
7258.4000 0.75896621
7259.3000 0.73169297
7260.2000 0.70943898
7261.1000 0.68696684
7262.0000 0.67780691
7262.9000 0.69265914
7263.8000 0.71256107
7264.7000 0.73027152
7265.6000 0.75319409
7266.5000 0.76965761
7267.4000 0.76732302
7268.3000 0.75471967
7269.2000 0.74326855
7270.1000 0.7355237
7271.0000 0.72791767
7271.9000 0.71674931
7272.8000 0.70994228
7273.7000 0.7155441
7274.6000 0.72927463
7275.5000 0.74586707
7276.4000 0.75372589
7277.3000 0.73887944
7278.2000 0.71173394
7279.1000 0.69928634
7280.0000 0.70348448
7280.9000 0.70178056
7281.8000 0.68174589
7282.7000 0.65749466
7283.6000 0.64984494
7284.5000 0.6660189
7285.4000 0.69711125
7286.3000 0.72100574
7287.2000 0.72057223
7288.1000 0.69918972
7289.0000 0.67810279
7289.9000 0.67021823
7290.8000 0.66075426
7291.7000 0.64046437
7292.6000 0.63227719
7293.5000 0.64912611
7294.4000 0.67903733
7295.3000 0.71297061
7296.2000 0.73711127
7297.1000 0.73080927
7298.0000 0.70456958
7298.9000 0.69299382
7299.8000 0.70356786
7300.7000 0.71277618
7301.6000 0.70818102
7302.5000 0.70111006
7303.4000 0.70424891
7304.3000 0.72046447
7305.2000 0.73628116
7306.1000 0.73371279
7307.0000 0.70999062
7307.9000 0.68185532
7308.8000 0.68136144
7309.7000 0.71178895
7310.6000 0.72618103
7311.5000 0.70295483
7312.4000 0.68130261
7313.3000 0.69125223
7314.2000 0.71967953
7315.1000 0.73856437
7316.0000 0.73671132
7316.9000 0.71770555
7317.8000 0.69586533
7318.7000 0.6870901
7319.6000 0.69566548
7320.5000 0.71309412
7321.4000 0.72719687
7322.3000 0.7234301
7323.2000 0.69788188
7324.1000 0.66929209
7325.0000 0.65886259
7325.9000 0.67133683
7326.8000 0.69558728
7327.7000 0.71216661
7328.6000 0.70944417
7329.5000 0.70379454
7330.4000 0.71217483
7331.3000 0.72303361
7332.2000 0.71921688
7333.1000 0.7016412
7334.0000 0.68837225
7334.9000 0.69419271
7335.8000 0.71571863
7336.7000 0.73529953
7337.6000 0.73996031
7338.5000 0.73067582
7339.4000 0.71767658
7340.3000 0.71527362
7341.2000 0.72874397
7342.1000 0.74307317
7343.0000 0.73890775
7343.9000 0.71580797
7344.8000 0.69825613
7345.7000 0.70166534
7346.6000 0.71685529
7347.5000 0.73171204
7348.4000 0.73307097
7349.3000 0.71231699
7350.2000 0.68672019
7351.1000 0.68569309
7352.0000 0.70782238
7352.9000 0.72432464
7353.8000 0.71848315
7354.7000 0.69219631
7355.6000 0.65879923
7356.5000 0.64862019
7357.4000 0.67734575
7358.3000 0.72129118
7359.2000 0.74931914
7360.1000 0.75164908
7361.0000 0.73222446
7361.9000 0.70245051
7362.8000 0.6817016
7363.7000 0.68150568
7364.6000 0.69391507
7365.5000 0.70673507
7366.4000 0.71159714
7367.3000 0.70466089
7368.2000 0.68901742
7369.1000 0.67861009
7370.0000 0.69013149
7370.9000 0.7159245
7371.8000 0.73086816
7372.7000 0.72670251
7373.6000 0.71022022
7374.5000 0.69274485
7375.4000 0.68263429
7376.3000 0.68112034
7377.2000 0.69498825
7378.1000 0.71844029
7379.0000 0.73300332
7379.9000 0.72666264
7380.8000 0.70675832
7381.7000 0.69010687
7382.6000 0.68366307
7383.5000 0.67988652
7384.4000 0.67086351
7385.3000 0.66259563
7386.2000 0.66583645
7387.1000 0.67457819
7388.0000 0.67128402
7388.9000 0.65502375
7389.8000 0.6480931
7390.7000 0.66048092
7391.6000 0.67143536
7392.5000 0.66701144
7393.4000 0.66640884
7394.3000 0.68609196
7395.2000 0.70593983
7396.1000 0.70160538
7397.0000 0.68236762
7397.9000 0.66808027
7398.8000 0.66645843
7399.7000 0.67183328
7400.6000 0.67746007
7401.5000 0.68419158
7402.4000 0.69669682
7403.3000 0.71213794
7404.2000 0.71861786
7405.1000 0.70821953
7406.0000 0.69206202
7406.9000 0.68652755
7407.8000 0.684762
7408.7000 0.67364722
7409.6000 0.66180843
7410.5000 0.66108716
7411.4000 0.65480548
7412.3000 0.5078221
7413.2000 0.18016902
7414.1000 0.01869773
7415.0000 0.00045442
7415.9000 0.00000237
7416.8000 0
7417.7000 0
7418.6000 0
7419.5000 0
7420.4000 0
7421.3000 0
7422.2000 0
7423.1000 0
7424.0000 0
7424.9000 0
7425.8000 0
7426.7000 0
7427.6000 0
7428.5000 0
7429.4000 0
