3500.0000 0
3500.9000 0
3501.8000 0
3502.7000 0
3503.6000 0
3504.5000 0
3505.4000 0
3506.3000 0
3507.2000 0
3508.1000 0
3509.0000 0
3509.9000 0
3510.8000 0
3511.7000 0
3512.6000 0
3513.5000 0
3514.4000 0
3515.3000 0
3516.2000 0
3517.1000 0
3518.0000 0
3518.9000 0
3519.8000 0
3520.7000 0
3521.6000 0
3522.5000 0
3523.4000 0
3524.3000 0
3525.2000 0
3526.1000 0
3527.0000 0
3527.9000 0
3528.8000 0
3529.7000 0
3530.6000 0
3531.5000 0
3532.4000 0
3533.3000 0
3534.2000 0
3535.1000 0.00805784
3536.0000 0.24873395
3536.9000 0.24920233
3537.8000 0.25218731
3538.7000 0.27014568
3539.6000 0.27963194
3540.5000 0.26097172
3541.4000 0.23960403
3542.3000 0.23530798
3543.2000 0.24951813
3544.1000 0.26448104
3545.0000 0.26747486
3545.9000 0.25249419
3546.8000 0.23552679
3547.7000 0.22805642
3548.6000 0.23965044
3549.5000 0.25168478
3550.4000 0.24825376
3551.3000 0.23436342
3552.2000 0.22339626
3553.1000 0.20898734
3554.0000 0.19943501
3554.9000 0.20839295
3555.8000 0.22134094
3556.7000 0.22453131
3557.6000 0.20733245
3558.5000 0.19251065
3559.4000 0.19535649
3560.3000 0.20549403
3561.2000 0.20957129
3562.1000 0.21945734
3563.0000 0.22920316
3563.9000 0.21220084
3564.8000 0.1642607
3565.7000 0.13265194
3566.6000 0.13879263
3567.5000 0.15684946
3568.4000 0.15607211
3569.3000 0.13027649
3570.2000 0.11948764
3571.1000 0.1318998
3572.0000 0.16445661
3572.9000 0.19450703
3573.8000 0.20347108
3574.7000 0.2101254
3575.6000 0.21461584
3576.5000 0.20831755
3577.4000 0.19899578
3578.3000 0.17131151
3579.2000 0.12942703
3580.1000 0.10668764
3581.0000 0.08531355
3581.9000 0.0799567
3582.8000 0.10527506
3583.7000 0.12772408
3584.6000 0.11561112
3585.5000 0.09484736
3586.4000 0.10078058
3587.3000 0.11934819
3588.2000 0.12826195
3589.1000 0.13589354
3590.0000 0.15884784
3590.9000 0.21593533
3591.8000 0.26708058
3592.7000 0.2600368
3593.6000 0.23099402
3594.5000 0.24275397
3595.4000 0.28179067
3596.3000 0.31378481
3597.2000 0.33182555
3598.1000 0.32671589
3599.0000 0.32737869
3599.9000 0.34333965
3600.8000 0.34522086
3601.7000 0.30758974
3602.6000 0.25057724
3603.5000 0.22553147
3604.4000 0.21480495
3605.3000 0.20276801
3606.2000 0.20731007
3607.1000 0.21842113
3608.0000 0.20068708
3608.9000 0.1569287
3609.8000 0.14651909
3610.7000 0.18497977
3611.6000 0.22689165
3612.5000 0.23580818
3613.4000 0.2330814
3614.3000 0.24346809
3615.2000 0.28080291
3616.1000 0.2951732
3617.0000 0.26140791
3617.9000 0.18805188
3618.8000 0.13075863
3619.7000 0.13386865
3620.6000 0.18404728
3621.5000 0.2387314
3622.4000 0.27719694
3623.3000 0.29427332
3624.2000 0.28843516
3625.1000 0.30536348
3626.0000 0.35374153
3626.9000 0.37549523
3627.8000 0.35952052
3628.7000 0.34443772
3629.6000 0.32098341
3630.5000 0.24057773
3631.4000 0.15196274
3632.3000 0.149244
3633.2000 0.19187869
3634.1000 0.22105435
3635.0000 0.23150209
3635.9000 0.25183362
3636.8000 0.26970056
3637.7000 0.28272867
3638.6000 0.31479916
3639.5000 0.34675518
3640.4000 0.35846087
3641.3000 0.3471536
3642.2000 0.31194571
3643.1000 0.29947141
3644.0000 0.28673172
3644.9000 0.25594619
3645.8000 0.23254921
3646.7000 0.22028419
3647.6000 0.18984599
3648.5000 0.16801265
3649.4000 0.19740218
3650.3000 0.24095257
3651.2000 0.27311319
3652.1000 0.29448426
3653.0000 0.32772779
3653.9000 0.35245663
3654.8000 0.35360608
3655.7000 0.35506439
3656.6000 0.37040782
3657.5000 0.38553539
3658.4000 0.4033837
3659.3000 0.41014439
3660.2000 0.39351666
3661.1000 0.3739168
3662.0000 0.36795056
3662.9000 0.34848234
3663.8000 0.32538098
3664.7000 0.3293601
3665.6000 0.34401712
3666.5000 0.34484351
3667.4000 0.34830165
3668.3000 0.3351174
3669.2000 0.29254061
3670.1000 0.28648937
3671.0000 0.3260197
3671.9000 0.36190432
3672.8000 0.37334594
3673.7000 0.36824703
3674.6000 0.36682197
3675.5000 0.38249129
3676.4000 0.37610918
3677.3000 0.32775888
3678.2000 0.29064247
3679.1000 0.26550239
3680.0000 0.24077855
3680.9000 0.25706676
3681.8000 0.29411432
3682.7000 0.31934181
3683.6000 0.3329632
3684.5000 0.32999709
3685.4000 0.30561814
3686.3000 0.25643298
3687.2000 0.22089715
3688.1000 0.21750887
3689.0000 0.25669855
3689.9000 0.30698052
3690.8000 0.3665444
3691.7000 0.40753043
3692.6000 0.39430031
3693.5000 0.34263128
3694.4000 0.31550643
3695.3000 0.3114484
3696.2000 0.32874694
3697.1000 0.33639935
3698.0000 0.3587988
3698.9000 0.40530831
3699.8000 0.42895767
3700.7000 0.41478616
3701.6000 0.40052056
3702.5000 0.37781221
3703.4000 0.33037987
3704.3000 0.26592997
3705.2000 0.21573563
3706.1000 0.20596296
3707.0000 0.2262575
3707.9000 0.22600962
3708.8000 0.20687503
3709.7000 0.22661294
3710.6000 0.28809857
3711.5000 0.35000989
3712.4000 0.38932362
3713.3000 0.41936007
3714.2000 0.44773993
3715.1000 0.43794534
3716.0000 0.39319453
3716.9000 0.35645545
3717.8000 0.30874926
3718.7000 0.23836377
3719.6000 0.16350171
3720.5000 0.12062594
3721.4000 0.12556829
3722.3000 0.15493658
3723.2000 0.19966809
3724.1000 0.25959373
3725.0000 0.31325415
3725.9000 0.34033322
3726.8000 0.30733079
3727.7000 0.24838044
3728.6000 0.24872679
3729.5000 0.29474771
3730.4000 0.29982263
3731.3000 0.26432076
3732.2000 0.23057337
3733.1000 0.17734008
3734.0000 0.12326258
3734.9000 0.09330451
3735.8000 0.09301864
3736.7000 0.10313264
3737.6000 0.12715372
3738.5000 0.18592909
3739.4000 0.25240153
3740.3000 0.29555869
3741.2000 0.3121846
3742.1000 0.29112008
3743.0000 0.24059482
3743.9000 0.19459672
3744.8000 0.16649635
3745.7000 0.14874642
3746.6000 0.14395873
3747.5000 0.14673339
3748.4000 0.12771454
3749.3000 0.10812356
3750.2000 0.13778663
3751.1000 0.21278863
3752.0000 0.27992347
3752.9000 0.31455895
3753.8000 0.34280455
3754.7000 0.37710834
3755.6000 0.38935634
3756.5000 0.35727528
3757.4000 0.26112446
3758.3000 0.17642818
3759.2000 0.16289571
3760.1000 0.2157516
3761.0000 0.2571528
3761.9000 0.26070115
3762.8000 0.24742135
3763.7000 0.21785542
3764.6000 0.21840253
3765.5000 0.24635966
3766.4000 0.24818575
3767.3000 0.207947
3768.2000 0.22744393
3769.1000 0.29541704
3770.0000 0.3311969
3770.9000 0.32754678
3771.8000 0.34532896
3772.7000 0.37419868
3773.6000 0.37298644
3774.5000 0.35208622
3775.4000 0.33869165
3776.3000 0.33575201
3777.2000 0.34220469
3778.1000 0.34792605
3779.0000 0.35704714
3779.9000 0.37820309
3780.8000 0.3897571
3781.7000 0.3882885
3782.6000 0.37865651
3783.5000 0.38049474
3784.4000 0.38739759
3785.3000 0.35680696
3786.2000 0.29212341
3787.1000 0.24972273
3788.0000 0.23515016
3788.9000 0.2199229
3789.8000 0.21593742
3790.7000 0.23819762
3791.6000 0.27734151
3792.5000 0.28814372
3793.4000 0.25975049
3794.3000 0.22837204
3795.2000 0.21585643
3796.1000 0.22905062
3797.0000 0.23822983
3797.9000 0.2141118
3798.8000 0.19028457
3799.7000 0.20219781
3800.6000 0.24411559
3801.5000 0.28248572
3802.4000 0.30937296
3803.3000 0.33421454
3804.2000 0.34643504
3805.1000 0.33379394
3806.0000 0.30836511
3806.9000 0.27798977
3807.8000 0.26106152
3808.7000 0.28524536
3809.6000 0.31463957
3810.5000 0.32163826
3811.4000 0.31727549
3812.3000 0.29657567
3813.2000 0.26844034
3814.1000 0.22981259
3815.0000 0.20072708
3815.9000 0.17385675
3816.8000 0.18063591
3817.7000 0.20680022
3818.6000 0.19660406
3819.5000 0.15963067
3820.4000 0.12359603
3821.3000 0.12198972
3822.2000 0.15892857
3823.1000 0.18375945
3824.0000 0.16374202
3824.9000 0.13087267
3825.8000 0.10501473
3826.7000 0.10348731
3827.6000 0.12154742
3828.5000 0.143085
3829.4000 0.15912838
3830.3000 0.17089148
3831.2000 0.17126548
3832.1000 0.15527417
3833.0000 0.13355961
3833.9000 0.13055164
3834.8000 0.14961992
3835.7000 0.17627203
3836.6000 0.19478466
3837.5000 0.18449241
3838.4000 0.14629351
3839.3000 0.12915212
3840.2000 0.12786518
3841.1000 0.13604034
3842.0000 0.17341058
3842.9000 0.22139169
3843.8000 0.24196731
3844.7000 0.23728929
3845.6000 0.23149964
3846.5000 0.21988976
3847.4000 0.22385716
3848.3000 0.21753263
3849.2000 0.19149715
3850.1000 0.17135331
3851.0000 0.17580871
3851.9000 0.19782145
3852.8000 0.21137753
3853.7000 0.19663857
3854.6000 0.17807168
3855.5000 0.17561541
3856.4000 0.16640997
3857.3000 0.15729351
3858.2000 0.14935155
3859.1000 0.12846646
3860.0000 0.11402872
3860.9000 0.12718077
3861.8000 0.16752958
3862.7000 0.21394293
3863.6000 0.23044562
3864.5000 0.21554004
3865.4000 0.19566371
3866.3000 0.18912034
3867.2000 0.18927376
3868.1000 0.18425487
3869.0000 0.17474964
3869.9000 0.1590876
3870.8000 0.14241712
3871.7000 0.13406253
3872.6000 0.14678001
3873.5000 0.18184887
3874.4000 0.23394446
3875.3000 0.27396396
3876.2000 0.26872468
3877.1000 0.23258974
3878.0000 0.19096482
3878.9000 0.16983797
3879.8000 0.18963574
3880.7000 0.19541328
3881.6000 0.1700106
3882.5000 0.17174657
3883.4000 0.22248481
3884.3000 0.28652415
3885.2000 0.28335249
3886.1000 0.21961741
3887.0000 0.19467543
3887.9000 0.22300392
3888.8000 0.25859472
3889.7000 0.28869504
3890.6000 0.33138368
3891.5000 0.37445056
3892.4000 0.40288773
3893.3000 0.41304806
3894.2000 0.38926658
3895.1000 0.34894884
3896.0000 0.32054898
3896.9000 0.34171751
3897.8000 0.36928305
3898.7000 0.34675556
3899.6000 0.32521927
3900.5000 0.32985201
3901.4000 0.35737833
3902.3000 0.36452594
3903.2000 0.33316183
3904.1000 0.32297313
3905.0000 0.31880426
3905.9000 0.28671002
3906.8000 0.28537568
3907.7000 0.32749927
3908.6000 0.37694103
3909.5000 0.39934269
3910.4000 0.39942673
3911.3000 0.39930502
3912.2000 0.41023967
3913.1000 0.42117751
3914.0000 0.41527107
3914.9000 0.40533069
3915.8000 0.38673607
3916.7000 0.3702392
3917.6000 0.36823472
3918.5000 0.35741785
3919.4000 0.32420433
3920.3000 0.27952337
3921.2000 0.24679023
3922.1000 0.24783182
3923.0000 0.26810864
3923.9000 0.28966174
3924.8000 0.29997051
3925.7000 0.28069377
3926.6000 0.24367952
3927.5000 0.21030338
3928.4000 0.17754227
3929.3000 0.14393792
3930.2000 0.12055197
3931.1000 0.10085625
3932.0000 0.08137509
3932.9000 0.06311913
3933.8000 0.0521874
3934.7000 0.0525292
3935.6000 0.06756893
3936.5000 0.09346993
3937.4000 0.12745443
3938.3000 0.16989575
3939.2000 0.20955202
3940.1000 0.23511931
3941.0000 0.24319202
3941.9000 0.23932584
3942.8000 0.23412836
3943.7000 0.22638796
3944.6000 0.22864218
3945.5000 0.27377757
3946.4000 0.33987436
3947.3000 0.3606177
3948.2000 0.34664065
3949.1000 0.34527478
3950.0000 0.37779737
3950.9000 0.40876487
3951.8000 0.40235397
3952.7000 0.37077239
3953.6000 0.37595284
3954.5000 0.43097326
3955.4000 0.43960676
3956.3000 0.39643523
3957.2000 0.3796024
3958.1000 0.39167291
3959.0000 0.40927526
3959.9000 0.40354556
3960.8000 0.33652276
3961.7000 0.24658725
3962.6000 0.20882437
3963.5000 0.21627551
3964.4000 0.20729218
3965.3000 0.17683421
3966.2000 0.13654624
3967.1000 0.10136428
3968.0000 0.07694665
3968.9000 0.06245625
3969.8000 0.07600685
3970.7000 0.1096379
3971.6000 0.14691797
3972.5000 0.18087056
3973.4000 0.21022494
3974.3000 0.24804783
3975.2000 0.29305828
3976.1000 0.329725
3977.0000 0.35950825
3977.9000 0.38769507
3978.8000 0.42764729
3979.7000 0.46111944
3980.6000 0.48408401
3981.5000 0.47413403
3982.4000 0.44544914
3983.3000 0.43027824
3984.2000 0.44235325
3985.1000 0.46365032
3986.0000 0.48573139
3986.9000 0.49368352
3987.8000 0.51499695
3988.7000 0.5338273
3989.6000 0.5188095
3990.5000 0.49657217
3991.4000 0.50316578
3992.3000 0.52719891
3993.2000 0.53703594
3994.1000 0.52872664
3995.0000 0.50787264
3995.9000 0.49192098
3996.8000 0.47812709
3997.7000 0.46674824
3998.6000 0.48557401
3999.5000 0.54282749
4000.4000 0.58289617
4001.3000 0.57983613
4002.2000 0.58329928
4003.1000 0.60549974
4004.0000 0.59389603
4004.9000 0.51361489
4005.8000 0.43032175
4006.7000 0.44930696
4007.6000 0.52207023
4008.5000 0.56302065
4009.4000 0.57496876
4010.3000 0.58058059
4011.2000 0.58151692
4012.1000 0.57586497
4013.0000 0.58005702
4013.9000 0.58499748
4014.8000 0.58783287
4015.7000 0.60820329
4016.6000 0.60682315
4017.5000 0.57563877
4018.4000 0.56886166
4019.3000 0.59522659
4020.2000 0.60850954
4021.1000 0.59670126
4022.0000 0.59151667
4022.9000 0.58811104
4023.8000 0.57552522
4024.7000 0.55739307
4025.6000 0.55786848
4026.5000 0.58793467
4027.4000 0.62528449
4028.3000 0.65517575
4029.2000 0.64820421
4030.1000 0.57664949
4031.0000 0.47633794
4031.9000 0.44714612
4032.8000 0.45430377
4033.7000 0.4457376
4034.6000 0.46403149
4035.5000 0.50490385
4036.4000 0.5688827
4037.3000 0.6366238
4038.2000 0.66786945
4039.1000 0.65750319
4040.0000 0.61935049
4040.9000 0.58419734
4041.8000 0.59963739
4042.7000 0.62134194
4043.6000 0.57373106
4044.5000 0.46764645
4045.4000 0.35124481
4046.3000 0.31682912
4047.2000 0.4148899
4048.1000 0.54349965
4049.0000 0.60222834
4049.9000 0.60709262
4050.8000 0.63044828
4051.7000 0.62917751
4052.6000 0.59806842
4053.5000 0.57205278
4054.4000 0.55682677
4055.3000 0.53262091
4056.2000 0.52664453
4057.1000 0.514934
4058.0000 0.48070058
4058.9000 0.48721266
4059.8000 0.54118824
4060.7000 0.58937371
4061.6000 0.57882059
4062.5000 0.50417995
4063.4000 0.40603912
4064.3000 0.38157052
4065.2000 0.46342519
4066.1000 0.52626348
4067.0000 0.52338123
4067.9000 0.54031503
4068.8000 0.59704196
4069.7000 0.62984294
4070.6000 0.58433348
4071.5000 0.49413043
4072.4000 0.464748
4073.3000 0.55109555
4074.2000 0.6116786
4075.1000 0.58267128
4076.0000 0.51789069
4076.9000 0.45458481
4077.8000 0.43440443
4078.7000 0.47710162
4079.6000 0.55120403
4080.5000 0.62522954
4081.4000 0.66999984
4082.3000 0.66551155
4083.2000 0.62298387
4084.1000 0.59153509
4085.0000 0.58890676
4085.9000 0.60176837
4086.8000 0.6327455
4087.7000 0.68239701
4088.6000 0.72957695
4089.5000 0.73303592
4090.4000 0.70283055
4091.3000 0.68062192
4092.2000 0.66323757
4093.1000 0.65717787
4094.0000 0.67873508
4094.9000 0.65334344
4095.8000 0.58449781
4096.7000 0.55233556
4097.6000 0.55826068
4098.5000 0.57605821
4099.4000 0.58358854
4100.3000 0.55021107
4101.2000 0.48771265
4102.1000 0.47135606
4103.0000 0.5204972
4103.9000 0.56426096
4104.8000 0.58580828
4105.7000 0.6214022
4106.6000 0.65086371
4107.5000 0.64535069
4108.4000 0.62865633
4109.3000 0.61095041
4110.2000 0.58111304
4111.1000 0.57362497
4112.0000 0.57804209
4112.9000 0.601013
4113.8000 0.6319595
4114.7000 0.6457116
4115.6000 0.63951451
4116.5000 0.65161163
4117.4000 0.63989681
4118.3000 0.5969196
4119.2000 0.54970068
4120.1000 0.55956584
4121.0000 0.59732413
4121.9000 0.59848112
4122.8000 0.58986807
4123.7000 0.59126049
4124.6000 0.60959417
4125.5000 0.63686424
4126.4000 0.61471272
4127.3000 0.58901566
4128.2000 0.57980049
4129.1000 0.57389194
4130.0000 0.56828362
4130.9000 0.55084026
4131.8000 0.51049852
4132.7000 0.46614552
4133.6000 0.47053698
4134.5000 0.49389514
4135.4000 0.53908122
4136.3000 0.61144662
4137.2000 0.63210356
4138.1000 0.61834168
4139.0000 0.63269281
4139.9000 0.63879198
4140.8000 0.62687582
4141.7000 0.57313877
4142.6000 0.47433591
4143.5000 0.39626229
4144.4000 0.40369269
4145.3000 0.48603883
4146.2000 0.55887014
4147.1000 0.58096361
4148.0000 0.58556235
4148.9000 0.56464326
4149.8000 0.53456509
4150.7000 0.51190472
4151.6000 0.51806492
4152.5000 0.52201217
4153.4000 0.52495456
4154.3000 0.52873969
4155.2000 0.51584738
4156.1000 0.52067173
4157.0000 0.51744145
4157.9000 0.54465598
4158.8000 0.58915883
4159.7000 0.60841727
4160.6000 0.60384995
4161.5000 0.59897006
4162.4000 0.62259871
4163.3000 0.64191693
4164.2000 0.62150455
4165.1000 0.59161186
4166.0000 0.57195657
4166.9000 0.54618311
4167.8000 0.52880675
4168.7000 0.55707175
4169.6000 0.59868872
4170.5000 0.60411054
4171.4000 0.56661755
4172.3000 0.49582455
4173.2000 0.45702362
4174.1000 0.47590438
4175.0000 0.51049024
4175.9000 0.53025627
4176.8000 0.52517706
4177.7000 0.50632888
4178.6000 0.50939405
4179.5000 0.53573805
4180.4000 0.55394655
4181.3000 0.54032534
4182.2000 0.53019804
4183.1000 0.55268645
4184.0000 0.58919841
4184.9000 0.63188308
4185.8000 0.63452184
4186.7000 0.56819028
4187.6000 0.51433408
4188.5000 0.53918618
4189.4000 0.58890265
4190.3000 0.59549588
4191.2000 0.58063048
4192.1000 0.58047038
4193.0000 0.6187948
4193.9000 0.62936711
4194.8000 0.5873518
4195.7000 0.52444482
4196.6000 0.48215955
4197.5000 0.47223067
4198.4000 0.47555649
4199.3000 0.49039727
4200.2000 0.52178961
4201.1000 0.52061743
4202.0000 0.49015343
4202.9000 0.50302744
4203.8000 0.55289775
4204.7000 0.57178825
4205.6000 0.59513044
4206.5000 0.63203865
4207.4000 0.65291566
4208.3000 0.67184216
4209.2000 0.65213007
4210.1000 0.61361164
4211.0000 0.5975998
4211.9000 0.62521619
4212.8000 0.62795681
4213.7000 0.59094894
4214.6000 0.52913582
4215.5000 0.47304723
4216.4000 0.49575531
4217.3000 0.61432731
4218.2000 0.69567132
4219.1000 0.72505945
4220.0000 0.73132944
4220.9000 0.74737424
4221.8000 0.73684514
4222.7000 0.66570228
4223.6000 0.60324121
4224.5000 0.53425211
4225.4000 0.43860635
4226.3000 0.33441889
4227.2000 0.30517453
4228.1000 0.43110794
4229.0000 0.60162443
4229.9000 0.67422646
4230.8000 0.69337368
4231.7000 0.70988184
4232.6000 0.66883779
4233.5000 0.61569989
4234.4000 0.61898166
4235.3000 0.61975843
4236.2000 0.56907046
4237.1000 0.55240124
4238.0000 0.59378594
4238.9000 0.61471546
4239.8000 0.6156857
4240.7000 0.63961887
4241.6000 0.68474966
4242.5000 0.69196939
4243.4000 0.68033326
4244.3000 0.72460437
4245.2000 0.76461947
4246.1000 0.7389527
4247.0000 0.67640066
4247.9000 0.61523461
4248.8000 0.57669032
4249.7000 0.54768962
4250.6000 0.52741593
4251.5000 0.5603525
4252.4000 0.62299073
4253.3000 0.6261462
4254.2000 0.57642788
4255.1000 0.54512656
4256.0000 0.59923357
4256.9000 0.68309623
4257.8000 0.70601898
4258.7000 0.63989103
4259.6000 0.55088395
4260.5000 0.49978071
4261.4000 0.51157087
4262.3000 0.6041885
4263.2000 0.70540655
4264.1000 0.74611109
4265.0000 0.75253755
4265.9000 0.76887542
4266.8000 0.75375527
4267.7000 0.6954006
4268.6000 0.6544103
4269.5000 0.62251258
4270.4000 0.55201346
4271.3000 0.45469511
4272.2000 0.41596738
4273.1000 0.46471408
4274.0000 0.50155383
4274.9000 0.49876663
4275.8000 0.54182118
4276.7000 0.62816501
4277.6000 0.69448674
4278.5000 0.7188921
4279.4000 0.68047738
4280.3000 0.6048761
4281.2000 0.58813989
4282.1000 0.63013124
4283.0000 0.65880227
4283.9000 0.67339259
4284.8000 0.64072251
4285.7000 0.5882858
4286.6000 0.58639592
4287.5000 0.62055248
4288.4000 0.61143631
4289.3000 0.53627747
4290.2000 0.47882238
4291.1000 0.50671619
4292.0000 0.581285
4292.9000 0.64295304
4293.8000 0.63779873
4294.7000 0.59863049
4295.6000 0.5985617
4296.5000 0.5898338
4297.4000 0.54381555
4298.3000 0.4888739
4299.2000 0.41620323
4300.1000 0.37256476
4301.0000 0.39810118
4301.9000 0.44064409
4302.8000 0.43813673
4303.7000 0.43122706
4304.6000 0.43889892
4305.5000 0.4317297
4306.4000 0.41775414
4307.3000 0.3857004
4308.2000 0.33200678
4309.1000 0.3310298
4310.0000 0.36241919
4310.9000 0.40054381
4311.8000 0.44213778
4312.7000 0.49508572
4313.6000 0.56178963
4314.5000 0.62079436
4315.4000 0.70362967
4316.3000 0.83679599
4317.2000 0.89874405
4318.1000 0.88592964
4319.0000 0.8616389
4319.9000 0.84408879
4320.8000 0.80657321
4321.7000 0.76685333
4322.6000 0.72884846
4323.5000 0.61404288
4324.4000 0.48949957
4325.3000 0.43058342
4326.2000 0.43767014
4327.1000 0.57592839
4328.0000 0.74125832
4328.9000 0.82690269
4329.8000 0.81708056
4330.7000 0.78407401
4331.6000 0.78555644
4332.5000 0.81411219
4333.4000 0.8231203
4334.3000 0.83188778
4335.2000 0.86322832
4336.1000 0.85775197
4337.0000 0.76481616
4337.9000 0.64062399
4338.8000 0.5983519
4339.7000 0.56724894
4340.6000 0.54256165
4341.5000 0.59763885
4342.4000 0.71043801
4343.3000 0.75480199
4344.2000 0.74292165
4345.1000 0.78126115
4346.0000 0.82545024
4346.9000 0.79426914
4347.8000 0.78040862
4348.7000 0.82605267
4349.6000 0.85853386
4350.5000 0.79119408
4351.4000 0.65422142
4352.3000 0.58084655
4353.2000 0.62768805
4354.1000 0.71364862
4355.0000 0.72909367
4355.9000 0.73670173
4356.8000 0.77784115
4357.7000 0.79570562
4358.6000 0.74931234
4359.5000 0.70044744
4360.4000 0.72828764
4361.3000 0.80937129
4362.2000 0.8432467
4363.1000 0.8193236
4364.0000 0.82679617
4364.9000 0.87508875
4365.8000 0.87669337
4366.7000 0.81191528
4367.6000 0.73970628
4368.5000 0.72795242
4369.4000 0.75385594
4370.3000 0.76279289
4371.2000 0.76318234
4372.1000 0.76404744
4373.0000 0.73276049
4373.9000 0.6698665
4374.8000 0.61443925
4375.7000 0.61391228
4376.6000 0.68848145
4377.5000 0.77813435
4378.4000 0.81216025
4379.3000 0.79571795
4380.2000 0.76301557
4381.1000 0.73193783
4382.0000 0.66079634
4382.9000 0.50914192
4383.8000 0.3767862
4384.7000 0.3979398
4385.6000 0.54281265
4386.5000 0.67396855
4387.4000 0.71332979
4388.3000 0.6955899
4389.2000 0.67473722
4390.1000 0.6533165
4391.0000 0.65254259
4391.9000 0.68593931
4392.8000 0.72220236
4393.7000 0.72469985
4394.6000 0.70378464
4395.5000 0.7089684
4396.4000 0.76742542
4397.3000 0.83117908
4398.2000 0.8352747
4399.1000 0.78453875
4400.0000 0.71579236
4400.9000 0.68613356
4401.8000 0.7420854
4402.7000 0.79312819
4403.6000 0.71189302
4404.5000 0.56722289
4405.4000 0.53569883
4406.3000 0.62626451
4407.2000 0.68415725
4408.1000 0.66734087
4409.0000 0.67825925
4409.9000 0.75273257
4410.8000 0.82269877
4411.7000 0.86072946
4412.6000 0.87872899
4413.5000 0.85451579
4414.4000 0.75084794
4415.3000 0.65156835
4416.2000 0.66860479
4417.1000 0.73771596
4418.0000 0.79024506
4418.9000 0.84055513
4419.8000 0.87752879
4420.7000 0.86005867
4421.6000 0.79516369
4422.5000 0.73156965
4423.4000 0.73547614
4424.3000 0.77892005
4425.2000 0.79210049
4426.1000 0.77806163
4427.0000 0.78515869
4427.9000 0.8028183
4428.8000 0.81749785
4429.7000 0.77670562
4430.6000 0.72294229
4431.5000 0.75956124
4432.4000 0.81283444
4433.3000 0.78173655
4434.2000 0.72020149
4435.1000 0.67699581
4436.0000 0.68191111
4436.9000 0.7620073
4437.8000 0.84147304
4438.7000 0.88486737
4439.6000 0.88893038
4440.5000 0.83577275
4441.4000 0.76514465
4442.3000 0.72711426
4443.2000 0.72034049
4444.1000 0.76542568
4445.0000 0.84252816
4445.9000 0.89258218
4446.8000 0.87597811
4447.7000 0.85617709
4448.6000 0.88371319
4449.5000 0.88137251
4450.4000 0.84634829
4451.3000 0.84426612
4452.2000 0.85750794
4453.1000 0.83767611
4454.0000 0.78231269
4454.9000 0.72000557
4455.8000 0.69612008
4456.7000 0.74088722
4457.6000 0.75427753
4458.5000 0.73852813
4459.4000 0.71487629
4460.3000 0.71014011
4461.2000 0.690777
4462.1000 0.66767591
4463.0000 0.72923833
4463.9000 0.81638885
4464.8000 0.82433653
4465.7000 0.81325054
4466.6000 0.82042068
4467.5000 0.81624967
4468.4000 0.81642294
4469.3000 0.78456557
4470.2000 0.77250046
4471.1000 0.80627573
4472.0000 0.84610486
4472.9000 0.87416774
4473.8000 0.90458101
4474.7000 0.90696949
4475.6000 0.90237951
4476.5000 0.92850858
4477.4000 0.96383566
4478.3000 0.95825291
4479.2000 0.89695543
4480.1000 0.81331033
4481.0000 0.76423937
4481.9000 0.7591911
4482.8000 0.79388338
4483.7000 0.86868793
4484.6000 0.92828053
4485.5000 0.95740855
4486.4000 0.95958871
4487.3000 0.92893744
4488.2000 0.86755222
4489.1000 0.80867362
4490.0000 0.7925632
4490.9000 0.82816303
4491.8000 0.88489431
4492.7000 0.90907538
4493.6000 0.86475646
4494.5000 0.78960383
4495.4000 0.76532811
4496.3000 0.79902828
4497.2000 0.84377247
4498.1000 0.90461659
4499.0000 0.93450654
4499.9000 0.92850202
4500.8000 0.9029572
4501.7000 0.87661093
4502.6000 0.90985954
4503.5000 0.98903257
4504.4000 1.0317409
4505.3000 1.02097893
4506.2000 1.00021315
4507.1000 0.97662646
4508.0000 0.95717347
4508.9000 0.96296066
4509.8000 0.97616446
4510.7000 0.987786
4511.6000 0.97266781
4512.5000 0.92676622
4513.4000 0.89519542
4514.3000 0.8785333
4515.2000 0.8819766
4516.1000 0.90427244
4517.0000 0.90404844
4517.9000 0.8809709
4518.8000 0.88377523
4519.7000 0.92925048
4520.6000 0.96980321
4521.5000 0.97839314
4522.4000 0.92948389
4523.3000 0.87463087
4524.2000 0.8759042
4525.1000 0.86519784
4526.0000 0.81697381
4526.9000 0.76887661
4527.8000 0.74072015
4528.7000 0.72851193
4529.6000 0.73938477
4530.5000 0.76914585
4531.4000 0.79936069
4532.3000 0.84542519
4533.2000 0.84900343
4534.1000 0.79581404
4535.0000 0.7552222
4535.9000 0.76549876
4536.8000 0.85809869
4537.7000 0.95088214
4538.6000 0.94972706
4539.5000 0.90507501
4540.4000 0.86203438
4541.3000 0.84166187
4542.2000 0.87356901
4543.1000 0.90971458
4544.0000 0.89721519
4544.9000 0.85399735
4545.8000 0.84430313
4546.7000 0.87313443
4547.6000 0.885831
4548.5000 0.86344123
4549.4000 0.81908357
4550.3000 0.82339376
4551.2000 0.87077928
4552.1000 0.87725103
4553.0000 0.85104984
4553.9000 0.83471113
4554.8000 0.82227331
4555.7000 0.83472288
4556.6000 0.88802546
4557.5000 0.94359297
4558.4000 0.96307153
4559.3000 0.95903701
4560.2000 0.94750446
4561.1000 0.94662195
4562.0000 0.95602715
4562.9000 0.93090421
4563.8000 0.87020564
4564.7000 0.82388961
4565.6000 0.81640041
4566.5000 0.86758089
4567.4000 0.9382059
4568.3000 0.96307325
4569.2000 0.95355707
4570.1000 0.94397199
4571.0000 0.89479327
4571.9000 0.8488937
4572.8000 0.90514797
4573.7000 0.9768061
4574.6000 0.96225828
4575.5000 0.94127327
4576.4000 0.95502979
4577.3000 0.95735747
4578.2000 0.93977219
4579.1000 0.89470303
4580.0000 0.82912183
4580.9000 0.79765743
4581.8000 0.83135003
4582.7000 0.87848395
4583.6000 0.87919331
4584.5000 0.86342007
4585.4000 0.85339868
4586.3000 0.8419863
4587.2000 0.88008535
4588.1000 0.94366622
4589.0000 0.97535741
4589.9000 0.97827262
4590.8000 0.94493902
4591.7000 0.89463943
4592.6000 0.86370391
4593.5000 0.86611307
4594.4000 0.8630029
4595.3000 0.84948045
4596.2000 0.85214114
4597.1000 0.86682361
4598.0000 0.87238234
4598.9000 0.89664716
4599.8000 0.89474148
4600.7000 0.85412586
4601.6000 0.87010866
4602.5000 0.90093386
4603.4000 0.89853346
4604.3000 0.89757073
4605.2000 0.87864673
4606.1000 0.88185966
4607.0000 0.92364001
4607.9000 0.97348613
4608.8000 1.02314484
4609.7000 1.02869856
4610.6000 0.99221003
4611.5000 0.94372028
4612.4000 0.93408215
4613.3000 0.92375857
4614.2000 0.92416692
4615.1000 0.96678233
4616.0000 0.97392881
4616.9000 0.974338
4617.8000 0.98145574
4618.7000 0.96531004
4619.6000 0.93655473
4620.5000 0.96694976
4621.4000 1.00099921
4622.3000 0.97947538
4623.2000 0.95991826
4624.1000 0.97817963
4625.0000 0.97374982
4625.9000 0.94731981
4626.8000 0.96114612
4627.7000 0.98512697
4628.6000 0.97061694
4629.5000 0.93854499
4630.4000 0.9467991
4631.3000 0.98590487
4632.2000 0.98277354
4633.1000 0.93191433
4634.0000 0.91105616
4634.9000 0.92577511
4635.8000 0.93477452
4636.7000 0.92339087
4637.6000 0.89112115
4638.5000 0.87246591
4639.4000 0.87797737
4640.3000 0.87531751
4641.2000 0.92594063
4642.1000 0.961954
4643.0000 0.95192915
4643.9000 0.92184895
4644.8000 0.90282124
4645.7000 0.86221063
4646.6000 0.80798042
4647.5000 0.79239035
4648.4000 0.82412571
4649.3000 0.86181426
4650.2000 0.89784008
4651.1000 0.93018556
4652.0000 0.94572288
4652.9000 0.95453495
4653.8000 0.94036591
4654.7000 0.88116574
4655.6000 0.85812563
4656.5000 0.8775022
4657.4000 0.9136914
4658.3000 0.97907966
4659.2000 1.02611792
4660.1000 1.03458345
4661.0000 1.00874579
4661.9000 0.95566636
4662.8000 0.90743029
4663.7000 0.8822782
4664.6000 0.89260691
4665.5000 0.87828922
4666.4000 0.80264735
4667.3000 0.7274462
4668.2000 0.73045301
4669.1000 0.8074913
4670.0000 0.88038921
4670.9000 0.92916399
4671.8000 0.94972306
4672.7000 0.92769605
4673.6000 0.89982647
4674.5000 0.89458084
4675.4000 0.91980833
4676.3000 0.965608
4677.2000 0.97748506
4678.1000 0.93985856
4679.0000 0.89773005
4679.9000 0.87891155
4680.8000 0.86389863
4681.7000 0.85677707
4682.6000 0.87954742
4683.5000 0.92543828
4684.4000 0.9457556
4685.3000 0.94041646
4686.2000 0.93636763
4687.1000 0.92223918
4688.0000 0.89766562
4688.9000 0.89905345
4689.8000 0.91962129
4690.7000 0.90776306
4691.6000 0.89239264
4692.5000 0.90096223
4693.4000 0.92244858
4694.3000 0.93573874
4695.2000 0.96378291
4696.1000 0.99009597
4697.0000 0.97265184
4697.9000 0.91177082
4698.8000 0.85305333
4699.7000 0.85094386
4700.6000 0.8778621
4701.5000 0.87043476
4702.4000 0.85643572
4703.3000 0.84819549
4704.2000 0.87376255
4705.1000 0.91150153
4706.0000 0.91719317
4706.9000 0.89386964
4707.8000 0.8628453
4708.7000 0.85383344
4709.6000 0.85820097
4710.5000 0.89365083
4711.4000 0.94346499
4712.3000 0.94766766
4713.2000 0.92129278
4714.1000 0.88480932
4715.0000 0.86948496
4715.9000 0.91571742
4716.8000 0.97343779
4717.7000 0.9934271
4718.6000 0.99972451
4719.5000 1.02030981
4720.4000 1.03140926
4721.3000 1.01710081
4722.2000 0.98706365
4723.1000 0.97273886
4724.0000 0.99541491
4724.9000 1.0233407
4725.8000 1.01599574
4726.7000 0.9558838
4727.6000 0.86644286
4728.5000 0.82417411
4729.4000 0.83761895
4730.3000 0.8571254
4731.2000 0.87618148
4732.1000 0.91373318
4733.0000 0.94182271
4733.9000 0.93817878
4734.8000 0.95143837
4735.7000 0.95137757
4736.6000 0.91002244
4737.5000 0.90948474
4738.4000 0.96224034
4739.3000 0.97938907
4740.2000 0.94987649
4741.1000 0.92944509
4742.0000 0.94231421
4742.9000 0.97306484
4743.8000 0.99007362
4744.7000 0.97182178
4745.6000 0.96162343
4746.5000 0.99779713
4747.4000 1.02412391
4748.3000 1.00946212
4749.2000 0.99856293
4750.1000 0.99761379
4751.0000 0.99438119
4751.9000 0.97655112
4752.8000 0.96056485
4753.7000 0.94724345
4754.6000 0.92942065
4755.5000 0.92864561
4756.4000 0.93275326
4757.3000 0.94406581
4758.2000 0.95878041
4759.1000 0.97793263
4760.0000 1.00042796
4760.9000 0.99063748
4761.8000 0.941208
4762.7000 0.90409088
4763.6000 0.90404797
4764.5000 0.89553815
4765.4000 0.87317252
4766.3000 0.86239326
4767.2000 0.88902944
4768.1000 0.92591494
4769.0000 0.96948934
4769.9000 1.01144981
4770.8000 1.0011735
4771.7000 0.95461255
4772.6000 0.94687986
4773.5000 0.97906566
4774.4000 1.03020024
4775.3000 1.04288566
4776.2000 1.01612949
4777.1000 1.01722383
4778.0000 1.04092383
4778.9000 1.03958392
4779.8000 1.01644742
4780.7000 1.01719177
4781.6000 1.0178045
4782.5000 0.98489642
4783.4000 0.95184791
4784.3000 0.96942914
4785.2000 0.98377323
4786.1000 0.94330722
4787.0000 0.92281675
4787.9000 0.95518488
4788.8000 0.95275831
4789.7000 0.92973942
4790.6000 0.94355386
4791.5000 0.96098942
4792.4000 0.9759534
4793.3000 1.00829268
4794.2000 1.05524445
4795.1000 1.08117068
4796.0000 1.06561065
4796.9000 1.03416705
4797.8000 0.99440253
4798.7000 0.94760644
4799.6000 0.92577863
4800.5000 0.93777454
4801.4000 0.99115634
4802.3000 1.03647006
4803.2000 1.04419172
4804.1000 1.0284518
4805.0000 0.98752004
4805.9000 0.97605574
4806.8000 0.96433693
4807.7000 0.94006938
4808.6000 0.93919098
4809.5000 0.96726942
4810.4000 0.99625945
4811.3000 1.00216448
4812.2000 0.99349314
4813.1000 0.98314828
4814.0000 0.98746866
4814.9000 1.00505865
4815.8000 1.02550077
4816.7000 1.03739965
4817.6000 1.03955841
4818.5000 1.03989816
4819.4000 1.05610025
4820.3000 1.05146563
4821.2000 1.03512871
4822.1000 1.01862919
4823.0000 0.962731
4823.9000 0.92067313
4824.8000 0.9560799
4825.7000 1.00494218
4826.6000 1.02842414
4827.5000 1.0094806
4828.4000 0.98799533
4829.3000 0.97553849
4830.2000 0.99356985
4831.1000 0.98192501
4832.0000 0.93449962
4832.9000 0.94391
4833.8000 0.9935376
4834.7000 1.01587737
4835.6000 1.01059985
4836.5000 0.996391
4837.4000 1.00968432
4838.3000 0.99633795
4839.2000 0.95028967
4840.1000 0.92428726
4841.0000 0.93247002
4841.9000 0.96499395
4842.8000 0.95480454
4843.7000 0.93883312
4844.6000 0.98158681
4845.5000 1.01966298
4846.4000 1.02555335
4847.3000 1.00936198
4848.2000 0.9669503
4849.1000 0.94353962
4850.0000 0.97774178
4850.9000 1.01320267
4851.8000 0.99300534
4852.7000 0.99540019
4853.6000 0.99270082
4854.5000 0.94235152
4855.4000 0.87890518
4856.3000 0.881055
4857.2000 0.94631952
4858.1000 0.94992542
4859.0000 0.9010458
4859.9000 0.81655341
4860.8000 0.70755106
4861.7000 0.6577059
4862.6000 0.77286988
4863.5000 0.87161779
4864.4000 0.87985957
4865.3000 0.91046888
4866.2000 0.94600463
4867.1000 0.95210886
4868.0000 0.93081582
4868.9000 0.92960125
4869.8000 0.93496829
4870.7000 0.86084539
4871.6000 0.78320724
4872.5000 0.8105464
4873.4000 0.88937974
4874.3000 0.92350745
4875.2000 0.92319995
4876.1000 0.92957658
4877.0000 0.96060818
4877.9000 0.96945935
4878.8000 0.98940265
4879.7000 1.04249012
4880.6000 1.01236641
4881.5000 0.94689226
4882.4000 0.93736964
4883.3000 0.97876328
4884.2000 0.96853608
4885.1000 0.91584706
4886.0000 0.87728018
4886.9000 0.88539642
4887.8000 0.90578878
4888.7000 0.91659456
4889.6000 0.89441603
4890.5000 0.85251802
4891.4000 0.79573441
4892.3000 0.8743726
4893.2000 0.99664283
4894.1000 1.05447006
4895.0000 1.08840454
4895.9000 1.09511733
4896.8000 1.07600617
4897.7000 1.07092547
4898.6000 1.0618521
4899.5000 1.02077055
4900.4000 0.98605406
4901.3000 1.01125062
4902.2000 1.01860523
4903.1000 0.98259628
4904.0000 0.96541744
4904.9000 1.0022676
4905.8000 1.04820061
4906.7000 1.06668103
4907.6000 1.02961814
4908.5000 0.97982591
4909.4000 0.9362337
4910.3000 0.89478296
4911.2000 0.89949858
4912.1000 0.9413349
4913.0000 0.97772312
4913.9000 1.00273848
4914.8000 1.02786458
4915.7000 1.05440164
4916.6000 1.04059148
4917.5000 0.97657001
4918.4000 0.87719733
4919.3000 0.78648496
4920.2000 0.74858427
4921.1000 0.77359515
4922.0000 0.86821091
4922.9000 0.93046391
4923.8000 0.93651885
4924.7000 0.91111827
4925.6000 0.93035126
4926.5000 0.98476893
4927.4000 1.00659454
4928.3000 1.01483703
4929.2000 1.05752766
4930.1000 1.05970001
4931.0000 1.04273939
4931.9000 1.04651284
4932.8000 0.99276781
4933.7000 0.919249
4934.6000 0.92536956
4935.5000 0.98789424
4936.4000 0.98544341
4937.3000 0.93030351
4938.2000 0.86488825
4939.1000 0.85166138
4940.0000 0.90779239
4940.9000 0.99847072
4941.8000 1.04076481
4942.7000 1.04274118
4943.6000 1.05552065
4944.5000 1.06098044
4945.4000 1.02975202
4946.3000 1.00456142
4947.2000 1.03052998
4948.1000 1.06345844
4949.0000 1.06953311
4949.9000 1.0637244
4950.8000 1.06565583
4951.7000 1.07227361
4952.6000 1.04989433
4953.5000 1.03610575
4954.4000 1.04129219
4955.3000 1.0355022
4956.2000 0.98401797
4957.1000 0.85288668
4958.0000 0.79578888
4958.9000 0.91637111
4959.8000 1.04715931
4960.7000 1.07776952
4961.6000 1.06123722
4962.5000 1.05310762
4963.4000 1.06605124
4964.3000 1.04670727
4965.2000 0.98673999
4966.1000 0.95242149
4967.0000 0.96969873
4967.9000 0.98106635
4968.8000 0.96956939
4969.7000 0.97885287
4970.6000 0.99025941
4971.5000 1.01858795
4972.4000 1.05580175
4973.3000 1.06074202
4974.2000 1.06476653
4975.1000 1.05929554
4976.0000 1.03504825
4976.9000 1.01688766
4977.8000 0.98674774
4978.7000 0.9553721
4979.6000 0.95891929
4980.5000 0.96706277
4981.4000 0.94001371
4982.3000 0.87843466
4983.2000 0.83948302
4984.1000 0.854379
4985.0000 0.88599169
4985.9000 0.91594976
4986.8000 0.97566521
4987.7000 1.02609277
4988.6000 1.02058744
4989.5000 0.99965024
4990.4000 0.98257238
4991.3000 0.97113335
4992.2000 0.99071729
4993.1000 1.00079155
4994.0000 0.98132873
4994.9000 0.99250126
4995.8000 1.01480389
4996.7000 1.0083288
4997.6000 1.0032959
4998.5000 0.99228519
4999.4000 0.95456135
5000.3000 0.92651784
5001.2000 0.92758179
5002.1000 0.93006837
5003.0000 0.93510848
5003.9000 0.93614852
5004.8000 0.90889233
5005.7000 0.85611945
5006.6000 0.84261614
5007.5000 0.90440494
5008.4000 0.98429227
5009.3000 1.00656605
5010.2000 0.97665173
5011.1000 0.94715977
5012.0000 0.89771175
5012.9000 0.84899855
5013.8000 0.82892311
5014.7000 0.84082377
5015.6000 0.89196402
5016.5000 0.9230997
5017.4000 0.90587598
5018.3000 0.88369304
5019.2000 0.90323609
5020.1000 0.93772078
5021.0000 0.93649113
5021.9000 0.9041419
5022.8000 0.895401
5023.7000 0.93601716
5024.6000 0.95944643
5025.5000 0.96087563
5026.4000 0.95334578
5027.3000 0.91219133
5028.2000 0.9046641
5029.1000 0.96133596
5030.0000 0.98934847
5030.9000 0.98583537
5031.8000 1.00248945
5032.7000 1.03599536
5033.6000 1.06017327
5034.5000 1.04027271
5035.4000 0.95995945
5036.3000 0.90470707
5037.2000 0.93535817
5038.1000 0.95438665
5039.0000 0.90816027
5039.9000 0.83792949
5040.8000 0.75912488
5041.7000 0.75341237
5042.6000 0.86595118
5043.5000 0.96660781
5044.4000 1.00232708
5045.3000 1.03671718
5046.2000 1.06512415
5047.1000 1.04215634
5048.0000 0.96656728
5048.9000 0.90175432
5049.8000 0.89448053
5050.7000 0.91601771
5051.6000 0.9177745
5052.5000 0.92652565
5053.4000 0.96954995
5054.3000 1.01157355
5055.2000 1.03259778
5056.1000 1.02710843
5057.0000 1.01397514
5057.9000 1.01663589
5058.8000 1.02264607
5059.7000 1.02314758
5060.6000 1.03877115
5061.5000 1.05969501
5062.4000 1.06047165
5063.3000 1.02829373
5064.2000 0.95565033
5065.1000 0.89527977
5066.0000 0.91540343
5066.9000 0.95443892
5067.8000 0.94560254
5068.7000 0.93361205
5069.6000 0.96675837
5070.5000 1.0050714
5071.4000 0.98013383
5072.3000 0.93025106
5073.2000 0.94222951
5074.1000 0.97906715
5075.0000 0.97417712
5075.9000 0.96493447
5076.8000 0.97703546
5077.7000 0.98359203
5078.6000 0.92271674
5079.5000 0.82660568
5080.4000 0.80576545
5081.3000 0.86117882
5082.2000 0.91344482
5083.1000 0.91826481
5084.0000 0.92267221
5084.9000 0.95405918
5085.8000 0.97883022
5086.7000 0.97860938
5087.6000 0.96771729
5088.5000 0.96764904
5089.4000 0.98588336
5090.3000 0.99906415
5091.2000 0.99825472
5092.1000 1.00740266
5093.0000 1.02787209
5093.9000 1.03677237
5094.8000 1.02117836
5095.7000 0.99692911
5096.6000 0.95888197
5097.5000 0.91149676
5098.4000 0.85805804
5099.3000 0.83831608
5100.2000 0.89833981
5101.1000 0.9745276
5102.0000 1.00308609
5102.9000 0.98759431
5103.8000 0.96056008
5104.7000 0.94463742
5105.6000 0.9444837
5106.5000 0.93445826
5107.4000 0.90458345
5108.3000 0.90452754
5109.2000 0.9128195
5110.1000 0.89632821
5111.0000 0.91334909
5111.9000 0.96618021
5112.8000 0.98568535
5113.7000 0.98331636
5114.6000 0.98771405
5115.5000 0.98805571
5116.4000 0.99790907
5117.3000 1.01984894
5118.2000 1.03253078
5119.1000 1.02669835
5120.0000 1.00718641
5120.9000 0.97565198
5121.8000 0.94667399
5122.7000 0.91296959
5123.6000 0.8677001
5124.5000 0.86256492
5125.4000 0.88308269
5126.3000 0.90378231
5127.2000 0.90770102
5128.1000 0.90217197
5129.0000 0.89749461
5129.9000 0.90240294
5130.8000 0.92503524
5131.7000 0.94735199
5132.6000 0.95936251
5133.5000 0.95619845
5134.4000 0.97313774
5135.3000 0.9982453
5136.2000 0.97604275
5137.1000 0.92708451
5138.0000 0.90338433
5138.9000 0.87159789
5139.8000 0.87067008
5140.7000 0.92981941
5141.6000 0.92343104
5142.5000 0.86486244
5143.4000 0.87193495
5144.3000 0.92242932
5145.2000 0.92317444
5146.1000 0.89587635
5147.0000 0.88046998
5147.9000 0.88263935
5148.8000 0.90860152
5149.7000 0.92761016
5150.6000 0.91092217
5151.5000 0.88690013
5152.4000 0.88278902
5153.3000 0.88991982
5154.2000 0.89735633
5155.1000 0.92230332
5156.0000 0.94975203
5156.9000 0.97392553
5157.8000 0.99450314
5158.7000 0.98995978
5159.6000 0.98829871
5160.5000 0.99995404
5161.4000 0.98324698
5162.3000 0.94093245
5163.2000 0.92992657
5164.1000 0.91614425
5165.0000 0.85488099
5165.9000 0.76450098
5166.8000 0.65686363
5167.7000 0.60187382
5168.6000 0.66115981
5169.5000 0.77997375
5170.4000 0.84524769
5171.3000 0.75359845
5172.2000 0.59382844
5173.1000 0.56891435
5174.0000 0.7270171
5174.9000 0.89520067
5175.8000 0.95382398
5176.7000 0.95386297
5177.6000 0.96908134
5178.5000 0.9857794
5179.4000 0.97514409
5180.3000 0.94591421
5181.2000 0.89834481
5182.1000 0.78333563
5183.0000 0.61454594
5183.9000 0.5407322
5184.8000 0.67309219
5185.7000 0.85729206
5186.6000 0.95402735
5187.5000 0.96937877
5188.4000 0.95237035
5189.3000 0.9720059
5190.2000 1.00056827
5191.1000 0.93459612
5192.0000 0.8302933
5192.9000 0.82687807
5193.8000 0.89423847
5194.7000 0.91468221
5195.6000 0.89607102
5196.5000 0.90997118
5197.4000 0.94466555
5198.3000 0.97050881
5199.2000 0.99754763
5200.1000 1.00701165
5201.0000 0.99858576
5201.9000 0.98367941
5202.8000 0.97496581
5203.7000 0.95744491
5204.6000 0.88508743
5205.5000 0.83461517
5206.4000 0.83427387
5207.3000 0.85423237
5208.2000 0.81754816
5209.1000 0.82329959
5210.0000 0.88415629
5210.9000 0.93439728
5211.8000 0.98414493
5212.7000 1.0148468
5213.6000 1.02207398
5214.5000 0.9860155
5215.4000 0.9281795
5216.3000 0.90850449
5217.2000 0.93460828
5218.1000 0.97473973
5219.0000 1.00903809
5219.9000 1.01484358
5220.8000 1.0195111
5221.7000 1.01857448
5222.6000 0.99798989
5223.5000 0.96521521
5224.4000 0.91521865
5225.3000 0.85659206
5226.2000 0.79212332
5227.1000 0.76564711
5228.0000 0.85578197
5228.9000 0.96220577
5229.8000 0.99011207
5230.7000 1.00147784
5231.6000 1.00134087
5232.5000 0.94626439
5233.4000 0.90490699
5234.3000 0.92221099
5235.2000 0.94379789
5236.1000 0.98725516
5237.0000 1.02776504
5237.9000 1.03984571
5238.8000 1.02834201
5239.7000 1.02436388
5240.6000 1.03962696
5241.5000 1.04459882
5242.4000 1.02778077
5243.3000 1.02231097
5244.2000 1.04978859
5245.1000 1.06817484
5246.0000 1.02215672
5246.9000 0.9455151
5247.8000 0.92779684
5248.7000 0.96142602
5249.6000 0.94543362
5250.5000 0.91311836
5251.4000 0.93639326
5252.3000 0.97230464
5253.2000 0.98430312
5254.1000 0.962686
5255.0000 0.92046392
5255.9000 0.94568342
5256.8000 1.02527368
5257.7000 1.06958807
5258.6000 1.07716143
5259.5000 1.0622524
5260.4000 1.02863336
5261.3000 0.97304302
5262.2000 0.89953512
5263.1000 0.84861684
5264.0000 0.81183773
5264.9000 0.78991181
5265.8000 0.76434344
5266.7000 0.81111604
5267.6000 0.88345957
5268.5000 0.82915723
5269.4000 0.69501942
5270.3000 0.69025135
5271.2000 0.83323038
5272.1000 0.93550146
5273.0000 0.941643
5273.9000 0.93375307
5274.8000 0.9156186
5275.7000 0.90251845
5276.6000 0.96530855
5277.5000 1.04652297
5278.4000 1.07381761
5279.3000 1.05092847
5280.2000 1.00200009
5281.1000 0.96234435
5282.0000 0.93770558
5282.9000 0.92325789
5283.8000 0.90995461
5284.7000 0.95642948
5285.6000 1.04568875
5286.5000 1.09392691
5287.4000 1.08445334
5288.3000 1.05605602
5289.2000 1.06303096
5290.1000 1.08928883
5291.0000 1.09535193
5291.9000 1.0787133
5292.8000 1.04731858
5293.7000 1.03619504
5294.6000 1.03770673
5295.5000 1.01983631
5296.4000 0.96075231
5297.3000 0.88276684
5298.2000 0.86322218
5299.1000 0.93036926
5300.0000 0.99183422
5300.9000 0.98002344
5301.8000 0.97205269
5302.7000 0.99773371
5303.6000 1.04831147
5304.5000 1.08610678
5305.4000 1.1013273
5306.3000 1.08144546
5307.2000 1.0540303
5308.1000 1.05612576
5309.0000 1.08470726
5309.9000 1.1025275
5310.8000 1.0958606
5311.7000 1.08629704
5312.6000 1.07209265
5313.5000 1.05900991
5314.4000 1.05696142
5315.3000 1.04359603
5316.2000 1.01709843
5317.1000 1.00772655
5318.0000 1.03020728
5318.9000 1.0326606
5319.8000 1.03046763
5320.7000 1.02865291
5321.6000 1.02349961
5322.5000 1.01377034
5323.4000 0.97865295
5324.3000 0.93837792
5325.2000 0.96364772
5326.1000 0.97150326
5327.0000 0.88977355
5327.9000 0.75201243
5328.8000 0.7412014
5329.7000 0.87221247
5330.6000 0.98083848
5331.5000 1.00847971
5332.4000 0.99077284
5333.3000 0.99365443
5334.2000 1.03875268
5335.1000 1.06525862
5336.0000 1.06060612
5336.9000 1.04424191
5337.8000 1.04032969
5338.7000 1.02097154
5339.6000 0.96101642
5340.5000 0.90331626
5341.4000 0.92996866
5342.3000 1.00413239
5343.2000 1.03165925
5344.1000 1.03459692
5345.0000 1.01718807
5345.9000 0.99955678
5346.8000 1.01292813
5347.7000 1.00920224
5348.6000 0.97828084
5349.5000 0.9744857
5350.4000 1.01097858
5351.3000 1.05240095
5352.2000 1.05849338
5353.1000 1.04993463
5354.0000 1.06337965
5354.9000 1.09821975
5355.8000 1.11072755
5356.7000 1.10441923
5357.6000 1.10670519
5358.5000 1.10784328
5359.4000 1.1040796
5360.3000 1.09407616
5361.2000 1.0640378
5362.1000 1.03862345
5363.0000 1.03705847
5363.9000 1.03406727
5364.8000 1.00778425
5365.7000 1.01003611
5366.6000 1.02295065
5367.5000 1.0158335
5368.4000 1.00847936
5369.3000 0.95987034
5370.2000 0.89210302
5371.1000 0.85957521
5372.0000 0.8988874
5372.9000 0.99616313
5373.8000 1.05620468
5374.7000 1.08297932
5375.6000 1.08419275
5376.5000 1.06620574
5377.4000 1.04687154
5378.3000 1.05599415
5379.2000 1.05870616
5380.1000 1.04609287
5381.0000 1.03650975
5381.9000 1.03352809
5382.8000 1.01776934
5383.7000 1.01903629
5384.6000 1.05522013
5385.5000 1.06572962
5386.4000 1.05277967
5387.3000 1.0379554
5388.2000 1.02794969
5389.1000 1.00715744
5390.0000 0.9885726
5390.9000 0.98091888
5391.8000 0.97412062
5392.7000 0.97015226
5393.6000 0.96689814
5394.5000 0.97259855
5395.4000 0.9641248
5396.3000 0.91759282
5397.2000 0.87612766
5398.1000 0.92373991
5399.0000 0.98216206
5399.9000 0.98613733
5400.8000 0.98314178
5401.7000 1.00930607
5402.6000 1.01101911
5403.5000 0.94932228
5404.4000 0.87067759
5405.3000 0.8330875
5406.2000 0.84938401
5407.1000 0.91539377
5408.0000 0.9594543
5408.9000 0.95006108
5409.8000 0.92060083
5410.7000 0.94505686
5411.6000 1.00108635
5412.5000 1.03552389
5413.4000 1.03194666
5414.3000 1.0171051
5415.2000 1.01472795
5416.1000 1.04128349
5417.0000 1.06078219
5417.9000 1.05584908
5418.8000 1.03243506
5419.7000 1.00436234
5420.6000 0.98667669
5421.5000 1.01114976
5422.4000 1.02835608
5423.3000 0.99671566
5424.2000 0.96029884
5425.1000 0.9944005
5426.0000 1.05044675
5426.9000 1.07990313
5427.8000 1.05259418
5428.7000 0.95810384
5429.6000 0.89387339
5430.5000 0.94344044
5431.4000 0.9991442
5432.3000 0.98258215
5433.2000 0.94926447
5434.1000 0.92594171
5435.0000 0.91905862
5435.9000 0.9422515
5436.8000 0.97967041
5437.7000 1.03937972
5438.6000 1.0845015
5439.5000 1.0993191
5440.4000 1.09420061
5441.3000 1.08290958
5442.2000 1.07968652
5443.1000 1.07781589
5444.0000 1.04820609
5444.9000 0.9935928
5445.8000 0.92998803
5446.7000 0.88788915
5447.6000 0.93904853
5448.5000 1.02974546
5449.4000 1.07976377
5450.3000 1.08758903
5451.2000 1.07817936
5452.1000 1.06234133
5453.0000 1.0387094
5453.9000 0.99796045
5454.8000 0.93485963
5455.7000 0.91221792
5456.6000 0.98041618
5457.5000 1.04966259
5458.4000 1.08127964
5459.3000 1.07799411
5460.2000 1.05080307
5461.1000 1.02507901
5462.0000 0.99072361
5462.9000 0.95900548
5463.8000 0.97820741
5464.7000 1.02186561
5465.6000 1.03801322
5466.5000 1.02471733
5467.4000 1.03461003
5468.3000 1.04787159
5469.2000 1.02991199
5470.1000 0.99961478
5471.0000 0.99863011
5471.9000 1.01364887
5472.8000 0.99171025
5473.7000 0.97703254
5474.6000 0.98327023
5475.5000 0.94967854
5476.4000 0.87913227
5477.3000 0.88881922
5478.2000 0.96907341
5479.1000 1.01484179
5480.0000 0.98896569
5480.9000 0.93369031
5481.8000 0.92893302
5482.7000 0.96482199
5483.6000 0.99757814
5484.5000 1.04603136
5485.4000 1.06271648
5486.3000 1.03117168
5487.2000 0.98098266
5488.1000 0.97429007
5489.0000 1.00244117
5489.9000 1.01165283
5490.8000 1.0267328
5491.7000 1.03924167
5492.6000 1.02188671
5493.5000 0.99910355
5494.4000 1.00876868
5495.3000 1.03164589
5496.2000 1.02819395
5497.1000 1.00167561
5498.0000 1.01368642
5498.9000 1.05583715
5499.8000 1.05879581
5500.7000 1.0225569
5501.6000 0.98935157
5502.5000 0.98915094
5503.4000 1.00078392
5504.3000 1.00908828
5505.2000 0.99312395
5506.1000 0.96270382
5507.0000 0.9749465
5507.9000 1.01652431
5508.8000 1.02715099
5509.7000 1.01578856
5510.6000 1.00359774
5511.5000 0.97327387
5512.4000 0.94284564
5513.3000 0.94920647
5514.2000 0.97353345
5515.1000 0.99372107
5516.0000 1.00384569
5516.9000 1.0104903
5517.8000 1.04220176
5518.7000 1.06630373
5519.6000 1.06374133
5520.5000 1.05127573
5521.4000 1.04523206
5522.3000 1.04405153
5523.2000 1.04658842
5524.1000 1.04329193
5525.0000 1.03282654
5525.9000 1.01443732
5526.8000 0.98571974
5527.7000 0.94967896
5528.6000 0.94589055
5529.5000 0.99252075
5530.4000 1.0307889
5531.3000 1.03599441
5532.2000 1.02572954
5533.1000 1.01885271
5534.0000 1.01173651
5534.9000 0.99353009
5535.8000 0.99479306
5536.7000 1.01232624
5537.6000 1.01213276
5538.5000 1.01692891
5539.4000 1.03881109
5540.3000 1.06223226
5541.2000 1.06657553
5542.1000 1.04654956
5543.0000 1.02052641
5543.9000 1.01680768
5544.8000 1.02930629
5545.7000 1.02649879
5546.6000 1.02279866
5547.5000 1.04635274
5548.4000 1.07333791
5549.3000 1.07779229
5550.2000 1.07429016
5551.1000 1.06880641
5552.0000 1.06238019
5552.9000 1.04111159
5553.8000 1.01489139
5554.7000 1.01262236
5555.6000 1.03062189
5556.5000 1.03581667
5557.4000 1.02846122
5558.3000 1.02719116
5559.2000 1.03488219
5560.1000 1.03592372
5561.0000 1.02061319
5561.9000 1.00087857
5562.8000 0.98542559
5563.7000 0.98932731
5564.6000 0.99978417
5565.5000 0.99150234
5566.4000 0.97966212
5567.3000 0.98535943
5568.2000 0.99536747
5569.1000 0.98752052
5570.0000 0.99460495
5570.9000 1.0190078
5571.8000 1.00151801
5572.7000 0.96959901
5573.6000 0.99020165
5574.5000 1.02918446
5575.4000 1.03379405
5576.3000 1.02267146
5577.2000 1.02211404
5578.1000 1.02618587
5579.0000 1.03266013
5579.9000 1.04448557
5580.8000 1.03885889
5581.7000 1.02545309
5582.6000 1.02757382
5583.5000 1.03369939
5584.4000 1.02447176
5585.3000 0.99411958
5586.2000 0.94391942
5587.1000 0.90348893
5588.0000 0.89482886
5588.9000 0.90782893
5589.8000 0.93297809
5590.7000 0.9664368
5591.6000 0.98219985
5592.5000 0.97981596
5593.4000 0.97155213
5594.3000 0.96582437
5595.2000 0.99693817
5596.1000 1.04800272
5597.0000 1.05370378
5597.9000 1.00958419
5598.8000 0.98490345
5599.7000 0.98530906
5600.6000 0.96983147
5601.5000 0.94896561
5602.4000 0.93611181
5603.3000 0.95960706
5604.2000 1.01729131
5605.1000 1.06156087
5606.0000 1.07962477
5606.9000 1.08169842
5607.8000 1.0717541
5608.7000 1.0689795
5609.6000 1.07221806
5610.5000 1.07513797
5611.4000 1.08127916
5612.3000 1.08618486
5613.2000 1.06851113
5614.1000 1.00271988
5615.0000 0.9186722
5615.9000 0.90546119
5616.8000 0.96446383
5617.7000 1.01088667
5618.6000 1.01987338
5619.5000 1.01801658
5620.4000 1.02246845
5621.3000 1.03800464
5622.2000 1.04708958
5623.1000 1.02287221
5624.0000 0.96572548
5624.9000 0.9413566
5625.8000 0.96853817
5626.7000 1.00142634
5627.6000 1.01290059
5628.5000 1.03196359
5629.4000 1.0618223
5630.3000 1.07358778
5631.2000 1.0736202
5632.1000 1.06876707
5633.0000 1.05292439
5633.9000 1.03470874
5634.8000 1.02707446
5635.7000 1.01045775
5636.6000 0.98982501
5637.5000 0.98392928
5638.4000 1.00051129
5639.3000 1.0169965
5640.2000 1.01252866
5641.1000 0.99372947
5642.0000 0.99071312
5642.9000 0.99945217
5643.8000 1.00305736
5644.7000 1.01028264
5645.6000 1.02206111
5646.5000 1.03213561
5647.4000 1.03453493
5648.3000 1.02604473
5649.2000 1.01306188
5650.1000 1.00864708
5651.0000 1.01971138
5651.9000 1.03719902
5652.8000 1.03939235
5653.7000 1.0207566
5654.6000 0.99293214
5655.5000 0.98986328
5656.4000 1.00564098
5657.3000 0.9720912
5658.2000 0.91160822
5659.1000 0.91822994
5660.0000 0.97544211
5660.9000 1.00100696
5661.8000 0.98233992
5662.7000 0.97206861
5663.6000 0.99594098
5664.5000 1.03440142
5665.4000 1.04550326
5666.3000 1.0316267
5667.2000 1.01426411
5668.1000 1.00766599
5669.0000 1.01397824
5669.9000 1.01874781
5670.8000 1.02590168
5671.7000 1.03884757
5672.6000 1.06483579
5673.5000 1.08009803
5674.4000 1.07304847
5675.3000 1.05704951
5676.2000 1.0591799
5677.1000 1.07051587
5678.0000 1.06167805
5678.9000 1.03992271
5679.8000 1.03339851
5680.7000 1.04466617
5681.6000 1.02188194
5682.5000 0.99195528
5683.4000 0.99527788
5684.3000 1.00698352
5685.2000 1.01888585
5686.1000 1.00542486
5687.0000 0.98756182
5687.9000 0.98658544
5688.8000 1.00645125
5689.7000 1.03094661
5690.6000 1.04325545
5691.5000 1.04448605
5692.4000 1.05131495
5693.3000 1.05192792
5694.2000 1.04439759
5695.1000 1.04106629
5696.0000 1.05244148
5696.9000 1.05386794
5697.8000 1.0190661
5698.7000 0.99832803
5699.6000 1.00064719
5700.5000 0.99174422
5701.4000 0.97396904
5702.3000 0.97314322
5703.2000 0.99715626
5704.1000 1.01431787
5705.0000 1.00697386
5705.9000 0.9786368
5706.8000 0.95737833
5707.7000 0.94613242
5708.6000 0.93004388
5709.5000 0.92010063
5710.4000 0.93363494
5711.3000 0.94062942
5712.2000 0.94835645
5713.1000 0.99315345
5714.0000 1.02542734
5714.9000 1.03071856
5715.8000 1.03835166
5716.7000 1.04729903
5717.6000 1.04810834
5718.5000 1.05934632
5719.4000 1.06805313
5720.3000 1.06663585
5721.2000 1.06736982
5722.1000 1.0812043
5723.0000 1.09065986
5723.9000 1.09518504
5724.8000 1.09305024
5725.7000 1.07196581
5726.6000 1.03976607
5727.5000 1.02455711
5728.4000 1.04771221
5729.3000 1.06987011
5730.2000 1.05859613
5731.1000 1.0317899
5732.0000 1.02647913
5732.9000 1.04919648
5733.8000 1.07369673
5734.7000 1.08163846
5735.6000 1.07963526
5736.5000 1.07387376
5737.4000 1.06786072
5738.3000 1.0654912
5739.2000 1.06436467
5740.1000 1.0631566
5741.0000 1.06299675
5741.9000 1.06004274
5742.8000 1.05434656
5743.7000 1.0572468
5744.6000 1.07667327
5745.5000 1.08981633
5746.4000 1.0780561
5747.3000 1.04108357
5748.2000 1.02309453
5749.1000 1.04686081
5750.0000 1.07830667
5750.9000 1.08033943
5751.8000 1.05106354
5752.7000 1.00700223
5753.6000 0.97330093
5754.5000 0.97725087
5755.4000 1.01893318
5756.3000 1.061306
5757.2000 1.0795511
5758.1000 1.08100986
5759.0000 1.0673281
5759.9000 1.04471147
5760.8000 1.02484059
5761.7000 1.00711298
5762.6000 0.99648106
5763.5000 1.01733637
5764.4000 1.06228924
5765.3000 1.08476043
5766.2000 1.0818578
5767.1000 1.08155012
5768.0000 1.08915114
5768.9000 1.09213972
5769.8000 1.09061205
5770.7000 1.07721174
5771.6000 1.06095552
5772.5000 1.05998886
5773.4000 1.06072021
5774.3000 1.05123103
5775.2000 1.04889989
5776.1000 1.06393504
5777.0000 1.07491899
5777.9000 1.0718987
5778.8000 1.05884278
5779.7000 1.02115524
5780.6000 0.9651829
5781.5000 0.93615544
5782.4000 0.94763702
5783.3000 0.968292
5784.2000 0.96602046
5785.1000 0.95099157
5786.0000 0.96589309
5786.9000 1.00692177
5787.8000 1.0398159
5788.7000 1.05123055
5789.6000 1.03953087
5790.5000 1.01599789
5791.4000 1.00844014
5792.3000 1.02128434
5793.2000 1.03523791
5794.1000 1.05320191
5795.0000 1.06994867
5795.9000 1.06768286
5796.8000 1.04342377
5797.7000 1.01440525
5798.6000 1.02014577
5799.5000 1.05792904
5800.4000 1.08635902
5801.3000 1.08893871
5802.2000 1.07941687
5803.1000 1.05862963
5804.0000 1.02792549
5804.9000 1.01166713
5805.8000 1.01985371
5806.7000 1.03521323
5807.6000 1.04417014
5808.5000 1.0451721
5809.4000 1.04486918
5810.3000 1.0536052
5811.2000 1.065979
5812.1000 1.06813931
5813.0000 1.06557798
5813.9000 1.05873716
5814.8000 1.03970087
5815.7000 1.01966596
5816.6000 1.02165246
5817.5000 1.05217826
5818.4000 1.08115399
5819.3000 1.09110987
5820.2000 1.09008241
5821.1000 1.08547544
5822.0000 1.08395088
5822.9000 1.07895982
5823.8000 1.07637215
5824.7000 1.08258164
5825.6000 1.08492935
5826.5000 1.07619858
5827.4000 1.06967127
5828.3000 1.07326353
5829.2000 1.08206749
5830.1000 1.08398569
5831.0000 1.07978213
5831.9000 1.07356465
5832.8000 1.06489325
5833.7000 1.05629182
5834.6000 1.05152249
5835.5000 1.05650747
5836.4000 1.07115424
5837.3000 1.06948602
5838.2000 1.05827928
5839.1000 1.06374073
5840.0000 1.08062828
5840.9000 1.09246469
5841.8000 1.09392965
5842.7000 1.09385204
5843.6000 1.09251153
5844.5000 1.0866704
5845.4000 1.07943368
5846.3000 1.06253648
5847.2000 1.04399335
5848.1000 1.04586685
5849.0000 1.06105769
5849.9000 1.07380736
5850.8000 1.0726037
5851.7000 1.05369043
5852.6000 1.02800882
5853.5000 1.01754403
5854.4000 1.02688229
5855.3000 1.03597128
5856.2000 1.01895285
5857.1000 0.98489827
5858.0000 0.97360069
5858.9000 0.99150997
5859.8000 1.01767898
5860.7000 1.03898501
5861.6000 1.03752685
5862.5000 1.03067875
5863.4000 1.04564536
5864.3000 1.06261015
5865.2000 1.05711162
5866.1000 1.03395355
5867.0000 1.02172279
5867.9000 1.03745866
5868.8000 1.06209838
5869.7000 1.07463789
5870.6000 1.07758677
5871.5000 1.07538414
5872.4000 1.06376648
5873.3000 1.05849433
5874.2000 1.06600845
5875.1000 1.07405162
5876.0000 1.0720799
5876.9000 1.06669867
5877.8000 1.05785275
5878.7000 1.0473237
5879.6000 1.03404653
5880.5000 1.02806365
5881.4000 1.04082191
5882.3000 1.04540217
5883.2000 1.03055918
5884.1000 1.01917624
5885.0000 1.02947807
5885.9000 1.05183089
5886.8000 1.05244839
5887.7000 1.00439322
5888.6000 0.89060336
5889.5000 0.75347215
5890.4000 0.73440772
5891.3000 0.84215546
5892.2000 0.93162239
5893.1000 0.9663533
5894.0000 0.96399325
5894.9000 0.88919252
5895.8000 0.80386859
5896.7000 0.84060967
5897.6000 0.94097036
5898.5000 0.99591106
5899.4000 1.01248074
5900.3000 1.02883422
5901.2000 1.04726481
5902.1000 1.05404413
5903.0000 1.05160713
5903.9000 1.05066586
5904.8000 1.04656029
5905.7000 1.03895521
5906.6000 1.04175353
5907.5000 1.05377293
5908.4000 1.06469584
5909.3000 1.06549311
5910.2000 1.06313956
5911.1000 1.06890392
5912.0000 1.0668385
5912.9000 1.04753304
5913.8000 1.01612031
5914.7000 1.00116456
5915.6000 0.99832267
5916.5000 1.01375234
5917.4000 1.04190385
5918.3000 1.05608225
5919.2000 1.05941069
5920.1000 1.06442797
5921.0000 1.05788541
5921.9000 1.04195392
5922.8000 1.04484177
5923.7000 1.05481219
5924.6000 1.063887
5925.5000 1.07188797
5926.4000 1.0652951
5927.3000 1.04954088
5928.2000 1.03230262
5929.1000 1.01410639
5930.0000 1.00649154
5930.9000 1.03264427
5931.8000 1.06034541
5932.7000 1.06011128
5933.6000 1.04010034
5934.5000 1.0248419
5935.4000 1.03024757
5936.3000 1.04793012
5937.2000 1.05309045
5938.1000 1.04956985
5939.0000 1.055686
5939.9000 1.05784643
5940.8000 1.04321814
5941.7000 1.03113925
5942.6000 1.0298996
5943.5000 1.03949976
5944.4000 1.05250585
5945.3000 1.06359351
5946.2000 1.06282926
5947.1000 1.04766941
5948.0000 1.02260792
5948.9000 1.01181102
5949.8000 1.02940297
5950.7000 1.04871202
5951.6000 1.03942943
5952.5000 1.00816572
5953.4000 1.00773382
5954.3000 1.04368997
5955.2000 1.05763876
5956.1000 1.0381043
5957.0000 1.02534878
5957.9000 1.0297519
5958.8000 1.03732407
5959.7000 1.04444945
5960.6000 1.05517983
5961.5000 1.0661056
5962.4000 1.0667268
5963.3000 1.06808639
5964.2000 1.06960368
5965.1000 1.0586946
5966.0000 1.04698288
5966.9000 1.05833673
5967.8000 1.07141066
5968.7000 1.07394123
5969.6000 1.07334125
5970.5000 1.08110833
5971.4000 1.08540177
5972.3000 1.07916045
5973.2000 1.07612991
5974.1000 1.06674254
5975.0000 1.05049372
5975.9000 1.03655875
5976.8000 1.02812791
5977.7000 1.02839315
5978.6000 1.03743005
5979.5000 1.05676508
5980.4000 1.07304966
5981.3000 1.07250094
5982.2000 1.05781996
5983.1000 1.02517104
5984.0000 0.99390572
5984.9000 0.99750656
5985.8000 1.01951325
5986.7000 1.02652407
5987.6000 1.03296721
5988.5000 1.0482688
5989.4000 1.05398834
5990.3000 1.04545856
5991.2000 1.03060257
5992.1000 1.02360415
5993.0000 1.0416373
5993.9000 1.05762696
5994.8000 1.05840719
5995.7000 1.04646695
5996.6000 1.01762426
5997.5000 0.99232668
5998.4000 0.99749309
5999.3000 1.02300215
6000.2000 1.04160881
6001.1000 1.04361928
6002.0000 1.02329504
6002.9000 1.00673044
6003.8000 1.01727402
6004.7000 1.02749515
6005.6000 1.01717567
6006.5000 1.00190616
6007.4000 0.97797626
6008.3000 0.96755564
6009.2000 0.99666137
6010.1000 1.03306484
6011.0000 1.04356372
6011.9000 1.02296472
6012.8000 0.99355239
6013.7000 0.99489582
6014.6000 1.01476419
6015.5000 1.01329195
6016.4000 0.99963546
6017.3000 1.00686395
6018.2000 1.02056074
6019.1000 1.00870311
6020.0000 0.98754519
6020.9000 0.9819048
6021.8000 0.99198776
6022.7000 1.00496042
6023.6000 1.01152456
6024.5000 1.02062118
6025.4000 1.03786814
6026.3000 1.0441916
6027.2000 1.03804743
6028.1000 1.04612863
6029.0000 1.05802667
6029.9000 1.05791342
6030.8000 1.0562048
6031.7000 1.06555414
6032.6000 1.07029843
6033.5000 1.06742859
6034.4000 1.06856215
6035.3000 1.0713644
6036.2000 1.0709163
6037.1000 1.07072008
6038.0000 1.06918216
6038.9000 1.06105852
6039.8000 1.0553726
6040.7000 1.05151141
6041.6000 1.04306805
6042.5000 1.0468545
6043.4000 1.06484675
6044.3000 1.07850623
6045.2000 1.07911134
6046.1000 1.07945871
6047.0000 1.07856917
6047.9000 1.07356441
6048.8000 1.06918192
6049.7000 1.07344103
6050.6000 1.07670879
6051.5000 1.07064366
6052.4000 1.06094599
6053.3000 1.04916871
6054.2000 1.03852272
6055.1000 1.02990592
6056.0000 1.02413929
6056.9000 1.0333004
6057.8000 1.04632401
6058.7000 1.05848289
6059.6000 1.06612813
6060.5000 1.06293035
6061.4000 1.05406129
6062.3000 1.03695142
6063.2000 1.02477229
6064.1000 1.01344407
6065.0000 0.98875892
6065.9000 0.99545294
6066.8000 1.03699231
6067.7000 1.0626713
6068.6000 1.06524491
6069.5000 1.0626862
6070.4000 1.06156278
6071.3000 1.0592339
6072.2000 1.06323934
6073.1000 1.06958842
6074.0000 1.07046235
6074.9000 1.06722331
6075.8000 1.05899191
6076.7000 1.04776728
6077.6000 1.02564776
6078.5000 1.00857079
6079.4000 1.01496387
6080.3000 1.02711856
6081.2000 1.02109075
6082.1000 1.0089612
6083.0000 1.01639962
6083.9000 1.02544188
6084.8000 1.01542282
6085.7000 1.00894535
6086.6000 1.01979005
6087.5000 1.03400493
6088.4000 1.03036916
6089.3000 1.00722265
6090.2000 0.98791575
6091.1000 0.99392819
6092.0000 1.00731039
6092.9000 1.00639772
6093.8000 1.01041639
6094.7000 1.03276742
6095.6000 1.04235113
6096.5000 1.03308296
6097.4000 1.0294019
6098.3000 1.03498912
6099.2000 1.04948831
6100.1000 1.05309141
6101.0000 1.02218258
6101.9000 0.95440906
6102.8000 0.91403842
6103.7000 0.95614266
6104.6000 1.01710153
6105.5000 1.03977025
6106.4000 1.03486156
6107.3000 1.02125371
6108.2000 1.01656973
6109.1000 1.03205454
6110.0000 1.03921795
6110.9000 1.0234549
6111.8000 1.01879537
6112.7000 1.03508174
6113.6000 1.04279709
6114.5000 1.04150391
6115.4000 1.02466655
6116.3000 1.01124787
6117.2000 1.02315104
6118.1000 1.02987039
6119.0000 1.01369023
6119.9000 0.9956032
6120.8000 0.98231304
6121.7000 0.95820802
6122.6000 0.95785785
6123.5000 1.00042522
6124.4000 1.03031814
6125.3000 1.02703476
6126.2000 1.0182488
6127.1000 1.01372266
6128.0000 1.00383401
6128.9000 1.00079215
6129.8000 1.01295388
6130.7000 1.02644134
6131.6000 1.03296828
6132.5000 1.04048586
6133.4000 1.04611194
6134.3000 1.02906227
6135.2000 0.98199755
6136.1000 0.90752572
6137.0000 0.8560493
6137.9000 0.89320868
6138.8000 0.97543353
6139.7000 1.02075136
6140.6000 1.00989926
6141.5000 0.98058867
6142.4000 0.98986703
6143.3000 1.02467465
6144.2000 1.04294586
6145.1000 1.04157674
6146.0000 1.04075158
6146.9000 1.03155363
6147.8000 1.015517
6148.7000 1.01511848
6149.6000 1.01690543
6150.5000 1.01051366
6151.4000 1.01135862
6152.3000 1.02701378
6153.2000 1.03198016
6154.1000 1.01380157
6155.0000 0.9967404
6155.9000 1.00324464
6156.8000 1.01398098
6157.7000 1.02157676
6158.6000 1.03261697
6159.5000 1.02170861
6160.4000 0.96874923
6161.3000 0.90089482
6162.2000 0.87379599
6163.1000 0.89691538
6164.0000 0.94257379
6164.9000 0.97950941
6165.8000 0.99199742
6166.7000 1.00830448
6167.6000 1.01686144
6168.5000 0.97757006
6169.4000 0.92591399
6170.3000 0.93329346
6171.2000 0.98842585
6172.1000 1.02389312
6173.0000 1.02133906
6173.9000 1.01803172
6174.8000 1.02216566
6175.7000 1.01136971
6176.6000 0.99931389
6177.5000 1.01077223
6178.4000 1.02764452
6179.3000 1.02551866
6180.2000 1.02004683
6181.1000 1.03529012
6182.0000 1.05002367
6182.9000 1.04860306
6183.8000 1.04753327
6184.7000 1.04597211
6185.6000 1.03320086
6186.5000 1.00919831
6187.4000 0.99337733
6188.3000 0.99721718
6189.2000 1.00506353
6190.1000 0.98550069
6191.0000 0.9408381
6191.9000 0.93879414
6192.8000 0.99283928
6193.7000 1.03576326
6194.6000 1.04407144
6195.5000 1.04331017
6196.4000 1.05065179
6197.3000 1.04954326
6198.2000 1.02769005
6199.1000 0.99227321
6200.0000 0.97587729
6200.9000 0.99913967
6201.8000 1.03320003
6202.7000 1.04370379
6203.6000 1.03800237
6204.5000 1.03561628
6205.4000 1.04084432
6206.3000 1.0440855
6207.2000 1.04448187
6208.1000 1.04177153
6209.0000 1.03763735
6209.9000 1.03299153
6210.8000 1.03201687
6211.7000 1.01940227
6212.6000 0.9892242
6213.5000 0.95919293
6214.4000 0.94844389
6215.3000 0.94745016
6216.2000 0.96649694
6217.1000 0.99240917
6218.0000 0.99710101
6218.9000 0.97378916
6219.8000 0.95334828
6220.7000 0.95901877
6221.6000 0.98489773
6222.5000 1.01387239
6223.4000 1.01697659
6224.3000 1.00094306
6225.2000 0.99894571
6226.1000 1.00707173
6227.0000 1.01169682
6227.9000 1.00997293
6228.8000 0.98732167
6229.7000 0.94537467
6230.6000 0.9108091
6231.5000 0.92237091
6232.4000 0.95645726
6233.3000 0.99191368
6234.2000 1.03435755
6235.1000 1.05346274
6236.0000 1.04091346
6236.9000 1.0213567
6237.8000 1.00529397
6238.7000 0.99943298
6239.6000 0.99036008
6240.5000 0.98211569
6241.4000 0.98440069
6242.3000 0.96716845
6243.2000 0.94209874
6244.1000 0.94845527
6245.0000 0.96361518
6245.9000 0.96427941
6246.8000 0.97699142
6247.7000 1.01031244
6248.6000 1.03523576
6249.5000 1.03581583
6250.4000 1.01454449
6251.3000 0.9763813
6252.2000 0.93962377
6253.1000 0.927472
6254.0000 0.93772405
6254.9000 0.94743603
6255.8000 0.94534051
6256.7000 0.93586719
6257.6000 0.92397052
6258.5000 0.91825753
6259.4000 0.94421875
6260.3000 0.97636026
6261.2000 0.99072582
6262.1000 1.00639033
6263.0000 1.02384186
6263.9000 1.01806974
6264.8000 0.99149776
6265.7000 0.98591268
6266.6000 1.00186431
6267.5000 1.01394022
6268.4000 1.00908446
6269.3000 0.99034315
6270.2000 0.9786616
6271.1000 0.98041975
6272.0000 0.99506325
6272.9000 1.01235449
6273.8000 1.00879288
6274.7000 1.00175965
6275.6000 1.01099408
6276.5000 1.02118695
6277.4000 1.01560783
6278.3000 1.00162292
6279.2000 0.98590225
6280.1000 0.96596044
6281.0000 0.96634316
6281.9000 0.98016596
6282.8000 0.99367177
6283.7000 1.01594591
6284.6000 1.02071071
6285.5000 1.01478612
6286.4000 1.02409351
6287.3000 1.03648341
6288.2000 1.03810501
6289.1000 1.03091276
6290.0000 1.01381671
6290.9000 0.99477023
6291.8000 0.99258816
6292.7000 0.99643874
6293.6000 1.00465202
6294.5000 1.01327956
6295.4000 1.00247169
6296.3000 0.97391111
6297.2000 0.95789367
6298.1000 0.96600819
6299.0000 0.98292869
6299.9000 0.98369455
6300.8000 0.96167129
6301.7000 0.93888068
6302.6000 0.94448644
6303.5000 0.97060335
6304.4000 0.99971658
6305.3000 1.01139557
6306.2000 1.01245236
6307.1000 1.02252555
6308.0000 1.02795923
6308.9000 1.01860821
6309.8000 1.0004797
6310.7000 0.98546934
6311.6000 0.97925639
6312.5000 0.98353648
6313.4000 0.98220634
6314.3000 0.9515599
6315.2000 0.92502159
6316.1000 0.93817484
6317.0000 0.94385183
6317.9000 0.92044616
6318.8000 0.91942555
6319.7000 0.95016724
6320.6000 0.97574645
6321.5000 0.97577518
6322.4000 0.96818626
6323.3000 0.97985703
6324.2000 1.00719559
6325.1000 1.0171442
6326.0000 1.01391864
6326.9000 1.00000763
6327.8000 0.99717325
6328.7000 1.00349259
6329.6000 0.99138755
6330.5000 0.98175335
6331.4000 0.98884451
6332.3000 1.00273073
6333.2000 1.01098025
6334.1000 0.98813874
6335.0000 0.94412065
6335.9000 0.92383152
6336.8000 0.93458229
6337.7000 0.95258147
6338.6000 0.95679337
6339.5000 0.96657544
6340.4000 0.99005556
6341.3000 0.99862057
6342.2000 0.98226357
6343.1000 0.95440304
6344.0000 0.93892443
6344.9000 0.95536512
6345.8000 0.97741711
6346.7000 0.9842276
6347.6000 0.99330992
6348.5000 1.00706851
6349.4000 1.00759733
6350.3000 0.99925858
6351.2000 1.00024486
6352.1000 1.00572312
6353.0000 0.99870032
6353.9000 0.97268021
6354.8000 0.94841278
6355.7000 0.95901579
6356.6000 0.97925657
6357.5000 0.96114486
6358.4000 0.93073547
6359.3000 0.92958999
6360.2000 0.93935651
6361.1000 0.93268913
6362.0000 0.92163152
6362.9000 0.92315727
6363.8000 0.93675917
6364.7000 0.95437574
6365.6000 0.96298158
6366.5000 0.96523196
6367.4000 0.9843868
6368.3000 0.99963868
6369.2000 0.99983937
6370.1000 0.99186349
6371.0000 0.99337399
6371.9000 1.00779748
6372.8000 1.01607525
6373.7000 1.01182675
6374.6000 1.00235271
6375.5000 0.99858487
6376.4000 0.99776232
6377.3000 0.99064118
6378.2000 0.9807384
6379.1000 0.98181254
6380.0000 0.98077005
6380.9000 0.97933424
6381.8000 0.99423444
6382.7000 1.00713754
6383.6000 1.00171137
6384.5000 0.99308914
6385.4000 1.00088096
6386.3000 1.01345718
6387.2000 1.01608837
6388.1000 1.01141727
6389.0000 1.00597918
6389.9000 1.00427449
6390.8000 1.00095165
6391.7000 0.97767776
6392.6000 0.93516612
6393.5000 0.91116303
6394.4000 0.9356218
6395.3000 0.97664559
6396.2000 1.00355601
6397.1000 1.00635648
6398.0000 0.99369645
6398.9000 0.95321155
6399.8000 0.89845914
6400.7000 0.90699452
6401.6000 0.965657
6402.5000 1.00503862
6403.4000 1.01165509
6404.3000 1.00405073
6405.2000 0.99611539
6406.1000 0.98445898
6407.0000 0.9589389
6407.9000 0.93891966
6408.8000 0.95539987
6409.7000 0.97842711
6410.6000 0.96367323
6411.5000 0.93889034
6412.4000 0.94995397
6413.3000 0.96746242
6414.2000 0.96923834
6415.1000 0.97463667
6416.0000 0.98340333
6416.9000 0.9865126
6417.8000 0.98443979
6418.7000 0.97137803
6419.6000 0.94843042
6420.5000 0.9286803
6421.4000 0.93211895
6422.3000 0.96848106
6423.2000 1.00082171
6424.1000 1.0041604
6425.0000 0.99942154
6425.9000 1.00382769
6426.8000 1.01202059
6427.7000 1.01674354
6428.6000 1.00896633
6429.5000 0.98026788
6430.4000 0.94138229
6431.3000 0.92853874
6432.2000 0.94813502
6433.1000 0.97810447
6434.0000 1.00213039
6434.9000 1.01069939
6435.8000 1.00777066
6436.7000 1.0000416
6437.6000 0.97847342
6438.5000 0.94369775
6439.4000 0.94118369
6440.3000 0.97638237
6441.2000 1.00792551
6442.1000 1.01872873
6443.0000 1.0162065
6443.9000 1.01124191
6444.8000 1.00868273
6445.7000 1.01738191
6446.6000 1.02652109
6447.5000 1.01371694
6448.4000 0.96683913
6449.3000 0.9006542
6450.2000 0.87868142
6451.1000 0.92337322
6452.0000 0.97686464
6452.9000 1.00239313
6453.8000 0.99961907
6454.7000 0.97328949
6455.6000 0.94563109
6456.5000 0.95405692
6457.4000 0.98636204
6458.3000 1.00673044
6459.2000 1.01383543
6460.1000 1.01062453
6461.0000 0.98186541
6461.9000 0.92992264
6462.8000 0.90539151
6463.7000 0.93081158
6464.6000 0.96568567
6465.5000 0.98372316
6466.4000 0.99202579
6467.3000 0.99484795
6468.2000 0.98504883
6469.1000 0.97124338
6470.0000 0.96410054
6470.9000 0.94915485
6471.8000 0.94327885
6472.7000 0.96607417
6473.6000 0.9873718
6474.5000 0.98293394
6475.4000 0.97101247
6476.3000 0.97820735
6477.2000 0.99379283
6478.1000 0.99894691
6479.0000 0.99842179
6479.9000 0.99595445
6480.8000 0.97526038
6481.7000 0.93902647
6482.6000 0.92462844
6483.5000 0.94612312
6484.4000 0.97278583
6485.3000 0.98752469
6486.2000 0.99451858
6487.1000 0.99478656
6488.0000 0.98821425
6488.9000 0.98303342
6489.8000 0.97845489
6490.7000 0.96611196
6491.6000 0.95345926
6492.5000 0.93872637
6493.4000 0.89417088
6494.3000 0.83710927
6495.2000 0.81541932
6496.1000 0.83044857
6497.0000 0.86275232
6497.9000 0.89175272
6498.8000 0.9010452
6499.7000 0.91265649
6500.6000 0.93652248
6501.5000 0.95748156
6502.4000 0.97396231
6503.3000 0.98222899
6504.2000 0.98103863
6505.1000 0.98268127
6506.0000 0.98788023
6506.9000 0.9880029
6507.8000 0.98234665
6508.7000 0.97720218
6509.6000 0.97938925
6510.5000 0.98951262
6511.4000 0.99621767
6512.3000 0.9964574
6513.2000 0.9955743
6514.1000 0.99074101
6515.0000 0.97923177
6515.9000 0.96619111
6516.8000 0.9567349
6517.7000 0.94799948
6518.6000 0.9429093
6519.5000 0.9532817
6520.4000 0.96986234
6521.3000 0.9761067
6522.2000 0.97556812
6523.1000 0.97714579
6524.0000 0.98257089
6524.9000 0.9808749
6525.8000 0.96500838
6526.7000 0.95116031
6527.6000 0.95260328
6528.5000 0.96447688
6529.4000 0.97567636
6530.3000 0.97601575
6531.2000 0.96568942
6532.1000 0.95182067
6533.0000 0.94235706
6533.9000 0.94662577
6534.8000 0.96299815
6535.7000 0.97614604
6536.6000 0.97562641
6537.5000 0.97076535
6538.4000 0.97471416
6539.3000 0.98380071
6540.2000 0.98640543
6541.1000 0.97965395
6542.0000 0.97081226
6542.9000 0.96447819
6543.8000 0.96055251
6544.7000 0.95133251
6545.6000 0.92848402
6546.5000 0.91562384
6547.4000 0.93189979
6548.3000 0.95499909
6549.2000 0.96481109
6550.1000 0.96129155
6551.0000 0.95225644
6551.9000 0.94497627
6552.8000 0.93932253
6553.7000 0.9276728
6554.6000 0.91243625
6555.5000 0.90638459
6556.4000 0.91562271
6557.3000 0.93243736
6558.2000 0.94000399
6559.1000 0.9330036
6560.0000 0.91225904
6560.9000 0.84640217
6561.8000 0.70509875
6562.7000 0.58869809
6563.6000 0.64073932
6564.5000 0.79774725
6565.4000 0.90548521
6566.3000 0.94581318
6567.2000 0.95667195
6568.1000 0.94616991
6569.0000 0.92925304
6569.9000 0.92874897
6570.8000 0.93663442
6571.7000 0.93422031
6572.6000 0.91762477
6573.5000 0.90052706
6574.4000 0.89626688
6575.3000 0.91152006
6576.2000 0.9421435
6577.1000 0.9675523
6578.0000 0.98066086
6578.9000 0.98057681
6579.8000 0.96324807
6580.7000 0.94412905
6581.6000 0.94348913
6582.5000 0.95573699
6583.4000 0.96551943
6584.3000 0.96693718
6585.2000 0.9590708
6586.1000 0.95034188
6587.0000 0.95642197
6587.9000 0.9700554
6588.8000 0.97384876
6589.7000 0.97192478
6590.6000 0.96529043
6591.5000 0.93905729
6592.4000 0.89435202
6593.3000 0.86671418
6594.2000 0.8901037
6595.1000 0.93331188
6596.0000 0.95346415
6596.9000 0.94895512
6597.8000 0.93571681
6598.7000 0.93134201
6599.6000 0.94458896
6600.5000 0.96364605
6601.4000 0.9726758
6602.3000 0.96805924
6603.2000 0.95729679
6604.1000 0.94716096
6605.0000 0.94012499
6605.9000 0.94071174
6606.8000 0.94001973
6607.7000 0.92833036
6608.6000 0.90883601
6609.5000 0.90758526
6610.4000 0.93698078
6611.3000 0.96456671
6612.2000 0.96721482
6613.1000 0.95629585
6614.0000 0.95924592
6614.9000 0.97464186
6615.8000 0.97757477
6616.7000 0.96640944
6617.6000 0.95896977
6618.5000 0.96219283
6619.4000 0.9694019
6620.3000 0.97292042
6621.2000 0.97254735
6622.1000 0.96793026
6623.0000 0.95635068
6623.9000 0.93959832
6624.8000 0.93101567
6625.7000 0.94309872
6626.6000 0.95571399
6627.5000 0.95292073
6628.4000 0.94901544
6629.3000 0.94507682
6630.2000 0.94002336
6631.1000 0.93807393
6632.0000 0.92702806
6632.9000 0.90317601
6633.8000 0.88574034
6634.7000 0.89780092
6635.6000 0.92860585
6636.5000 0.9515512
6637.4000 0.95996398
6638.3000 0.95309919
6639.2000 0.93770909
6640.1000 0.93390065
6641.0000 0.95014954
6641.9000 0.95782483
6642.8000 0.93582022
6643.7000 0.91532689
6644.6000 0.92615205
6645.5000 0.94724911
6646.4000 0.94865555
6647.3000 0.93959403
6648.2000 0.94175524
6649.1000 0.95650434
6650.0000 0.96582913
6650.9000 0.9649086
6651.8000 0.96235985
6652.7000 0.96123707
6653.6000 0.95977134
6654.5000 0.9633618
6655.4000 0.96718341
6656.3000 0.96342587
6657.2000 0.96150506
6658.1000 0.96167469
6659.0000 0.96123034
6659.9000 0.96114218
6660.8000 0.95528644
6661.7000 0.94102472
6662.6000 0.9155066
6663.5000 0.90011615
6664.4000 0.91624677
6665.3000 0.93468475
6666.2000 0.93974823
6667.1000 0.93653536
6668.0000 0.93711859
6668.9000 0.94514143
6669.8000 0.95628589
6670.7000 0.96311438
6671.6000 0.96142948
6672.5000 0.96023917
6673.4000 0.96144736
6674.3000 0.96010906
6675.2000 0.96044368
6676.1000 0.94918251
6677.0000 0.91574872
6677.9000 0.87819409
6678.8000 0.88618898
6679.7000 0.92800885
6680.6000 0.95292741
6681.5000 0.95674163
6682.4000 0.96004462
6683.3000 0.96491557
6684.2000 0.96610945
6685.1000 0.96217799
6686.0000 0.9600395
6686.9000 0.95948738
6687.8000 0.95630562
6688.7000 0.95816195
6689.6000 0.96254116
6690.5000 0.96261925
6691.4000 0.96092117
6692.3000 0.95942485
6693.2000 0.96107888
6694.1000 0.95874238
6695.0000 0.94510138
6695.9000 0.92392832
6696.8000 0.91446722
6697.7000 0.91981256
6698.6000 0.92799163
6699.5000 0.93934137
6700.4000 0.95046747
6701.3000 0.95273924
6702.2000 0.94483089
6703.1000 0.93031299
6704.0000 0.91869253
6704.9000 0.91761571
6705.8000 0.92707568
6706.7000 0.93942404
6707.6000 0.94507313
6708.5000 0.94556981
6709.4000 0.9401257
6710.3000 0.92936587
6711.2000 0.93097275
6712.1000 0.9325242
6713.0000 0.92328578
6713.9000 0.9209888
6714.8000 0.92041743
6715.7000 0.91006297
6716.6000 0.89323729
6717.5000 0.8825112
6718.4000 0.90013409
6719.3000 0.93119001
6720.2000 0.94750381
6721.1000 0.94281536
6722.0000 0.93611372
6722.9000 0.94479978
6723.8000 0.95652527
6724.7000 0.95260227
6725.6000 0.93776798
6726.5000 0.92999429
6727.4000 0.93367732
6728.3000 0.94178104
6729.2000 0.94796968
6730.1000 0.95249879
6731.0000 0.95322728
6731.9000 0.94790608
6732.8000 0.93938452
6733.7000 0.93656188
6734.6000 0.94062042
6735.5000 0.94669884
6736.4000 0.94784456
6737.3000 0.93672615
6738.2000 0.92402846
6739.1000 0.91822541
6740.0000 0.92345738
6740.9000 0.9322232
6741.8000 0.92954737
6742.7000 0.91970599
6743.6000 0.91987842
6744.5000 0.92938346
6745.4000 0.93562281
6746.3000 0.93696505
6747.2000 0.93596959
6748.1000 0.93123031
6749.0000 0.92189175
6749.9000 0.91278011
6750.8000 0.91800594
6751.7000 0.92998552
6752.6000 0.93027586
6753.5000 0.92842704
6754.4000 0.93234068
6755.3000 0.9359805
6756.2000 0.94108045
6757.1000 0.94633716
6758.0000 0.94726825
6758.9000 0.94975054
6759.8000 0.95392722
6760.7000 0.95562446
6761.6000 0.95501626
6762.5000 0.95242655
6763.4000 0.95007443
6764.3000 0.94583052
6765.2000 0.93583643
6766.1000 0.92134511
6767.0000 0.90692037
6767.9000 0.90123767
6768.8000 0.91241634
6769.7000 0.92370051
6770.6000 0.91399431
6771.5000 0.90129238
6772.4000 0.90612483
6773.3000 0.92527586
6774.2000 0.94425231
6775.1000 0.95082569
6776.0000 0.95198214
6776.9000 0.95306522
6777.8000 0.95373428
6778.7000 0.95730036
6779.6000 0.95998418
6780.5000 0.95886338
6781.4000 0.95177925
6782.3000 0.93573087
6783.2000 0.91924977
6784.1000 0.91512793
6785.0000 0.92258447
6785.9000 0.92891669
6786.8000 0.93366784
6787.7000 0.94233298
6788.6000 0.94615054
6789.5000 0.94567823
6790.4000 0.94918472
6791.3000 0.95037621
6792.2000 0.94140017
6793.1000 0.92688584
6794.0000 0.91989142
6794.9000 0.92205352
6795.8000 0.92374295
6796.7000 0.9253999
6797.6000 0.93216628
6798.5000 0.93643844
6799.4000 0.93575871
6800.3000 0.94024736
6801.2000 0.94788122
6802.1000 0.94657695
6803.0000 0.93713778
6803.9000 0.92945331
6804.8000 0.93116426
6805.7000 0.93429023
6806.6000 0.92898315
6807.5000 0.92803788
6808.4000 0.93119001
6809.3000 0.92469835
6810.2000 0.91760617
6811.1000 0.92378902
6812.0000 0.93446231
6812.9000 0.93545008
6813.8000 0.92514628
6814.7000 0.9144488
6815.6000 0.91829056
6816.5000 0.93265331
6817.4000 0.93822891
6818.3000 0.93128598
6819.2000 0.91959184
6820.1000 0.91115576
6821.0000 0.9169001
6821.9000 0.92978001
6822.8000 0.93853325
6823.7000 0.94231617
6824.6000 0.94080883
6825.5000 0.94121623
6826.4000 0.93934727
6827.3000 0.92647147
6828.2000 0.91392183
6829.1000 0.91593117
6830.0000 0.93050361
6830.9000 0.94284773
6831.8000 0.94464177
6832.7000 0.93873924
6833.6000 0.93615079
6834.5000 0.93913066
6835.4000 0.93969387
6836.3000 0.93025666
6837.2000 0.91858542
6838.1000 0.91064399
6839.0000 0.89896721
6839.9000 0.88343352
6840.8000 0.86698806
6841.7000 0.85863447
6842.6000 0.86798078
6843.5000 0.88648111
6844.4000 0.90643519
6845.3000 0.9219026
6846.2000 0.92938918
6847.1000 0.93048018
6848.0000 0.92998016
6848.9000 0.93101293
6849.8000 0.93302542
6850.7000 0.93601304
6851.6000 0.93908197
6852.5000 0.93878436
6853.4000 0.93028712
6854.3000 0.909419
6855.2000 0.88947165
6856.1000 0.89055061
6857.0000 0.9024772
6857.9000 0.90916336
6858.8000 0.91595155
6859.7000 0.91648424
6860.6000 0.90285355
6861.5000 0.88944894
6862.4000 0.89703172
6863.3000 0.92426115
6864.2000 0.94311035
6865.1000 0.94316804
6866.0000 0.93588066
6866.9000 0.91979134
6867.8000 0.89542383
6868.7000 0.87709385
6869.6000 0.8881945
6870.5000 0.92133665
6871.4000 0.92643833
6872.3000 0.90664548
6873.2000 0.90002942
6874.1000 0.90487069
6875.0000 0.90391606
6875.9000 0.90043473
6876.8000 0.90618855
6877.7000 0.91634059
6878.6000 0.91768694
6879.5000 0.91341573
6880.4000 0.90491039
6881.3000 0.89418304
6882.2000 0.88888043
6883.1000 0.89286917
6884.0000 0.90444952
6884.9000 0.91232079
6885.8000 0.91123873
6886.7000 0.90789646
6887.6000 0.91732001
6888.5000 0.93856025
6889.4000 0.93938303
6890.3000 0.92733616
6891.2000 0.93787581
6892.1000 0.94696718
6893.0000 0.92466617
6893.9000 0.90271705
6894.8000 0.91094214
6895.7000 0.92514718
6896.6000 0.91347545
6897.5000 0.90738869
6898.4000 0.9287141
6899.3000 0.94042784
6900.2000 0.9242658
6901.1000 0.90757436
6902.0000 0.91845524
6902.9000 0.93747109
6903.8000 0.92943829
6904.7000 0.90738046
6905.6000 0.90074748
6906.5000 0.9211638
6907.4000 0.93968701
6908.3000 0.93366873
6909.2000 0.91635531
6910.1000 0.90869808
6911.0000 0.91954458
6911.9000 0.92906255
6912.8000 0.91924685
6913.7000 0.89604902
6914.6000 0.88216752
6915.5000 0.89600968
6916.4000 0.911327
6917.3000 0.91163033
6918.2000 0.91160721
6919.1000 0.91422564
6920.0000 0.92561388
6920.9000 0.94247448
6921.8000 0.94191879
6922.7000 0.92648023
6923.6000 0.90702474
6924.5000 0.88854486
6925.4000 0.88425946
6926.3000 0.89914525
6927.2000 0.91630852
6928.1000 0.91929185
6929.0000 0.91713327
6929.9000 0.91852117
6930.8000 0.92434871
6931.7000 0.9243626
6932.6000 0.90543127
6933.5000 0.89220595
6934.4000 0.90589368
6935.3000 0.92173886
6936.2000 0.92537123
6937.1000 0.92412877
6938.0000 0.92535818
6938.9000 0.92811555
6939.8000 0.93190259
6940.7000 0.93653667
6941.6000 0.93642068
6942.5000 0.92788088
6943.4000 0.91412473
6944.3000 0.8937813
6945.2000 0.8807047
6946.1000 0.89302784
6947.0000 0.90933722
6947.9000 0.91518402
6948.8000 0.91970211
6949.7000 0.91706014
6950.6000 0.90201259
6951.5000 0.89092386
6952.4000 0.89114809
6953.3000 0.8941021
6954.2000 0.89619172
6955.1000 0.90150136
6956.0000 0.91064346
6956.9000 0.91797042
6957.8000 0.91882986
6958.7000 0.91595793
6959.6000 0.91066444
6960.5000 0.91189551
6961.4000 0.92144847
6962.3000 0.92604494
6963.2000 0.92791504
6964.1000 0.9234919
6965.0000 0.90892649
6965.9000 0.90193933
6966.8000 0.90796417
6967.7000 0.91405612
6968.6000 0.91581774
6969.5000 0.91378617
6970.4000 0.90624529
6971.3000 0.89949203
6972.2000 0.90463752
6973.1000 0.91195714
6974.0000 0.90733558
6974.9000 0.89393473
6975.8000 0.87932384
6976.7000 0.86037922
6977.6000 0.83361042
6978.5000 0.81219822
6979.4000 0.82261831
6980.3000 0.85684085
6981.2000 0.88262463
6982.1000 0.89823562
6983.0000 0.90886408
6983.9000 0.91188145
6984.8000 0.90893346
6985.7000 0.90512371
6986.6000 0.90197855
6987.5000 0.89638805
6988.4000 0.88950235
6989.3000 0.88793302
6990.2000 0.89651138
6991.1000 0.90783584
6992.0000 0.91211963
6992.9000 0.9107306
6993.8000 0.90664917
6994.7000 0.90495157
6995.6000 0.9090054
6996.5000 0.91088581
6997.4000 0.90473765
6998.3000 0.89050102
6999.2000 0.86941415
7000.1000 0.8590678
7001.0000 0.8707813
7001.9000 0.88710761
7002.8000 0.89258206
7003.7000 0.88839924
7004.6000 0.87949169
7005.5000 0.87512928
7006.4000 0.87967116
7007.3000 0.88640809
7008.2000 0.89152712
7009.1000 0.89614391
7010.0000 0.89574516
7010.9000 0.89036703
7011.8000 0.88690364
7012.7000 0.89053982
7013.6000 0.89456868
7014.5000 0.88091922
7015.4000 0.84153783
7016.3000 0.809111
7017.2000 0.8270244
7018.1000 0.87261081
7019.0000 0.8989144
7019.9000 0.90485632
7020.8000 0.90280318
7021.7000 0.88738811
7022.6000 0.86073542
7023.5000 0.84189582
7024.4000 0.84251672
7025.3000 0.85860705
7026.2000 0.87836784
7027.1000 0.88998622
7028.0000 0.89202923
7028.9000 0.88973379
7029.8000 0.88686848
7030.7000 0.88777858
7031.6000 0.89145899
7032.5000 0.89463747
7033.4000 0.89493865
7034.3000 0.89191204
7035.2000 0.89452589
7036.1000 0.90168858
7037.0000 0.89471751
7037.9000 0.87140316
7038.8000 0.86332399
7039.7000 0.889108
7040.6000 0.92172086
7041.5000 0.93642277
7042.4000 0.93664831
7043.3000 0.92762744
7044.2000 0.91114855
7045.1000 0.89890987
7046.0000 0.90273875
7046.9000 0.91425759
7047.8000 0.92172772
7048.7000 0.92487913
7049.6000 0.92067188
7050.5000 0.90841973
7051.4000 0.88771325
7052.3000 0.86152869
7053.2000 0.85343856
7054.1000 0.86854905
7055.0000 0.88934088
7055.9000 0.90396041
7056.8000 0.91033113
7057.7000 0.91162235
7058.6000 0.90625703
7059.5000 0.89308703
7060.4000 0.88440961
7061.3000 0.8907069
7062.2000 0.90004128
7063.1000 0.90380651
7064.0000 0.90971917
7064.9000 0.91353947
7065.8000 0.90847111
7066.7000 0.89563835
7067.6000 0.87390405
7068.5000 0.85864019
7069.4000 0.86792612
7070.3000 0.89023376
7071.2000 0.9045974
7072.1000 0.90578312
7073.0000 0.90507311
7073.9000 0.90647709
7074.8000 0.90888041
7075.7000 0.90980655
7076.6000 0.90861553
7077.5000 0.9106372
7078.4000 0.91356087
7079.3000 0.91434985
7080.2000 0.91622555
7081.1000 0.91396922
7082.0000 0.90000945
7082.9000 0.87407541
7083.8000 0.84329641
7084.7000 0.82938308
7085.6000 0.84704512
7086.5000 0.87549347
7087.4000 0.89099491
7088.3000 0.89264601
7089.2000 0.88333029
7090.1000 0.86989462
7091.0000 0.8660081
7091.9000 0.87002081
7092.8000 0.87394744
7093.7000 0.88082707
7094.6000 0.88369381
7095.5000 0.88062054
7096.4000 0.88046712
7097.3000 0.88391781
7098.2000 0.8918823
7099.1000 0.89844829
7100.0000 0.89892346
7100.9000 0.89352059
7101.8000 0.88474029
7102.7000 0.88080937
7103.6000 0.88356137
7104.5000 0.89084578
7105.4000 0.89194071
7106.3000 0.88153398
7107.2000 0.8707397
7108.1000 0.86960304
7109.0000 0.8708024
7109.9000 0.86116117
7110.8000 0.8480919
7111.7000 0.84675205
7112.6000 0.85987431
7113.5000 0.87532496
7114.4000 0.88141274
7115.3000 0.88285702
7116.2000 0.88389093
7117.1000 0.88195723
7118.0000 0.87972838
7118.9000 0.87634468
7119.8000 0.86881304
7120.7000 0.86150181
7121.6000 0.85019624
7122.5000 0.84641474
7123.4000 0.86392123
7124.3000 0.87869465
7125.2000 0.88264018
7126.1000 0.88162875
7127.0000 0.87529027
7127.9000 0.87704521
7128.8000 0.87798196
7129.7000 0.86321616
7130.6000 0.84735602
7131.5000 0.85058236
7132.4000 0.86265945
7133.3000 0.87224418
7134.2000 0.88544118
7135.1000 0.89327878
7136.0000 0.89205557
7136.9000 0.89749306
7137.8000 0.8995961
7138.7000 0.88779283
7139.6000 0.87716883
7140.5000 0.88038975
7141.4000 0.88547117
7142.3000 0.87706816
7143.2000 0.87212741
7144.1000 0.87513298
7145.0000 0.87702602
7145.9000 0.87959719
7146.8000 0.87060088
7147.7000 0.84386456
7148.6000 0.83262134
7149.5000 0.85106713
7150.4000 0.86612606
7151.3000 0.87050688
7152.2000 0.88247514
7153.1000 0.89249438
7154.0000 0.88618213
7154.9000 0.86806196
7155.8000 0.85786122
7156.7000 0.87231678
7157.6000 0.88960487
7158.5000 0.88744026
7159.4000 0.87732685
7160.3000 0.87050664
7161.2000 0.87280977
7162.1000 0.87813973
7163.0000 0.86995214
7163.9000 0.84068239
7164.8000 0.8164317
7165.7000 0.83210468
7166.6000 0.87020302
7167.5000 0.89724356
7168.4000 0.90219367
7169.3000 0.89158529
7170.2000 0.88603371
7171.1000 0.89003944
7172.0000 0.89618987
7172.9000 0.90401155
7173.8000 0.90263504
7174.7000 0.88621408
7175.6000 0.86882067
7176.5000 0.87001246
7177.4000 0.89291084
7178.3000 0.90387756
7179.2000 0.88482803
7180.1000 0.85426551
7181.0000 0.83415776
7181.9000 0.84197682
7182.8000 0.87101406
7183.7000 0.8934564
7184.6000 0.89517456
7185.5000 0.88004434
7186.4000 0.85219312
7187.3000 0.82506371
7188.2000 0.81927544
7189.1000 0.82909167
7190.0000 0.8471635
7190.9000 0.86400473
7191.8000 0.85989839
7192.7000 0.84041905
7193.6000 0.8369801
7194.5000 0.85671872
7195.4000 0.86800426
7196.3000 0.85636395
7197.2000 0.84891737
7198.1000 0.86186326
7199.0000 0.87588471
7199.9000 0.87762928
7200.8000 0.86845005
7201.7000 0.84848297
7202.6000 0.84157616
7203.5000 0.86605239
7204.4000 0.88600045
7205.3000 0.87220097
7206.2000 0.83246726
7207.1000 0.79290408
7208.0000 0.79237247
7208.9000 0.82244098
7209.8000 0.84934819
7210.7000 0.86690295
7211.6000 0.86893451
7212.5000 0.8569271
7213.4000 0.84640592
7214.3000 0.83944029
7215.2000 0.83360243
7216.1000 0.83679062
7217.0000 0.85064787
7217.9000 0.86224252
7218.8000 0.8628251
7219.7000 0.85513502
7220.6000 0.84583986
7221.5000 0.84220058
7222.4000 0.84172434
7223.3000 0.84292001
7224.2000 0.85403425
7225.1000 0.86627316
7226.0000 0.86761081
7226.9000 0.86715114
7227.8000 0.86234289
7228.7000 0.85199302
7229.6000 0.85432065
7230.5000 0.87413853
7231.4000 0.89326823
7232.3000 0.89801753
7233.2000 0.89259535
7234.1000 0.88549149
7235.0000 0.88001168
7235.9000 0.87737823
7236.8000 0.88108504
7237.7000 0.88633668
7238.6000 0.88333553
7239.5000 0.87633741
7240.4000 0.88018572
7241.3000 0.88981479
7242.2000 0.89469886
7243.1000 0.89409888
7244.0000 0.88013798
7244.9000 0.86052328
7245.8000 0.85983193
7246.7000 0.87737751
7247.6000 0.89287746
7248.5000 0.89456093
7249.4000 0.88181335
7250.3000 0.86229175
7251.2000 0.84825778
7252.1000 0.84898067
7253.0000 0.85664093
7253.9000 0.85518306
7254.8000 0.85150111
7255.7000 0.85861748
7256.6000 0.86952478
7257.5000 0.87538928
7258.4000 0.87444717
7259.3000 0.86519116
7260.2000 0.8432377
7261.1000 0.81461197
7262.0000 0.81155592
7262.9000 0.84172302
7263.8000 0.86797333
7264.7000 0.87490481
7265.6000 0.87506902
7266.5000 0.87375808
7267.4000 0.8742224
7268.3000 0.87990427
7269.2000 0.88682485
7270.1000 0.88760537
7271.0000 0.88286996
7271.9000 0.87806797
7272.8000 0.87348568
7273.7000 0.87200856
7274.6000 0.8742457
7275.5000 0.87841105
7276.4000 0.8821978
7277.3000 0.87793082
7278.2000 0.86561656
7279.1000 0.85630494
7280.0000 0.85443556
7280.9000 0.84553593
7281.8000 0.82541835
7282.7000 0.81217182
7283.6000 0.81148285
7284.5000 0.81675804
7285.4000 0.82735389
7286.3000 0.83727628
7287.2000 0.83711982
7288.1000 0.82104117
7289.0000 0.80400127
7289.9000 0.8060568
7290.8000 0.80755979
7291.7000 0.79415703
7292.6000 0.78994107
7293.5000 0.80898893
7294.4000 0.83607459
7295.3000 0.85625708
7296.2000 0.870121
7297.1000 0.87224382
7298.0000 0.8621707
7298.9000 0.85234541
7299.8000 0.85057694
7300.7000 0.85860479
7301.6000 0.86983347
7302.5000 0.87949026
7303.4000 0.88830972
7304.3000 0.89270186
7305.2000 0.8863129
7306.1000 0.868801
7307.0000 0.84922916
7307.9000 0.84150386
7308.8000 0.8504985
7309.7000 0.86023217
7310.6000 0.8544032
7311.5000 0.84749693
7312.4000 0.8565231
7313.3000 0.8740384
7314.2000 0.88557631
7315.1000 0.8817668
7316.0000 0.87047005
7316.9000 0.86180121
7317.8000 0.85944831
7318.7000 0.86279994
7319.6000 0.86258781
7320.5000 0.85997248
7321.4000 0.86593372
7322.3000 0.87061703
7323.2000 0.86402595
7324.1000 0.85111839
7325.0000 0.83746427
7325.9000 0.83018172
7326.8000 0.83923179
7327.7000 0.85868174
7328.6000 0.86406296
7329.5000 0.85746276
7330.4000 0.85788536
7331.3000 0.86276001
7332.2000 0.86570364
7333.1000 0.86523825
7334.0000 0.86217082
7334.9000 0.86169332
7335.8000 0.86821258
7336.7000 0.87605339
7337.6000 0.87622094
7338.5000 0.87336558
7339.4000 0.87274534
7340.3000 0.87191117
7341.2000 0.87272495
7342.1000 0.87171972
7343.0000 0.8585009
7343.9000 0.83729053
7344.8000 0.82684076
7345.7000 0.83871907
7346.6000 0.85700053
7347.5000 0.86672854
7348.4000 0.86894059
7349.3000 0.86255848
7350.2000 0.8483395
7351.1000 0.83920842
7352.0000 0.8458696
7352.9000 0.85291678
7353.8000 0.84350252
7354.7000 0.82268667
7355.6000 0.80509108
7356.5000 0.80813211
7357.4000 0.8282221
7358.3000 0.84924561
7359.2000 0.86425823
7360.1000 0.86446214
7361.0000 0.84978634
7361.9000 0.83196503
7362.8000 0.82461512
7363.7000 0.8312903
7364.6000 0.84329075
7365.5000 0.85509378
7366.4000 0.86102605
7367.3000 0.85950607
7368.2000 0.85630167
7369.1000 0.85486907
7370.0000 0.8595314
7370.9000 0.86808062
7371.8000 0.87218952
7372.7000 0.87139028
7373.6000 0.86518997
7374.5000 0.85752213
7375.4000 0.85254508
7376.3000 0.85012752
7377.2000 0.85408783
7378.1000 0.86427164
7379.0000 0.87016624
7379.9000 0.86437476
7380.8000 0.85210866
7381.7000 0.83910441
7382.6000 0.82919621
7383.5000 0.82375878
7384.4000 0.81346387
7385.3000 0.79505688
7386.2000 0.78362614
7387.1000 0.78451884
7388.0000 0.78358537
7388.9000 0.77863175
7389.8000 0.78724873
7390.7000 0.8106243
7391.6000 0.81904697
7392.5000 0.80672288
7393.4000 0.79444879
7394.3000 0.79740185
7395.2000 0.81057632
7396.1000 0.81979108
7397.0000 0.82982951
7397.9000 0.83092231
7398.8000 0.82387161
7399.7000 0.81101823
7400.6000 0.80182046
7401.5000 0.80858386
7402.4000 0.82653099
7403.3000 0.84144306
7404.2000 0.84456462
7405.1000 0.83649838
7406.0000 0.82860124
7406.9000 0.82796526
7407.8000 0.82256901
7408.7000 0.80591106
7409.6000 0.79366183
7410.5000 0.79631656
7411.4000 0.80372018
7412.3000 0.66371137
7413.2000 0.15341641
7414.1000 0.00318382
7415.0000 0.00000373
7415.9000 0
7416.8000 0
7417.7000 0
7418.6000 0
7419.5000 0
7420.4000 0
7421.3000 0
7422.2000 0
7423.1000 0
7424.0000 0
7424.9000 0
7425.8000 0
7426.7000 0
7427.6000 0
7428.5000 0
7429.4000 0
