3500.0000 0
3500.9000 0
3501.8000 0
3502.7000 0
3503.6000 0
3504.5000 0
3505.4000 0
3506.3000 0
3507.2000 0
3508.1000 0
3509.0000 0
3509.9000 0
3510.8000 0
3511.7000 0
3512.6000 0
3513.5000 0
3514.4000 0
3515.3000 0
3516.2000 0
3517.1000 0
3518.0000 0
3518.9000 0
3519.8000 0
3520.7000 0
3521.6000 0
3522.5000 0
3523.4000 0
3524.3000 0
3525.2000 0
3526.1000 0
3527.0000 0
3527.9000 0
3528.8000 0
3529.7000 0
3530.6000 0
3531.5000 0
3532.4000 0
3533.3000 0
3534.2000 0.00000001
3535.1000 0.01900511
3536.0000 0.58711088
3536.9000 0.60187477
3537.8000 0.61181355
3538.7000 0.641379
3539.6000 0.65616179
3540.5000 0.62510687
3541.4000 0.59300309
3542.3000 0.60601711
3543.2000 0.64191222
3544.1000 0.66152662
3545.0000 0.65365165
3545.9000 0.65161812
3546.8000 0.65729332
3547.7000 0.64713001
3548.6000 0.65029401
3549.5000 0.68092322
3550.4000 0.69105709
3551.3000 0.67770958
3552.2000 0.65129769
3553.1000 0.61255312
3554.0000 0.58640975
3554.9000 0.584382
3555.8000 0.61762983
3556.7000 0.63669109
3557.6000 0.61372066
3558.5000 0.59293061
3559.4000 0.6054756
3560.3000 0.63336009
3561.2000 0.65676528
3562.1000 0.68753833
3563.0000 0.6967141
3563.9000 0.62870789
3564.8000 0.50385588
3565.7000 0.42729443
3566.6000 0.45040947
3567.5000 0.50279421
3568.4000 0.49056646
3569.3000 0.42443913
3570.2000 0.3897737
3571.1000 0.4227449
3572.0000 0.48808634
3572.9000 0.51757115
3573.8000 0.51901698
3574.7000 0.5339011
3575.6000 0.57800418
3576.5000 0.60365736
3577.4000 0.56610793
3578.3000 0.495428
3579.2000 0.44864434
3580.1000 0.38806081
3581.0000 0.31898266
3581.9000 0.34260863
3582.8000 0.43286934
3583.7000 0.46993586
3584.6000 0.41041306
3585.5000 0.34933567
3586.4000 0.3512556
3587.3000 0.4045634
3588.2000 0.47097176
3589.1000 0.51292479
3590.0000 0.56521571
3590.9000 0.63448322
3591.8000 0.65601683
3592.7000 0.62159908
3593.6000 0.58300662
3594.5000 0.6007368
3595.4000 0.65723699
3596.3000 0.69111633
3597.2000 0.69343531
3598.1000 0.68508458
3599.0000 0.69581711
3599.9000 0.73252821
3600.8000 0.73557633
3601.7000 0.66918927
3602.6000 0.58118397
3603.5000 0.54293847
3604.4000 0.52941906
3605.3000 0.51893121
3606.2000 0.54944313
3607.1000 0.55262417
3608.0000 0.47565112
3608.9000 0.4056015
3609.8000 0.41932189
3610.7000 0.49172053
3611.6000 0.56792742
3612.5000 0.58357948
3613.4000 0.57141912
3614.3000 0.58730012
3615.2000 0.61973816
3616.1000 0.62624753
3617.0000 0.56681454
3617.9000 0.44565719
3618.8000 0.34749895
3619.7000 0.37539518
3620.6000 0.48837882
3621.5000 0.57904392
3622.4000 0.62092239
3623.3000 0.62594849
3624.2000 0.62039852
3625.1000 0.6577211
3626.0000 0.72064346
3626.9000 0.74128491
3627.8000 0.73168999
3628.7000 0.7195769
3629.6000 0.63374281
3630.5000 0.47740471
3631.4000 0.39628524
3632.3000 0.43736181
3633.2000 0.4945474
3634.1000 0.51011795
3635.0000 0.53521705
3635.9000 0.57763344
3636.8000 0.59843093
3637.7000 0.60704476
3638.6000 0.62993073
3639.5000 0.67523122
3640.4000 0.70565504
3641.3000 0.67520028
3642.2000 0.61837989
3643.1000 0.57947654
3644.0000 0.55892253
3644.9000 0.56560701
3645.8000 0.58681786
3646.7000 0.54977483
3647.6000 0.48144025
3648.5000 0.47694811
3649.4000 0.52293211
3650.3000 0.5627296
3651.2000 0.595469
3652.1000 0.64857483
3653.0000 0.69117457
3653.9000 0.7071746
3654.8000 0.7094804
3655.7000 0.71203965
3656.6000 0.71752399
3657.5000 0.72580272
3658.4000 0.75676358
3659.3000 0.7444368
3660.2000 0.72311497
3661.1000 0.7351737
3662.0000 0.7246179
3662.9000 0.69474077
3663.8000 0.66457295
3664.7000 0.66900063
3665.6000 0.69403344
3666.5000 0.68865079
3667.4000 0.67447633
3668.3000 0.67227668
3669.2000 0.64898735
3670.1000 0.64404905
3671.0000 0.68962294
3671.9000 0.73209053
3672.8000 0.73797548
3673.7000 0.72096258
3674.6000 0.7144835
3675.5000 0.72274059
3676.4000 0.69394404
3677.3000 0.64146197
3678.2000 0.60947156
3679.1000 0.58459324
3680.0000 0.55487162
3680.9000 0.56160396
3681.8000 0.60730731
3682.7000 0.65537518
3683.6000 0.67295319
3684.5000 0.64953554
3685.4000 0.60525602
3686.3000 0.55940151
3687.2000 0.53183073
3688.1000 0.54493445
3689.0000 0.59610462
3689.9000 0.67113286
3690.8000 0.74634266
3691.7000 0.77504444
3692.6000 0.74009407
3693.5000 0.67713809
3694.4000 0.65705103
3695.3000 0.69157803
3696.2000 0.7145468
3697.1000 0.71023238
3698.0000 0.7243157
3698.9000 0.75923538
3699.8000 0.78109813
3700.7000 0.76785773
3701.6000 0.73964703
3702.5000 0.70662332
3703.4000 0.64252335
3704.3000 0.55104369
3705.2000 0.47704512
3706.1000 0.47150239
3707.0000 0.50858986
3707.9000 0.5208863
3708.8000 0.52185118
3709.7000 0.56052232
3710.6000 0.62878579
3711.5000 0.68288749
3712.4000 0.72647971
3713.3000 0.78684926
3714.2000 0.822896
3715.1000 0.80726045
3716.0000 0.78058338
3716.9000 0.76171732
3717.8000 0.71646851
3718.7000 0.58499551
3719.6000 0.42106274
3720.5000 0.34785199
3721.4000 0.36461908
3722.3000 0.42487895
3723.2000 0.5152452
3724.1000 0.62478793
3725.0000 0.69893688
3725.9000 0.70673388
3726.8000 0.62863833
3727.7000 0.57434916
3728.6000 0.62830049
3729.5000 0.67566931
3730.4000 0.66149408
3731.3000 0.62736082
3732.2000 0.56023133
3733.1000 0.44457266
3734.0000 0.33304316
3734.9000 0.28275123
3735.8000 0.28936094
3736.7000 0.32225165
3737.6000 0.38540086
3738.5000 0.4935376
3739.4000 0.61675745
3740.3000 0.69448364
3741.2000 0.70323592
3742.1000 0.65773058
3743.0000 0.57509381
3743.9000 0.50359225
3744.8000 0.45070562
3745.7000 0.4108457
3746.6000 0.4087463
3747.5000 0.41056603
3748.4000 0.35627601
3749.3000 0.31996128
3750.2000 0.39510328
3751.1000 0.53562742
3752.0000 0.65552849
3752.9000 0.72168553
3753.8000 0.75794083
3754.7000 0.80258149
3755.6000 0.81427437
3756.5000 0.73227966
3757.4000 0.58138347
3758.3000 0.46895537
3759.2000 0.47485161
3760.1000 0.55271465
3761.0000 0.61705536
3761.9000 0.64622283
3762.8000 0.62488335
3763.7000 0.57846922
3764.6000 0.59103566
3765.5000 0.61798322
3766.4000 0.58808649
3767.3000 0.56794971
3768.2000 0.60565609
3769.1000 0.63898933
3770.0000 0.63365054
3770.9000 0.6410836
3771.8000 0.68934906
3772.7000 0.74728459
3773.6000 0.77693683
3774.5000 0.77224904
3775.4000 0.7578494
3776.3000 0.76632565
3777.2000 0.78487462
3778.1000 0.78325152
3779.0000 0.79251301
3779.9000 0.82033908
3780.8000 0.84665829
3781.7000 0.84643215
3782.6000 0.82360095
3783.5000 0.83376294
3784.4000 0.85919201
3785.3000 0.81939125
3786.2000 0.72858936
3787.1000 0.65642774
3788.0000 0.6340639
3788.9000 0.63825667
3789.8000 0.64349669
3790.7000 0.67734826
3791.6000 0.7154814
3792.5000 0.69843459
3793.4000 0.64321417
3794.3000 0.58742499
3795.2000 0.57119679
3796.1000 0.58296084
3797.0000 0.56461406
3797.9000 0.50831586
3798.8000 0.4916577
3799.7000 0.55573761
3800.6000 0.6535511
3801.5000 0.71123457
3802.4000 0.75474429
3803.3000 0.80131006
3804.2000 0.81225991
3805.1000 0.77873611
3806.0000 0.72827768
3806.9000 0.68804145
3807.8000 0.70096046
3808.7000 0.75997567
3809.6000 0.8128528
3810.5000 0.83923662
3811.4000 0.82140064
3812.3000 0.75204146
3813.2000 0.65933335
3814.1000 0.57463461
3815.0000 0.50033081
3815.9000 0.47876877
3816.8000 0.54726213
3817.7000 0.64152181
3818.6000 0.64388943
3819.5000 0.53187448
3820.4000 0.4267014
3821.3000 0.45078254
3822.2000 0.56217748
3823.1000 0.61220312
3824.0000 0.53262812
3824.9000 0.41382936
3825.8000 0.35859415
3826.7000 0.3616302
3827.6000 0.37590247
3828.5000 0.37731898
3829.4000 0.38405877
3830.3000 0.40982294
3831.2000 0.40315089
3832.1000 0.34629446
3833.0000 0.31170407
3833.9000 0.33126158
3834.8000 0.37904626
3835.7000 0.42519015
3836.6000 0.4222447
3837.5000 0.36149028
3838.4000 0.30916402
3839.3000 0.30911976
3840.2000 0.34154168
3841.1000 0.41775677
3842.0000 0.53708333
3842.9000 0.63211936
3843.8000 0.6761561
3844.7000 0.68844891
3845.6000 0.69468307
3846.5000 0.71493465
3847.4000 0.74904835
3848.3000 0.75236654
3849.2000 0.68339485
3850.1000 0.62820834
3851.0000 0.66191012
3851.9000 0.73563713
3852.8000 0.76725209
3853.7000 0.74019599
3854.6000 0.68414575
3855.5000 0.61618406
3856.4000 0.57613093
3857.3000 0.56775945
3858.2000 0.52602011
3859.1000 0.44388822
3860.0000 0.41009229
3860.9000 0.48169178
3861.8000 0.61971182
3862.7000 0.74210256
3863.6000 0.7727623
3864.5000 0.73120952
3865.4000 0.68904865
3866.3000 0.69327915
3867.2000 0.71512645
3868.1000 0.7236402
3869.0000 0.70907837
3869.9000 0.65521824
3870.8000 0.57336211
3871.7000 0.49655762
3872.6000 0.48092344
3873.5000 0.55488336
3874.4000 0.66386038
3875.3000 0.73040897
3876.2000 0.71719176
3877.1000 0.63549161
3878.0000 0.54132932
3878.9000 0.53340554
3879.8000 0.60789526
3880.7000 0.64639974
3881.6000 0.60922533
3882.5000 0.56401479
3883.4000 0.58551568
3884.3000 0.63248771
3885.2000 0.59845924
3886.1000 0.51142138
3887.0000 0.47664872
3887.9000 0.49624088
3888.8000 0.50916129
3889.7000 0.53733242
3890.6000 0.60587716
3891.5000 0.67920643
3892.4000 0.71781123
3893.3000 0.71121454
3894.2000 0.68137437
3895.1000 0.65394247
3896.0000 0.67225671
3896.9000 0.73108518
3897.8000 0.73982835
3898.7000 0.68344694
3899.6000 0.64887738
3900.5000 0.67824161
3901.4000 0.70769775
3902.3000 0.67663616
3903.2000 0.62782478
3904.1000 0.59616399
3905.0000 0.55580205
3905.9000 0.54331619
3906.8000 0.61331809
3907.7000 0.70984328
3908.6000 0.76015121
3909.5000 0.76310849
3910.4000 0.7591325
3911.3000 0.79124153
3912.2000 0.82615662
3913.1000 0.8097046
3914.0000 0.77261162
3914.9000 0.76199257
3915.8000 0.76710552
3916.7000 0.76816726
3917.6000 0.75475532
3918.5000 0.72094965
3919.4000 0.6687215
3920.3000 0.608639
3921.2000 0.57749951
3922.1000 0.58555692
3923.0000 0.61281908
3923.9000 0.65133011
3924.8000 0.64517093
3925.7000 0.58887506
3926.6000 0.52567703
3927.5000 0.4491044
3928.4000 0.37503427
3929.3000 0.3230989
3930.2000 0.27890626
3931.1000 0.23904811
3932.0000 0.20448643
3932.9000 0.16714725
3933.8000 0.14475101
3934.7000 0.16271733
3935.6000 0.20629862
3936.5000 0.25665119
3937.4000 0.30960068
3938.3000 0.37609226
3939.2000 0.45360529
3940.1000 0.51023597
3941.0000 0.53507435
3941.9000 0.55224144
3942.8000 0.54688174
3943.7000 0.5072428
3944.6000 0.51441789
3945.5000 0.6117205
3946.4000 0.69920391
3947.3000 0.70764017
3948.2000 0.69458658
3949.1000 0.71923107
3950.0000 0.76321959
3950.9000 0.78942901
3951.8000 0.76999587
3952.7000 0.73799568
3953.6000 0.75928825
3954.5000 0.8010456
3955.4000 0.78912216
3956.3000 0.73922729
3957.2000 0.71869069
3958.1000 0.74885631
3959.0000 0.78137434
3959.9000 0.73741293
3960.8000 0.59749186
3961.7000 0.46633163
3962.6000 0.44099605
3963.5000 0.46509874
3964.4000 0.4540278
3965.3000 0.39860359
3966.2000 0.31852886
3967.1000 0.23820753
3968.0000 0.18016481
3968.9000 0.16285646
3969.8000 0.19302055
3970.7000 0.25739899
3971.6000 0.33366641
3972.5000 0.40177351
3973.4000 0.45974594
3974.3000 0.52681601
3975.2000 0.60241944
3976.1000 0.65810168
3977.0000 0.69452506
3977.9000 0.735313
3978.8000 0.7882396
3979.7000 0.84160972
3980.6000 0.8661831
3981.5000 0.84461862
3982.4000 0.80918592
3983.3000 0.79627013
3984.2000 0.81410998
3985.1000 0.83266717
3986.0000 0.82290286
3986.9000 0.81978589
3987.8000 0.86312819
3988.7000 0.9102577
3989.6000 0.90981162
3990.5000 0.8991127
3991.4000 0.91311151
3992.3000 0.93342274
3993.2000 0.93350434
3994.1000 0.90884537
3995.0000 0.88501495
3995.9000 0.87490064
3996.8000 0.84565753
3997.7000 0.81200427
3998.6000 0.83552355
3999.5000 0.89653385
4000.4000 0.92828077
4001.3000 0.92910933
4002.2000 0.95022714
4003.1000 0.96980929
4004.0000 0.92039746
4004.9000 0.81497091
4005.8000 0.76090527
4006.7000 0.80137587
4007.6000 0.88514632
4008.5000 0.94382888
4009.4000 0.9529922
4010.3000 0.94999319
4011.2000 0.95694661
4012.1000 0.95830679
4013.0000 0.94583058
4013.9000 0.93432009
4014.8000 0.93920892
4015.7000 0.94348323
4016.6000 0.91453779
4017.5000 0.87353897
4018.4000 0.89192051
4019.3000 0.94759309
4020.2000 0.95797515
4021.1000 0.94266772
4022.0000 0.95747459
4022.9000 0.97435653
4023.8000 0.95245749
4024.7000 0.92471522
4025.6000 0.9266113
4026.5000 0.95671356
4027.4000 0.98821503
4028.3000 1.00081348
4029.2000 0.97680879
4030.1000 0.89975226
4031.0000 0.83108115
4031.9000 0.81655812
4032.8000 0.81723088
4033.7000 0.82060522
4034.6000 0.84618831
4035.5000 0.89375448
4036.4000 0.95914328
4037.3000 1.01906359
4038.2000 1.03991604
4039.1000 1.01229692
4040.0000 0.9628408
4040.9000 0.93902427
4041.8000 0.9609713
4042.7000 0.98401296
4043.6000 0.9301157
4044.5000 0.77785486
4045.4000 0.64021242
4046.3000 0.65884149
4047.2000 0.79984063
4048.1000 0.91651016
4049.0000 0.96127099
4049.9000 0.99206471
4050.8000 1.01655078
4051.7000 0.99935865
4052.6000 0.96379054
4053.5000 0.9395557
4054.4000 0.91675085
4055.3000 0.90750903
4056.2000 0.90871465
4057.1000 0.88426125
4058.0000 0.85883015
4058.9000 0.87683356
4059.8000 0.92753488
4060.7000 0.97054327
4061.6000 0.95379633
4062.5000 0.85117036
4063.4000 0.73953825
4064.3000 0.74538314
4065.2000 0.83302045
4066.1000 0.87684995
4067.0000 0.88018757
4067.9000 0.91091311
4068.8000 0.96712339
4069.7000 0.98091674
4070.6000 0.90017223
4071.5000 0.80172276
4072.4000 0.82346374
4073.3000 0.92297596
4074.2000 0.96626353
4075.1000 0.9419294
4076.0000 0.89176172
4076.9000 0.84174389
4077.8000 0.81629491
4078.7000 0.83857983
4079.6000 0.90105587
4080.5000 0.96558249
4081.4000 1.04046607
4082.3000 1.11363173
4083.2000 1.05773044
4084.1000 0.9332
4085.0000 0.89155263
4085.9000 0.92828244
4086.8000 0.9892993
4087.7000 1.04623973
4088.6000 1.06813514
4089.5000 1.05443299
4090.4000 1.02874362
4091.3000 1.00847483
4092.2000 0.99828678
4093.1000 1.00870669
4094.0000 1.01820838
4094.9000 0.99300712
4095.8000 0.95319784
4096.7000 0.92563456
4097.6000 0.9117732
4098.5000 0.90025491
4099.4000 0.87374669
4100.3000 0.79135782
4101.2000 0.68712115
4102.1000 0.66011208
4103.0000 0.72869456
4103.9000 0.82086593
4104.8000 0.88570976
4105.7000 0.92497015
4106.6000 0.95547503
4107.5000 0.98166686
4108.4000 0.98492169
4109.3000 0.96105778
4110.2000 0.94345939
4111.1000 0.9511205
4112.0000 0.97157151
4112.9000 0.99361664
4113.8000 1.01493156
4114.7000 1.03146756
4115.6000 1.04852629
4116.5000 1.06222117
4117.4000 1.04030061
4118.3000 0.9834007
4119.2000 0.95284277
4120.1000 0.97838157
4121.0000 1.00464189
4121.9000 1.00157499
4122.8000 0.99419099
4123.7000 1.00154364
4124.6000 1.0197829
4125.5000 1.01772213
4126.4000 0.99026972
4127.3000 0.96575266
4128.2000 0.96417218
4129.1000 0.98358572
4130.0000 0.99432093
4130.9000 0.95923913
4131.8000 0.89113289
4132.7000 0.84772092
4133.6000 0.84806967
4134.5000 0.88225377
4135.4000 0.94916356
4136.3000 1.00354397
4137.2000 1.01610398
4138.1000 1.02062881
4139.0000 1.03838408
4139.9000 1.0550797
4140.8000 1.04424047
4141.7000 0.98055887
4142.6000 0.87459016
4143.5000 0.80355978
4144.4000 0.83403611
4145.3000 0.92502129
4146.2000 0.99380457
4147.1000 1.01783156
4148.0000 1.01021457
4148.9000 0.98187
4149.8000 0.96663254
4150.7000 0.97485262
4151.6000 0.98251235
4152.5000 0.97226149
4153.4000 0.93170828
4154.3000 0.89649701
4155.2000 0.9084841
4156.1000 0.93055034
4157.0000 0.93801707
4157.9000 0.95285881
4158.8000 0.98273754
4159.7000 1.01348925
4160.6000 1.02059555
4161.5000 1.02466261
4162.4000 1.04473376
4163.3000 1.04995894
4164.2000 1.04505002
4165.1000 1.03775179
4166.0000 1.00544977
4166.9000 0.95223284
4167.8000 0.93403167
4168.7000 0.96712863
4169.6000 1.00169075
4170.5000 0.98055071
4171.4000 0.90918916
4172.3000 0.84737426
4173.2000 0.84278172
4174.1000 0.88805181
4175.0000 0.93198586
4175.9000 0.94959909
4176.8000 0.94111764
4177.7000 0.93054199
4178.6000 0.957138
4179.5000 1.00303376
4180.4000 1.00650477
4181.3000 0.95164329
4182.2000 0.90344548
4183.1000 0.90603811
4184.0000 0.93837708
4184.9000 0.963081
4185.8000 0.94533736
4186.7000 0.87666458
4187.6000 0.83096075
4188.5000 0.86612362
4189.4000 0.93189937
4190.3000 0.9654265
4191.2000 0.9583075
4192.1000 0.9657284
4193.0000 1.01889753
4193.9000 1.04719222
4194.8000 1.00306451
4195.7000 0.95040506
4196.6000 0.92944461
4197.5000 0.89221686
4198.4000 0.84341109
4199.3000 0.84714997
4200.2000 0.87875968
4201.1000 0.86968321
4202.0000 0.85266858
4202.9000 0.88311124
4203.8000 0.92977363
4204.7000 0.9567439
4205.6000 0.9698993
4206.5000 0.97899592
4207.4000 1.00241721
4208.3000 1.02056336
4209.2000 0.9944039
4210.1000 0.95941782
4211.0000 0.97439653
4211.9000 1.02100122
4212.8000 1.0422442
4213.7000 1.02584875
4214.6000 0.97740418
4215.5000 0.92155671
4216.4000 0.90480834
4217.3000 0.93239325
4218.2000 0.96244782
4219.1000 0.98031801
4220.0000 1.00359476
4220.9000 1.02136207
4221.8000 1.00369835
4222.7000 0.96274567
4223.6000 0.91188103
4224.5000 0.8398847
4225.4000 0.72101218
4226.3000 0.58775979
4227.2000 0.57943302
4228.1000 0.73491168
4229.0000 0.8965227
4229.9000 0.96873313
4230.8000 0.99582142
4231.7000 0.99603695
4232.6000 0.96603876
4233.5000 0.94657409
4234.4000 0.94681823
4235.3000 0.90909392
4236.2000 0.84669095
4237.1000 0.83799958
4238.0000 0.87634802
4238.9000 0.90039337
4239.8000 0.91411966
4240.7000 0.9471994
4241.6000 0.96120602
4242.5000 0.93657285
4243.4000 0.93222648
4244.3000 0.96723056
4245.2000 0.98805732
4246.1000 0.96484971
4247.0000 0.90919226
4247.9000 0.8541109
4248.8000 0.81647205
4249.7000 0.78691673
4250.6000 0.79895812
4251.5000 0.88300008
4252.4000 0.95517004
4253.3000 0.92600381
4254.2000 0.84921068
4255.1000 0.83456677
4256.0000 0.90999758
4256.9000 0.99853337
4257.8000 0.99809748
4258.7000 0.90241915
4259.6000 0.79456836
4260.5000 0.74808991
4261.4000 0.80329472
4262.3000 0.91091204
4263.2000 0.97420949
4264.1000 0.98163897
4265.0000 0.98737395
4265.9000 0.99041045
4266.8000 0.95581764
4267.7000 0.92186964
4268.6000 0.91760492
4269.5000 0.88645583
4270.4000 0.79332966
4271.3000 0.69362509
4272.2000 0.68896806
4273.1000 0.75140786
4274.0000 0.76704288
4274.9000 0.77091891
4275.8000 0.84196287
4276.7000 0.93471599
4277.6000 0.98810071
4278.5000 0.98371655
4279.4000 0.9115721
4280.3000 0.84262979
4281.2000 0.85284865
4282.1000 0.89526659
4283.0000 0.92388934
4283.9000 0.93268019
4284.8000 0.89134401
4285.7000 0.83675432
4286.6000 0.83634061
4287.5000 0.86376613
4288.4000 0.84855276
4289.3000 0.7808063
4290.2000 0.744403
4291.1000 0.78074247
4292.0000 0.85052246
4292.9000 0.90169185
4293.8000 0.88384563
4294.7000 0.8437888
4295.6000 0.83365726
4296.5000 0.80826914
4297.4000 0.75039208
4298.3000 0.67791444
4299.2000 0.59909028
4300.1000 0.56396687
4301.0000 0.59608769
4301.9000 0.62869924
4302.8000 0.62852693
4303.7000 0.63386923
4304.6000 0.65569031
4305.5000 0.66947865
4306.4000 0.65099043
4307.3000 0.58920962
4308.2000 0.52803934
4309.1000 0.52401471
4310.0000 0.55785143
4310.9000 0.58148921
4311.8000 0.61091465
4312.7000 0.68463886
4313.6000 0.773462
4314.5000 0.84951609
4315.4000 0.94559979
4316.3000 1.05077553
4317.2000 1.10428441
4318.1000 1.10410726
4319.0000 1.09497845
4319.9000 1.08398116
4320.8000 1.05195391
4321.7000 1.00238979
4322.6000 0.90838897
4323.5000 0.77664328
4324.4000 0.67830902
4325.3000 0.65566057
4326.2000 0.72140872
4327.1000 0.85102659
4328.0000 0.97223192
4328.9000 1.03201771
4329.8000 1.03407097
4330.7000 1.01967347
4331.6000 1.02233732
4332.5000 1.03332913
4333.4000 1.03924811
4334.3000 1.04308748
4335.2000 1.03640437
4336.1000 0.99430645
4337.0000 0.91224134
4337.9000 0.82742971
4338.8000 0.75394446
4339.7000 0.68006974
4340.6000 0.65580124
4341.5000 0.73101187
4342.4000 0.83370221
4343.3000 0.88447779
4344.2000 0.92307276
4345.1000 0.9770664
4346.0000 1.00034249
4346.9000 0.99357581
4347.8000 0.99947554
4348.7000 1.03090143
4349.6000 1.04429042
4350.5000 0.97733957
4351.4000 0.86029232
4352.3000 0.81116676
4353.2000 0.85957181
4354.1000 0.91813976
4355.0000 0.94325006
4355.9000 0.96078074
4356.8000 0.98917967
4357.7000 0.99651706
4358.6000 0.96434015
4359.5000 0.94820398
4360.4000 0.98784846
4361.3000 1.03466415
4362.2000 1.03040743
4363.1000 1.00548339
4364.0000 1.02637112
4364.9000 1.07210684
4365.8000 1.06587493
4366.7000 1.00694191
4367.6000 0.96944648
4368.5000 0.97676128
4369.4000 0.97906208
4370.3000 0.96559566
4371.2000 0.96574861
4372.1000 0.97613358
4373.0000 0.95864934
4373.9000 0.91203707
4374.8000 0.87973458
4375.7000 0.88838869
4376.6000 0.93147165
4377.5000 0.97965598
4378.4000 0.99947113
4379.3000 0.99145848
4380.2000 0.97947109
4381.1000 0.95942801
4382.0000 0.86913949
4382.9000 0.70462739
4383.8000 0.6127547
4384.7000 0.68240142
4385.6000 0.82349461
4386.5000 0.91236597
4387.4000 0.92811114
4388.3000 0.93058509
4389.2000 0.92817783
4390.1000 0.91465378
4391.0000 0.91995525
4391.9000 0.9484086
4392.8000 0.96517605
4393.7000 0.94934225
4394.6000 0.92985582
4395.5000 0.93964958
4396.4000 0.98295593
4397.3000 1.02694774
4398.2000 1.03199792
4399.1000 0.98492372
4400.0000 0.92655045
4400.9000 0.9132176
4401.8000 0.95379031
4402.7000 0.97267777
4403.6000 0.89815485
4404.5000 0.80684215
4405.4000 0.81884629
4406.3000 0.89554179
4407.2000 0.93427008
4408.1000 0.93220145
4409.0000 0.95201796
4409.9000 1.00567174
4410.8000 1.04940903
4411.7000 1.08358693
4412.6000 1.0951438
4413.5000 1.04778707
4414.4000 0.94927889
4415.3000 0.8873449
4416.2000 0.92393458
4417.1000 0.98503041
4418.0000 1.02292311
4418.9000 1.06774163
4419.8000 1.10389924
4420.7000 1.09434164
4421.6000 1.04411805
4422.5000 1.00969446
4423.4000 1.02085006
4424.3000 1.0303582
4425.2000 1.01267338
4426.1000 1.00410795
4427.0000 1.0253551
4427.9000 1.06237471
4428.8000 1.08056712
4429.7000 1.05058384
4430.6000 1.02312386
4431.5000 1.03898394
4432.4000 1.0523144
4433.3000 1.01899791
4434.2000 0.95467639
4435.1000 0.91547126
4436.0000 0.95219737
4436.9000 1.0394268
4437.8000 1.10422766
4438.7000 1.12066615
4439.6000 1.10441947
4440.5000 1.06955528
4441.4000 1.02226698
4442.3000 0.97880465
4443.2000 0.9718672
4444.1000 1.0125469
4445.0000 1.07103491
4445.9000 1.09758115
4446.8000 1.07292664
4447.7000 1.04853427
4448.6000 1.05884731
4449.5000 1.06831932
4450.4000 1.05893433
4451.3000 1.06092143
4452.2000 1.06721902
4453.1000 1.03419137
4454.0000 0.95919502
4454.9000 0.90363014
4455.8000 0.9133476
4456.7000 0.95707577
4457.6000 0.98252642
4458.5000 0.97712636
4459.4000 0.9709112
4460.3000 0.97546291
4461.2000 0.97032917
4462.1000 0.97487569
4463.0000 1.01147747
4463.9000 1.04130065
4464.8000 1.04602075
4465.7000 1.04817653
4466.6000 1.05091894
4467.5000 1.03833938
4468.4000 1.0117048
4469.3000 0.99385941
4470.2000 1.00705969
4471.1000 1.04638529
4472.0000 1.08619511
4472.9000 1.11097372
4473.8000 1.11723745
4474.7000 1.10268736
4475.6000 1.08126831
4476.5000 1.08427691
4477.4000 1.11302292
4478.3000 1.12487543
4479.2000 1.09011269
4480.1000 1.02780068
4481.0000 0.97803748
4481.9000 0.97113943
4482.8000 1.01356649
4483.7000 1.06892955
4484.6000 1.10088956
4485.5000 1.11446011
4486.4000 1.12253809
4487.3000 1.11307621
4488.2000 1.07725966
4489.1000 1.03870857
4490.0000 1.02740955
4490.9000 1.05377579
4491.8000 1.09358513
4492.7000 1.10652149
4493.6000 1.07983387
4494.5000 1.04592228
4495.4000 1.03935933
4496.3000 1.06021166
4497.2000 1.09314167
4498.1000 1.11782372
4499.0000 1.12574124
4499.9000 1.11931634
4500.8000 1.09415066
4501.7000 1.0820719
4502.6000 1.11116719
4503.5000 1.1487726
4504.4000 1.16641152
4505.3000 1.16290057
4506.2000 1.14911211
4507.1000 1.13824975
4508.0000 1.13496542
4508.9000 1.14208162
4509.8000 1.15113163
4510.7000 1.14816737
4511.6000 1.1296773
4512.5000 1.11041343
4513.4000 1.10340488
4514.3000 1.09792423
4515.2000 1.10049248
4516.1000 1.10976207
4517.0000 1.09636545
4517.9000 1.07696056
4518.8000 1.0809859
4519.7000 1.09582543
4520.6000 1.10739636
4521.5000 1.10394251
4522.4000 1.08382761
4523.3000 1.07177126
4524.2000 1.0683285
4525.1000 1.04947472
4526.0000 1.01915848
4526.9000 0.99401915
4527.8000 0.97051102
4528.7000 0.95288658
4529.6000 0.96291184
4530.5000 0.99189049
4531.4000 1.0196358
4532.3000 1.03106773
4533.2000 1.00395644
4534.1000 0.96121109
4535.0000 0.94441241
4535.9000 0.971026
4536.8000 1.04635894
4537.7000 1.11372554
4538.6000 1.12642634
4539.5000 1.10910881
4540.4000 1.08871567
4541.3000 1.08763814
4542.2000 1.10546541
4543.1000 1.11025167
4544.0000 1.09009719
4544.9000 1.07087839
4545.8000 1.06689775
4546.7000 1.06498563
4547.6000 1.04920638
4548.5000 1.02041113
4549.4000 1.00146353
4550.3000 1.02721322
4551.2000 1.07139575
4552.1000 1.07987523
4553.0000 1.05994058
4553.9000 1.0398941
4554.8000 1.02930093
4555.7000 1.04163218
4556.6000 1.0796833
4557.5000 1.11106956
4558.4000 1.1225754
4559.3000 1.12181103
4560.2000 1.12322259
4561.1000 1.13718045
4562.0000 1.14124942
4562.9000 1.11375988
4563.8000 1.07947564
4564.7000 1.06452823
4565.6000 1.06892335
4566.5000 1.09324157
4567.4000 1.12091076
4568.3000 1.12913775
4569.2000 1.12484002
4570.1000 1.10442626
4571.0000 1.06198561
4571.9000 1.04268742
4572.8000 1.07696664
4573.7000 1.12340665
4574.6000 1.14137471
4575.5000 1.13840234
4576.4000 1.12976134
4577.3000 1.11913705
4578.2000 1.10412312
4579.1000 1.07795978
4580.0000 1.04325569
4580.9000 1.02866673
4581.8000 1.04591024
4582.7000 1.06803477
4583.6000 1.0726732
4584.5000 1.06512129
4585.4000 1.05206871
4586.3000 1.05010355
4587.2000 1.07864439
4588.1000 1.11058402
4589.0000 1.12280333
4589.9000 1.11158907
4590.8000 1.08102369
4591.7000 1.05561483
4592.6000 1.05638456
4593.5000 1.073928
4594.4000 1.08137536
4595.3000 1.08055043
4596.2000 1.08474326
4597.1000 1.08638775
4598.0000 1.08760166
4598.9000 1.08646357
4599.8000 1.07073951
4600.7000 1.05478179
4601.6000 1.05552065
4602.5000 1.06170237
4603.4000 1.06901944
4604.3000 1.06834853
4605.2000 1.06407368
4606.1000 1.0746367
4607.0000 1.09161127
4607.9000 1.10817742
4608.8000 1.12770545
4609.7000 1.12913966
4610.6000 1.10287166
4611.5000 1.08081305
4612.4000 1.07791746
4613.3000 1.08184981
4614.2000 1.09164548
4615.1000 1.10117626
4616.0000 1.09503174
4616.9000 1.08171868
4617.8000 1.07235765
4618.7000 1.07127714
4619.6000 1.08563769
4620.5000 1.10553193
4621.4000 1.10771275
4622.3000 1.09743416
4623.2000 1.0945158
4624.1000 1.09376156
4625.0000 1.0852412
4625.9000 1.08361661
4626.8000 1.09714711
4627.7000 1.10187411
4628.6000 1.08279121
4629.5000 1.06758893
4630.4000 1.08407724
4631.3000 1.10703802
4632.2000 1.10399759
4633.1000 1.08798087
4634.0000 1.08588934
4634.9000 1.09397626
4635.8000 1.09282875
4636.7000 1.07292557
4637.6000 1.0534234
4638.5000 1.05044365
4639.4000 1.05862939
4640.3000 1.08211255
4641.2000 1.10960805
4642.1000 1.11822224
4643.0000 1.10991144
4643.9000 1.09671926
4644.8000 1.07883716
4645.7000 1.05207503
4646.6000 1.02779639
4647.5000 1.02169764
4648.4000 1.03817391
4649.3000 1.07015669
4650.2000 1.08698106
4651.1000 1.08400083
4652.0000 1.0867523
4652.9000 1.08914292
4653.8000 1.06897354
4654.7000 1.04285681
4655.6000 1.03938532
4656.5000 1.05604684
4657.4000 1.08176565
4658.3000 1.1058017
4659.2000 1.11634338
4660.1000 1.11497796
4661.0000 1.10974157
4661.9000 1.10223925
4662.8000 1.09167445
4663.7000 1.08111203
4664.6000 1.07224727
4665.5000 1.04908741
4666.4000 0.99396974
4667.3000 0.94277871
4668.2000 0.95124555
4669.1000 1.00738811
4670.0000 1.06132865
4670.9000 1.0855608
4671.8000 1.07818294
4672.7000 1.06488299
4673.6000 1.06434846
4674.5000 1.074862
4675.4000 1.09062505
4676.3000 1.09677041
4677.2000 1.08440328
4678.1000 1.06280088
4679.0000 1.0446533
4679.9000 1.03686261
4680.8000 1.03848946
4681.7000 1.04482281
4682.6000 1.06001318
4683.5000 1.08424187
4684.4000 1.09478462
4685.3000 1.091097
4686.2000 1.09128475
4687.1000 1.09426844
4688.0000 1.09214318
4688.9000 1.08288753
4689.8000 1.06889021
4690.7000 1.05950618
4691.6000 1.06770539
4692.5000 1.09126723
4693.4000 1.10584998
4694.3000 1.10878217
4695.2000 1.11423779
4696.1000 1.11400795
4697.0000 1.09376585
4697.9000 1.06072271
4698.8000 1.04580283
4699.7000 1.0561868
4700.6000 1.05488062
4701.5000 1.01511931
4702.4000 0.95851767
4703.3000 0.94349021
4704.2000 0.99299586
4705.1000 1.05439997
4706.0000 1.06846571
4706.9000 1.04160857
4707.8000 1.01993072
4708.7000 1.01585686
4709.6000 1.02930248
4710.5000 1.05974805
4711.4000 1.08770823
4712.3000 1.09606385
4713.2000 1.07903171
4714.1000 1.04944766
4715.0000 1.04933357
4715.9000 1.08291614
4716.8000 1.10443401
4717.7000 1.10677886
4718.6000 1.11381054
4719.5000 1.13111174
4720.4000 1.130705
4721.3000 1.10877132
4722.2000 1.09604251
4723.1000 1.10691965
4724.0000 1.12843037
4724.9000 1.13723087
4725.8000 1.12823939
4726.7000 1.09231687
4727.6000 1.05011559
4728.5000 1.03538132
4729.4000 1.0429188
4730.3000 1.05165708
4731.2000 1.05862808
4732.1000 1.06980968
4733.0000 1.0807941
4733.9000 1.09035349
4734.8000 1.09463906
4735.7000 1.07041919
4736.6000 1.04049206
4737.5000 1.05814815
4738.4000 1.09962237
4739.3000 1.11202848
4740.2000 1.09457076
4741.1000 1.08075345
4742.0000 1.0910151
4742.9000 1.10808635
4743.8000 1.11066699
4744.7000 1.10890901
4745.6000 1.11258161
4746.5000 1.11874557
4747.4000 1.11812377
4748.3000 1.11139715
4749.2000 1.11153948
4750.1000 1.11752999
4751.0000 1.11583376
4751.9000 1.0993073
4752.8000 1.07979023
4753.7000 1.07060313
4754.6000 1.06895542
4755.5000 1.06674814
4756.4000 1.06761539
4757.3000 1.07480085
4758.2000 1.08437479
4759.1000 1.09506381
4760.0000 1.10437214
4760.9000 1.0949105
4761.8000 1.06413186
4762.7000 1.04245627
4763.6000 1.04465592
4764.5000 1.04545057
4765.4000 1.03772259
4766.3000 1.04403555
4767.2000 1.06727052
4768.1000 1.08935988
4769.0000 1.10323191
4769.9000 1.10874295
4770.8000 1.09811759
4771.7000 1.08119106
4772.6000 1.08058417
4773.5000 1.10162878
4774.4000 1.12226021
4775.3000 1.12465405
4776.2000 1.1199584
4777.1000 1.12406945
4778.0000 1.12692451
4778.9000 1.11701751
4779.8000 1.10580397
4780.7000 1.10892308
4781.6000 1.1102649
4782.5000 1.0931015
4783.4000 1.0809201
4784.3000 1.08727205
4785.2000 1.08355486
4786.1000 1.06076705
4787.0000 1.05254793
4787.9000 1.06173003
4788.8000 1.06210327
4789.7000 1.06565237
4790.6000 1.07923734
4791.5000 1.08607495
4792.4000 1.08821189
4793.3000 1.10137022
4794.2000 1.12385058
4795.1000 1.13070452
4796.0000 1.11954451
4796.9000 1.11099601
4797.8000 1.10260987
4798.7000 1.08590436
4799.6000 1.0724647
4800.5000 1.07612276
4801.4000 1.0967654
4802.3000 1.11292922
4803.2000 1.11311126
4804.1000 1.09429526
4805.0000 1.07643306
4805.9000 1.08316934
4806.8000 1.09071815
4807.7000 1.08277595
4808.6000 1.07614577
4809.5000 1.0826596
4810.4000 1.09369123
4811.3000 1.09998131
4812.2000 1.10361421
4813.1000 1.10666037
4814.0000 1.11174405
4814.9000 1.12163973
4815.8000 1.126459
4816.7000 1.12049508
4817.6000 1.11490166
4818.5000 1.12173164
4819.4000 1.12789118
4820.3000 1.12656617
4821.2000 1.12278533
4822.1000 1.10423863
4823.0000 1.07169688
4823.9000 1.05754197
4824.8000 1.07523155
4825.7000 1.10238302
4826.6000 1.12051928
4827.5000 1.11892378
4828.4000 1.0984453
4829.3000 1.08344746
4830.2000 1.08781302
4831.1000 1.0923382
4832.0000 1.08851743
4832.9000 1.08923864
4833.8000 1.10018158
4834.7000 1.10812724
4835.6000 1.10924482
4836.5000 1.10946965
4837.4000 1.10381937
4838.3000 1.08397436
4839.2000 1.05871606
4840.1000 1.05058038
4841.0000 1.06461287
4841.9000 1.07668626
4842.8000 1.07330394
4843.7000 1.07558548
4844.6000 1.09568739
4845.5000 1.11708033
4846.4000 1.11604846
4847.3000 1.09133732
4848.2000 1.07023656
4849.1000 1.07678628
4850.0000 1.09490824
4850.9000 1.09796429
4851.8000 1.091151
4852.7000 1.08976972
4853.6000 1.07705188
4854.5000 1.03622949
4855.4000 0.99745768
4856.3000 0.99741644
4857.2000 1.01327765
4858.1000 0.99162555
4859.0000 0.91204619
4859.9000 0.78727287
4860.8000 0.68353212
4861.7000 0.69293082
4862.6000 0.80207652
4863.5000 0.90631872
4864.4000 0.96672624
4865.3000 1.007658
4866.2000 1.03301764
4867.1000 1.04456615
4868.0000 1.05178428
4868.9000 1.04920685
4869.8000 1.00983453
4870.7000 0.93776339
4871.6000 0.90449822
4872.5000 0.94656438
4873.4000 1.00928581
4874.3000 1.03791606
4875.2000 1.0439049
4876.1000 1.04830706
4877.0000 1.03941488
4877.9000 1.02891684
4878.8000 1.05168641
4879.7000 1.08876157
4880.6000 1.09201777
4881.5000 1.07206929
4882.4000 1.06815362
4883.3000 1.07563233
4884.2000 1.06516349
4885.1000 1.0391748
4886.0000 1.02182007
4886.9000 1.02089727
4887.8000 1.0267812
4888.7000 1.02110648
4889.6000 0.98170274
4890.5000 0.92181808
4891.4000 0.9128201
4892.3000 0.98290354
4893.2000 1.06681073
4894.1000 1.11258876
4895.0000 1.12949133
4895.9000 1.13427067
4896.8000 1.13175368
4897.7000 1.12627959
4898.6000 1.11166084
4899.5000 1.09551084
4900.4000 1.0940181
4901.3000 1.09717083
4902.2000 1.08083344
4903.1000 1.05100429
4904.0000 1.0479219
4904.9000 1.0813477
4905.8000 1.11229038
4906.7000 1.11505616
4907.6000 1.09812558
4908.5000 1.07248235
4909.4000 1.0392406
4910.3000 1.01696265
4911.2000 1.02841353
4912.1000 1.05802488
4913.0000 1.07813954
4913.9000 1.09419811
4914.8000 1.112728
4915.7000 1.12026465
4916.6000 1.09911633
4917.5000 1.03797364
4918.4000 0.95603162
4919.3000 0.89651954
4920.2000 0.88909227
4921.1000 0.94019824
4922.0000 1.00973237
4922.9000 1.03572226
4923.8000 1.02353096
4924.7000 1.02827239
4925.6000 1.06278694
4926.5000 1.08817065
4927.4000 1.09324932
4928.3000 1.10359454
4929.2000 1.11291015
4930.1000 1.10677218
4931.0000 1.10448205
4931.9000 1.09451246
4932.8000 1.05616176
4933.7000 1.02329886
4934.6000 1.03239906
4935.5000 1.05872607
4936.4000 1.06189787
4937.3000 1.03050101
4938.2000 0.98946184
4939.1000 0.98802501
4940.0000 1.03253269
4940.9000 1.07648051
4941.8000 1.09592605
4942.7000 1.10804498
4943.6000 1.11650586
4944.5000 1.10628986
4945.4000 1.07852745
4946.3000 1.06779957
4947.2000 1.08935916
4948.1000 1.11532295
4949.0000 1.12017787
4949.9000 1.11145926
4950.8000 1.10799706
4951.7000 1.10628772
4952.6000 1.09949744
4953.5000 1.09702027
4954.4000 1.09841084
4955.3000 1.07438171
4956.2000 0.98855639
4957.1000 0.89728582
4958.0000 0.91906065
4958.9000 1.03016543
4959.8000 1.10756898
4960.7000 1.12016881
4961.6000 1.1169157
4962.5000 1.120749
4963.4000 1.12068915
4964.3000 1.10303915
4965.2000 1.07805252
4966.1000 1.06914818
4967.0000 1.07328033
4967.9000 1.07519686
4968.8000 1.07400811
4969.7000 1.07260334
4970.6000 1.0794208
4971.5000 1.09186924
4972.4000 1.09626412
4973.3000 1.10212147
4974.2000 1.11400449
4975.1000 1.11910677
4976.0000 1.11499619
4976.9000 1.10212719
4977.8000 1.07690716
4978.7000 1.05956829
4979.6000 1.05481625
4980.5000 1.037606
4981.4000 1.00240958
4982.3000 0.96396434
4983.2000 0.94544065
4984.1000 0.95961744
4985.0000 0.99536926
4985.9000 1.0453223
4986.8000 1.08754158
4987.7000 1.09570336
4988.6000 1.08128643
4989.5000 1.06397355
4990.4000 1.04641664
4991.3000 1.04201794
4992.2000 1.05832326
4993.1000 1.0681088
4994.0000 1.06526577
4994.9000 1.0701468
4995.8000 1.0774287
4996.7000 1.07908654
4997.6000 1.07602262
4998.5000 1.05566573
4999.4000 1.02793193
5000.3000 1.0130558
5001.2000 1.01067173
5002.1000 1.02100444
5003.0000 1.03937042
5003.9000 1.0408237
5004.8000 1.00524557
5005.7000 0.95844799
5006.6000 0.95844942
5007.5000 1.01046455
5008.4000 1.05750954
5009.3000 1.0700506
5010.2000 1.06446445
5011.1000 1.03970313
5012.0000 0.99936855
5012.9000 0.96882892
5013.8000 0.95429361
5014.7000 0.96541113
5015.6000 0.9964323
5016.5000 1.00508714
5017.4000 0.98390788
5018.3000 0.98094612
5019.2000 1.01062679
5020.1000 1.03170776
5021.0000 1.02448177
5021.9000 1.01016951
5022.8000 1.01563358
5023.7000 1.03567731
5024.6000 1.04555583
5025.5000 1.04272902
5026.4000 1.03063297
5027.3000 1.0207864
5028.2000 1.03385425
5029.1000 1.05780387
5030.0000 1.0717262
5030.9000 1.0750922
5031.8000 1.07714081
5032.7000 1.08563828
5033.6000 1.08584404
5034.5000 1.05111909
5035.4000 1.00301385
5036.3000 0.99922884
5037.2000 1.02603841
5038.1000 1.02370191
5039.0000 0.98890984
5039.9000 0.93900061
5040.8000 0.89561158
5041.7000 0.91136652
5042.6000 0.98541039
5043.5000 1.04642105
5044.4000 1.07231331
5045.3000 1.08747959
5046.2000 1.09310281
5047.1000 1.07636762
5048.0000 1.03864455
5048.9000 1.00551176
5049.8000 0.99551421
5050.7000 1.00422776
5051.6000 1.01782155
5052.5000 1.03343558
5053.4000 1.05719101
5054.3000 1.0779382
5055.2000 1.0812062
5056.1000 1.07144809
5057.0000 1.06848764
5057.9000 1.07733476
5058.8000 1.08402324
5059.7000 1.08014715
5060.6000 1.07684469
5061.5000 1.08178198
5062.4000 1.08444905
5063.3000 1.06073642
5064.2000 1.0127703
5065.1000 0.99155843
5066.0000 1.01472998
5066.9000 1.0317117
5067.8000 1.02435768
5068.7000 1.02376795
5069.6000 1.03876686
5070.5000 1.04511368
5071.4000 1.03025019
5072.3000 1.02090764
5073.2000 1.02654171
5074.1000 1.02305746
5075.0000 1.01395833
5075.9000 1.02333248
5076.8000 1.04466927
5077.7000 1.03676832
5078.6000 0.98473781
5079.5000 0.93621057
5080.4000 0.93489194
5081.3000 0.96398497
5082.2000 0.98484105
5083.1000 0.99323082
5084.0000 1.01211214
5084.9000 1.0423708
5085.8000 1.06032419
5086.7000 1.05355203
5087.6000 1.03847945
5088.5000 1.03730798
5089.4000 1.04298282
5090.3000 1.04594457
5091.2000 1.05752945
5092.1000 1.07860553
5093.0000 1.09221303
5093.9000 1.08270109
5094.8000 1.06022871
5095.7000 1.03829038
5096.6000 1.01235354
5097.5000 0.98128587
5098.4000 0.95608777
5099.3000 0.95996279
5100.2000 0.99695551
5101.1000 1.03368258
5102.0000 1.05139482
5102.9000 1.04876542
5103.8000 1.03277123
5104.7000 1.01998198
5105.6000 1.01246715
5106.5000 0.99665499
5107.4000 0.98347026
5108.3000 0.99283445
5109.2000 1.00092137
5110.1000 1.00105417
5111.0000 1.02259326
5111.9000 1.05086148
5112.8000 1.05543029
5113.7000 1.0516572
5114.6000 1.04786229
5115.5000 1.04090524
5116.4000 1.04311872
5117.3000 1.05760181
5118.2000 1.06735897
5119.1000 1.05870247
5120.0000 1.03728604
5120.9000 1.02102602
5121.8000 1.01400602
5122.7000 1.00554049
5123.6000 0.99152368
5124.5000 0.97668791
5125.4000 0.97293532
5126.3000 0.98564053
5127.2000 0.99645251
5128.1000 0.99370527
5129.0000 0.9892593
5129.9000 0.99633348
5130.8000 1.0137254
5131.7000 1.02373195
5132.6000 1.0196557
5133.5000 1.01728988
5134.4000 1.03129578
5135.3000 1.04262996
5136.2000 1.02546108
5137.1000 0.99366319
5138.0000 0.95953715
5138.9000 0.93594939
5139.8000 0.95705885
5140.7000 0.99173868
5141.6000 0.97644883
5142.5000 0.95341331
5143.4000 0.9810251
5144.3000 1.01915169
5145.2000 1.01720822
5146.1000 0.99378377
5147.0000 0.98177654
5147.9000 0.99363327
5148.8000 1.018484
5149.7000 1.0269264
5150.6000 1.00862777
5151.5000 0.99351931
5152.4000 0.99479765
5153.3000 0.99869579
5154.2000 1.0020802
5155.1000 1.00836933
5156.0000 1.02370727
5156.9000 1.04161584
5157.8000 1.04919267
5158.7000 1.04703319
5159.6000 1.04738069
5160.5000 1.04207206
5161.4000 1.01792085
5162.3000 0.99467713
5163.2000 0.99175364
5164.1000 0.97853708
5165.0000 0.91973948
5165.9000 0.81060082
5166.8000 0.70218909
5167.7000 0.68688905
5168.6000 0.77259529
5169.5000 0.86561954
5170.4000 0.86132836
5171.3000 0.73515028
5172.2000 0.61327374
5173.1000 0.6421113
5174.0000 0.79717225
5174.9000 0.94240457
5175.8000 1.00766599
5176.7000 1.01712513
5177.6000 1.0161283
5178.5000 1.0176872
5179.4000 1.00473642
5180.3000 0.96345288
5181.2000 0.87705857
5182.1000 0.7342
5183.0000 0.59538537
5183.9000 0.58272636
5184.8000 0.71389413
5185.7000 0.87179565
5186.6000 0.96137315
5187.5000 0.97757328
5188.4000 0.9729954
5189.3000 0.98567694
5190.2000 0.98497689
5191.1000 0.94295698
5192.0000 0.90622509
5192.9000 0.92321801
5193.8000 0.9582482
5194.7000 0.96305817
5195.6000 0.95841062
5196.5000 0.9713797
5197.4000 0.98878926
5198.3000 1.00349402
5199.2000 1.02199769
5200.1000 1.03212452
5201.0000 1.02230668
5201.9000 1.00587511
5202.8000 0.991027
5203.7000 0.96164542
5204.6000 0.92318523
5205.5000 0.91009641
5206.4000 0.9228279
5207.3000 0.91963774
5208.2000 0.9024021
5209.1000 0.91514969
5210.0000 0.95548737
5210.9000 0.99605399
5211.8000 1.03159225
5212.7000 1.05462611
5213.6000 1.04741716
5214.5000 1.0109266
5215.4000 0.96954376
5216.3000 0.95223963
5217.2000 0.97121334
5218.1000 1.00850284
5219.0000 1.03485262
5219.9000 1.04529107
5220.8000 1.05148327
5221.7000 1.05206239
5222.6000 1.04069984
5223.5000 1.02218485
5224.4000 0.99218035
5225.3000 0.93934458
5226.2000 0.88013005
5227.1000 0.87277263
5228.0000 0.93485504
5228.9000 0.99615353
5229.8000 1.02109504
5230.7000 1.02772307
5231.6000 1.00559318
5232.5000 0.96365082
5233.4000 0.95434499
5234.3000 0.98098522
5235.2000 1.00541818
5236.1000 1.0250268
5237.0000 1.04471624
5237.9000 1.05494249
5238.8000 1.05868316
5239.7000 1.06181979
5240.6000 1.05831265
5241.5000 1.04305947
5242.4000 1.03352654
5243.3000 1.04591501
5244.2000 1.06302822
5245.1000 1.05965173
5246.0000 1.03523469
5246.9000 1.01384974
5247.8000 1.01352096
5248.7000 1.02117705
5249.6000 1.01189315
5250.5000 0.9999029
5251.4000 1.01057482
5252.3000 1.0284133
5253.2000 1.02923989
5254.1000 1.01617098
5255.0000 1.01532626
5255.9000 1.03771758
5256.8000 1.06303072
5257.7000 1.07386208
5258.6000 1.07355118
5259.5000 1.06228328
5260.4000 1.03185427
5261.3000 0.98330718
5262.2000 0.93915981
5263.1000 0.91432935
5264.0000 0.89747053
5264.9000 0.87785137
5265.8000 0.87569338
5266.7000 0.91263378
5267.6000 0.93629467
5268.5000 0.88272923
5269.4000 0.80788112
5270.3000 0.82402968
5271.2000 0.9196713
5272.1000 0.98371428
5273.0000 0.98729432
5273.9000 0.97824454
5274.8000 0.97121835
5275.7000 0.97670412
5276.6000 1.00827599
5277.5000 1.04607928
5278.4000 1.0609982
5279.3000 1.0481559
5280.2000 1.01930737
5281.1000 0.98907125
5282.0000 0.96698606
5282.9000 0.95236892
5283.8000 0.95844072
5284.7000 0.99686199
5285.6000 1.0403378
5286.5000 1.05619895
5287.4000 1.04833174
5288.3000 1.04055858
5289.2000 1.05162084
5290.1000 1.06857824
5291.0000 1.07139671
5291.9000 1.06517386
5292.8000 1.06069505
5293.7000 1.05743051
5294.6000 1.04923987
5295.5000 1.0268513
5296.4000 0.98648626
5297.3000 0.9496116
5298.2000 0.94978237
5299.1000 0.98270613
5300.0000 1.00710297
5300.9000 1.00411963
5301.8000 0.99424386
5302.7000 1.0061276
5303.6000 1.03267467
5304.5000 1.05333638
5305.4000 1.05885792
5306.3000 1.04617262
5307.2000 1.03291988
5308.1000 1.03909338
5309.0000 1.05422306
5309.9000 1.06519115
5310.8000 1.06859744
5311.7000 1.06522286
5312.6000 1.05631495
5313.5000 1.04780424
5314.4000 1.04143798
5315.3000 1.02773798
5316.2000 1.01120842
5317.1000 1.0180732
5318.0000 1.04020965
5318.9000 1.0490346
5319.8000 1.04536653
5320.7000 1.0388186
5321.6000 1.02711129
5322.5000 1.00163007
5323.4000 0.96719211
5324.3000 0.95572102
5325.2000 0.97920644
5326.1000 0.97881144
5327.0000 0.90940219
5327.9000 0.83591384
5328.8000 0.85268122
5329.7000 0.94003004
5330.6000 1.01024997
5331.5000 1.0273999
5332.4000 1.01816559
5333.3000 1.01899374
5334.2000 1.03694093
5335.1000 1.04611397
5336.0000 1.03722668
5336.9000 1.03012311
5337.8000 1.02721274
5338.7000 1.00410712
5339.6000 0.96188587
5340.5000 0.94303453
5341.4000 0.96889007
5342.3000 1.00820625
5343.2000 1.02736616
5344.1000 1.02289808
5345.0000 1.00821888
5345.9000 1.00282454
5346.8000 1.00589037
5347.7000 0.9990207
5348.6000 0.9831875
5349.5000 0.98567241
5350.4000 1.00853086
5351.3000 1.02556217
5352.2000 1.02591419
5353.1000 1.02465796
5354.0000 1.035694
5354.9000 1.04838765
5355.8000 1.05430353
5356.7000 1.05749118
5357.6000 1.05768967
5358.5000 1.05559659
5359.4000 1.05428863
5360.3000 1.05089915
5361.2000 1.04093218
5362.1000 1.02250814
5363.0000 1.00741744
5363.9000 0.99627459
5364.8000 0.98623216
5365.7000 0.98685759
5366.6000 0.99395615
5367.5000 0.99615061
5368.4000 0.98851877
5369.3000 0.96185869
5370.2000 0.92235339
5371.1000 0.90500587
5372.0000 0.93699265
5372.9000 0.99202931
5373.8000 1.02859318
5374.7000 1.04688656
5375.6000 1.05460227
5376.5000 1.05024421
5377.4000 1.0426296
5378.3000 1.03580868
5379.2000 1.02538323
5380.1000 1.01605833
5381.0000 1.00844514
5381.9000 0.9958967
5382.8000 0.98476207
5383.7000 0.99559563
5384.6000 1.02176273
5385.5000 1.03594887
5386.4000 1.03551376
5387.3000 1.03133798
5388.2000 1.02618837
5389.1000 1.01861489
5390.0000 1.00860727
5390.9000 0.99715227
5391.8000 0.98471755
5392.7000 0.9783603
5393.6000 0.98633486
5394.5000 0.9958654
5395.4000 0.98452574
5396.3000 0.95237052
5397.2000 0.93811226
5398.1000 0.96324551
5399.0000 0.98850328
5399.9000 0.99369377
5400.8000 1.00213313
5401.7000 1.01267779
5402.6000 0.99296033
5403.5000 0.94453669
5404.4000 0.90497828
5405.3000 0.89839923
5406.2000 0.92999536
5407.1000 0.97779602
5408.0000 0.99763894
5408.9000 0.97685277
5409.8000 0.94959801
5410.7000 0.95542538
5411.6000 0.98857498
5412.5000 1.01626313
5413.4000 1.01670289
5414.3000 0.99551004
5415.2000 0.9857204
5416.1000 1.00390589
5417.0000 1.02844214
5417.9000 1.03442943
5418.8000 1.02408385
5419.7000 1.01370037
5420.6000 1.01353168
5421.5000 1.0196085
5422.4000 1.00853789
5423.3000 0.97656739
5424.2000 0.96517247
5425.1000 0.99142557
5426.0000 1.02453029
5426.9000 1.03532541
5427.8000 1.01085496
5428.7000 0.96309036
5429.6000 0.93868518
5430.5000 0.96525043
5431.4000 1.0007813
5432.3000 0.99949729
5433.2000 0.97414052
5434.1000 0.95511806
5435.0000 0.95679367
5435.9000 0.97597677
5436.8000 1.00089025
5437.7000 1.02430022
5438.6000 1.04010093
5439.5000 1.04686213
5440.4000 1.04604554
5441.3000 1.04373765
5442.2000 1.04039979
5443.1000 1.02976108
5444.0000 1.00613153
5444.9000 0.96860504
5445.8000 0.92869657
5446.7000 0.92141426
5447.6000 0.9613573
5448.5000 1.01080239
5449.4000 1.03501463
5450.3000 1.0402807
5451.2000 1.0392077
5452.1000 1.03284657
5453.0000 1.01564217
5453.9000 0.97701454
5454.8000 0.93292862
5455.7000 0.92938823
5456.6000 0.97605509
5457.5000 1.02310586
5458.4000 1.04020047
5459.3000 1.03794122
5460.2000 1.02997088
5461.1000 1.00688899
5462.0000 0.96893358
5462.9000 0.95076734
5463.8000 0.97081435
5464.7000 0.99863935
5465.6000 1.00654149
5466.5000 1.00420976
5467.4000 1.00881171
5468.3000 1.01583779
5469.2000 1.01907241
5470.1000 1.01828003
5471.0000 1.01277053
5471.9000 1.00497496
5472.8000 0.99209046
5473.7000 0.98345894
5474.6000 0.97609091
5475.5000 0.94454294
5476.4000 0.9116196
5477.3000 0.92546499
5478.2000 0.96969199
5479.1000 0.99603039
5480.0000 0.99183357
5480.9000 0.97892553
5481.8000 0.97889471
5482.7000 0.99099612
5483.6000 1.00618696
5484.5000 1.01812363
5485.4000 1.02047956
5486.3000 1.00650823
5487.2000 0.98862618
5488.1000 0.98371482
5489.0000 0.99436623
5489.9000 1.00736678
5490.8000 1.0123136
5491.7000 1.01014745
5492.6000 1.0045898
5493.5000 1.00027704
5494.4000 1.00272298
5495.3000 1.00670624
5496.2000 1.00115144
5497.1000 0.98935771
5498.0000 0.99196976
5498.9000 1.00578952
5499.8000 1.00410628
5500.7000 0.98664713
5501.6000 0.97715551
5502.5000 0.98467672
5503.4000 0.99748874
5504.3000 1.00008142
5505.2000 0.98578268
5506.1000 0.9705596
5507.0000 0.97577906
5507.9000 0.99442363
5508.8000 1.00430524
5509.7000 1.00261772
5510.6000 0.99226576
5511.5000 0.9697032
5512.4000 0.94761634
5513.3000 0.94565558
5514.2000 0.96258676
5515.1000 0.98499113
5516.0000 0.99905336
5516.9000 1.00516427
5517.8000 1.01156974
5518.7000 1.01666236
5519.6000 1.0148474
5520.5000 1.01195705
5521.4000 1.01071608
5522.3000 1.00660288
5523.2000 1.00281179
5524.1000 1.00065434
5525.0000 0.99271911
5525.9000 0.97264546
5526.8000 0.93554521
5527.7000 0.89727819
5528.6000 0.90174854
5529.5000 0.9528712
5530.4000 0.99734455
5531.3000 1.00855064
5532.2000 1.00763977
5533.1000 1.00197196
5534.0000 0.98731732
5534.9000 0.97842807
5535.8000 0.98433071
5536.7000 0.99660856
5537.6000 1.00364101
5538.5000 1.00403798
5539.4000 1.00614345
5540.3000 1.01028609
5541.2000 1.01041591
5542.1000 1.00032079
5543.0000 0.98574084
5543.9000 0.9841162
5544.8000 0.98955452
5545.7000 0.99041384
5546.6000 0.99273145
5547.5000 1.00388408
5548.4000 1.01483059
5549.3000 1.01598334
5550.2000 1.01418805
5551.1000 1.01144433
5552.0000 1.00555563
5552.9000 0.99609399
5553.8000 0.98350841
5554.7000 0.981022
5555.6000 0.99022979
5556.5000 0.99514806
5557.4000 0.99184805
5558.3000 0.98880148
5559.2000 0.99046355
5560.1000 0.99092323
5561.0000 0.98846734
5561.9000 0.97906131
5562.8000 0.9649455
5563.7000 0.96211642
5564.6000 0.96562886
5565.5000 0.96827561
5566.4000 0.97352749
5567.3000 0.9753747
5568.2000 0.96336538
5569.1000 0.94574755
5570.0000 0.94762874
5570.9000 0.95805633
5571.8000 0.94854271
5572.7000 0.94096994
5573.6000 0.959306
5574.5000 0.97554439
5575.4000 0.96850908
5576.3000 0.96645921
5577.2000 0.98337466
5578.1000 0.9950673
5579.0000 0.99464864
5579.9000 0.99075091
5580.8000 0.98363078
5581.7000 0.97690451
5582.6000 0.97892869
5583.5000 0.98383194
5584.4000 0.97775531
5585.3000 0.95260626
5586.2000 0.9183802
5587.1000 0.89386076
5588.0000 0.89050853
5588.9000 0.90300685
5589.8000 0.92421609
5590.7000 0.9489736
5591.6000 0.96646196
5592.5000 0.96676564
5593.4000 0.94781655
5594.3000 0.93594986
5595.2000 0.95838332
5596.1000 0.98566067
5597.0000 0.97511178
5597.9000 0.9425922
5598.8000 0.92786217
5599.7000 0.93535441
5600.6000 0.93923044
5601.5000 0.92591602
5602.4000 0.91275597
5603.3000 0.92985451
5604.2000 0.9705683
5605.1000 0.99849844
5606.0000 1.00737882
5606.9000 1.01047039
5607.8000 1.00791001
5608.7000 1.00653708
5609.6000 1.00973892
5610.5000 1.01265824
5611.4000 1.01534772
5612.3000 1.01062298
5613.2000 0.9879809
5614.1000 0.9405359
5615.0000 0.89162999
5615.9000 0.89017433
5616.8000 0.93448651
5617.7000 0.97627258
5618.6000 0.98915267
5619.5000 0.98766619
5620.4000 0.99106985
5621.3000 0.99530268
5622.2000 0.98429155
5623.1000 0.9535265
5624.0000 0.93117601
5624.9000 0.94024652
5625.8000 0.96229869
5626.7000 0.97931135
5627.6000 0.98674983
5628.5000 0.99233246
5629.4000 1.0025481
5630.3000 1.00641596
5631.2000 1.00050414
5632.1000 0.99093014
5633.0000 0.98336202
5633.9000 0.97845483
5634.8000 0.97608387
5635.7000 0.97527039
5636.6000 0.96929878
5637.5000 0.96742916
5638.4000 0.97817254
5639.3000 0.9916411
5640.2000 0.98790246
5641.1000 0.97375131
5642.0000 0.97233498
5642.9000 0.98027915
5643.8000 0.98339051
5644.7000 0.98266727
5645.6000 0.98458242
5646.5000 0.99253887
5647.4000 0.99896026
5648.3000 0.99672991
5649.2000 0.98766845
5650.1000 0.97736079
5651.0000 0.97760999
5651.9000 0.98770159
5652.8000 0.98649466
5653.7000 0.96940202
5654.6000 0.9544397
5655.5000 0.95945615
5656.4000 0.96617758
5657.3000 0.93923384
5658.2000 0.90417641
5659.1000 0.91171658
5660.0000 0.94954795
5660.9000 0.9699136
5661.8000 0.96211046
5662.7000 0.95183444
5663.6000 0.95772201
5664.5000 0.97217286
5665.4000 0.98169392
5666.3000 0.97820985
5667.2000 0.97322398
5668.1000 0.97710627
5669.0000 0.97950906
5669.9000 0.97826785
5670.8000 0.97937024
5671.7000 0.9889369
5672.6000 0.99842268
5673.5000 0.99583328
5674.4000 0.98408121
5675.3000 0.97733659
5676.2000 0.98607808
5677.1000 0.99485594
5678.0000 0.9896915
5678.9000 0.98247135
5679.8000 0.98340088
5680.7000 0.98008239
5681.6000 0.96300435
5682.5000 0.9452675
5683.4000 0.94313079
5684.3000 0.95618302
5685.2000 0.96951389
5686.1000 0.96371746
5687.0000 0.9459728
5687.9000 0.93759936
5688.8000 0.94567209
5689.7000 0.96107078
5690.6000 0.97111446
5691.5000 0.98009366
5692.4000 0.9897753
5693.3000 0.98727971
5694.2000 0.97745019
5695.1000 0.974464
5696.0000 0.98132771
5696.9000 0.98447233
5697.8000 0.97812527
5698.7000 0.97610104
5699.6000 0.97187603
5700.5000 0.95527357
5701.4000 0.94536799
5702.3000 0.95566785
5703.2000 0.97520703
5704.1000 0.97946018
5705.0000 0.96280122
5705.9000 0.94876778
5706.8000 0.94718909
5707.7000 0.93823904
5708.6000 0.91798645
5709.5000 0.90603828
5710.4000 0.90314722
5711.3000 0.90686578
5712.2000 0.92798489
5713.1000 0.95583653
5714.0000 0.96873391
5714.9000 0.97260863
5715.8000 0.97688866
5716.7000 0.97937036
5717.6000 0.98258936
5718.5000 0.99205679
5719.4000 0.99676263
5720.3000 0.9913168
5721.2000 0.98945934
5722.1000 0.99334943
5723.0000 0.99503553
5723.9000 0.9975276
5724.8000 1.00204504
5725.7000 1.00150645
5726.6000 0.99509698
5727.5000 0.9918198
5728.4000 0.99442607
5729.3000 0.99604285
5730.2000 0.99068356
5731.1000 0.98150998
5732.0000 0.97938895
5732.9000 0.9861834
5733.8000 0.99650431
5734.7000 1.00120711
5735.6000 0.99604398
5736.5000 0.99142909
5737.4000 0.99184942
5738.3000 0.99117333
5739.2000 0.9915269
5740.1000 0.99058527
5741.0000 0.9853707
5741.9000 0.98344481
5742.8000 0.98734158
5743.7000 0.99304372
5744.6000 0.99362564
5745.5000 0.98990583
5746.4000 0.98511159
5747.3000 0.97688818
5748.2000 0.97461236
5749.1000 0.98735619
5750.0000 0.99425584
5750.9000 0.98181003
5751.8000 0.96110886
5752.7000 0.94484919
5753.6000 0.93543911
5754.5000 0.94195098
5755.4000 0.96311057
5756.3000 0.97709394
5757.2000 0.98244685
5758.1000 0.98654783
5759.0000 0.98614711
5759.9000 0.97787845
5760.8000 0.96470731
5761.7000 0.95490688
5762.6000 0.951491
5763.5000 0.95827603
5764.4000 0.97236663
5765.3000 0.98103535
5766.2000 0.98405963
5767.1000 0.98586988
5768.0000 0.98576576
5768.9000 0.98380315
5769.8000 0.98338532
5770.7000 0.98281997
5771.6000 0.9750852
5772.5000 0.97093993
5773.4000 0.97374541
5774.3000 0.97357863
5775.2000 0.97661245
5776.1000 0.98654824
5777.0000 0.9911831
5777.9000 0.98453486
5778.8000 0.97246081
5779.7000 0.96155763
5780.6000 0.95187324
5781.5000 0.94554716
5782.4000 0.94865465
5783.3000 0.95316267
5784.2000 0.95104843
5785.1000 0.94674325
5786.0000 0.9501828
5786.9000 0.96078712
5787.8000 0.96950322
5788.7000 0.97014046
5789.6000 0.96292919
5790.5000 0.95550621
5791.4000 0.95350808
5792.3000 0.95236075
5793.2000 0.95438993
5794.1000 0.96312493
5795.0000 0.9697777
5795.9000 0.96516049
5796.8000 0.95577705
5797.7000 0.95646232
5798.6000 0.96933639
5799.5000 0.97978634
5800.4000 0.97944552
5801.3000 0.97451872
5802.2000 0.97166127
5803.1000 0.96584827
5804.0000 0.95618719
5804.9000 0.95256048
5805.8000 0.95509309
5806.7000 0.96070391
5807.6000 0.96426678
5808.5000 0.96434855
5809.4000 0.96654695
5810.3000 0.97109002
5811.2000 0.97732943
5812.1000 0.98317927
5813.0000 0.98091882
5813.9000 0.97141457
5814.8000 0.96246737
5815.7000 0.95932072
5816.6000 0.96091181
5817.5000 0.96828347
5818.4000 0.98057437
5819.3000 0.98705083
5820.2000 0.98597789
5821.1000 0.980515
5822.0000 0.97497559
5822.9000 0.97569811
5823.8000 0.97962534
5824.7000 0.98057926
5825.6000 0.97837299
5826.5000 0.97696364
5827.4000 0.97892922
5828.3000 0.97800833
5829.2000 0.97455198
5830.1000 0.97246981
5831.0000 0.97492647
5831.9000 0.9782514
5832.8000 0.97610968
5833.7000 0.9693895
5834.6000 0.96434617
5835.5000 0.96917427
5836.4000 0.97698349
5837.3000 0.97790688
5838.2000 0.97633624
5839.1000 0.97552973
5840.0000 0.97661775
5840.9000 0.98027796
5841.8000 0.97947717
5842.7000 0.97808659
5843.6000 0.97857773
5844.5000 0.98032582
5845.4000 0.97943419
5846.3000 0.97216207
5847.2000 0.96472728
5848.1000 0.96413881
5849.0000 0.96873903
5849.9000 0.97171688
5850.8000 0.97031283
5851.7000 0.96462512
5852.6000 0.95268929
5853.5000 0.94394898
5854.4000 0.94839364
5855.3000 0.9519102
5856.2000 0.93353981
5857.1000 0.90645641
5858.0000 0.90521538
5858.9000 0.92449021
5859.8000 0.94037306
5860.7000 0.94891238
5861.6000 0.94831109
5862.5000 0.94440866
5863.4000 0.94726294
5864.3000 0.95158678
5865.2000 0.94919384
5866.1000 0.9400866
5867.0000 0.93787152
5867.9000 0.95069259
5868.8000 0.96460652
5869.7000 0.96974099
5870.6000 0.96713412
5871.5000 0.96270794
5872.4000 0.96073467
5873.3000 0.96089035
5874.2000 0.959324
5875.1000 0.95786774
5876.0000 0.95712423
5876.9000 0.95600939
5877.8000 0.95753682
5878.7000 0.96396828
5879.6000 0.96591985
5880.5000 0.9638077
5881.4000 0.96490347
5882.3000 0.95985907
5883.2000 0.94916379
5884.1000 0.94447052
5885.0000 0.94689482
5885.9000 0.95332038
5886.8000 0.95351064
5887.7000 0.91678947
5888.6000 0.82325613
5889.5000 0.72986042
5890.4000 0.73056728
5891.3000 0.81080449
5892.2000 0.8809917
5893.1000 0.90840119
5894.0000 0.88903874
5894.9000 0.82084227
5895.8000 0.7728163
5896.7000 0.80971175
5897.6000 0.88279104
5898.5000 0.92693013
5899.4000 0.94181979
5900.3000 0.94805115
5901.2000 0.95691031
5902.1000 0.96396923
5903.0000 0.96661168
5903.9000 0.96578419
5904.8000 0.95832908
5905.7000 0.95128351
5906.6000 0.95067108
5907.5000 0.95225352
5908.4000 0.95409995
5909.3000 0.95683873
5910.2000 0.96365857
5911.1000 0.96890271
5912.0000 0.96170294
5912.9000 0.94287258
5913.8000 0.92521852
5914.7000 0.92279315
5915.6000 0.92952615
5916.5000 0.93532217
5917.4000 0.94446522
5918.3000 0.95472896
5919.2000 0.95813859
5920.1000 0.95316815
5921.0000 0.948376
5921.9000 0.94867927
5922.8000 0.95287609
5923.7000 0.95660222
5924.6000 0.95340043
5925.5000 0.95226842
5926.4000 0.95676714
5927.3000 0.95459688
5928.2000 0.94342124
5929.1000 0.93007684
5930.0000 0.92644995
5930.9000 0.9366954
5931.8000 0.95109653
5932.7000 0.95708668
5933.6000 0.94874603
5934.5000 0.94218683
5935.4000 0.94834191
5936.3000 0.9551633
5937.2000 0.9548586
5938.1000 0.95174342
5939.0000 0.95262915
5939.9000 0.95417005
5940.8000 0.95149189
5941.7000 0.94902188
5942.6000 0.94519323
5943.5000 0.94016343
5944.4000 0.94323736
5945.3000 0.95153999
5946.2000 0.95109713
5947.1000 0.93763459
5948.0000 0.92277932
5948.9000 0.92136776
5949.8000 0.93531954
5950.7000 0.94639194
5951.6000 0.94103885
5952.5000 0.93249357
5953.4000 0.93483913
5954.3000 0.93994933
5955.2000 0.93992096
5956.1000 0.93757135
5957.0000 0.93807691
5957.9000 0.94303912
5958.8000 0.94733769
5959.7000 0.95187807
5960.6000 0.95508027
5961.5000 0.95220315
5962.4000 0.94957006
5963.3000 0.95234257
5964.2000 0.95422125
5965.1000 0.95291662
5966.0000 0.95100814
5966.9000 0.95063001
5967.8000 0.95046115
5968.7000 0.95462906
5969.6000 0.96186304
5970.5000 0.96592796
5971.4000 0.96156061
5972.3000 0.95360124
5973.2000 0.95209801
5974.1000 0.95059443
5975.0000 0.94034457
5975.9000 0.92960751
5976.8000 0.92920548
5977.7000 0.93628198
5978.6000 0.94365096
5979.5000 0.94860274
5980.4000 0.94879317
5981.3000 0.9443661
5982.2000 0.93419921
5983.1000 0.9202081
5984.0000 0.91429704
5984.9000 0.92251194
5985.8000 0.93241549
5986.7000 0.93549901
5987.6000 0.93830723
5988.5000 0.94187921
5989.4000 0.94424921
5990.3000 0.94480288
5991.2000 0.94779146
5992.1000 0.9515183
5993.0000 0.94888264
5993.9000 0.9411937
5994.8000 0.9389416
5995.7000 0.94052953
5996.6000 0.93358552
5997.5000 0.92500401
5998.4000 0.92684889
5999.3000 0.93681026
6000.2000 0.9446156
6001.1000 0.94211936
6002.0000 0.93124491
6002.9000 0.92378396
6003.8000 0.92508078
6004.7000 0.92895633
6005.6000 0.92768735
6006.5000 0.92016572
6007.4000 0.90884858
6008.3000 0.90487057
6009.2000 0.91903496
6010.1000 0.94021183
6011.0000 0.94390446
6011.9000 0.93052745
6012.8000 0.92280316
6013.7000 0.926624
6014.6000 0.93229741
6015.5000 0.93096006
6016.4000 0.92622024
6017.3000 0.92489427
6018.2000 0.92644435
6019.1000 0.92069089
6020.0000 0.90651888
6020.9000 0.90194559
6021.8000 0.90795654
6022.7000 0.90889752
6023.6000 0.90589333
6024.5000 0.91189069
6025.4000 0.92075974
6026.3000 0.92194563
6027.2000 0.92643905
6028.1000 0.93239671
6029.0000 0.93261725
6029.9000 0.93158925
6030.8000 0.93698668
6031.7000 0.94372994
6032.6000 0.94586033
6033.5000 0.94613898
6034.4000 0.94553965
6035.3000 0.94511074
6036.2000 0.94583052
6037.1000 0.94547296
6038.0000 0.94620401
6038.9000 0.94773906
6039.8000 0.94624817
6040.7000 0.93942326
6041.6000 0.93037158
6042.5000 0.93287486
6043.4000 0.94318533
6044.3000 0.94584644
6045.2000 0.94340795
6046.1000 0.94527191
6047.0000 0.95132434
6047.9000 0.95400578
6048.8000 0.95322573
6049.7000 0.95253891
6050.6000 0.94807929
6051.5000 0.94099277
6052.4000 0.93920809
6053.3000 0.93760228
6054.2000 0.93189538
6055.1000 0.92584378
6056.0000 0.93111926
6056.9000 0.94237626
6057.8000 0.94317186
6058.7000 0.94191837
6059.6000 0.94710845
6060.5000 0.94981265
6061.4000 0.94670868
6062.3000 0.94411421
6063.2000 0.94027567
6064.1000 0.92415249
6065.0000 0.90759504
6065.9000 0.91105157
6066.8000 0.92829782
6067.7000 0.94332796
6068.6000 0.94698679
6069.5000 0.9460423
6070.4000 0.94762117
6071.3000 0.94861406
6072.2000 0.94631201
6073.1000 0.94267076
6074.0000 0.93915874
6074.9000 0.93794739
6075.8000 0.93626857
6076.7000 0.92967194
6077.6000 0.92073619
6078.5000 0.91873568
6079.4000 0.92785531
6080.3000 0.93705845
6081.2000 0.93456763
6082.1000 0.92765957
6083.0000 0.92726654
6083.9000 0.92835438
6084.8000 0.91952389
6085.7000 0.9105987
6086.6000 0.91438496
6087.5000 0.92366523
6088.4000 0.92800868
6089.3000 0.92313737
6090.2000 0.91845566
6091.1000 0.9222188
6092.0000 0.92827696
6092.9000 0.92994714
6093.8000 0.92724246
6094.7000 0.92836571
6095.6000 0.93434
6096.5000 0.93374598
6097.4000 0.92769521
6098.3000 0.92863214
6099.2000 0.93459976
6100.1000 0.92899674
6101.0000 0.9038406
6101.9000 0.86756408
6102.8000 0.85408443
6103.7000 0.8837772
6104.6000 0.91929662
6105.5000 0.92862254
6106.4000 0.9227252
6107.3000 0.91644228
6108.2000 0.91683382
6109.1000 0.92222452
6110.0000 0.92371339
6110.9000 0.92268288
6111.8000 0.92647064
6112.7000 0.92872977
6113.6000 0.92518944
6114.5000 0.92293292
6115.4000 0.92101872
6116.3000 0.91791594
6117.2000 0.92088532
6118.1000 0.92403251
6119.0000 0.9196623
6119.9000 0.90604764
6120.8000 0.88020104
6121.7000 0.85647422
6122.6000 0.86013412
6123.5000 0.89041388
6124.4000 0.91387051
6125.3000 0.91888911
6126.2000 0.92040449
6127.1000 0.91919184
6128.0000 0.91189575
6128.9000 0.90526545
6129.8000 0.90799224
6130.7000 0.91673213
6131.6000 0.92161143
6132.5000 0.92679757
6133.4000 0.93349367
6134.3000 0.92799652
6135.2000 0.89842016
6136.1000 0.8529076
6137.0000 0.83075756
6137.9000 0.85275269
6138.8000 0.89041644
6139.7000 0.90967172
6140.6000 0.90451944
6141.5000 0.89573568
6142.4000 0.90185493
6143.3000 0.91787249
6144.2000 0.92876798
6145.1000 0.93104237
6146.0000 0.93078536
6146.9000 0.92517298
6147.8000 0.91969681
6148.7000 0.92130327
6149.6000 0.92353618
6150.5000 0.92015928
6151.4000 0.91536528
6152.3000 0.91518086
6153.2000 0.91590923
6154.1000 0.90851718
6155.0000 0.90453935
6155.9000 0.91195756
6156.8000 0.9205817
6157.7000 0.92547548
6158.6000 0.92459828
6159.5000 0.90810138
6160.4000 0.86728227
6161.3000 0.81995708
6162.2000 0.81040269
6163.1000 0.84362155
6164.0000 0.87827963
6164.9000 0.89341313
6165.8000 0.89744228
6166.7000 0.89920902
6167.6000 0.88580096
6168.5000 0.85282975
6169.4000 0.8357811
6170.3000 0.85908395
6171.2000 0.89121509
6172.1000 0.90138489
6173.0000 0.89888543
6173.9000 0.90157217
6174.8000 0.90640301
6175.7000 0.90483916
6176.6000 0.90046388
6177.5000 0.90387797
6178.4000 0.91347909
6179.3000 0.92042553
6180.2000 0.92399919
6181.1000 0.92698628
6182.0000 0.92952073
6182.9000 0.93040544
6183.8000 0.92974406
6184.7000 0.92596847
6185.6000 0.91748446
6186.5000 0.91014266
6187.4000 0.90770388
6188.3000 0.9071244
6189.2000 0.90438598
6190.1000 0.88734609
6191.0000 0.86899155
6191.9000 0.87395179
6192.8000 0.89203668
6193.7000 0.9092223
6194.6000 0.91938412
6195.5000 0.91680247
6196.4000 0.91208917
6197.3000 0.91800797
6198.2000 0.92452669
6199.1000 0.92004311
6200.0000 0.91233909
6200.9000 0.91180593
6201.8000 0.9170112
6202.7000 0.92135972
6203.6000 0.92308593
6204.5000 0.92818469
6205.4000 0.93049008
6206.3000 0.92460555
6207.2000 0.92067927
6208.1000 0.92178112
6209.0000 0.92186636
6209.9000 0.92030865
6210.8000 0.91570896
6211.7000 0.9042567
6212.6000 0.88927048
6213.5000 0.88275391
6214.4000 0.88355821
6215.3000 0.884987
6216.2000 0.89242262
6217.1000 0.9034
6218.0000 0.90296906
6218.9000 0.89154363
6219.8000 0.88427764
6220.7000 0.88851744
6221.6000 0.89844012
6222.5000 0.90627605
6223.4000 0.91102737
6224.3000 0.9168486
6225.2000 0.91800135
6226.1000 0.90991443
6227.0000 0.90556139
6227.9000 0.90738064
6228.8000 0.90192741
6229.7000 0.87978631
6230.6000 0.85713857
6231.5000 0.85712421
6232.4000 0.87477499
6233.3000 0.89111018
6234.2000 0.90119487
6235.1000 0.90479726
6236.0000 0.90160954
6236.9000 0.89789701
6237.8000 0.89884406
6238.7000 0.90129107
6239.6000 0.89793217
6240.5000 0.89586633
6241.4000 0.89810938
6242.3000 0.89057761
6243.2000 0.87922376
6244.1000 0.8776685
6245.0000 0.87729883
6245.9000 0.87458712
6246.8000 0.88114291
6247.7000 0.89850432
6248.6000 0.90874624
6249.5000 0.90728676
6250.4000 0.90117222
6251.3000 0.88392109
6252.2000 0.8583231
6253.1000 0.84294605
6254.0000 0.84573078
6254.9000 0.8555457
6255.8000 0.85992962
6256.7000 0.86120898
6257.6000 0.8641932
6258.5000 0.87274051
6259.4000 0.88549763
6260.3000 0.88963807
6261.2000 0.8926183
6262.1000 0.90217358
6263.0000 0.90551275
6263.9000 0.89671803
6264.8000 0.89064866
6265.7000 0.89405859
6266.6000 0.89954901
6267.5000 0.90558684
6268.4000 0.90538895
6269.3000 0.89582843
6270.2000 0.89120245
6271.1000 0.89406872
6272.0000 0.89745539
6272.9000 0.90015435
6273.8000 0.901416
6274.7000 0.90082997
6275.6000 0.8994807
6276.5000 0.8981356
6277.4000 0.89821893
6278.3000 0.8982079
6279.2000 0.89226294
6280.1000 0.88380611
6281.0000 0.88448912
6281.9000 0.89364541
6282.8000 0.90610576
6283.7000 0.91521263
6284.6000 0.90910965
6285.5000 0.90123856
6286.4000 0.90522289
6287.3000 0.908912
6288.2000 0.90945625
6289.1000 0.90765512
6290.0000 0.89958447
6290.9000 0.89469498
6291.8000 0.89507639
6292.7000 0.89537323
6293.6000 0.90238124
6294.5000 0.91015679
6295.4000 0.90485495
6296.3000 0.88914311
6297.2000 0.88047075
6298.1000 0.8829937
6299.0000 0.88395077
6299.9000 0.87299788
6300.8000 0.85303891
6301.7000 0.84244531
6302.6000 0.85133576
6303.5000 0.87146288
6304.4000 0.89055693
6305.3000 0.90154165
6306.2000 0.90533507
6307.1000 0.90276253
6308.0000 0.89353883
6308.9000 0.88402867
6309.8000 0.88091832
6310.7000 0.88432837
6311.6000 0.88777351
6312.5000 0.88636816
6313.4000 0.87697947
6314.3000 0.86047238
6315.2000 0.85323125
6316.1000 0.85702318
6317.0000 0.85416371
6317.9000 0.84640878
6318.8000 0.8513515
6319.7000 0.86626363
6320.6000 0.87081707
6321.5000 0.86717367
6322.4000 0.86132628
6323.3000 0.86951351
6324.2000 0.88548297
6325.1000 0.88880366
6326.0000 0.88156861
6326.9000 0.87934577
6327.8000 0.88342869
6328.7000 0.88660556
6329.6000 0.88592839
6330.5000 0.88156605
6331.4000 0.87560791
6332.3000 0.87606084
6333.2000 0.87738359
6334.1000 0.86547893
6335.0000 0.84647614
6335.9000 0.8357352
6336.8000 0.84130943
6337.7000 0.85745758
6338.6000 0.86642081
6339.5000 0.87126726
6340.4000 0.8770386
6341.3000 0.8780306
6342.2000 0.87162626
6343.1000 0.86032718
6344.0000 0.85621667
6344.9000 0.86444598
6345.8000 0.87123722
6346.7000 0.87036651
6347.6000 0.87196988
6348.5000 0.87744552
6349.4000 0.88285613
6350.3000 0.88510871
6351.2000 0.88095587
6352.1000 0.87362295
6353.0000 0.86729354
6353.9000 0.86100549
6354.8000 0.85949516
6355.7000 0.86319983
6356.6000 0.86196971
6357.5000 0.85187048
6358.4000 0.84741324
6359.3000 0.85525799
6360.2000 0.8626675
6361.1000 0.85837924
6362.0000 0.85119379
6362.9000 0.85091245
6363.8000 0.85707635
6364.7000 0.86767864
6365.6000 0.87167585
6366.5000 0.86979181
6367.4000 0.8730495
6368.3000 0.87635469
6369.2000 0.87523699
6370.1000 0.87462199
6371.0000 0.87286144
6371.9000 0.87150067
6372.8000 0.86953437
6373.7000 0.86427158
6374.6000 0.86333269
6375.5000 0.86910844
6376.4000 0.87258375
6377.3000 0.87090516
6378.2000 0.86773938
6379.1000 0.86499608
6380.0000 0.86662525
6380.9000 0.87190568
6381.8000 0.87498242
6382.7000 0.87545812
6383.6000 0.876845
6384.5000 0.87504506
6385.4000 0.87114769
6386.3000 0.87050688
6387.2000 0.86986125
6388.1000 0.86509925
6389.0000 0.86593211
6389.9000 0.87457806
6390.8000 0.87876511
6391.7000 0.86848301
6392.6000 0.84525448
6393.5000 0.8299576
6394.4000 0.83719808
6395.3000 0.85510778
6396.2000 0.86880541
6397.1000 0.87341356
6398.0000 0.86358076
6398.9000 0.83613443
6399.8000 0.8144812
6400.7000 0.82555002
6401.6000 0.85108787
6402.5000 0.87003624
6403.4000 0.88017452
6404.3000 0.88169503
6405.2000 0.87801099
6406.1000 0.86714202
6407.0000 0.84737843
6407.9000 0.83528614
6408.8000 0.84280717
6409.7000 0.85207665
6410.6000 0.84312838
6411.5000 0.83520919
6412.4000 0.84764665
6413.3000 0.8617819
6414.2000 0.86206502
6415.1000 0.85736847
6416.0000 0.85669416
6416.9000 0.86233449
6417.8000 0.86730927
6418.7000 0.86048776
6419.6000 0.84214312
6420.5000 0.83046228
6421.4000 0.83702338
6422.3000 0.85281307
6423.2000 0.86821002
6424.1000 0.87591833
6425.0000 0.87355691
6425.9000 0.86761743
6426.8000 0.86779249
6427.7000 0.87326437
6428.6000 0.86893135
6429.5000 0.85231864
6430.4000 0.83723569
6431.3000 0.83594269
6432.2000 0.84639758
6433.1000 0.85721582
6434.0000 0.86631727
6434.9000 0.87351215
6435.8000 0.87345749
6436.7000 0.86402148
6437.6000 0.84376782
6438.5000 0.82558686
6439.4000 0.83014244
6440.3000 0.84889585
6441.2000 0.86260939
6442.1000 0.86856079
6443.0000 0.86994117
6443.9000 0.8691982
6444.8000 0.86941338
6445.7000 0.8737334
6446.6000 0.87571776
6447.5000 0.86834943
6448.4000 0.84757876
6449.3000 0.82351017
6450.2000 0.82206106
6451.1000 0.84612697
6452.0000 0.87148291
6452.9000 0.8804298
6453.8000 0.87199527
6454.7000 0.85570055
6455.6000 0.84603167
6456.5000 0.85145718
6457.4000 0.86329085
6458.3000 0.86946297
6459.2000 0.87134027
6460.1000 0.86443323
6461.0000 0.83893532
6461.9000 0.80702877
6462.8000 0.80060297
6463.7000 0.82496166
6464.6000 0.85055131
6465.5000 0.86026073
6466.4000 0.86200076
6467.3000 0.86326921
6468.2000 0.86386698
6469.1000 0.85912043
6470.0000 0.85072982
6470.9000 0.84277058
6471.8000 0.84140432
6472.7000 0.85340261
6473.6000 0.86213315
6474.5000 0.85525501
6475.4000 0.84697825
6476.3000 0.84921914
6477.2000 0.85721308
6478.1000 0.86192882
6479.0000 0.86190391
6479.9000 0.8549912
6480.8000 0.84047163
6481.7000 0.82662356
6482.6000 0.82522219
6483.5000 0.83674324
6484.4000 0.84943336
6485.3000 0.85316229
6486.2000 0.85451883
6487.1000 0.85925096
6488.0000 0.86095232
6488.9000 0.85539246
6489.8000 0.84533423
6490.7000 0.83704633
6491.6000 0.8318581
6492.5000 0.81847286
6493.4000 0.79139972
6494.3000 0.76867372
6495.2000 0.76776522
6496.1000 0.78426713
6497.0000 0.8018198
6497.9000 0.80891663
6498.8000 0.80872136
6499.7000 0.81467348
6500.6000 0.82752931
6501.5000 0.83773017
6502.4000 0.84446657
6503.3000 0.85036796
6504.2000 0.85013705
6505.1000 0.84459811
6506.0000 0.84382129
6506.9000 0.84797895
6507.8000 0.84831482
6508.7000 0.84724766
6509.6000 0.8507784
6510.5000 0.85249722
6511.4000 0.8495425
6512.3000 0.84779578
6513.2000 0.84954453
6514.1000 0.84660393
6515.0000 0.83659482
6515.9000 0.83055156
6516.8000 0.83188003
6517.7000 0.83093047
6518.6000 0.8275063
6519.5000 0.83165288
6520.4000 0.84115487
6521.3000 0.84499389
6522.2000 0.84459555
6523.1000 0.84577042
6524.0000 0.84600639
6524.9000 0.84331948
6525.8000 0.83655316
6526.7000 0.83088416
6527.6000 0.83367169
6528.5000 0.844446
6529.4000 0.85217297
6530.3000 0.84964567
6531.2000 0.84211254
6532.1000 0.83399099
6533.0000 0.82752824
6533.9000 0.82868248
6534.8000 0.83596241
6535.7000 0.84319955
6536.6000 0.84579343
6537.5000 0.84271479
6538.4000 0.83681369
6539.3000 0.83237481
6540.2000 0.8301295
6541.1000 0.82912487
6542.0000 0.83079737
6542.9000 0.83237797
6543.8000 0.82653737
6544.7000 0.81379271
6545.6000 0.80075616
6546.5000 0.79794073
6547.4000 0.80496836
6548.3000 0.810471
6549.2000 0.81248039
6550.1000 0.81427383
6551.0000 0.81495488
6551.9000 0.80904186
6552.8000 0.79723835
6553.7000 0.78938347
6554.6000 0.78616643
6555.5000 0.78211421
6556.4000 0.77842826
6557.3000 0.77367806
6558.2000 0.76693165
6559.1000 0.75414044
6560.0000 0.71916342
6560.9000 0.63973618
6561.8000 0.52781141
6562.7000 0.46419981
6563.6000 0.51587546
6564.5000 0.63134032
6565.4000 0.71573192
6566.3000 0.74895889
6567.2000 0.76257563
6568.1000 0.77148253
6569.0000 0.77498049
6569.9000 0.77917677
6570.8000 0.7849825
6571.7000 0.78748596
6572.6000 0.78807783
6573.5000 0.79085171
6574.4000 0.79403508
6575.3000 0.79833949
6576.2000 0.80688959
6577.1000 0.81547713
6578.0000 0.81870455
6578.9000 0.81784582
6579.8000 0.81802654
6580.7000 0.820252
6581.6000 0.82192272
6582.5000 0.82297093
6583.4000 0.82395959
6584.3000 0.82403612
6585.2000 0.82418686
6586.1000 0.82423306
6587.0000 0.82524532
6587.9000 0.82638854
6588.8000 0.82613796
6589.7000 0.82578146
6590.6000 0.82116669
6591.5000 0.80526757
6592.4000 0.78053355
6593.3000 0.76898539
6594.2000 0.78589976
6595.1000 0.80898929
6596.0000 0.81789732
6596.9000 0.81597286
6597.8000 0.81120896
6598.7000 0.81281006
6599.6000 0.82107025
6600.5000 0.82717127
6601.4000 0.82881963
6602.3000 0.82833314
6603.2000 0.82899171
6604.1000 0.8281371
6605.0000 0.82475066
6605.9000 0.82247579
6606.8000 0.81963098
6607.7000 0.81317019
6608.6000 0.80426931
6609.5000 0.80187041
6610.4000 0.81052291
6611.3000 0.82133228
6612.2000 0.82447582
6613.1000 0.82157928
6614.0000 0.82171917
6614.9000 0.82708818
6615.8000 0.83185607
6616.7000 0.82999933
6617.6000 0.82426953
6618.5000 0.82254821
6619.4000 0.82264084
6620.3000 0.8195529
6621.2000 0.81820995
6622.1000 0.82143497
6623.0000 0.82412124
6623.9000 0.82462019
6624.8000 0.82438195
6625.7000 0.82259518
6626.6000 0.81867766
6627.5000 0.81433874
6628.4000 0.81104624
6629.3000 0.81066209
6630.2000 0.81177419
6631.1000 0.81201106
6632.0000 0.80663657
6632.9000 0.79414016
6633.8000 0.78817427
6634.7000 0.79767787
6635.6000 0.81097704
6636.5000 0.81791908
6637.4000 0.82107204
6638.3000 0.82230556
6639.2000 0.82038695
6640.1000 0.81916672
6641.0000 0.81938338
6641.9000 0.81574595
6642.8000 0.80792099
6643.7000 0.80409992
6644.6000 0.81233174
6645.5000 0.82384622
6646.4000 0.82742316
6647.3000 0.82629085
6648.2000 0.82245016
6649.1000 0.81817895
6650.0000 0.81797981
6650.9000 0.81857985
6651.8000 0.81784111
6652.7000 0.81931943
6653.6000 0.8218717
6654.5000 0.82389557
6655.4000 0.82353145
6656.3000 0.82085049
6657.2000 0.82033098
6658.1000 0.81961995
6659.0000 0.82123625
6659.9000 0.82386857
6660.8000 0.81870806
6661.7000 0.80975574
6662.6000 0.79751879
6663.5000 0.78926295
6664.4000 0.79533345
6665.3000 0.81022447
6666.2000 0.82006609
6667.1000 0.81841558
6668.0000 0.81274343
6668.9000 0.80829918
6669.8000 0.80801767
6670.7000 0.81142986
6671.6000 0.81214231
6672.5000 0.81161928
6673.4000 0.81055331
6674.3000 0.80772763
6675.2000 0.80583143
6676.1000 0.79886431
6677.0000 0.78309268
6677.9000 0.77434415
6678.8000 0.78231931
6679.7000 0.79599971
6680.6000 0.80200666
6681.5000 0.80162954
6682.4000 0.80468249
6683.3000 0.80784696
6684.2000 0.80832666
6685.1000 0.81088811
6686.0000 0.81267947
6686.9000 0.81261957
6687.8000 0.81353933
6688.7000 0.81577373
6689.6000 0.81683099
6690.5000 0.81245762
6691.4000 0.80454057
6692.3000 0.80194902
6693.2000 0.80848575
6694.1000 0.81062853
6695.0000 0.80153787
6695.9000 0.7935577
6696.8000 0.7913776
6697.7000 0.79064316
6698.6000 0.79003376
6699.5000 0.79439008
6700.4000 0.80313706
6701.3000 0.80455905
6702.2000 0.79812461
6703.1000 0.79504371
6704.0000 0.79459769
6704.9000 0.79529607
6705.8000 0.80165821
6706.7000 0.81076688
6707.6000 0.8137058
6708.5000 0.81063044
6709.4000 0.80873394
6710.3000 0.80822319
6711.2000 0.80735385
6712.1000 0.80309331
6713.0000 0.79739815
6713.9000 0.79710221
6714.8000 0.79888767
6715.7000 0.79416728
6716.6000 0.77929354
6717.5000 0.76652944
6718.4000 0.77367163
6719.3000 0.78745943
6720.2000 0.79010141
6721.1000 0.78596038
6722.0000 0.78703862
6722.9000 0.79634368
6723.8000 0.80231309
6724.7000 0.79933232
6725.6000 0.79228902
6726.5000 0.78810054
6727.4000 0.79097396
6728.3000 0.79571164
6729.2000 0.79929215
6730.1000 0.80186009
6731.0000 0.8006264
6731.9000 0.79674327
6732.8000 0.79591691
6733.7000 0.79832047
6734.6000 0.7999391
6735.5000 0.80196267
6736.4000 0.80249959
6737.3000 0.79703033
6738.2000 0.78968185
6739.1000 0.78922397
6740.0000 0.7929762
6740.9000 0.79347444
6741.8000 0.79167801
6742.7000 0.79512686
6743.6000 0.80187106
6744.5000 0.80482846
6745.4000 0.80273616
6746.3000 0.79942894
6747.2000 0.79898977
6748.1000 0.79845089
6749.0000 0.79294032
6749.9000 0.7850033
6750.8000 0.78249729
6751.7000 0.78970617
6752.6000 0.79879302
6753.5000 0.80306137
6754.4000 0.80296016
6755.3000 0.79969293
6756.2000 0.79632008
6757.1000 0.79512972
6758.0000 0.80009007
6758.9000 0.80580187
6759.8000 0.80556309
6760.7000 0.80325323
6761.6000 0.80204511
6762.5000 0.80182773
6763.4000 0.80012167
6764.3000 0.794662
6765.2000 0.78864598
6766.1000 0.78040087
6767.0000 0.77069443
6767.9000 0.77280146
6768.8000 0.78626078
6769.7000 0.79399848
6770.6000 0.79013443
6771.5000 0.78528792
6772.4000 0.78753012
6773.3000 0.79423898
6774.2000 0.8000555
6775.1000 0.80434889
6776.0000 0.80388349
6776.9000 0.7985763
6777.8000 0.79720962
6778.7000 0.80003226
6779.6000 0.79833663
6780.5000 0.79399973
6781.4000 0.79202533
6782.3000 0.79061341
6783.2000 0.79050922
6784.1000 0.79349965
6785.0000 0.79869783
6785.9000 0.8002997
6786.8000 0.79714507
6787.7000 0.79372537
6788.6000 0.79038632
6789.5000 0.78811884
6790.4000 0.79090977
6791.3000 0.79456234
6792.2000 0.79565752
6793.1000 0.79579639
6794.0000 0.79665977
6794.9000 0.79496855
6795.8000 0.78946024
6796.7000 0.78876805
6797.6000 0.79211587
6798.5000 0.79223347
6799.4000 0.79148859
6800.3000 0.79398322
6801.2000 0.79729903
6802.1000 0.7960912
6803.0000 0.79242527
6803.9000 0.79377931
6804.8000 0.79918844
6805.7000 0.80316597
6806.6000 0.80439818
6807.5000 0.80261564
6808.4000 0.79742455
6809.3000 0.79002684
6810.2000 0.78695297
6811.1000 0.78959149
6812.0000 0.7923739
6812.9000 0.79444253
6813.8000 0.79454505
6814.7000 0.79366374
6815.6000 0.79415739
6816.5000 0.79437572
6817.4000 0.79242945
6818.3000 0.78786808
6819.2000 0.78328401
6820.1000 0.78031147
6821.0000 0.78223509
6821.9000 0.78726143
6822.8000 0.78740805
6823.7000 0.78498781
6824.6000 0.78594005
6825.5000 0.79092586
6826.4000 0.79337806
6827.3000 0.78768027
6828.2000 0.78086066
6829.1000 0.78205979
6830.0000 0.79061311
6830.9000 0.79693979
6831.8000 0.79715186
6832.7000 0.79778707
6833.6000 0.79743207
6834.5000 0.79422891
6835.4000 0.7912004
6836.3000 0.78741896
6837.2000 0.78447056
6838.1000 0.7816869
6839.0000 0.77696502
6839.9000 0.7707476
6840.8000 0.76364565
6841.7000 0.75996822
6842.6000 0.76290739
6843.5000 0.76933229
6844.4000 0.77562827
6845.3000 0.78143388
6846.2000 0.7838968
6847.1000 0.78223658
6848.0000 0.78156883
6848.9000 0.78314817
6849.8000 0.78453964
6850.7000 0.7866466
6851.6000 0.7882269
6852.5000 0.78857827
6853.4000 0.78684443
6854.3000 0.78051108
6855.2000 0.77572638
6856.1000 0.77922523
6857.0000 0.78441799
6857.9000 0.78600633
6858.8000 0.78502756
6859.7000 0.78246325
6860.6000 0.77869684
6861.5000 0.77845383
6862.4000 0.78360611
6863.3000 0.78770435
6864.2000 0.78965729
6865.1000 0.78892249
6866.0000 0.78187168
6866.9000 0.77341771
6867.8000 0.77261484
6868.7000 0.78162807
6869.6000 0.78774798
6870.5000 0.78735995
6871.4000 0.78537422
6872.3000 0.78279871
6873.2000 0.7822417
6874.1000 0.7804985
6875.0000 0.77702934
6875.9000 0.77594686
6876.8000 0.77772826
6877.7000 0.77891779
6878.6000 0.77887553
6879.5000 0.7798686
6880.4000 0.78165185
6881.3000 0.77971351
6882.2000 0.77464134
6883.1000 0.77171481
6884.0000 0.7746892
6884.9000 0.77720523
6885.8000 0.77681303
6886.7000 0.78175169
6887.6000 0.78518152
6888.5000 0.7804895
6889.4000 0.78105128
6890.3000 0.78604114
6891.2000 0.78483927
6892.1000 0.77950561
6893.0000 0.7753796
6893.9000 0.77273101
6894.8000 0.77052271
6895.7000 0.77067292
6896.6000 0.77433902
6897.5000 0.78059953
6898.4000 0.7806468
6899.3000 0.77523196
6900.2000 0.77571243
6901.1000 0.7824052
6902.0000 0.78283763
6902.9000 0.77411228
6903.8000 0.76858658
6904.7000 0.7730273
6905.6000 0.77734149
6906.5000 0.77525812
6907.4000 0.77243847
6908.3000 0.76943141
6909.2000 0.77072257
6910.1000 0.77691513
6911.0000 0.77987415
6911.9000 0.77578402
6912.8000 0.77048832
6913.7000 0.7694546
6914.6000 0.77055317
6915.5000 0.76877576
6916.4000 0.763161
6917.3000 0.76403618
6918.2000 0.77405262
6919.1000 0.78102618
6920.0000 0.78030622
6920.9000 0.77648222
6921.8000 0.77375025
6922.7000 0.76987749
6923.6000 0.76341528
6924.5000 0.76163793
6925.4000 0.76541889
6926.3000 0.76965261
6927.2000 0.77550077
6928.1000 0.78210801
6929.0000 0.78814256
6929.9000 0.78704673
6930.8000 0.77839077
6931.7000 0.77270257
6932.6000 0.77179492
6933.5000 0.77308214
6934.4000 0.77430087
6935.3000 0.7721017
6936.2000 0.77406597
6937.1000 0.78125167
6938.0000 0.78222924
6938.9000 0.77820313
6939.8000 0.7761395
6940.7000 0.77805346
6941.6000 0.78072035
6942.5000 0.78021532
6943.4000 0.77653152
6944.3000 0.77103066
6945.2000 0.76545095
6946.1000 0.76810509
6947.0000 0.77628356
6947.9000 0.7777164
6948.8000 0.77608067
6949.7000 0.77458924
6950.6000 0.76852316
6951.5000 0.76230711
6952.4000 0.76168346
6953.3000 0.76470345
6954.2000 0.77092123
6955.1000 0.77300954
6956.0000 0.7710371
6956.9000 0.77436757
6957.8000 0.77887774
6958.7000 0.7743873
6959.6000 0.76657051
6960.5000 0.76770478
6961.4000 0.77508289
6962.3000 0.78033566
6963.2000 0.78444761
6964.1000 0.78368384
6965.0000 0.77384096
6965.9000 0.76544529
6966.8000 0.76658434
6967.7000 0.77358705
6968.6000 0.77723324
6969.5000 0.77559608
6970.4000 0.7749517
6971.3000 0.7758261
6972.2000 0.7736513
6973.1000 0.76761568
6974.0000 0.76019657
6974.9000 0.75484622
6975.8000 0.75184214
6976.7000 0.74845612
6977.6000 0.73936939
6978.5000 0.73151177
6979.4000 0.73727626
6980.3000 0.75312865
6981.2000 0.76385361
6982.1000 0.76484561
6983.0000 0.76668686
6983.9000 0.76951599
6984.8000 0.76924753
6985.7000 0.76763463
6986.6000 0.76560581
6987.5000 0.76516688
6988.4000 0.76496255
6989.3000 0.76810074
6990.2000 0.77356893
6991.1000 0.77087462
6992.0000 0.76450849
6992.9000 0.76277548
6993.8000 0.76264864
6994.7000 0.76365715
6995.6000 0.76468647
6996.5000 0.76642114
6997.4000 0.769647
6998.3000 0.76559401
6999.2000 0.75504661
7000.1000 0.75221545
7001.0000 0.75792056
7001.9000 0.76193303
7002.8000 0.7593953
7003.7000 0.75283295
7004.6000 0.74696809
7005.5000 0.74461764
7006.4000 0.74942613
7007.3000 0.75920779
7008.2000 0.76716208
7009.1000 0.76828873
7010.0000 0.76312965
7010.9000 0.75735581
7011.8000 0.75543487
7012.7000 0.75925273
7013.6000 0.76546556
7014.5000 0.76409227
7015.4000 0.75131434
7016.3000 0.74008673
7017.2000 0.74312162
7018.1000 0.75080627
7019.0000 0.75552207
7019.9000 0.7616213
7020.8000 0.76387143
7021.7000 0.75761408
7022.6000 0.74715346
7023.5000 0.74269402
7024.4000 0.74717647
7025.3000 0.74961203
7026.2000 0.75011629
7027.1000 0.75461614
7028.0000 0.75916409
7028.9000 0.76026845
7029.8000 0.7600286
7030.7000 0.75985152
7031.6000 0.75899434
7032.5000 0.75704038
7033.4000 0.75295758
7034.3000 0.74937105
7035.2000 0.75024277
7036.1000 0.75363505
7037.0000 0.75572962
7037.9000 0.75554937
7038.8000 0.75975817
7039.7000 0.7690534
7040.6000 0.77237415
7041.5000 0.76944351
7042.4000 0.7677052
7043.3000 0.76591033
7044.2000 0.76191658
7045.1000 0.75912333
7046.0000 0.75947726
7046.9000 0.75964385
7047.8000 0.75870472
7048.7000 0.75878543
7049.6000 0.76047266
7050.5000 0.76245916
7051.4000 0.75921232
7052.3000 0.75514376
7053.2000 0.75911272
7054.1000 0.7607094
7055.0000 0.75570029
7055.9000 0.75372779
7056.8000 0.75715315
7057.7000 0.75945532
7058.6000 0.75356334
7059.5000 0.74539828
7060.4000 0.74476236
7061.3000 0.75055045
7062.2000 0.75591731
7063.1000 0.76110435
7064.0000 0.7692104
7064.9000 0.77457899
7065.8000 0.77155167
7066.7000 0.76209557
7067.6000 0.75193685
7068.5000 0.75080281
7069.4000 0.75536233
7070.3000 0.7550922
7071.2000 0.75085568
7072.1000 0.75250739
7073.0000 0.75911427
7073.9000 0.76222235
7074.8000 0.75982255
7075.7000 0.75682223
7076.6000 0.75429225
7077.5000 0.754978
7078.4000 0.75780123
7079.3000 0.75665629
7080.2000 0.75547516
7081.1000 0.75625491
7082.0000 0.75240123
7082.9000 0.74357307
7083.8000 0.73677915
7084.7000 0.73595446
7085.6000 0.73840332
7086.5000 0.74290359
7087.4000 0.74857587
7088.3000 0.75000519
7089.2000 0.74540448
7090.1000 0.73901367
7091.0000 0.73920655
7091.9000 0.74564439
7092.8000 0.75173551
7093.7000 0.75516754
7094.6000 0.75415683
7095.5000 0.75047678
7096.4000 0.74721777
7097.3000 0.74602443
7098.2000 0.74903697
7099.1000 0.75138831
7100.0000 0.74933851
7100.9000 0.74793601
7101.8000 0.74884707
7102.7000 0.75160521
7103.6000 0.75439334
7104.5000 0.75316852
7105.4000 0.74906129
7106.3000 0.74828368
7107.2000 0.7510457
7108.1000 0.75178367
7109.0000 0.7473473
7109.9000 0.74098754
7110.8000 0.7350685
7111.7000 0.73302042
7112.6000 0.73583251
7113.5000 0.7413193
7114.4000 0.74657363
7115.3000 0.74857968
7116.2000 0.74976838
7117.1000 0.74993563
7118.0000 0.74946988
7118.9000 0.7499789
7119.8000 0.75055563
7120.7000 0.74414909
7121.6000 0.7311042
7122.5000 0.72726059
7123.4000 0.73678613
7124.3000 0.74625909
7125.2000 0.74885255
7126.1000 0.74669266
7127.0000 0.74598145
7127.9000 0.74757445
7128.8000 0.74400061
7129.7000 0.73709738
7130.6000 0.72968149
7131.5000 0.73161262
7132.4000 0.74276167
7133.3000 0.75259727
7134.2000 0.7572329
7135.1000 0.75367457
7136.0000 0.74770015
7136.9000 0.74631172
7137.8000 0.74790531
7138.7000 0.75085586
7139.6000 0.74987686
7140.5000 0.74817932
7141.4000 0.74814409
7142.3000 0.74474841
7143.2000 0.74235773
7144.1000 0.74222928
7145.0000 0.74001145
7145.9000 0.73587006
7146.8000 0.72427064
7147.7000 0.7094779
7148.6000 0.7126202
7149.5000 0.73034227
7150.4000 0.74455428
7151.3000 0.74997705
7152.2000 0.74887949
7153.1000 0.746849
7154.0000 0.74624038
7154.9000 0.74280018
7155.8000 0.74039805
7156.7000 0.7459082
7157.6000 0.7527737
7158.5000 0.752608
7159.4000 0.74735218
7160.3000 0.74449348
7161.2000 0.74614942
7162.1000 0.7450484
7163.0000 0.73339707
7163.9000 0.71461225
7164.8000 0.70546907
7165.7000 0.71689409
7166.6000 0.73485196
7167.5000 0.74482757
7168.4000 0.74779493
7169.3000 0.7462827
7170.2000 0.74724495
7171.1000 0.7536872
7172.0000 0.75705332
7172.9000 0.75467348
7173.8000 0.75170714
7174.7000 0.74958527
7175.6000 0.74435455
7176.5000 0.73965234
7177.4000 0.74353552
7178.3000 0.75300068
7179.2000 0.75507802
7180.1000 0.74382889
7181.0000 0.73183608
7181.9000 0.73544157
7182.8000 0.74831611
7183.7000 0.7513026
7184.6000 0.74272919
7185.5000 0.73375505
7186.4000 0.72364962
7187.3000 0.71474159
7188.2000 0.71909153
7189.1000 0.7289089
7190.0000 0.7320165
7190.9000 0.73234934
7191.8000 0.73163766
7192.7000 0.72963822
7193.6000 0.7317031
7194.5000 0.73872036
7195.4000 0.74126172
7196.3000 0.73450816
7197.2000 0.72885907
7198.1000 0.73157591
7199.0000 0.73653466
7199.9000 0.7357561
7200.8000 0.72352159
7201.7000 0.71117532
7202.6000 0.71331292
7203.5000 0.72296554
7204.4000 0.73029411
7205.3000 0.7277205
7206.2000 0.71052122
7207.1000 0.6931994
7208.0000 0.69526374
7208.9000 0.70956773
7209.8000 0.72229367
7210.7000 0.73042768
7211.6000 0.73212695
7212.5000 0.73099416
7213.4000 0.72791004
7214.3000 0.72182077
7215.2000 0.72013342
7216.1000 0.72390479
7217.0000 0.72890127
7217.9000 0.72960258
7218.8000 0.72339284
7219.7000 0.72157967
7220.6000 0.72700232
7221.5000 0.72909951
7222.4000 0.7235136
7223.3000 0.71730769
7224.2000 0.71987009
7225.1000 0.72886145
7226.0000 0.73313463
7226.9000 0.73147416
7227.8000 0.72890264
7228.7000 0.72875351
7229.6000 0.73309851
7230.5000 0.73991871
7231.4000 0.74044669
7232.3000 0.73480171
7233.2000 0.73146582
7234.1000 0.72906977
7235.0000 0.72767776
7235.9000 0.73159647
7236.8000 0.73629969
7237.7000 0.73858601
7238.6000 0.7368778
7239.5000 0.7307452
7240.4000 0.72731918
7241.3000 0.7328952
7242.2000 0.74000937
7243.1000 0.73772502
7244.0000 0.7307291
7244.9000 0.72930497
7245.8000 0.73241282
7246.7000 0.73363972
7247.6000 0.73208135
7248.5000 0.72808242
7249.4000 0.7205897
7250.3000 0.7151947
7251.2000 0.71651292
7252.1000 0.7198382
7253.0000 0.72404283
7253.9000 0.73094422
7254.8000 0.73454964
7255.7000 0.73358101
7256.6000 0.73375237
7257.5000 0.73377687
7258.4000 0.73200744
7259.3000 0.72895449
7260.2000 0.7217586
7261.1000 0.71232778
7262.0000 0.71094847
7262.9000 0.72053945
7263.8000 0.73110956
7264.7000 0.73671889
7265.6000 0.73832554
7266.5000 0.73827535
7267.4000 0.73742896
7268.3000 0.73736912
7269.2000 0.73987585
7270.1000 0.7415269
7271.0000 0.74012077
7271.9000 0.73921245
7272.8000 0.73809278
7273.7000 0.73567516
7274.6000 0.73393214
7275.5000 0.73453361
7276.4000 0.73483646
7277.3000 0.73138535
7278.2000 0.72828811
7279.1000 0.72865641
7280.0000 0.72983938
7280.9000 0.72784042
7281.8000 0.71876729
7282.7000 0.7077626
7283.6000 0.70414639
7284.5000 0.70703036
7285.4000 0.71275896
7286.3000 0.71787673
7287.2000 0.71494657
7288.1000 0.70305455
7289.0000 0.69817388
7289.9000 0.70557541
7290.8000 0.71305698
7291.7000 0.71176445
7292.6000 0.70658869
7293.5000 0.70779759
7294.4000 0.71431887
7295.3000 0.71950847
7296.2000 0.72476888
7297.1000 0.73114306
7298.0000 0.73463899
7298.9000 0.73380637
7299.8000 0.73318547
7300.7000 0.73884642
7301.6000 0.74581569
7302.5000 0.74541324
7303.4000 0.73858732
7304.3000 0.73318803
7305.2000 0.73065072
7306.1000 0.72654808
7307.0000 0.7239365
7307.9000 0.72426975
7308.8000 0.72384268
7309.7000 0.72207028
7310.6000 0.72031575
7311.5000 0.72399932
7312.4000 0.7334187
7313.3000 0.7403506
7314.2000 0.74135333
7315.1000 0.73751289
7316.0000 0.73187125
7316.9000 0.72555673
7317.8000 0.72206116
7318.7000 0.7258532
7319.6000 0.72737139
7320.5000 0.72017121
7321.4000 0.71528053
7322.3000 0.7165885
7323.2000 0.7196216
7324.1000 0.71740437
7325.0000 0.70846611
7325.9000 0.70531547
7326.8000 0.71274745
7327.7000 0.72225863
7328.6000 0.72382414
7329.5000 0.71931022
7330.4000 0.71821439
7331.3000 0.72016823
7332.2000 0.72235465
7333.1000 0.72460145
7334.0000 0.72535086
7334.9000 0.72357613
7335.8000 0.72364932
7336.7000 0.72749281
7337.6000 0.72956741
7338.5000 0.72766143
7339.4000 0.7229116
7340.3000 0.72126806
7341.2000 0.72608179
7342.1000 0.72805637
7343.0000 0.72303772
7343.9000 0.71829051
7344.8000 0.71795434
7345.7000 0.71994638
7346.6000 0.72027999
7347.5000 0.7194466
7348.4000 0.72221738
7349.3000 0.72429919
7350.2000 0.72082144
7351.1000 0.71287626
7352.0000 0.70743811
7352.9000 0.70932519
7353.8000 0.71307141
7354.7000 0.71241689
7355.6000 0.70619333
7356.5000 0.70349807
7357.4000 0.70533729
7358.3000 0.70825839
7359.2000 0.71360797
7360.1000 0.71479183
7361.0000 0.70908141
7361.9000 0.7035569
7362.8000 0.70360923
7363.7000 0.70879966
7364.6000 0.71281523
7365.5000 0.71345127
7366.4000 0.71483338
7367.3000 0.71627945
7368.2000 0.71851307
7369.1000 0.72033316
7370.0000 0.71828514
7370.9000 0.7153222
7371.8000 0.71187222
7372.7000 0.71024477
7373.6000 0.71121877
7374.5000 0.70965618
7375.4000 0.70781654
7376.3000 0.7094909
7377.2000 0.71384805
7378.1000 0.71756655
7379.0000 0.71860594
7379.9000 0.71522856
7380.8000 0.70946121
7381.7000 0.70686865
7382.6000 0.70758933
7383.5000 0.70333332
7384.4000 0.69179839
7385.3000 0.6794005
7386.2000 0.67201638
7387.1000 0.66794705
7388.0000 0.66475219
7388.9000 0.66355062
7389.8000 0.67038262
7390.7000 0.6840784
7391.6000 0.68959957
7392.5000 0.68506348
7393.4000 0.67947763
7394.3000 0.67882371
7395.2000 0.68306112
7396.1000 0.68903947
7397.0000 0.69210684
7397.9000 0.6920296
7398.8000 0.68949497
7399.7000 0.68796122
7400.6000 0.6880396
7401.5000 0.68952084
7402.4000 0.69357753
7403.3000 0.69622344
7404.2000 0.69271398
7405.1000 0.68470269
7406.0000 0.68043077
7406.9000 0.68208015
7407.8000 0.67977482
7408.7000 0.66974789
7409.6000 0.6629253
7410.5000 0.66477591
7411.4000 0.67137319
7412.3000 0.55442446
7413.2000 0.12813868
7414.1000 0.0026592
7415.0000 0.00000312
7415.9000 0
7416.8000 0
7417.7000 0
7418.6000 0
7419.5000 0
7420.4000 0
7421.3000 0
7422.2000 0
7423.1000 0
7424.0000 0
7424.9000 0
7425.8000 0
7426.7000 0
7427.6000 0
7428.5000 0
7429.4000 0
