3500.0000 0
3500.9000 0
3501.8000 0
3502.7000 0
3503.6000 0
3504.5000 0
3505.4000 0
3506.3000 0
3507.2000 0
3508.1000 0
3509.0000 0
3509.9000 0
3510.8000 0
3511.7000 0
3512.6000 0
3513.5000 0
3514.4000 0
3515.3000 0
3516.2000 0
3517.1000 0
3518.0000 0
3518.9000 0
3519.8000 0
3520.7000 0
3521.6000 0
3522.5000 0
3523.4000 0
3524.3000 0
3525.2000 0
3526.1000 0
3527.0000 0
3527.9000 0
3528.8000 0
3529.7000 0
3530.6000 0
3531.5000 0
3532.4000 0
3533.3000 -0.00029162
3534.2000 -0.00701685
3535.1000 0.05972436
3536.0000 0.28281987
3536.9000 0.26843843
3537.8000 0.26733825
3538.7000 0.28396124
3539.6000 0.2989513
3540.5000 0.28918308
3541.4000 0.26941746
3542.3000 0.26421303
3543.2000 0.26873302
3544.1000 0.27146554
3545.0000 0.27108786
3545.9000 0.26624024
3546.8000 0.26025966
3547.7000 0.25500733
3548.6000 0.2632727
3549.5000 0.27287287
3550.4000 0.26916954
3551.3000 0.2571063
3552.2000 0.24347912
3553.1000 0.23258267
3554.0000 0.22985201
3554.9000 0.2402297
3555.8000 0.253333
3556.7000 0.25138062
3557.6000 0.23405541
3558.5000 0.21718778
3559.4000 0.21200518
3560.3000 0.21671769
3561.2000 0.22533339
3562.1000 0.24171942
3563.0000 0.25267905
3563.9000 0.22883311
3564.8000 0.18256894
3565.7000 0.15554473
3566.6000 0.16336073
3567.5000 0.18051641
3568.4000 0.17737745
3569.3000 0.15901612
3570.2000 0.14911218
3571.1000 0.15445663
3572.0000 0.18592162
3572.9000 0.20651755
3573.8000 0.21239792
3574.7000 0.20995799
3575.6000 0.2155274
3576.5000 0.21964692
3577.4000 0.19862401
3578.3000 0.17262438
3579.2000 0.15563913
3580.1000 0.13216914
3581.0000 0.10356338
3581.9000 0.10277598
3582.8000 0.12485362
3583.7000 0.13002804
3584.6000 0.11183739
3585.5000 0.09958852
3586.4000 0.10451969
3587.3000 0.11962637
3588.2000 0.13052323
3589.1000 0.13903455
3590.0000 0.17346181
3590.9000 0.2337659
3591.8000 0.26897186
3592.7000 0.25457337
3593.6000 0.2358804
3594.5000 0.24719398
3595.4000 0.27756551
3596.3000 0.30615047
3597.2000 0.31633577
3598.1000 0.31388497
3599.0000 0.32901132
3599.9000 0.35330093
3600.8000 0.34731665
3601.7000 0.29085699
3602.6000 0.23568593
3603.5000 0.22993527
3604.4000 0.23289201
3605.3000 0.23072657
3606.2000 0.24566634
3607.1000 0.2498399
3608.0000 0.21074821
3608.9000 0.16998859
3609.8000 0.17396167
3610.7000 0.20578533
3611.6000 0.24290052
3612.5000 0.25800398
3613.4000 0.25064754
3614.3000 0.2628864
3615.2000 0.28945041
3616.1000 0.28890994
3617.0000 0.24861164
3617.9000 0.18118121
3618.8000 0.13779283
3619.7000 0.16098242
3620.6000 0.21896242
3621.5000 0.27443182
3622.4000 0.30721417
3623.3000 0.29830542
3624.2000 0.28907496
3625.1000 0.31935304
3626.0000 0.37432653
3626.9000 0.3865321
3627.8000 0.36436838
3628.7000 0.34546265
3629.6000 0.30437839
3630.5000 0.22721872
3631.4000 0.1754187
3632.3000 0.18912964
3633.2000 0.22148314
3634.1000 0.23268138
3635.0000 0.23770612
3635.9000 0.25623804
3636.8000 0.2777338
3637.7000 0.29609185
3638.6000 0.32490662
3639.5000 0.35189083
3640.4000 0.35708907
3641.3000 0.34250271
3642.2000 0.31157681
3643.1000 0.29049093
3644.0000 0.27329174
3644.9000 0.25131118
3645.8000 0.24632992
3646.7000 0.23951311
3647.6000 0.21468678
3648.5000 0.21457732
3649.4000 0.24072537
3650.3000 0.26121625
3651.2000 0.28198427
3652.1000 0.31634554
3653.0000 0.34086505
3653.9000 0.33690578
3654.8000 0.32703564
3655.7000 0.33671477
3656.6000 0.35654956
3657.5000 0.36479458
3658.4000 0.3765913
3659.3000 0.38334805
3660.2000 0.37106887
3661.1000 0.36095148
3662.0000 0.35115263
3662.9000 0.33084884
3663.8000 0.31241062
3664.7000 0.31909078
3665.6000 0.34394476
3666.5000 0.34897938
3667.4000 0.32959098
3668.3000 0.30840197
3669.2000 0.29036075
3670.1000 0.29435802
3671.0000 0.33404371
3671.9000 0.36795133
3672.8000 0.36670592
3673.7000 0.34346676
3674.6000 0.35108852
3675.5000 0.36671728
3676.4000 0.34206563
3677.3000 0.30271608
3678.2000 0.28916344
3679.1000 0.27710721
3680.0000 0.27178898
3680.9000 0.29101446
3681.8000 0.31581569
3682.7000 0.33058327
3683.6000 0.33106804
3684.5000 0.31875077
3685.4000 0.29127222
3686.3000 0.26171052
3687.2000 0.23452502
3688.1000 0.24293835
3689.0000 0.290622
3689.9000 0.34589306
3690.8000 0.3830716
3691.7000 0.39107272
3692.6000 0.36256963
3693.5000 0.32686827
3694.4000 0.32338533
3695.3000 0.33990809
3696.2000 0.34207597
3697.1000 0.34059304
3698.0000 0.36705416
3698.9000 0.4047403
3699.8000 0.43316948
3700.7000 0.435004
3701.6000 0.42455548
3702.5000 0.38969547
3703.4000 0.32838324
3704.3000 0.26238462
3705.2000 0.23185569
3706.1000 0.24350616
3707.0000 0.26167735
3707.9000 0.25057614
3708.8000 0.2405327
3709.7000 0.26802349
3710.6000 0.31583494
3711.5000 0.35684386
3712.4000 0.39683717
3713.3000 0.43919253
3714.2000 0.45765492
3715.1000 0.44359696
3716.0000 0.41621929
3716.9000 0.39582917
3717.8000 0.36007065
3718.7000 0.27924809
3719.6000 0.19665074
3720.5000 0.16370612
3721.4000 0.17031258
3722.3000 0.20316595
3723.2000 0.260997
3724.1000 0.31155881
3725.0000 0.35579634
3725.9000 0.38025507
3726.8000 0.33483821
3727.7000 0.28273165
3728.6000 0.3029325
3729.5000 0.33730441
3730.4000 0.32939789
3731.3000 0.30154815
3732.2000 0.26550171
3733.1000 0.20953824
3734.0000 0.15660609
3734.9000 0.12968263
3735.8000 0.12704864
3736.7000 0.14761135
3737.6000 0.19108398
3738.5000 0.25235611
3739.4000 0.30827099
3740.3000 0.3502728
3741.2000 0.35806254
3742.1000 0.32637513
3743.0000 0.27930814
3743.9000 0.24504791
3744.8000 0.22380878
3745.7000 0.19172196
3746.6000 0.19092709
3747.5000 0.19177422
3748.4000 0.15592083
3749.3000 0.1390608
3750.2000 0.18804203
3751.1000 0.26271367
3752.0000 0.31531706
3752.9000 0.33890337
3753.8000 0.37427193
3754.7000 0.41751519
3755.6000 0.43204296
3756.5000 0.3783654
3757.4000 0.27603957
3758.3000 0.19959106
3759.2000 0.20741627
3760.1000 0.25869209
3761.0000 0.29714713
3761.9000 0.30366382
3762.8000 0.28184006
3763.7000 0.26309383
3764.6000 0.28667995
3765.5000 0.31196848
3766.4000 0.27760768
3767.3000 0.2480029
3768.2000 0.28689319
3769.1000 0.33604169
3770.0000 0.34377226
3770.9000 0.34038123
3771.8000 0.36425889
3772.7000 0.39285988
3773.6000 0.3928588
3774.5000 0.37091461
3775.4000 0.36123568
3776.3000 0.35984308
3777.2000 0.35476258
3778.1000 0.34939778
3779.0000 0.36447731
3779.9000 0.39357954
3780.8000 0.40573269
3781.7000 0.39670315
3782.6000 0.39076424
3783.5000 0.40135223
3784.4000 0.40886423
3785.3000 0.37077299
3786.2000 0.30331752
3787.1000 0.26713634
3788.0000 0.25793466
3788.9000 0.24392991
3789.8000 0.23705162
3790.7000 0.26426035
3791.6000 0.29675952
3792.5000 0.29570001
3793.4000 0.26931304
3794.3000 0.24797134
3795.2000 0.24119397
3796.1000 0.24778536
3797.0000 0.24081451
3797.9000 0.2233395
3798.8000 0.21970081
3799.7000 0.24551566
3800.6000 0.29069677
3801.5000 0.32124281
3802.4000 0.34048194
3803.3000 0.36125594
3804.2000 0.36587906
3805.1000 0.35821134
3806.0000 0.32844689
3806.9000 0.28654325
3807.8000 0.2780323
3808.7000 0.30096105
3809.6000 0.32777905
3810.5000 0.33881238
3811.4000 0.33681175
3812.3000 0.31972519
3813.2000 0.28105167
3814.1000 0.24473286
3815.0000 0.21784028
3815.9000 0.199269
3816.8000 0.21530896
3817.7000 0.24392794
3818.6000 0.23025581
3819.5000 0.17774108
3820.4000 0.1423213
3821.3000 0.16407982
3822.2000 0.20995332
3823.1000 0.22194792
3824.0000 0.19119398
3824.9000 0.15008965
3825.8000 0.1305607
3826.7000 0.1431856
3827.6000 0.16156077
3828.5000 0.17325367
3829.4000 0.1897421
3830.3000 0.20438023
3831.2000 0.19786569
3832.1000 0.17183688
3833.0000 0.14946885
3833.9000 0.15086035
3834.8000 0.17366447
3835.7000 0.20695424
3836.6000 0.21496944
3837.5000 0.19135398
3838.4000 0.16469045
3839.3000 0.15204659
3840.2000 0.14997378
3841.1000 0.16685037
3842.0000 0.21586768
3842.9000 0.25780115
3843.8000 0.26653299
3844.7000 0.25675049
3845.6000 0.24377729
3846.5000 0.24014607
3847.4000 0.24411105
3848.3000 0.23181958
3849.2000 0.19963735
3850.1000 0.18194963
3851.0000 0.20172752
3851.9000 0.22951978
3852.8000 0.22878982
3853.7000 0.21255834
3854.6000 0.2063342
3855.5000 0.20285067
3856.4000 0.19237489
3857.3000 0.18400681
3858.2000 0.16764046
3859.1000 0.14318974
3860.0000 0.13196412
3860.9000 0.15098698
3861.8000 0.19422238
3862.7000 0.23395017
3863.6000 0.24701346
3864.5000 0.23724008
3865.4000 0.21994185
3866.3000 0.20648664
3867.2000 0.19511233
3868.1000 0.18551435
3869.0000 0.17106742
3869.9000 0.15003653
3870.8000 0.13328445
3871.7000 0.13151857
3872.6000 0.15053268
3873.5000 0.19595009
3874.4000 0.24506588
3875.3000 0.27581593
3876.2000 0.26655862
3877.1000 0.22713891
3878.0000 0.19156961
3878.9000 0.18892422
3879.8000 0.20042671
3880.7000 0.18178737
3881.6000 0.15212201
3882.5000 0.16508642
3883.4000 0.24696299
3884.3000 0.31698832
3885.2000 0.29687846
3886.1000 0.2393671
3887.0000 0.23819555
3887.9000 0.27297425
3888.8000 0.28481144
3889.7000 0.29099733
3890.6000 0.31822219
3891.5000 0.36224535
3892.4000 0.38920537
3893.3000 0.38852122
3894.2000 0.36821023
3895.1000 0.33940086
3896.0000 0.33767793
3896.9000 0.37368074
3897.8000 0.37816805
3898.7000 0.35601342
3899.6000 0.34309354
3900.5000 0.34861052
3901.4000 0.37125602
3902.3000 0.36446336
3903.2000 0.35357687
3904.1000 0.35679159
3905.0000 0.33666694
3905.9000 0.29931799
3906.8000 0.30029532
3907.7000 0.33744302
3908.6000 0.37263608
3909.5000 0.38649571
3910.4000 0.38997245
3911.3000 0.41121083
3912.2000 0.43560001
3913.1000 0.43232316
3914.0000 0.41370237
3914.9000 0.3970865
3915.8000 0.38330069
3916.7000 0.37798378
3917.6000 0.38608232
3918.5000 0.37801608
3919.4000 0.34242943
3920.3000 0.29882354
3921.2000 0.27136466
3922.1000 0.27361387
3923.0000 0.29397485
3923.9000 0.31609207
3924.8000 0.31541646
3925.7000 0.28805754
3926.6000 0.25527945
3927.5000 0.21523564
3928.4000 0.1726211
3929.3000 0.14445044
3930.2000 0.12047905
3931.1000 0.09733299
3932.0000 0.07639033
3932.9000 0.05707759
3933.8000 0.04852974
3934.7000 0.05654111
3935.6000 0.07748839
3936.5000 0.10438545
3937.4000 0.13575915
3938.3000 0.17354445
3939.2000 0.21327095
3940.1000 0.23804438
3941.0000 0.24979958
3941.9000 0.25936574
3942.8000 0.25603542
3943.7000 0.24472526
3944.6000 0.26434797
3945.5000 0.32621992
3946.4000 0.37382743
3947.3000 0.37189344
3948.2000 0.3541418
3949.1000 0.37133682
3950.0000 0.41011441
3950.9000 0.43471256
3951.8000 0.40690565
3952.7000 0.36603361
3953.6000 0.39202508
3954.5000 0.44593138
3955.4000 0.44983447
3956.3000 0.40816849
3957.2000 0.38986576
3958.1000 0.41331699
3959.0000 0.43495709
3959.9000 0.41850317
3960.8000 0.34708565
3961.7000 0.26013416
3962.6000 0.2236197
3963.5000 0.22006026
3964.4000 0.20706418
3965.3000 0.17401135
3966.2000 0.13005333
3967.1000 0.0916476
3968.0000 0.06683961
3968.9000 0.06257317
3969.8000 0.0791873
3970.7000 0.11380195
3971.6000 0.15283439
3972.5000 0.1881171
3973.4000 0.21981168
3974.3000 0.25895339
3975.2000 0.30558735
3976.1000 0.3408815
3977.0000 0.36879119
3977.9000 0.40443411
3978.8000 0.44100165
3979.7000 0.47552541
3980.6000 0.48869935
3981.5000 0.46365604
3982.4000 0.4371812
3983.3000 0.43121168
3984.2000 0.45538771
3985.1000 0.48955142
3986.0000 0.50842017
3986.9000 0.51445645
3987.8000 0.53185868
3988.7000 0.54442364
3989.6000 0.51872391
3990.5000 0.50358176
3991.4000 0.52146858
3992.3000 0.53857064
3993.2000 0.53925848
3994.1000 0.52134198
3995.0000 0.50155705
3995.9000 0.49047652
3996.8000 0.47658262
3997.7000 0.47301275
3998.6000 0.50109321
3999.5000 0.5464139
4000.4000 0.56789273
4001.3000 0.56814575
4002.2000 0.58379626
4003.1000 0.60204595
4004.0000 0.5686686
4004.9000 0.47954711
4005.8000 0.42587674
4006.7000 0.45843339
4007.6000 0.51482719
4008.5000 0.54525095
4009.4000 0.55502188
4010.3000 0.55991971
4011.2000 0.56247056
4012.1000 0.55989903
4013.0000 0.55646086
4013.9000 0.55758864
4014.8000 0.57238966
4015.7000 0.58808178
4016.6000 0.56848323
4017.5000 0.54335606
4018.4000 0.55481273
4019.3000 0.57837909
4020.2000 0.57636297
4021.1000 0.56327367
4022.0000 0.56646997
4022.9000 0.56937712
4023.8000 0.55188143
4024.7000 0.54020458
4025.6000 0.56178784
4026.5000 0.60177028
4027.4000 0.63433385
4028.3000 0.65180451
4029.2000 0.63266969
4030.1000 0.55553132
4031.0000 0.48959053
4031.9000 0.47996554
4032.8000 0.48120028
4033.7000 0.48275447
4034.6000 0.50727946
4035.5000 0.53783697
4036.4000 0.58851767
4037.3000 0.63534439
4038.2000 0.65779859
4039.1000 0.63770407
4040.0000 0.60224944
4040.9000 0.58068186
4041.8000 0.59799773
4042.7000 0.61583674
4043.6000 0.5660972
4044.5000 0.46099368
4045.4000 0.3778905
4046.3000 0.39465785
4047.2000 0.50480235
4048.1000 0.58703721
4049.0000 0.59818423
4049.9000 0.60425878
4050.8000 0.61168951
4051.7000 0.59898096
4052.6000 0.5776363
4053.5000 0.56227612
4054.4000 0.53729957
4055.3000 0.52501887
4056.2000 0.52930629
4057.1000 0.51491368
4058.0000 0.49145845
4058.9000 0.51202029
4059.8000 0.57208478
4060.7000 0.6085273
4061.6000 0.5771929
4062.5000 0.49237546
4063.4000 0.41499025
4064.3000 0.42571723
4065.2000 0.50140935
4066.1000 0.5297755
4067.0000 0.51793951
4067.9000 0.54784238
4068.8000 0.61008972
4069.7000 0.63344342
4070.6000 0.58342135
4071.5000 0.51234281
4072.4000 0.52092421
4073.3000 0.58553672
4074.2000 0.60089785
4075.1000 0.54945433
4076.0000 0.48239708
4076.9000 0.43277764
4077.8000 0.42938897
4078.7000 0.48064098
4079.6000 0.55187315
4080.5000 0.61699176
4081.4000 0.64904726
4082.3000 0.62854528
4083.2000 0.58478922
4084.1000 0.55718017
4085.0000 0.55288929
4085.9000 0.57406753
4086.8000 0.61549532
4087.7000 0.66300446
4088.6000 0.69129086
4089.5000 0.68353283
4090.4000 0.67064023
4091.3000 0.65741533
4092.2000 0.634372
4093.1000 0.64309198
4094.0000 0.65923363
4094.9000 0.6251024
4095.8000 0.57610828
4096.7000 0.55803353
4097.6000 0.57812089
4098.5000 0.59398222
4099.4000 0.58094472
4100.3000 0.5230816
4101.2000 0.45944202
4102.1000 0.46249148
4103.0000 0.51782823
4103.9000 0.56084651
4104.8000 0.58268636
4105.7000 0.61176604
4106.6000 0.63171458
4107.5000 0.63017499
4108.4000 0.61982161
4109.3000 0.59620422
4110.2000 0.57275212
4111.1000 0.56765068
4112.0000 0.58210903
4112.9000 0.60814053
4113.8000 0.64165223
4114.7000 0.64999628
4115.6000 0.64507085
4116.5000 0.63951093
4117.4000 0.62340611
4118.3000 0.57475424
4119.2000 0.54441744
4120.1000 0.57449245
4121.0000 0.59426492
4121.9000 0.58477241
4122.8000 0.57128328
4123.7000 0.58132917
4124.6000 0.61726844
4125.5000 0.62893319
4126.4000 0.59586984
4127.3000 0.56604171
4128.2000 0.55491549
4129.1000 0.56374294
4130.0000 0.56046063
4130.9000 0.55432749
4131.8000 0.5267725
4132.7000 0.48980016
4133.6000 0.49070507
4134.5000 0.51609862
4135.4000 0.57315063
4136.3000 0.6199457
4137.2000 0.62305474
4138.1000 0.62024599
4139.0000 0.63345909
4139.9000 0.64210433
4140.8000 0.62484235
4141.7000 0.56519109
4142.6000 0.47685006
4143.5000 0.41916069
4144.4000 0.45720795
4145.3000 0.53330123
4146.2000 0.57679683
4147.1000 0.58823937
4148.0000 0.58161283
4148.9000 0.55366546
4149.8000 0.52230746
4150.7000 0.51987988
4151.6000 0.53199494
4152.5000 0.54169214
4153.4000 0.54447383
4154.3000 0.52551055
4155.2000 0.5142886
4156.1000 0.51158488
4157.0000 0.5186078
4157.9000 0.55482811
4158.8000 0.5951404
4159.7000 0.61005431
4160.6000 0.59579521
4161.5000 0.58807176
4162.4000 0.60791785
4163.3000 0.61881644
4164.2000 0.60041451
4165.1000 0.58637077
4166.0000 0.57742095
4166.9000 0.5518443
4167.8000 0.53883719
4168.7000 0.56316447
4169.6000 0.59238076
4170.5000 0.59487283
4171.4000 0.55021375
4172.3000 0.48163959
4173.2000 0.4525795
4174.1000 0.47946864
4175.0000 0.51921946
4175.9000 0.5381071
4176.8000 0.52814621
4177.7000 0.50631773
4178.6000 0.51287633
4179.5000 0.53731519
4180.4000 0.54225564
4181.3000 0.53249675
4182.2000 0.53410375
4183.1000 0.54948425
4184.0000 0.57992375
4184.9000 0.61882424
4185.8000 0.61706537
4186.7000 0.56238002
4187.6000 0.52794361
4188.5000 0.54785711
4189.4000 0.57180369
4190.3000 0.57272995
4191.2000 0.56663966
4192.1000 0.58044416
4193.0000 0.60904503
4193.9000 0.60745221
4194.8000 0.56091917
4195.7000 0.50498253
4196.6000 0.48518205
4197.5000 0.48732188
4198.4000 0.49414286
4199.3000 0.52202833
4200.2000 0.54279166
4201.1000 0.52391738
4202.0000 0.50621563
4202.9000 0.52583086
4203.8000 0.5470311
4204.7000 0.54754633
4205.6000 0.56244081
4206.5000 0.59420127
4207.4000 0.61976308
4208.3000 0.63781303
4209.2000 0.62614268
4210.1000 0.60718501
4211.0000 0.61188996
4211.9000 0.6278007
4212.8000 0.6206668
4213.7000 0.58982956
4214.6000 0.52927864
4215.5000 0.48054698
4216.4000 0.52110851
4217.3000 0.6279332
4218.2000 0.67905581
4219.1000 0.69375008
4220.0000 0.71511436
4220.9000 0.73269188
4221.8000 0.71488017
4222.7000 0.65727001
4223.6000 0.58819664
4224.5000 0.52842361
4225.4000 0.45130581
4226.3000 0.37169248
4227.2000 0.38641894
4228.1000 0.52805352
4229.0000 0.6507386
4229.9000 0.68066251
4230.8000 0.68514532
4231.7000 0.68334758
4232.6000 0.64367419
4233.5000 0.61547256
4234.4000 0.62115943
4235.3000 0.59637547
4236.2000 0.54453909
4237.1000 0.54191309
4238.0000 0.57842529
4238.9000 0.59543914
4239.8000 0.60411972
4240.7000 0.63917696
4241.6000 0.66034687
4242.5000 0.63488448
4243.4000 0.634206
4244.3000 0.68750745
4245.2000 0.71567059
4246.1000 0.68295741
4247.0000 0.61746705
4247.9000 0.56364399
4248.8000 0.54124576
4249.7000 0.53182322
4250.6000 0.54943955
4251.5000 0.60413677
4252.4000 0.6453473
4253.3000 0.62575752
4254.2000 0.58100861
4255.1000 0.56224716
4256.0000 0.59573883
4256.9000 0.65636945
4257.8000 0.65122366
4258.7000 0.58011299
4259.6000 0.52192074
4260.5000 0.49768785
4261.4000 0.52936924
4262.3000 0.60928875
4263.2000 0.67304826
4264.1000 0.68976325
4265.0000 0.70026374
4265.9000 0.7174111
4266.8000 0.68649441
4267.7000 0.62976718
4268.6000 0.61052376
4269.5000 0.59663028
4270.4000 0.53420484
4271.3000 0.46467873
4272.2000 0.46293524
4273.1000 0.50506711
4274.0000 0.51344371
4274.9000 0.51828998
4275.8000 0.57565963
4276.7000 0.64744085
4277.6000 0.69121355
4278.5000 0.68515682
4279.4000 0.61812288
4280.3000 0.55478358
4281.2000 0.56845415
4282.1000 0.61805183
4283.0000 0.646393
4283.9000 0.63902915
4284.8000 0.57865375
4285.7000 0.52951926
4286.6000 0.54163641
4287.5000 0.58121383
4288.4000 0.57009161
4289.3000 0.51009417
4290.2000 0.48236278
4291.1000 0.50999498
4292.0000 0.57383853
4292.9000 0.63287616
4293.8000 0.62292051
4294.7000 0.58347219
4295.6000 0.56914747
4296.5000 0.54532498
4297.4000 0.50504041
4298.3000 0.44839749
4299.2000 0.37824655
4300.1000 0.35374382
4301.0000 0.38521975
4301.9000 0.40719929
4302.8000 0.40314278
4303.7000 0.40762663
4304.6000 0.41086128
4305.5000 0.4066436
4306.4000 0.40635437
4307.3000 0.37213406
4308.2000 0.32749656
4309.1000 0.32526603
4310.0000 0.35224676
4310.9000 0.37344334
4311.8000 0.40583315
4312.7000 0.46063986
4313.6000 0.52210975
4314.5000 0.58269334
4315.4000 0.69471419
4316.3000 0.81138843
4317.2000 0.84424758
4318.1000 0.83417153
4319.0000 0.81929415
4319.9000 0.79964131
4320.8000 0.76566547
4321.7000 0.73305374
4322.6000 0.66123462
4323.5000 0.54093015
4324.4000 0.46129659
4325.3000 0.43975034
4326.2000 0.49441296
4327.1000 0.62867093
4328.0000 0.73811311
4328.9000 0.76849592
4329.8000 0.74519873
4330.7000 0.72397417
4331.6000 0.73706138
4332.5000 0.76165891
4333.4000 0.76176357
4334.3000 0.77535862
4335.2000 0.80727088
4336.1000 0.79093713
4337.0000 0.68703729
4337.9000 0.58924043
4338.8000 0.55040908
4339.7000 0.51302081
4340.6000 0.50507087
4341.5000 0.58352417
4342.4000 0.67475194
4343.3000 0.69124335
4344.2000 0.69461405
4345.1000 0.74468148
4346.0000 0.7652266
4346.9000 0.73513794
4347.8000 0.73008543
4348.7000 0.77761602
4349.6000 0.78869045
4350.5000 0.70512259
4351.4000 0.58709186
4352.3000 0.55272573
4353.2000 0.61504769
4354.1000 0.67385364
4355.0000 0.6836288
4355.9000 0.69476163
4356.8000 0.7304306
4357.7000 0.72843814
4358.6000 0.67539477
4359.5000 0.6534583
4360.4000 0.70204115
4361.3000 0.76295316
4362.2000 0.76967239
4363.1000 0.74819249
4364.0000 0.76697397
4364.9000 0.80742753
4365.8000 0.79000592
4366.7000 0.7239036
4367.6000 0.68124431
4368.5000 0.68835735
4369.4000 0.70710629
4370.3000 0.70523405
4371.2000 0.70500374
4372.1000 0.70827085
4373.0000 0.67659158
4373.9000 0.61320347
4374.8000 0.57744914
4375.7000 0.60407341
4376.6000 0.66868907
4377.5000 0.72275221
4378.4000 0.74218804
4379.3000 0.73107398
4380.2000 0.71501738
4381.1000 0.70403308
4382.0000 0.63333076
4382.9000 0.49156883
4383.8000 0.4000667
4384.7000 0.44553393
4385.6000 0.5643909
4386.5000 0.64905447
4387.4000 0.66418421
4388.3000 0.64904857
4389.2000 0.63321942
4390.1000 0.61747438
4391.0000 0.62136126
4391.9000 0.65951085
4392.8000 0.69216746
4393.7000 0.68367231
4394.6000 0.65594959
4395.5000 0.66064429
4396.4000 0.71955264
4397.3000 0.76449758
4398.2000 0.75433028
4399.1000 0.70536488
4400.0000 0.64953345
4400.9000 0.64679193
4401.8000 0.71259826
4402.7000 0.74731213
4403.6000 0.66823983
4404.5000 0.57064539
4405.4000 0.58673424
4406.3000 0.6631937
4407.2000 0.67155331
4408.1000 0.63808972
4409.0000 0.65757912
4409.9000 0.72588623
4410.8000 0.77804756
4411.7000 0.80777007
4412.6000 0.81995142
4413.5000 0.7910341
4414.4000 0.70766068
4415.3000 0.64915991
4416.2000 0.6726222
4417.1000 0.71262163
4418.0000 0.74795479
4418.9000 0.79582709
4419.8000 0.81884038
4420.7000 0.7932393
4421.6000 0.73474652
4422.5000 0.69863468
4423.4000 0.71231419
4424.3000 0.74659872
4425.2000 0.75924337
4426.1000 0.74993372
4427.0000 0.7506541
4427.9000 0.75782174
4428.8000 0.75775248
4429.7000 0.72158271
4430.6000 0.69989419
4431.5000 0.73403013
4432.4000 0.76506096
4433.3000 0.74113703
4434.2000 0.68506062
4435.1000 0.64808315
4436.0000 0.67334455
4436.9000 0.74907684
4437.8000 0.80709314
4438.7000 0.83614969
4439.6000 0.82815742
4440.5000 0.77887154
4441.4000 0.72218937
4442.3000 0.68559706
4443.2000 0.68569362
4444.1000 0.72285706
4445.0000 0.78491765
4445.9000 0.81876135
4446.8000 0.80170256
4447.7000 0.79954475
4448.6000 0.82113862
4449.5000 0.80786103
4450.4000 0.78133696
4451.3000 0.77845967
4452.2000 0.78900385
4453.1000 0.77586621
4454.0000 0.72664589
4454.9000 0.67836034
4455.8000 0.67600805
4456.7000 0.70240402
4457.6000 0.71091849
4458.5000 0.69677722
4459.4000 0.68424076
4460.3000 0.67863148
4461.2000 0.65400976
4462.1000 0.65376848
4463.0000 0.7175101
4463.9000 0.7677753
4464.8000 0.76984107
4465.7000 0.76666343
4466.6000 0.77270144
4467.5000 0.77359378
4468.4000 0.75208849
4469.3000 0.72244883
4470.2000 0.72552234
4471.1000 0.75746608
4472.0000 0.7864396
4472.9000 0.82534647
4473.8000 0.86183327
4474.7000 0.86953408
4475.6000 0.86092061
4476.5000 0.87589329
4477.4000 0.8955465
4478.3000 0.87870437
4479.2000 0.81790948
4480.1000 0.75631464
4481.0000 0.73071426
4481.9000 0.73851526
4482.8000 0.77494961
4483.7000 0.8232252
4484.6000 0.85853612
4485.5000 0.87831479
4486.4000 0.88337147
4487.3000 0.85908133
4488.2000 0.80618751
4489.1000 0.75592566
4490.0000 0.74814826
4490.9000 0.78651309
4491.8000 0.83410484
4492.7000 0.85101241
4493.6000 0.81018937
4494.5000 0.75750947
4495.4000 0.746907
4496.3000 0.76573831
4497.2000 0.80553347
4498.1000 0.85522372
4499.0000 0.87537616
4499.9000 0.86212116
4500.8000 0.82587934
4501.7000 0.81418443
4502.6000 0.86469704
4503.5000 0.92359257
4504.4000 0.94316757
4505.3000 0.93680394
4506.2000 0.9167127
4507.1000 0.898637
4508.0000 0.89602196
4508.9000 0.89902794
4509.8000 0.91180718
4510.7000 0.91811049
4511.6000 0.90025121
4512.5000 0.86910671
4513.4000 0.84311515
4514.3000 0.82972342
4515.2000 0.83766431
4516.1000 0.85255468
4517.0000 0.84072757
4517.9000 0.81783122
4518.8000 0.83115196
4519.7000 0.86998105
4520.6000 0.89746851
4521.5000 0.88998187
4522.4000 0.8447932
4523.3000 0.8187744
4524.2000 0.82629097
4525.1000 0.81140268
4526.0000 0.77267635
4526.9000 0.73759902
4527.8000 0.71337807
4528.7000 0.70466787
4529.6000 0.72194546
4530.5000 0.74565589
4531.4000 0.77430236
4532.3000 0.80412525
4533.2000 0.79097623
4534.1000 0.74910021
4535.0000 0.72009569
4535.9000 0.75098944
4536.8000 0.84103745
4537.7000 0.89738584
4538.6000 0.89147335
4539.5000 0.85970283
4540.4000 0.82525748
4541.3000 0.81614339
4542.2000 0.84157676
4543.1000 0.85989952
4544.0000 0.83302248
4544.9000 0.79918426
4545.8000 0.80852783
4546.7000 0.8264696
4547.6000 0.82605708
4548.5000 0.8056373
4549.4000 0.77160847
4550.3000 0.78397018
4551.2000 0.81695509
4552.1000 0.81187415
4553.0000 0.79722798
4553.9000 0.78369141
4554.8000 0.77671498
4555.7000 0.79793966
4556.6000 0.84765828
4557.5000 0.88959426
4558.4000 0.90091646
4559.3000 0.89698458
4560.2000 0.89218479
4561.1000 0.89451289
4562.0000 0.89537263
4562.9000 0.86586297
4563.8000 0.8171401
4564.7000 0.78018683
4565.6000 0.78269219
4566.5000 0.83794343
4567.4000 0.89190573
4568.3000 0.90261304
4569.2000 0.90011638
4570.1000 0.88426918
4571.0000 0.82778287
4571.9000 0.81424057
4572.8000 0.87506455
4573.7000 0.91868883
4574.6000 0.9047209
4575.5000 0.8923583
4576.4000 0.89995062
4577.3000 0.89889592
4578.2000 0.87887269
4579.1000 0.8297618
4580.0000 0.78260374
4580.9000 0.77527034
4581.8000 0.80250007
4582.7000 0.82089549
4583.6000 0.810498
4584.5000 0.81038034
4585.4000 0.82001799
4586.3000 0.82252437
4587.2000 0.85555506
4588.1000 0.89754504
4589.0000 0.91529369
4589.9000 0.90593219
4590.8000 0.86766624
4591.7000 0.82981062
4592.6000 0.81363654
4593.5000 0.81351995
4594.4000 0.81552333
4595.3000 0.80996794
4596.2000 0.80738294
4597.1000 0.81544054
4598.0000 0.83050883
4598.9000 0.84493232
4599.8000 0.82666695
4600.7000 0.80408567
4601.6000 0.81948328
4602.5000 0.83979881
4603.4000 0.84584105
4604.3000 0.84755248
4605.2000 0.83612812
4606.1000 0.85005397
4607.0000 0.88435227
4607.9000 0.92370391
4608.8000 0.95382857
4609.7000 0.95218134
4610.6000 0.91162127
4611.5000 0.88037127
4612.4000 0.86870593
4613.3000 0.86199516
4614.2000 0.88415629
4615.1000 0.90920371
4616.0000 0.89746213
4616.9000 0.89627087
4617.8000 0.90493429
4618.7000 0.8820219
4619.6000 0.87039256
4620.5000 0.90270609
4621.4000 0.91784412
4622.3000 0.90639228
4623.2000 0.90884376
4624.1000 0.91598606
4625.0000 0.90538692
4625.9000 0.89546412
4626.8000 0.91167897
4627.7000 0.91996044
4628.6000 0.90434307
4629.5000 0.88898546
4630.4000 0.90217215
4631.3000 0.93025196
4632.2000 0.91656512
4633.1000 0.87445968
4634.0000 0.87131232
4634.9000 0.88603508
4635.8000 0.88209337
4636.7000 0.86352688
4637.6000 0.84440815
4638.5000 0.83613116
4639.4000 0.84057683
4640.3000 0.8638674
4641.2000 0.90048033
4642.1000 0.91369718
4643.0000 0.89958394
4643.9000 0.88477355
4644.8000 0.86089826
4645.7000 0.81790298
4646.6000 0.7814036
4647.5000 0.77841729
4648.4000 0.80276394
4649.3000 0.83388799
4650.2000 0.86287576
4651.1000 0.88163549
4652.0000 0.88859886
4652.9000 0.89200115
4653.8000 0.86622685
4654.7000 0.82079989
4655.6000 0.80187398
4656.5000 0.81420648
4657.4000 0.85393757
4658.3000 0.91537964
4659.2000 0.9564606
4660.1000 0.95822519
4661.0000 0.92683089
4661.9000 0.88060689
4662.8000 0.8464756
4663.7000 0.83988178
4664.6000 0.85179776
4665.5000 0.83014727
4666.4000 0.75885737
4667.3000 0.70061082
4668.2000 0.71529365
4669.1000 0.77413988
4670.0000 0.82670224
4670.9000 0.8673147
4671.8000 0.88496625
4672.7000 0.86776954
4673.6000 0.84806079
4674.5000 0.85840845
4675.4000 0.89136356
4676.3000 0.92022818
4677.2000 0.9122628
4678.1000 0.87384546
4679.0000 0.8410632
4679.9000 0.82181865
4680.8000 0.80909812
4681.7000 0.81799376
4682.6000 0.84770381
4683.5000 0.88155413
4684.4000 0.89415878
4685.3000 0.89204508
4686.2000 0.88450384
4687.1000 0.86847883
4688.0000 0.86375558
4688.9000 0.87444317
4689.8000 0.86993575
4690.7000 0.85233659
4691.6000 0.85388583
4692.5000 0.87567616
4693.4000 0.89191848
4694.3000 0.90323091
4695.2000 0.92438197
4696.1000 0.93308926
4697.0000 0.90179557
4697.9000 0.84834111
4698.8000 0.82054144
4699.7000 0.83438587
4700.6000 0.84502041
4701.5000 0.83528161
4702.4000 0.81975442
4703.3000 0.81748998
4704.2000 0.84222776
4705.1000 0.86387241
4706.0000 0.86149162
4706.9000 0.84059566
4707.8000 0.8140403
4708.7000 0.79980075
4709.6000 0.80977696
4710.5000 0.84886497
4711.4000 0.88885266
4712.3000 0.89824373
4713.2000 0.87658083
4714.1000 0.8421756
4715.0000 0.83731681
4715.9000 0.87819505
4716.8000 0.92186278
4717.7000 0.93992239
4718.6000 0.94879073
4719.5000 0.95641571
4720.4000 0.95111322
4721.3000 0.93237096
4722.2000 0.91680002
4723.1000 0.92093736
4724.0000 0.9406656
4724.9000 0.95110834
4725.8000 0.93219537
4726.7000 0.87255973
4727.6000 0.81363094
4728.5000 0.80465633
4729.4000 0.82419258
4730.3000 0.83280921
4731.2000 0.84386259
4732.1000 0.87011182
4733.0000 0.88967168
4733.9000 0.90143293
4734.8000 0.91208208
4735.7000 0.8919158
4736.6000 0.86322796
4737.5000 0.87557608
4738.4000 0.91341835
4739.3000 0.91740716
4740.2000 0.88751829
4741.1000 0.87976909
4742.0000 0.90455079
4742.9000 0.92818975
4743.8000 0.93123204
4744.7000 0.92161065
4745.6000 0.92812246
4746.5000 0.95071507
4747.4000 0.96661311
4748.3000 0.9615038
4749.2000 0.94954318
4750.1000 0.94842076
4751.0000 0.94949007
4751.9000 0.93555224
4752.8000 0.92104954
4753.7000 0.9014045
4754.6000 0.88716727
4755.5000 0.88829589
4756.4000 0.89153481
4757.3000 0.89830983
4758.2000 0.91596967
4759.1000 0.93639964
4760.0000 0.94591421
4760.9000 0.92197597
4761.8000 0.87102222
4762.7000 0.84655321
4763.6000 0.85308433
4764.5000 0.8511166
4765.4000 0.83845037
4766.3000 0.84407723
4767.2000 0.87587166
4768.1000 0.90469736
4769.0000 0.93789101
4769.9000 0.95923609
4770.8000 0.93895173
4771.7000 0.90720338
4772.6000 0.91200286
4773.5000 0.95003146
4774.4000 0.98573536
4775.3000 0.98484844
4776.2000 0.97119975
4777.1000 0.98164827
4778.0000 0.98790163
4778.9000 0.96899366
4779.8000 0.9602077
4780.7000 0.96524906
4781.6000 0.9583655
4782.5000 0.93250722
4783.4000 0.91505659
4784.3000 0.93416333
4785.2000 0.93441361
4786.1000 0.89493763
4787.0000 0.88634908
4787.9000 0.90585297
4788.8000 0.90150642
4789.7000 0.89870024
4790.6000 0.90945238
4791.5000 0.91779304
4792.4000 0.9289732
4793.3000 0.96380734
4794.2000 0.99803108
4795.1000 1.00198221
4796.0000 0.9879598
4796.9000 0.96742362
4797.8000 0.9355039
4798.7000 0.90221667
4799.6000 0.88916761
4800.5000 0.90918481
4801.4000 0.94921762
4802.3000 0.97564584
4803.2000 0.97414148
4804.1000 0.95340091
4805.0000 0.9261272
4805.9000 0.91801786
4806.8000 0.91248041
4807.7000 0.89774841
4808.6000 0.90056127
4809.5000 0.92623079
4810.4000 0.94483322
4811.3000 0.94614077
4812.2000 0.94314915
4813.1000 0.94259346
4814.0000 0.95423853
4814.9000 0.96761686
4815.8000 0.9718737
4816.7000 0.97543776
4817.6000 0.97459638
4818.5000 0.98419672
4819.4000 0.99507713
4820.3000 0.98149425
4821.2000 0.97709531
4822.1000 0.95731056
4823.0000 0.90565509
4823.9000 0.88783818
4824.8000 0.92231089
4825.7000 0.96106136
4826.6000 0.97276425
4827.5000 0.95162553
4828.4000 0.92807215
4829.3000 0.92582756
4830.2000 0.93281662
4831.1000 0.91866517
4832.0000 0.9020617
4832.9000 0.91670269
4833.8000 0.94576204
4834.7000 0.95279282
4835.6000 0.94576621
4836.5000 0.94968778
4837.4000 0.96061999
4838.3000 0.93581706
4839.2000 0.89833724
4840.1000 0.88354892
4841.0000 0.89606535
4841.9000 0.91316819
4842.8000 0.90359169
4843.7000 0.90752012
4844.6000 0.9424122
4845.5000 0.96807855
4846.4000 0.97518414
4847.3000 0.95216769
4848.2000 0.90974104
4849.1000 0.90169978
4850.0000 0.93683583
4850.9000 0.95467746
4851.8000 0.942159
4852.7000 0.94582641
4853.6000 0.93645793
4854.5000 0.87877661
4855.4000 0.83270383
4856.3000 0.85534477
4857.2000 0.90172046
4858.1000 0.90082705
4859.0000 0.84217536
4859.9000 0.74053168
4860.8000 0.64171058
4861.7000 0.6423859
4862.6000 0.74908072
4863.5000 0.82224405
4864.4000 0.84628236
4865.3000 0.87616795
4866.2000 0.89780384
4867.1000 0.89994133
4868.0000 0.89443791
4868.9000 0.89333391
4869.8000 0.87120056
4870.7000 0.81879419
4871.6000 0.78339767
4872.5000 0.81465024
4873.4000 0.86145091
4874.3000 0.87546563
4875.2000 0.87256104
4876.1000 0.88313246
4877.0000 0.90221548
4877.9000 0.91700602
4878.8000 0.95089883
4879.7000 0.97622752
4880.6000 0.94259
4881.5000 0.89323723
4882.4000 0.89341903
4883.3000 0.91700679
4884.2000 0.90235716
4885.1000 0.86221957
4886.0000 0.8434267
4886.9000 0.8556273
4887.8000 0.87101167
4888.7000 0.87015015
4889.6000 0.85177654
4890.5000 0.8157438
4891.4000 0.81402522
4892.3000 0.88589132
4893.2000 0.9569599
4894.1000 0.99624354
4895.0000 1.01498258
4895.9000 1.01740623
4896.8000 1.01212239
4897.7000 1.00516534
4898.6000 0.98230398
4899.5000 0.94189465
4900.4000 0.93096524
4901.3000 0.953394
4902.2000 0.95253611
4903.1000 0.92625934
4904.0000 0.923123
4904.9000 0.95433837
4905.8000 0.9823212
4906.7000 0.98176438
4907.6000 0.95375699
4908.5000 0.91659522
4909.4000 0.87681162
4910.3000 0.84448034
4911.2000 0.86071277
4912.1000 0.90447718
4913.0000 0.92732871
4913.9000 0.94199818
4914.8000 0.97437656
4915.7000 0.99006921
4916.6000 0.95956975
4917.5000 0.89416432
4918.4000 0.82177103
4919.3000 0.76970983
4920.2000 0.75845355
4921.1000 0.79725319
4922.0000 0.86210078
4922.9000 0.8933171
4923.8000 0.88118482
4924.7000 0.87672907
4925.6000 0.91057491
4926.5000 0.94424564
4927.4000 0.95306987
4928.3000 0.96339625
4929.2000 0.98174214
4930.1000 0.98878914
4931.0000 0.98868686
4931.9000 0.96921211
4932.8000 0.9068777
4933.7000 0.86061788
4934.6000 0.88681191
4935.5000 0.92960781
4936.4000 0.91542542
4937.3000 0.86554718
4938.2000 0.81968099
4939.1000 0.8183552
4940.0000 0.88175589
4940.9000 0.95105231
4941.8000 0.97339684
4942.7000 0.97485536
4943.6000 0.98643059
4944.5000 0.97822779
4945.4000 0.94695002
4946.3000 0.94076359
4947.2000 0.97529167
4948.1000 1.00200784
4949.0000 1.00000906
4949.9000 0.9963733
4950.8000 0.99745399
4951.7000 0.99021637
4952.6000 0.97356617
4953.5000 0.96974361
4954.4000 0.98038113
4955.3000 0.97218126
4956.2000 0.90825385
4957.1000 0.81906408
4958.0000 0.81573659
4958.9000 0.91137916
4959.8000 0.98998713
4960.7000 1.00138021
4961.6000 0.98598087
4962.5000 0.98531985
4963.4000 0.99457622
4964.3000 0.97650754
4965.2000 0.93635058
4966.1000 0.91861868
4967.0000 0.92711222
4967.9000 0.92658561
4968.8000 0.9206779
4969.7000 0.92154294
4970.6000 0.92977273
4971.5000 0.95036179
4972.4000 0.96842325
4973.3000 0.98459595
4974.2000 0.99808806
4975.1000 0.98547202
4976.0000 0.96093792
4976.9000 0.94138849
4977.8000 0.9206382
4978.7000 0.9094789
4979.6000 0.91108334
4980.5000 0.90330988
4981.4000 0.86780483
4982.3000 0.82061118
4983.2000 0.80431807
4984.1000 0.82367218
4985.0000 0.84902442
4985.9000 0.87906766
4986.8000 0.9260121
4987.7000 0.95760834
4988.6000 0.94994372
4989.5000 0.92820233
4990.4000 0.91312808
4991.3000 0.91628903
4992.2000 0.93571955
4993.1000 0.93611854
4994.0000 0.92902559
4994.9000 0.94699001
4995.8000 0.95827347
4996.7000 0.95350164
4997.6000 0.94809353
4998.5000 0.92614084
4999.4000 0.8917737
5000.3000 0.87802899
5001.2000 0.88615119
5002.1000 0.89477891
5003.0000 0.89608085
5003.9000 0.88708454
5004.8000 0.85772675
5005.7000 0.82733345
5006.6000 0.84045011
5007.5000 0.89742947
5008.4000 0.94101739
5009.3000 0.9441579
5010.2000 0.92514092
5011.1000 0.88677204
5012.0000 0.83805561
5012.9000 0.80461389
5013.8000 0.79749238
5014.7000 0.82791018
5015.6000 0.86953974
5016.5000 0.87259889
5017.4000 0.84978449
5018.3000 0.8479172
5019.2000 0.87587678
5020.1000 0.89976484
5021.0000 0.89272815
5021.9000 0.8719877
5022.8000 0.88019478
5023.7000 0.91072607
5024.6000 0.92009807
5025.5000 0.91259372
5026.4000 0.89366788
5027.3000 0.8756941
5028.2000 0.90313345
5029.1000 0.94871843
5030.0000 0.95803362
5030.9000 0.95820504
5031.8000 0.98130828
5032.7000 1.01007938
5033.6000 1.00911546
5034.5000 0.95898825
5035.4000 0.89353752
5036.3000 0.8729049
5037.2000 0.89537436
5038.1000 0.89605004
5039.0000 0.85069948
5039.9000 0.78450656
5040.8000 0.73656136
5041.7000 0.77015114
5042.6000 0.86959523
5043.5000 0.94223827
5044.4000 0.97522062
5045.3000 1.00291789
5046.2000 1.01077032
5047.1000 0.97367603
5048.0000 0.91206461
5048.9000 0.87704146
5049.8000 0.88496184
5050.7000 0.89431149
5051.6000 0.89052951
5052.5000 0.91004115
5053.4000 0.95317751
5054.3000 0.98745751
5055.2000 0.99756509
5056.1000 0.98894536
5057.0000 0.98024535
5057.9000 0.98270726
5058.8000 0.98422962
5059.7000 0.98597533
5060.6000 1.00059116
5061.5000 1.01558912
5062.4000 1.01101339
5063.3000 0.96970105
5064.2000 0.90244317
5065.1000 0.87367165
5066.0000 0.90460908
5066.9000 0.92638803
5067.8000 0.92074263
5068.7000 0.92494655
5069.6000 0.95359141
5070.5000 0.96235675
5071.4000 0.92677748
5072.3000 0.89967078
5073.2000 0.91669023
5074.1000 0.93542778
5075.0000 0.93287712
5075.9000 0.93244976
5076.8000 0.94858652
5077.7000 0.93577832
5078.6000 0.86155432
5079.5000 0.79044753
5080.4000 0.79948997
5081.3000 0.85558254
5082.2000 0.88735574
5083.1000 0.88941246
5084.0000 0.90756309
5084.9000 0.94146425
5085.8000 0.95663023
5086.7000 0.9445703
5087.6000 0.93365139
5088.5000 0.94031495
5089.4000 0.9513008
5090.3000 0.9543699
5091.2000 0.95949405
5092.1000 0.97433025
5093.0000 0.98826456
5093.9000 0.98887181
5094.8000 0.97643697
5095.7000 0.94991344
5096.6000 0.91137367
5097.5000 0.86547214
5098.4000 0.8273598
5099.3000 0.8347857
5100.2000 0.89706475
5101.1000 0.95358264
5102.0000 0.96279633
5102.9000 0.94319242
5103.8000 0.92244023
5104.7000 0.91517425
5105.6000 0.91142255
5106.5000 0.89216465
5107.4000 0.87219942
5108.3000 0.87637264
5109.2000 0.88160294
5110.1000 0.88069934
5111.0000 0.91210836
5111.9000 0.94917572
5112.8000 0.95635533
5113.7000 0.95600349
5114.6000 0.95538372
5115.5000 0.95747793
5116.4000 0.97745705
5117.3000 0.99657983
5118.2000 0.99689645
5119.1000 0.98387754
5120.0000 0.95926648
5120.9000 0.92970139
5121.8000 0.89787871
5122.7000 0.86667949
5123.6000 0.84230089
5124.5000 0.84756106
5125.4000 0.86908668
5126.3000 0.87975615
5127.2000 0.87261015
5128.1000 0.86628854
5129.0000 0.86391097
5129.9000 0.87650448
5130.8000 0.89453381
5131.7000 0.91116005
5132.6000 0.92334235
5133.5000 0.93324322
5134.4000 0.95733845
5135.3000 0.96535885
5136.2000 0.92723471
5137.1000 0.88651741
5138.0000 0.8688826
5138.9000 0.85808861
5139.8000 0.87543958
5140.7000 0.89894629
5141.6000 0.86672115
5142.5000 0.83085299
5143.4000 0.85295236
5144.3000 0.88735563
5145.2000 0.88230973
5146.1000 0.86502659
5147.0000 0.85865533
5147.9000 0.86759073
5148.8000 0.89293361
5149.7000 0.90071702
5150.6000 0.87587798
5151.5000 0.85748041
5152.4000 0.86275589
5153.3000 0.87346828
5154.2000 0.88490689
5155.1000 0.9022674
5156.0000 0.92486209
5156.9000 0.95073509
5157.8000 0.96005046
5158.7000 0.95473182
5159.6000 0.96098667
5160.5000 0.96092618
5161.4000 0.93590742
5162.3000 0.91266334
5163.2000 0.90420604
5164.1000 0.87776279
5165.0000 0.81710416
5165.9000 0.73671532
5166.8000 0.66164201
5167.7000 0.64685929
5168.6000 0.71348917
5169.5000 0.81004912
5170.4000 0.83509439
5171.3000 0.73739177
5172.2000 0.6320262
5173.1000 0.66205955
5174.0000 0.80322862
5174.9000 0.91293019
5175.8000 0.93649691
5176.7000 0.93719465
5177.6000 0.95628649
5178.5000 0.96557665
5179.4000 0.95693523
5180.3000 0.94248402
5181.2000 0.89804274
5182.1000 0.78196752
5183.0000 0.63940984
5183.9000 0.6200859
5184.8000 0.75197583
5185.7000 0.88262177
5186.6000 0.93209237
5187.5000 0.92375392
5188.4000 0.91211998
5189.3000 0.93786365
5190.2000 0.94048083
5191.1000 0.87142599
5192.0000 0.81257218
5192.9000 0.83511031
5193.8000 0.88079423
5194.7000 0.88067579
5195.6000 0.86848712
5196.5000 0.88232404
5197.4000 0.90620601
5198.3000 0.92592335
5199.2000 0.94896233
5200.1000 0.95905811
5201.0000 0.95156223
5201.9000 0.9417398
5202.8000 0.9381395
5203.7000 0.91478127
5204.6000 0.86314303
5205.5000 0.83253777
5206.4000 0.847036
5207.3000 0.85006791
5208.2000 0.83170325
5209.1000 0.85057175
5210.0000 0.89027339
5210.9000 0.91913593
5211.8000 0.94819134
5212.7000 0.97087193
5213.6000 0.96589518
5214.5000 0.92922413
5215.4000 0.88821507
5216.3000 0.87429619
5217.2000 0.8931582
5218.1000 0.92966068
5219.0000 0.95540535
5219.9000 0.96409917
5220.8000 0.96905309
5221.7000 0.96510625
5222.6000 0.94435167
5223.5000 0.91445225
5224.4000 0.86814529
5225.3000 0.81394494
5226.2000 0.76681679
5227.1000 0.77382076
5228.0000 0.8521716
5228.9000 0.9206835
5229.8000 0.94266582
5230.7000 0.95800251
5231.6000 0.94837141
5232.5000 0.90554094
5233.4000 0.88406289
5234.3000 0.88605285
5235.2000 0.90147918
5236.1000 0.93962914
5237.0000 0.976556
5237.9000 0.98567873
5238.8000 0.97839725
5239.7000 0.97909719
5240.6000 0.98943055
5241.5000 0.98592508
5242.4000 0.96652001
5243.3000 0.97114933
5244.2000 1.00120699
5245.1000 1.00276315
5246.0000 0.95642847
5246.9000 0.90186894
5247.8000 0.8963905
5248.7000 0.91057569
5249.6000 0.89600694
5250.5000 0.88394749
5251.4000 0.90680718
5252.3000 0.93170029
5253.2000 0.92768741
5254.1000 0.90351444
5255.0000 0.88964891
5255.9000 0.92855078
5256.8000 0.98982561
5257.7000 1.01718521
5258.6000 1.01681173
5259.5000 0.9981041
5260.4000 0.96158397
5261.3000 0.90864354
5262.2000 0.85530204
5263.1000 0.8157773
5264.0000 0.78947711
5264.9000 0.76870418
5265.8000 0.77401996
5266.7000 0.82989979
5267.6000 0.8732757
5268.5000 0.81461102
5269.4000 0.72786987
5270.3000 0.75563484
5271.2000 0.86057013
5272.1000 0.90917307
5273.0000 0.90098661
5273.9000 0.88875264
5274.8000 0.87388617
5275.7000 0.88220817
5276.6000 0.94664007
5277.5000 1.00707996
5278.4000 1.01484847
5279.3000 0.9861145
5280.2000 0.94661444
5281.1000 0.91953129
5282.0000 0.90688908
5282.9000 0.89032775
5283.8000 0.88699549
5284.7000 0.93448889
5285.6000 1.001261
5286.5000 1.02582848
5287.4000 1.01732755
5288.3000 1.00497663
5289.2000 1.01166308
5290.1000 1.02781892
5291.0000 1.02736807
5291.9000 1.01086152
5292.8000 0.99581993
5293.7000 0.99231285
5294.6000 0.98986262
5295.5000 0.95544368
5296.4000 0.89304763
5297.3000 0.84163362
5298.2000 0.84900391
5299.1000 0.91048992
5300.0000 0.9492203
5300.9000 0.93945885
5301.8000 0.93315411
5302.7000 0.95714986
5303.6000 0.99654621
5304.5000 1.02203095
5305.4000 1.02345705
5306.3000 1.00432074
5307.2000 0.98584467
5308.1000 0.99479514
5309.0000 1.01899409
5309.9000 1.0292455
5310.8000 1.0251323
5311.7000 1.01763415
5312.6000 1.00768197
5313.5000 1.0012778
5314.4000 0.99490666
5315.3000 0.97620136
5316.2000 0.95313185
5317.1000 0.95425701
5318.0000 0.97547883
5318.9000 0.98127884
5319.8000 0.97501564
5320.7000 0.97401607
5321.6000 0.97028619
5322.5000 0.95668751
5323.4000 0.93025368
5324.3000 0.909796
5325.2000 0.92167652
5326.1000 0.92051214
5327.0000 0.84843624
5327.9000 0.75904357
5328.8000 0.77341801
5329.7000 0.87764806
5330.6000 0.95015371
5331.5000 0.95882428
5332.4000 0.94109923
5333.3000 0.95266187
5334.2000 0.98922026
5335.1000 1.00406909
5336.0000 0.99347872
5336.9000 0.97838658
5337.8000 0.97323436
5338.7000 0.95924222
5339.6000 0.91355556
5340.5000 0.88578683
5341.4000 0.91681433
5342.3000 0.96330827
5343.2000 0.98521876
5344.1000 0.98941272
5345.0000 0.97280943
5345.9000 0.95977044
5346.8000 0.96650857
5347.7000 0.95814133
5348.6000 0.93292713
5349.5000 0.93494487
5350.4000 0.9700709
5351.3000 0.99767584
5352.2000 0.9955371
5353.1000 0.98774171
5354.0000 1.00727034
5354.9000 1.03073645
5355.8000 1.03785634
5356.7000 1.03729665
5357.6000 1.03703499
5358.5000 1.03869939
5359.4000 1.03223622
5360.3000 1.02006853
5361.2000 0.99645597
5362.1000 0.97953486
5363.0000 0.98064953
5363.9000 0.97109336
5364.8000 0.94926351
5365.7000 0.95141608
5366.6000 0.96596014
5367.5000 0.96582544
5368.4000 0.95086592
5369.3000 0.91144961
5370.2000 0.86735702
5371.1000 0.85985035
5372.0000 0.9076215
5372.9000 0.97289354
5373.8000 1.00898457
5374.7000 1.02483225
5375.6000 1.02691615
5376.5000 1.01067531
5377.4000 1.00120938
5378.3000 1.00075674
5379.2000 0.99604571
5380.1000 0.98572856
5381.0000 0.97808236
5381.9000 0.97301787
5382.8000 0.96710032
5383.7000 0.97565627
5384.6000 0.9984473
5385.5000 1.00627327
5386.4000 0.99738991
5387.3000 0.98695952
5388.2000 0.9774912
5389.1000 0.96103847
5390.0000 0.94626707
5390.9000 0.9361487
5391.8000 0.92747968
5392.7000 0.9228977
5393.6000 0.92482972
5394.5000 0.92908657
5395.4000 0.92091817
5396.3000 0.88331306
5397.2000 0.86536562
5398.1000 0.90642518
5399.0000 0.94847435
5399.9000 0.94991571
5400.8000 0.94886649
5401.7000 0.96476614
5402.6000 0.95343041
5403.5000 0.9019137
5404.4000 0.85104841
5405.3000 0.83076882
5406.2000 0.85445499
5407.1000 0.90166217
5408.0000 0.92766279
5408.9000 0.91045547
5409.8000 0.88957649
5410.7000 0.91306764
5411.6000 0.96087599
5412.5000 0.98734653
5413.4000 0.98363203
5414.3000 0.96764863
5415.2000 0.96687895
5416.1000 0.98938572
5417.0000 1.00415611
5417.9000 0.9981811
5418.8000 0.97935402
5419.7000 0.95861012
5420.6000 0.9517529
5421.5000 0.9693622
5422.4000 0.9818874
5423.3000 0.95501184
5424.2000 0.92871052
5425.1000 0.95422137
5426.0000 1.00101364
5426.9000 1.02200961
5427.8000 0.99245381
5428.7000 0.91864485
5429.6000 0.88003576
5430.5000 0.92068636
5431.4000 0.95620435
5432.3000 0.93726164
5433.2000 0.90982211
5434.1000 0.8960523
5435.0000 0.89316374
5435.9000 0.9092927
5436.8000 0.94439596
5437.7000 0.99054497
5438.6000 1.02275372
5439.5000 1.03147018
5440.4000 1.02757072
5441.3000 1.02137589
5442.2000 1.01765203
5443.1000 1.01203394
5444.0000 0.98987514
5444.9000 0.94496685
5445.8000 0.89156437
5446.7000 0.87287349
5447.6000 0.92175555
5448.5000 0.99167228
5449.4000 1.02054965
5450.3000 1.02081656
5451.2000 1.01383388
5452.1000 1.00487077
5453.0000 0.98438567
5453.9000 0.94412071
5454.8000 0.89569098
5455.7000 0.89150935
5456.6000 0.94921446
5457.5000 1.00456309
5458.4000 1.0199796
5459.3000 1.01388037
5460.2000 0.99452907
5461.1000 0.96837389
5462.0000 0.9347409
5462.9000 0.91422719
5463.8000 0.93689984
5464.7000 0.97371656
5465.6000 0.97827446
5466.5000 0.96949655
5467.4000 0.97921246
5468.3000 0.99280947
5469.2000 0.98268318
5470.1000 0.96563762
5471.0000 0.95980501
5471.9000 0.95743734
5472.8000 0.94585735
5473.7000 0.93963581
5474.6000 0.93716848
5475.5000 0.8988927
5476.4000 0.84745747
5477.3000 0.86486679
5478.2000 0.93586123
5479.1000 0.9696542
5480.0000 0.94513702
5480.9000 0.90480971
5481.8000 0.89991456
5482.7000 0.92504311
5483.6000 0.95814425
5484.5000 0.99213207
5485.4000 1.00220573
5486.3000 0.97418821
5487.2000 0.94243896
5488.1000 0.93999928
5489.0000 0.95653939
5489.9000 0.96709377
5490.8000 0.97626317
5491.7000 0.98350155
5492.6000 0.97201991
5493.5000 0.95871514
5494.4000 0.96899468
5495.3000 0.9860822
5496.2000 0.97612399
5497.1000 0.95508909
5498.0000 0.96688193
5498.9000 0.99830633
5499.8000 1.00114357
5500.7000 0.97028989
5501.6000 0.94385338
5502.5000 0.94702053
5503.4000 0.96377188
5504.3000 0.97133148
5505.2000 0.95976925
5506.1000 0.93709779
5507.0000 0.94334531
5507.9000 0.96997786
5508.8000 0.97747087
5509.7000 0.96804583
5510.6000 0.95559973
5511.5000 0.93021142
5512.4000 0.90649956
5513.3000 0.91067302
5514.2000 0.9335832
5515.1000 0.95566142
5516.0000 0.97044742
5516.9000 0.9781304
5517.8000 0.99519777
5518.7000 1.01116633
5519.6000 1.01406884
5520.5000 1.0098753
5521.4000 1.00300503
5522.3000 0.99828607
5523.2000 0.99895811
5524.1000 0.99475217
5525.0000 0.98048097
5525.9000 0.96059513
5526.8000 0.93659091
5527.7000 0.91643029
5528.6000 0.92138076
5529.5000 0.95656729
5530.4000 0.98554093
5531.3000 0.98659521
5532.2000 0.97885084
5533.1000 0.9727847
5534.0000 0.96134549
5534.9000 0.94935894
5535.8000 0.95560455
5536.7000 0.97065192
5537.6000 0.97401011
5538.5000 0.98177427
5539.4000 1.00008154
5540.3000 1.01602912
5541.2000 1.01791942
5542.1000 0.99807131
5543.0000 0.97193038
5543.9000 0.96885037
5544.8000 0.97988403
5545.7000 0.97843975
5546.6000 0.97753561
5547.5000 0.99542183
5548.4000 1.01459146
5549.3000 1.0195173
5550.2000 1.01923776
5551.1000 1.01848495
5552.0000 1.00754821
5552.9000 0.98315912
5553.8000 0.96275389
5554.7000 0.96598274
5555.6000 0.98836046
5556.5000 0.99844486
5557.4000 0.98768938
5558.3000 0.98274785
5559.2000 0.98854029
5560.1000 0.9912051
5561.0000 0.98770654
5561.9000 0.9719519
5562.8000 0.94691455
5563.7000 0.9408052
5564.6000 0.94745809
5565.5000 0.94659752
5566.4000 0.9462437
5567.3000 0.95407468
5568.2000 0.95870614
5569.1000 0.95081747
5570.0000 0.95640272
5570.9000 0.9740231
5571.8000 0.95444989
5572.7000 0.92700326
5573.6000 0.94807494
5574.5000 0.97893959
5575.4000 0.97339398
5576.3000 0.96438533
5577.2000 0.97641605
5578.1000 0.98331237
5579.0000 0.98304754
5579.9000 0.99084818
5580.8000 0.98889428
5581.7000 0.97624791
5582.6000 0.9778167
5583.5000 0.98212433
5584.4000 0.96773016
5585.3000 0.94261998
5586.2000 0.90706193
5587.1000 0.87073624
5588.0000 0.86246306
5588.9000 0.87935656
5589.8000 0.90565079
5590.7000 0.92765045
5591.6000 0.93854177
5592.5000 0.93447894
5593.4000 0.92486137
5594.3000 0.92345369
5595.2000 0.95718169
5596.1000 0.99821663
5597.0000 0.99209619
5597.9000 0.94784576
5598.8000 0.93321753
5599.7000 0.94460154
5600.6000 0.93198639
5601.5000 0.90774697
5602.4000 0.89401728
5603.3000 0.91630584
5604.2000 0.9756068
5605.1000 1.01685488
5606.0000 1.02573419
5606.9000 1.01871359
5607.8000 1.01378155
5608.7000 1.0169332
5609.6000 1.01601052
5610.5000 1.01732206
5611.4000 1.0240041
5612.3000 1.0310179
5613.2000 1.01100838
5614.1000 0.95000345
5615.0000 0.8850708
5615.9000 0.88241768
5616.8000 0.93791229
5617.7000 0.97120494
5618.6000 0.967085
5619.5000 0.96145332
5620.4000 0.97437167
5621.3000 0.99333936
5622.2000 0.99774128
5623.1000 0.96823078
5624.0000 0.92309624
5624.9000 0.9126178
5625.8000 0.94524306
5626.7000 0.97336113
5627.6000 0.9769637
5628.5000 0.98758423
5629.4000 1.00968981
5630.3000 1.02364385
5631.2000 1.02201593
5632.1000 1.01082301
5633.0000 0.99952072
5633.9000 0.98918116
5634.8000 0.98355287
5635.7000 0.97233158
5636.6000 0.95103496
5637.5000 0.94179195
5638.4000 0.95777178
5639.3000 0.97404766
5640.2000 0.96223396
5641.1000 0.94188899
5642.0000 0.94799894
5642.9000 0.96390533
5643.8000 0.96583539
5644.7000 0.97167265
5645.6000 0.9844172
5646.5000 0.99532598
5647.4000 1.0009197
5648.3000 0.9928478
5649.2000 0.9762153
5650.1000 0.96856099
5651.0000 0.97825021
5651.9000 0.99440426
5652.8000 0.99523902
5653.7000 0.97494453
5654.6000 0.95296693
5655.5000 0.9528327
5656.4000 0.9559049
5657.3000 0.91862315
5658.2000 0.8646878
5659.1000 0.87513983
5660.0000 0.93651134
5660.9000 0.95811492
5661.8000 0.93329322
5662.7000 0.92152494
5663.6000 0.94933105
5664.5000 0.98746449
5665.4000 0.99498624
5666.3000 0.97262859
5667.2000 0.94860923
5668.1000 0.94704568
5669.0000 0.95935231
5669.9000 0.97111529
5670.8000 0.98422879
5671.7000 1.00027966
5672.6000 1.0183742
5673.5000 1.02687168
5674.4000 1.0149802
5675.3000 0.99570453
5676.2000 0.99570769
5677.1000 1.00887334
5678.0000 1.00821137
5678.9000 0.99927783
5679.8000 0.99842256
5680.7000 0.99506932
5681.6000 0.96727246
5682.5000 0.93912828
5683.4000 0.94082791
5684.3000 0.95700771
5685.2000 0.9636665
5686.1000 0.95784932
5687.0000 0.94804245
5687.9000 0.94456905
5688.8000 0.95182544
5689.7000 0.9715566
5690.6000 0.98711836
5691.5000 0.99927348
5692.4000 1.0084995
5693.3000 1.00534952
5694.2000 0.99873579
5695.1000 1.00050128
5696.0000 1.0052526
5696.9000 1.00007284
5697.8000 0.98127615
5698.7000 0.96417832
5699.6000 0.95550144
5700.5000 0.94126523
5701.4000 0.93281782
5702.3000 0.94702864
5703.2000 0.96578377
5704.1000 0.96703178
5705.0000 0.95050091
5705.9000 0.92688447
5706.8000 0.91391027
5707.7000 0.90448898
5708.6000 0.88624042
5709.5000 0.88021863
5710.4000 0.89284897
5711.3000 0.90084016
5712.2000 0.92064369
5713.1000 0.96126336
5714.0000 0.98401999
5714.9000 0.9839263
5715.8000 0.98913497
5716.7000 0.99593425
5717.6000 0.99535865
5718.5000 1.00046647
5719.4000 1.01075876
5720.3000 1.01445842
5721.2000 1.01482546
5722.1000 1.02137804
5723.0000 1.03125322
5723.9000 1.03490376
5724.8000 1.03095984
5725.7000 1.01398253
5726.6000 0.99171901
5727.5000 0.98986232
5728.4000 1.00942004
5729.3000 1.02215827
5730.2000 1.01126361
5731.1000 0.99042588
5732.0000 0.98984641
5732.9000 1.00986242
5733.8000 1.02526474
5734.7000 1.02368987
5735.6000 1.01569307
5736.5000 1.01261628
5737.4000 1.01252687
5738.3000 1.01223099
5739.2000 1.01265323
5740.1000 1.01050687
5741.0000 1.00556779
5741.9000 1.00047588
5742.8000 1.00216591
5743.7000 1.01148379
5744.6000 1.02513778
5745.5000 1.03243828
5746.4000 1.02086961
5747.3000 0.98762304
5748.2000 0.96973443
5749.1000 0.99151206
5750.0000 1.01972163
5750.9000 1.02111447
5751.8000 0.99358493
5752.7000 0.95571059
5753.6000 0.92898744
5754.5000 0.93780875
5755.4000 0.97699976
5756.3000 1.01130617
5757.2000 1.02512038
5758.1000 1.02349973
5759.0000 1.00930297
5759.9000 0.98986351
5760.8000 0.97293574
5761.7000 0.95696992
5762.6000 0.94853371
5763.5000 0.97140223
5764.4000 1.0094856
5765.3000 1.02977085
5766.2000 1.03409624
5767.1000 1.03139353
5768.0000 1.02624619
5768.9000 1.02243388
5769.8000 1.02225256
5770.7000 1.02027738
5771.6000 1.00972092
5772.5000 1.0057447
5773.4000 1.00604796
5774.3000 0.99976277
5775.2000 1.00008595
5776.1000 1.0105052
5777.0000 1.01727831
5777.9000 1.00939441
5778.8000 0.98861504
5779.7000 0.95618886
5780.6000 0.91812259
5781.5000 0.90346855
5782.4000 0.91976964
5783.3000 0.93541944
5784.2000 0.928146
5785.1000 0.92029792
5786.0000 0.93819976
5786.9000 0.96680349
5787.8000 0.98642135
5788.7000 0.99672449
5789.6000 0.9883638
5790.5000 0.96619177
5791.4000 0.96171105
5792.3000 0.97800291
5793.2000 0.9858427
5794.1000 0.99003965
5795.0000 0.99915695
5795.9000 0.99484593
5796.8000 0.97446048
5797.7000 0.95916474
5798.6000 0.97398913
5799.5000 1.00434649
5800.4000 1.01901412
5801.3000 1.02171946
5802.2000 1.01967597
5803.1000 0.99918485
5804.0000 0.9660939
5804.9000 0.95373303
5805.8000 0.9673605
5806.7000 0.9842546
5807.6000 0.99232507
5808.5000 0.98914814
5809.4000 0.99211437
5810.3000 1.00732303
5811.2000 1.01861572
5812.1000 1.01826024
5813.0000 1.01513362
5813.9000 1.00662386
5814.8000 0.99026424
5815.7000 0.97382385
5816.6000 0.97797191
5817.5000 1.00300527
5818.4000 1.02229667
5819.3000 1.02584767
5820.2000 1.02845907
5821.1000 1.0284766
5822.0000 1.02315438
5822.9000 1.02074766
5823.8000 1.02376437
5824.7000 1.02772141
5825.6000 1.02693272
5826.5000 1.01713562
5827.4000 1.01062131
5828.3000 1.01538968
5829.2000 1.02445447
5830.1000 1.02269745
5831.0000 1.01190686
5831.9000 1.01023352
5832.8000 1.01833379
5833.7000 1.01731431
5834.6000 1.00908959
5835.5000 1.00688815
5836.4000 1.01342857
5837.3000 1.0152235
5838.2000 1.0113914
5839.1000 1.01659489
5840.0000 1.02201998
5840.9000 1.02539253
5841.8000 1.02477086
5842.7000 1.02094305
5843.6000 1.02146232
5844.5000 1.01700342
5845.4000 1.00647008
5846.3000 0.99257684
5847.2000 0.98241043
5848.1000 0.98238379
5849.0000 0.99325413
5849.9000 1.00291634
5850.8000 1.00252616
5851.7000 0.9913106
5852.6000 0.96835488
5853.5000 0.95481074
5854.4000 0.96407545
5855.3000 0.9768461
5856.2000 0.95978761
5857.1000 0.92560887
5858.0000 0.91973555
5858.9000 0.94575453
5859.8000 0.97143227
5860.7000 0.98522997
5861.6000 0.98035407
5862.5000 0.97456825
5863.4000 0.98806608
5864.3000 1.00313294
5865.2000 0.9969753
5866.1000 0.97817177
5867.0000 0.97358423
5867.9000 0.99007326
5868.8000 1.00702131
5869.7000 1.01646984
5870.6000 1.01821363
5871.5000 1.014642
5872.4000 1.00636709
5873.3000 1.0028522
5874.2000 1.00809658
5875.1000 1.01214778
5876.0000 1.00840831
5876.9000 1.0054754
5877.8000 1.00464165
5878.7000 0.9981876
5879.6000 0.98517257
5880.5000 0.97933507
5881.4000 0.987988
5882.3000 0.99201107
5883.2000 0.97869664
5884.1000 0.97383094
5885.0000 0.99116057
5885.9000 1.00534761
5886.8000 0.99623996
5887.7000 0.93743032
5888.6000 0.81247026
5889.5000 0.71051532
5890.4000 0.74142987
5891.3000 0.85244268
5892.2000 0.9179154
5893.1000 0.92844993
5894.0000 0.90413439
5894.9000 0.83081013
5895.8000 0.78266716
5896.7000 0.84010971
5897.6000 0.92746866
5898.5000 0.96074748
5899.4000 0.96544534
5900.3000 0.98020905
5901.2000 0.9958238
5902.1000 0.99781793
5903.0000 0.99456638
5903.9000 0.99253237
5904.8000 0.98600316
5905.7000 0.97906405
5906.6000 0.98510319
5907.5000 0.99739969
5908.4000 1.00016642
5909.3000 0.99312878
5910.2000 0.99188697
5911.1000 1.00220895
5912.0000 1.00046933
5912.9000 0.97875398
5913.8000 0.95348912
5914.7000 0.94435948
5915.6000 0.9530884
5916.5000 0.96607035
5917.4000 0.98421663
5918.3000 0.99597311
5919.2000 0.99974918
5920.1000 1.00258732
5921.0000 0.99730617
5921.9000 0.9867509
5922.8000 0.98988235
5923.7000 1.00565302
5924.6000 1.01663673
5925.5000 1.01929307
5926.4000 1.00922585
5927.3000 0.98878264
5928.2000 0.97298229
5929.1000 0.95853543
5930.0000 0.95396727
5930.9000 0.9717049
5931.8000 0.994335
5932.7000 0.99953026
5933.6000 0.98555487
5934.5000 0.97276437
5935.4000 0.98243475
5936.3000 0.99911648
5937.2000 1.00335538
5938.1000 1.00140798
5939.0000 1.00222492
5939.9000 0.99563742
5940.8000 0.98386025
5941.7000 0.98122185
5942.6000 0.98644853
5943.5000 0.99464834
5944.4000 1.003865
5945.3000 1.00803292
5946.2000 1.00296521
5947.1000 0.98645043
5948.0000 0.96342981
5948.9000 0.95685756
5949.8000 0.97601897
5950.7000 0.99250591
5951.6000 0.98274004
5952.5000 0.96123755
5953.4000 0.96240592
5954.3000 0.98513043
5955.2000 0.99383676
5956.1000 0.97705203
5957.0000 0.96232891
5957.9000 0.96944201
5958.8000 0.98963648
5959.7000 1.0054909
5960.6000 1.01192677
5961.5000 1.014642
5962.4000 1.01909387
5963.3000 1.02079058
5964.2000 1.01224244
5965.1000 0.99707198
5966.0000 0.99249506
5966.9000 1.00097334
5967.8000 1.00926125
5968.7000 1.01350904
5969.6000 1.01816738
5970.5000 1.02188277
5971.4000 1.02220595
5972.3000 1.02447355
5973.2000 1.02261722
5974.1000 1.00792384
5975.0000 0.98322934
5975.9000 0.96400321
5976.8000 0.96247834
5977.7000 0.97511393
5978.6000 0.98960614
5979.5000 1.0027914
5980.4000 1.01208115
5981.3000 1.01254725
5982.2000 0.99509674
5983.1000 0.96445167
5984.0000 0.94314849
5984.9000 0.94613928
5985.8000 0.96194184
5986.7000 0.97092521
5987.6000 0.97660077
5988.5000 0.98968041
5989.4000 0.99922609
5990.3000 0.99510241
5991.2000 0.98216301
5992.1000 0.98108739
5993.0000 0.99507695
5993.9000 1.00485408
5994.8000 1.00325
5995.7000 0.99421811
5996.6000 0.97327918
5997.5000 0.95335311
5998.4000 0.95718437
5999.3000 0.97756147
6000.2000 0.99143684
6001.1000 0.99410695
6002.0000 0.98257595
6002.9000 0.96890068
6003.8000 0.97506207
6004.7000 0.98593521
6005.6000 0.97825825
6006.5000 0.95514244
6007.4000 0.92824453
6008.3000 0.92547178
6009.2000 0.95677537
6010.1000 0.98710787
6011.0000 0.99017209
6011.9000 0.97128052
6012.8000 0.95358759
6013.7000 0.95857596
6014.6000 0.97026277
6015.5000 0.96340674
6016.4000 0.95284069
6017.3000 0.96364635
6018.2000 0.97632372
6019.1000 0.96257931
6020.0000 0.94154799
6020.9000 0.93894625
6021.8000 0.95173651
6022.7000 0.96097618
6023.6000 0.96118009
6024.5000 0.96778625
6025.4000 0.97803044
6026.3000 0.9763543
6027.2000 0.97478867
6028.1000 0.98390001
6029.0000 0.99648738
6029.9000 1.00200272
6030.8000 1.0046699
6031.7000 1.01066983
6032.6000 1.01497805
6033.5000 1.01149035
6034.4000 1.00584066
6035.3000 1.0048995
6036.2000 1.00966907
6037.1000 1.01513147
6038.0000 1.0153228
6038.9000 1.00581586
6039.8000 0.9941951
6040.7000 0.98423809
6041.6000 0.97852254
6042.5000 0.98518157
6043.4000 0.9996745
6044.3000 1.00726926
6045.2000 1.01065135
6046.1000 1.01102185
6047.0000 1.00906825
6047.9000 1.0052036
6048.8000 1.00190318
6049.7000 1.00068867
6050.6000 1.00411201
6051.5000 1.00579977
6052.4000 0.996903
6053.3000 0.98640531
6054.2000 0.98181474
6055.1000 0.97772729
6056.0000 0.97797859
6056.9000 0.98482651
6057.8000 0.99555784
6058.7000 1.00606704
6059.6000 1.01047492
6060.5000 1.01015532
6061.4000 1.00257957
6062.3000 0.98524523
6063.2000 0.96716714
6064.1000 0.94641495
6065.0000 0.93171608
6065.9000 0.94726175
6066.8000 0.98228848
6067.7000 1.00519168
6068.6000 1.00943303
6069.5000 1.00662982
6070.4000 1.00828767
6071.3000 1.013785
6072.2000 1.01743543
6073.1000 1.01557708
6074.0000 1.00967634
6074.9000 1.00622261
6075.8000 1.00254917
6076.7000 0.99053544
6077.6000 0.97031665
6078.5000 0.95721483
6079.4000 0.96652597
6080.3000 0.98032713
6081.2000 0.97383904
6082.1000 0.96199083
6083.0000 0.96065569
6083.9000 0.96214193
6084.8000 0.95854306
6085.7000 0.95993686
6086.6000 0.9715305
6087.5000 0.98211837
6088.4000 0.97851199
6089.3000 0.96261746
6090.2000 0.95300442
6091.1000 0.95743376
6092.0000 0.96148252
6092.9000 0.96317565
6093.8000 0.97216415
6094.7000 0.98656076
6095.6000 0.98884332
6096.5000 0.9829523
6097.4000 0.98142403
6098.3000 0.9851386
6099.2000 0.99325061
6100.1000 0.99398232
6101.0000 0.9623552
6101.9000 0.90644431
6102.8000 0.88377893
6103.7000 0.92478842
6104.6000 0.97724617
6105.5000 0.99554032
6106.4000 0.98720467
6107.3000 0.97213089
6108.2000 0.9697966
6109.1000 0.98444486
6110.0000 0.99111247
6110.9000 0.98284173
6111.8000 0.9776535
6112.7000 0.98170364
6113.6000 0.9880091
6114.5000 0.98854244
6115.4000 0.97821677
6116.3000 0.96836632
6117.2000 0.97347975
6118.1000 0.98143125
6119.0000 0.9768644
6119.9000 0.96617299
6120.8000 0.94495517
6121.7000 0.91968244
6122.6000 0.92450035
6123.5000 0.95807022
6124.4000 0.97881436
6125.3000 0.97688162
6126.2000 0.96927613
6127.1000 0.9592346
6128.0000 0.94928348
6128.9000 0.94671261
6129.8000 0.95687425
6130.7000 0.97065103
6131.6000 0.97954273
6132.5000 0.98739594
6133.4000 0.98952091
6134.3000 0.97333562
6135.2000 0.92803633
6136.1000 0.86240995
6137.0000 0.829822
6137.9000 0.87249005
6138.8000 0.9475112
6139.7000 0.97845364
6140.6000 0.95334733
6141.5000 0.92426741
6142.4000 0.93154746
6143.3000 0.95962054
6144.2000 0.97742122
6145.1000 0.98189557
6146.0000 0.98246783
6146.9000 0.97140455
6147.8000 0.9559741
6148.7000 0.95101964
6149.6000 0.95356727
6150.5000 0.95533603
6151.4000 0.9600305
6152.3000 0.97238153
6153.2000 0.98107189
6154.1000 0.97379726
6155.0000 0.96630728
6155.9000 0.96785533
6156.8000 0.96904218
6157.7000 0.96900409
6158.6000 0.97548395
6159.5000 0.96558595
6160.4000 0.92002285
6161.3000 0.86691779
6162.2000 0.84666032
6163.1000 0.86514282
6164.0000 0.90123874
6164.9000 0.92890722
6165.8000 0.94148272
6166.7000 0.95127302
6167.6000 0.94745654
6168.5000 0.91076314
6169.4000 0.88120276
6170.3000 0.90292382
6171.2000 0.94561416
6172.1000 0.96156412
6173.0000 0.95534301
6173.9000 0.95477885
6174.8000 0.96052206
6175.7000 0.95765197
6176.6000 0.95073724
6177.5000 0.95716798
6178.4000 0.96891046
6179.3000 0.96750629
6180.2000 0.96517879
6181.1000 0.97636551
6182.0000 0.98731589
6182.9000 0.9869529
6183.8000 0.98419386
6184.7000 0.98185861
6185.6000 0.96965075
6186.5000 0.95488721
6187.4000 0.94845861
6188.3000 0.95285249
6189.2000 0.95204389
6190.1000 0.92171991
6191.0000 0.88459802
6191.9000 0.89455336
6192.8000 0.94302452
6193.7000 0.97330558
6194.6000 0.97645044
6195.5000 0.98128933
6196.4000 0.99225497
6197.3000 0.99184901
6198.2000 0.97363579
6199.1000 0.94870603
6200.0000 0.93796641
6200.9000 0.95362192
6201.8000 0.97460616
6202.7000 0.98149794
6203.6000 0.97831005
6204.5000 0.9787969
6205.4000 0.98596251
6206.3000 0.99278301
6207.2000 0.9931249
6208.1000 0.98926276
6209.0000 0.98608541
6209.9000 0.98708761
6210.8000 0.98585802
6211.7000 0.97311342
6212.6000 0.94509697
6213.5000 0.91827869
6214.4000 0.90935314
6215.3000 0.91848898
6216.2000 0.93980783
6217.1000 0.95994782
6218.0000 0.95688891
6218.9000 0.933689
6219.8000 0.9190678
6220.7000 0.93108463
6221.6000 0.95628321
6222.5000 0.9752965
6223.4000 0.97734892
6224.3000 0.97041374
6225.2000 0.96736813
6226.1000 0.9654054
6227.0000 0.9662286
6227.9000 0.96571457
6228.8000 0.94455737
6229.7000 0.90813744
6230.6000 0.88849527
6231.5000 0.90243739
6232.4000 0.93126786
6233.3000 0.96015608
6234.2000 0.98668629
6235.1000 0.99491388
6236.0000 0.98459494
6236.9000 0.97091073
6237.8000 0.96219712
6238.7000 0.95727414
6239.6000 0.94951177
6240.5000 0.94427884
6241.4000 0.94595498
6242.3000 0.9364019
6243.2000 0.9208777
6244.1000 0.91893518
6245.0000 0.91900408
6245.9000 0.91733074
6246.8000 0.93195879
6247.7000 0.95425886
6248.6000 0.96846884
6249.5000 0.97294962
6250.4000 0.96237487
6251.3000 0.92974699
6252.2000 0.89328969
6253.1000 0.88108295
6254.0000 0.89203542
6254.9000 0.90197688
6255.8000 0.89973408
6256.7000 0.89327705
6257.6000 0.8911531
6258.5000 0.89773768
6259.4000 0.91561115
6260.3000 0.93159342
6261.2000 0.94168609
6262.1000 0.95565647
6263.0000 0.96558797
6263.9000 0.95360303
6264.8000 0.93281865
6265.7000 0.93213832
6266.6000 0.94972837
6267.5000 0.95818835
6268.4000 0.95092475
6269.3000 0.93751508
6270.2000 0.92730355
6271.1000 0.9312306
6272.0000 0.95101517
6272.9000 0.96743029
6273.8000 0.96789163
6274.7000 0.9580102
6275.6000 0.95438087
6276.5000 0.9568913
6277.4000 0.95569688
6278.3000 0.94338346
6279.2000 0.92042583
6280.1000 0.90133232
6281.0000 0.90581566
6281.9000 0.92488414
6282.8000 0.93969625
6283.7000 0.95023012
6284.6000 0.95477796
6285.5000 0.95403975
6286.4000 0.96170378
6287.3000 0.97192222
6288.2000 0.97534269
6289.1000 0.9719705
6290.0000 0.96095973
6290.9000 0.95307577
6291.8000 0.95751208
6292.7000 0.9631871
6293.6000 0.96269959
6294.5000 0.96335804
6295.4000 0.95507413
6296.3000 0.93488717
6297.2000 0.92008811
6298.1000 0.92821884
6299.0000 0.94489646
6299.9000 0.93607289
6300.8000 0.90870261
6301.7000 0.89818329
6302.6000 0.91457927
6303.5000 0.94184107
6304.4000 0.95544016
6305.3000 0.95769143
6306.2000 0.96194237
6307.1000 0.96625113
6308.0000 0.96799386
6308.9000 0.96136755
6309.8000 0.94519317
6310.7000 0.93258059
6311.6000 0.93134844
6312.5000 0.93486971
6313.4000 0.92461747
6314.3000 0.90044594
6315.2000 0.89383495
6316.1000 0.9084236
6317.0000 0.90737575
6317.9000 0.88781273
6318.8000 0.88869524
6319.7000 0.91509676
6320.6000 0.92777324
6321.5000 0.92391586
6322.4000 0.91908699
6323.3000 0.92987651
6324.2000 0.95067722
6325.1000 0.95984924
6326.0000 0.95282787
6326.9000 0.93979871
6327.8000 0.93452275
6328.7000 0.93908757
6329.6000 0.93553299
6330.5000 0.93037754
6331.4000 0.93794858
6332.3000 0.94934189
6333.2000 0.94895071
6334.1000 0.92899966
6335.0000 0.89910239
6335.9000 0.88800883
6336.8000 0.90320903
6337.7000 0.91744554
6338.6000 0.92013443
6339.5000 0.92803496
6340.4000 0.94464451
6341.3000 0.9506467
6342.2000 0.93763238
6343.1000 0.91367644
6344.0000 0.90346724
6344.9000 0.91714031
6345.8000 0.93481392
6346.7000 0.94180793
6347.6000 0.94717598
6348.5000 0.95171386
6349.4000 0.95102495
6350.3000 0.94897532
6351.2000 0.95042843
6352.1000 0.95048422
6353.0000 0.94082266
6353.9000 0.92307097
6354.8000 0.91747069
6355.7000 0.93015802
6356.6000 0.9366805
6357.5000 0.9204303
6358.4000 0.90192455
6359.3000 0.90444684
6360.2000 0.91581357
6361.1000 0.91014892
6362.0000 0.89675003
6362.9000 0.89571428
6363.8000 0.90605658
6364.7000 0.91929466
6365.6000 0.92846704
6366.5000 0.9327777
6367.4000 0.94045085
6368.3000 0.94728255
6369.2000 0.94601029
6370.1000 0.94397724
6371.0000 0.94620967
6371.9000 0.95341229
6372.8000 0.95975029
6373.7000 0.9592523
6374.6000 0.95859104
6375.5000 0.96037906
6376.4000 0.96219069
6377.3000 0.95649117
6378.2000 0.94424731
6379.1000 0.93734366
6380.0000 0.9361521
6380.9000 0.93775845
6381.8000 0.9445591
6382.7000 0.9479242
6383.6000 0.94345462
6384.5000 0.94162971
6385.4000 0.94874662
6386.3000 0.9570539
6387.2000 0.95917046
6388.1000 0.9555878
6389.0000 0.95485109
6389.9000 0.95302337
6390.8000 0.94298309
6391.7000 0.92210495
6392.6000 0.89259332
6393.5000 0.88634557
6394.4000 0.91457105
6395.3000 0.94492388
6396.2000 0.95714515
6397.1000 0.9569816
6398.0000 0.9403702
6398.9000 0.8985706
6399.8000 0.86202943
6400.7000 0.88154465
6401.6000 0.931817
6402.5000 0.95674694
6403.4000 0.95656919
6404.3000 0.95224118
6405.2000 0.9445641
6406.1000 0.92954814
6407.0000 0.90735686
6407.9000 0.89762509
6408.8000 0.9136405
6409.7000 0.92672414
6410.6000 0.91485775
6411.5000 0.90354544
6412.4000 0.91542703
6413.3000 0.93273032
6414.2000 0.93169856
6415.1000 0.92845142
6416.0000 0.93492025
6416.9000 0.94032723
6417.8000 0.9395026
6418.7000 0.92666602
6419.6000 0.90159625
6420.5000 0.88287646
6421.4000 0.88968742
6422.3000 0.92321938
6423.2000 0.95086402
6424.1000 0.95187175
6425.0000 0.94825381
6425.9000 0.95570022
6426.8000 0.96509248
6427.7000 0.96346331
6428.6000 0.94819903
6429.5000 0.92236972
6430.4000 0.8952862
6431.3000 0.89340198
6432.2000 0.91647482
6433.1000 0.93865788
6434.0000 0.95333838
6434.9000 0.95845675
6435.8000 0.95495689
6436.7000 0.94182575
6437.6000 0.91236842
6438.5000 0.8858096
6439.4000 0.89094895
6440.3000 0.92611653
6441.2000 0.95565331
6442.1000 0.96352208
6443.0000 0.95968044
6443.9000 0.95628119
6444.8000 0.95700651
6445.7000 0.9607808
6446.6000 0.96388412
6447.5000 0.9526661
6448.4000 0.91194099
6449.3000 0.85575199
6450.2000 0.84366006
6451.1000 0.89021647
6452.0000 0.93488425
6452.9000 0.94565839
6453.8000 0.93618214
6454.7000 0.91443276
6455.6000 0.89536732
6456.5000 0.90226132
6457.4000 0.93193591
6458.3000 0.95168096
6459.2000 0.95504647
6460.1000 0.94635868
6461.0000 0.91635418
6461.9000 0.87197679
6462.8000 0.8606447
6463.7000 0.89452809
6464.6000 0.9249208
6465.5000 0.93677914
6466.4000 0.94639033
6467.3000 0.94848287
6468.2000 0.93798167
6469.1000 0.92509836
6470.0000 0.91815853
6470.9000 0.90547997
6471.8000 0.9041059
6472.7000 0.92516065
6473.6000 0.93822932
6474.5000 0.93053186
6475.4000 0.92038864
6476.3000 0.92234349
6477.2000 0.93070161
6478.1000 0.93422133
6479.0000 0.93818623
6479.9000 0.93553001
6480.8000 0.90864187
6481.7000 0.87585157
6482.6000 0.87399054
6483.5000 0.89999878
6484.4000 0.92093921
6485.3000 0.92717767
6486.2000 0.93637568
6487.1000 0.94608939
6488.0000 0.94295567
6488.9000 0.93280464
6489.8000 0.92522812
6490.7000 0.9193058
6491.6000 0.91197222
6492.5000 0.89073449
6493.4000 0.84520692
6494.3000 0.80196357
6495.2000 0.79319435
6496.1000 0.80830294
6497.0000 0.83280897
6497.9000 0.85592788
6498.8000 0.86507559
6499.7000 0.87618482
6500.6000 0.90123552
6501.5000 0.91940683
6502.4000 0.92552179
6503.3000 0.93174899
6504.2000 0.93923283
6505.1000 0.94598532
6506.0000 0.94786251
6506.9000 0.94531882
6507.8000 0.93926454
6508.7000 0.92959547
6509.6000 0.92622274
6510.5000 0.93442655
6511.4000 0.93921047
6512.3000 0.93523455
6513.2000 0.93123144
6514.1000 0.92629749
6515.0000 0.91689122
6515.9000 0.9114154
6516.8000 0.91032273
6517.7000 0.90482169
6518.6000 0.90257031
6519.5000 0.91532528
6520.4000 0.9280237
6521.3000 0.93021804
6522.2000 0.92604119
6523.1000 0.92420948
6524.0000 0.92647123
6524.9000 0.92553741
6525.8000 0.91305757
6526.7000 0.90039057
6527.6000 0.90148073
6528.5000 0.90841019
6529.4000 0.91510171
6530.3000 0.91794205
6531.2000 0.90941072
6532.1000 0.89742267
6533.0000 0.8935504
6533.9000 0.90444654
6534.8000 0.92097211
6535.7000 0.92780656
6536.6000 0.92586255
6537.5000 0.92252523
6538.4000 0.92299938
6539.3000 0.92587066
6540.2000 0.92285591
6541.1000 0.91762346
6542.0000 0.91672814
6542.9000 0.9186787
6543.8000 0.91657376
6544.7000 0.90005881
6545.6000 0.87612885
6546.5000 0.87218553
6547.4000 0.89323491
6548.3000 0.91628528
6549.2000 0.92204928
6550.1000 0.9142018
6551.0000 0.90493244
6551.9000 0.90289462
6552.8000 0.9029395
6553.7000 0.89405614
6554.6000 0.87935251
6555.5000 0.87259716
6556.4000 0.87863326
6557.3000 0.88746548
6558.2000 0.88446409
6559.1000 0.86753261
6560.0000 0.83655208
6560.9000 0.75316221
6561.8000 0.60880804
6562.7000 0.52967912
6563.6000 0.61881602
6564.5000 0.77451938
6565.4000 0.86510813
6566.3000 0.89447272
6567.2000 0.90200168
6568.1000 0.88990331
6569.0000 0.87421143
6569.9000 0.87730777
6570.8000 0.89185566
6571.7000 0.89360994
6572.6000 0.87887639
6573.5000 0.86230665
6574.4000 0.85915434
6575.3000 0.87683207
6576.2000 0.90641379
6577.1000 0.92636675
6578.0000 0.93338221
6578.9000 0.93171149
6579.8000 0.92052305
6580.7000 0.90498281
6581.6000 0.90043396
6582.5000 0.90663308
6583.4000 0.91192818
6584.3000 0.91186529
6585.2000 0.9055624
6586.1000 0.8992902
6587.0000 0.90622044
6587.9000 0.91858089
6588.8000 0.92434639
6589.7000 0.92318857
6590.6000 0.91402662
6591.5000 0.88773626
6592.4000 0.84944963
6593.3000 0.83382261
6594.2000 0.85828048
6595.1000 0.89201832
6596.0000 0.90589082
6596.9000 0.89975101
6597.8000 0.89157802
6598.7000 0.89703584
6599.6000 0.91392493
6600.5000 0.9282099
6601.4000 0.93073696
6602.3000 0.92428708
6603.2000 0.91414499
6604.1000 0.90376562
6605.0000 0.90250361
6605.9000 0.9065038
6606.8000 0.90081137
6607.7000 0.88516492
6608.6000 0.87334281
6609.5000 0.87956125
6610.4000 0.90096128
6611.3000 0.91440237
6612.2000 0.91141713
6613.1000 0.90525311
6614.0000 0.90764028
6614.9000 0.91941118
6615.8000 0.92775452
6616.7000 0.9253965
6617.6000 0.92019379
6618.5000 0.91770661
6619.4000 0.91803253
6620.3000 0.92035615
6621.2000 0.92036259
6622.1000 0.91573936
6623.0000 0.90402818
6623.9000 0.8901841
6624.8000 0.88885295
6625.7000 0.90111303
6626.6000 0.90670037
6627.5000 0.9045794
6628.4000 0.90641516
6629.3000 0.90766537
6630.2000 0.90348208
6631.1000 0.89811176
6632.0000 0.88659453
6632.9000 0.86952817
6633.8000 0.8629148
6634.7000 0.87904155
6635.6000 0.90492356
6636.5000 0.92176765
6637.4000 0.92499965
6638.3000 0.91963369
6639.2000 0.91062582
6640.1000 0.9076401
6641.0000 0.91147238
6641.9000 0.90608954
6642.8000 0.8848232
6643.7000 0.87570029
6644.6000 0.89211464
6645.5000 0.91018176
6646.4000 0.91097373
6647.3000 0.90409803
6648.2000 0.90470296
6649.1000 0.91094846
6650.0000 0.91245955
6650.9000 0.91028523
6651.8000 0.91056287
6652.7000 0.91242069
6653.6000 0.91169971
6654.5000 0.91115034
6655.4000 0.91165656
6656.3000 0.91107279
6657.2000 0.91141057
6658.1000 0.91288865
6659.0000 0.91064566
6659.9000 0.9048509
6660.8000 0.89687932
6661.7000 0.88141429
6662.6000 0.85898459
6663.5000 0.85179216
6664.4000 0.87068111
6665.3000 0.88980258
6666.2000 0.89272439
6667.1000 0.89173895
6668.0000 0.89469355
6668.9000 0.89885235
6669.8000 0.90231544
6670.7000 0.90403086
6671.6000 0.90519172
6672.5000 0.90667152
6673.4000 0.90508217
6674.3000 0.90182501
6675.2000 0.8999781
6676.1000 0.88992745
6677.0000 0.8639316
6677.9000 0.84197164
6678.8000 0.85342479
6679.7000 0.88386595
6680.6000 0.90181381
6681.5000 0.90725261
6682.4000 0.91097432
6683.3000 0.91485149
6684.2000 0.91714787
6685.1000 0.91650862
6686.0000 0.91493767
6686.9000 0.90701538
6687.8000 0.89797831
6688.7000 0.89897221
6689.6000 0.90557617
6690.5000 0.90825218
6691.4000 0.90985143
6692.3000 0.91047043
6693.2000 0.90869546
6694.1000 0.90333015
6695.0000 0.89070475
6695.9000 0.87724435
6696.8000 0.87699848
6697.7000 0.88338566
6698.6000 0.8892253
6699.5000 0.8982088
6700.4000 0.90805382
6701.3000 0.90692645
6702.2000 0.89238077
6703.1000 0.87436986
6704.0000 0.8665911
6704.9000 0.87366152
6705.8000 0.88871706
6706.7000 0.8989141
6707.6000 0.9005034
6708.5000 0.89698821
6709.4000 0.89018476
6710.3000 0.8887136
6711.2000 0.89308786
6712.1000 0.89036882
6713.0000 0.88382465
6713.9000 0.88143164
6714.8000 0.87771583
6715.7000 0.86533153
6716.6000 0.84880394
6717.5000 0.84398431
6718.4000 0.85997975
6719.3000 0.88218451
6720.2000 0.89026946
6721.1000 0.88398653
6722.0000 0.88358569
6722.9000 0.89331764
6723.8000 0.89419919
6724.7000 0.88313657
6725.6000 0.87104529
6726.5000 0.87197894
6727.4000 0.88457829
6728.3000 0.89397371
6729.2000 0.89900112
6730.1000 0.90017235
6731.0000 0.89573485
6731.9000 0.89217865
6732.8000 0.88946551
6733.7000 0.88962626
6734.6000 0.89409775
6735.5000 0.89688122
6736.4000 0.89481241
6737.3000 0.88643259
6738.2000 0.87756938
6739.1000 0.88001961
6740.0000 0.88928002
6740.9000 0.89295173
6741.8000 0.88464558
6742.7000 0.87963343
6743.6000 0.88444048
6744.5000 0.8907128
6745.4000 0.89319807
6746.3000 0.89291209
6747.2000 0.89128858
6748.1000 0.88764286
6749.0000 0.87719375
6749.9000 0.86920071
6750.8000 0.87682623
6751.7000 0.88406366
6752.6000 0.87814444
6753.5000 0.87883419
6754.4000 0.8860445
6755.3000 0.88960457
6756.2000 0.89225841
6757.1000 0.89489794
6758.0000 0.89805961
6758.9000 0.89994776
6759.8000 0.90079856
6760.7000 0.90346503
6761.6000 0.90051252
6762.5000 0.89476907
6763.4000 0.89445186
6764.3000 0.89580548
6765.2000 0.89255941
6766.1000 0.8806113
6767.0000 0.86242002
6767.9000 0.8577109
6768.8000 0.87355393
6769.7000 0.88341773
6770.6000 0.87300205
6771.5000 0.8647272
6772.4000 0.87293118
6773.3000 0.8872363
6774.2000 0.89614344
6775.1000 0.9014371
6776.0000 0.90463036
6776.9000 0.90386158
6777.8000 0.90434271
6778.7000 0.90846074
6779.6000 0.91223752
6780.5000 0.90939277
6781.4000 0.90022796
6782.3000 0.88757193
6783.2000 0.8774187
6784.1000 0.8752358
6785.0000 0.87664044
6785.9000 0.87783372
6786.8000 0.88291049
6787.7000 0.89002782
6788.6000 0.89257914
6789.5000 0.89016229
6790.4000 0.88837117
6791.3000 0.88833022
6792.2000 0.88708514
6793.1000 0.88396341
6794.0000 0.88424253
6794.9000 0.88614088
6795.8000 0.88624448
6796.7000 0.88727754
6797.6000 0.89032227
6798.5000 0.89196444
6799.4000 0.893426
6800.3000 0.8973828
6801.2000 0.90487432
6802.1000 0.90693271
6803.0000 0.89929086
6803.9000 0.892398
6804.8000 0.89174372
6805.7000 0.88737172
6806.6000 0.88164037
6807.5000 0.88130856
6808.4000 0.88127321
6809.3000 0.87521315
6810.2000 0.87337971
6811.1000 0.88005865
6812.0000 0.88529038
6812.9000 0.88526332
6813.8000 0.87853563
6814.7000 0.86797625
6815.6000 0.87162673
6816.5000 0.88716906
6817.4000 0.89590216
6818.3000 0.89097691
6819.2000 0.88017672
6820.1000 0.87778634
6821.0000 0.88577509
6821.9000 0.89439547
6822.8000 0.89925075
6823.7000 0.90093887
6824.6000 0.89855194
6825.5000 0.89787424
6826.4000 0.89433652
6827.3000 0.88473386
6828.2000 0.87835705
6829.1000 0.88322055
6830.0000 0.89233965
6830.9000 0.89620531
6831.8000 0.89655483
6832.7000 0.89614707
6833.6000 0.89274657
6834.5000 0.88944525
6835.4000 0.88569498
6836.3000 0.87964731
6837.2000 0.87257278
6838.1000 0.86528736
6839.0000 0.85656083
6839.9000 0.84458077
6840.8000 0.83194757
6841.7000 0.82775456
6842.6000 0.8358981
6843.5000 0.85464728
6844.4000 0.876459
6845.3000 0.88896531
6846.2000 0.89207262
6847.1000 0.8935073
6848.0000 0.89404601
6848.9000 0.89285362
6849.8000 0.89309663
6850.7000 0.89776051
6851.6000 0.90184236
6852.5000 0.90301514
6853.4000 0.89259225
6854.3000 0.87212139
6855.2000 0.85973006
6856.1000 0.8617456
6857.0000 0.86583287
6857.9000 0.86924434
6858.8000 0.87740928
6859.7000 0.88322794
6860.6000 0.87546021
6861.5000 0.86917865
6862.4000 0.87777221
6863.3000 0.88739288
6864.2000 0.88243079
6865.1000 0.87041044
6866.0000 0.86409557
6866.9000 0.87311751
6867.8000 0.89071399
6868.7000 0.89350528
6869.6000 0.88040137
6870.5000 0.86908323
6871.4000 0.8621031
6872.3000 0.85841423
6873.2000 0.8645665
6874.1000 0.87387019
6875.0000 0.87684107
6875.9000 0.87887734
6876.8000 0.88488221
6877.7000 0.89051771
6878.6000 0.89084285
6879.5000 0.88391352
6880.4000 0.87215817
6881.3000 0.86098838
6882.2000 0.85904866
6883.1000 0.86509514
6884.0000 0.87330025
6884.9000 0.88026655
6885.8000 0.88513887
6886.7000 0.88614857
6887.6000 0.88935775
6888.5000 0.90128583
6889.4000 0.90838397
6890.3000 0.90045613
6891.2000 0.89721376
6892.1000 0.90107834
6893.0000 0.89191669
6893.9000 0.87540179
6894.8000 0.8706879
6895.7000 0.88315326
6896.6000 0.88956404
6897.5000 0.87743211
6898.4000 0.87164617
6899.3000 0.88626331
6900.2000 0.89484441
6901.1000 0.88404304
6902.0000 0.87218255
6902.9000 0.87516803
6903.8000 0.88575107
6904.7000 0.88351822
6905.6000 0.87105519
6906.5000 0.86400628
6907.4000 0.87486506
6908.3000 0.89347893
6909.2000 0.89786828
6910.1000 0.88607496
6911.0000 0.87471968
6911.9000 0.87427676
6912.8000 0.87494105
6913.7000 0.86081642
6914.6000 0.84708339
6915.5000 0.8494119
6916.4000 0.85960197
6917.3000 0.87211603
6918.2000 0.88787609
6919.1000 0.89560026
6920.0000 0.89251548
6920.9000 0.88674307
6921.8000 0.8853457
6922.7000 0.88255244
6923.6000 0.87039715
6924.5000 0.85339087
6925.4000 0.84624183
6926.3000 0.85250884
6927.2000 0.86522758
6928.1000 0.87404001
6929.0000 0.87785661
6929.9000 0.87648594
6930.8000 0.86974674
6931.7000 0.85930264
6932.6000 0.84730291
6933.5000 0.84715182
6934.4000 0.85800523
6935.3000 0.86665398
6936.2000 0.87114263
6937.1000 0.87569708
6938.0000 0.8801713
6938.9000 0.88520271
6939.8000 0.88867593
6940.7000 0.88839287
6941.6000 0.88466918
6942.5000 0.87833613
6943.4000 0.86432207
6944.3000 0.8438645
6945.2000 0.83415014
6946.1000 0.84953135
6947.0000 0.86942261
6947.9000 0.8778584
6948.8000 0.87986577
6949.7000 0.87237608
6950.6000 0.8584677
6951.5000 0.85430074
6952.4000 0.86108524
6953.3000 0.86588889
6954.2000 0.86758792
6955.1000 0.87107199
6956.0000 0.877841
6956.9000 0.88228256
6957.8000 0.8810038
6958.7000 0.87991643
6959.6000 0.87860805
6960.5000 0.8754248
6961.4000 0.87228149
6962.3000 0.87321657
6963.2000 0.87714255
6964.1000 0.87490761
6965.0000 0.86628151
6965.9000 0.86224467
6966.8000 0.86779177
6967.7000 0.87485176
6968.6000 0.87458378
6969.5000 0.86990982
6970.4000 0.86219466
6971.3000 0.86051369
6972.2000 0.86683971
6973.1000 0.87061095
6974.0000 0.86408675
6974.9000 0.84870011
6975.8000 0.8300401
6976.7000 0.8135246
6977.6000 0.79448503
6978.5000 0.78184938
6979.4000 0.79762489
6980.3000 0.83024758
6981.2000 0.84988046
6982.1000 0.85506767
6983.0000 0.85344118
6983.9000 0.85147083
6984.8000 0.85320163
6985.7000 0.85625374
6986.6000 0.85778844
6987.5000 0.8531124
6988.4000 0.84597135
6989.3000 0.84694195
6990.2000 0.85796916
6991.1000 0.8656854
6992.0000 0.86552787
6992.9000 0.86290729
6993.8000 0.8604092
6994.7000 0.86003989
6995.6000 0.86458457
6996.5000 0.86587137
6997.4000 0.85923886
6998.3000 0.84498262
6999.2000 0.82762647
7000.1000 0.82367605
7001.0000 0.83958352
7001.9000 0.85372359
7002.8000 0.85327494
7003.7000 0.84381121
7004.6000 0.83499074
7005.5000 0.83111942
7006.4000 0.83837157
7007.3000 0.84974921
7008.2000 0.8561722
7009.1000 0.85972017
7010.0000 0.859106
7010.9000 0.8532899
7011.8000 0.8499586
7012.7000 0.85430247
7013.6000 0.85670644
7014.5000 0.83863258
7015.4000 0.80189419
7016.3000 0.78189653
7017.2000 0.8031584
7018.1000 0.83663249
7019.0000 0.85459906
7019.9000 0.86067855
7020.8000 0.85997915
7021.7000 0.84721071
7022.6000 0.82240313
7023.5000 0.80258381
7024.4000 0.80548269
7025.3000 0.82530057
7026.2000 0.84302217
7027.1000 0.84922475
7028.0000 0.84933478
7028.9000 0.84768236
7029.8000 0.848553
7030.7000 0.85308075
7031.6000 0.85536247
7032.5000 0.85240871
7033.4000 0.84664029
7034.3000 0.84327561
7035.2000 0.85197908
7036.1000 0.85976273
7037.0000 0.84850001
7037.9000 0.83179229
7038.8000 0.83961612
7039.7000 0.86458653
7040.6000 0.88119799
7041.5000 0.88669389
7042.4000 0.8845821
7043.3000 0.87527561
7044.2000 0.861296
7045.1000 0.85352039
7046.0000 0.85617989
7046.9000 0.86383349
7047.8000 0.86825746
7048.7000 0.86586881
7049.6000 0.86116558
7050.5000 0.85590732
7051.4000 0.83968663
7052.3000 0.82267797
7053.2000 0.82367069
7054.1000 0.83596677
7055.0000 0.84687614
7055.9000 0.85891515
7056.8000 0.86676252
7057.7000 0.8642174
7058.6000 0.85526067
7059.5000 0.84718293
7060.4000 0.84749454
7061.3000 0.85601705
7062.2000 0.86211067
7063.1000 0.86866063
7064.0000 0.87543255
7064.9000 0.87031513
7065.8000 0.85307473
7066.7000 0.83220106
7067.6000 0.81667972
7068.5000 0.81844735
7069.4000 0.83710718
7070.3000 0.85743189
7071.2000 0.86361074
7072.1000 0.86015338
7073.0000 0.86065954
7073.9000 0.86577946
7074.8000 0.8679508
7075.7000 0.86299974
7076.6000 0.8574568
7077.5000 0.85687613
7078.4000 0.85643202
7079.3000 0.85781753
7080.2000 0.86045992
7081.1000 0.85954303
7082.0000 0.85229886
7082.9000 0.83682966
7083.8000 0.81412983
7084.7000 0.80232036
7085.6000 0.81364632
7086.5000 0.83225012
7087.4000 0.84168047
7088.3000 0.84068286
7089.2000 0.82972705
7090.1000 0.81970388
7091.0000 0.82151401
7091.9000 0.82851392
7092.8000 0.83300418
7093.7000 0.84214711
7094.6000 0.85161233
7095.5000 0.8535071
7096.4000 0.85291994
7097.3000 0.85263067
7098.2000 0.85145175
7099.1000 0.84753001
7100.0000 0.84316111
7100.9000 0.83706051
7101.8000 0.83191609
7102.7000 0.83669525
7103.6000 0.85013276
7104.5000 0.85810858
7105.4000 0.85400659
7106.3000 0.84357625
7107.2000 0.83658534
7108.1000 0.83557212
7109.0000 0.83691424
7109.9000 0.83038586
7110.8000 0.81891453
7111.7000 0.81671232
7112.6000 0.82745868
7113.5000 0.83795381
7114.4000 0.83850956
7115.3000 0.83524191
7116.2000 0.83508039
7117.1000 0.83517283
7118.0000 0.83536249
7118.9000 0.83212996
7119.8000 0.82733488
7120.7000 0.82156253
7121.6000 0.81202471
7122.5000 0.81293523
7123.4000 0.82843024
7124.3000 0.83982235
7125.2000 0.84246951
7126.1000 0.84151518
7127.0000 0.83881664
7127.9000 0.83558249
7128.8000 0.82784575
7129.7000 0.81366605
7130.6000 0.80327618
7131.5000 0.81061059
7132.4000 0.8271296
7133.3000 0.83777732
7134.2000 0.84086221
7135.1000 0.83889937
7136.0000 0.84086001
7136.9000 0.84683377
7137.8000 0.84587586
7138.7000 0.83891338
7139.6000 0.83779293
7140.5000 0.84175622
7141.4000 0.84022707
7142.3000 0.83434147
7143.2000 0.83350807
7144.1000 0.83203697
7145.0000 0.82851857
7145.9000 0.82497942
7146.8000 0.81274253
7147.7000 0.79537749
7148.6000 0.79752189
7149.5000 0.8165946
7150.4000 0.82873762
7151.3000 0.83308995
7152.2000 0.84101844
7153.1000 0.84635127
7154.0000 0.83820438
7154.9000 0.82926494
7155.8000 0.83262473
7156.7000 0.84059268
7157.6000 0.8417843
7158.5000 0.84072429
7159.4000 0.83950555
7160.3000 0.83639264
7161.2000 0.83643538
7162.1000 0.83598804
7163.0000 0.81818914
7163.9000 0.79004341
7164.8000 0.77838349
7165.7000 0.79380953
7166.6000 0.8214103
7167.5000 0.84178233
7168.4000 0.8465367
7169.3000 0.84179842
7170.2000 0.83533305
7171.1000 0.8346085
7172.0000 0.83996582
7172.9000 0.84474975
7173.8000 0.83910358
7174.7000 0.82613182
7175.6000 0.81613499
7176.5000 0.82309002
7177.4000 0.84424007
7178.3000 0.85178274
7179.2000 0.83418268
7180.1000 0.80675733
7181.0000 0.79101747
7181.9000 0.79840171
7182.8000 0.81902438
7183.7000 0.83329052
7184.6000 0.82925814
7185.5000 0.81404299
7186.4000 0.80025637
7187.3000 0.794662
7188.2000 0.79775572
7189.1000 0.80404276
7190.0000 0.80925238
7190.9000 0.81140751
7191.8000 0.80778259
7192.7000 0.80431932
7193.6000 0.80865848
7194.5000 0.8203271
7195.4000 0.82435578
7196.3000 0.81547105
7197.2000 0.81062275
7198.1000 0.8152988
7199.0000 0.81737703
7199.9000 0.81775075
7200.8000 0.81003088
7201.7000 0.79474884
7202.6000 0.79508555
7203.5000 0.81296146
7204.4000 0.82153028
7205.3000 0.80931294
7206.2000 0.78324288
7207.1000 0.76074743
7208.0000 0.76146984
7208.9000 0.77796006
7209.8000 0.80210996
7210.7000 0.82369715
7211.6000 0.82794505
7212.5000 0.81685567
7213.4000 0.80415308
7214.3000 0.79791546
7215.2000 0.79818708
7216.1000 0.80420709
7217.0000 0.81451929
7217.9000 0.82140887
7218.8000 0.81722927
7219.7000 0.8087669
7220.6000 0.80365235
7221.5000 0.80185813
7222.4000 0.79755467
7223.3000 0.79174852
7224.2000 0.79493916
7225.1000 0.80500263
7226.0000 0.81656456
7226.9000 0.82208776
7227.8000 0.81648129
7228.7000 0.81021589
7229.6000 0.81550503
7230.5000 0.82679552
7231.4000 0.8350597
7232.3000 0.84051055
7233.2000 0.84462106
7234.1000 0.84432805
7235.0000 0.84103078
7235.9000 0.83862197
7236.8000 0.83932996
7237.7000 0.83445519
7238.6000 0.82201427
7239.5000 0.82100952
7240.4000 0.83127171
7241.3000 0.83338749
7242.2000 0.83530331
7243.1000 0.83520579
7244.0000 0.82091683
7244.9000 0.80966765
7245.8000 0.82017756
7246.7000 0.84047955
7247.6000 0.85454577
7248.5000 0.85293823
7249.4000 0.8332727
7250.3000 0.80446959
7251.2000 0.78612792
7252.1000 0.79050422
7253.0000 0.80543667
7253.9000 0.81140864
7254.8000 0.81307727
7255.7000 0.82029712
7256.6000 0.83146882
7257.5000 0.83579046
7258.4000 0.82789379
7259.3000 0.81039393
7260.2000 0.78330445
7261.1000 0.76173532
7262.0000 0.76691622
7262.9000 0.78993475
7263.8000 0.80870968
7264.7000 0.82419491
7265.6000 0.83621269
7266.5000 0.84217858
7267.4000 0.84413075
7268.3000 0.84453553
7269.2000 0.84338796
7270.1000 0.83798921
7271.0000 0.83064479
7271.9000 0.82885122
7272.8000 0.83272654
7273.7000 0.8342545
7274.6000 0.82446402
7275.5000 0.81884122
7276.4000 0.82373911
7277.3000 0.82515663
7278.2000 0.82243615
7279.1000 0.82012767
7280.0000 0.81684268
7280.9000 0.8036083
7281.8000 0.7818833
7282.7000 0.77043521
7283.6000 0.7711302
7284.5000 0.7763648
7285.4000 0.78669316
7286.3000 0.79499823
7287.2000 0.78386474
7288.1000 0.75458187
7289.0000 0.74133009
7289.9000 0.75601524
7290.8000 0.76302898
7291.7000 0.75498652
7292.6000 0.75567985
7293.5000 0.77272487
7294.4000 0.79486167
7295.3000 0.81202543
7296.2000 0.82338393
7297.1000 0.82502776
7298.0000 0.81909555
7298.9000 0.81818962
7299.8000 0.81983453
7300.7000 0.81944615
7301.6000 0.81984621
7302.5000 0.82815295
7303.4000 0.83745211
7304.3000 0.83966577
7305.2000 0.83219451
7306.1000 0.81495124
7307.0000 0.79956847
7307.9000 0.80074722
7308.8000 0.81510794
7309.7000 0.82055318
7310.6000 0.81214201
7311.5000 0.80950236
7312.4000 0.81704998
7313.3000 0.82780433
7314.2000 0.8343932
7315.1000 0.83158857
7316.0000 0.82508039
7316.9000 0.82222962
7317.8000 0.8263405
7318.7000 0.82895881
7319.6000 0.82465678
7320.5000 0.81936437
7321.4000 0.8196882
7322.3000 0.8185727
7323.2000 0.81511998
7324.1000 0.80869448
7325.0000 0.79508883
7325.9000 0.78670365
7326.8000 0.79571337
7327.7000 0.8112784
7328.6000 0.81748438
7329.5000 0.8138302
7330.4000 0.81317592
7331.3000 0.81899077
7332.2000 0.81982118
7333.1000 0.81506515
7334.0000 0.81573623
7334.9000 0.82243335
7335.8000 0.83009881
7336.7000 0.83469427
7337.6000 0.83444077
7338.5000 0.83251315
7339.4000 0.83329546
7340.3000 0.83638889
7341.2000 0.83750844
7342.1000 0.83274901
7343.0000 0.81988043
7343.9000 0.80569863
7344.8000 0.8028053
7345.7000 0.8081097
7346.6000 0.81426179
7347.5000 0.81913298
7348.4000 0.82126069
7349.3000 0.81353575
7350.2000 0.79992825
7351.1000 0.79504627
7352.0000 0.80194259
7352.9000 0.80691594
7353.8000 0.79979289
7354.7000 0.78448385
7355.6000 0.77698529
7356.5000 0.78601688
7357.4000 0.80193716
7358.3000 0.81269044
7359.2000 0.81828582
7360.1000 0.81633562
7361.0000 0.80821985
7361.9000 0.80181068
7362.8000 0.8014009
7363.7000 0.8050313
7364.6000 0.8077355
7365.5000 0.81030303
7366.4000 0.81257737
7367.3000 0.81497109
7368.2000 0.81519222
7369.1000 0.81643951
7370.0000 0.82400936
7370.9000 0.83184981
7371.8000 0.83194053
7372.7000 0.82743925
7373.6000 0.82228702
7374.5000 0.82008445
7375.4000 0.81785226
7376.3000 0.81551087
7377.2000 0.8189916
7378.1000 0.82592803
7379.0000 0.8256613
7379.9000 0.81548101
7380.8000 0.79818708
7381.7000 0.78038383
7382.6000 0.76939255
7383.5000 0.76617366
7384.4000 0.75666887
7385.3000 0.74320781
7386.2000 0.73858958
7387.1000 0.74009985
7388.0000 0.73938257
7388.9000 0.73727077
7389.8000 0.74738538
7390.7000 0.76739055
7391.6000 0.77261525
7392.5000 0.76033127
7393.4000 0.75170022
7394.3000 0.76016873
7395.2000 0.77347416
7396.1000 0.78499055
7397.0000 0.79392076
7397.9000 0.79252344
7398.8000 0.78381741
7399.7000 0.77367014
7400.6000 0.76987207
7401.5000 0.77667952
7402.4000 0.78985864
7403.3000 0.79908574
7404.2000 0.79852152
7405.1000 0.79277068
7406.0000 0.78958315
7406.9000 0.7909323
7407.8000 0.78544682
7408.7000 0.77189684
7409.6000 0.76440454
7410.5000 0.77744061
7411.4000 0.74624544
7412.3000 0.42828566
7413.2000 0.05400574
7414.1000 -0.00758364
7415.0000 -0.00019551
7415.9000 -0.00000023
7416.8000 0
7417.7000 0
7418.6000 0
7419.5000 0
7420.4000 0
7421.3000 0
7422.2000 0
7423.1000 0
7424.0000 0
7424.9000 0
7425.8000 0
7426.7000 0
7427.6000 0
7428.5000 0
7429.4000 0
