3500.0000 0
3500.9000 0
3501.8000 0
3502.7000 0
3503.6000 0
3504.5000 0
3505.4000 0
3506.3000 0
3507.2000 0
3508.1000 0
3509.0000 0
3509.9000 0
3510.8000 0
3511.7000 0
3512.6000 0
3513.5000 0
3514.4000 0
3515.3000 0
3516.2000 0
3517.1000 0
3518.0000 0
3518.9000 0
3519.8000 0
3520.7000 0
3521.6000 0
3522.5000 0
3523.4000 0
3524.3000 0
3525.2000 0
3526.1000 0
3527.0000 0
3527.9000 0
3528.8000 0
3529.7000 0
3530.6000 0
3531.5000 0
3532.4000 0
3533.3000 0
3534.2000 0.00001275
3535.1000 0.04361641
3536.0000 0.4456808
3536.9000 0.47134417
3537.8000 0.47807872
3538.7000 0.51131362
3539.6000 0.52532583
3540.5000 0.49329281
3541.4000 0.45766065
3542.3000 0.46386775
3543.2000 0.50083625
3544.1000 0.53685033
3545.0000 0.55348939
3545.9000 0.56505191
3546.8000 0.55981869
3547.7000 0.54646742
3548.6000 0.5536145
3549.5000 0.58313602
3550.4000 0.58901244
3551.3000 0.5675543
3552.2000 0.53301322
3553.1000 0.48146552
3554.0000 0.44047472
3554.9000 0.44088772
3555.8000 0.47869235
3556.7000 0.49273798
3557.6000 0.47429198
3558.5000 0.44508111
3559.4000 0.45192683
3560.3000 0.48971123
3561.2000 0.52260274
3562.1000 0.54774708
3563.0000 0.55359817
3563.9000 0.49570209
3564.8000 0.38517302
3565.7000 0.30373678
3566.6000 0.3058418
3567.5000 0.35312331
3568.4000 0.35863438
3569.3000 0.30190098
3570.2000 0.26060835
3571.1000 0.28118235
3572.0000 0.35284218
3572.9000 0.41507065
3573.8000 0.44233659
3574.7000 0.44434184
3575.6000 0.44819018
3576.5000 0.45264819
3577.4000 0.42462605
3578.3000 0.36225355
3579.2000 0.30013385
3580.1000 0.24162924
3581.0000 0.19742931
3581.9000 0.21436839
3582.8000 0.28228271
3583.7000 0.31598637
3584.6000 0.27685869
3585.5000 0.229577
3586.4000 0.23517384
3587.3000 0.28281316
3588.2000 0.33463538
3589.1000 0.37992343
3590.0000 0.44827294
3590.9000 0.52437216
3591.8000 0.53311896
3592.7000 0.47078955
3593.6000 0.42362916
3594.5000 0.45294023
3595.4000 0.5211482
3596.3000 0.56323302
3597.2000 0.56391007
3598.1000 0.55671763
3599.0000 0.57371223
3599.9000 0.61222166
3600.8000 0.60853791
3601.7000 0.53026247
3602.6000 0.45052719
3603.5000 0.41369694
3604.4000 0.38501695
3605.3000 0.36686417
3606.2000 0.3901546
3607.1000 0.39749223
3608.0000 0.33355126
3608.9000 0.26804832
3609.8000 0.28597978
3610.7000 0.37112921
3611.6000 0.44224915
3612.5000 0.45213082
3613.4000 0.44896376
3614.3000 0.47351244
3615.2000 0.50074846
3616.1000 0.48889691
3617.0000 0.40894771
3617.9000 0.29318488
3618.8000 0.2279534
3619.7000 0.26096368
3620.6000 0.35114765
3621.5000 0.43737513
3622.4000 0.48536587
3623.3000 0.48404711
3624.2000 0.48089328
3625.1000 0.52443528
3626.0000 0.58092636
3626.9000 0.59791028
3627.8000 0.5832085
3628.7000 0.55177474
3629.6000 0.47066808
3630.5000 0.34771925
3631.4000 0.27759793
3632.3000 0.30785382
3633.2000 0.36477038
3634.1000 0.38575196
3635.0000 0.39889583
3635.9000 0.42815384
3636.8000 0.45370403
3637.7000 0.47814333
3638.6000 0.51675165
3639.5000 0.54612839
3640.4000 0.54747963
3641.3000 0.52467412
3642.2000 0.48664585
3643.1000 0.45201582
3644.0000 0.42711276
3644.9000 0.41477188
3645.8000 0.40498456
3646.7000 0.36097583
3647.6000 0.31157786
3648.5000 0.32273456
3649.4000 0.37406603
3650.3000 0.42409149
3651.2000 0.47333229
3652.1000 0.52550793
3653.0000 0.55182731
3653.9000 0.55004197
3654.8000 0.55316925
3655.7000 0.577097
3656.6000 0.60277605
3657.5000 0.61203235
3658.4000 0.62067991
3659.3000 0.62047738
3660.2000 0.61088616
3661.1000 0.60536969
3662.0000 0.58489037
3662.9000 0.55138618
3663.8000 0.53647935
3664.7000 0.55944699
3665.6000 0.58666819
3666.5000 0.58432841
3667.4000 0.56969345
3668.3000 0.53293586
3669.2000 0.48937967
3670.1000 0.50354111
3671.0000 0.56859958
3671.9000 0.6161415
3672.8000 0.60721463
3673.7000 0.58136386
3674.6000 0.58460164
3675.5000 0.58550644
3676.4000 0.54550016
3677.3000 0.49386218
3678.2000 0.45874819
3679.1000 0.42242771
3680.0000 0.40251875
3680.9000 0.43370306
3681.8000 0.47516781
3682.7000 0.49361286
3683.6000 0.50190151
3684.5000 0.49276009
3685.4000 0.45972508
3686.3000 0.41568148
3687.2000 0.3861548
3688.1000 0.40518358
3689.0000 0.46642494
3689.9000 0.5427224
3690.8000 0.61630189
3691.7000 0.63963628
3692.6000 0.58795893
3693.5000 0.52572292
3694.4000 0.52076584
3695.3000 0.5516175
3696.2000 0.57198679
3697.1000 0.58417064
3698.0000 0.61441076
3698.9000 0.65511656
3699.8000 0.66426617
3700.7000 0.63837558
3701.6000 0.61359847
3702.5000 0.58261573
3703.4000 0.5093922
3704.3000 0.40919831
3705.2000 0.34295371
3706.1000 0.3432847
3707.0000 0.36508808
3707.9000 0.36133814
3708.8000 0.35664842
3709.7000 0.40717912
3710.6000 0.49961597
3711.5000 0.58206195
3712.4000 0.64410222
3713.3000 0.68818915
3714.2000 0.68736458
3715.1000 0.63458544
3716.0000 0.57782507
3716.9000 0.53880346
3717.8000 0.46965623
3718.7000 0.34802189
3719.6000 0.24016443
3720.5000 0.20835102
3721.4000 0.22867571
3722.3000 0.28476787
3723.2000 0.38280568
3724.1000 0.48506853
3725.0000 0.54947352
3725.9000 0.53288883
3726.8000 0.44574085
3727.7000 0.41200107
3728.6000 0.47163817
3729.5000 0.51076055
3730.4000 0.48816928
3731.3000 0.44736263
3732.2000 0.37833086
3733.1000 0.2827895
3734.0000 0.20988493
3734.9000 0.18608864
3735.8000 0.19183338
3736.7000 0.2052775
3737.6000 0.252312
3738.5000 0.34306106
3739.4000 0.43683869
3740.3000 0.50065893
3741.2000 0.50757504
3742.1000 0.44866437
3743.0000 0.36622584
3743.9000 0.30745453
3744.8000 0.26953328
3745.7000 0.25087702
3746.6000 0.25860426
3747.5000 0.24900645
3748.4000 0.20775943
3749.3000 0.20689039
3750.2000 0.28923649
3751.1000 0.40240607
3752.0000 0.4723466
3752.9000 0.49975973
3753.8000 0.54137433
3754.7000 0.59574425
3755.6000 0.59733582
3756.5000 0.50750238
3757.4000 0.36957589
3758.3000 0.29298466
3759.2000 0.32964537
3760.1000 0.41177291
3761.0000 0.46319386
3761.9000 0.46149203
3762.8000 0.41264603
3763.7000 0.38294953
3764.6000 0.41627786
3765.5000 0.43496299
3766.4000 0.39743629
3767.3000 0.39262709
3768.2000 0.46260053
3769.1000 0.52069849
3770.0000 0.52105165
3770.9000 0.52746356
3771.8000 0.57403976
3772.7000 0.61557579
3773.6000 0.61918068
3774.5000 0.59752631
3775.4000 0.58212757
3776.3000 0.58927619
3777.2000 0.59566003
3778.1000 0.59699923
3779.0000 0.61808395
3779.9000 0.65348142
3780.8000 0.66872185
3781.7000 0.65969759
3782.6000 0.6564557
3783.5000 0.6759088
3784.4000 0.67350411
3785.3000 0.59252709
3786.2000 0.48935476
3787.1000 0.44202638
3788.0000 0.43761158
3788.9000 0.43811992
3789.8000 0.44941884
3790.7000 0.49444136
3791.6000 0.52986777
3792.5000 0.50868976
3793.4000 0.45370314
3794.3000 0.41179389
3795.2000 0.41769505
3796.1000 0.44549352
3797.0000 0.41782933
3797.9000 0.35660151
3798.8000 0.34663975
3799.7000 0.40525576
3800.6000 0.47229373
3801.5000 0.51229542
3802.4000 0.56755781
3803.3000 0.62791592
3804.2000 0.64235848
3805.1000 0.6051985
3806.0000 0.53827423
3806.9000 0.48770133
3807.8000 0.50658977
3808.7000 0.57102668
3809.6000 0.62024969
3810.5000 0.62585664
3811.4000 0.58105403
3812.3000 0.50373232
3813.2000 0.43380556
3814.1000 0.38439834
3815.0000 0.33917621
3815.9000 0.33047447
3816.8000 0.38624835
3817.7000 0.43794861
3818.6000 0.40870145
3819.5000 0.31772855
3820.4000 0.26171434
3821.3000 0.30052552
3822.2000 0.3724069
3823.1000 0.37664518
3824.0000 0.30726808
3824.9000 0.23869044
3825.8000 0.21887346
3826.7000 0.23037611
3827.6000 0.23915231
3828.5000 0.24472781
3829.4000 0.26324567
3830.3000 0.28000721
3831.2000 0.26235092
3832.1000 0.22228116
3833.0000 0.20540164
3833.9000 0.22718893
3834.8000 0.27229699
3835.7000 0.30495146
3836.6000 0.29058516
3837.5000 0.24236858
3838.4000 0.20974362
3839.3000 0.20886549
3840.2000 0.23274693
3841.1000 0.29870072
3842.0000 0.39250439
3842.9000 0.46103507
3843.8000 0.49169785
3844.7000 0.49899861
3845.6000 0.49655157
3846.5000 0.50989592
3847.4000 0.53758466
3848.3000 0.52562261
3849.2000 0.45631611
3850.1000 0.41428429
3851.0000 0.45669529
3851.9000 0.51110923
3852.8000 0.5103752
3853.7000 0.47495008
3854.6000 0.43358979
3855.5000 0.38811582
3856.4000 0.36391535
3857.3000 0.35865521
3858.2000 0.31811887
3859.1000 0.25562963
3860.0000 0.24163958
3860.9000 0.31040016
3861.8000 0.43021849
3862.7000 0.51975673
3863.6000 0.53238398
3864.5000 0.49375498
3865.4000 0.46170244
3866.3000 0.47408271
3867.2000 0.49524412
3868.1000 0.49437881
3869.0000 0.47294423
3869.9000 0.42194125
3870.8000 0.35447484
3871.7000 0.31068444
3872.6000 0.32601622
3873.5000 0.4041791
3874.4000 0.49309304
3875.3000 0.52973968
3876.2000 0.49783742
3877.1000 0.41503811
3878.0000 0.34405661
3878.9000 0.35698232
3879.8000 0.41805893
3880.7000 0.43371728
3881.6000 0.39955392
3882.5000 0.39353073
3883.4000 0.44427684
3884.3000 0.46746081
3885.2000 0.40094241
3886.1000 0.32084864
3887.0000 0.31311965
3887.9000 0.34720013
3888.8000 0.38049185
3889.7000 0.43740681
3890.6000 0.51426822
3891.5000 0.56462234
3892.4000 0.56894654
3893.3000 0.54605633
3894.2000 0.51105028
3895.1000 0.48071918
3896.0000 0.49582556
3896.9000 0.53938991
3897.8000 0.53861511
3898.7000 0.49106941
3899.6000 0.46593493
3900.5000 0.49629891
3901.4000 0.51885289
3902.3000 0.48829749
3903.2000 0.4596304
3904.1000 0.44902164
3905.0000 0.41749007
3905.9000 0.40592399
3906.8000 0.46784922
3907.7000 0.55903488
3908.6000 0.60970885
3909.5000 0.61047256
3910.4000 0.60720772
3911.3000 0.63394564
3912.2000 0.658113
3913.1000 0.64402318
3914.0000 0.62036628
3914.9000 0.61065054
3915.8000 0.59849185
3916.7000 0.58489746
3917.6000 0.57269573
3918.5000 0.54175055
3919.4000 0.48457608
3920.3000 0.42835569
3921.2000 0.40875444
3922.1000 0.41814962
3923.0000 0.44004542
3923.9000 0.46744505
3924.8000 0.47211206
3925.7000 0.44216585
3926.6000 0.3887248
3927.5000 0.32401428
3928.4000 0.27065986
3929.3000 0.23560578
3930.2000 0.20734836
3931.1000 0.18158442
3932.0000 0.15435587
3932.9000 0.12791382
3933.8000 0.11841001
3934.7000 0.13513654
3935.6000 0.17097646
3936.5000 0.21574143
3937.4000 0.26366854
3938.3000 0.31398246
3939.2000 0.36254555
3940.1000 0.39459857
3941.0000 0.40689114
3941.9000 0.40275046
3942.8000 0.37193701
3943.7000 0.33881858
3944.6000 0.37387261
3945.5000 0.47234777
3946.4000 0.53830928
3947.3000 0.53681499
3948.2000 0.52970946
3949.1000 0.56601709
3950.0000 0.62136304
3950.9000 0.63995832
3951.8000 0.60748518
3952.7000 0.57964599
3953.6000 0.6112476
3954.5000 0.64841133
3955.4000 0.61838639
3956.3000 0.55875236
3957.2000 0.5443728
3958.1000 0.57163948
3959.0000 0.57772648
3959.9000 0.51207083
3960.8000 0.39326549
3961.7000 0.31025577
3962.6000 0.31087786
3963.5000 0.33954832
3964.4000 0.33468294
3965.3000 0.29042831
3966.2000 0.22923657
3967.1000 0.17359126
3968.0000 0.13809162
3968.9000 0.13454711
3969.8000 0.1680586
3970.7000 0.2244169
3971.6000 0.27972886
3972.5000 0.32507965
3973.4000 0.36996895
3974.3000 0.42314008
3975.2000 0.47694653
3976.1000 0.51689649
3977.0000 0.54967988
3977.9000 0.59096384
3978.8000 0.63734764
3979.7000 0.67299622
3980.6000 0.6835584
3981.5000 0.67079967
3982.4000 0.65174288
3983.3000 0.64344478
3984.2000 0.65675098
3985.1000 0.67476666
3986.0000 0.67493236
3986.9000 0.68696141
3987.8000 0.72800773
3988.7000 0.74418646
3989.6000 0.72266209
3990.5000 0.72037101
3991.4000 0.74949163
3992.3000 0.77373004
3993.2000 0.77204096
3994.1000 0.75160158
3995.0000 0.73244202
3995.9000 0.71579838
3996.8000 0.68464172
3997.7000 0.66417855
3998.6000 0.70096588
3999.5000 0.75948656
4000.4000 0.77494174
4001.3000 0.77132893
4002.2000 0.79352915
4003.1000 0.80658108
4004.0000 0.74511731
4004.9000 0.63748932
4005.8000 0.59618115
4006.7000 0.65184677
4007.6000 0.72965622
4008.5000 0.76467246
4009.4000 0.77087408
4010.3000 0.78806478
4011.2000 0.80947477
4012.1000 0.81655771
4013.0000 0.80565518
4013.9000 0.78936934
4014.8000 0.79606134
4015.7000 0.80255419
4016.6000 0.77240139
4017.5000 0.75150979
4018.4000 0.78673065
4019.3000 0.82550806
4020.2000 0.81935316
4021.1000 0.80304748
4022.0000 0.80736017
4022.9000 0.8154158
4023.8000 0.79895383
4024.7000 0.77596593
4025.6000 0.78837895
4026.5000 0.825239
4027.4000 0.85663265
4028.3000 0.86273593
4029.2000 0.80980963
4030.1000 0.70833057
4031.0000 0.64280516
4031.9000 0.63524115
4032.8000 0.6300807
4033.7000 0.62764633
4034.6000 0.65459824
4035.5000 0.71803021
4036.4000 0.80314016
4037.3000 0.87219781
4038.2000 0.89342368
4039.1000 0.86262333
4040.0000 0.80956012
4040.9000 0.78877622
4041.8000 0.81976247
4042.7000 0.82985151
4043.6000 0.73965144
4044.5000 0.57814974
4045.4000 0.45718858
4046.3000 0.47784418
4047.2000 0.6146158
4048.1000 0.74207968
4049.0000 0.80991268
4049.9000 0.85162199
4050.8000 0.87012291
4051.7000 0.84922165
4052.6000 0.81573004
4053.5000 0.79578853
4054.4000 0.78036004
4055.3000 0.77164739
4056.2000 0.76373959
4057.1000 0.72992992
4058.0000 0.6997155
4058.9000 0.72650635
4059.8000 0.79190832
4060.7000 0.82502764
4061.6000 0.77112073
4062.5000 0.640549
4063.4000 0.53835851
4064.3000 0.56397969
4065.2000 0.65990341
4066.1000 0.70776379
4067.0000 0.7189613
4067.9000 0.76680195
4068.8000 0.83226943
4069.7000 0.82611442
4070.6000 0.71929842
4071.5000 0.61851305
4072.4000 0.64478523
4073.3000 0.75198948
4074.2000 0.81346333
4075.1000 0.79766905
4076.0000 0.73681879
4076.9000 0.67637461
4077.8000 0.66545957
4078.7000 0.71145481
4079.6000 0.78720355
4080.5000 0.86127347
4081.4000 0.89455515
4082.3000 0.86863506
4083.2000 0.81075984
4084.1000 0.76687139
4085.0000 0.7699424
4085.9000 0.81884432
4086.8000 0.88567239
4087.7000 0.94237626
4088.6000 0.96586502
4089.5000 0.95309591
4090.4000 0.92386293
4091.3000 0.89105868
4092.2000 0.87285548
4093.1000 0.89233488
4094.0000 0.90504825
4094.9000 0.85883361
4095.8000 0.79520988
4096.7000 0.7704438
4097.6000 0.7766571
4098.5000 0.78299397
4099.4000 0.76031536
4100.3000 0.68780935
4101.2000 0.61420131
4102.1000 0.61697447
4103.0000 0.68329543
4103.9000 0.74481493
4104.8000 0.78708625
4105.7000 0.82550603
4106.6000 0.84630716
4107.5000 0.8471427
4108.4000 0.83926088
4109.3000 0.82681108
4110.2000 0.81989568
4111.1000 0.82044345
4112.0000 0.82995123
4112.9000 0.85637194
4113.8000 0.88187432
4114.7000 0.88971263
4115.6000 0.89871907
4116.5000 0.91278237
4117.4000 0.89314514
4118.3000 0.83727109
4119.2000 0.81727624
4120.1000 0.84689134
4121.0000 0.8655619
4121.9000 0.85795957
4122.8000 0.85276014
4123.7000 0.87124145
4124.6000 0.90061128
4125.5000 0.89898187
4126.4000 0.864636
4127.3000 0.83100069
4128.2000 0.82482153
4129.1000 0.84209257
4130.0000 0.84303916
4130.9000 0.79402614
4131.8000 0.71428859
4132.7000 0.67332679
4133.6000 0.68803489
4134.5000 0.73359692
4135.4000 0.80471045
4136.3000 0.86117065
4137.2000 0.87877822
4138.1000 0.89229202
4139.0000 0.91038924
4139.9000 0.91600895
4140.8000 0.89026099
4141.7000 0.80697882
4142.6000 0.68031037
4143.5000 0.60173357
4144.4000 0.64322639
4145.3000 0.75118762
4146.2000 0.83149189
4147.1000 0.8639133
4148.0000 0.8623094
4148.9000 0.8370865
4149.8000 0.8217622
4150.7000 0.8387062
4151.6000 0.85356224
4152.5000 0.83425653
4153.4000 0.79204869
4154.3000 0.7624945
4155.2000 0.77394903
4156.1000 0.79855275
4157.0000 0.81005371
4157.9000 0.82394725
4158.8000 0.84565675
4159.7000 0.86650801
4160.6000 0.88184792
4161.5000 0.90049064
4162.4000 0.92410797
4163.3000 0.92909026
4164.2000 0.90716857
4165.1000 0.88193214
4166.0000 0.85510921
4166.9000 0.81324941
4167.8000 0.790748
4168.7000 0.82209432
4169.6000 0.86344421
4170.5000 0.85175252
4171.4000 0.78168893
4172.3000 0.71420163
4173.2000 0.70780879
4174.1000 0.74750626
4175.0000 0.78408355
4175.9000 0.80166912
4176.8000 0.80305517
4177.7000 0.80671483
4178.6000 0.8384667
4179.5000 0.87926447
4180.4000 0.87479436
4181.3000 0.8190304
4182.2000 0.77559549
4183.1000 0.78147423
4184.0000 0.81421173
4184.9000 0.83632064
4185.8000 0.80351639
4186.7000 0.71947926
4187.6000 0.67488933
4188.5000 0.72509813
4189.4000 0.80672461
4190.3000 0.82823396
4191.2000 0.80547571
4192.1000 0.82943887
4193.0000 0.89821106
4193.9000 0.91400826
4194.8000 0.8532508
4195.7000 0.79386914
4196.6000 0.77058089
4197.5000 0.73497474
4198.4000 0.68820387
4199.3000 0.69076377
4200.2000 0.71832544
4201.1000 0.70666254
4202.0000 0.69105858
4202.9000 0.73201436
4203.8000 0.79667687
4204.7000 0.84262466
4205.6000 0.86891073
4206.5000 0.88375151
4207.4000 0.90062147
4208.3000 0.90645385
4209.2000 0.8781113
4210.1000 0.84549081
4211.0000 0.85977423
4211.9000 0.90314317
4212.8000 0.92046952
4213.7000 0.90206736
4214.6000 0.84848422
4215.5000 0.77807683
4216.4000 0.7590549
4217.3000 0.8009882
4218.2000 0.84468842
4219.1000 0.86887121
4220.0000 0.89571601
4220.9000 0.90673268
4221.8000 0.86772847
4222.7000 0.80165225
4223.6000 0.73714209
4224.5000 0.65255159
4225.4000 0.52563727
4226.3000 0.40476197
4227.2000 0.40659171
4228.1000 0.55277699
4229.0000 0.71349972
4229.9000 0.80136931
4230.8000 0.84118634
4231.7000 0.84880674
4232.6000 0.81759071
4233.5000 0.78880692
4234.4000 0.78331703
4235.3000 0.74995792
4236.2000 0.70524526
4237.1000 0.71971995
4238.0000 0.76399666
4238.9000 0.78148288
4239.8000 0.79339755
4240.7000 0.82724994
4241.6000 0.84662998
4242.5000 0.83158582
4243.4000 0.83732724
4244.3000 0.88707143
4245.2000 0.91811049
4246.1000 0.88595933
4247.0000 0.81598592
4247.9000 0.75694692
4248.8000 0.71320379
4249.7000 0.66435558
4250.6000 0.65555245
4251.5000 0.73137677
4252.4000 0.80419463
4253.3000 0.76808017
4254.2000 0.68072933
4255.1000 0.67473847
4256.0000 0.7718392
4256.9000 0.86955857
4257.8000 0.87314451
4258.7000 0.78666669
4259.6000 0.6738205
4260.5000 0.6141246
4261.4000 0.66256487
4262.3000 0.77494556
4263.2000 0.85392863
4264.1000 0.87362444
4265.0000 0.87886947
4265.9000 0.88342303
4266.8000 0.86040884
4267.7000 0.82538962
4268.6000 0.80292797
4269.5000 0.75713241
4270.4000 0.65323597
4271.3000 0.55093133
4272.2000 0.54140866
4273.1000 0.5946086
4274.0000 0.61347753
4274.9000 0.62129009
4275.8000 0.69413036
4276.7000 0.8046934
4277.6000 0.87972909
4278.5000 0.88217247
4279.4000 0.81850219
4280.3000 0.75397092
4281.2000 0.74437964
4282.1000 0.76873034
4283.0000 0.80099893
4283.9000 0.8198294
4284.8000 0.79037952
4285.7000 0.73893654
4286.6000 0.730313
4287.5000 0.74927723
4288.4000 0.71815836
4289.3000 0.63742435
4290.2000 0.60131562
4291.1000 0.65527517
4292.0000 0.74863273
4292.9000 0.79869276
4293.8000 0.77742553
4294.7000 0.74804878
4295.6000 0.74644339
4296.5000 0.72809273
4297.4000 0.67264372
4298.3000 0.59427214
4299.2000 0.5126164
4300.1000 0.479855
4301.0000 0.50885898
4301.9000 0.53945732
4302.8000 0.54886633
4303.7000 0.56412268
4304.6000 0.57981962
4305.5000 0.57990873
4306.4000 0.5540849
4307.3000 0.49309716
4308.2000 0.43963245
4309.1000 0.44472998
4310.0000 0.48670369
4310.9000 0.52518028
4311.8000 0.56636947
4312.7000 0.62953365
4313.6000 0.69847488
4314.5000 0.76729441
4315.4000 0.87221634
4316.3000 0.98799384
4317.2000 1.03718197
4318.1000 1.01767504
4319.0000 0.99438876
4319.9000 0.98707598
4320.8000 0.97551823
4321.7000 0.94465756
4322.6000 0.85619247
4323.5000 0.71358132
4324.4000 0.59027082
4325.3000 0.5329957
4326.2000 0.57787049
4327.1000 0.72201294
4328.0000 0.87227464
4328.9000 0.94868022
4329.8000 0.95634329
4330.7000 0.94992542
4331.6000 0.95992792
4332.5000 0.97113031
4333.4000 0.97237939
4334.3000 0.97847545
4335.2000 0.98427916
4336.1000 0.94363093
4337.0000 0.84662771
4337.9000 0.75875014
4338.8000 0.7048384
4339.7000 0.65596515
4340.6000 0.64759314
4341.5000 0.72468477
4342.4000 0.8178345
4343.3000 0.85262287
4344.2000 0.86855674
4345.1000 0.90785754
4346.0000 0.93469721
4346.9000 0.93000585
4347.8000 0.93556517
4348.7000 0.97485024
4349.6000 0.99024284
4350.5000 0.90999663
4351.4000 0.77448833
4352.3000 0.70883459
4353.2000 0.76045996
4354.1000 0.83563358
4355.0000 0.85937315
4355.9000 0.87471861
4356.8000 0.91463774
4357.7000 0.93135691
4358.6000 0.90089679
4359.5000 0.88032216
4360.4000 0.91654617
4361.3000 0.96731693
4362.2000 0.97037524
4363.1000 0.94724357
4364.0000 0.95922214
4364.9000 0.99461776
4365.8000 0.98640114
4366.7000 0.93125635
4367.6000 0.89475363
4368.5000 0.90602809
4369.4000 0.92025495
4370.3000 0.90726578
4371.2000 0.89291352
4372.1000 0.88946486
4373.0000 0.86893016
4373.9000 0.82290447
4374.8000 0.7806648
4375.7000 0.77964067
4376.6000 0.82623637
4377.5000 0.88365108
4378.4000 0.91136044
4379.3000 0.90811986
4380.2000 0.89441371
4381.1000 0.85731494
4382.0000 0.75000763
4382.9000 0.58405244
4383.8000 0.48210287
4384.7000 0.53935891
4385.6000 0.69574994
4386.5000 0.82046127
4387.4000 0.86109293
4388.3000 0.8549217
4389.2000 0.83914489
4390.1000 0.82811803
4391.0000 0.83991545
4391.9000 0.8742134
4392.8000 0.89636499
4393.7000 0.88396823
4394.6000 0.85777348
4395.5000 0.86201322
4396.4000 0.91060203
4397.3000 0.96283811
4398.2000 0.97180152
4399.1000 0.929371
4400.0000 0.86527783
4400.9000 0.83860147
4401.8000 0.8714819
4402.7000 0.8829692
4403.6000 0.79105234
4404.5000 0.67206728
4405.4000 0.66706765
4406.3000 0.75828308
4407.2000 0.81866598
4408.1000 0.82972842
4409.0000 0.8666262
4409.9000 0.93638468
4410.8000 0.9913072
4411.7000 1.01988935
4412.6000 1.02399409
4413.5000 0.97171634
4414.4000 0.86115164
4415.3000 0.78155637
4416.2000 0.80470067
4417.1000 0.88308752
4418.0000 0.95525759
4418.9000 1.01514196
4419.8000 1.05107856
4420.7000 1.0345999
4421.6000 0.97666913
4422.5000 0.93321675
4423.4000 0.93645972
4424.3000 0.94811338
4425.2000 0.93312764
4426.1000 0.91206545
4427.0000 0.91529828
4427.9000 0.95127374
4428.8000 0.97885442
4429.7000 0.96025294
4430.6000 0.94073021
4431.5000 0.96427029
4432.4000 0.98374522
4433.3000 0.94491833
4434.2000 0.86322886
4435.1000 0.8063432
4436.0000 0.83216095
4436.9000 0.92053163
4437.8000 1.00391459
4438.7000 1.04668605
4439.6000 1.04366362
4440.5000 1.00233734
4441.4000 0.94091338
4442.3000 0.88771445
4443.2000 0.8802253
4444.1000 0.93264097
4445.0000 1.00804853
4445.9000 1.04128242
4446.8000 1.01415145
4447.7000 0.98447973
4448.6000 0.99324125
4449.5000 1.00388336
4450.4000 0.99324411
4451.3000 0.98921812
4452.2000 0.99039912
4453.1000 0.9520734
4454.0000 0.8636775
4454.9000 0.78693652
4455.8000 0.78772479
4456.7000 0.83881164
4457.6000 0.86683041
4458.5000 0.85963601
4459.4000 0.85594225
4460.3000 0.86123508
4461.2000 0.85291225
4462.1000 0.86508167
4463.0000 0.92819852
4463.9000 0.98309863
4464.8000 0.98609257
4465.7000 0.9720161
4466.6000 0.97070801
4467.5000 0.97786474
4468.4000 0.9675529
4469.3000 0.94329703
4470.2000 0.9442808
4471.1000 0.97864091
4472.0000 1.01939571
4472.9000 1.0515604
4473.8000 1.06488192
4474.7000 1.04774129
4475.6000 1.02440536
4476.5000 1.03846562
4477.4000 1.08129025
4478.3000 1.09380734
4479.2000 1.04855299
4480.1000 0.97613496
4481.0000 0.91894555
4481.9000 0.90115434
4482.8000 0.93494266
4483.7000 1.00081861
4484.6000 1.05283499
4485.5000 1.07536459
4486.4000 1.07929218
4487.3000 1.06063306
4488.2000 1.01673996
4489.1000 0.96935314
4490.0000 0.95557553
4490.9000 0.98737955
4491.8000 1.03268421
4492.7000 1.04700041
4493.6000 1.01206291
4494.5000 0.96349055
4495.4000 0.95131296
4496.3000 0.97694552
4497.2000 1.01481938
4498.1000 1.04821074
4499.0000 1.06637096
4499.9000 1.06375432
4500.8000 1.04105496
4501.7000 1.03119695
4502.6000 1.06383884
4503.5000 1.10948801
4504.4000 1.12959242
4505.3000 1.12835169
4506.2000 1.12084055
4507.1000 1.11061144
4508.0000 1.10145688
4508.9000 1.10070264
4509.8000 1.10707676
4510.7000 1.10600376
4511.6000 1.08521581
4512.5000 1.057199
4513.4000 1.04374671
4514.3000 1.04490578
4515.2000 1.05693853
4516.1000 1.06653404
4517.0000 1.05197418
4517.9000 1.0312233
4518.8000 1.04569638
4519.7000 1.08412135
4520.6000 1.1057086
4521.5000 1.09387648
4522.4000 1.06093502
4523.3000 1.03862393
4524.2000 1.03179789
4525.1000 1.01101637
4526.0000 0.96689773
4526.9000 0.91853672
4527.8000 0.88254952
4528.7000 0.87225223
4529.6000 0.88889581
4530.5000 0.91541392
4531.4000 0.94203824
4532.3000 0.95620054
4533.2000 0.93511981
4534.1000 0.88908631
4535.0000 0.85912484
4535.9000 0.89223939
4536.8000 0.99140507
4537.7000 1.08056533
4538.6000 1.09726179
4539.5000 1.06617773
4540.4000 1.03723323
4541.3000 1.03395796
4542.2000 1.05576003
4543.1000 1.07094848
4544.0000 1.05312741
4544.9000 1.02453208
4545.8000 1.01910365
4546.7000 1.02647567
4547.6000 1.01725566
4548.5000 0.98656797
4549.4000 0.96487099
4550.3000 0.98290849
4551.2000 1.01995313
4552.1000 1.03061342
4553.0000 1.01481807
4553.9000 0.99553287
4554.8000 0.98374176
4555.7000 0.99237567
4556.6000 1.02830374
4557.5000 1.07227635
4558.4000 1.09661472
4559.3000 1.10029054
4560.2000 1.10089612
4561.1000 1.10625613
4562.0000 1.10392022
4562.9000 1.0809108
4563.8000 1.042907
4564.7000 1.01206756
4565.6000 1.00975966
4566.5000 1.04336035
4567.4000 1.08549786
4568.3000 1.10292888
4569.2000 1.09435081
4570.1000 1.06293428
4571.0000 1.01639187
4571.9000 1.0024575
4572.8000 1.043414
4573.7000 1.08693171
4574.6000 1.09485817
4575.5000 1.08781743
4576.4000 1.08636463
4577.3000 1.08393025
4578.2000 1.06934178
4579.1000 1.03536224
4580.0000 0.98988813
4580.9000 0.96589303
4581.8000 0.9890697
4582.7000 1.0318023
4583.6000 1.04679227
4584.5000 1.02495396
4585.4000 0.99356455
4586.3000 0.98988569
4587.2000 1.02845013
4588.1000 1.07695413
4589.0000 1.09957361
4589.9000 1.09135127
4590.8000 1.06240535
4591.7000 1.03046072
4592.6000 1.0171721
4593.5000 1.0272857
4594.4000 1.03730416
4595.3000 1.03564155
4596.2000 1.03390801
4597.1000 1.03646624
4598.0000 1.04248798
4598.9000 1.04709435
4599.8000 1.03309846
4600.7000 1.01289558
4601.6000 1.01056719
4602.5000 1.02013373
4603.4000 1.03017926
4604.3000 1.03786004
4605.2000 1.04346049
4606.1000 1.04994524
4607.0000 1.05902267
4607.9000 1.07933366
4608.8000 1.10715985
4609.7000 1.1119771
4610.6000 1.08763027
4611.5000 1.06492126
4612.4000 1.05487919
4613.3000 1.05017972
4614.2000 1.06107545
4615.1000 1.07513237
4616.0000 1.07304049
4616.9000 1.06928825
4617.8000 1.06531167
4618.7000 1.05048144
4619.6000 1.04963744
4620.5000 1.07484484
4621.4000 1.09175885
4622.3000 1.08358836
4623.2000 1.07618749
4624.1000 1.07639599
4625.0000 1.0691781
4625.9000 1.065696
4626.8000 1.0800612
4627.7000 1.09434032
4628.6000 1.0859164
4629.5000 1.07082593
4630.4000 1.07734799
4631.3000 1.09142029
4632.2000 1.08192801
4633.1000 1.06170094
4634.0000 1.05799675
4634.9000 1.06432521
4635.8000 1.06164527
4636.7000 1.04376221
4637.6000 1.02037728
4638.5000 1.00995183
4639.4000 1.01184464
4640.3000 1.02815747
4641.2000 1.06225026
4642.1000 1.0856216
4643.0000 1.08121049
4643.9000 1.06640875
4644.8000 1.04569983
4645.7000 1.00717103
4646.6000 0.96878028
4647.5000 0.95991665
4648.4000 0.98107862
4649.3000 1.01375484
4650.2000 1.03981185
4651.1000 1.04742074
4652.0000 1.04904532
4652.9000 1.05108559
4653.8000 1.03278065
4654.7000 1.00513721
4655.6000 1.00012529
4656.5000 1.01831102
4657.4000 1.05115271
4658.3000 1.08951843
4659.2000 1.11560011
4660.1000 1.12052739
4661.0000 1.10564804
4661.9000 1.08100784
4662.8000 1.05889177
4663.7000 1.05093861
4664.6000 1.05295074
4665.5000 1.03218579
4666.4000 0.96641928
4667.3000 0.89696997
4668.2000 0.89106196
4669.1000 0.95404661
4670.0000 1.02773559
4670.9000 1.06576705
4671.8000 1.0632664
4672.7000 1.04165065
4673.6000 1.03118169
4674.5000 1.04420137
4675.4000 1.07123268
4676.3000 1.09097111
4677.2000 1.08387673
4678.1000 1.04849148
4679.0000 1.01338267
4679.9000 1.00197017
4680.8000 1.00094151
4681.7000 1.00093544
4682.6000 1.01822925
4683.5000 1.04557943
4684.4000 1.05502367
4685.3000 1.04906678
4686.2000 1.04835069
4687.1000 1.05028224
4688.0000 1.04792166
4688.9000 1.04606342
4689.8000 1.04030621
4690.7000 1.02917612
4691.6000 1.02647805
4692.5000 1.04070234
4693.4000 1.05926824
4694.3000 1.07309484
4695.2000 1.08573818
4696.1000 1.09304762
4697.0000 1.07721841
4697.9000 1.0362916
4698.8000 1.00204039
4699.7000 1.00179517
4700.6000 1.00744045
4701.5000 0.97493768
4702.4000 0.91570598
4703.3000 0.89790559
4704.2000 0.95247334
4705.1000 1.01709282
4706.0000 1.02822948
4706.9000 0.99555165
4707.8000 0.96563154
4708.7000 0.96211588
4709.6000 0.97896779
4710.5000 1.01197255
4711.4000 1.05051637
4712.3000 1.06609559
4713.2000 1.04792273
4714.1000 1.0176959
4715.0000 1.01251101
4715.9000 1.04190183
4716.8000 1.07445693
4717.7000 1.08624339
4718.6000 1.09173012
4719.5000 1.10418642
4720.4000 1.11002839
4721.3000 1.09609377
4722.2000 1.07520354
4723.1000 1.07041943
4724.0000 1.0866555
4724.9000 1.10594273
4725.8000 1.09844148
4726.7000 1.05720317
4727.6000 1.01308036
4728.5000 0.99600589
4729.4000 0.99810892
4730.3000 1.00261581
4731.2000 1.01207602
4732.1000 1.02840352
4733.0000 1.04273105
4733.9000 1.05359232
4734.8000 1.05482221
4735.7000 1.03151345
4736.6000 1.0016247
4737.5000 1.01140618
4738.4000 1.05545723
4739.3000 1.07922912
4740.2000 1.06699681
4741.1000 1.04964244
4742.0000 1.05316794
4742.9000 1.07135308
4743.8000 1.082008
4744.7000 1.07977021
4745.6000 1.07777727
4746.5000 1.08078933
4747.4000 1.08401871
4748.3000 1.08665311
4749.2000 1.09171391
4750.1000 1.09424067
4751.0000 1.08763695
4751.9000 1.07193923
4752.8000 1.05077207
4753.7000 1.03049386
4754.6000 1.02127612
4755.5000 1.02081728
4756.4000 1.02103674
4757.3000 1.02642357
4758.2000 1.03996289
4759.1000 1.05748248
4760.0000 1.06999958
4760.9000 1.05992341
4761.8000 1.02769625
4762.7000 1.00689852
4763.6000 1.00915825
4764.5000 1.00800002
4765.4000 0.99042875
4766.3000 0.98113024
4767.2000 0.99587649
4768.1000 1.02123857
4769.0000 1.04561269
4769.9000 1.05986345
4770.8000 1.04920352
4771.7000 1.02759004
4772.6000 1.02593029
4773.5000 1.04777932
4774.4000 1.06954396
4775.3000 1.07195902
4776.2000 1.0663166
4777.1000 1.0677228
4778.0000 1.06659925
4778.9000 1.05503392
4779.8000 1.04689288
4780.7000 1.0496136
4781.6000 1.04664981
4782.5000 1.02669597
4783.4000 1.01435256
4784.3000 1.02952147
4785.2000 1.04078209
4786.1000 1.02441025
4787.0000 1.01132679
4787.9000 1.01652956
4788.8000 1.01751435
4789.7000 1.01895475
4790.6000 1.03276312
4791.5000 1.0465492
4792.4000 1.05576825
4793.3000 1.07341337
4794.2000 1.09766638
4795.1000 1.112607
4796.0000 1.11244297
4796.9000 1.10004985
4797.8000 1.07429898
4798.7000 1.04626131
4799.6000 1.03381956
4800.5000 1.04172754
4801.4000 1.06233561
4802.3000 1.08157957
4803.2000 1.08852291
4804.1000 1.07921863
4805.0000 1.06555617
4805.9000 1.06140125
4806.8000 1.05855894
4807.7000 1.05290616
4808.6000 1.05893719
4809.5000 1.07290614
4810.4000 1.07983017
4811.3000 1.08177722
4812.2000 1.08459783
4813.1000 1.08457232
4814.0000 1.08542264
4814.9000 1.09292257
4815.8000 1.10414875
4816.7000 1.11003065
4817.6000 1.1085161
4818.5000 1.10861397
4819.4000 1.11086154
4820.3000 1.1075666
4821.2000 1.09773505
4822.1000 1.07337022
4823.0000 1.03400254
4823.9000 1.01479232
4824.8000 1.03664696
4825.7000 1.07255328
4826.6000 1.08671224
4827.5000 1.07380462
4828.4000 1.05396974
4829.3000 1.04745102
4830.2000 1.05117214
4831.1000 1.0471648
4832.0000 1.03967512
4832.9000 1.04968941
4833.8000 1.06992376
4834.7000 1.07793713
4835.6000 1.07467091
4836.5000 1.07555807
4837.4000 1.0763756
4838.3000 1.05944586
4839.2000 1.03251302
4840.1000 1.01856208
4841.0000 1.02601779
4841.9000 1.03777862
4842.8000 1.0379014
4843.7000 1.04206014
4844.6000 1.06586754
4845.5000 1.09113479
4846.4000 1.09832156
4847.3000 1.08688951
4848.2000 1.071527
4849.1000 1.07197988
4850.0000 1.08774281
4850.9000 1.09282553
4851.8000 1.08249688
4852.7000 1.07743144
4853.6000 1.06909692
4854.5000 1.03342283
4855.4000 0.99200886
4856.3000 0.98873043
4857.2000 1.01207924
4858.1000 1.00578189
4859.0000 0.93898481
4859.9000 0.826828
4860.8000 0.72609574
4861.7000 0.71972376
4862.6000 0.81285572
4863.5000 0.9132762
4864.4000 0.96991754
4865.3000 1.00291157
4866.2000 1.02428353
4867.1000 1.03291965
4868.0000 1.03700757
4868.9000 1.03684258
4869.8000 0.99802768
4870.7000 0.9086293
4871.6000 0.84640145
4872.5000 0.88194406
4873.4000 0.96875739
4874.3000 1.01962364
4875.2000 1.02642775
4876.1000 1.02773643
4877.0000 1.02374709
4877.9000 1.01315522
4878.8000 1.03463852
4879.7000 1.076002
4880.6000 1.07549489
4881.5000 1.04101574
4882.4000 1.03246868
4883.3000 1.04813254
4884.2000 1.04181314
4885.1000 1.00793183
4886.0000 0.98266506
4886.9000 0.98502874
4887.8000 0.99510384
4888.7000 0.98712867
4889.6000 0.94154453
4890.5000 0.86484748
4891.4000 0.83485073
4892.3000 0.91348499
4893.2000 1.03296709
4894.1000 1.10489476
4895.0000 1.12700546
4895.9000 1.12905133
4896.8000 1.12513018
4897.7000 1.11863482
4898.6000 1.1029222
4899.5000 1.08152866
4900.4000 1.07489681
4901.3000 1.0782373
4902.2000 1.06218362
4903.1000 1.02926898
4904.0000 1.02225435
4904.9000 1.05698395
4905.8000 1.09711242
4906.7000 1.10670984
4907.6000 1.08877611
4908.5000 1.0586549
4909.4000 1.0194962
4910.3000 0.99168247
4911.2000 1.00500798
4912.1000 1.04060566
4913.0000 1.06132567
4913.9000 1.07005954
4914.8000 1.08581233
4915.7000 1.09933984
4916.6000 1.07958627
4917.5000 1.00909293
4918.4000 0.90376061
4919.3000 0.8129015
4920.2000 0.78759784
4921.1000 0.84457803
4922.0000 0.94033772
4922.9000 1.00160456
4923.8000 1.00697196
4924.7000 1.00465918
4925.6000 1.02925646
4926.5000 1.05988765
4927.4000 1.07489336
4928.3000 1.08452237
4929.2000 1.0936619
4930.1000 1.09667802
4931.0000 1.09622169
4931.9000 1.08199394
4932.8000 1.03729427
4933.7000 0.99436677
4934.6000 1.00033534
4935.5000 1.03384638
4936.4000 1.03970075
4937.3000 1.00029027
4938.2000 0.94317555
4939.1000 0.92349368
4940.0000 0.97277641
4940.9000 1.04502916
4941.8000 1.07953095
4942.7000 1.08614075
4943.6000 1.0961591
4944.5000 1.09405887
4945.4000 1.06752968
4946.3000 1.05184484
4947.2000 1.07354951
4948.1000 1.10289013
4949.0000 1.10782111
4949.9000 1.09954548
4950.8000 1.09830141
4951.7000 1.0981158
4952.6000 1.08862698
4953.5000 1.08142459
4954.4000 1.07876229
4955.3000 1.04825521
4956.2000 0.95484185
4957.1000 0.8414076
4958.0000 0.82611495
4958.9000 0.93751746
4959.8000 1.05749536
4960.7000 1.10114086
4961.6000 1.0967809
4962.5000 1.09364808
4963.4000 1.09626913
4964.3000 1.08100414
4965.2000 1.04752457
4966.1000 1.02741218
4967.0000 1.02951753
4967.9000 1.03099406
4968.8000 1.02722478
4969.7000 1.02987325
4970.6000 1.04247773
4971.5000 1.06194997
4972.4000 1.07777166
4973.3000 1.0841397
4974.2000 1.08796763
4975.1000 1.08766365
4976.0000 1.08173692
4976.9000 1.06981421
4977.8000 1.04573786
4978.7000 1.02304816
4979.6000 1.01933205
4980.5000 1.01021552
4981.4000 0.96432096
4982.3000 0.90150189
4983.2000 0.87369448
4984.1000 0.89459288
4985.0000 0.93471217
4985.9000 0.98036265
4986.8000 1.02986979
4987.7000 1.05941641
4988.6000 1.05269957
4989.5000 1.02917814
4990.4000 1.00862098
4991.3000 1.00573981
4992.2000 1.02453077
4993.1000 1.03508353
4994.0000 1.0268743
4994.9000 1.03263497
4995.8000 1.05728841
4996.7000 1.07529807
4997.6000 1.06884325
4998.5000 1.03369439
4999.4000 0.98774928
5000.3000 0.95934719
5001.2000 0.95464945
5002.1000 0.96680516
5003.0000 0.99167383
5003.9000 1.00423205
5004.8000 0.96919566
5005.7000 0.90468448
5006.6000 0.88258284
5007.5000 0.93170738
5008.4000 1.0015626
5009.3000 1.03695202
5010.2000 1.03463924
5011.1000 1.00674176
5012.0000 0.96091515
5012.9000 0.91722292
5013.8000 0.89469075
5014.7000 0.90220684
5015.6000 0.93374264
5016.5000 0.95657593
5017.4000 0.95460582
5018.3000 0.956236
5019.2000 0.98105586
5020.1000 1.00188744
5021.0000 0.9876374
5021.9000 0.95573235
5022.8000 0.95172471
5023.7000 0.98448998
5024.6000 1.01500535
5025.5000 1.01685512
5026.4000 0.99427468
5027.3000 0.96947771
5028.2000 0.97421271
5029.1000 1.00721467
5030.0000 1.03300071
5030.9000 1.04079795
5031.8000 1.0486083
5032.7000 1.06022215
5033.6000 1.05701876
5034.5000 1.01952887
5035.4000 0.96460986
5036.3000 0.94231164
5037.2000 0.96432656
5038.1000 0.97719258
5039.0000 0.94549614
5039.9000 0.88515651
5040.8000 0.83493716
5041.7000 0.84359258
5042.6000 0.91369587
5043.5000 0.98385584
5044.4000 1.02253079
5045.3000 1.04796457
5046.2000 1.06268716
5047.1000 1.04732454
5048.0000 1.00207472
5048.9000 0.95584464
5049.8000 0.93576497
5050.7000 0.94394392
5051.6000 0.96553534
5052.5000 0.99248421
5053.4000 1.01868439
5054.3000 1.03445196
5055.2000 1.03906679
5056.1000 1.0420053
5057.0000 1.04829359
5057.9000 1.05284846
5058.8000 1.04991078
5059.7000 1.04709983
5060.6000 1.0501523
5061.5000 1.05349791
5062.4000 1.04868865
5063.3000 1.02315676
5064.2000 0.97587144
5065.1000 0.94375581
5066.0000 0.95504057
5066.9000 0.97514063
5067.8000 0.97059935
5068.7000 0.96645766
5069.6000 0.98611146
5070.5000 1.00192106
5071.4000 0.98668045
5072.3000 0.96507317
5073.2000 0.97128308
5074.1000 0.98740113
5075.0000 0.98419875
5075.9000 0.97440481
5076.8000 0.98026103
5077.7000 0.98159218
5078.6000 0.94408256
5079.5000 0.88946247
5080.4000 0.87411559
5081.3000 0.90012676
5082.2000 0.92349023
5083.1000 0.92958593
5084.0000 0.94084758
5084.9000 0.97005719
5085.8000 0.99897009
5086.7000 1.01027203
5087.6000 1.00705683
5088.5000 1.00159514
5089.4000 0.99744791
5090.3000 0.99432498
5091.2000 1.00220311
5092.1000 1.02706945
5093.0000 1.04937315
5093.9000 1.04451966
5094.8000 1.01403129
5095.7000 0.98325646
5096.6000 0.96457559
5097.5000 0.94288921
5098.4000 0.90981883
5099.3000 0.89492577
5100.2000 0.92462736
5101.1000 0.97160918
5102.0000 0.99674833
5102.9000 0.99578589
5103.8000 0.9821198
5104.7000 0.96880054
5105.6000 0.95972192
5106.5000 0.94490337
5107.4000 0.93041253
5108.3000 0.93299395
5109.2000 0.94118696
5110.1000 0.94212306
5111.0000 0.95426351
5111.9000 0.98058534
5112.8000 0.99932146
5113.7000 1.00747085
5114.6000 1.01084614
5115.5000 1.00687134
5116.4000 1.00506151
5117.3000 1.01545238
5118.2000 1.02482867
5119.1000 1.0177542
5120.0000 0.9959119
5120.9000 0.97550702
5121.8000 0.96570414
5122.7000 0.95105851
5123.6000 0.91997099
5124.5000 0.89660305
5125.4000 0.90157157
5126.3000 0.92072046
5127.2000 0.9333564
5128.1000 0.93237549
5129.0000 0.92228794
5129.9000 0.92134637
5130.8000 0.94127905
5131.7000 0.96697384
5132.6000 0.97207493
5133.5000 0.95993733
5134.4000 0.96255827
5135.3000 0.9779194
5136.2000 0.97326124
5137.1000 0.94363254
5138.0000 0.90328723
5138.9000 0.86964047
5139.8000 0.87751442
5140.7000 0.91760778
5141.6000 0.92737561
5142.5000 0.90715313
5143.4000 0.915501
5144.3000 0.94835705
5145.2000 0.95747656
5146.1000 0.93862832
5147.0000 0.92426401
5147.9000 0.93201286
5148.8000 0.94951236
5149.7000 0.95218349
5150.6000 0.93702251
5151.5000 0.923612
5152.4000 0.91745329
5153.3000 0.91221076
5154.2000 0.91522288
5155.1000 0.93488503
5156.0000 0.96387714
5156.9000 0.99273437
5157.8000 1.01014888
5158.7000 1.00931716
5159.6000 1.00328732
5160.5000 1.00039411
5161.4000 0.98188555
5162.3000 0.94900173
5163.2000 0.93366146
5164.1000 0.92386252
5165.0000 0.86723053
5165.9000 0.74987268
5166.8000 0.62739682
5167.7000 0.58412445
5168.6000 0.64876193
5169.5000 0.74745512
5170.4000 0.76644719
5171.3000 0.66667718
5172.2000 0.54142988
5173.1000 0.52688098
5174.0000 0.6475234
5174.9000 0.80155587
5175.8000 0.89539146
5176.7000 0.92657173
5177.6000 0.93315715
5178.5000 0.93011302
5179.4000 0.91196615
5180.3000 0.870327
5181.2000 0.78969365
5182.1000 0.66121054
5183.0000 0.52927929
5183.9000 0.49122569
5184.8000 0.59069169
5185.7000 0.75485891
5186.6000 0.87907416
5187.5000 0.92671692
5188.4000 0.93492806
5189.3000 0.95113337
5190.2000 0.95857495
5191.1000 0.91594654
5192.0000 0.85947955
5192.9000 0.86091834
5193.8000 0.90558147
5194.7000 0.93035483
5195.6000 0.93430251
5196.5000 0.95279998
5197.4000 0.98166555
5198.3000 1.00130486
5199.2000 1.01759732
5200.1000 1.02965367
5201.0000 1.0200398
5201.9000 0.99136955
5202.8000 0.96094358
5203.7000 0.92239505
5204.6000 0.86881196
5205.5000 0.83037812
5206.4000 0.82895398
5207.3000 0.83144981
5208.2000 0.81520838
5209.1000 0.81626332
5210.0000 0.86223507
5210.9000 0.93426031
5211.8000 1.00494444
5212.7000 1.05193293
5213.6000 1.05616951
5214.5000 1.01995504
5215.4000 0.97163016
5216.3000 0.94543415
5217.2000 0.95550662
5218.1000 0.99177766
5219.0000 1.02965212
5219.9000 1.05414987
5220.8000 1.0662601
5221.7000 1.06649745
5222.6000 1.05089319
5223.5000 1.02101111
5224.4000 0.97975904
5225.3000 0.92293972
5226.2000 0.85662615
5227.1000 0.82971716
5228.0000 0.8794294
5228.9000 0.95869797
5229.8000 1.006441
5230.7000 1.02007282
5231.6000 0.99901551
5232.5000 0.94768655
5233.4000 0.92245454
5234.3000 0.95237207
5235.2000 1.00010562
5236.1000 1.03758359
5237.0000 1.0644244
5237.9000 1.07628942
5238.8000 1.07494783
5239.7000 1.07346821
5240.6000 1.07454109
5241.5000 1.06764162
5242.4000 1.0550971
5243.3000 1.05499291
5244.2000 1.07328045
5245.1000 1.08384025
5246.0000 1.06112909
5246.9000 1.02211905
5247.8000 1.00745618
5248.7000 1.01788318
5249.6000 1.01587045
5250.5000 1.00199223
5251.4000 1.00726783
5252.3000 1.02712965
5253.2000 1.03270936
5254.1000 1.01764596
5255.0000 1.00539672
5255.9000 1.02343309
5256.8000 1.06169856
5257.7000 1.08797359
5258.6000 1.09230292
5259.5000 1.08205557
5260.4000 1.05369818
5261.3000 1.0025543
5262.2000 0.94427961
5263.1000 0.90005785
5264.0000 0.87195253
5264.9000 0.84739864
5265.8000 0.83091486
5266.7000 0.84987122
5267.6000 0.87875664
5268.5000 0.83615148
5269.4000 0.7408669
5270.3000 0.7267738
5271.2000 0.83176649
5272.1000 0.94065928
5273.0000 0.97815233
5273.9000 0.97801954
5274.8000 0.97360575
5275.7000 0.97873682
5276.6000 1.01343882
5277.5000 1.06060135
5278.4000 1.08414698
5279.3000 1.07516289
5280.2000 1.04276538
5281.1000 1.00159669
5282.0000 0.96652824
5282.9000 0.94333434
5283.8000 0.94322455
5284.7000 0.98486632
5285.6000 1.04802835
5286.5000 1.087322
5287.4000 1.09028101
5288.3000 1.08019638
5289.2000 1.07983792
5290.1000 1.08865285
5291.0000 1.09252882
5291.9000 1.08717072
5292.8000 1.0790329
5293.7000 1.07539845
5294.6000 1.07037199
5295.5000 1.04547977
5296.4000 0.99301249
5297.3000 0.93476069
5298.2000 0.91752553
5299.1000 0.95723569
5300.0000 1.00642192
5300.9000 1.01712549
5301.8000 1.00241685
5302.7000 1.00629973
5303.6000 1.04108334
5304.5000 1.07695448
5305.4000 1.08808529
5306.3000 1.07669353
5307.2000 1.06365502
5308.1000 1.06614137
5309.0000 1.08279014
5309.9000 1.09771693
5310.8000 1.10145032
5311.7000 1.098418
5312.6000 1.0915364
5313.5000 1.08406425
5314.4000 1.07844889
5315.3000 1.06899762
5316.2000 1.05689871
5317.1000 1.05607927
5318.0000 1.06798661
5318.9000 1.07743776
5319.8000 1.07465875
5320.7000 1.06426799
5321.6000 1.05073965
5322.5000 1.02341163
5323.4000 0.97396147
5324.3000 0.93954682
5325.2000 0.95803332
5326.1000 0.97647494
5327.0000 0.91205513
5327.9000 0.8033784
5328.8000 0.78223807
5329.7000 0.8800267
5330.6000 0.99370742
5331.5000 1.0417031
5332.4000 1.0371058
5333.3000 1.03239512
5334.2000 1.05147636
5335.1000 1.0707835
5336.0000 1.07045758
5336.9000 1.06368816
5337.8000 1.05902708
5338.7000 1.03388739
5339.6000 0.97756648
5340.5000 0.93337762
5341.4000 0.94937396
5342.3000 1.00340152
5343.2000 1.04156315
5344.1000 1.04787123
5345.0000 1.03584456
5345.9000 1.02500546
5346.8000 1.02647746
5347.7000 1.02366161
5348.6000 1.00441206
5349.5000 0.99615932
5350.4000 1.02116704
5351.3000 1.05594277
5352.2000 1.06631255
5353.1000 1.05680442
5354.0000 1.05663526
5354.9000 1.07596505
5355.8000 1.09577906
5356.7000 1.10212016
5357.6000 1.09863222
5358.5000 1.09509933
5359.4000 1.09572637
5360.3000 1.09236908
5361.2000 1.07803082
5362.1000 1.05940759
5363.0000 1.04510593
5363.9000 1.02832329
5364.8000 1.00776124
5365.7000 1.00042093
5366.6000 1.00684953
5367.5000 1.01272035
5368.4000 1.00851274
5369.3000 0.97595555
5370.2000 0.91369545
5371.1000 0.86584526
5372.0000 0.88592148
5372.9000 0.96426481
5373.8000 1.03689659
5374.7000 1.0732193
5375.6000 1.08601356
5376.5000 1.08386421
5377.4000 1.07638657
5378.3000 1.07408178
5379.2000 1.07362854
5380.1000 1.07028484
5381.0000 1.06348228
5381.9000 1.04596376
5382.8000 1.01695669
5383.7000 1.00841641
5384.6000 1.03743255
5385.5000 1.07044458
5386.4000 1.08120608
5387.3000 1.07797253
5388.2000 1.06722021
5389.1000 1.047315
5390.0000 1.02910852
5390.9000 1.0212009
5391.8000 1.01207376
5392.7000 0.99825245
5393.6000 0.99493098
5394.5000 1.00629151
5395.4000 1.00372386
5396.3000 0.96548229
5397.2000 0.92947155
5398.1000 0.9471007
5399.0000 0.99679154
5399.9000 1.02343035
5400.8000 1.02887607
5401.7000 1.0360074
5402.6000 1.02634382
5403.5000 0.97596186
5404.4000 0.90899682
5405.3000 0.87136656
5406.2000 0.89124858
5407.1000 0.95360202
5408.0000 1.00047243
5408.9000 0.99167943
5409.8000 0.95637631
5410.7000 0.95263183
5411.6000 0.9919486
5412.5000 1.03642106
5413.4000 1.05097985
5414.3000 1.03230822
5415.2000 1.01253784
5416.1000 1.02475131
5417.0000 1.056319
5417.9000 1.07213998
5418.8000 1.06476951
5419.7000 1.04927802
5420.6000 1.0401535
5421.5000 1.04484177
5422.4000 1.04314828
5423.3000 1.01201868
5424.2000 0.9821651
5425.1000 0.99811077
5426.0000 1.04529393
5426.9000 1.07641184
5427.8000 1.05996764
5428.7000 0.99176461
5429.6000 0.92856425
5430.5000 0.93926334
5431.4000 0.99696493
5432.3000 1.02045655
5433.2000 0.99324858
5434.1000 0.95468408
5435.0000 0.94325352
5435.9000 0.96852422
5436.8000 1.00922501
5437.7000 1.04558992
5438.6000 1.06921327
5439.5000 1.07800686
5440.4000 1.07887387
5441.3000 1.07831132
5442.2000 1.07939577
5443.1000 1.07674444
5444.0000 1.05522883
5444.9000 1.00567234
5445.8000 0.94012964
5446.7000 0.90010011
5447.6000 0.92757642
5448.5000 1.00189817
5449.4000 1.05798733
5450.3000 1.07496738
5451.2000 1.07453585
5452.1000 1.07147157
5453.0000 1.0614357
5453.9000 1.02716732
5454.8000 0.96736693
5455.7000 0.93225497
5456.6000 0.96751171
5457.5000 1.03740335
5458.4000 1.07991254
5459.3000 1.08361089
5460.2000 1.06883848
5461.1000 1.04573643
5462.0000 1.01162124
5462.9000 0.98019612
5463.8000 0.98291451
5464.7000 1.01551056
5465.6000 1.03637981
5466.5000 1.0367626
5467.4000 1.0430063
5468.3000 1.05663252
5469.2000 1.05864072
5470.1000 1.04868352
5471.0000 1.04413331
5471.9000 1.04483545
5472.8000 1.0362165
5473.7000 1.02167964
5474.6000 1.00796974
5475.5000 0.97735125
5476.4000 0.93218213
5477.3000 0.9257769
5478.2000 0.97646558
5479.1000 1.02837336
5480.0000 1.03296196
5480.9000 1.00450408
5481.8000 0.98716313
5482.7000 0.99939179
5483.6000 1.02598822
5484.5000 1.05145526
5485.4000 1.06444561
5486.3000 1.05235386
5487.2000 1.02407897
5488.1000 1.01089168
5489.0000 1.02280903
5489.9000 1.04112887
5490.8000 1.05241203
5491.7000 1.05644453
5492.6000 1.04909897
5493.5000 1.03640127
5494.4000 1.03561163
5495.3000 1.04295778
5496.2000 1.036623
5497.1000 1.01590014
5498.0000 1.01345682
5498.9000 1.03791857
5499.8000 1.05130255
5500.7000 1.03345871
5501.6000 1.01298499
5502.5000 1.01372981
5503.4000 1.02711594
5504.3000 1.03615892
5505.2000 1.0264672
5506.1000 1.00071013
5507.0000 0.9926995
5507.9000 1.01785791
5508.8000 1.04368949
5509.7000 1.046152
5510.6000 1.03168762
5511.5000 1.00454879
5512.4000 0.97314614
5513.3000 0.96163082
5514.2000 0.97701049
5515.1000 1.00090885
5516.0000 1.02054715
5516.9000 1.03641605
5517.8000 1.04874778
5518.7000 1.05781889
5519.6000 1.06206095
5520.5000 1.06149256
5521.4000 1.0576061
5522.3000 1.05400991
5523.2000 1.0535537
5524.1000 1.05185509
5525.0000 1.04348505
5525.9000 1.02481616
5526.8000 0.98424244
5527.7000 0.92811626
5528.6000 0.90764809
5529.5000 0.95240229
5530.4000 1.01609111
5531.3000 1.04630518
5532.2000 1.04763234
5533.1000 1.04425514
5534.0000 1.03923237
5534.9000 1.02974451
5535.8000 1.02679515
5536.7000 1.03390944
5537.6000 1.03812516
5538.5000 1.03815484
5539.4000 1.0455426
5540.3000 1.05659246
5541.2000 1.05965257
5542.1000 1.04897916
5543.0000 1.03257775
5543.9000 1.02654147
5544.8000 1.03340411
5545.7000 1.04096985
5546.6000 1.04375601
5547.5000 1.05035233
5548.4000 1.06078506
5549.3000 1.06721056
5550.2000 1.07020175
5551.1000 1.07081509
5552.0000 1.06338847
5552.9000 1.04597533
5553.8000 1.02810931
5554.7000 1.02194929
5555.6000 1.02901125
5556.5000 1.04077733
5557.4000 1.04775608
5558.3000 1.04731345
5559.2000 1.04288423
5560.1000 1.0368247
5561.0000 1.03148568
5561.9000 1.02427757
5562.8000 1.01423454
5563.7000 1.01009178
5564.6000 1.01076782
5565.5000 1.0084101
5566.4000 1.00721455
5567.3000 1.00773609
5568.2000 1.00051069
5569.1000 0.98657972
5570.0000 0.98928243
5570.9000 1.00261652
5571.8000 0.99051338
5572.7000 0.96857017
5573.6000 0.980398
5574.5000 1.00979054
5575.4000 1.0161674
5576.3000 1.01268649
5577.2000 1.02391768
5578.1000 1.03701901
5579.0000 1.04325116
5579.9000 1.04809856
5580.8000 1.04399073
5581.7000 1.03011048
5582.6000 1.02328384
5583.5000 1.0271014
5584.4000 1.0208739
5585.3000 0.98538762
5586.2000 0.93027258
5587.1000 0.89060688
5588.0000 0.88653988
5588.9000 0.90899044
5589.8000 0.94341964
5590.7000 0.98000699
5591.6000 1.00439787
5592.5000 1.00322127
5593.4000 0.97942448
5594.3000 0.96359003
5595.2000 0.98708326
5596.1000 1.02327573
5597.0000 1.0236882
5597.9000 0.99287266
5598.8000 0.97445089
5599.7000 0.97966397
5600.6000 0.97973859
5601.5000 0.96215838
5602.4000 0.94814497
5603.3000 0.96588963
5604.2000 1.01359046
5605.1000 1.05570638
5606.0000 1.07203114
5606.9000 1.07127249
5607.8000 1.06817555
5608.7000 1.0705328
5609.6000 1.07519352
5610.5000 1.07759476
5611.4000 1.0777669
5612.3000 1.07538128
5613.2000 1.05533695
5614.1000 0.99418032
5615.0000 0.91619009
5615.9000 0.89537406
5616.8000 0.94777375
5617.7000 1.00704134
5618.6000 1.02655017
5619.5000 1.02635539
5620.4000 1.03101873
5621.3000 1.03922808
5622.2000 1.04018271
5623.1000 1.01811099
5624.0000 0.98071063
5624.9000 0.96568793
5625.8000 0.98786128
5626.7000 1.01834893
5627.6000 1.03312314
5628.5000 1.04168022
5629.4000 1.05242181
5630.3000 1.05809104
5631.2000 1.05650592
5632.1000 1.04982412
5633.0000 1.04236078
5633.9000 1.03806365
5634.8000 1.03646362
5635.7000 1.03392577
5636.6000 1.02774048
5637.5000 1.02126169
5638.4000 1.02374136
5639.3000 1.03310406
5640.2000 1.03453803
5641.1000 1.02608585
5642.0000 1.02321839
5642.9000 1.02529979
5643.8000 1.02262437
5644.7000 1.02488363
5645.6000 1.03432679
5646.5000 1.04471576
5647.4000 1.05317914
5648.3000 1.05145001
5649.2000 1.03828394
5650.1000 1.02678668
5651.0000 1.03020024
5651.9000 1.0440855
5652.8000 1.0489223
5653.7000 1.03489351
5654.6000 1.01379156
5655.5000 1.00871336
5656.4000 1.01326644
5657.3000 0.99259645
5658.2000 0.95232749
5659.1000 0.9459461
5660.0000 0.98366034
5660.9000 1.01009476
5661.8000 0.99971998
5662.7000 0.98955238
5663.6000 1.00642836
5664.5000 1.03141809
5665.4000 1.04056227
5666.3000 1.03341269
5667.2000 1.02629542
5668.1000 1.02992857
5669.0000 1.0412991
5669.9000 1.04876423
5670.8000 1.04891729
5671.7000 1.05238795
5672.6000 1.05950844
5673.5000 1.05894315
5674.4000 1.04681587
5675.3000 1.0371896
5676.2000 1.04630351
5677.1000 1.06140232
5678.0000 1.0592289
5678.9000 1.0449146
5679.8000 1.03885007
5680.7000 1.03817093
5681.6000 1.02167714
5682.5000 0.99995607
5683.4000 1.00161731
5684.3000 1.02105248
5685.2000 1.02901435
5686.1000 1.01631176
5687.0000 0.9962039
5687.9000 0.98449588
5688.8000 0.99260932
5689.7000 1.0161984
5690.6000 1.03315032
5691.5000 1.03635049
5692.4000 1.03693151
5693.3000 1.03650641
5694.2000 1.036309
5695.1000 1.04084432
5696.0000 1.04797816
5696.9000 1.04680443
5697.8000 1.03268516
5698.7000 1.01928473
5699.6000 1.01240301
5700.5000 1.00216651
5701.4000 0.99257648
5702.3000 0.99896878
5703.2000 1.01667595
5704.1000 1.02246368
5705.0000 1.01024163
5705.9000 0.99474674
5706.8000 0.98535198
5707.7000 0.9739117
5708.6000 0.95337778
5709.5000 0.93786216
5710.4000 0.93535209
5711.3000 0.94155443
5712.2000 0.96601409
5713.1000 1.00677896
5714.0000 1.0340116
5714.9000 1.03775883
5715.8000 1.03451097
5716.7000 1.03322041
5717.6000 1.03285325
5718.5000 1.03748572
5719.4000 1.04494405
5720.3000 1.04819846
5721.2000 1.05042791
5722.1000 1.05288875
5723.0000 1.05442655
5723.9000 1.05498838
5724.8000 1.05171895
5725.7000 1.04145837
5726.6000 1.02783418
5727.5000 1.02535903
5728.4000 1.03908074
5729.3000 1.051844
5730.2000 1.04871798
5731.1000 1.0333569
5732.0000 1.02622306
5732.9000 1.03664839
5733.8000 1.05023122
5734.7000 1.05516553
5735.6000 1.05362153
5736.5000 1.04874611
5737.4000 1.04563379
5738.3000 1.04879928
5739.2000 1.0538125
5740.1000 1.05222523
5741.0000 1.04470003
5741.9000 1.03851783
5742.8000 1.03752685
5743.7000 1.04269922
5744.6000 1.04719031
5745.5000 1.04490697
5746.4000 1.03616059
5747.3000 1.02373326
5748.2000 1.01884222
5749.1000 1.02986395
5750.0000 1.04885471
5750.9000 1.05672753
5751.8000 1.04146838
5752.7000 1.01454031
5753.6000 0.99546659
5754.5000 0.99737835
5755.4000 1.01710463
5756.3000 1.03717411
5757.2000 1.04749274
5758.1000 1.04891205
5759.0000 1.04623449
5759.9000 1.04133296
5760.8000 1.03176069
5761.7000 1.01401556
5762.6000 0.99814874
5763.5000 1.0042665
5764.4000 1.03054523
5765.3000 1.05086541
5766.2000 1.05556118
5767.1000 1.05273187
5768.0000 1.05025494
5768.9000 1.05130565
5769.8000 1.05274129
5770.7000 1.0487417
5771.6000 1.03858984
5772.5000 1.03060293
5773.4000 1.02648413
5774.3000 1.02113998
5775.2000 1.021842
5776.1000 1.03367698
5777.0000 1.04631436
5777.9000 1.04950142
5778.8000 1.04331565
5779.7000 1.02701235
5780.6000 0.99921376
5781.5000 0.97835433
5782.4000 0.97881687
5783.3000 0.98689699
5784.2000 0.98653394
5785.1000 0.98250717
5786.0000 0.98968184
5786.9000 1.00848818
5787.8000 1.02536058
5788.7000 1.0327059
5789.6000 1.02632928
5790.5000 1.01194215
5791.4000 1.00894988
5792.3000 1.02012157
5793.2000 1.03145838
5794.1000 1.03728378
5795.0000 1.04137492
5795.9000 1.04131961
5796.8000 1.03267121
5797.7000 1.02433693
5798.6000 1.02767396
5799.5000 1.03887665
5800.4000 1.04573286
5801.3000 1.04548442
5802.2000 1.04332912
5803.1000 1.03473878
5804.0000 1.01926398
5804.9000 1.00745726
5805.8000 1.00697529
5806.7000 1.01398504
5807.6000 1.01891685
5808.5000 1.02340901
5809.4000 1.0317713
5810.3000 1.04026139
5811.2000 1.04447448
5812.1000 1.04368329
5813.0000 1.0409292
5813.9000 1.03671777
5814.8000 1.02835262
5815.7000 1.01959276
5816.6000 1.01811123
5817.5000 1.02748358
5818.4000 1.04211378
5819.3000 1.0525403
5820.2000 1.05581081
5821.1000 1.05360591
5822.0000 1.05000973
5822.9000 1.04723811
5823.8000 1.04577124
5824.7000 1.04801977
5825.6000 1.0518676
5826.5000 1.0529623
5827.4000 1.05098355
5828.3000 1.04722607
5829.2000 1.04594922
5830.1000 1.0462265
5831.0000 1.04732728
5831.9000 1.04783237
5832.8000 1.04485691
5833.7000 1.04160416
5834.6000 1.04263318
5835.5000 1.0470401
5836.4000 1.04786563
5837.3000 1.04251647
5838.2000 1.03843439
5839.1000 1.0414021
5840.0000 1.04951751
5840.9000 1.05615771
5841.8000 1.05460072
5842.7000 1.04692757
5843.6000 1.04046118
5844.5000 1.03959763
5845.4000 1.0410676
5846.3000 1.03781211
5847.2000 1.0320437
5848.1000 1.03242373
5849.0000 1.04003024
5849.9000 1.04662073
5850.8000 1.04364324
5851.7000 1.03305244
5852.6000 1.02137744
5853.5000 1.01521242
5854.4000 1.01685286
5855.3000 1.01425099
5856.2000 0.99279785
5857.1000 0.96045786
5858.0000 0.95074606
5858.9000 0.97230119
5859.8000 0.99987251
5860.7000 1.01497364
5861.6000 1.01332927
5862.5000 1.0063591
5863.4000 1.01027822
5864.3000 1.02093053
5865.2000 1.02557945
5866.1000 1.01934242
5867.0000 1.01147676
5867.9000 1.01462281
5868.8000 1.02725887
5869.7000 1.0388118
5870.6000 1.0428735
5871.5000 1.04167807
5872.4000 1.03789508
5873.3000 1.03193951
5874.2000 1.02881014
5875.1000 1.03187001
5876.0000 1.03782642
5876.9000 1.04011762
5877.8000 1.03610885
5878.7000 1.03175521
5879.6000 1.02740586
5880.5000 1.02318263
5881.4000 1.02211487
5882.3000 1.01990616
5883.2000 1.01189506
5884.1000 1.00545061
5885.0000 1.00954974
5885.9000 1.01327288
5886.8000 0.99453765
5887.7000 0.93316525
5888.6000 0.81686717
5889.5000 0.69218618
5890.4000 0.6589579
5891.3000 0.73988199
5892.2000 0.84622848
5893.1000 0.90004265
5894.0000 0.88400757
5894.9000 0.80582142
5895.8000 0.73233008
5896.7000 0.75568283
5897.6000 0.85589969
5898.5000 0.93539995
5899.4000 0.96674186
5900.3000 0.98335689
5901.2000 0.99897557
5902.1000 1.00607455
5903.0000 1.00825787
5903.9000 1.01229894
5904.8000 1.01432502
5905.7000 1.0140624
5906.6000 1.0147357
5907.5000 1.01826692
5908.4000 1.02094841
5909.3000 1.02100098
5910.2000 1.0226686
5911.1000 1.02567029
5912.0000 1.02582657
5912.9000 1.0165118
5913.8000 0.99821341
5914.7000 0.98852867
5915.6000 0.99272591
5916.5000 1.00098133
5917.4000 1.0101738
5918.3000 1.01841164
5919.2000 1.01861084
5920.1000 1.01182091
5921.0000 1.0078758
5921.9000 1.01085091
5922.8000 1.01723123
5923.7000 1.02222455
5924.6000 1.02198243
5925.5000 1.02051783
5926.4000 1.02260268
5927.3000 1.02334082
5928.2000 1.01891303
5929.1000 1.00759673
5930.0000 0.99832976
5930.9000 1.00658166
5931.8000 1.0257864
5932.7000 1.03283858
5933.6000 1.02091086
5934.5000 1.00689971
5935.4000 1.00768352
5936.3000 1.01929891
5937.2000 1.02855968
5938.1000 1.03127813
5939.0000 1.03225708
5939.9000 1.03185916
5940.8000 1.02648461
5941.7000 1.01769924
5942.6000 1.01063097
5943.5000 1.01172292
5944.4000 1.02142143
5945.3000 1.03180075
5946.2000 1.03130817
5947.1000 1.01432359
5948.0000 0.99178445
5948.9000 0.98364896
5949.8000 0.99523103
5950.7000 1.0104779
5951.6000 1.00875652
5952.5000 0.99448043
5953.4000 0.99377137
5954.3000 1.01079237
5955.2000 1.02278113
5956.1000 1.01624393
5957.0000 1.00517881
5957.9000 1.00337052
5958.8000 1.00831079
5959.7000 1.01488185
5960.6000 1.02256417
5961.5000 1.03219759
5962.4000 1.03885281
5963.3000 1.03816688
5964.2000 1.03281343
5965.1000 1.02510583
5966.0000 1.02319026
5966.9000 1.02940357
5967.8000 1.03138566
5968.7000 1.02527952
5969.6000 1.02005172
5970.5000 1.02282202
5971.4000 1.02958322
5972.3000 1.03314173
5973.2000 1.03371
5974.1000 1.02957416
5975.0000 1.0164299
5975.9000 1.00026953
5976.8000 0.992549
5977.7000 0.99858016
5978.6000 1.01057291
5979.5000 1.02125871
5980.4000 1.02756572
5981.3000 1.02479351
5982.2000 1.01521409
5983.1000 1.00172424
5984.0000 0.98806041
5984.9000 0.98501712
5985.8000 0.99344802
5986.7000 1.00090301
5987.6000 1.00544238
5988.5000 1.01564622
5989.4000 1.0245626
5990.3000 1.02308941
5991.2000 1.01873565
5992.1000 1.01755607
5993.0000 1.02169704
5993.9000 1.02899754
5994.8000 1.03057075
5995.7000 1.02204144
5996.6000 1.00960374
5997.5000 1.00244641
5998.4000 1.00506151
5999.3000 1.01359892
6000.2000 1.02250099
6001.1000 1.02315307
6002.0000 1.00946116
6002.9000 0.99396181
6003.8000 0.99439013
6004.7000 1.00702083
6005.6000 1.01203692
6006.5000 1.00191844
6007.4000 0.98119181
6008.3000 0.96838647
6009.2000 0.98465842
6010.1000 1.01544917
6011.0000 1.02926362
6011.9000 1.01904428
6012.8000 1.00015247
6013.7000 0.99304676
6014.6000 0.99922764
6015.5000 1.00283599
6016.4000 0.99983305
6017.3000 1.00238669
6018.2000 1.00793219
6019.1000 0.99729925
6020.0000 0.97480184
6020.9000 0.96356767
6021.8000 0.96924394
6022.7000 0.97686821
6023.6000 0.97471112
6024.5000 0.97547984
6025.4000 0.99039882
6026.3000 1.00214124
6027.2000 1.00293672
6028.1000 1.00651348
6029.0000 1.01559401
6029.9000 1.02162755
6030.8000 1.02519166
6031.7000 1.02975559
6032.6000 1.03130269
6033.5000 1.02783215
6034.4000 1.02553689
6035.3000 1.02869129
6036.2000 1.03625202
6037.1000 1.040205
6038.0000 1.03642571
6038.9000 1.02721786
6039.8000 1.01724303
6040.7000 1.01109922
6041.6000 1.00758123
6042.5000 1.01007879
6043.4000 1.01963162
6044.3000 1.02745616
6045.2000 1.03066015
6046.1000 1.03131342
6047.0000 1.0299207
6047.9000 1.02769196
6048.8000 1.02622068
6049.7000 1.02834761
6050.6000 1.0320282
6051.5000 1.03067803
6052.4000 1.02504683
6053.3000 1.02013779
6054.2000 1.01678169
6055.1000 1.00718009
6056.0000 0.99599016
6056.9000 0.9974131
6057.8000 1.00791764
6058.7000 1.01775444
6059.6000 1.02308357
6060.5000 1.02279007
6061.4000 1.01806939
6062.3000 1.01060867
6063.2000 1.00160503
6064.1000 0.98557782
6065.0000 0.96774018
6065.9000 0.96704793
6066.8000 0.98606861
6067.7000 1.00609088
6068.6000 1.01627052
6069.5000 1.02261841
6070.4000 1.02758813
6071.3000 1.02757752
6072.2000 1.02410328
6073.1000 1.0204283
6074.0000 1.01721907
6074.9000 1.01680923
6075.8000 1.01835382
6076.7000 1.01472759
6077.6000 1.0007329
6078.5000 0.9872641
6079.4000 0.98674738
6080.3000 0.99187261
6081.2000 0.99206299
6082.1000 0.98997629
6083.0000 0.99224955
6083.9000 0.99534237
6084.8000 0.99271059
6085.7000 0.99113274
6086.6000 0.99566638
6087.5000 1.00209069
6088.4000 1.00321364
6089.3000 0.99408942
6090.2000 0.98305815
6091.1000 0.98201984
6092.0000 0.99004179
6092.9000 0.99698037
6093.8000 1.00285184
6094.7000 1.01138282
6095.6000 1.0148499
6096.5000 1.00802755
6097.4000 0.99953187
6098.3000 0.99921274
6099.2000 1.00641727
6100.1000 1.00880802
6101.0000 0.98662919
6101.9000 0.93670142
6102.8000 0.89887476
6103.7000 0.91706395
6104.6000 0.9693318
6105.5000 1.00499868
6106.4000 1.01022637
6107.3000 0.9995361
6108.2000 0.99276298
6109.1000 0.99895006
6110.0000 1.00714016
6110.9000 1.00643551
6111.8000 1.00267649
6112.7000 1.00574255
6113.6000 1.01106632
6114.5000 1.01150382
6115.4000 1.00642633
6116.3000 1.00159287
6117.2000 1.00334692
6118.1000 1.00661719
6119.0000 1.00410986
6119.9000 0.99069095
6120.8000 0.95426321
6121.7000 0.90401357
6122.6000 0.88941693
6123.5000 0.93284619
6124.4000 0.98543167
6125.3000 1.00372362
6126.2000 0.99793446
6127.1000 0.98957986
6128.0000 0.98700655
6128.9000 0.99189675
6129.8000 1.0006299
6130.7000 1.00565362
6131.6000 1.00485945
6132.5000 1.0038259
6133.4000 1.00362086
6134.3000 0.99679506
6135.2000 0.97327703
6136.1000 0.92667145
6137.0000 0.8822729
6137.9000 0.88675094
6138.8000 0.93714601
6139.7000 0.98164982
6140.6000 0.98691124
6141.5000 0.97121829
6142.4000 0.9707706
6143.3000 0.98802769
6144.2000 0.99824649
6145.1000 0.99725097
6146.0000 0.99712896
6146.9000 0.99801064
6147.8000 0.99761772
6148.7000 0.99773014
6149.6000 0.99619263
6150.5000 0.99182439
6151.4000 0.98856819
6152.3000 0.98939383
6153.2000 0.99124873
6154.1000 0.98453653
6155.0000 0.97529322
6155.9000 0.97739321
6156.8000 0.98641372
6157.7000 0.9949044
6158.6000 1.00337553
6159.5000 0.99844724
6160.4000 0.95481312
6161.3000 0.8771559
6162.2000 0.82097405
6163.1000 0.83134007
6164.0000 0.88904464
6164.9000 0.94196934
6165.8000 0.96447945
6166.7000 0.96761733
6167.6000 0.95880824
6168.5000 0.92786908
6169.4000 0.89169437
6170.3000 0.89724189
6171.2000 0.94360894
6172.1000 0.97917199
6173.0000 0.98430604
6173.9000 0.98159653
6174.8000 0.98539835
6175.7000 0.99008447
6176.6000 0.99131823
6177.5000 0.99576181
6178.4000 1.00333202
6179.3000 1.00212657
6180.2000 0.99512851
6181.1000 0.99502897
6182.0000 0.99920428
6182.9000 1.00038493
6183.8000 0.99984384
6184.7000 0.99991459
6185.6000 0.99664092
6186.5000 0.98895991
6187.4000 0.98285568
6188.3000 0.98257244
6189.2000 0.98442507
6190.1000 0.96861351
6191.0000 0.93513632
6191.9000 0.92386216
6192.8000 0.95285815
6193.7000 0.98948681
6194.6000 1.00456178
6195.5000 1.00510967
6196.4000 1.00622678
6197.3000 1.00777984
6198.2000 1.00097775
6199.1000 0.98369306
6200.0000 0.97006887
6200.9000 0.97331089
6201.8000 0.98616058
6202.7000 0.99607116
6203.6000 0.99786019
6204.5000 0.99458629
6205.4000 0.99450231
6206.3000 0.99806219
6207.2000 1.00082874
6208.1000 1.00226283
6209.0000 1.00160289
6209.9000 0.99793595
6210.8000 0.99280614
6211.7000 0.98597926
6212.6000 0.97063565
6213.5000 0.95308089
6214.4000 0.94594425
6215.3000 0.94688809
6216.2000 0.95584852
6217.1000 0.97033185
6218.0000 0.97496074
6218.9000 0.96321642
6219.8000 0.95121658
6220.7000 0.95526457
6221.6000 0.97103602
6222.5000 0.98429257
6223.4000 0.98560321
6224.3000 0.97991955
6225.2000 0.97815037
6226.1000 0.98099059
6227.0000 0.98682052
6227.9000 0.98952967
6228.8000 0.97698832
6229.7000 0.94719869
6230.6000 0.91963792
6231.5000 0.9188118
6232.4000 0.94036424
6233.3000 0.96613437
6234.2000 0.99027824
6235.1000 1.00322223
6236.0000 0.99909639
6236.9000 0.98657399
6237.8000 0.97572702
6238.7000 0.97270012
6239.6000 0.97331077
6240.5000 0.97690082
6241.4000 0.98021531
6242.3000 0.97123843
6243.2000 0.95568997
6244.1000 0.95067537
6245.0000 0.95011318
6245.9000 0.9407143
6246.8000 0.93917805
6247.7000 0.96125978
6248.6000 0.98813134
6249.5000 1.00125861
6250.4000 0.99623197
6251.3000 0.97127968
6252.2000 0.9380855
6253.1000 0.91700482
6254.0000 0.91993761
6254.9000 0.93705976
6255.8000 0.94650388
6256.7000 0.94028264
6257.6000 0.92591423
6258.5000 0.9187488
6259.4000 0.93125838
6260.3000 0.95081818
6261.2000 0.96342272
6262.1000 0.97505844
6263.0000 0.98661792
6263.9000 0.98508722
6264.8000 0.96894956
6265.7000 0.95877522
6266.6000 0.96423227
6267.5000 0.9727174
6268.4000 0.97359937
6269.3000 0.96785223
6270.2000 0.96329576
6271.1000 0.9672702
6272.0000 0.98090893
6272.9000 0.99405968
6273.8000 0.9949246
6274.7000 0.98719794
6275.6000 0.98300678
6276.5000 0.9835788
6277.4000 0.98173821
6278.3000 0.97629964
6279.2000 0.97068685
6280.1000 0.96624267
6281.0000 0.96446317
6281.9000 0.96615815
6282.8000 0.97229606
6283.7000 0.98126751
6284.6000 0.98518348
6285.5000 0.98414642
6286.4000 0.9854818
6287.3000 0.98843908
6288.2000 0.99064976
6289.1000 0.9868381
6290.0000 0.97444844
6290.9000 0.96262014
6291.8000 0.96210766
6292.7000 0.96962887
6293.6000 0.97856361
6294.5000 0.98644531
6295.4000 0.98380649
6296.3000 0.96601427
6297.2000 0.94869876
6298.1000 0.94751865
6299.0000 0.95644915
6299.9000 0.95366633
6300.8000 0.93161911
6301.7000 0.91144228
6302.6000 0.91578776
6303.5000 0.94070202
6304.4000 0.96368796
6305.3000 0.97453409
6306.2000 0.97903591
6307.1000 0.98051107
6308.0000 0.98008782
6308.9000 0.97934723
6309.8000 0.97390288
6310.7000 0.9642365
6311.6000 0.95706803
6312.5000 0.95800418
6313.4000 0.95743865
6314.3000 0.94319302
6315.2000 0.93159729
6316.1000 0.93495691
6317.0000 0.93383086
6317.9000 0.91717368
6318.8000 0.91124529
6319.7000 0.93246728
6320.6000 0.95599169
6321.5000 0.95820868
6322.4000 0.94763833
6323.3000 0.95043033
6324.2000 0.96238297
6325.1000 0.96882969
6326.0000 0.96569294
6326.9000 0.96035564
6327.8000 0.95889145
6328.7000 0.95972729
6329.6000 0.95660424
6330.5000 0.95384234
6331.4000 0.95969206
6332.3000 0.96871191
6333.2000 0.97078645
6334.1000 0.95789891
6335.0000 0.93058306
6335.9000 0.90776479
6336.8000 0.90568388
6337.7000 0.92009479
6338.6000 0.9363572
6339.5000 0.95027739
6340.4000 0.96247888
6341.3000 0.96742827
6342.2000 0.96172512
6343.1000 0.94649148
6344.0000 0.93329388
6344.9000 0.93712008
6345.8000 0.95141429
6346.7000 0.959723
6347.6000 0.96177554
6348.5000 0.96548575
6349.4000 0.96900892
6350.3000 0.96853578
6351.2000 0.9668659
6352.1000 0.9661833
6353.0000 0.96690345
6353.9000 0.96247798
6354.8000 0.95057297
6355.7000 0.94536608
6356.6000 0.95166087
6357.5000 0.95333362
6358.4000 0.94380933
6359.3000 0.93342251
6360.2000 0.92884052
6361.1000 0.9259721
6362.0000 0.92446721
6362.9000 0.9279936
6363.8000 0.93556714
6364.7000 0.94515151
6365.6000 0.95199054
6366.5000 0.95588619
6367.4000 0.96180195
6368.3000 0.96768725
6369.2000 0.96812111
6370.1000 0.9639172
6371.0000 0.96242076
6371.9000 0.9646076
6372.8000 0.96560657
6373.7000 0.96641392
6374.6000 0.9691183
6375.5000 0.97351784
6376.4000 0.97361743
6377.3000 0.96520513
6378.2000 0.95581889
6379.1000 0.95184213
6380.0000 0.95244318
6380.9000 0.95677155
6381.8000 0.96524423
6382.7000 0.9736011
6383.6000 0.97494555
6384.5000 0.97092271
6385.4000 0.9700582
6386.3000 0.97320729
6387.2000 0.97529989
6388.1000 0.97240478
6389.0000 0.96778888
6389.9000 0.96647191
6390.8000 0.96792674
6391.7000 0.9620716
6392.6000 0.93739438
6393.5000 0.91001928
6394.4000 0.91088152
6395.3000 0.9373588
6396.2000 0.96229941
6397.1000 0.97008824
6398.0000 0.95881319
6398.9000 0.92576975
6399.8000 0.8876729
6400.7000 0.88528097
6401.6000 0.92221373
6402.5000 0.95816916
6403.4000 0.97058684
6404.3000 0.96755278
6405.2000 0.95832372
6406.1000 0.94408375
6407.0000 0.92602342
6407.9000 0.91545767
6408.8000 0.92371815
6409.7000 0.93641502
6410.6000 0.92859268
6411.5000 0.91329974
6412.4000 0.9200713
6413.3000 0.94129115
6414.2000 0.95327479
6415.1000 0.95496613
6416.0000 0.95780253
6416.9000 0.96051973
6417.8000 0.95520234
6418.7000 0.94216907
6419.6000 0.92418981
6420.5000 0.90932989
6421.4000 0.91225922
6422.3000 0.93612683
6423.2000 0.9626233
6424.1000 0.97104126
6425.0000 0.96648723
6425.9000 0.96422845
6426.8000 0.96650481
6427.7000 0.96833819
6428.6000 0.96379489
6429.5000 0.94783336
6430.4000 0.92609864
6431.3000 0.91875869
6432.2000 0.9339599
6433.1000 0.95356363
6434.0000 0.96361148
6434.9000 0.96806026
6435.8000 0.96930093
6436.7000 0.96260762
6437.6000 0.93826026
6438.5000 0.90023142
6439.4000 0.88105631
6440.3000 0.90392917
6441.2000 0.94459218
6442.1000 0.96746343
6443.0000 0.97004128
6443.9000 0.96758097
6444.8000 0.96709007
6445.7000 0.96857393
6446.6000 0.96850574
6447.5000 0.96243948
6448.4000 0.94239748
6449.3000 0.91001034
6450.2000 0.89296973
6451.1000 0.90928847
6452.0000 0.93995404
6452.9000 0.95895594
6453.8000 0.95815891
6454.7000 0.94241107
6455.6000 0.92772943
6456.5000 0.92906076
6457.4000 0.94205242
6458.3000 0.95351535
6459.2000 0.95866412
6460.1000 0.95333248
6461.0000 0.92940438
6461.9000 0.89146096
6462.8000 0.87075752
6463.7000 0.89391077
6464.6000 0.93607879
6465.5000 0.95972598
6466.4000 0.96350223
6467.3000 0.95877165
6468.2000 0.94948947
6469.1000 0.93904126
6470.0000 0.93063986
6470.9000 0.92152303
6471.8000 0.91795272
6472.7000 0.93276894
6473.6000 0.94966477
6474.5000 0.94821024
6475.4000 0.93831348
6476.3000 0.93509197
6477.2000 0.93755382
6478.1000 0.940198
6479.0000 0.94475996
6479.9000 0.9461481
6480.8000 0.93489152
6481.7000 0.91890192
6482.6000 0.91664571
6483.5000 0.93046802
6484.4000 0.94376844
6485.3000 0.94730914
6486.2000 0.94951111
6487.1000 0.95249295
6488.0000 0.95234865
6488.9000 0.95314348
6489.8000 0.95805323
6490.7000 0.96018606
6491.6000 0.94800109
6492.5000 0.91681612
6493.4000 0.87213051
6494.3000 0.83384258
6495.2000 0.82572007
6496.1000 0.84470785
6497.0000 0.86965257
6497.9000 0.8870517
6498.8000 0.89450961
6499.7000 0.9027096
6500.6000 0.92018008
6501.5000 0.93982792
6502.4000 0.95209628
6503.3000 0.95615947
6504.2000 0.95554203
6505.1000 0.95387089
6506.0000 0.95471418
6506.9000 0.95623195
6507.8000 0.95229125
6508.7000 0.94708771
6509.6000 0.94826472
6510.5000 0.95352477
6511.4000 0.95692778
6512.3000 0.95720553
6513.2000 0.95616007
6514.1000 0.95407003
6515.0000 0.94976974
6515.9000 0.94092411
6516.8000 0.92713553
6517.7000 0.91204691
6518.6000 0.90462899
6519.5000 0.91641051
6520.4000 0.93820655
6521.3000 0.94807869
6522.2000 0.94687474
6523.1000 0.94516987
6524.0000 0.94631672
6524.9000 0.94664943
6525.8000 0.94120669
6526.7000 0.9338212
6527.6000 0.93173534
6528.5000 0.93637902
6529.4000 0.94175857
6530.3000 0.94140965
6531.2000 0.9343695
6532.1000 0.92442715
6533.0000 0.91867566
6533.9000 0.92172211
6534.8000 0.93170172
6535.7000 0.94284654
6536.6000 0.94706786
6537.5000 0.94400495
6538.4000 0.93998194
6539.3000 0.93888921
6540.2000 0.94111067
6541.1000 0.94450933
6542.0000 0.94523072
6542.9000 0.94185436
6543.8000 0.93451452
6544.7000 0.92152363
6545.6000 0.90128976
6546.5000 0.88803935
6547.4000 0.89739025
6548.3000 0.91666716
6549.2000 0.92663145
6550.1000 0.92517972
6551.0000 0.9229182
6551.9000 0.92491412
6552.8000 0.92286313
6553.7000 0.90901428
6554.6000 0.88998157
6555.5000 0.87881076
6556.4000 0.87851226
6557.3000 0.88219583
6558.2000 0.88090348
6559.1000 0.86951047
6560.0000 0.84496731
6560.9000 0.78615785
6561.8000 0.67827803
6562.7000 0.58559418
6563.6000 0.60529053
6564.5000 0.71820968
6565.4000 0.81950521
6566.3000 0.86875957
6567.2000 0.8864274
6568.1000 0.88816941
6569.0000 0.88495684
6569.9000 0.89043856
6570.8000 0.90228653
6571.7000 0.9061017
6572.6000 0.89866632
6573.5000 0.89037472
6574.4000 0.88796741
6575.3000 0.89358604
6576.2000 0.90650487
6577.1000 0.91810602
6578.0000 0.92452735
6578.9000 0.92730528
6579.8000 0.92788947
6580.7000 0.92851633
6581.6000 0.9285025
6582.5000 0.9299798
6583.4000 0.93505198
6584.3000 0.93739253
6585.2000 0.93137145
6586.1000 0.9214257
6587.0000 0.91881067
6587.9000 0.92409146
6588.8000 0.92808402
6589.7000 0.92875749
6590.6000 0.92589039
6591.5000 0.91232467
6592.4000 0.88442773
6593.3000 0.86230373
6594.2000 0.87298697
6595.1000 0.90343547
6596.0000 0.9206298
6596.9000 0.91899896
6597.8000 0.91282433
6598.7000 0.91365439
6599.6000 0.92202294
6600.5000 0.9299984
6601.4000 0.93152654
6602.3000 0.92880183
6603.2000 0.92551833
6604.1000 0.92177218
6605.0000 0.92068011
6605.9000 0.92233461
6606.8000 0.92025745
6607.7000 0.90979499
6608.6000 0.89499605
6609.5000 0.89345634
6610.4000 0.91158348
6611.3000 0.92964917
6612.2000 0.9330976
6613.1000 0.92655319
6614.0000 0.92148739
6614.9000 0.92307329
6615.8000 0.92713481
6616.7000 0.92859155
6617.6000 0.92751139
6618.5000 0.92702609
6619.4000 0.92804664
6620.3000 0.9279927
6621.2000 0.92901534
6622.1000 0.93088228
6623.0000 0.92985392
6623.9000 0.92603922
6624.8000 0.92325681
6625.7000 0.92489123
6626.6000 0.92498195
6627.5000 0.92196113
6628.4000 0.92216009
6629.3000 0.9242475
6630.2000 0.92249393
6631.1000 0.91635877
6632.0000 0.90643585
6632.9000 0.89198697
6633.8000 0.88118315
6634.7000 0.8878333
6635.6000 0.90533262
6636.5000 0.91712368
6637.4000 0.92099178
6638.3000 0.92111516
6639.2000 0.91921312
6640.1000 0.91774577
6641.0000 0.91750854
6641.9000 0.91249585
6642.8000 0.89731699
6643.7000 0.88376117
6644.6000 0.88632357
6645.5000 0.90083075
6646.4000 0.91360933
6647.3000 0.91826147
6648.2000 0.92038763
6649.1000 0.92221391
6650.0000 0.92300701
6650.9000 0.92394167
6651.8000 0.92192441
6652.7000 0.91786897
6653.6000 0.91731656
6654.5000 0.92145354
6655.4000 0.92347449
6656.3000 0.91922563
6657.2000 0.91574168
6658.1000 0.91755885
6659.0000 0.92101818
6659.9000 0.92383522
6660.8000 0.92431319
6661.7000 0.91699255
6662.6000 0.9011367
6663.5000 0.89087015
6664.4000 0.89726597
6665.3000 0.91029489
6666.2000 0.91732287
6667.1000 0.91835093
6668.0000 0.9176262
6668.9000 0.9173038
6669.8000 0.91802275
6670.7000 0.91963118
6671.6000 0.91763735
6672.5000 0.91355377
6673.4000 0.91532874
6674.3000 0.92155463
6675.2000 0.92253429
6676.1000 0.90998435
6677.0000 0.88569206
6677.9000 0.86723387
6678.8000 0.87473387
6679.7000 0.90142965
6680.6000 0.92047995
6681.5000 0.92459971
6682.4000 0.92425901
6683.3000 0.92190808
6684.2000 0.91764462
6685.1000 0.91564494
6686.0000 0.91794771
6686.9000 0.92117995
6687.8000 0.92099708
6688.7000 0.9179284
6689.6000 0.91435999
6690.5000 0.9108302
6691.4000 0.9095782
6692.3000 0.91186595
6693.2000 0.91521829
6694.1000 0.91420841
6695.0000 0.9056955
6695.9000 0.89617759
6696.8000 0.8932398
6697.7000 0.89521843
6698.6000 0.89767647
6699.5000 0.90337956
6700.4000 0.91138798
6701.3000 0.91429764
6702.2000 0.91130227
6703.1000 0.90277475
6704.0000 0.89163065
6704.9000 0.88791752
6705.8000 0.89531159
6706.7000 0.90669
6707.6000 0.91357172
6708.5000 0.91600746
6709.4000 0.91697216
6710.3000 0.91553682
6711.2000 0.91116476
6712.1000 0.9042474
6713.0000 0.89877719
6713.9000 0.89875782
6714.8000 0.89970773
6715.7000 0.89193761
6716.6000 0.87323225
6717.5000 0.85826099
6718.4000 0.86342919
6719.3000 0.88139528
6720.2000 0.89397365
6721.1000 0.89551145
6722.0000 0.89506447
6722.9000 0.90109938
6723.8000 0.90866995
6724.7000 0.91016364
6725.6000 0.9041115
6726.5000 0.89787298
6727.4000 0.89977205
6728.3000 0.90815085
6729.2000 0.91505104
6730.1000 0.91577137
6731.0000 0.91301703
6731.9000 0.9098801
6732.8000 0.90633094
6733.7000 0.90520877
6734.6000 0.90733147
6735.5000 0.910739
6736.4000 0.91024911
6737.3000 0.90349197
6738.2000 0.89700377
6739.1000 0.89544207
6740.0000 0.8968333
6740.9000 0.89661056
6741.8000 0.89233828
6742.7000 0.88760614
6743.6000 0.88756371
6744.5000 0.8914513
6745.4000 0.89348453
6746.3000 0.89286184
6747.2000 0.89417249
6748.1000 0.8957842
6749.0000 0.89254677
6749.9000 0.88598061
6750.8000 0.88377285
6751.7000 0.88796532
6752.6000 0.89229572
6753.5000 0.89430809
6754.4000 0.89414001
6755.3000 0.89336634
6756.2000 0.8972345
6757.1000 0.90370464
6758.0000 0.9062885
6758.9000 0.90553802
6759.8000 0.90680355
6760.7000 0.91094267
6761.6000 0.91219181
6762.5000 0.91067725
6763.4000 0.90985441
6764.3000 0.90910059
6765.2000 0.90661615
6766.1000 0.90016353
6767.0000 0.89082873
6767.9000 0.88557976
6768.8000 0.88763964
6769.7000 0.89201474
6770.6000 0.89316267
6771.5000 0.89261961
6772.4000 0.89268982
6773.3000 0.89401698
6774.2000 0.89766538
6775.1000 0.90113193
6776.0000 0.90311813
6776.9000 0.90305185
6777.8000 0.90053588
6778.7000 0.8988328
6779.6000 0.89889807
6780.5000 0.89745396
6781.4000 0.89319724
6782.3000 0.88677657
6783.2000 0.87972164
6784.1000 0.87518299
6785.0000 0.87705845
6785.9000 0.88226223
6786.8000 0.88632452
6787.7000 0.88982618
6788.6000 0.89134675
6789.5000 0.89131016
6790.4000 0.8946268
6791.3000 0.90045816
6792.2000 0.90213072
6793.1000 0.89810288
6794.0000 0.89440119
6794.9000 0.89270043
6795.8000 0.89060849
6796.7000 0.88974452
6797.6000 0.88920003
6798.5000 0.88826591
6799.4000 0.8900252
6800.3000 0.89374995
6801.2000 0.89737815
6802.1000 0.89964902
6803.0000 0.89901078
6803.9000 0.89662814
6804.8000 0.8954128
6805.7000 0.89491135
6806.6000 0.89069122
6807.5000 0.88821262
6808.4000 0.89173132
6809.3000 0.89101124
6810.2000 0.88530898
6811.1000 0.88484675
6812.0000 0.89091551
6812.9000 0.89474529
6813.8000 0.89305419
6814.7000 0.8912949
6815.6000 0.89409077
6816.5000 0.89934951
6817.4000 0.90087646
6818.3000 0.89726037
6819.2000 0.8913278
6820.1000 0.88561624
6821.0000 0.88699186
6821.9000 0.89565021
6822.8000 0.90194935
6823.7000 0.90300798
6824.6000 0.90203053
6825.5000 0.90110195
6826.4000 0.89794701
6827.3000 0.88894117
6828.2000 0.8802439
6829.1000 0.88292801
6830.0000 0.89488316
6830.9000 0.90489334
6831.8000 0.9085474
6832.7000 0.90819734
6833.6000 0.90430605
6834.5000 0.90039915
6835.4000 0.8987838
6836.3000 0.89715195
6837.2000 0.89521587
6838.1000 0.89341199
6839.0000 0.88912237
6839.9000 0.88014621
6840.8000 0.8681646
6841.7000 0.85950232
6842.6000 0.85793
6843.5000 0.86413723
6844.4000 0.87778956
6845.3000 0.89015585
6846.2000 0.89382648
6847.1000 0.89222473
6848.0000 0.8906377
6848.9000 0.89224398
6849.8000 0.89662474
6850.7000 0.8985728
6851.6000 0.89538705
6852.5000 0.89175636
6853.4000 0.88894683
6854.3000 0.88089126
6855.2000 0.87132603
6856.1000 0.87087119
6857.0000 0.87338459
6857.9000 0.87197477
6858.8000 0.87264001
6859.7000 0.87651676
6860.6000 0.87686008
6861.5000 0.87404126
6862.4000 0.87283868
6863.3000 0.87895131
6864.2000 0.89166987
6865.1000 0.89993888
6866.0000 0.89979017
6866.9000 0.89583725
6867.8000 0.88518655
6868.7000 0.86659974
6869.6000 0.85672462
6870.5000 0.87378269
6871.4000 0.89225852
6872.3000 0.88622165
6873.2000 0.87882012
6874.1000 0.88087344
6875.0000 0.8846854
6875.9000 0.88721651
6876.8000 0.88782841
6877.7000 0.88582492
6878.6000 0.88234317
6879.5000 0.87997574
6880.4000 0.87710762
6881.3000 0.87443346
6882.2000 0.87464321
6883.1000 0.87611073
6884.0000 0.8808406
6884.9000 0.88687891
6885.8000 0.89079654
6886.7000 0.89110237
6887.6000 0.8893289
6888.5000 0.89149761
6889.4000 0.88835633
6890.3000 0.87705666
6891.2000 0.87938088
6892.1000 0.89545059
6893.0000 0.89518213
6893.9000 0.88140726
6894.8000 0.88300186
6895.7000 0.89481932
6896.6000 0.88787997
6897.5000 0.87493932
6898.4000 0.88322872
6899.3000 0.90144992
6900.2000 0.89976573
6901.1000 0.88736737
6902.0000 0.89008152
6902.9000 0.9060396
6903.8000 0.90556413
6904.7000 0.88494605
6905.6000 0.86990374
6906.5000 0.87927645
6907.4000 0.90084314
6908.3000 0.90469688
6909.2000 0.89437783
6910.1000 0.88862276
6911.0000 0.8945871
6911.9000 0.89922929
6912.8000 0.88842773
6913.7000 0.8688637
6914.6000 0.85674071
6915.5000 0.86168379
6916.4000 0.87283331
6917.3000 0.87683392
6918.2000 0.87739104
6919.1000 0.87769455
6920.0000 0.88217986
6920.9000 0.89307886
6921.8000 0.90009576
6922.7000 0.8962217
6923.6000 0.88181406
6924.5000 0.86359107
6925.4000 0.8583588
6926.3000 0.87172621
6927.2000 0.88804227
6928.1000 0.89139056
6929.0000 0.88488758
6929.9000 0.88058466
6930.8000 0.88102758
6931.7000 0.88078249
6932.6000 0.8768611
6933.5000 0.87441128
6934.4000 0.87729609
6935.3000 0.88072628
6936.2000 0.88113099
6937.1000 0.87881023
6938.0000 0.87460929
6938.9000 0.87116075
6939.8000 0.87033099
6940.7000 0.86939549
6941.6000 0.86502272
6942.5000 0.86268306
6943.4000 0.86123967
6944.3000 0.85314065
6945.2000 0.84774148
6946.1000 0.85780543
6947.0000 0.87568718
6947.9000 0.88278037
6948.8000 0.87585229
6949.7000 0.86655188
6950.6000 0.86255473
6951.5000 0.86456931
6952.4000 0.87061512
6953.3000 0.8756482
6954.2000 0.8788991
6955.1000 0.88073504
6956.0000 0.88051659
6956.9000 0.87752473
6957.8000 0.87367308
6958.7000 0.87446743
6959.6000 0.87931478
6960.5000 0.88293493
6961.4000 0.88381153
6962.3000 0.88383275
6963.2000 0.88541651
6964.1000 0.88701761
6965.0000 0.88473028
6965.9000 0.88193047
6966.8000 0.88501805
6967.7000 0.8921718
6968.6000 0.89652729
6969.5000 0.89875537
6970.4000 0.90051156
6971.3000 0.89900798
6972.2000 0.89514291
6973.1000 0.89281404
6974.0000 0.89155716
6974.9000 0.88698769
6975.8000 0.87744409
6976.7000 0.8653965
6977.6000 0.84896189
6978.5000 0.83172339
6979.4000 0.83189571
6980.3000 0.85317171
6981.2000 0.87649268
6982.1000 0.8878665
6983.0000 0.88922799
6983.9000 0.88742268
6984.8000 0.88704014
6985.7000 0.88782215
6986.6000 0.88467765
6987.5000 0.87620634
6988.4000 0.86889279
6989.3000 0.86933947
6990.2000 0.87387192
6991.1000 0.87709641
6992.0000 0.88192296
6992.9000 0.88692755
6993.8000 0.88616222
6994.7000 0.88268256
6995.6000 0.88271868
6996.5000 0.88722694
6997.4000 0.88911647
6998.3000 0.88145971
6999.2000 0.86706418
7000.1000 0.85605448
7001.0000 0.85634398
7001.9000 0.86473167
7002.8000 0.8711434
7003.7000 0.87181246
7004.6000 0.86766791
7005.5000 0.86098242
7006.4000 0.85656154
7007.3000 0.8568294
7008.2000 0.86244911
7009.1000 0.87117702
7010.0000 0.87776929
7010.9000 0.87601864
7011.8000 0.86710358
7012.7000 0.86221296
7013.6000 0.86497724
7014.5000 0.86341846
7015.4000 0.84873533
7016.3000 0.83126694
7017.2000 0.83037519
7018.1000 0.84750754
7019.0000 0.8674925
7019.9000 0.87944216
7020.8000 0.88178778
7021.7000 0.87758178
7022.6000 0.86803609
7023.5000 0.85784179
7024.4000 0.85486215
7025.3000 0.8604579
7026.2000 0.86990499
7027.1000 0.87318212
7028.0000 0.86553442
7028.9000 0.85561109
7029.8000 0.85372716
7030.7000 0.8608613
7031.6000 0.86945575
7032.5000 0.87264556
7033.4000 0.86895055
7034.3000 0.86114776
7035.2000 0.85521346
7036.1000 0.85247624
7037.0000 0.84702325
7037.9000 0.83747703
7038.8000 0.83245546
7039.7000 0.83899534
7040.6000 0.85108453
7041.5000 0.86064482
7042.4000 0.86664963
7043.3000 0.86921471
7044.2000 0.86996835
7045.1000 0.87111914
7046.0000 0.87260079
7046.9000 0.87331188
7047.8000 0.8735798
7048.7000 0.87671995
7049.6000 0.88254148
7050.5000 0.88603461
7051.4000 0.88235325
7052.3000 0.87092787
7053.2000 0.86002761
7054.1000 0.85774326
7055.0000 0.86014062
7055.9000 0.86266613
7056.8000 0.86615312
7057.7000 0.86940509
7058.6000 0.86734569
7059.5000 0.85968566
7060.4000 0.85021597
7061.3000 0.84523666
7062.2000 0.84860194
7063.1000 0.854267
7064.0000 0.85716873
7064.9000 0.8590008
7065.8000 0.85983855
7066.7000 0.85848552
7067.6000 0.85310376
7068.5000 0.8460843
7069.4000 0.84449273
7070.3000 0.84843045
7071.2000 0.85311961
7072.1000 0.85784215
7073.0000 0.86220556
7073.9000 0.8647899
7074.8000 0.86398941
7075.7000 0.86386257
7076.6000 0.86623138
7077.5000 0.8680656
7078.4000 0.86726654
7079.3000 0.86419749
7080.2000 0.86402786
7081.1000 0.86834073
7082.0000 0.87017858
7082.9000 0.86416131
7083.8000 0.85100317
7084.7000 0.83842343
7085.6000 0.83703631
7086.5000 0.84685028
7087.4000 0.8557601
7088.3000 0.85727954
7089.2000 0.85263455
7090.1000 0.84428471
7091.0000 0.84113312
7091.9000 0.84625429
7092.8000 0.85128474
7093.7000 0.85506666
7094.6000 0.85774946
7095.5000 0.85741395
7096.4000 0.85415721
7097.3000 0.85023081
7098.2000 0.85033578
7099.1000 0.85389012
7100.0000 0.85718179
7100.9000 0.85890305
7101.8000 0.8576892
7102.7000 0.85424072
7103.6000 0.85121131
7104.5000 0.85209858
7105.4000 0.85598373
7106.3000 0.85668713
7107.2000 0.8515113
7108.1000 0.84565419
7109.0000 0.84545296
7109.9000 0.8470934
7110.8000 0.84455872
7111.7000 0.8405754
7112.6000 0.84125286
7113.5000 0.84602064
7114.4000 0.84959269
7115.3000 0.85211527
7116.2000 0.85571861
7117.1000 0.85815716
7118.0000 0.85867453
7118.9000 0.85817909
7119.8000 0.85550755
7120.7000 0.84839261
7121.6000 0.83741224
7122.5000 0.83338213
7123.4000 0.84321052
7124.3000 0.85571241
7125.2000 0.86040479
7126.1000 0.8594873
7127.0000 0.86024016
7127.9000 0.86539292
7128.8000 0.87162262
7129.7000 0.8674826
7130.6000 0.84905446
7131.5000 0.84116066
7132.4000 0.84906328
7133.3000 0.86134487
7134.2000 0.87289572
7135.1000 0.88329464
7136.0000 0.89176917
7136.9000 0.89497238
7137.8000 0.89067805
7138.7000 0.88563734
7139.6000 0.88685864
7140.5000 0.89295089
7141.4000 0.89575595
7142.3000 0.89020801
7143.2000 0.88445038
7144.1000 0.88490278
7145.0000 0.88767016
7145.9000 0.88783896
7146.8000 0.87839162
7147.7000 0.85614169
7148.6000 0.84328765
7149.5000 0.85996819
7150.4000 0.88377112
7151.3000 0.8903175
7152.2000 0.88925701
7153.1000 0.88971847
7154.0000 0.88847208
7154.9000 0.88816255
7155.8000 0.89257842
7156.7000 0.90045053
7157.6000 0.90687197
7158.5000 0.90812612
7159.4000 0.90295249
7160.3000 0.89596808
7161.2000 0.8961857
7162.1000 0.89717185
7163.0000 0.88439661
7163.9000 0.85772818
7164.8000 0.83574539
7165.7000 0.83957076
7166.6000 0.86146563
7167.5000 0.87851179
7168.4000 0.88216352
7169.3000 0.87715715
7170.2000 0.87249523
7171.1000 0.87283021
7172.0000 0.87735796
7172.9000 0.88132191
7173.8000 0.88171053
7174.7000 0.87990302
7175.6000 0.87323636
7176.5000 0.86380833
7177.4000 0.86156219
7178.3000 0.86761695
7179.2000 0.87132865
7180.1000 0.86098135
7181.0000 0.8433429
7181.9000 0.83847541
7182.8000 0.85196298
7183.7000 0.86933792
7184.6000 0.87503159
7185.5000 0.86963767
7186.4000 0.85325831
7187.3000 0.83048719
7188.2000 0.82643515
7189.1000 0.8430692
7190.0000 0.85278279
7190.9000 0.85199052
7191.8000 0.85100973
7192.7000 0.85168481
7193.6000 0.85172158
7194.5000 0.85115564
7195.4000 0.85363197
7196.3000 0.85429811
7197.2000 0.85276866
7198.1000 0.85877168
7199.0000 0.87034667
7199.9000 0.87354535
7200.8000 0.86203021
7201.7000 0.85142899
7202.6000 0.85892284
7203.5000 0.87853688
7204.4000 0.88963145
7205.3000 0.8856827
7206.2000 0.86441284
7207.1000 0.83166218
7208.0000 0.81721747
7208.9000 0.82838422
7209.8000 0.84400547
7210.7000 0.85758972
7211.6000 0.86810797
7212.5000 0.87227434
7213.4000 0.87421358
7214.3000 0.87487769
7215.2000 0.87210983
7216.1000 0.86742479
7217.0000 0.86728907
7217.9000 0.87260836
7218.8000 0.87281287
7219.7000 0.86681503
7220.6000 0.86493742
7221.5000 0.86944276
7222.4000 0.8721568
7223.3000 0.86912769
7224.2000 0.87076306
7225.1000 0.88267249
7226.0000 0.89218408
7226.9000 0.89039332
7227.8000 0.88421977
7228.7000 0.8806892
7229.6000 0.87759912
7230.5000 0.87434423
7231.4000 0.87536657
7232.3000 0.87953216
7233.2000 0.8851524
7234.1000 0.88994956
7235.0000 0.88777053
7235.9000 0.88084012
7236.8000 0.87539446
7237.7000 0.86910802
7238.6000 0.85975313
7239.5000 0.85164082
7240.4000 0.85126889
7241.3000 0.85831571
7242.2000 0.86416256
7243.1000 0.85758728
7244.0000 0.84566855
7244.9000 0.84409934
7245.8000 0.85015976
7246.7000 0.85553789
7247.6000 0.85708481
7248.5000 0.85295671
7249.4000 0.84379292
7250.3000 0.83387429
7251.2000 0.82846892
7252.1000 0.8310082
7253.0000 0.84310782
7253.9000 0.8619619
7254.8000 0.87425041
7255.7000 0.87223601
7256.6000 0.86778319
7257.5000 0.87120646
7258.4000 0.87702787
7259.3000 0.87520039
7260.2000 0.86209166
7261.1000 0.84532511
7262.0000 0.83857399
7262.9000 0.84812337
7263.8000 0.86468601
7264.7000 0.8772366
7265.6000 0.88582981
7266.5000 0.89198953
7267.4000 0.89025611
7268.3000 0.88040829
7269.2000 0.87285519
7270.1000 0.86966121
7271.0000 0.86686611
7271.9000 0.86335498
7272.8000 0.86427468
7273.7000 0.8722465
7274.6000 0.87678778
7275.5000 0.87124187
7276.4000 0.86784571
7277.3000 0.86894917
7278.2000 0.86637855
7279.1000 0.86003023
7280.0000 0.85454583
7280.9000 0.85430211
7281.8000 0.85878474
7282.7000 0.8636238
7283.6000 0.86301255
7284.5000 0.85673791
7285.4000 0.85051155
7286.3000 0.8494668
7287.2000 0.85022533
7288.1000 0.84374213
7289.0000 0.83176267
7289.9000 0.82666659
7290.8000 0.83048284
7291.7000 0.83280015
7292.6000 0.82685661
7293.5000 0.82267857
7294.4000 0.83241999
7295.3000 0.84781241
7296.2000 0.8590461
7297.1000 0.86418754
7298.0000 0.86241448
7298.9000 0.85740602
7299.8000 0.85600209
7300.7000 0.85998541
7301.6000 0.86448407
7302.5000 0.86632609
7303.4000 0.87083644
7304.3000 0.87797803
7305.2000 0.87766832
7306.1000 0.86411166
7307.0000 0.85086173
7307.9000 0.85030049
7308.8000 0.85732305
7309.7000 0.86122406
7310.6000 0.85461777
7311.5000 0.84490508
7312.4000 0.84565282
7313.3000 0.85575193
7314.2000 0.86368674
7315.1000 0.86115348
7316.0000 0.85365307
7316.9000 0.85125321
7317.8000 0.85414267
7318.7000 0.85679203
7319.6000 0.85404742
7320.5000 0.84717172
7321.4000 0.84652644
7322.3000 0.85231107
7323.2000 0.85441762
7324.1000 0.8486976
7325.0000 0.83476233
7325.9000 0.81788921
7326.8000 0.81501961
7327.7000 0.83389872
7328.6000 0.85193396
7329.5000 0.85139781
7330.4000 0.84303635
7331.3000 0.8429864
7332.2000 0.85065866
7333.1000 0.85561144
7334.0000 0.85699487
7334.9000 0.85961527
7335.8000 0.86303449
7336.7000 0.86535066
7337.6000 0.86629444
7338.5000 0.86590743
7339.4000 0.86543608
7340.3000 0.86612767
7341.2000 0.86913365
7342.1000 0.87042063
7343.0000 0.86132014
7343.9000 0.84444499
7344.8000 0.83621281
7345.7000 0.84301847
7346.6000 0.8534283
7347.5000 0.85910648
7348.4000 0.86320442
7349.3000 0.86491477
7350.2000 0.85927898
7351.1000 0.84802276
7352.0000 0.84133154
7352.9000 0.8439396
7353.8000 0.84495729
7354.7000 0.83547503
7355.6000 0.82217246
7356.5000 0.81836057
7357.4000 0.82537663
7358.3000 0.83509135
7359.2000 0.84190005
7360.1000 0.83979952
7361.0000 0.82975334
7361.9000 0.82128721
7362.8000 0.81734329
7363.7000 0.81739759
7364.6000 0.82197326
7365.5000 0.82869089
7366.4000 0.82943255
7367.3000 0.82639652
7368.2000 0.82786828
7369.1000 0.83021373
7370.0000 0.82895029
7370.9000 0.82553351
7371.8000 0.82122225
7372.7000 0.81907731
7373.6000 0.81900018
7374.5000 0.8172462
7375.4000 0.81345123
7376.3000 0.8123644
7377.2000 0.81692845
7378.1000 0.82219416
7379.0000 0.82350767
7379.9000 0.81974149
7380.8000 0.8144995
7381.7000 0.81107634
7382.6000 0.80765808
7383.5000 0.80219489
7384.4000 0.79305941
7385.3000 0.77937996
7386.2000 0.76746142
7387.1000 0.76256716
7388.0000 0.76173431
7388.9000 0.76169533
7389.8000 0.76826936
7390.7000 0.78570545
7391.6000 0.79789335
7392.5000 0.79152745
7393.4000 0.77883685
7394.3000 0.77980852
7395.2000 0.79374468
7396.1000 0.80431873
7397.0000 0.80582148
7397.9000 0.80177563
7398.8000 0.79336482
7399.7000 0.78294605
7400.6000 0.77689159
7401.5000 0.78196704
7402.4000 0.79297894
7403.3000 0.80024934
7404.2000 0.80165112
7405.1000 0.79779124
7406.0000 0.79320574
7406.9000 0.79356378
7407.8000 0.7928226
7408.7000 0.78309268
7409.6000 0.77001071
7410.5000 0.76322705
7411.4000 0.74648374
7412.3000 0.57318407
7413.2000 0.20249102
7414.1000 0.0209882
7415.0000 0.00050993
7415.9000 0.00000266
7416.8000 0
7417.7000 0
7418.6000 0
7419.5000 0
7420.4000 0
7421.3000 0
7422.2000 0
7423.1000 0
7424.0000 0
7424.9000 0
7425.8000 0
7426.7000 0
7427.6000 0
7428.5000 0
7429.4000 0
