3500.000	0.0000
3500.900	0.0000
3501.800	0.0000
3502.700	0.0000
3503.600	0.0000
3504.500	0.0000
3505.400	0.0000
3506.300	0.0000
3507.200	0.0000
3508.100	0.0000
3509.000	0.0000
3509.900	0.0000
3510.800	0.0000
3511.700	0.0000
3512.600	0.0000
3513.500	0.0000
3514.400	0.0000
3515.300	0.0000
3516.200	0.0000
3517.100	0.0000
3518.000	0.0000
3518.900	0.0000
3519.800	0.0000
3520.700	0.0000
3521.600	0.0000
3522.500	0.0000
3523.400	0.0000
3524.300	0.0000
3525.200	0.0000
3526.100	0.0000
3527.000	0.0000
3527.900	0.0000
3528.800	0.0000
3529.700	0.0000
3530.600	0.0000
3531.500	0.0000
3532.400	0.0000
3533.300	0.0000
3534.200	0.0000
3535.100	0.0029
3536.000	0.0896
3536.900	0.0820
3537.800	0.0837
3538.700	0.0838
3539.600	0.0884
3540.500	0.0822
3541.400	0.0638
3542.300	0.0619
3543.200	0.0707
3544.100	0.0777
3545.000	0.0816
3545.900	0.0744
3546.800	0.0707
3547.700	0.0675
3548.600	0.0680
3549.500	0.0749
3550.400	0.0686
3551.300	0.0703
3552.200	0.0736
3553.100	0.0661
3554.000	0.0753
3554.900	0.0835
3555.800	0.0744
3556.700	0.0675
3557.600	0.0567
3558.500	0.0552
3559.400	0.0607
3560.300	0.0652
3561.200	0.0607
3562.100	0.0565
3563.000	0.0569
3563.900	0.0553
3564.800	0.0398
3565.700	0.0338
3566.600	0.0397
3567.500	0.0493
3568.400	0.0402
3569.300	0.0255
3570.200	0.0272
3571.100	0.0365
3572.000	0.0505
3572.900	0.0584
3573.800	0.0639
3574.700	0.0457
3575.600	0.0411
3576.500	0.0571
3577.400	0.0708
3578.300	0.0567
3579.200	0.0345
3580.100	0.0206
3581.000	0.0257
3581.900	0.0283
3582.800	0.0343
3583.700	0.0379
3584.600	0.0330
3585.500	0.0212
3586.400	0.0454
3587.300	0.0384
3588.200	0.0270
3589.100	0.0285
3590.000	0.0380
3590.900	0.0605
3591.800	0.0713
3592.700	0.0625
3593.600	0.0495
3594.500	0.0475
3595.400	0.0722
3596.300	0.1265
3597.200	0.1325
3598.100	0.1109
3599.000	0.1192
3599.900	0.1238
3600.800	0.1439
3601.700	0.1161
3602.600	0.0790
3603.500	0.0586
3604.400	0.0626
3605.300	0.0520
3606.200	0.0576
3607.100	0.0599
3608.000	0.0523
3608.900	0.0351
3609.800	0.0281
3610.700	0.0441
3611.600	0.0613
3612.500	0.0798
3613.400	0.0895
3614.300	0.0933
3615.200	0.1056
3616.100	0.1127
3617.000	0.0942
3617.900	0.0617
3618.800	0.0359
3619.700	0.0414
3620.600	0.0695
3621.500	0.0817
3622.400	0.0891
3623.300	0.0911
3624.200	0.0969
3625.100	0.1131
3626.000	0.1289
3626.900	0.1347
3627.800	0.1250
3628.700	0.1102
3629.600	0.0934
3630.500	0.0732
3631.400	0.0586
3632.300	0.0517
3633.200	0.0489
3634.100	0.0628
3635.000	0.0731
3635.900	0.0818
3636.800	0.0923
3637.700	0.1021
3638.600	0.1184
3639.500	0.1326
3640.400	0.1225
3641.300	0.1290
3642.200	0.1148
3643.100	0.0951
3644.000	0.1022
3644.900	0.0991
3645.800	0.0827
3646.700	0.0725
3647.600	0.0584
3648.500	0.0470
3649.400	0.0716
3650.300	0.0874
3651.200	0.1090
3652.100	0.1234
3653.000	0.1263
3653.900	0.1362
3654.800	0.1350
3655.700	0.1324
3656.600	0.1463
3657.500	0.1376
3658.400	0.1328
3659.300	0.1494
3660.200	0.1507
3661.100	0.1455
3662.000	0.1317
3662.900	0.1197
3663.800	0.1224
3664.700	0.1392
3665.600	0.1497
3666.500	0.1338
3667.400	0.1062
3668.300	0.1071
3669.200	0.0993
3670.100	0.0848
3671.000	0.1020
3671.900	0.1305
3672.800	0.1372
3673.700	0.1303
3674.600	0.1368
3675.500	0.1486
3676.400	0.1398
3677.300	0.1254
3678.200	0.1195
3679.100	0.0942
3680.000	0.0780
3680.900	0.0942
3681.800	0.1223
3682.700	0.1286
3683.600	0.1261
3684.500	0.1258
3685.400	0.1148
3686.300	0.0906
3687.200	0.0675
3688.100	0.0663
3689.000	0.0858
3689.900	0.1118
3690.800	0.1484
3691.700	0.1815
3692.600	0.1511
3693.500	0.1141
3694.400	0.1019
3695.300	0.1105
3696.200	0.1131
3697.100	0.1106
3698.000	0.1343
3698.900	0.1494
3699.800	0.1605
3700.700	0.1430
3701.600	0.1396
3702.500	0.1421
3703.400	0.1223
3704.300	0.0889
3705.200	0.0725
3706.100	0.0740
3707.000	0.0670
3707.900	0.0684
3708.800	0.0682
3709.700	0.0791
3710.600	0.0981
3711.500	0.1337
3712.400	0.1542
3713.300	0.1473
3714.200	0.1606
3715.100	0.1519
3716.000	0.1184
3716.900	0.0970
3717.800	0.0815
3718.700	0.0664
3719.600	0.0476
3720.500	0.0322
3721.400	0.0299
3722.300	0.0412
3723.200	0.0656
3724.100	0.0847
3725.000	0.1040
3725.900	0.1156
3726.800	0.0984
3727.700	0.0836
3728.600	0.0832
3729.500	0.0994
3730.400	0.1042
3731.300	0.0796
3732.200	0.0673
3733.100	0.0486
3734.000	0.0292
3734.900	0.0223
3735.800	0.0249
3736.700	0.0260
3737.600	0.0347
3738.500	0.0574
3739.400	0.0774
3740.300	0.0814
3741.200	0.0776
3742.100	0.0822
3743.000	0.0713
3743.900	0.0548
3744.800	0.0549
3745.700	0.0493
3746.600	0.0452
3747.500	0.0459
3748.400	0.0320
3749.300	0.0263
3750.200	0.0461
3751.100	0.0644
3752.000	0.0780
3752.900	0.0932
3753.800	0.1069
3754.700	0.1172
3755.600	0.1206
3756.500	0.1089
3757.400	0.0800
3758.300	0.0519
3759.200	0.0598
3760.100	0.0709
3761.000	0.0752
3761.900	0.0753
3762.800	0.0685
3763.700	0.0630
3764.600	0.0701
3765.500	0.0713
3766.400	0.0638
3767.300	0.0668
3768.200	0.0800
3769.100	0.1227
3770.000	0.1314
3770.900	0.1394
3771.800	0.1434
3772.700	0.1477
3773.600	0.1332
3774.500	0.1246
3775.400	0.1320
3776.300	0.1246
3777.200	0.1241
3778.100	0.1212
3779.000	0.1378
3779.900	0.1386
3780.800	0.1377
3781.700	0.1345
3782.600	0.1371
3783.500	0.1415
3784.400	0.1398
3785.300	0.1367
3786.200	0.1157
3787.100	0.0967
3788.000	0.0758
3788.900	0.0645
3789.800	0.0689
3790.700	0.0806
3791.600	0.0943
3792.500	0.0994
3793.400	0.0918
3794.300	0.0813
3795.200	0.0738
3796.100	0.0744
3797.000	0.0799
3797.900	0.0781
3798.800	0.0677
3799.700	0.0683
3800.600	0.0852
3801.500	0.1016
3802.400	0.1119
3803.300	0.1228
3804.200	0.1330
3805.100	0.1367
3806.000	0.1196
3806.900	0.0884
3807.800	0.0844
3808.700	0.1089
3809.600	0.1220
3810.500	0.1229
3811.400	0.1264
3812.300	0.1148
3813.200	0.0940
3814.100	0.0845
3815.000	0.0743
3815.900	0.0598
3816.800	0.0613
3817.700	0.0663
3818.600	0.0590
3819.500	0.0482
3820.400	0.0408
3821.300	0.0392
3822.200	0.0555
3823.100	0.0598
3824.000	0.0486
3824.900	0.0441
3825.800	0.0445
3826.700	0.0481
3827.600	0.0550
3828.500	0.0508
3829.400	0.0528
3830.300	0.0641
3831.200	0.0693
3832.100	0.0535
3833.000	0.0476
3833.900	0.0476
3834.800	0.0522
3835.700	0.0636
3836.600	0.0752
3837.500	0.0713
3838.400	0.0601
3839.300	0.0406
3840.200	0.0401
3841.100	0.0436
3842.000	0.0533
3842.900	0.0782
3843.800	0.0882
3844.700	0.0883
3845.600	0.0892
3846.500	0.0876
3847.400	0.0896
3848.300	0.0775
3849.200	0.0712
3850.100	0.0619
3851.000	0.0575
3851.900	0.0674
3852.800	0.0706
3853.700	0.0697
3854.600	0.0709
3855.500	0.0677
3856.400	0.0650
3857.300	0.0632
3858.200	0.0701
3859.100	0.0587
3860.000	0.0477
3860.900	0.0561
3861.800	0.0716
3862.700	0.0857
3863.600	0.0852
3864.500	0.0748
3865.400	0.0648
3866.300	0.0589
3867.200	0.0606
3868.100	0.0635
3869.000	0.0672
3869.900	0.0695
3870.800	0.0613
3871.700	0.0610
3872.600	0.0621
3873.500	0.0661
3874.400	0.0804
3875.300	0.0908
3876.200	0.0907
3877.100	0.0801
3878.000	0.0632
3878.900	0.0608
3879.800	0.0720
3880.700	0.0775
3881.600	0.0717
3882.500	0.0716
3883.400	0.0870
3884.300	0.1039
3885.200	0.0933
3886.100	0.0625
3887.000	0.0542
3887.900	0.0734
3888.800	0.0976
3889.700	0.1070
3890.600	0.1136
3891.500	0.1269
3892.400	0.1492
3893.300	0.1492
3894.200	0.1384
3895.100	0.1229
3896.000	0.1090
3896.900	0.1096
3897.800	0.1221
3898.700	0.1195
3899.600	0.1080
3900.500	0.1072
3901.400	0.1289
3902.300	0.1381
3903.200	0.1332
3904.100	0.1285
3905.000	0.1237
3905.900	0.1027
3906.800	0.0964
3907.700	0.1105
3908.600	0.1327
3909.500	0.1625
3910.400	0.1613
3911.300	0.1527
3912.200	0.1512
3913.100	0.1393
3914.000	0.1437
3914.900	0.1440
3915.800	0.1345
3916.700	0.1333
3917.600	0.1301
3918.500	0.1278
3919.400	0.1147
3920.300	0.1006
3921.200	0.0839
3922.100	0.0862
3923.000	0.0915
3923.900	0.0943
3924.800	0.1068
3925.700	0.1076
3926.600	0.0914
3927.500	0.0771
3928.400	0.0674
3929.300	0.0513
3930.200	0.0393
3931.100	0.0329
3932.000	0.0295
3932.900	0.0254
3933.800	0.0267
3934.700	0.0299
3935.600	0.0289
3936.500	0.0320
3937.400	0.0421
3938.300	0.0571
3939.200	0.0727
3940.100	0.0833
3941.000	0.0854
3941.900	0.0838
3942.800	0.0762
3943.700	0.0705
3944.600	0.0714
3945.500	0.0865
3946.400	0.1079
3947.300	0.1177
3948.200	0.1149
3949.100	0.1175
3950.000	0.1346
3950.900	0.1579
3951.800	0.1577
3952.700	0.1436
3953.600	0.1530
3954.500	0.1679
3955.400	0.1742
3956.300	0.1559
3957.200	0.1381
3958.100	0.1390
3959.000	0.1355
3959.900	0.1310
3960.800	0.1045
3961.700	0.0761
3962.600	0.0670
3963.500	0.0670
3964.400	0.0695
3965.300	0.0601
3966.200	0.0457
3967.100	0.0322
3968.000	0.0289
3968.900	0.0315
3969.800	0.0346
3970.700	0.0443
3971.600	0.0526
3972.500	0.0667
3973.400	0.0729
3974.300	0.0877
3975.200	0.1088
3976.100	0.1237
3977.000	0.1372
3977.900	0.1519
3978.800	0.1738
3979.700	0.1809
3980.600	0.1940
3981.500	0.1986
3982.400	0.1911
3983.300	0.1773
3984.200	0.1784
3985.100	0.1892
3986.000	0.2025
3986.900	0.2205
3987.800	0.2267
3988.700	0.2248
3989.600	0.2091
3990.500	0.1968
3991.400	0.2007
3992.300	0.2212
3993.200	0.2384
3994.100	0.2427
3995.000	0.2367
3995.900	0.2281
3996.800	0.2177
3997.700	0.2193
3998.600	0.2171
3999.500	0.2367
4000.400	0.2657
4001.300	0.2748
4002.200	0.2747
4003.100	0.2828
4004.000	0.2711
4004.900	0.2290
4005.800	0.1955
4006.700	0.2108
4007.600	0.2414
4008.500	0.2547
4009.400	0.2796
4010.300	0.2837
4011.200	0.2715
4012.100	0.2536
4013.000	0.2588
4013.900	0.2751
4014.800	0.2962
4015.700	0.3145
4016.600	0.3139
4017.500	0.2952
4018.400	0.2903
4019.300	0.3072
4020.200	0.3025
4021.100	0.2793
4022.000	0.2755
4022.900	0.2798
4023.800	0.2778
4024.700	0.2583
4025.600	0.2617
4026.500	0.2843
4027.400	0.2974
4028.300	0.3116
4029.200	0.3085
4030.100	0.2656
4031.000	0.2119
4031.900	0.1838
4032.800	0.1709
4033.700	0.1579
4034.600	0.1705
4035.500	0.2084
4036.400	0.2525
4037.300	0.2930
4038.200	0.3156
4039.100	0.3207
4040.000	0.3089
4040.900	0.2905
4041.800	0.2879
4042.700	0.2931
4043.600	0.2588
4044.500	0.1893
4045.400	0.1287
4046.300	0.1206
4047.200	0.1697
4048.100	0.2309
4049.000	0.2758
4049.900	0.2971
4050.800	0.3070
4051.700	0.3025
4052.600	0.3106
4053.500	0.3169
4054.400	0.2904
4055.300	0.2515
4056.200	0.2531
4057.100	0.2448
4058.000	0.2306
4058.900	0.2310
4059.800	0.2537
4060.700	0.2797
4061.600	0.2698
4062.500	0.2129
4063.400	0.1609
4064.300	0.1577
4065.200	0.2102
4066.100	0.2558
4067.000	0.2582
4067.900	0.2556
4068.800	0.2875
4069.700	0.3106
4070.600	0.2879
4071.500	0.2076
4072.400	0.1883
4073.300	0.2417
4074.200	0.2811
4075.100	0.2781
4076.000	0.2503
4076.900	0.1987
4077.800	0.1754
4078.700	0.2090
4079.600	0.2670
4080.500	0.3147
4081.400	0.3351
4082.300	0.3302
4083.200	0.3153
4084.100	0.3010
4085.000	0.2967
4085.900	0.3018
4086.800	0.3289
4087.700	0.3562
4088.600	0.3687
4089.500	0.3756
4090.400	0.3611
4091.300	0.3389
4092.200	0.3200
4093.100	0.3247
4094.000	0.3424
4094.900	0.3327
4095.800	0.2909
4096.700	0.2580
4097.600	0.2516
4098.500	0.2629
4099.400	0.2621
4100.300	0.2460
4101.200	0.2274
4102.100	0.2321
4103.000	0.2582
4103.900	0.2736
4104.800	0.2836
4105.700	0.3073
4106.600	0.3348
4107.500	0.3403
4108.400	0.3284
4109.300	0.3046
4110.200	0.2739
4111.100	0.2522
4112.000	0.2498
4112.900	0.2643
4113.800	0.2886
4114.700	0.3035
4115.600	0.3023
4116.500	0.2973
4117.400	0.2865
4118.300	0.2576
4119.200	0.2395
4120.100	0.2555
4121.000	0.2778
4121.900	0.2789
4122.800	0.2713
4123.700	0.2643
4124.600	0.2827
4125.500	0.3096
4126.400	0.3264
4127.300	0.3142
4128.200	0.2794
4129.100	0.2654
4130.000	0.2578
4130.900	0.2427
4131.800	0.2177
4132.700	0.2057
4133.600	0.2147
4134.500	0.2306
4135.400	0.2629
4136.300	0.2891
4137.200	0.2912
4138.100	0.2866
4139.000	0.2971
4139.900	0.2939
4140.800	0.2739
4141.700	0.2472
4142.600	0.1872
4143.500	0.1469
4144.400	0.1537
4145.300	0.2005
4146.200	0.2372
4147.100	0.2603
4148.000	0.2737
4148.900	0.2583
4149.800	0.2303
4150.700	0.2200
4151.600	0.2211
4152.500	0.2240
4153.400	0.2292
4154.300	0.2355
4155.200	0.2350
4156.100	0.2403
4157.000	0.2367
4157.900	0.2558
4158.800	0.2855
4159.700	0.3016
4160.600	0.3045
4161.500	0.2928
4162.400	0.3003
4163.300	0.3205
4164.200	0.3033
4165.100	0.2722
4166.000	0.2598
4166.900	0.2515
4167.800	0.2416
4168.700	0.2442
4169.600	0.2714
4170.500	0.2943
4171.400	0.2733
4172.300	0.2236
4173.200	0.1884
4174.100	0.1954
4175.000	0.2211
4175.900	0.2463
4176.800	0.2515
4177.700	0.2449
4178.600	0.2533
4179.500	0.2652
4180.400	0.2683
4181.300	0.2650
4182.200	0.2617
4183.100	0.2708
4184.000	0.3049
4184.900	0.3323
4185.800	0.3332
4186.700	0.3016
4187.600	0.2655
4188.500	0.2619
4189.400	0.2902
4190.300	0.2991
4191.200	0.2841
4192.100	0.2865
4193.000	0.3073
4193.900	0.3230
4194.800	0.3056
4195.700	0.2715
4196.600	0.2462
4197.500	0.2366
4198.400	0.2356
4199.300	0.2360
4200.200	0.2439
4201.100	0.2445
4202.000	0.2293
4202.900	0.2377
4203.800	0.2607
4204.700	0.2679
4205.600	0.2819
4206.500	0.3056
4207.400	0.3191
4208.300	0.3277
4209.200	0.3297
4210.100	0.3168
4211.000	0.3153
4211.900	0.3259
4212.800	0.3132
4213.700	0.2821
4214.600	0.2479
4215.500	0.2258
4216.400	0.2647
4217.300	0.3383
4218.200	0.3854
4219.100	0.4056
4220.000	0.4044
4220.900	0.4022
4221.800	0.3944
4222.700	0.3453
4223.600	0.2801
4224.500	0.2211
4225.400	0.1587
4226.300	0.1026
4227.200	0.0851
4228.100	0.1307
4229.000	0.2096
4229.900	0.2941
4230.800	0.3445
4231.700	0.3641
4232.600	0.3496
4233.500	0.3103
4234.400	0.3051
4235.300	0.3087
4236.200	0.3024
4237.100	0.3075
4238.000	0.3313
4238.900	0.3387
4239.800	0.3386
4240.700	0.3488
4241.600	0.3726
4242.500	0.3904
4243.400	0.4196
4244.300	0.4627
4245.200	0.4798
4246.100	0.4566
4247.000	0.4089
4247.900	0.3745
4248.800	0.3612
4249.700	0.3202
4250.600	0.2718
4251.500	0.2635
4252.400	0.2906
4253.300	0.3013
4254.200	0.2602
4255.100	0.2413
4256.000	0.2910
4256.900	0.3596
4257.800	0.3856
4258.700	0.3502
4259.600	0.3094
4260.500	0.2715
4261.400	0.2752
4262.300	0.3329
4263.200	0.4000
4264.100	0.4453
4265.000	0.4593
4265.900	0.4617
4266.800	0.4601
4267.700	0.4144
4268.600	0.3705
4269.500	0.3405
4270.400	0.2919
4271.300	0.2242
4272.200	0.1925
4273.100	0.2188
4274.000	0.2435
4274.900	0.2405
4275.800	0.2790
4276.700	0.3558
4277.600	0.4087
4278.500	0.4378
4279.400	0.4318
4280.300	0.3885
4281.200	0.3635
4282.100	0.3687
4283.000	0.3770
4283.900	0.3873
4284.800	0.3802
4285.700	0.3557
4286.600	0.3598
4287.500	0.3738
4288.400	0.3440
4289.300	0.2803
4290.200	0.2323
4291.100	0.2449
4292.000	0.2969
4292.900	0.3523
4293.800	0.3695
4294.700	0.3498
4295.600	0.3491
4296.500	0.3649
4297.400	0.3577
4298.300	0.3269
4299.200	0.2670
4300.100	0.2294
4301.000	0.2405
4301.900	0.2631
4302.800	0.2657
4303.700	0.2740
4304.600	0.2871
4305.500	0.2680
4306.400	0.2295
4307.300	0.1963
4308.200	0.1733
4309.100	0.1799
4310.000	0.2243
4310.900	0.2816
4311.800	0.3227
4312.700	0.3484
4313.600	0.3572
4314.500	0.3727
4315.400	0.4358
4316.300	0.5315
4317.200	0.5831
4318.100	0.5830
4319.000	0.5637
4319.900	0.5309
4320.800	0.4954
4321.700	0.4835
4322.600	0.4718
4323.500	0.4064
4324.400	0.3092
4325.300	0.2338
4326.200	0.2335
4327.100	0.3291
4328.000	0.4580
4328.900	0.5324
4329.800	0.5196
4330.700	0.4844
4331.600	0.4953
4332.500	0.5272
4333.400	0.5333
4334.300	0.5547
4335.200	0.5917
4336.100	0.5869
4337.000	0.4924
4337.900	0.3959
4338.800	0.3721
4339.700	0.3578
4340.600	0.3460
4341.500	0.3897
4342.400	0.4666
4343.300	0.4997
4344.200	0.4974
4345.100	0.5114
4346.000	0.5265
4346.900	0.5102
4347.800	0.5105
4348.700	0.5670
4349.600	0.6031
4350.500	0.5358
4351.400	0.4139
4352.300	0.3634
4353.200	0.3966
4354.100	0.4410
4355.000	0.4632
4355.900	0.4998
4356.800	0.5382
4357.700	0.5402
4358.600	0.4835
4359.500	0.4445
4360.400	0.4595
4361.300	0.5063
4362.200	0.5458
4363.100	0.5612
4364.000	0.5608
4364.900	0.6048
4365.800	0.6214
4366.700	0.5631
4367.600	0.4895
4368.500	0.4605
4369.400	0.4818
4370.300	0.5076
4371.200	0.5202
4372.100	0.5112
4373.000	0.4885
4373.900	0.4332
4374.800	0.3736
4375.700	0.3705
4376.600	0.4377
4377.500	0.5173
4378.400	0.5599
4379.300	0.5359
4380.200	0.4837
4381.100	0.4459
4382.000	0.3765
4382.900	0.2753
4383.800	0.1824
4384.700	0.1989
4385.600	0.3109
4386.500	0.4195
4387.400	0.4490
4388.300	0.4455
4389.200	0.4473
4390.100	0.4214
4391.000	0.4094
4391.900	0.4365
4392.800	0.4715
4393.700	0.4819
4394.600	0.4550
4395.500	0.4507
4396.400	0.5161
4397.300	0.5792
4398.200	0.5828
4399.100	0.5481
4400.000	0.5021
4400.900	0.4682
4401.800	0.4972
4402.700	0.5217
4403.600	0.4377
4404.500	0.3079
4405.400	0.2710
4406.300	0.3264
4407.200	0.3694
4408.100	0.3726
4409.000	0.3990
4409.900	0.4772
4410.800	0.5485
4411.700	0.5783
4412.600	0.5882
4413.500	0.5621
4414.400	0.4640
4415.300	0.3798
4416.200	0.3973
4417.100	0.4673
4418.000	0.5265
4418.900	0.5769
4419.800	0.6020
4420.700	0.5779
4421.600	0.5166
4422.500	0.4596
4423.400	0.4605
4424.300	0.5004
4425.200	0.5218
4426.100	0.5157
4427.000	0.5075
4427.900	0.5221
4428.800	0.5318
4429.700	0.4997
4430.600	0.4725
4431.500	0.5106
4432.400	0.5504
4433.300	0.5284
4434.200	0.4725
4435.100	0.4254
4436.000	0.4230
4436.900	0.4853
4437.800	0.5586
4438.700	0.6114
4439.600	0.6307
4440.500	0.5900
4441.400	0.5185
4442.300	0.4717
4443.200	0.4660
4444.100	0.5101
4445.000	0.5859
4445.900	0.6345
4446.800	0.6246
4447.700	0.6097
4448.600	0.6248
4449.500	0.6129
4450.400	0.5720
4451.300	0.5723
4452.200	0.5881
4453.100	0.5638
4454.000	0.5169
4454.900	0.4719
4455.800	0.4558
4456.700	0.4796
4457.600	0.4970
4458.500	0.4692
4459.400	0.4476
4460.300	0.4349
4461.200	0.4028
4462.100	0.4003
4463.000	0.4742
4463.900	0.5691
4464.800	0.5803
4465.700	0.5372
4466.600	0.5271
4467.500	0.5370
4468.400	0.5386
4469.300	0.5200
4470.200	0.5198
4471.100	0.5414
4472.000	0.5709
4472.900	0.6063
4473.800	0.6269
4474.700	0.6248
4475.600	0.6273
4476.500	0.6622
4477.400	0.6978
4478.300	0.7036
4479.200	0.6453
4480.100	0.5644
4481.000	0.5127
4481.900	0.5158
4482.800	0.5508
4483.700	0.6117
4484.600	0.6816
4485.500	0.7206
4486.400	0.7148
4487.300	0.6806
4488.200	0.6084
4489.100	0.5476
4490.000	0.5417
4490.900	0.5657
4491.800	0.6160
4492.700	0.6457
4493.600	0.5929
4494.500	0.5153
4495.400	0.4742
4496.300	0.4967
4497.200	0.5531
4498.100	0.6281
4499.000	0.6679
4499.900	0.6793
4500.800	0.6519
4501.700	0.6020
4502.600	0.6454
4503.500	0.7402
4504.400	0.7716
4505.300	0.7562
4506.200	0.7123
4507.100	0.6845
4508.000	0.6729
4508.900	0.6878
4509.800	0.7213
4510.700	0.7380
4511.600	0.7246
4512.500	0.6643
4513.400	0.6312
4514.300	0.6137
4515.200	0.6187
4516.100	0.6386
4517.000	0.6486
4517.900	0.6228
4518.800	0.6283
4519.700	0.6739
4520.600	0.7196
4521.500	0.7349
4522.400	0.6854
4523.300	0.6324
4524.200	0.6261
4525.100	0.6127
4526.000	0.5591
4526.900	0.5045
4527.800	0.4640
4528.700	0.4528
4529.600	0.4704
4530.500	0.5022
4531.400	0.5374
4532.300	0.5768
4533.200	0.5897
4534.100	0.5562
4535.000	0.5137
4535.900	0.5058
4536.800	0.5995
4537.700	0.6998
4538.600	0.6934
4539.500	0.6333
4540.400	0.5808
4541.300	0.5759
4542.200	0.6165
4543.100	0.6570
4544.000	0.6454
4544.900	0.6021
4545.800	0.5868
4546.700	0.6170
4547.600	0.6584
4548.500	0.6507
4549.400	0.6162
4550.300	0.6239
4551.200	0.6583
4552.100	0.6474
4553.000	0.6020
4553.900	0.5731
4554.800	0.5676
4555.700	0.5857
4556.600	0.6408
4557.500	0.7056
4558.400	0.7394
4559.300	0.7349
4560.200	0.7173
4561.100	0.7114
4562.000	0.7230
4562.900	0.6956
4563.800	0.6296
4564.700	0.5828
4565.600	0.5852
4566.500	0.6399
4567.400	0.7107
4568.300	0.7461
4569.200	0.7324
4570.100	0.6906
4571.000	0.6309
4571.900	0.5998
4572.800	0.6586
4573.700	0.7249
4574.600	0.7157
4575.500	0.6931
4576.400	0.6989
4577.300	0.7004
4578.200	0.6748
4579.100	0.6237
4580.000	0.5733
4580.900	0.5756
4581.800	0.6308
4582.700	0.6740
4583.600	0.6712
4584.500	0.6534
4585.400	0.6374
4586.300	0.6315
4587.200	0.6588
4588.100	0.7161
4589.000	0.7683
4589.900	0.7671
4590.800	0.7237
4591.700	0.6815
4592.600	0.6561
4593.500	0.6438
4594.400	0.6211
4595.300	0.6065
4596.200	0.6197
4597.100	0.6250
4598.000	0.6257
4598.900	0.6446
4599.800	0.6590
4600.700	0.6470
4601.600	0.6486
4602.500	0.6628
4603.400	0.6557
4604.300	0.6377
4605.200	0.6199
4606.100	0.6325
4607.000	0.6848
4607.900	0.7700
4608.800	0.8366
4609.700	0.8330
4610.600	0.7788
4611.500	0.7294
4612.400	0.7110
4613.300	0.6941
4614.200	0.7085
4615.100	0.7545
4616.000	0.7655
4616.900	0.7738
4617.800	0.7964
4618.700	0.7828
4619.600	0.7430
4620.500	0.7506
4621.400	0.7828
4622.300	0.7683
4623.200	0.7479
4624.100	0.7511
4625.000	0.7499
4625.900	0.7314
4626.800	0.7339
4627.700	0.7600
4628.600	0.7625
4629.500	0.7383
4630.400	0.7489
4631.300	0.7877
4632.200	0.7799
4633.100	0.7231
4634.000	0.6833
4634.900	0.6876
4635.800	0.7050
4636.700	0.7043
4637.600	0.6760
4638.500	0.6542
4639.400	0.6366
4640.300	0.6068
4641.200	0.6459
4642.100	0.7118
4643.000	0.7200
4643.900	0.6909
4644.800	0.6651
4645.700	0.6161
4646.600	0.5535
4647.500	0.5420
4648.400	0.5743
4649.300	0.6174
4650.200	0.6688
4651.100	0.7169
4652.000	0.7356
4652.900	0.7408
4653.800	0.7176
4654.700	0.6680
4655.600	0.6310
4656.500	0.6390
4657.400	0.6803
4658.300	0.7555
4659.200	0.8340
4660.100	0.8599
4661.000	0.8211
4661.900	0.7561
4662.800	0.6973
4663.700	0.6707
4664.600	0.6795
4665.500	0.6686
4666.400	0.6043
4667.300	0.5335
4668.200	0.5158
4669.100	0.5683
4670.000	0.6534
4670.900	0.7134
4671.800	0.7431
4672.700	0.7351
4673.600	0.7038
4674.500	0.6802
4675.400	0.6889
4676.300	0.7475
4677.200	0.7792
4678.100	0.7436
4679.000	0.7019
4679.900	0.6640
4680.800	0.6438
4681.700	0.6405
4682.600	0.6655
4683.500	0.7106
4684.400	0.7302
4685.300	0.7179
4686.200	0.7191
4687.100	0.6811
4688.000	0.6542
4688.900	0.6668
4689.800	0.6921
4690.700	0.6959
4691.600	0.6706
4692.500	0.6767
4693.400	0.6932
4694.300	0.7201
4695.200	0.7493
4696.100	0.7748
4697.000	0.7587
4697.900	0.6885
4698.800	0.6235
4699.700	0.6157
4700.600	0.6547
4701.500	0.6682
4702.400	0.6686
4703.300	0.6684
4704.200	0.6820
4705.100	0.6991
4706.000	0.6957
4706.900	0.6768
4707.800	0.6596
4708.700	0.6488
4709.600	0.6416
4710.500	0.6715
4711.400	0.7268
4712.300	0.7358
4713.200	0.7028
4714.100	0.6597
4715.000	0.6340
4715.900	0.6802
4716.800	0.7388
4717.700	0.7694
4718.600	0.7857
4719.500	0.8136
4720.400	0.8249
4721.300	0.8007
4722.200	0.7678
4723.100	0.7570
4724.000	0.7792
4724.900	0.8082
4725.800	0.8017
4726.700	0.7467
4727.600	0.6486
4728.500	0.5883
4729.400	0.5971
4730.300	0.6260
4731.200	0.6434
4732.100	0.6692
4733.000	0.7014
4733.900	0.7094
4734.800	0.7294
4735.700	0.7497
4736.600	0.7277
4737.500	0.7109
4738.400	0.7555
4739.300	0.7865
4740.200	0.7643
4741.100	0.7306
4742.000	0.7190
4742.900	0.7394
4743.800	0.7563
4744.700	0.7487
4745.600	0.7399
4746.500	0.7692
4747.400	0.8032
4748.300	0.7933
4749.200	0.7855
4750.100	0.7935
4751.000	0.7935
4751.900	0.7622
4752.800	0.7237
4753.700	0.7183
4754.600	0.7252
4755.500	0.7279
4756.400	0.7215
4757.300	0.7178
4758.200	0.7189
4759.100	0.7298
4760.000	0.7505
4760.900	0.7578
4761.800	0.7374
4762.700	0.7113
4763.600	0.6972
4764.500	0.6832
4765.400	0.6582
4766.300	0.6422
4767.200	0.6590
4768.100	0.7081
4769.000	0.7546
4769.900	0.7838
4770.800	0.7811
4771.700	0.7439
4772.600	0.7253
4773.500	0.7471
4774.400	0.7873
4775.300	0.8079
4776.200	0.7941
4777.100	0.7885
4778.000	0.7978
4778.900	0.7928
4779.800	0.7773
4780.700	0.7636
4781.600	0.7409
4782.500	0.7103
4783.400	0.6850
4784.300	0.6951
4785.200	0.7211
4786.100	0.7094
4787.000	0.6993
4787.900	0.7196
4788.800	0.7229
4789.700	0.7058
4790.600	0.6990
4791.500	0.7119
4792.400	0.7392
4793.300	0.7838
4794.200	0.8376
4795.100	0.8630
4796.000	0.8366
4796.900	0.7967
4797.800	0.7689
4798.700	0.7467
4799.600	0.7293
4800.500	0.7300
4801.400	0.7682
4802.300	0.8250
4803.200	0.8589
4804.100	0.8450
4805.000	0.8008
4805.900	0.7667
4806.800	0.7410
4807.700	0.7173
4808.600	0.7227
4809.500	0.7574
4810.400	0.7939
4811.300	0.8064
4812.200	0.8021
4813.100	0.7869
4814.000	0.7672
4814.900	0.7628
4815.800	0.7728
4816.700	0.8000
4817.600	0.8319
4818.500	0.8504
4819.400	0.8608
4820.300	0.8629
4821.200	0.8549
4822.100	0.8298
4823.000	0.7653
4823.900	0.7080
4824.800	0.7213
4825.700	0.7772
4826.600	0.8084
4827.500	0.7868
4828.400	0.7520
4829.300	0.7565
4830.200	0.7830
4831.100	0.7660
4832.000	0.7107
4832.900	0.7029
4833.800	0.7571
4834.700	0.8047
4835.600	0.8006
4836.500	0.7802
4837.400	0.7874
4838.300	0.7866
4839.200	0.7517
4840.100	0.7269
4841.000	0.7361
4841.900	0.7557
4842.800	0.7383
4843.700	0.7173
4844.600	0.7508
4845.500	0.8110
4846.400	0.8323
4847.300	0.7997
4848.200	0.7474
4849.100	0.7384
4850.000	0.7848
4850.900	0.8184
4851.800	0.8026
4852.700	0.7947
4853.600	0.7960
4854.500	0.7534
4855.400	0.6911
4856.300	0.6952
4857.200	0.7571
4858.100	0.7870
4859.000	0.7532
4859.900	0.6849
4860.800	0.6090
4861.700	0.5719
4862.600	0.6316
4863.500	0.6999
4864.400	0.7088
4865.300	0.7208
4866.200	0.7459
4867.100	0.7607
4868.000	0.7504
4868.900	0.7575
4869.800	0.7601
4870.700	0.6884
4871.600	0.6118
4872.500	0.6254
4873.400	0.6939
4874.300	0.7301
4875.200	0.7259
4876.100	0.7288
4877.000	0.7625
4877.900	0.7879
4878.800	0.8200
4879.700	0.8518
4880.600	0.8051
4881.500	0.7277
4882.400	0.7114
4883.300	0.7510
4884.200	0.7643
4885.100	0.7134
4886.000	0.6590
4886.900	0.6619
4887.800	0.7029
4888.700	0.7267
4889.600	0.7255
4890.500	0.6729
4891.400	0.6125
4892.300	0.6619
4893.200	0.7678
4894.100	0.8342
4895.000	0.8888
4895.900	0.9172
4896.800	0.9073
4897.700	0.8940
4898.600	0.8787
4899.500	0.8303
4900.400	0.7864
4901.300	0.8000
4902.200	0.8109
4903.100	0.7899
4904.000	0.7716
4904.900	0.7898
4905.800	0.8537
4906.700	0.8776
4907.600	0.8454
4908.500	0.7849
4909.400	0.7469
4910.300	0.7154
4911.200	0.7190
4912.100	0.7593
4913.000	0.7962
4913.900	0.8030
4914.800	0.8175
4915.700	0.8504
4916.600	0.8667
4917.500	0.8221
4918.400	0.7141
4919.300	0.6107
4920.200	0.5507
4921.100	0.5803
4922.000	0.6812
4922.900	0.7523
4923.800	0.7696
4924.700	0.7343
4925.600	0.7267
4926.500	0.7806
4927.400	0.8268
4928.300	0.8393
4929.200	0.8744
4930.100	0.8984
4931.000	0.8894
4931.900	0.8732
4932.800	0.8132
4933.700	0.7540
4934.600	0.7670
4935.500	0.8266
4936.400	0.8267
4937.300	0.7541
4938.200	0.6752
4939.100	0.6415
4940.000	0.6882
4940.900	0.7664
4941.800	0.8180
4942.700	0.8310
4943.600	0.8601
4944.500	0.8710
4945.400	0.8359
4946.300	0.8202
4947.200	0.8527
4948.100	0.8702
4949.000	0.8675
4949.900	0.8804
4950.800	0.9067
4951.700	0.9108
4952.600	0.8828
4953.500	0.8619
4954.400	0.8588
4955.300	0.8573
4956.200	0.8253
4957.100	0.7077
4958.000	0.6320
4958.900	0.7130
4959.800	0.8305
4960.700	0.8936
4961.600	0.8902
4962.500	0.8733
4963.400	0.8776
4964.300	0.8606
4965.200	0.7840
4966.100	0.7325
4967.000	0.7342
4967.900	0.7515
4968.800	0.7657
4969.700	0.7917
4970.600	0.8168
4971.500	0.8406
4972.400	0.8700
4973.300	0.8812
4974.200	0.8937
4975.100	0.8904
4976.000	0.8713
4976.900	0.8566
4977.800	0.8274
4978.700	0.7792
4979.600	0.7777
4980.500	0.7808
4981.400	0.7438
4982.300	0.6721
4983.200	0.6462
4984.100	0.6739
4985.000	0.7192
4985.900	0.7322
4986.800	0.7559
4987.700	0.7972
4988.600	0.8111
4989.500	0.8007
4990.400	0.7778
4991.300	0.7675
4992.200	0.8026
4993.100	0.8332
4994.000	0.7975
4994.900	0.7783
4995.800	0.8022
4996.700	0.8137
4997.600	0.8155
4998.500	0.8015
4999.400	0.7470
5000.300	0.7107
5001.200	0.7184
5002.100	0.7349
5003.000	0.7423
5003.900	0.7328
5004.800	0.7127
5005.700	0.6768
5006.600	0.6570
5007.500	0.7023
5008.400	0.7714
5009.300	0.7995
5010.200	0.7829
5011.100	0.7621
5012.000	0.7177
5012.900	0.6553
5013.800	0.6268
5014.700	0.6184
5015.600	0.6731
5016.500	0.7292
5017.400	0.7258
5018.300	0.7103
5019.200	0.7121
5020.100	0.7276
5021.000	0.7225
5021.900	0.6893
5022.800	0.6756
5023.700	0.7239
5024.600	0.7725
5025.500	0.7788
5026.400	0.7731
5027.300	0.7327
5028.200	0.6965
5029.100	0.7449
5030.000	0.7958
5030.900	0.8031
5031.800	0.8387
5032.700	0.8827
5033.600	0.9036
5034.500	0.8720
5035.400	0.7900
5036.300	0.7228
5037.200	0.7347
5038.100	0.7651
5039.000	0.7238
5039.900	0.6357
5040.800	0.5573
5041.700	0.5449
5042.600	0.6437
5043.500	0.7416
5044.400	0.7933
5045.300	0.8529
5046.200	0.8993
5047.100	0.8826
5048.000	0.8022
5048.900	0.7132
5049.800	0.6877
5050.700	0.7057
5051.600	0.7250
5052.500	0.7325
5053.400	0.7569
5054.300	0.7789
5055.200	0.8174
5056.100	0.8363
5057.000	0.8260
5057.900	0.8332
5058.800	0.8401
5059.700	0.8459
5060.600	0.8632
5061.500	0.8849
5062.400	0.8764
5063.300	0.8356
5064.200	0.7523
5065.100	0.6883
5066.000	0.7089
5066.900	0.7465
5067.800	0.7335
5068.700	0.7153
5069.600	0.7406
5070.500	0.7793
5071.400	0.7708
5072.300	0.7335
5073.200	0.7421
5074.100	0.7875
5075.000	0.7942
5075.900	0.7590
5076.800	0.7495
5077.700	0.7776
5078.600	0.7462
5079.500	0.6547
5080.400	0.6058
5081.300	0.6283
5082.200	0.6661
5083.100	0.6812
5084.000	0.6921
5084.900	0.7187
5085.800	0.7419
5086.700	0.7592
5087.600	0.7595
5088.500	0.7659
5089.400	0.7856
5090.300	0.7875
5091.200	0.7801
5092.100	0.8002
5093.000	0.8327
5093.900	0.8506
5094.800	0.8181
5095.700	0.7651
5096.600	0.7402
5097.500	0.7322
5098.400	0.6919
5099.300	0.6457
5100.200	0.6693
5101.100	0.7344
5102.000	0.7678
5102.900	0.7588
5103.800	0.7377
5104.700	0.7326
5105.600	0.7314
5106.500	0.7116
5107.400	0.6727
5108.300	0.6626
5109.200	0.6828
5110.100	0.6799
5111.000	0.6798
5111.900	0.7075
5112.800	0.7163
5113.700	0.7291
5114.600	0.7732
5115.500	0.7891
5116.400	0.7836
5117.300	0.8056
5118.200	0.8276
5119.100	0.8108
5120.000	0.7785
5120.900	0.7476
5121.800	0.7222
5122.700	0.6868
5123.600	0.6270
5124.500	0.6070
5125.400	0.6390
5126.300	0.6668
5127.200	0.6642
5128.100	0.6503
5129.000	0.6427
5129.900	0.6378
5130.800	0.6656
5131.700	0.7215
5132.600	0.7552
5133.500	0.7549
5134.400	0.7583
5135.300	0.7903
5136.200	0.7892
5137.100	0.7470
5138.000	0.7083
5138.900	0.6716
5139.800	0.6730
5140.700	0.7340
5141.600	0.7402
5142.500	0.6740
5143.400	0.6625
5144.300	0.7028
5145.200	0.7064
5146.100	0.6741
5147.000	0.6564
5147.900	0.6618
5148.800	0.6729
5149.700	0.6762
5150.600	0.6695
5151.500	0.6610
5152.400	0.6506
5153.300	0.6363
5154.200	0.6380
5155.100	0.6733
5156.000	0.7325
5156.900	0.7798
5157.800	0.8043
5158.700	0.8003
5159.600	0.7833
5160.500	0.7946
5161.400	0.8094
5162.300	0.7758
5163.200	0.7420
5164.100	0.7292
5165.000	0.6736
5165.900	0.5640
5166.800	0.4605
5167.700	0.4129
5168.600	0.4620
5169.500	0.5693
5170.400	0.6272
5171.300	0.5651
5172.200	0.4318
5173.100	0.3802
5174.000	0.4780
5174.900	0.6210
5175.800	0.6889
5176.700	0.6997
5177.600	0.7105
5178.500	0.7190
5179.400	0.7155
5180.300	0.6866
5181.200	0.6306
5182.100	0.5437
5183.000	0.4348
5183.900	0.3842
5184.800	0.4816
5185.700	0.6540
5186.600	0.7722
5187.500	0.8101
5188.400	0.8039
5189.300	0.8219
5190.200	0.8545
5191.100	0.7943
5192.000	0.6697
5192.900	0.6211
5193.800	0.6622
5194.700	0.7079
5195.600	0.7208
5196.500	0.7442
5197.400	0.7917
5198.300	0.8239
5199.200	0.8293
5200.100	0.8286
5201.000	0.8143
5201.900	0.7859
5202.800	0.7687
5203.700	0.7339
5204.600	0.6574
5205.500	0.5833
5206.400	0.5601
5207.300	0.5630
5208.200	0.5408
5209.100	0.5262
5210.000	0.5731
5210.900	0.6565
5211.800	0.7491
5212.700	0.8244
5213.600	0.8573
5214.500	0.8447
5215.400	0.8028
5216.300	0.7744
5217.200	0.7865
5218.100	0.8280
5219.000	0.8615
5219.900	0.8691
5220.800	0.8721
5221.700	0.8732
5222.600	0.8507
5223.500	0.7877
5224.400	0.7074
5225.300	0.6469
5226.200	0.6022
5227.100	0.5982
5228.000	0.6876
5228.900	0.8091
5229.800	0.8586
5230.700	0.8690
5231.600	0.8716
5232.500	0.8252
5233.400	0.7634
5234.300	0.7583
5235.200	0.7978
5236.100	0.8520
5237.000	0.9046
5237.900	0.9189
5238.800	0.8920
5239.700	0.8685
5240.600	0.8741
5241.500	0.8936
5242.400	0.8997
5243.300	0.9039
5244.200	0.9337
5245.100	0.9416
5246.000	0.8598
5246.900	0.7467
5247.800	0.7245
5248.700	0.7763
5249.600	0.7747
5250.500	0.7288
5251.400	0.7341
5252.300	0.7868
5253.200	0.8306
5254.100	0.8214
5255.000	0.7733
5255.900	0.7783
5256.800	0.8624
5257.700	0.9410
5258.600	0.9648
5259.500	0.9379
5260.400	0.8893
5261.300	0.8347
5262.200	0.7687
5263.100	0.7043
5264.000	0.6567
5264.900	0.6236
5265.800	0.6020
5266.700	0.6407
5267.600	0.7090
5268.500	0.6662
5269.400	0.5273
5270.300	0.4935
5271.200	0.6257
5272.100	0.7682
5273.000	0.8200
5273.900	0.8179
5274.800	0.7938
5275.700	0.7803
5276.600	0.8302
5277.500	0.9134
5278.400	0.9587
5279.300	0.9458
5280.200	0.8940
5281.100	0.8412
5282.000	0.8104
5282.900	0.7900
5283.800	0.7814
5284.700	0.8268
5285.600	0.9238
5286.500	0.9896
5287.400	0.9781
5288.300	0.9384
5289.200	0.9277
5290.100	0.9580
5291.000	0.9801
5291.900	0.9657
5292.800	0.9366
5293.700	0.9257
5294.600	0.9282
5295.500	0.8945
5296.400	0.8098
5297.300	0.7197
5298.200	0.6968
5299.100	0.7664
5300.000	0.8381
5300.900	0.8378
5301.800	0.8306
5302.700	0.8651
5303.600	0.9209
5304.500	0.9767
5305.400	1.0078
5306.300	0.9898
5307.200	0.9578
5308.100	0.9593
5309.000	0.9854
5309.900	1.0021
5310.800	0.9964
5311.700	0.9796
5312.600	0.9603
5313.500	0.9423
5314.400	0.9363
5315.300	0.9365
5316.200	0.9257
5317.100	0.9137
5318.000	0.9175
5318.900	0.9140
5319.800	0.9143
5320.700	0.9270
5321.600	0.9283
5322.500	0.9093
5323.400	0.8704
5324.300	0.8326
5325.200	0.8446
5326.100	0.8527
5327.000	0.7528
5327.900	0.5989
5328.800	0.5630
5329.700	0.6846
5330.600	0.8211
5331.500	0.8722
5332.400	0.8634
5333.300	0.8668
5334.200	0.9140
5335.100	0.9575
5336.000	0.9566
5336.900	0.9367
5337.800	0.9313
5338.700	0.9153
5339.600	0.8513
5340.500	0.7769
5341.400	0.7860
5342.300	0.8639
5343.200	0.9114
5344.100	0.9095
5345.000	0.8793
5345.900	0.8526
5346.800	0.8663
5347.700	0.8760
5348.600	0.8472
5349.500	0.8296
5350.400	0.8624
5351.300	0.9219
5352.200	0.9565
5353.100	0.9629
5354.000	0.9851
5354.900	1.0181
5355.800	1.0252
5356.700	1.0200
5357.600	1.0228
5358.500	1.0309
5359.400	1.0340
5360.300	1.0173
5361.200	0.9766
5362.100	0.9435
5363.000	0.9463
5363.900	0.9528
5364.800	0.9384
5365.700	0.9337
5366.600	0.9375
5367.500	0.9308
5368.400	0.9091
5369.300	0.8512
5370.200	0.7674
5371.100	0.7096
5372.000	0.7481
5372.900	0.8751
5373.800	0.9670
5374.700	0.9965
5375.600	0.9853
5376.500	0.9536
5377.400	0.9438
5378.300	0.9721
5379.200	0.9973
5380.100	0.9828
5381.000	0.9563
5381.900	0.9474
5382.800	0.9341
5383.700	0.9310
5384.600	0.9534
5385.500	0.9671
5386.400	0.9571
5387.300	0.9418
5388.200	0.9258
5389.100	0.8952
5390.000	0.8635
5390.900	0.8499
5391.800	0.8555
5392.700	0.8691
5393.600	0.8725
5394.500	0.8705
5395.400	0.8496
5396.300	0.7835
5397.200	0.7334
5398.100	0.7863
5399.000	0.8812
5399.900	0.9100
5400.800	0.8929
5401.700	0.9081
5402.600	0.9232
5403.500	0.8760
5404.400	0.7827
5405.300	0.7052
5406.200	0.6982
5407.100	0.7654
5408.000	0.8295
5408.900	0.8261
5409.800	0.7929
5410.700	0.8201
5411.600	0.8940
5412.500	0.9466
5413.400	0.9654
5414.300	0.9669
5415.200	0.9742
5416.100	1.0019
5417.000	1.0225
5417.900	1.0164
5418.800	0.9829
5419.700	0.9413
5420.600	0.9207
5421.500	0.9369
5422.400	0.9672
5423.300	0.9581
5424.200	0.9194
5425.100	0.9242
5426.000	0.9694
5426.900	1.0089
5427.800	0.9970
5428.700	0.8891
5429.600	0.7843
5430.500	0.8146
5431.400	0.8909
5432.300	0.8894
5433.200	0.8473
5434.100	0.8119
5435.000	0.7962
5435.900	0.8155
5436.800	0.8497
5437.700	0.9083
5438.600	0.9698
5439.500	1.0145
5440.400	1.0337
5441.300	1.0295
5442.200	1.0262
5443.100	1.0283
5444.000	1.0092
5444.900	0.9467
5445.800	0.8393
5446.700	0.7574
5447.600	0.7876
5448.500	0.8865
5449.400	0.9657
5450.300	1.0035
5451.200	1.0029
5452.100	0.9762
5453.000	0.9437
5453.900	0.9000
5454.800	0.8296
5455.700	0.7852
5456.600	0.8332
5457.500	0.9290
5458.400	1.0023
5459.300	1.0080
5460.200	0.9714
5461.100	0.9433
5462.000	0.9228
5462.900	0.8978
5463.800	0.9019
5464.700	0.9367
5465.600	0.9527
5466.500	0.9506
5467.400	0.9597
5468.300	0.9639
5469.200	0.9370
5470.100	0.8936
5471.000	0.8877
5471.900	0.9098
5472.800	0.8980
5473.700	0.8656
5474.600	0.8696
5475.500	0.8570
5476.400	0.8003
5477.300	0.7900
5478.200	0.8669
5479.100	0.9391
5480.000	0.9267
5480.900	0.8504
5481.800	0.8117
5482.700	0.8481
5483.600	0.9041
5484.500	0.9516
5485.400	0.9815
5486.300	0.9580
5487.200	0.8945
5488.100	0.8763
5489.000	0.9029
5489.900	0.9074
5490.800	0.9122
5491.700	0.9407
5492.600	0.9409
5493.500	0.9118
5494.400	0.9150
5495.300	0.9393
5496.200	0.9324
5497.100	0.8971
5498.000	0.9087
5498.900	0.9738
5499.800	1.0024
5500.700	0.9597
5501.600	0.9161
5502.500	0.9124
5503.400	0.9109
5504.300	0.9077
5505.200	0.8884
5506.100	0.8503
5507.000	0.8597
5507.900	0.9198
5508.800	0.9548
5509.700	0.9498
5510.600	0.9260
5511.500	0.8770
5512.400	0.8271
5513.300	0.8187
5514.200	0.8299
5515.100	0.8482
5516.000	0.8697
5516.900	0.8963
5517.800	0.9537
5518.700	1.0128
5519.600	1.0215
5520.500	0.9961
5521.400	0.9847
5522.300	0.9858
5523.200	0.9811
5524.100	0.9827
5525.000	0.9834
5525.900	0.9676
5526.800	0.9299
5527.700	0.8790
5528.600	0.8643
5529.500	0.9128
5530.400	0.9665
5531.300	0.9784
5532.200	0.9600
5533.100	0.9406
5534.000	0.9361
5534.900	0.9315
5535.800	0.9349
5536.700	0.9473
5537.600	0.9432
5538.500	0.9428
5539.400	0.9753
5540.300	1.0081
5541.200	1.0145
5542.100	0.9947
5543.000	0.9603
5543.900	0.9548
5544.800	0.9658
5545.700	0.9555
5546.600	0.9495
5547.500	0.9864
5548.400	1.0278
5549.300	1.0306
5550.200	1.0240
5551.100	1.0202
5552.000	0.9918
5552.900	0.9721
5553.800	0.9569
5554.700	0.9499
5555.600	0.9711
5556.500	0.9794
5557.400	0.9636
5558.300	0.9715
5559.200	0.9843
5560.100	0.9715
5561.000	0.9517
5561.900	0.9321
5562.800	0.9252
5563.700	0.9403
5564.600	0.9530
5565.500	0.9453
5566.400	0.9310
5567.300	0.9372
5568.200	0.9462
5569.100	0.9276
5570.000	0.9256
5570.900	0.9654
5571.800	0.9669
5572.700	0.9231
5573.600	0.9343
5574.500	0.9871
5575.400	1.0051
5576.300	1.0028
5577.200	1.0100
5578.100	1.0000
5579.000	0.9769
5579.900	0.9938
5580.800	1.0105
5581.700	0.9882
5582.600	0.9631
5583.500	0.9647
5584.400	0.9590
5585.300	0.9199
5586.200	0.8771
5587.100	0.8419
5588.000	0.8195
5588.900	0.8202
5589.800	0.8379
5590.700	0.8742
5591.600	0.8981
5592.500	0.9033
5593.400	0.9107
5594.300	0.9139
5595.200	0.9422
5596.100	0.9855
5597.000	0.9910
5597.900	0.9541
5598.800	0.9192
5599.700	0.9222
5600.600	0.9127
5601.500	0.8769
5602.400	0.8693
5603.300	0.8893
5604.200	0.9410
5605.100	0.9985
5606.000	1.0348
5606.900	1.0538
5607.800	1.0436
5608.700	1.0248
5609.600	1.0162
5610.500	1.0219
5611.400	1.0359
5612.300	1.0487
5613.200	1.0456
5614.100	0.9859
5615.000	0.8823
5615.900	0.8402
5616.800	0.8954
5617.700	0.9607
5618.600	0.9628
5619.500	0.9304
5620.400	0.9297
5621.300	0.9755
5622.200	1.0074
5623.100	0.9687
5624.000	0.8847
5624.900	0.8362
5625.800	0.8627
5626.700	0.9184
5627.600	0.9531
5628.500	0.9790
5629.400	1.0176
5630.300	1.0490
5631.200	1.0500
5632.100	1.0247
5633.000	0.9953
5633.900	0.9810
5634.800	0.9819
5635.700	0.9722
5636.600	0.9465
5637.500	0.9334
5638.400	0.9367
5639.300	0.9406
5640.200	0.9416
5641.100	0.9293
5642.000	0.9271
5642.900	0.9435
5643.800	0.9516
5644.700	0.9559
5645.600	0.9546
5646.500	0.9569
5647.400	0.9702
5648.300	0.9666
5649.200	0.9526
5650.100	0.9560
5651.000	0.9791
5651.900	1.0088
5652.800	1.0236
5653.700	1.0018
5654.600	0.9608
5655.500	0.9573
5656.400	0.9760
5657.300	0.9335
5658.200	0.8495
5659.100	0.8299
5660.000	0.8833
5660.900	0.9280
5661.800	0.9331
5662.700	0.9279
5663.600	0.9362
5664.500	0.9558
5665.400	0.9806
5666.300	0.9826
5667.200	0.9513
5668.100	0.9296
5669.000	0.9378
5669.900	0.9532
5670.800	0.9624
5671.700	0.9785
5672.600	1.0111
5673.500	1.0414
5674.400	1.0465
5675.300	1.0314
5676.200	1.0223
5677.100	1.0255
5678.000	1.0234
5678.900	1.0070
5679.800	0.9994
5680.700	1.0054
5681.600	0.9833
5682.500	0.9425
5683.400	0.9408
5684.300	0.9755
5685.200	0.9927
5686.100	0.9649
5687.000	0.9346
5687.900	0.9363
5688.800	0.9524
5689.700	0.9752
5690.600	1.0018
5691.500	1.0301
5692.400	1.0535
5693.300	1.0589
5694.200	1.0454
5695.100	1.0239
5696.000	1.0166
5696.900	1.0195
5697.800	0.9964
5698.700	0.9616
5699.600	0.9497
5700.500	0.9380
5701.400	0.9084
5702.300	0.8886
5703.200	0.8997
5704.100	0.9332
5705.000	0.9564
5705.900	0.9428
5706.800	0.9032
5707.700	0.8640
5708.600	0.8294
5709.500	0.8268
5710.400	0.8628
5711.300	0.8800
5712.200	0.8868
5713.100	0.9318
5714.000	0.9742
5714.900	0.9759
5715.800	0.9773
5716.700	0.9949
5717.600	1.0001
5718.500	1.0071
5719.400	1.0296
5720.300	1.0420
5721.200	1.0469
5722.100	1.0578
5723.000	1.0655
5723.900	1.0676
5724.800	1.0541
5725.700	1.0231
5726.600	0.9857
5727.500	0.9633
5728.400	0.9884
5729.300	1.0226
5730.200	1.0053
5731.100	0.9626
5732.000	0.9613
5732.900	1.0075
5733.800	1.0420
5734.700	1.0562
5735.600	1.0650
5736.500	1.0520
5737.400	1.0240
5738.300	1.0095
5739.200	1.0037
5740.100	1.0092
5741.000	1.0270
5741.900	1.0194
5742.800	0.9880
5743.700	0.9873
5744.600	1.0314
5745.500	1.0624
5746.400	1.0580
5747.300	1.0169
5748.200	0.9751
5749.100	0.9955
5750.000	1.0478
5750.900	1.0655
5751.800	1.0264
5752.700	0.9626
5753.600	0.9301
5754.500	0.9399
5755.400	0.9855
5756.300	1.0494
5757.200	1.0951
5758.100	1.0977
5759.000	1.0632
5759.900	1.0175
5760.800	0.9781
5761.700	0.9428
5762.600	0.9407
5763.500	0.9981
5764.400	1.0704
5765.300	1.1009
5766.200	1.0922
5767.100	1.0813
5768.000	1.0768
5768.900	1.0748
5769.800	1.0694
5770.700	1.0545
5771.600	1.0444
5772.500	1.0440
5773.400	1.0361
5774.300	1.0158
5775.200	1.0107
5776.100	1.0268
5777.000	1.0526
5777.900	1.0698
5778.800	1.0532
5779.700	1.0000
5780.600	0.9124
5781.500	0.8412
5782.400	0.8433
5783.300	0.8620
5784.200	0.8453
5785.100	0.8328
5786.000	0.8705
5786.900	0.9406
5787.800	0.9787
5788.700	0.9914
5789.600	1.0001
5790.500	0.9792
5791.400	0.9604
5792.300	0.9824
5793.200	1.0058
5794.100	1.0281
5795.000	1.0571
5795.900	1.0404
5796.800	0.9879
5797.700	0.9452
5798.600	0.9655
5799.500	1.0423
5800.400	1.0929
5801.300	1.0969
5802.200	1.0839
5803.100	1.0584
5804.000	1.0168
5804.900	0.9799
5805.800	0.9823
5806.700	1.0061
5807.600	1.0232
5808.500	1.0499
5809.400	1.0631
5810.300	1.0682
5811.200	1.0890
5812.100	1.1114
5813.000	1.1143
5813.900	1.0867
5814.800	1.0338
5815.700	0.9863
5816.600	0.9784
5817.500	1.0200
5818.400	1.0753
5819.300	1.0968
5820.200	1.1058
5821.100	1.1091
5822.000	1.0840
5822.900	1.0517
5823.800	1.0468
5824.700	1.0542
5825.600	1.0542
5826.500	1.0485
5827.400	1.0548
5828.300	1.0805
5829.200	1.1032
5830.100	1.1001
5831.000	1.0855
5831.900	1.0764
5832.800	1.0684
5833.700	1.0460
5834.600	1.0215
5835.500	1.0237
5836.400	1.0497
5837.300	1.0638
5838.200	1.0502
5839.100	1.0444
5840.000	1.0623
5840.900	1.0868
5841.800	1.0925
5842.700	1.0814
5843.600	1.0832
5844.500	1.0824
5845.400	1.0593
5846.300	1.0285
5847.200	1.0214
5848.100	1.0389
5849.000	1.0585
5849.900	1.0586
5850.800	1.0419
5851.700	1.0186
5852.600	0.9932
5853.500	0.9961
5854.400	1.0253
5855.300	1.0343
5856.200	1.0065
5857.100	0.9608
5858.000	0.9340
5858.900	0.9637
5859.800	1.0170
5860.700	1.0396
5861.600	1.0386
5862.500	1.0292
5863.400	1.0217
5864.300	1.0255
5865.200	1.0284
5866.100	1.0094
5867.000	0.9947
5867.900	1.0281
5868.800	1.0801
5869.700	1.1047
5870.600	1.1147
5871.500	1.1093
5872.400	1.0826
5873.300	1.0714
5874.200	1.0874
5875.100	1.0941
5876.000	1.0809
5876.900	1.0641
5877.800	1.0488
5878.700	1.0211
5879.600	0.9848
5880.500	0.9749
5881.400	1.0030
5882.300	1.0235
5883.200	1.0081
5884.100	0.9900
5885.000	0.9988
5885.900	1.0150
5886.800	0.9878
5887.700	0.8896
5888.600	0.7088
5889.500	0.5163
5890.400	0.4804
5891.300	0.6168
5892.200	0.7668
5893.100	0.8344
5894.000	0.8099
5894.900	0.6914
5895.800	0.5838
5896.700	0.6342
5897.600	0.7973
5898.500	0.9205
5899.400	0.9706
5900.300	1.0086
5901.200	1.0481
5902.100	1.0517
5903.000	1.0396
5903.900	1.0388
5904.800	1.0309
5905.700	1.0132
5906.600	1.0161
5907.500	1.0363
5908.400	1.0497
5909.300	1.0431
5910.200	1.0402
5911.100	1.0638
5912.000	1.0725
5912.900	1.0379
5913.800	0.9849
5914.700	0.9533
5915.600	0.9587
5916.500	0.9874
5917.400	1.0205
5918.300	1.0300
5919.200	1.0313
5920.100	1.0410
5921.000	1.0329
5921.900	1.0147
5922.800	1.0130
5923.700	1.0296
5924.600	1.0490
5925.500	1.0648
5926.400	1.0784
5927.300	1.0799
5928.200	1.0637
5929.100	1.0386
5930.000	1.0295
5930.900	1.0437
5931.800	1.0615
5932.700	1.0646
5933.600	1.0354
5934.500	0.9954
5935.400	1.0021
5936.300	1.0469
5937.200	1.0630
5938.100	1.0617
5939.000	1.0761
5939.900	1.0641
5940.800	1.0192
5941.700	1.0006
5942.600	1.0147
5943.500	1.0264
5944.400	1.0434
5945.300	1.0727
5946.200	1.0797
5947.100	1.0601
5948.000	1.0292
5948.900	1.0074
5949.800	1.0263
5950.700	1.0641
5951.600	1.0589
5952.500	1.0166
5953.400	1.0141
5954.300	1.0591
5955.200	1.0684
5956.100	1.0205
5957.000	0.9794
5957.900	0.9871
5958.800	1.0244
5959.700	1.0537
5960.600	1.0661
5961.500	1.0835
5962.400	1.1035
5963.300	1.1004
5964.200	1.0737
5965.100	1.0486
5966.000	1.0522
5966.900	1.0749
5967.800	1.0852
5968.700	1.0880
5969.600	1.0986
5970.500	1.1029
5971.400	1.0911
5972.300	1.0828
5973.200	1.0962
5974.100	1.1057
5975.000	1.0787
5975.900	1.0400
5976.800	1.0247
5977.700	1.0246
5978.600	1.0337
5979.500	1.0565
5980.400	1.0742
5981.300	1.0681
5982.200	1.0465
5983.100	1.0104
5984.000	0.9729
5984.900	0.9792
5985.800	1.0265
5986.700	1.0476
5987.600	1.0330
5988.500	1.0376
5989.400	1.0721
5990.300	1.0869
5991.200	1.0562
5992.100	1.0339
5993.000	1.0620
5993.900	1.0899
5994.800	1.0819
5995.700	1.0662
5996.600	1.0536
5997.500	1.0295
5998.400	1.0012
5999.300	0.9993
6000.200	1.0337
6001.100	1.0637
6002.000	1.0459
6002.900	1.0157
6003.800	1.0248
6004.700	1.0408
6005.600	1.0296
6006.500	0.9950
6007.400	0.9578
6008.300	0.9576
6009.200	1.0039
6010.100	1.0595
6011.000	1.0776
6011.900	1.0448
6012.800	1.0004
6013.700	0.9952
6014.600	1.0196
6015.500	1.0157
6016.400	0.9880
6017.300	0.9853
6018.200	0.9950
6019.100	0.9889
6020.000	0.9797
6020.900	0.9785
6021.800	0.9936
6022.700	1.0168
6023.600	1.0252
6024.500	1.0390
6025.400	1.0662
6026.300	1.0697
6027.200	1.0665
6028.100	1.0862
6029.000	1.1057
6029.900	1.0981
6030.800	1.0641
6031.700	1.0467
6032.600	1.0641
6033.500	1.0834
6034.400	1.0843
6035.300	1.0801
6036.200	1.0915
6037.100	1.1118
6038.000	1.1189
6038.900	1.1097
6039.800	1.0924
6040.700	1.0793
6041.600	1.0721
6042.500	1.0783
6043.400	1.0956
6044.300	1.1041
6045.200	1.1175
6046.100	1.1290
6047.000	1.1032
6047.900	1.0659
6048.800	1.0582
6049.700	1.0856
6050.600	1.1192
6051.500	1.1292
6052.400	1.1162
6053.300	1.0878
6054.200	1.0669
6055.100	1.0628
6056.000	1.0503
6056.900	1.0352
6057.800	1.0389
6058.700	1.0685
6059.600	1.1034
6060.500	1.1108
6061.400	1.0839
6062.300	1.0442
6063.200	1.0150
6064.100	0.9903
6065.000	0.9735
6065.900	1.0110
6066.800	1.0811
6067.700	1.1143
6068.600	1.1153
6069.500	1.1206
6070.400	1.1250
6071.300	1.1232
6072.200	1.1289
6073.100	1.1346
6074.000	1.1277
6074.900	1.1115
6075.800	1.0936
6076.700	1.0869
6077.600	1.0849
6078.500	1.0769
6079.400	1.0700
6080.300	1.0606
6081.200	1.0341
6082.100	1.0167
6083.000	1.0313
6083.900	1.0503
6084.800	1.0506
6085.700	1.0443
6086.600	1.0476
6087.500	1.0665
6088.400	1.0888
6089.300	1.0739
6090.200	1.0316
6091.100	1.0108
6092.000	1.0007
6092.900	0.9910
6093.800	1.0235
6094.700	1.0786
6095.600	1.0927
6096.500	1.0679
6097.400	1.0445
6098.300	1.0515
6099.200	1.0816
6100.100	1.0926
6101.000	1.0519
6101.900	0.9735
6102.800	0.9310
6103.700	0.9666
6104.600	1.0187
6105.500	1.0411
6106.400	1.0487
6107.300	1.0504
6108.200	1.0551
6109.100	1.0717
6110.000	1.0801
6110.900	1.0654
6111.800	1.0466
6112.700	1.0445
6113.600	1.0647
6114.500	1.0900
6115.400	1.0895
6116.300	1.0651
6117.200	1.0460
6118.100	1.0429
6119.000	1.0348
6119.900	1.0088
6120.800	0.9702
6121.700	0.9313
6122.600	0.9388
6123.500	1.0064
6124.400	1.0655
6125.300	1.0714
6126.200	1.0477
6127.100	1.0232
6128.000	1.0061
6128.900	1.0067
6129.800	1.0321
6130.700	1.0653
6131.600	1.0877
6132.500	1.0935
6133.400	1.0699
6134.300	1.0115
6135.200	0.9397
6136.100	0.8670
6137.000	0.8186
6137.900	0.8586
6138.800	0.9684
6139.700	1.0414
6140.600	1.0324
6141.500	0.9963
6142.400	1.0026
6143.300	1.0474
6144.200	1.0804
6145.100	1.0884
6146.000	1.0805
6146.900	1.0708
6147.800	1.0640
6148.700	1.0453
6149.600	1.0133
6150.500	0.9938
6151.400	1.0140
6152.300	1.0564
6153.200	1.0699
6154.100	1.0493
6155.000	1.0305
6155.900	1.0294
6156.800	1.0367
6157.700	1.0452
6158.600	1.0541
6159.500	1.0414
6160.400	0.9796
6161.300	0.8866
6162.200	0.8289
6163.100	0.8503
6164.000	0.9267
6164.900	0.9948
6165.800	1.0219
6166.700	1.0404
6167.600	1.0455
6168.500	0.9911
6169.400	0.9151
6170.300	0.9053
6171.200	0.9695
6172.100	1.0219
6173.000	1.0291
6173.900	1.0395
6174.800	1.0621
6175.700	1.0661
6176.600	1.0404
6177.500	1.0198
6178.400	1.0289
6179.300	1.0405
6180.200	1.0498
6181.100	1.0620
6182.000	1.0738
6182.900	1.0882
6183.800	1.0895
6184.700	1.0784
6185.600	1.0526
6186.500	1.0149
6187.400	0.9856
6188.300	0.9680
6189.200	0.9646
6190.100	0.9489
6191.000	0.9044
6191.900	0.9028
6192.800	0.9726
6193.700	1.0366
6194.600	1.0580
6195.500	1.0686
6196.400	1.0821
6197.300	1.0801
6198.200	1.0388
6199.100	0.9752
6200.000	0.9523
6200.900	0.9858
6201.800	1.0349
6202.700	1.0717
6203.600	1.0779
6204.500	1.0635
6205.400	1.0666
6206.300	1.0835
6207.200	1.0893
6208.100	1.0802
6209.000	1.0606
6209.900	1.0386
6210.800	1.0303
6211.700	1.0226
6212.600	0.9821
6213.500	0.9252
6214.400	0.8915
6215.300	0.8969
6216.200	0.9380
6217.100	0.9899
6218.000	1.0103
6218.900	0.9799
6219.800	0.9382
6220.700	0.9256
6221.600	0.9478
6222.500	0.9798
6223.400	0.9777
6224.300	0.9654
6225.200	0.9940
6226.100	1.0349
6227.000	1.0525
6227.900	1.0465
6228.800	1.0001
6229.700	0.9151
6230.600	0.8573
6231.500	0.8773
6232.400	0.9306
6233.300	0.9730
6234.200	1.0305
6235.100	1.0773
6236.000	1.0747
6236.900	1.0621
6237.800	1.0545
6238.700	1.0095
6239.600	0.9365
6240.500	0.9104
6241.400	0.9337
6242.300	0.9278
6243.200	0.9093
6244.100	0.9224
6245.000	0.9308
6245.900	0.9373
6246.800	0.9831
6247.700	1.0407
6248.600	1.0538
6249.500	1.0300
6250.400	0.9980
6251.300	0.9546
6252.200	0.9179
6253.100	0.9197
6254.000	0.9427
6254.900	0.9503
6255.800	0.9246
6256.700	0.8670
6257.600	0.8041
6258.500	0.7917
6259.400	0.8529
6260.300	0.9222
6261.200	0.9503
6262.100	0.9804
6263.000	1.0245
6263.900	1.0267
6264.800	0.9756
6265.700	0.9349
6266.600	0.9406
6267.500	0.9500
6268.400	0.9420
6269.300	0.9518
6270.200	0.9841
6271.100	1.0091
6272.000	1.0219
6272.900	1.0257
6273.800	1.0168
6274.700	1.0106
6275.600	1.0158
6276.500	1.0265
6277.400	1.0363
6278.300	1.0392
6279.200	1.0272
6280.100	0.9957
6281.000	0.9672
6281.900	0.9705
6282.800	1.0004
6283.700	1.0264
6284.600	1.0221
6285.500	1.0125
6286.400	1.0256
6287.300	1.0439
6288.200	1.0536
6289.100	1.0571
6290.000	1.0463
6290.900	1.0224
6291.800	1.0001
6292.700	0.9960
6293.600	1.0162
6294.500	1.0340
6295.400	1.0115
6296.300	0.9657
6297.200	0.9482
6298.100	0.9748
6299.000	1.0050
6299.900	0.9986
6300.800	0.9726
6301.700	0.9618
6302.600	0.9744
6303.500	0.9938
6304.400	0.9965
6305.300	0.9826
6306.200	0.9850
6307.100	1.0131
6308.000	1.0435
6308.900	1.0579
6309.800	1.0419
6310.700	1.0037
6311.600	0.9726
6312.500	0.9723
6313.400	0.9862
6314.300	0.9694
6315.200	0.9437
6316.100	0.9523
6317.000	0.9622
6317.900	0.9392
6318.800	0.9247
6319.700	0.9468
6320.600	0.9722
6321.500	0.9726
6322.400	0.9676
6323.300	0.9882
6324.200	1.0241
6325.100	1.0399
6326.000	1.0278
6326.900	1.0110
6327.800	1.0131
6328.700	1.0212
6329.600	1.0115
6330.500	1.0054
6331.400	1.0202
6332.300	1.0371
6333.200	1.0420
6334.100	1.0157
6335.000	0.9633
6335.900	0.9278
6336.800	0.9348
6337.700	0.9642
6338.600	0.9812
6339.500	0.9915
6340.400	1.0109
6341.300	1.0204
6342.200	1.0020
6343.100	0.9641
6344.000	0.9437
6344.900	0.9656
6345.800	1.0011
6346.700	1.0171
6347.600	1.0171
6348.500	1.0142
6349.400	1.0157
6350.300	1.0282
6351.200	1.0463
6352.100	1.0475
6353.000	1.0244
6353.900	0.9887
6354.800	0.9642
6355.700	0.9776
6356.600	1.0052
6357.500	0.9902
6358.400	0.9320
6359.300	0.8888
6360.200	0.8889
6361.100	0.9014
6362.000	0.9026
6362.900	0.9047
6363.800	0.9204
6364.700	0.9477
6365.600	0.9755
6366.500	0.9966
6367.400	1.0120
6368.300	1.0244
6369.200	1.0271
6370.100	1.0187
6371.000	1.0143
6371.900	1.0329
6372.800	1.0591
6373.700	1.0556
6374.600	1.0376
6375.500	1.0356
6376.400	1.0412
6377.300	1.0350
6378.200	1.0112
6379.100	0.9921
6380.000	0.9962
6380.900	1.0116
6381.800	1.0318
6382.700	1.0524
6383.600	1.0526
6384.500	1.0433
6385.400	1.0480
6386.300	1.0559
6387.200	1.0458
6388.100	1.0294
6389.000	1.0379
6389.900	1.0602
6390.800	1.0527
6391.700	1.0092
6392.600	0.9570
6393.500	0.9340
6394.400	0.9610
6395.300	1.0145
6396.200	1.0582
6397.100	1.0728
6398.000	1.0583
6398.900	1.0061
6399.800	0.9361
6400.700	0.9333
6401.600	0.9981
6402.500	1.0470
6403.400	1.0658
6404.300	1.0726
6405.200	1.0617
6406.100	1.0294
6407.000	0.9877
6407.900	0.9720
6408.800	1.0010
6409.700	1.0325
6410.600	1.0178
6411.500	0.9909
6412.400	0.9994
6413.300	1.0122
6414.200	1.0112
6415.100	1.0265
6416.000	1.0512
6416.900	1.0526
6417.800	1.0303
6418.700	0.9980
6419.600	0.9644
6420.500	0.9488
6421.400	0.9712
6422.300	1.0264
6423.200	1.0751
6424.100	1.0755
6425.000	1.0469
6425.900	1.0467
6426.800	1.0815
6427.700	1.0947
6428.600	1.0610
6429.500	0.9994
6430.400	0.9394
6431.300	0.9277
6432.200	0.9776
6433.100	1.0300
6434.000	1.0414
6434.900	1.0421
6435.800	1.0563
6436.700	1.0603
6437.600	1.0310
6438.500	0.9938
6439.400	0.9889
6440.300	1.0216
6441.200	1.0624
6442.100	1.0829
6443.000	1.0758
6443.900	1.0560
6444.800	1.0594
6445.700	1.0916
6446.600	1.1134
6447.500	1.0773
6448.400	0.9843
6449.300	0.8813
6450.200	0.8487
6451.100	0.9178
6452.000	0.9975
6452.900	1.0296
6453.800	1.0342
6454.700	1.0153
6455.600	0.9969
6456.500	1.0144
6457.400	1.0497
6458.300	1.0791
6459.200	1.1037
6460.100	1.1043
6461.000	1.0575
6461.900	0.9771
6462.800	0.9274
6463.700	0.9550
6464.600	1.0089
6465.500	1.0389
6466.400	1.0615
6467.300	1.0771
6468.200	1.0695
6469.100	1.0427
6470.000	1.0234
6470.900	1.0117
6471.800	1.0112
6472.700	1.0289
6473.600	1.0353
6474.500	1.0281
6475.400	1.0211
6476.300	1.0276
6477.200	1.0431
6478.100	1.0423
6479.000	1.0443
6479.900	1.0590
6480.800	1.0374
6481.700	0.9825
6482.600	0.9581
6483.500	0.9842
6484.400	1.0293
6485.300	1.0577
6486.200	1.0622
6487.100	1.0600
6488.000	1.0543
6488.900	1.0318
6489.800	1.0059
6490.700	0.9990
6491.600	0.9955
6492.500	0.9663
6493.400	0.8975
6494.300	0.8169
6495.200	0.7943
6496.100	0.8330
6497.000	0.8752
6497.900	0.8997
6498.800	0.8982
6499.700	0.9030
6500.600	0.9377
6501.500	0.9710
6502.400	0.9981
6503.300	1.0176
6504.200	1.0247
6505.100	1.0394
6506.000	1.0505
6506.900	1.0323
6507.800	1.0085
6508.700	1.0095
6509.600	1.0344
6510.500	1.0660
6511.400	1.0799
6512.300	1.0694
6513.200	1.0624
6514.100	1.0559
6515.000	1.0432
6515.900	1.0377
6516.800	1.0374
6517.700	1.0218
6518.600	0.9963
6519.500	1.0088
6520.400	1.0497
6521.300	1.0719
6522.200	1.0672
6523.100	1.0608
6524.000	1.0633
6524.900	1.0601
6525.800	1.0371
6526.700	1.0080
6527.600	0.9977
6528.500	1.0108
6529.400	1.0344
6530.300	1.0321
6531.200	0.9909
6532.100	0.9536
6533.000	0.9483
6533.900	0.9759
6534.800	1.0177
6535.700	1.0336
6536.600	1.0164
6537.500	0.9981
6538.400	1.0121
6539.300	1.0524
6540.200	1.0677
6541.100	1.0421
6542.000	1.0195
6542.900	1.0136
6543.800	1.0197
6544.700	1.0169
6545.600	0.9816
6546.500	0.9559
6547.400	0.9813
6548.300	1.0209
6549.200	1.0362
6550.100	1.0241
6551.000	0.9955
6551.900	0.9787
6552.800	0.9813
6553.700	0.9767
6554.600	0.9604
6555.500	0.9513
6556.400	0.9568
6557.300	0.9750
6558.200	0.9915
6559.100	0.9970
6560.000	0.9829
6560.900	0.9078
6561.800	0.7513
6562.700	0.6308
6563.600	0.6967
6564.500	0.8701
6565.400	0.9891
6566.300	1.0420
6567.200	1.0550
6568.100	1.0256
6569.000	0.9911
6569.900	0.9859
6570.800	0.9920
6571.700	0.9767
6572.600	0.9435
6573.500	0.9244
6574.400	0.9309
6575.300	0.9577
6576.200	0.9985
6577.100	1.0362
6578.000	1.0520
6578.900	1.0402
6579.800	1.0069
6580.700	0.9780
6581.600	0.9784
6582.500	0.9987
6583.400	1.0174
6584.300	1.0191
6585.200	1.0072
6586.100	0.9995
6587.000	1.0086
6587.900	1.0324
6588.800	1.0432
6589.700	1.0338
6590.600	1.0195
6591.500	0.9892
6592.400	0.9381
6593.300	0.9088
6594.200	0.9439
6595.100	1.0045
6596.000	1.0248
6596.900	1.0021
6597.800	0.9771
6598.700	0.9758
6599.600	0.9984
6600.500	1.0345
6601.400	1.0618
6602.300	1.0614
6603.200	1.0373
6604.100	1.0113
6605.000	0.9971
6605.900	0.9874
6606.800	0.9738
6607.700	0.9567
6608.600	0.9352
6609.500	0.9372
6610.400	0.9787
6611.300	1.0214
6612.200	1.0344
6613.100	1.0219
6614.000	1.0170
6614.900	1.0369
6615.800	1.0575
6616.700	1.0555
6617.600	1.0422
6618.500	1.0447
6619.400	1.0527
6620.300	1.0504
6621.200	1.0524
6622.100	1.0518
6623.000	1.0207
6623.900	0.9752
6624.800	0.9633
6625.700	0.9942
6626.600	1.0232
6627.500	1.0221
6628.400	1.0094
6629.300	0.9990
6630.200	0.9927
6631.100	0.9879
6632.000	0.9689
6632.900	0.9375
6633.800	0.9271
6634.700	0.9609
6635.600	1.0132
6636.500	1.0460
6637.400	1.0493
6638.300	1.0251
6639.200	0.9944
6640.100	0.9899
6641.000	1.0110
6641.900	1.0198
6642.800	0.9954
6643.700	0.9734
6644.600	0.9911
6645.500	1.0189
6646.400	1.0165
6647.300	1.0009
6648.200	1.0042
6649.100	1.0234
6650.000	1.0411
6650.900	1.0520
6651.800	1.0570
6652.700	1.0471
6653.600	1.0275
6654.500	1.0219
6655.400	1.0241
6656.300	1.0152
6657.200	1.0108
6658.100	1.0221
6659.000	1.0291
6659.900	1.0182
6660.800	1.0009
6661.700	0.9817
6662.600	0.9542
6663.500	0.9389
6664.400	0.9547
6665.300	0.9695
6666.200	0.9542
6667.100	0.9340
6668.000	0.9414
6668.900	0.9710
6669.800	1.0021
6670.700	1.0263
6671.600	1.0396
6672.500	1.0365
6673.400	1.0243
6674.300	1.0215
6675.200	1.0291
6676.100	1.0139
6677.000	0.9567
6677.900	0.9070
6678.800	0.9275
6679.700	0.9855
6680.600	1.0100
6681.500	1.0116
6682.400	1.0189
6683.300	1.0310
6684.200	1.0506
6685.100	1.0572
6686.000	1.0425
6686.900	1.0264
6687.800	1.0204
6688.700	1.0276
6689.600	1.0418
6690.500	1.0515
6691.400	1.0467
6692.300	1.0355
6693.200	1.0360
6694.100	1.0357
6695.000	1.0062
6695.900	0.9666
6696.800	0.9577
6697.700	0.9785
6698.600	0.9998
6699.500	1.0197
6700.400	1.0373
6701.300	1.0355
6702.200	1.0226
6703.100	1.0048
6704.000	0.9856
6704.900	0.9881
6705.800	1.0021
6706.700	1.0081
6707.600	1.0141
6708.500	1.0131
6709.400	0.9973
6710.300	0.9868
6711.200	0.9895
6712.100	0.9875
6713.000	0.9841
6713.900	0.9899
6714.800	0.9795
6715.700	0.9418
6716.600	0.9115
6717.500	0.9154
6718.400	0.9529
6719.300	1.0006
6720.200	1.0243
6721.100	1.0171
6722.000	1.0111
6722.900	1.0285
6723.800	1.0397
6724.700	1.0152
6725.600	0.9823
6726.500	0.9855
6727.400	1.0125
6728.300	1.0266
6729.200	1.0266
6730.100	1.0243
6731.000	1.0226
6731.900	1.0211
6732.800	1.0173
6733.700	1.0151
6734.600	1.0217
6735.500	1.0318
6736.400	1.0265
6737.300	1.0006
6738.200	0.9722
6739.100	0.9630
6740.000	0.9802
6740.900	1.0013
6741.800	0.9919
6742.700	0.9720
6743.600	0.9760
6744.500	0.9893
6745.400	0.9857
6746.300	0.9783
6747.200	0.9840
6748.100	0.9870
6749.000	0.9804
6749.900	0.9751
6750.800	0.9796
6751.700	0.9720
6752.600	0.9353
6753.500	0.9274
6754.400	0.9551
6755.300	0.9770
6756.200	1.0028
6757.100	1.0228
6758.000	1.0271
6758.900	1.0355
6759.800	1.0451
6760.700	1.0375
6761.600	1.0184
6762.500	1.0171
6763.400	1.0285
6764.300	1.0262
6765.200	1.0115
6766.100	0.9854
6767.000	0.9670
6767.900	0.9743
6768.800	0.9911
6769.700	0.9883
6770.600	0.9669
6771.500	0.9641
6772.400	0.9912
6773.300	1.0198
6774.200	1.0356
6775.100	1.0480
6776.000	1.0565
6776.900	1.0500
6777.800	1.0416
6778.700	1.0461
6779.600	1.0480
6780.500	1.0421
6781.400	1.0308
6782.300	1.0061
6783.200	0.9694
6784.100	0.9454
6785.000	0.9586
6785.900	0.9929
6786.800	1.0202
6787.700	1.0383
6788.600	1.0410
6789.500	1.0322
6790.400	1.0288
6791.300	1.0251
6792.200	1.0153
6793.100	0.9970
6794.000	0.9861
6794.900	0.9946
6795.800	1.0050
6796.700	1.0057
6797.600	0.9973
6798.500	0.9970
6799.400	1.0097
6800.300	1.0229
6801.200	1.0233
6802.100	1.0036
6803.000	0.9824
6803.900	0.9838
6804.800	1.0005
6805.700	1.0037
6806.600	1.0001
6807.500	1.0153
6808.400	1.0206
6809.300	1.0015
6810.200	0.9833
6811.100	0.9704
6812.000	0.9724
6812.900	0.9909
6813.800	0.9856
6814.700	0.9636
6815.600	0.9781
6816.500	1.0113
6817.400	1.0164
6818.300	1.0038
6819.200	0.9918
6820.100	0.9896
6821.000	1.0046
6821.900	1.0302
6822.800	1.0496
6823.700	1.0474
6824.600	1.0281
6825.500	1.0216
6826.400	1.0182
6827.300	1.0005
6828.200	0.9889
6829.100	0.9973
6830.000	1.0155
6830.900	1.0224
6831.800	1.0054
6832.700	0.9909
6833.600	1.0036
6834.500	1.0296
6835.400	1.0365
6836.300	1.0231
6837.200	1.0074
6838.100	0.9933
6839.000	0.9737
6839.900	0.9490
6840.800	0.9386
6841.700	0.9451
6842.600	0.9548
6843.500	0.9686
6844.400	0.9887
6845.300	1.0032
6846.200	1.0092
6847.100	1.0160
6848.000	1.0168
6848.900	1.0099
6849.800	1.0075
6850.700	1.0053
6851.600	1.0111
6852.500	1.0279
6853.400	1.0192
6854.300	0.9785
6855.200	0.9570
6856.100	0.9766
6857.000	0.9968
6857.900	0.9972
6858.800	0.9957
6859.700	0.9831
6860.600	0.9477
6861.500	0.9260
6862.400	0.9571
6863.300	1.0168
6864.200	1.0449
6865.100	1.0199
6866.000	0.9704
6866.900	0.9344
6867.800	0.9520
6868.700	1.0098
6869.600	1.0169
6870.500	0.9807
6871.400	0.9596
6872.300	0.9552
6873.200	0.9576
6874.100	0.9575
6875.000	0.9529
6875.900	0.9650
6876.800	0.9931
6877.700	1.0143
6878.600	1.0178
6879.500	1.0139
6880.400	0.9938
6881.300	0.9492
6882.200	0.9173
6883.100	0.9357
6884.000	0.9764
6884.900	0.9847
6885.800	0.9820
6886.700	0.9996
6887.600	1.0050
6888.500	0.9979
6889.400	1.0149
6890.300	1.0413
6891.200	1.0405
6892.100	1.0354
6893.000	1.0492
6893.900	1.0400
6894.800	0.9996
6895.700	0.9865
6896.600	1.0159
6897.500	1.0258
6898.400	0.9928
6899.300	0.9670
6900.200	0.9899
6901.100	1.0296
6902.000	1.0354
6902.900	1.0214
6903.800	1.0165
6904.700	1.0234
6905.600	1.0211
6906.500	1.0096
6907.400	1.0004
6908.300	1.0063
6909.200	1.0308
6910.100	1.0345
6911.000	1.0021
6911.900	0.9686
6912.800	0.9576
6913.700	0.9658
6914.600	0.9809
6915.500	0.9916
6916.400	0.9886
6917.300	0.9833
6918.200	1.0006
6919.100	1.0284
6920.000	1.0391
6920.900	1.0361
6921.800	1.0271
6922.700	1.0153
6923.600	0.9974
6924.500	0.9618
6925.400	0.9285
6926.300	0.9349
6927.200	0.9710
6928.100	0.9982
6929.000	1.0086
6929.900	1.0105
6930.800	0.9993
6931.700	0.9767
6932.600	0.9526
6933.500	0.9443
6934.400	0.9571
6935.300	0.9765
6936.200	0.9864
6937.100	0.9814
6938.000	0.9764
6938.900	0.9831
6939.800	0.9996
6940.700	1.0179
6941.600	1.0203
6942.500	1.0056
6943.400	0.9758
6944.300	0.9368
6945.200	0.9253
6946.100	0.9551
6947.000	0.9859
6947.900	0.9986
6948.800	1.0065
6949.700	1.0000
6950.600	0.9730
6951.500	0.9589
6952.400	0.9631
6953.300	0.9587
6954.200	0.9483
6955.100	0.9507
6956.000	0.9703
6956.900	0.9956
6957.800	1.0049
6958.700	0.9938
6959.600	0.9881
6960.500	0.9998
6961.400	1.0027
6962.300	0.9936
6963.200	0.9919
6964.100	0.9917
6965.000	0.9822
6965.900	0.9728
6966.800	0.9790
6967.700	0.9971
6968.600	1.0047
6969.500	0.9922
6970.400	0.9763
6971.300	0.9761
6972.200	0.9911
6973.100	1.0016
6974.000	0.9898
6974.900	0.9686
6975.800	0.9533
6976.700	0.9294
6977.600	0.8819
6978.500	0.8475
6979.400	0.8721
6980.300	0.9219
6981.200	0.9561
6982.100	0.9825
6983.000	1.0038
6983.900	1.0010
6984.800	0.9841
6985.700	0.9821
6986.600	0.9929
6987.500	0.9926
6988.400	0.9708
6989.300	0.9475
6990.200	0.9420
6991.100	0.9573
6992.000	0.9837
6992.900	1.0015
6993.800	0.9907
6994.700	0.9752
6995.600	0.9871
6996.500	0.9980
6997.400	0.9958
6998.300	0.9752
6999.200	0.9316
7000.100	0.9130
7001.000	0.9422
7001.900	0.9726
7002.800	0.9712
7003.700	0.9516
7004.600	0.9456
7005.500	0.9645
7006.400	0.9855
7007.300	0.9838
7008.200	0.9694
7009.100	0.9660
7010.000	0.9594
7010.900	0.9505
7011.800	0.9618
7012.700	0.9775
7013.600	0.9663
7014.500	0.9286
7015.400	0.8767
7016.300	0.8506
7017.200	0.8886
7018.100	0.9466
7019.000	0.9828
7019.900	0.9931
7020.800	0.9832
7021.700	0.9659
7022.600	0.9325
7023.500	0.8919
7024.400	0.8910
7025.300	0.9207
7026.200	0.9389
7027.100	0.9500
7028.000	0.9657
7028.900	0.9742
7029.800	0.9766
7030.700	0.9776
7031.600	0.9704
7032.500	0.9632
7033.400	0.9656
7034.300	0.9734
7035.200	0.9904
7036.100	1.0050
7037.000	0.9920
7037.900	0.9510
7038.800	0.9296
7039.700	0.9598
7040.600	1.0060
7041.500	1.0329
7042.400	1.0265
7043.300	0.9945
7044.200	0.9688
7045.100	0.9638
7046.000	0.9791
7046.900	1.0058
7047.800	1.0231
7048.700	1.0221
7049.600	1.0100
7050.500	0.9893
7051.400	0.9511
7052.300	0.9094
7053.200	0.9062
7054.100	0.9492
7055.000	0.9984
7055.900	1.0247
7056.800	1.0361
7057.700	1.0347
7058.600	1.0130
7059.500	0.9784
7060.400	0.9573
7061.300	0.9682
7062.200	0.9846
7063.100	0.9887
7064.000	0.9911
7064.900	0.9852
7065.800	0.9608
7066.700	0.9259
7067.600	0.8999
7068.500	0.9026
7069.400	0.9366
7070.300	0.9789
7071.200	1.0006
7072.100	1.0029
7073.000	1.0001
7073.900	0.9990
7074.800	0.9967
7075.700	0.9888
7076.600	0.9846
7077.500	0.9956
7078.400	1.0088
7079.300	1.0124
7080.200	1.0068
7081.100	0.9977
7082.000	0.9860
7082.900	0.9575
7083.800	0.9100
7084.700	0.8800
7085.600	0.8954
7086.500	0.9293
7087.400	0.9457
7088.300	0.9465
7089.200	0.9404
7090.100	0.9355
7091.000	0.9426
7091.900	0.9461
7092.800	0.9426
7093.700	0.9441
7094.600	0.9460
7095.500	0.9476
7096.400	0.9513
7097.300	0.9523
7098.200	0.9576
7099.100	0.9723
7100.000	0.9818
7100.900	0.9665
7101.800	0.9383
7102.700	0.9272
7103.600	0.9465
7104.500	0.9728
7105.400	0.9725
7106.300	0.9448
7107.200	0.9210
7108.100	0.9237
7109.000	0.9345
7109.900	0.9230
7110.800	0.9006
7111.700	0.9021
7112.600	0.9306
7113.500	0.9564
7114.400	0.9628
7115.300	0.9710
7116.200	0.9821
7117.100	0.9711
7118.000	0.9534
7118.900	0.9410
7119.800	0.9285
7120.700	0.9272
7121.600	0.9279
7122.500	0.9233
7123.400	0.9331
7124.300	0.9475
7125.200	0.9428
7126.100	0.9310
7127.000	0.9361
7127.900	0.9430
7128.800	0.9318
7129.700	0.8963
7130.600	0.8631
7131.500	0.8705
7132.400	0.9084
7133.300	0.9419
7134.200	0.9582
7135.100	0.9574
7136.000	0.9611
7136.900	0.9730
7137.800	0.9581
7138.700	0.9286
7139.600	0.9313
7140.500	0.9584
7141.400	0.9715
7142.300	0.9663
7143.200	0.9666
7144.100	0.9691
7145.000	0.9613
7145.900	0.9529
7146.800	0.9327
7147.700	0.9002
7148.600	0.8900
7149.500	0.9055
7150.400	0.9211
7151.300	0.9383
7152.200	0.9648
7153.100	0.9779
7154.000	0.9602
7154.900	0.9319
7155.800	0.9327
7156.700	0.9659
7157.600	0.9832
7158.500	0.9670
7159.400	0.9448
7160.300	0.9451
7161.200	0.9702
7162.100	0.9898
7163.000	0.9742
7163.900	0.9298
7164.800	0.8995
7165.700	0.9115
7166.600	0.9491
7167.500	0.9884
7168.400	1.0113
7169.300	1.0067
7170.200	0.9955
7171.100	1.0022
7172.000	1.0159
7172.900	1.0152
7173.800	0.9997
7174.700	0.9783
7175.600	0.9656
7176.500	0.9773
7177.400	1.0016
7178.300	1.0080
7179.200	0.9811
7180.100	0.9311
7181.000	0.8998
7181.900	0.9271
7182.800	0.9835
7183.700	1.0026
7184.600	0.9779
7185.500	0.9460
7186.400	0.9096
7187.300	0.8750
7188.200	0.8667
7189.100	0.8819
7190.000	0.9105
7190.900	0.9341
7191.800	0.9348
7192.700	0.9342
7193.600	0.9431
7194.500	0.9514
7195.400	0.9546
7196.300	0.9461
7197.200	0.9385
7198.100	0.9539
7199.000	0.9752
7199.900	0.9733
7200.800	0.9523
7201.700	0.9361
7202.600	0.9448
7203.500	0.9748
7204.400	0.9895
7205.300	0.9641
7206.200	0.9103
7207.100	0.8717
7208.000	0.8756
7208.900	0.9042
7209.800	0.9415
7210.700	0.9742
7211.600	0.9817
7212.500	0.9623
7213.400	0.9354
7214.300	0.9188
7215.200	0.9202
7216.100	0.9402
7217.000	0.9681
7217.900	0.9828
7218.800	0.9753
7219.700	0.9618
7220.600	0.9535
7221.500	0.9482
7222.400	0.9360
7223.300	0.9180
7224.200	0.9311
7225.100	0.9679
7226.000	0.9970
7226.900	1.0068
7227.800	0.9877
7228.700	0.9651
7229.600	0.9702
7230.500	0.9912
7231.400	0.9982
7232.300	0.9918
7233.200	0.9934
7234.100	1.0083
7235.000	1.0109
7235.900	0.9877
7236.800	0.9704
7237.700	0.9808
7238.600	0.9958
7239.500	0.9875
7240.400	0.9817
7241.300	1.0086
7242.200	1.0252
7243.100	0.9918
7244.000	0.9400
7244.900	0.9198
7245.800	0.9439
7246.700	0.9820
7247.600	1.0065
7248.500	1.0119
7249.400	0.9997
7250.300	0.9751
7251.200	0.9518
7252.100	0.9377
7253.000	0.9291
7253.900	0.9235
7254.800	0.9278
7255.700	0.9574
7256.600	0.9931
7257.500	1.0008
7258.400	0.9842
7259.300	0.9549
7260.200	0.9068
7261.100	0.8590
7262.000	0.8653
7262.900	0.9173
7263.800	0.9552
7264.700	0.9636
7265.600	0.9677
7266.500	0.9820
7267.400	0.9974
7268.300	1.0092
7269.200	1.0126
7270.100	1.0041
7271.000	0.9846
7271.900	0.9660
7272.800	0.9597
7273.700	0.9646
7274.600	0.9843
7275.500	1.0098
7276.400	1.0156
7277.300	0.9925
7278.200	0.9652
7279.100	0.9560
7280.000	0.9546
7280.900	0.9434
7281.800	0.9218
7282.700	0.9018
7283.600	0.8971
7284.500	0.9092
7285.400	0.9317
7286.300	0.9510
7287.200	0.9405
7288.100	0.9088
7289.000	0.8982
7289.900	0.9047
7290.800	0.8824
7291.700	0.8571
7292.600	0.8741
7293.500	0.9201
7294.400	0.9563
7295.300	0.9742
7296.200	0.9825
7297.100	0.9722
7298.000	0.9471
7298.900	0.9246
7299.800	0.9194
7300.700	0.9368
7301.600	0.9584
7302.500	0.9649
7303.400	0.9667
7304.300	0.9689
7305.200	0.9662
7306.100	0.9506
7307.000	0.9295
7307.900	0.9298
7308.800	0.9546
7309.700	0.9702
7310.600	0.9611
7311.500	0.9522
7312.400	0.9559
7313.300	0.9607
7314.200	0.9595
7315.100	0.9482
7316.000	0.9345
7316.900	0.9350
7317.800	0.9402
7318.700	0.9410
7319.600	0.9553
7320.500	0.9781
7321.400	0.9788
7322.300	0.9513
7323.200	0.9235
7324.100	0.9101
7325.000	0.8991
7325.900	0.8964
7326.800	0.9184
7327.700	0.9478
7328.600	0.9549
7329.500	0.9427
7330.400	0.9315
7331.300	0.9325
7332.200	0.9412
7333.100	0.9411
7334.000	0.9368
7334.900	0.9393
7335.800	0.9513
7336.700	0.9671
7337.600	0.9713
7338.500	0.9699
7339.400	0.9825
7340.300	1.0019
7341.200	1.0135
7342.100	1.0031
7343.000	0.9653
7343.900	0.9266
7344.800	0.9190
7345.700	0.9444
7346.600	0.9768
7347.500	0.9916
7348.400	0.9792
7349.300	0.9479
7350.200	0.9235
7351.100	0.9212
7352.000	0.9308
7352.900	0.9357
7353.800	0.9228
7354.700	0.8862
7355.600	0.8444
7356.500	0.8400
7357.400	0.8821
7358.300	0.9355
7359.200	0.9696
7360.100	0.9629
7361.000	0.9188
7361.900	0.8701
7362.800	0.8521
7363.700	0.8694
7364.600	0.8977
7365.500	0.9204
7366.400	0.9372
7367.300	0.9525
7368.200	0.9601
7369.100	0.9579
7370.000	0.9652
7370.900	0.9796
7371.800	0.9847
7372.700	0.9843
7373.600	0.9787
7374.500	0.9697
7375.400	0.9687
7376.300	0.9717
7377.200	0.9731
7378.100	0.9762
7379.000	0.9757
7379.900	0.9650
7380.800	0.9425
7381.700	0.9155
7382.600	0.8984
7383.500	0.8930
7384.400	0.8866
7385.300	0.8857
7386.200	0.8932
7387.100	0.8861
7388.000	0.8605
7388.900	0.8417
7389.800	0.8464
7390.700	0.8705
7391.600	0.8889
7392.500	0.8869
7393.400	0.8909
7394.300	0.9167
7395.200	0.9363
7396.100	0.9377
7397.000	0.9445
7397.900	0.9452
7398.800	0.9343
7399.700	0.9127
7400.600	0.8983
7401.500	0.9068
7402.400	0.9343
7403.300	0.9589
7404.200	0.9663
7405.100	0.9545
7406.000	0.9429
7406.900	0.9433
7407.800	0.9408
7408.700	0.9296
7409.600	0.9173
7410.500	0.9094
7411.400	0.9061
7412.300	0.7468
7413.200	0.1727
7414.100	0.0036
7415.000	0.0000
7415.900	0.0000
7416.800	0.0000
7417.700	0.0000
7418.600	0.0000
7419.500	0.0000
7420.400	0.0000
7421.300	0.0000
7422.200	0.0000
7423.100	0.0000
7424.000	0.0000
7424.900	0.0000
7425.800	0.0000
7426.700	0.0000
7427.600	0.0000
7428.500	0.0000
