3500.000	0.0000
3500.900	0.0000
3501.800	0.0000
3502.700	0.0000
3503.600	0.0000
3504.500	0.0000
3505.400	0.0000
3506.300	0.0000
3507.200	0.0000
3508.100	0.0000
3509.000	0.0000
3509.900	0.0000
3510.800	0.0000
3511.700	0.0000
3512.600	0.0000
3513.500	0.0000
3514.400	0.0000
3515.300	0.0000
3516.200	0.0000
3517.100	0.0000
3518.000	0.0000
3518.900	0.0000
3519.800	0.0000
3520.700	0.0000
3521.600	0.0000
3522.500	0.0000
3523.400	0.0000
3524.300	0.0000
3525.200	0.0000
3526.100	0.0000
3527.000	0.0000
3527.900	0.0000
3528.800	0.0000
3529.700	0.0000
3530.600	0.0000
3531.500	0.0000
3532.400	0.0000
3533.300	0.0000
3534.200	0.0000
3535.100	0.0051
3536.000	0.1570
3536.900	0.1884
3537.800	0.2020
3538.700	0.1844
3539.600	0.1844
3540.500	0.1958
3541.400	0.2009
3542.300	0.1909
3543.200	0.1911
3544.100	0.1764
3545.000	0.1484
3545.900	0.1374
3546.800	0.1262
3547.700	0.1461
3548.600	0.1686
3549.500	0.1692
3550.400	0.1864
3551.300	0.1892
3552.200	0.2087
3553.100	0.2154
3554.000	0.1930
3554.900	0.1941
3555.800	0.1955
3556.700	0.1750
3557.600	0.1697
3558.500	0.1690
3559.400	0.1558
3560.300	0.1729
3561.200	0.1732
3562.100	0.1809
3563.000	0.1897
3563.900	0.1997
3564.800	0.1757
3565.700	0.1379
3566.600	0.1108
3567.500	0.1344
3568.400	0.1394
3569.300	0.1221
3570.200	0.1108
3571.100	0.1006
3572.000	0.1236
3572.900	0.1436
3573.800	0.1602
3574.700	0.1826
3575.600	0.1433
3576.500	0.1624
3577.400	0.1859
3578.300	0.1679
3579.200	0.1691
3580.100	0.1509
3581.000	0.1114
3581.900	0.0991
3582.800	0.1502
3583.700	0.1536
3584.600	0.1181
3585.500	0.1196
3586.400	0.1193
3587.300	0.1309
3588.200	0.1512
3589.100	0.1313
3590.000	0.1703
3590.900	0.1957
3591.800	0.1995
3592.700	0.2058
3593.600	0.2485
3594.500	0.2371
3595.400	0.2162
3596.300	0.3040
3597.200	0.3115
3598.100	0.2612
3599.000	0.2539
3599.900	0.2924
3600.800	0.2813
3601.700	0.2795
3602.600	0.2835
3603.500	0.2664
3604.400	0.2298
3605.300	0.2023
3606.200	0.1935
3607.100	0.1702
3608.000	0.1395
3608.900	0.1245
3609.800	0.1633
3610.700	0.1948
3611.600	0.1920
3612.500	0.1577
3613.400	0.1437
3614.300	0.1698
3615.200	0.1639
3616.100	0.1287
3617.000	0.1162
3617.900	0.1287
3618.800	0.0937
3619.700	0.0801
3620.600	0.1121
3621.500	0.1365
3622.400	0.1402
3623.300	0.1339
3624.200	0.1188
3625.100	0.1294
3626.000	0.1476
3626.900	0.1517
3627.800	0.1282
3628.700	0.1505
3629.600	0.1236
3630.500	0.0751
3631.400	0.0791
3632.300	0.0912
3633.200	0.1155
3634.100	0.1219
3635.000	0.1006
3635.900	0.0893
3636.800	0.0952
3637.700	0.1086
3638.600	0.1399
3639.500	0.1367
3640.400	0.1246
3641.300	0.1189
3642.200	0.1135
3643.100	0.1080
3644.000	0.1026
3644.900	0.0971
3645.800	0.0916
3646.700	0.0889
3647.600	0.1022
3648.500	0.1130
3649.400	0.1040
3650.300	0.1046
3651.200	0.0854
3652.100	0.0906
3653.000	0.1058
3653.900	0.1470
3654.800	0.1677
3655.700	0.1503
3656.600	0.1359
3657.500	0.1310
3658.400	0.1572
3659.300	0.1577
3660.200	0.1491
3661.100	0.1530
3662.000	0.1487
3662.900	0.1304
3663.800	0.1102
3664.700	0.1206
3665.600	0.1461
3666.500	0.1554
3667.400	0.1604
3668.300	0.1497
3669.200	0.1393
3670.100	0.1461
3671.000	0.1563
3671.900	0.1690
3672.800	0.1805
3673.700	0.1823
3674.600	0.1963
3675.500	0.2009
3676.400	0.1846
3677.300	0.1650
3678.200	0.1723
3679.100	0.1950
3680.000	0.1963
3680.900	0.2082
3681.800	0.2342
3682.700	0.2656
3683.600	0.2601
3684.500	0.2398
3685.400	0.2401
3686.300	0.2215
3687.200	0.2087
3688.100	0.2156
3689.000	0.2158
3689.900	0.2229
3690.800	0.2089
3691.700	0.2213
3692.600	0.2036
3693.500	0.2024
3694.400	0.2095
3695.300	0.2117
3696.200	0.1949
3697.100	0.2239
3698.000	0.2248
3698.900	0.2326
3699.800	0.2536
3700.700	0.2718
3701.600	0.2583
3702.500	0.2293
3703.400	0.1903
3704.300	0.1692
3705.200	0.1843
3706.100	0.1890
3707.000	0.1976
3707.900	0.2129
3708.800	0.1749
3709.700	0.1743
3710.600	0.1765
3711.500	0.1963
3712.400	0.2063
3713.300	0.2369
3714.200	0.2711
3715.100	0.2468
3716.000	0.2413
3716.900	0.2551
3717.800	0.2554
3718.700	0.2318
3719.600	0.1907
3720.500	0.1422
3721.400	0.1488
3722.300	0.1602
3723.200	0.1936
3724.100	0.2193
3725.000	0.2458
3725.900	0.2568
3726.800	0.2167
3727.700	0.1960
3728.600	0.2192
3729.500	0.2556
3730.400	0.2223
3731.300	0.2058
3732.200	0.2451
3733.100	0.2213
3734.000	0.1616
3734.900	0.1334
3735.800	0.1396
3736.700	0.1459
3737.600	0.1635
3738.500	0.1879
3739.400	0.2069
3740.300	0.2456
3741.200	0.2497
3742.100	0.2282
3743.000	0.2194
3743.900	0.2278
3744.800	0.2251
3745.700	0.1970
3746.600	0.1805
3747.500	0.1774
3748.400	0.1530
3749.300	0.1366
3750.200	0.1370
3751.100	0.1576
3752.000	0.2002
3752.900	0.2236
3753.800	0.2258
3754.700	0.2493
3755.600	0.2667
3756.500	0.2417
3757.400	0.1844
3758.300	0.1623
3759.200	0.1777
3760.100	0.1969
3761.000	0.1870
3761.900	0.2006
3762.800	0.2050
3763.700	0.2192
3764.600	0.2619
3765.500	0.2700
3766.400	0.2336
3767.300	0.2035
3768.200	0.2225
3769.100	0.2235
3770.000	0.2006
3770.900	0.2064
3771.800	0.2323
3772.700	0.2310
3773.600	0.2610
3774.500	0.2590
3775.400	0.2227
3776.300	0.2442
3777.200	0.2601
3778.100	0.2572
3779.000	0.2485
3779.900	0.2615
3780.800	0.2698
3781.700	0.2299
3782.600	0.2286
3783.500	0.2686
3784.400	0.2939
3785.300	0.2849
3786.200	0.2304
3787.100	0.2120
3788.000	0.2306
3788.900	0.2163
3789.800	0.1805
3790.700	0.2069
3791.600	0.2230
3792.500	0.2193
3793.400	0.2024
3794.300	0.2191
3795.200	0.2300
3796.100	0.2127
3797.000	0.1973
3797.900	0.1820
3798.800	0.1694
3799.700	0.1837
3800.600	0.2107
3801.500	0.2176
3802.400	0.2363
3803.300	0.2774
3804.200	0.2960
3805.100	0.2941
3806.000	0.2647
3806.900	0.2399
3807.800	0.2418
3808.700	0.2801
3809.600	0.2834
3810.500	0.2621
3811.400	0.2424
3812.300	0.2418
3813.200	0.2243
3814.100	0.2072
3815.000	0.1923
3815.900	0.1853
3816.800	0.1992
3817.700	0.2219
3818.600	0.2150
3819.500	0.1846
3820.400	0.1649
3821.300	0.1813
3822.200	0.2250
3823.100	0.2405
3824.000	0.2147
3824.900	0.1612
3825.800	0.1378
3826.700	0.1738
3827.600	0.1769
3828.500	0.1650
3829.400	0.1767
3830.300	0.2033
3831.200	0.1866
3832.100	0.1552
3833.000	0.1400
3833.900	0.1452
3834.800	0.1582
3835.700	0.1711
3836.600	0.1752
3837.500	0.1484
3838.400	0.1548
3839.300	0.1684
3840.200	0.1742
3841.100	0.1656
3842.000	0.1829
3842.900	0.2205
3843.800	0.2306
3844.700	0.2331
3845.600	0.2273
3846.500	0.2313
3847.400	0.2407
3848.300	0.2161
3849.200	0.1997
3850.100	0.1730
3851.000	0.1903
3851.900	0.2350
3852.800	0.2272
3853.700	0.2095
3854.600	0.1943
3855.500	0.1891
3856.400	0.2094
3857.300	0.2127
3858.200	0.2050
3859.100	0.1527
3860.000	0.1178
3860.900	0.1557
3861.800	0.1823
3862.700	0.1949
3863.600	0.2300
3864.500	0.2087
3865.400	0.1942
3866.300	0.2090
3867.200	0.2166
3868.100	0.2008
3869.000	0.2105
3869.900	0.2030
3870.800	0.1862
3871.700	0.1577
3872.600	0.1459
3873.500	0.1695
3874.400	0.2061
3875.300	0.2242
3876.200	0.2328
3877.100	0.2107
3878.000	0.1861
3878.900	0.1964
3879.800	0.2122
3880.700	0.1968
3881.600	0.1578
3882.500	0.1612
3883.400	0.2116
3884.300	0.2298
3885.200	0.2066
3886.100	0.1875
3887.000	0.2021
3887.900	0.2054
3888.800	0.1822
3889.700	0.1916
3890.600	0.2120
3891.500	0.2309
3892.400	0.2479
3893.300	0.2441
3894.200	0.2442
3895.100	0.2196
3896.000	0.2137
3896.900	0.2430
3897.800	0.2392
3898.700	0.2222
3899.600	0.2212
3900.500	0.2248
3901.400	0.2331
3902.300	0.2414
3903.200	0.2402
3904.100	0.2476
3905.000	0.2325
3905.900	0.2134
3906.800	0.2198
3907.700	0.2384
3908.600	0.2538
3909.500	0.2649
3910.400	0.2596
3911.300	0.2615
3912.200	0.2698
3913.100	0.2559
3914.000	0.2429
3914.900	0.2516
3915.800	0.2444
3916.700	0.2204
3917.600	0.2315
3918.500	0.2374
3919.400	0.2544
3920.300	0.2279
3921.200	0.2026
3922.100	0.2037
3923.000	0.2218
3923.900	0.2349
3924.800	0.2312
3925.700	0.2116
3926.600	0.1826
3927.500	0.1492
3928.400	0.1223
3929.300	0.0931
3930.200	0.0781
3931.100	0.0558
3932.000	0.0425
3932.900	0.0393
3933.800	0.0337
3934.700	0.0275
3935.600	0.0460
3936.500	0.0708
3937.400	0.0979
3938.300	0.1354
3939.200	0.1525
3940.100	0.1702
3941.000	0.1748
3941.900	0.1731
3942.800	0.1863
3943.700	0.1818
3944.600	0.1913
3945.500	0.2251
3946.400	0.2564
3947.300	0.2566
3948.200	0.2323
3949.100	0.2285
3950.000	0.2499
3950.900	0.2528
3951.800	0.2461
3952.700	0.2355
3953.600	0.2554
3954.500	0.2616
3955.400	0.2591
3956.300	0.2525
3957.200	0.2526
3958.100	0.2667
3959.000	0.2810
3959.900	0.2775
3960.800	0.2530
3961.700	0.2152
3962.600	0.1782
3963.500	0.1712
3964.400	0.1573
3965.300	0.1193
3966.200	0.0821
3967.100	0.0614
3968.000	0.0411
3968.900	0.0337
3969.800	0.0520
3970.700	0.0760
3971.600	0.0978
3972.500	0.1297
3973.400	0.1489
3974.300	0.1689
3975.200	0.2037
3976.100	0.2228
3977.000	0.2367
3977.900	0.2786
3978.800	0.3029
3979.700	0.2960
3980.600	0.2962
3981.500	0.2849
3982.400	0.2702
3983.300	0.2728
3984.200	0.3033
3985.100	0.3241
3986.000	0.3019
3986.900	0.2807
3987.800	0.3044
3988.700	0.3033
3989.600	0.3062
3990.500	0.3082
3991.400	0.3148
3992.300	0.3227
3993.200	0.3289
3994.100	0.3117
3995.000	0.3076
3995.900	0.3092
3996.800	0.2866
3997.700	0.2695
3998.600	0.2899
3999.500	0.3349
4000.400	0.3489
4001.300	0.3194
4002.200	0.3292
4003.100	0.3333
4004.000	0.3197
4004.900	0.2937
4005.800	0.2732
4006.700	0.3043
4007.600	0.3236
4008.500	0.3462
4009.400	0.3289
4010.300	0.3169
4011.200	0.3199
4012.100	0.3019
4013.000	0.3075
4013.900	0.3290
4014.800	0.3255
4015.700	0.3405
4016.600	0.3346
4017.500	0.3386
4018.400	0.3387
4019.300	0.3644
4020.200	0.3542
4021.100	0.3401
4022.000	0.3385
4022.900	0.3480
4023.800	0.3192
4024.700	0.3077
4025.600	0.3358
4026.500	0.3586
4027.400	0.3739
4028.300	0.3748
4029.200	0.3716
4030.100	0.3317
4031.000	0.2931
4031.900	0.2958
4032.800	0.3020
4033.700	0.2972
4034.600	0.3080
4035.500	0.3391
4036.400	0.3685
4037.300	0.3778
4038.200	0.3596
4039.100	0.3613
4040.000	0.3386
4040.900	0.3259
4041.800	0.3616
4042.700	0.3689
4043.600	0.3456
4044.500	0.3046
4045.400	0.2715
4046.300	0.2896
4047.200	0.3456
4048.100	0.3561
4049.000	0.3363
4049.900	0.3451
4050.800	0.3488
4051.700	0.3476
4052.600	0.3377
4053.500	0.3239
4054.400	0.3288
4055.300	0.3431
4056.200	0.3415
4057.100	0.3303
4058.000	0.3195
4058.900	0.3359
4059.800	0.3617
4060.700	0.3616
4061.600	0.3612
4062.500	0.3221
4063.400	0.2771
4064.300	0.2859
4065.200	0.3169
4066.100	0.3195
4067.000	0.3207
4067.900	0.3287
4068.800	0.3591
4069.700	0.3757
4070.600	0.3560
4071.500	0.3172
4072.400	0.3263
4073.300	0.3475
4074.200	0.3697
4075.100	0.3569
4076.000	0.3115
4076.900	0.2639
4077.800	0.2578
4078.700	0.2969
4079.600	0.3289
4080.500	0.3500
4081.400	0.3680
4082.300	0.3658
4083.200	0.3494
4084.100	0.3177
4085.000	0.3128
4085.900	0.3201
4086.800	0.3565
4087.700	0.4024
4088.600	0.4328
4089.500	0.4298
4090.400	0.4084
4091.300	0.3856
4092.200	0.3797
4093.100	0.3932
4094.000	0.4028
4094.900	0.3655
4095.800	0.3373
4096.700	0.3263
4097.600	0.3491
4098.500	0.3434
4099.400	0.3262
4100.300	0.3007
4101.200	0.2714
4102.100	0.2746
4103.000	0.2958
4103.900	0.3203
4104.800	0.3452
4105.700	0.3696
4106.600	0.3615
4107.500	0.3663
4108.400	0.3566
4109.300	0.3480
4110.200	0.3474
4111.100	0.3486
4112.000	0.3585
4112.900	0.3757
4113.800	0.3896
4114.700	0.3826
4115.600	0.3766
4116.500	0.3910
4117.400	0.3645
4118.300	0.3252
4119.200	0.3245
4120.100	0.3506
4121.000	0.3694
4121.900	0.3605
4122.800	0.3536
4123.700	0.3593
4124.600	0.3745
4125.500	0.3797
4126.400	0.3701
4127.300	0.3554
4128.200	0.3502
4129.100	0.3316
4130.000	0.3266
4130.900	0.3384
4131.800	0.3319
4132.700	0.3217
4133.600	0.3417
4134.500	0.3511
4135.400	0.3716
4136.300	0.3772
4137.200	0.3806
4138.100	0.3961
4139.000	0.4045
4139.900	0.4004
4140.800	0.4001
4141.700	0.3811
4142.600	0.3305
4143.500	0.3042
4144.400	0.3337
4145.300	0.3764
4146.200	0.3934
4147.100	0.4086
4148.000	0.3986
4148.900	0.3747
4149.800	0.3643
4150.700	0.3640
4151.600	0.3626
4152.500	0.3546
4153.400	0.3524
4154.300	0.3520
4155.200	0.3494
4156.100	0.3546
4157.000	0.3653
4157.900	0.3627
4158.800	0.3759
4159.700	0.3936
4160.600	0.3920
4161.500	0.3831
4162.400	0.3859
4163.300	0.3883
4164.200	0.3876
4165.100	0.3896
4166.000	0.3774
4166.900	0.3635
4167.800	0.3591
4168.700	0.3711
4169.600	0.3753
4170.500	0.3547
4171.400	0.3246
4172.300	0.2959
4173.200	0.2876
4174.100	0.3056
4175.000	0.3317
4175.900	0.3544
4176.800	0.3669
4177.700	0.3501
4178.600	0.3395
4179.500	0.3596
4180.400	0.3724
4181.300	0.3585
4182.200	0.3387
4183.100	0.3342
4184.000	0.3481
4184.900	0.3660
4185.800	0.3555
4186.700	0.3454
4187.600	0.3480
4188.500	0.3782
4189.400	0.3874
4190.300	0.3685
4191.200	0.3406
4192.100	0.3596
4193.000	0.3842
4193.900	0.3962
4194.800	0.3582
4195.700	0.3256
4196.600	0.3384
4197.500	0.3467
4198.400	0.3394
4199.300	0.3353
4200.200	0.3319
4201.100	0.3415
4202.000	0.3409
4202.900	0.3451
4203.800	0.3575
4204.700	0.3324
4205.600	0.3253
4206.500	0.3657
4207.400	0.3871
4208.300	0.3955
4209.200	0.3924
4210.100	0.3886
4211.000	0.3849
4211.900	0.3854
4212.800	0.3895
4213.700	0.3732
4214.600	0.3532
4215.500	0.3212
4216.400	0.3361
4217.300	0.3635
4218.200	0.3841
4219.100	0.3885
4220.000	0.4042
4220.900	0.4143
4221.800	0.4004
4222.700	0.3677
4223.600	0.3373
4224.500	0.3060
4225.400	0.2807
4226.300	0.2525
4227.200	0.2712
4228.100	0.3295
4229.000	0.3674
4229.900	0.3831
4230.800	0.3869
4231.700	0.3823
4232.600	0.3684
4233.500	0.3707
4234.400	0.3870
4235.300	0.3746
4236.200	0.3428
4237.100	0.3320
4238.000	0.3365
4238.900	0.3424
4239.800	0.3517
4240.700	0.3786
4241.600	0.3829
4242.500	0.3630
4243.400	0.3597
4244.300	0.3803
4245.200	0.3853
4246.100	0.3610
4247.000	0.3454
4247.900	0.3324
4248.800	0.3200
4249.700	0.3127
4250.600	0.3225
4251.500	0.3598
4252.400	0.3851
4253.300	0.3731
4254.200	0.3432
4255.100	0.3287
4256.000	0.3510
4256.900	0.3864
4257.800	0.3802
4258.700	0.3521
4259.600	0.3322
4260.500	0.3142
4261.400	0.3320
4262.300	0.3658
4263.200	0.3791
4264.100	0.3773
4265.000	0.3867
4265.900	0.4046
4266.800	0.3912
4267.700	0.3594
4268.600	0.3463
4269.500	0.3326
4270.400	0.3048
4271.300	0.2941
4272.200	0.3038
4273.100	0.3147
4274.000	0.3155
4274.900	0.3151
4275.800	0.3366
4276.700	0.3698
4277.600	0.3965
4278.500	0.3942
4279.400	0.3417
4280.300	0.3054
4281.200	0.3126
4282.100	0.3382
4283.000	0.3739
4283.900	0.3736
4284.800	0.3247
4285.700	0.2968
4286.600	0.3148
4287.500	0.3361
4288.400	0.3314
4289.300	0.2988
4290.200	0.2758
4291.100	0.2980
4292.000	0.3457
4292.900	0.3635
4293.800	0.3465
4294.700	0.3285
4295.600	0.3303
4296.500	0.3071
4297.400	0.2847
4298.300	0.2593
4299.200	0.2211
4300.100	0.2165
4301.000	0.2539
4301.900	0.2574
4302.800	0.2359
4303.700	0.2348
4304.600	0.2436
4305.500	0.2573
4306.400	0.2562
4307.300	0.2365
4308.200	0.2042
4309.100	0.1987
4310.000	0.2222
4310.900	0.2334
4311.800	0.2430
4312.700	0.2739
4313.600	0.2962
4314.500	0.3295
4315.400	0.3882
4316.300	0.4324
4317.200	0.4391
4318.100	0.4414
4319.000	0.4241
4319.900	0.4180
4320.800	0.4034
4321.700	0.4065
4322.600	0.3720
4323.500	0.2993
4324.400	0.2765
4325.300	0.2910
4326.200	0.3438
4327.100	0.3838
4328.000	0.4137
4328.900	0.4219
4329.800	0.4183
4330.700	0.3982
4331.600	0.3970
4332.500	0.4040
4333.400	0.4285
4334.300	0.4455
4335.200	0.4436
4336.100	0.4285
4337.000	0.3710
4337.900	0.3229
4338.800	0.3131
4339.700	0.2967
4340.600	0.2735
4341.500	0.3200
4342.400	0.3686
4343.300	0.3711
4344.200	0.3754
4345.100	0.4030
4346.000	0.4189
4346.900	0.4093
4347.800	0.4150
4348.700	0.4317
4349.600	0.4293
4350.500	0.3878
4351.400	0.3345
4352.300	0.3261
4353.200	0.3668
4354.100	0.3874
4355.000	0.3682
4355.900	0.3796
4356.800	0.4135
4357.700	0.4154
4358.600	0.3849
4359.500	0.3710
4360.400	0.3926
4361.300	0.4218
4362.200	0.4246
4363.100	0.4081
4364.000	0.4107
4364.900	0.4305
4365.800	0.4213
4366.700	0.3923
4367.600	0.3790
4368.500	0.3822
4369.400	0.3786
4370.300	0.3650
4371.200	0.3699
4372.100	0.3871
4373.000	0.3846
4373.900	0.3491
4374.800	0.3234
4375.700	0.3429
4376.600	0.3812
4377.500	0.4073
4378.400	0.4101
4379.300	0.3929
4380.200	0.3905
4381.100	0.4038
4382.000	0.3678
4382.900	0.2954
4383.800	0.2585
4384.700	0.2813
4385.600	0.3399
4386.500	0.3855
4387.400	0.3913
4388.300	0.3774
4389.200	0.3727
4390.100	0.3698
4391.000	0.3688
4391.900	0.3932
4392.800	0.4115
4393.700	0.3853
4394.600	0.3544
4395.500	0.3608
4396.400	0.3854
4397.300	0.4039
4398.200	0.4009
4399.100	0.3776
4400.000	0.3519
4400.900	0.3531
4401.800	0.3901
4402.700	0.4098
4403.600	0.3823
4404.500	0.3618
4405.400	0.3775
4406.300	0.4023
4407.200	0.3997
4408.100	0.3781
4409.000	0.3744
4409.900	0.4017
4410.800	0.4206
4411.700	0.4227
4412.600	0.4287
4413.500	0.4272
4414.400	0.3997
4415.300	0.3841
4416.200	0.3773
4417.100	0.3700
4418.000	0.3833
4418.900	0.4256
4419.800	0.4298
4420.700	0.4123
4421.600	0.4109
4422.500	0.4044
4423.400	0.4080
4424.300	0.4084
4425.200	0.4117
4426.100	0.4025
4427.000	0.3946
4427.900	0.4183
4428.800	0.4333
4429.700	0.4039
4430.600	0.3708
4431.500	0.3799
4432.400	0.3976
4433.300	0.3897
4434.200	0.3793
4435.100	0.3674
4436.000	0.3780
4436.900	0.4167
4437.800	0.4528
4438.700	0.4591
4439.600	0.4525
4440.500	0.4439
4441.400	0.4082
4442.300	0.3727
4443.200	0.3646
4444.100	0.3891
4445.000	0.4150
4445.900	0.4207
4446.800	0.4252
4447.700	0.4064
4448.600	0.4205
4449.500	0.4255
4450.400	0.3974
4451.300	0.3967
4452.200	0.4101
4453.100	0.3986
4454.000	0.3829
4454.900	0.3773
4455.800	0.3917
4456.700	0.3984
4457.600	0.4023
4458.500	0.3945
4459.400	0.3804
4460.300	0.3830
4461.200	0.3621
4462.100	0.3746
4463.000	0.4228
4463.900	0.4451
4464.800	0.4355
4465.700	0.4324
4466.600	0.4350
4467.500	0.4268
4468.400	0.4019
4469.300	0.3928
4470.200	0.4092
4471.100	0.4299
4472.000	0.4486
4472.900	0.4563
4473.800	0.4760
4474.700	0.4679
4475.600	0.4591
4476.500	0.4644
4477.400	0.4640
4478.300	0.4625
4479.200	0.4587
4480.100	0.4292
4481.000	0.4179
4481.900	0.4190
4482.800	0.4296
4483.700	0.4457
4484.600	0.4651
4485.500	0.4820
4486.400	0.4706
4487.300	0.4527
4488.200	0.4338
4489.100	0.4130
4490.000	0.3998
4490.900	0.4207
4491.800	0.4638
4492.700	0.4711
4493.600	0.4538
4494.500	0.4403
4495.400	0.4250
4496.300	0.4165
4497.200	0.4366
4498.100	0.4615
4499.000	0.4675
4499.900	0.4525
4500.800	0.4340
4501.700	0.4342
4502.600	0.4648
4503.500	0.4903
4504.400	0.4803
4505.300	0.4751
4506.200	0.4799
4507.100	0.4891
4508.000	0.4914
4508.900	0.4894
4509.800	0.4968
4510.700	0.4982
4511.600	0.4819
4512.500	0.4665
4513.400	0.4597
4514.300	0.4520
4515.200	0.4549
4516.100	0.4565
4517.000	0.4510
4517.900	0.4388
4518.800	0.4435
4519.700	0.4591
4520.600	0.4693
4521.500	0.4613
4522.400	0.4375
4523.300	0.4295
4524.200	0.4375
4525.100	0.4302
4526.000	0.4121
4526.900	0.4014
4527.800	0.3984
4528.700	0.4015
4529.600	0.4007
4530.500	0.4007
4531.400	0.4164
4532.300	0.4278
4533.200	0.4174
4534.100	0.3986
4535.000	0.3907
4535.900	0.4122
4536.800	0.4516
4537.700	0.4774
4538.600	0.4805
4539.500	0.4707
4540.400	0.4619
4541.300	0.4674
4542.200	0.4704
4543.100	0.4486
4544.000	0.4241
4544.900	0.4289
4545.800	0.4501
4546.700	0.4536
4547.600	0.4408
4548.500	0.4176
4549.400	0.3955
4550.300	0.4042
4551.200	0.4276
4552.100	0.4286
4553.000	0.4156
4553.900	0.4041
4554.800	0.4119
4555.700	0.4351
4556.600	0.4532
4557.500	0.4619
4558.400	0.4656
4559.300	0.4729
4560.200	0.4776
4561.100	0.4781
4562.000	0.4756
4562.900	0.4528
4563.800	0.4297
4564.700	0.4310
4565.600	0.4371
4566.500	0.4499
4567.400	0.4601
4568.300	0.4596
4569.200	0.4730
4570.100	0.4667
4571.000	0.4371
4571.900	0.4442
4572.800	0.4667
4573.700	0.4720
4574.600	0.4690
4575.500	0.4688
4576.400	0.4735
4577.300	0.4737
4578.200	0.4579
4579.100	0.4379
4580.000	0.4247
4580.900	0.4107
4581.800	0.4031
4582.700	0.4096
4583.600	0.4211
4584.500	0.4286
4585.400	0.4271
4586.300	0.4349
4587.200	0.4596
4588.100	0.4718
4589.000	0.4728
4589.900	0.4583
4590.800	0.4416
4591.700	0.4322
4592.600	0.4386
4593.500	0.4542
4594.400	0.4653
4595.300	0.4557
4596.200	0.4551
4597.100	0.4564
4598.000	0.4562
4598.900	0.4473
4599.800	0.4400
4600.700	0.4414
4601.600	0.4456
4602.500	0.4488
4603.400	0.4517
4604.300	0.4550
4605.200	0.4586
4606.100	0.4572
4607.000	0.4520
4607.900	0.4699
4608.800	0.4819
4609.700	0.4861
4610.600	0.4815
4611.500	0.4722
4612.400	0.4649
4613.300	0.4640
4614.200	0.4794
4615.100	0.4745
4616.000	0.4537
4616.900	0.4567
4617.800	0.4626
4618.700	0.4521
4619.600	0.4497
4620.500	0.4618
4621.400	0.4721
4622.300	0.4779
4623.200	0.4789
4624.100	0.4770
4625.000	0.4708
4625.900	0.4719
4626.800	0.4824
4627.700	0.4941
4628.600	0.4727
4629.500	0.4563
4630.400	0.4690
4631.300	0.4806
4632.200	0.4636
4633.100	0.4566
4634.000	0.4610
4634.900	0.4670
4635.800	0.4822
4636.700	0.4776
4637.600	0.4722
4638.500	0.4647
4639.400	0.4545
4640.300	0.4631
4641.200	0.4770
4642.100	0.4937
4643.000	0.4936
4643.900	0.4764
4644.800	0.4646
4645.700	0.4488
4646.600	0.4507
4647.500	0.4559
4648.400	0.4603
4649.300	0.4679
4650.200	0.4763
4651.100	0.4712
4652.000	0.4699
4652.900	0.4804
4653.800	0.4718
4654.700	0.4458
4655.600	0.4419
4656.500	0.4573
4657.400	0.4922
4658.300	0.5192
4659.200	0.5130
4660.100	0.4888
4661.000	0.4709
4661.900	0.4704
4662.800	0.4788
4663.700	0.4643
4664.600	0.4680
4665.500	0.4666
4666.400	0.4202
4667.300	0.3984
4668.200	0.4095
4669.100	0.4208
4670.000	0.4394
4670.900	0.4554
4671.800	0.4611
4672.700	0.4695
4673.600	0.4757
4674.500	0.4837
4675.400	0.4901
4676.300	0.4971
4677.200	0.4896
4678.100	0.4643
4679.000	0.4529
4679.900	0.4474
4680.800	0.4416
4681.700	0.4484
4682.600	0.4557
4683.500	0.4633
4684.400	0.4769
4685.300	0.4839
4686.200	0.4771
4687.100	0.4622
4688.000	0.4642
4688.900	0.4667
4689.800	0.4653
4690.700	0.4634
4691.600	0.4762
4692.500	0.4889
4693.400	0.4944
4694.300	0.4921
4695.200	0.4996
4696.100	0.5045
4697.000	0.4983
4697.900	0.4840
4698.800	0.4704
4699.700	0.4653
4700.600	0.4699
4701.500	0.4632
4702.400	0.4454
4703.300	0.4371
4704.200	0.4576
4705.100	0.4749
4706.000	0.4683
4706.900	0.4529
4707.800	0.4390
4708.700	0.4333
4709.600	0.4316
4710.500	0.4441
4711.400	0.4646
4712.300	0.4741
4713.200	0.4687
4714.100	0.4523
4715.000	0.4462
4715.900	0.4678
4716.800	0.4875
4717.700	0.4981
4718.600	0.4955
4719.500	0.4959
4720.400	0.4949
4721.300	0.4775
4722.200	0.4721
4723.100	0.4886
4724.000	0.4992
4724.900	0.4990
4725.800	0.4855
4726.700	0.4662
4727.600	0.4530
4728.500	0.4477
4729.400	0.4557
4730.300	0.4634
4731.200	0.4660
4732.100	0.4676
4733.000	0.4694
4733.900	0.4731
4734.800	0.4763
4735.700	0.4731
4736.600	0.4736
4737.500	0.4847
4738.400	0.4977
4739.300	0.4950
4740.200	0.4889
4741.100	0.4950
4742.000	0.4937
4742.900	0.4906
4743.800	0.4919
4744.700	0.4820
4745.600	0.4828
4746.500	0.4854
4747.400	0.4782
4748.300	0.4814
4749.200	0.4914
4750.100	0.4958
4751.000	0.4997
4751.900	0.4921
4752.800	0.4769
4753.700	0.4718
4754.600	0.4713
4755.500	0.4653
4756.400	0.4610
4757.300	0.4669
4758.200	0.4741
4759.100	0.4813
4760.000	0.4843
4760.900	0.4764
4761.800	0.4600
4762.700	0.4383
4763.600	0.4258
4764.500	0.4287
4765.400	0.4433
4766.300	0.4653
4767.200	0.4814
4768.100	0.4823
4769.000	0.4789
4769.900	0.4785
4770.800	0.4748
4771.700	0.4651
4772.600	0.4626
4773.500	0.4700
4774.400	0.4821
4775.300	0.4882
4776.200	0.4948
4777.100	0.4992
4778.000	0.4914
4778.900	0.4770
4779.800	0.4744
4780.700	0.4938
4781.600	0.5034
4782.500	0.4892
4783.400	0.4844
4784.300	0.4913
4785.200	0.4786
4786.100	0.4569
4787.000	0.4565
4787.900	0.4626
4788.800	0.4589
4789.700	0.4635
4790.600	0.4698
4791.500	0.4699
4792.400	0.4837
4793.300	0.5090
4794.200	0.5194
4795.100	0.5203
4796.000	0.5102
4796.900	0.4901
4797.800	0.4707
4798.700	0.4584
4799.600	0.4574
4800.500	0.4703
4801.400	0.4858
4802.300	0.4900
4803.200	0.4846
4804.100	0.4710
4805.000	0.4686
4805.900	0.4742
4806.800	0.4764
4807.700	0.4803
4808.600	0.4830
4809.500	0.4805
4810.400	0.4870
4811.300	0.4981
4812.200	0.4926
4813.100	0.4837
4814.000	0.4873
4814.900	0.4945
4815.800	0.5027
4816.700	0.5123
4817.600	0.5090
4818.500	0.4970
4819.400	0.4975
4820.300	0.5057
4821.200	0.5018
4822.100	0.4770
4823.000	0.4488
4823.900	0.4447
4824.800	0.4651
4825.700	0.4806
4826.600	0.4830
4827.500	0.4843
4828.400	0.4770
4829.300	0.4760
4830.200	0.4856
4831.100	0.4856
4832.000	0.4794
4832.900	0.4682
4833.800	0.4617
4834.700	0.4738
4835.600	0.4833
4836.500	0.4788
4837.400	0.4746
4838.300	0.4729
4839.200	0.4651
4840.100	0.4564
4841.000	0.4655
4841.900	0.4725
4842.800	0.4697
4843.700	0.4746
4844.600	0.4865
4845.500	0.4933
4846.400	0.4951
4847.300	0.4894
4848.200	0.4778
4849.100	0.4696
4850.000	0.4740
4850.900	0.4851
4851.800	0.4943
4852.700	0.4910
4853.600	0.4710
4854.500	0.4328
4855.400	0.4206
4856.300	0.4487
4857.200	0.4678
4858.100	0.4554
4859.000	0.4199
4859.900	0.3625
4860.800	0.3159
4861.700	0.3221
4862.600	0.3740
4863.500	0.4234
4864.400	0.4469
4865.300	0.4583
4866.200	0.4651
4867.100	0.4681
4868.000	0.4693
4868.900	0.4605
4869.800	0.4508
4870.700	0.4349
4871.600	0.4217
4872.500	0.4250
4873.400	0.4456
4874.300	0.4641
4875.200	0.4662
4876.100	0.4612
4877.000	0.4616
4877.900	0.4725
4878.800	0.4842
4879.700	0.4811
4880.600	0.4700
4881.500	0.4619
4882.400	0.4703
4883.300	0.4728
4884.200	0.4641
4885.100	0.4485
4886.000	0.4375
4886.900	0.4483
4887.800	0.4578
4888.700	0.4547
4889.600	0.4431
4890.500	0.4268
4891.400	0.4394
4892.300	0.4676
4893.200	0.4865
4894.100	0.4959
4895.000	0.5083
4895.900	0.5134
4896.800	0.5049
4897.700	0.5014
4898.600	0.4949
4899.500	0.4799
4900.400	0.4698
4901.300	0.4731
4902.200	0.4720
4903.100	0.4708
4904.000	0.4776
4904.900	0.4867
4905.800	0.4990
4906.700	0.4970
4907.600	0.4784
4908.500	0.4638
4909.400	0.4427
4910.300	0.4254
4911.200	0.4426
4912.100	0.4682
4913.000	0.4745
4913.900	0.4851
4914.800	0.4983
4915.700	0.5031
4916.600	0.4910
4917.500	0.4699
4918.400	0.4458
4919.300	0.4278
4920.200	0.4203
4921.100	0.4224
4922.000	0.4345
4922.900	0.4443
4923.800	0.4437
4924.700	0.4470
4925.600	0.4694
4926.500	0.4952
4927.400	0.4956
4928.300	0.4912
4929.200	0.4923
4930.100	0.4907
4931.000	0.4893
4931.900	0.4786
4932.800	0.4470
4933.700	0.4348
4934.600	0.4639
4935.500	0.4897
4936.400	0.4820
4937.300	0.4543
4938.200	0.4343
4939.100	0.4409
4940.000	0.4764
4940.900	0.4962
4941.800	0.4925
4942.700	0.4948
4943.600	0.5032
4944.500	0.4959
4945.400	0.4810
4946.300	0.4787
4947.200	0.4939
4948.100	0.5014
4949.000	0.4932
4949.900	0.4911
4950.800	0.4946
4951.700	0.4902
4952.600	0.4864
4953.500	0.4884
4954.400	0.4933
4955.300	0.4915
4956.200	0.4602
4957.100	0.4270
4958.000	0.4403
4958.900	0.4724
4959.800	0.4926
4960.700	0.5010
4961.600	0.4920
4962.500	0.4950
4963.400	0.4994
4964.300	0.4911
4965.200	0.4778
4966.100	0.4772
4967.000	0.4774
4967.900	0.4764
4968.800	0.4780
4969.700	0.4717
4970.600	0.4724
4971.500	0.4749
4972.400	0.4725
4973.300	0.4783
4974.200	0.4874
4975.100	0.4974
4976.000	0.4967
4976.900	0.4842
4977.800	0.4769
4978.700	0.4742
4979.600	0.4755
4980.500	0.4637
4981.400	0.4381
4982.300	0.4241
4983.200	0.4249
4984.100	0.4331
4985.000	0.4486
4985.900	0.4646
4986.800	0.4736
4987.700	0.4805
4988.600	0.4875
4989.500	0.4815
4990.400	0.4700
4991.300	0.4655
4992.200	0.4620
4993.100	0.4559
4994.000	0.4570
4994.900	0.4672
4995.800	0.4762
4996.700	0.4815
4997.600	0.4926
4998.500	0.4818
4999.400	0.4591
5000.300	0.4548
5001.200	0.4545
5002.100	0.4595
5003.000	0.4698
5003.900	0.4643
5004.800	0.4424
5005.700	0.4280
5006.600	0.4375
5007.500	0.4601
5008.400	0.4806
5009.300	0.4818
5010.200	0.4707
5011.100	0.4561
5012.000	0.4387
5012.900	0.4248
5013.800	0.4229
5014.700	0.4417
5015.600	0.4599
5016.500	0.4537
5017.400	0.4426
5018.300	0.4454
5019.200	0.4580
5020.100	0.4769
5021.000	0.4880
5021.900	0.4723
5022.800	0.4696
5023.700	0.4777
5024.600	0.4760
5025.500	0.4703
5026.400	0.4598
5027.300	0.4471
5028.200	0.4537
5029.100	0.4784
5030.000	0.4848
5030.900	0.4883
5031.800	0.4934
5032.700	0.4868
5033.600	0.4862
5034.500	0.4756
5035.400	0.4624
5036.300	0.4662
5037.200	0.4661
5038.100	0.4458
5039.000	0.4263
5039.900	0.4078
5040.800	0.3910
5041.700	0.4082
5042.600	0.4485
5043.500	0.4738
5044.400	0.4799
5045.300	0.4947
5046.200	0.5098
5047.100	0.4946
5048.000	0.4716
5048.900	0.4643
5049.800	0.4652
5050.700	0.4674
5051.600	0.4739
5052.500	0.4848
5053.400	0.4916
5054.300	0.4926
5055.200	0.5024
5056.100	0.5057
5057.000	0.4962
5057.900	0.4911
5058.800	0.4916
5059.700	0.4955
5060.600	0.5006
5061.500	0.4985
5062.400	0.4984
5063.300	0.4819
5064.200	0.4508
5065.100	0.4511
5066.000	0.4736
5066.900	0.4838
5067.800	0.4761
5068.700	0.4750
5069.600	0.4887
5070.500	0.4908
5071.400	0.4715
5072.300	0.4629
5073.200	0.4710
5074.100	0.4717
5075.000	0.4734
5075.900	0.4816
5076.800	0.4872
5077.700	0.4675
5078.600	0.4194
5079.500	0.3963
5080.400	0.4116
5081.300	0.4457
5082.200	0.4606
5083.100	0.4529
5084.000	0.4673
5084.900	0.4928
5085.800	0.4990
5086.700	0.4965
5087.600	0.4949
5088.500	0.4883
5089.400	0.4875
5090.300	0.4878
5091.200	0.4851
5092.100	0.4875
5093.000	0.4956
5093.900	0.4965
5094.800	0.4809
5095.700	0.4711
5096.600	0.4697
5097.500	0.4567
5098.400	0.4397
5099.300	0.4423
5100.200	0.4679
5101.100	0.4830
5102.000	0.4794
5102.900	0.4828
5103.800	0.4935
5104.700	0.4899
5105.600	0.4741
5106.500	0.4554
5107.400	0.4448
5108.300	0.4524
5109.200	0.4560
5110.100	0.4545
5111.000	0.4706
5111.900	0.4890
5112.800	0.4935
5113.700	0.4941
5114.600	0.4871
5115.500	0.4810
5116.400	0.4829
5117.300	0.4911
5118.200	0.5014
5119.100	0.4949
5120.000	0.4849
5120.900	0.4782
5121.800	0.4706
5122.700	0.4602
5123.600	0.4453
5124.500	0.4469
5125.400	0.4527
5126.300	0.4508
5127.200	0.4510
5128.100	0.4556
5129.000	0.4660
5129.900	0.4743
5130.800	0.4736
5131.700	0.4710
5132.600	0.4732
5133.500	0.4790
5134.400	0.4845
5135.300	0.4833
5136.200	0.4728
5137.100	0.4623
5138.000	0.4517
5138.900	0.4401
5139.800	0.4541
5140.700	0.4688
5141.600	0.4487
5142.500	0.4374
5143.400	0.4598
5144.300	0.4785
5145.200	0.4651
5146.100	0.4454
5147.000	0.4448
5147.900	0.4573
5148.800	0.4709
5149.700	0.4681
5150.600	0.4487
5151.500	0.4391
5152.400	0.4506
5153.300	0.4671
5154.200	0.4744
5155.100	0.4779
5156.000	0.4874
5156.900	0.4953
5157.800	0.4872
5158.700	0.4855
5159.600	0.4878
5160.500	0.4763
5161.400	0.4703
5162.300	0.4749
5163.200	0.4740
5164.100	0.4589
5165.000	0.4361
5165.900	0.4042
5166.800	0.3671
5167.700	0.3551
5168.600	0.3862
5169.500	0.4373
5170.400	0.4569
5171.300	0.4136
5172.200	0.3633
5173.100	0.3842
5174.000	0.4512
5174.900	0.4870
5175.800	0.4886
5176.700	0.4936
5177.600	0.5024
5178.500	0.5000
5179.400	0.4980
5180.300	0.4951
5181.200	0.4682
5182.100	0.4154
5183.000	0.3611
5183.900	0.3634
5184.800	0.4200
5185.700	0.4631
5186.600	0.4713
5187.500	0.4647
5188.400	0.4642
5189.300	0.4780
5190.200	0.4821
5191.100	0.4623
5192.000	0.4446
5192.900	0.4542
5193.800	0.4645
5194.700	0.4572
5195.600	0.4575
5196.500	0.4661
5197.400	0.4687
5198.300	0.4714
5199.200	0.4808
5200.100	0.4913
5201.000	0.4938
5201.900	0.4893
5202.800	0.4814
5203.700	0.4643
5204.600	0.4405
5205.500	0.4372
5206.400	0.4532
5207.300	0.4509
5208.200	0.4434
5209.100	0.4541
5210.000	0.4692
5210.900	0.4851
5211.800	0.5026
5212.700	0.5092
5213.600	0.4995
5214.500	0.4763
5215.400	0.4586
5216.300	0.4596
5217.200	0.4690
5218.100	0.4842
5219.000	0.4950
5219.900	0.4946
5220.800	0.4969
5221.700	0.5013
5222.600	0.4965
5223.500	0.4806
5224.400	0.4565
5225.300	0.4278
5226.200	0.4041
5227.100	0.4111
5228.000	0.4410
5228.900	0.4682
5229.800	0.4876
5230.700	0.4948
5231.600	0.4848
5232.500	0.4736
5233.400	0.4683
5234.300	0.4597
5235.200	0.4636
5236.100	0.4828
5237.000	0.4890
5237.900	0.4875
5238.800	0.4951
5239.700	0.4959
5240.600	0.4869
5241.500	0.4760
5242.400	0.4690
5243.300	0.4787
5244.200	0.5032
5245.100	0.5078
5246.000	0.4832
5246.900	0.4610
5247.800	0.4611
5248.700	0.4635
5249.600	0.4569
5250.500	0.4660
5251.400	0.4864
5252.300	0.4873
5253.200	0.4711
5254.100	0.4583
5255.000	0.4621
5255.900	0.4887
5256.800	0.5154
5257.700	0.5213
5258.600	0.5160
5259.500	0.5059
5260.400	0.4846
5261.300	0.4598
5262.200	0.4443
5263.100	0.4339
5264.000	0.4246
5264.900	0.4191
5265.800	0.4188
5266.700	0.4423
5267.600	0.4607
5268.500	0.4325
5269.400	0.4046
5270.300	0.4250
5271.200	0.4589
5272.100	0.4661
5273.000	0.4606
5273.900	0.4589
5274.800	0.4548
5275.700	0.4534
5276.600	0.4734
5277.500	0.5026
5278.400	0.5128
5279.300	0.4995
5280.200	0.4807
5281.100	0.4705
5282.000	0.4632
5282.900	0.4507
5283.800	0.4542
5284.700	0.4771
5285.600	0.4970
5286.500	0.5077
5287.400	0.5074
5288.300	0.4975
5289.200	0.4952
5290.100	0.5010
5291.000	0.4963
5291.900	0.4867
5292.800	0.4911
5293.700	0.4991
5294.600	0.4924
5295.500	0.4775
5296.400	0.4555
5297.300	0.4350
5298.200	0.4427
5299.100	0.4706
5300.000	0.4875
5300.900	0.4895
5301.800	0.4845
5302.700	0.4844
5303.600	0.4926
5304.500	0.5009
5305.400	0.4985
5306.300	0.4881
5307.200	0.4859
5308.100	0.4971
5309.000	0.5075
5309.900	0.5027
5310.800	0.4941
5311.700	0.4948
5312.600	0.5003
5313.500	0.5022
5314.400	0.4995
5315.300	0.4855
5316.200	0.4680
5317.100	0.4697
5318.000	0.4808
5318.900	0.4827
5319.800	0.4830
5320.700	0.4825
5321.600	0.4827
5322.500	0.4810
5323.400	0.4747
5324.300	0.4742
5325.200	0.4779
5326.100	0.4646
5327.000	0.4258
5327.900	0.3944
5328.800	0.4097
5329.700	0.4564
5330.600	0.4860
5331.500	0.4894
5332.400	0.4827
5333.300	0.4813
5334.200	0.4880
5335.100	0.4887
5336.000	0.4796
5336.900	0.4797
5337.800	0.4919
5338.700	0.4891
5339.600	0.4640
5340.500	0.4502
5341.400	0.4581
5342.300	0.4736
5343.200	0.4854
5344.100	0.4809
5345.000	0.4681
5345.900	0.4714
5346.800	0.4812
5347.700	0.4752
5348.600	0.4669
5349.500	0.4746
5350.400	0.4913
5351.300	0.4944
5352.200	0.4883
5353.100	0.4905
5354.000	0.5002
5354.900	0.5046
5355.800	0.5038
5356.700	0.4987
5357.600	0.4966
5358.500	0.5079
5359.400	0.5165
5360.300	0.5057
5361.200	0.4857
5362.100	0.4743
5363.000	0.4733
5363.900	0.4735
5364.800	0.4739
5365.700	0.4793
5366.600	0.4798
5367.500	0.4779
5368.400	0.4724
5369.300	0.4531
5370.200	0.4334
5371.100	0.4350
5372.000	0.4631
5372.900	0.4922
5373.800	0.4965
5374.700	0.4948
5375.600	0.4979
5376.500	0.4963
5377.400	0.4879
5378.300	0.4747
5379.200	0.4632
5380.100	0.4665
5381.000	0.4805
5381.900	0.4858
5382.800	0.4829
5383.700	0.4837
5384.600	0.4878
5385.500	0.4864
5386.400	0.4852
5387.300	0.4860
5388.200	0.4834
5389.100	0.4812
5390.000	0.4792
5390.900	0.4714
5391.800	0.4626
5392.700	0.4601
5393.600	0.4670
5394.500	0.4727
5395.400	0.4649
5396.300	0.4493
5397.200	0.4508
5398.100	0.4679
5399.000	0.4754
5399.900	0.4742
5400.800	0.4784
5401.700	0.4841
5402.600	0.4726
5403.500	0.4484
5404.400	0.4315
5405.300	0.4312
5406.200	0.4442
5407.100	0.4568
5408.000	0.4566
5408.900	0.4506
5409.800	0.4519
5410.700	0.4649
5411.600	0.4768
5412.500	0.4795
5413.400	0.4802
5414.300	0.4801
5415.200	0.4786
5416.100	0.4803
5417.000	0.4814
5417.900	0.4786
5418.800	0.4761
5419.700	0.4729
5420.600	0.4745
5421.500	0.4768
5422.400	0.4691
5423.300	0.4545
5424.200	0.4547
5425.100	0.4766
5426.000	0.4979
5426.900	0.5035
5427.800	0.4864
5428.700	0.4544
5429.600	0.4432
5430.500	0.4537
5431.400	0.4597
5432.300	0.4583
5433.200	0.4568
5434.100	0.4555
5435.000	0.4608
5435.900	0.4732
5436.800	0.4829
5437.700	0.4929
5438.600	0.5014
5439.500	0.5030
5440.400	0.4966
5441.300	0.4935
5442.200	0.4953
5443.100	0.4908
5444.000	0.4790
5444.900	0.4632
5445.800	0.4436
5446.700	0.4423
5447.600	0.4648
5448.500	0.4845
5449.400	0.4906
5450.300	0.4939
5451.200	0.4901
5452.100	0.4808
5453.000	0.4726
5453.900	0.4541
5454.800	0.4320
5455.700	0.4411
5456.600	0.4750
5457.500	0.4955
5458.400	0.4979
5459.300	0.4896
5460.200	0.4814
5461.100	0.4763
5462.000	0.4620
5462.900	0.4513
5463.800	0.4617
5464.700	0.4760
5465.600	0.4808
5466.500	0.4816
5467.400	0.4864
5468.300	0.4870
5469.200	0.4804
5470.100	0.4805
5471.000	0.4814
5471.900	0.4750
5472.800	0.4636
5473.700	0.4637
5474.600	0.4613
5475.500	0.4340
5476.400	0.4158
5477.300	0.4358
5478.200	0.4674
5479.100	0.4825
5480.000	0.4752
5480.900	0.4630
5481.800	0.4632
5482.700	0.4732
5483.600	0.4861
5484.500	0.4948
5485.400	0.4918
5486.300	0.4783
5487.200	0.4677
5488.100	0.4674
5489.000	0.4722
5489.900	0.4746
5490.800	0.4765
5491.700	0.4763
5492.600	0.4744
5493.500	0.4763
5494.400	0.4817
5495.300	0.4818
5496.200	0.4747
5497.100	0.4692
5498.000	0.4809
5498.900	0.4981
5499.800	0.4930
5500.700	0.4675
5501.600	0.4558
5502.500	0.4656
5503.400	0.4763
5504.300	0.4759
5505.200	0.4621
5506.100	0.4519
5507.000	0.4572
5507.900	0.4715
5508.800	0.4818
5509.700	0.4822
5510.600	0.4738
5511.500	0.4645
5512.400	0.4616
5513.300	0.4623
5514.200	0.4717
5515.100	0.4880
5516.000	0.4936
5516.900	0.4883
5517.800	0.4850
5518.700	0.4876
5519.600	0.4882
5520.500	0.4866
5521.400	0.4864
5522.300	0.4858
5523.200	0.4807
5524.100	0.4758
5525.000	0.4705
5525.900	0.4598
5526.800	0.4519
5527.700	0.4524
5528.600	0.4655
5529.500	0.4819
5530.400	0.4871
5531.300	0.4836
5532.200	0.4787
5533.100	0.4767
5534.000	0.4729
5534.900	0.4714
5535.800	0.4791
5536.700	0.4853
5537.600	0.4835
5538.500	0.4801
5539.400	0.4840
5540.300	0.4950
5541.200	0.5002
5542.100	0.4935
5543.000	0.4867
5543.900	0.4902
5544.800	0.4940
5545.700	0.4912
5546.600	0.4872
5547.500	0.4898
5548.400	0.4950
5549.300	0.4955
5550.200	0.4987
5551.100	0.4976
5552.000	0.4816
5552.900	0.4643
5553.800	0.4617
5554.700	0.4694
5555.600	0.4812
5556.500	0.4908
5557.400	0.4867
5558.300	0.4784
5559.200	0.4778
5560.100	0.4860
5561.000	0.4903
5561.900	0.4878
5562.800	0.4820
5563.700	0.4730
5564.600	0.4686
5565.500	0.4701
5566.400	0.4813
5567.300	0.4933
5568.200	0.4853
5569.100	0.4657
5570.000	0.4627
5570.900	0.4619
5571.800	0.4534
5572.700	0.4642
5573.600	0.4765
5574.500	0.4683
5575.400	0.4653
5576.300	0.4851
5577.200	0.5032
5578.100	0.5036
5579.000	0.4947
5579.900	0.4801
5580.800	0.4712
5581.700	0.4815
5582.600	0.4942
5583.500	0.4879
5584.400	0.4770
5585.300	0.4730
5586.200	0.4632
5587.100	0.4501
5588.000	0.4383
5588.900	0.4325
5589.800	0.4497
5590.700	0.4798
5591.600	0.4890
5592.500	0.4832
5593.400	0.4694
5594.300	0.4643
5595.200	0.4778
5596.100	0.4889
5597.000	0.4790
5597.900	0.4631
5598.800	0.4632
5599.700	0.4581
5600.600	0.4481
5601.500	0.4414
5602.400	0.4431
5603.300	0.4631
5604.200	0.4927
5605.100	0.5053
5606.000	0.4983
5606.900	0.4864
5607.800	0.4868
5608.700	0.4990
5609.600	0.5075
5610.500	0.5114
5611.400	0.5100
5612.300	0.4968
5613.200	0.4762
5614.100	0.4549
5615.000	0.4389
5615.900	0.4512
5616.800	0.4800
5617.700	0.4908
5618.600	0.4905
5619.500	0.4958
5620.400	0.4978
5621.300	0.4950
5622.200	0.4821
5623.100	0.4663
5624.000	0.4639
5624.900	0.4696
5625.800	0.4766
5626.700	0.4883
5627.600	0.4953
5628.500	0.5018
5629.400	0.5101
5630.300	0.5128
5631.200	0.4995
5632.100	0.4844
5633.000	0.4923
5633.900	0.5023
5634.800	0.4955
5635.700	0.4811
5636.600	0.4817
5637.500	0.4931
5638.400	0.4932
5639.300	0.4856
5640.200	0.4741
5641.100	0.4689
5642.000	0.4705
5642.900	0.4761
5643.800	0.4894
5644.700	0.5074
5645.600	0.5096
5646.500	0.4972
5647.400	0.4879
5648.300	0.4917
5649.200	0.4889
5650.100	0.4850
5651.000	0.4861
5651.900	0.4882
5652.800	0.4937
5653.700	0.4777
5654.600	0.4628
5655.500	0.4610
5656.400	0.4599
5657.300	0.4511
5658.200	0.4377
5659.100	0.4505
5660.000	0.4722
5660.900	0.4753
5661.800	0.4694
5662.700	0.4733
5663.600	0.4870
5664.500	0.4955
5665.400	0.4928
5666.300	0.4814
5667.200	0.4726
5668.100	0.4717
5669.000	0.4802
5669.900	0.4973
5670.800	0.5002
5671.700	0.4952
5672.600	0.4892
5673.500	0.4799
5674.400	0.4770
5675.300	0.4886
5676.200	0.5128
5677.100	0.5119
5678.000	0.4935
5678.900	0.4865
5679.800	0.4913
5680.700	0.4918
5681.600	0.4835
5682.500	0.4671
5683.400	0.4552
5684.300	0.4654
5685.200	0.4759
5686.100	0.4741
5687.000	0.4713
5687.900	0.4721
5688.800	0.4736
5689.700	0.4740
5690.600	0.4905
5691.500	0.5048
5692.400	0.4998
5693.300	0.4930
5694.200	0.4891
5695.100	0.4897
5696.000	0.4939
5696.900	0.4909
5697.800	0.4890
5698.700	0.4965
5699.600	0.4965
5700.500	0.4725
5701.400	0.4580
5702.300	0.4676
5703.200	0.4788
5704.100	0.4810
5705.000	0.4689
5705.900	0.4645
5706.800	0.4762
5707.700	0.4737
5708.600	0.4624
5709.500	0.4634
5710.400	0.4595
5711.300	0.4573
5712.200	0.4724
5713.100	0.4847
5714.000	0.4823
5714.900	0.4744
5715.800	0.4720
5716.700	0.4694
5717.600	0.4751
5718.500	0.4934
5719.400	0.5005
5720.300	0.4928
5721.200	0.4841
5722.100	0.4784
5723.000	0.4807
5723.900	0.4913
5724.800	0.4985
5725.700	0.4948
5726.600	0.4893
5727.500	0.4921
5728.400	0.4966
5729.300	0.4923
5730.200	0.4832
5731.100	0.4823
5732.000	0.4929
5732.900	0.4933
5733.800	0.4790
5734.700	0.4774
5735.600	0.4854
5736.500	0.4799
5737.400	0.4680
5738.300	0.4726
5739.200	0.4905
5740.100	0.5036
5741.000	0.5009
5741.900	0.5006
5742.800	0.5008
5743.700	0.4920
5744.600	0.4871
5745.500	0.4909
5746.400	0.4883
5747.300	0.4722
5748.200	0.4677
5749.100	0.4753
5750.000	0.4815
5750.900	0.4800
5751.800	0.4733
5752.700	0.4616
5753.600	0.4512
5754.500	0.4596
5755.400	0.4832
5756.300	0.4934
5757.200	0.4915
5758.100	0.4995
5759.000	0.5117
5759.900	0.5113
5760.800	0.4989
5761.700	0.4773
5762.600	0.4653
5763.500	0.4778
5764.400	0.4954
5765.300	0.4955
5766.200	0.4850
5767.100	0.4790
5768.000	0.4798
5768.900	0.4859
5769.800	0.4892
5770.700	0.4841
5771.600	0.4814
5772.500	0.4836
5773.400	0.4860
5774.300	0.4879
5775.200	0.4850
5776.100	0.4839
5777.000	0.4830
5777.900	0.4759
5778.800	0.4598
5779.700	0.4449
5780.600	0.4413
5781.500	0.4434
5782.400	0.4512
5783.300	0.4581
5784.200	0.4609
5785.100	0.4701
5786.000	0.4833
5786.900	0.4877
5787.800	0.4856
5788.700	0.4834
5789.600	0.4791
5790.500	0.4759
5791.400	0.4779
5792.300	0.4837
5793.200	0.4869
5794.100	0.4867
5795.000	0.4863
5795.900	0.4805
5796.800	0.4701
5797.700	0.4744
5798.600	0.4904
5799.500	0.4911
5800.400	0.4833
5801.300	0.4863
5802.200	0.4913
5803.100	0.4926
5804.000	0.4949
5804.900	0.4914
5805.800	0.4815
5806.700	0.4758
5807.600	0.4745
5808.500	0.4770
5809.400	0.4783
5810.300	0.4809
5811.200	0.4871
5812.100	0.4934
5813.000	0.4994
5813.900	0.5087
5814.800	0.5127
5815.700	0.4988
5816.600	0.4866
5817.500	0.4879
5818.400	0.4932
5819.300	0.4908
5820.200	0.4816
5821.100	0.4810
5822.000	0.4938
5822.900	0.5101
5823.800	0.5209
5824.700	0.5210
5825.600	0.5201
5826.500	0.5168
5827.400	0.5022
5828.300	0.4924
5829.200	0.5023
5830.100	0.5142
5831.000	0.5131
5831.900	0.4947
5832.800	0.4736
5833.700	0.4711
5834.600	0.4833
5835.500	0.4900
5836.400	0.4895
5837.300	0.4868
5838.200	0.4845
5839.100	0.4819
5840.000	0.4814
5840.900	0.4867
5841.800	0.4948
5842.700	0.5018
5843.600	0.4970
5844.500	0.4896
5845.400	0.4867
5846.300	0.4828
5847.200	0.4858
5848.100	0.4915
5849.000	0.4915
5849.900	0.4979
5850.800	0.5022
5851.700	0.4904
5852.600	0.4715
5853.500	0.4620
5854.400	0.4670
5855.300	0.4821
5856.200	0.4920
5857.100	0.4821
5858.000	0.4722
5858.900	0.4806
5859.800	0.4887
5860.700	0.4844
5861.600	0.4834
5862.500	0.4905
5863.400	0.5015
5864.300	0.5058
5865.200	0.4960
5866.100	0.4866
5867.000	0.4876
5867.900	0.4956
5868.800	0.4975
5869.700	0.4954
5870.600	0.5034
5871.500	0.5071
5872.400	0.5028
5873.300	0.5108
5874.200	0.5114
5875.100	0.4946
5876.000	0.4881
5876.900	0.4885
5877.800	0.4825
5878.700	0.4795
5879.600	0.4881
5880.500	0.4964
5881.400	0.4971
5882.300	0.4859
5883.200	0.4741
5884.100	0.4805
5885.000	0.4864
5885.900	0.4812
5886.800	0.4831
5887.700	0.4675
5888.600	0.3945
5889.500	0.3101
5890.400	0.3232
5891.300	0.4029
5892.200	0.4634
5893.100	0.4900
5894.000	0.4667
5894.900	0.3860
5895.800	0.3220
5896.700	0.3544
5897.600	0.4299
5898.500	0.4670
5899.400	0.4780
5900.300	0.4954
5901.200	0.5010
5902.100	0.4933
5903.000	0.4880
5903.900	0.4779
5904.800	0.4768
5905.700	0.4853
5906.600	0.4857
5907.500	0.4848
5908.400	0.4895
5909.300	0.4945
5910.200	0.4932
5911.100	0.4915
5912.000	0.4807
5912.900	0.4689
5913.800	0.4605
5914.700	0.4530
5915.600	0.4533
5916.500	0.4727
5917.400	0.4969
5918.300	0.5047
5919.200	0.5003
5920.100	0.4971
5921.000	0.4963
5921.900	0.4923
5922.800	0.4888
5923.700	0.4901
5924.600	0.4969
5925.500	0.5002
5926.400	0.4999
5927.300	0.4989
5928.200	0.4918
5929.100	0.4746
5930.000	0.4716
5930.900	0.4833
5931.800	0.4944
5932.700	0.4935
5933.600	0.4811
5934.500	0.4669
5935.400	0.4786
5936.300	0.4844
5937.200	0.4832
5938.100	0.4899
5939.000	0.4916
5939.900	0.4793
5940.800	0.4635
5941.700	0.4706
5942.600	0.4930
5943.500	0.4931
5944.400	0.4863
5945.300	0.4864
5946.200	0.4853
5947.100	0.4804
5948.000	0.4756
5948.900	0.4745
5949.800	0.4757
5950.700	0.4870
5951.600	0.4852
5952.500	0.4678
5953.400	0.4664
5954.300	0.4737
5955.200	0.4739
5956.100	0.4751
5957.000	0.4828
5957.900	0.4900
5958.800	0.4907
5959.700	0.4941
5960.600	0.4979
5961.500	0.4925
5962.400	0.4881
5963.300	0.4814
5964.200	0.4750
5965.100	0.4807
5966.000	0.4878
5966.900	0.4930
5967.800	0.5015
5968.700	0.4980
5969.600	0.4883
5970.500	0.4943
5971.400	0.4994
5972.300	0.4930
5973.200	0.4897
5974.100	0.4887
5975.000	0.4816
5975.900	0.4668
5976.800	0.4524
5977.700	0.4592
5978.600	0.4765
5979.500	0.4870
5980.400	0.4818
5981.300	0.4814
5982.200	0.4815
5983.100	0.4746
5984.000	0.4734
5984.900	0.4817
5985.800	0.4766
5986.700	0.4805
5987.600	0.4800
5988.500	0.4720
5989.400	0.4754
5990.300	0.4778
5991.200	0.4773
5992.100	0.4829
5993.000	0.4804
5993.900	0.4799
5994.800	0.4777
5995.700	0.4771
5996.600	0.4919
5997.500	0.5050
5998.400	0.5030
5999.300	0.4906
6000.200	0.4836
6001.100	0.4819
6002.000	0.4732
6002.900	0.4720
6003.800	0.4853
6004.700	0.4933
6005.600	0.4851
6006.500	0.4781
6007.400	0.4709
6008.300	0.4717
6009.200	0.4842
6010.100	0.4885
6011.000	0.4798
6011.900	0.4695
6012.800	0.4745
6013.700	0.4798
6014.600	0.4752
6015.500	0.4678
6016.400	0.4642
6017.300	0.4615
6018.200	0.4671
6019.100	0.4774
6020.000	0.4820
6020.900	0.4726
6021.800	0.4655
6022.700	0.4612
6023.600	0.4574
6024.500	0.4627
6025.400	0.4727
6026.300	0.4730
6027.200	0.4816
6028.100	0.4912
6029.000	0.4922
6029.900	0.4911
6030.800	0.4871
6031.700	0.4949
6032.600	0.4955
6033.500	0.4775
6034.400	0.4663
6035.300	0.4613
6036.200	0.4610
6037.100	0.4747
6038.000	0.4794
6038.900	0.4771
6039.800	0.4820
6040.700	0.4870
6041.600	0.4863
6042.500	0.4903
6043.400	0.4880
6044.300	0.4673
6045.200	0.4547
6046.100	0.4664
6047.000	0.4843
6047.900	0.4796
6048.800	0.4670
6049.700	0.4637
6050.600	0.4683
6051.500	0.4755
6052.400	0.4900
6053.300	0.4930
6054.200	0.4819
6055.100	0.4695
6056.000	0.4749
6056.900	0.4824
6057.800	0.4857
6058.700	0.4849
6059.600	0.4703
6060.500	0.4673
6061.400	0.4766
6062.300	0.4816
6063.200	0.4829
6064.100	0.4704
6065.000	0.4568
6065.900	0.4633
6066.800	0.4707
6067.700	0.4744
6068.600	0.4791
6069.500	0.4871
6070.400	0.4870
6071.300	0.4811
6072.200	0.4728
6073.100	0.4695
6074.000	0.4696
6074.900	0.4732
6075.800	0.4665
6076.700	0.4544
6077.600	0.4502
6078.500	0.4612
6079.400	0.4707
6080.300	0.4637
6081.200	0.4618
6082.100	0.4686
6083.000	0.4666
6083.900	0.4516
6084.800	0.4484
6085.700	0.4622
6086.600	0.4726
6087.500	0.4666
6088.400	0.4602
6089.300	0.4593
6090.200	0.4565
6091.100	0.4631
6092.000	0.4770
6092.900	0.4850
6093.800	0.4828
6094.700	0.4845
6095.600	0.4803
6096.500	0.4762
6097.400	0.4819
6098.300	0.4823
6099.200	0.4826
6100.100	0.4831
6101.000	0.4651
6101.900	0.4405
6102.800	0.4349
6103.700	0.4585
6104.600	0.4777
6105.500	0.4779
6106.400	0.4652
6107.300	0.4529
6108.200	0.4489
6109.100	0.4542
6110.000	0.4584
6110.900	0.4682
6111.800	0.4763
6112.700	0.4757
6113.600	0.4773
6114.500	0.4722
6115.400	0.4607
6116.300	0.4595
6117.200	0.4652
6118.100	0.4697
6119.000	0.4605
6119.900	0.4580
6120.800	0.4555
6121.700	0.4461
6122.600	0.4515
6123.500	0.4576
6124.400	0.4577
6125.300	0.4601
6126.200	0.4611
6127.100	0.4682
6128.000	0.4807
6128.900	0.4805
6129.800	0.4806
6130.700	0.4820
6131.600	0.4733
6132.500	0.4705
6133.400	0.4710
6134.300	0.4594
6135.200	0.4392
6136.100	0.4227
6137.000	0.4202
6137.900	0.4335
6138.800	0.4581
6139.700	0.4729
6140.600	0.4607
6141.500	0.4585
6142.400	0.4701
6143.300	0.4699
6144.200	0.4641
6145.100	0.4684
6146.000	0.4759
6146.900	0.4777
6147.800	0.4735
6148.700	0.4752
6149.600	0.4730
6150.500	0.4644
6151.400	0.4659
6152.300	0.4822
6153.200	0.4894
6154.100	0.4709
6155.000	0.4651
6155.900	0.4738
6156.800	0.4763
6157.700	0.4756
6158.600	0.4730
6159.500	0.4675
6160.400	0.4493
6161.300	0.4267
6162.200	0.4207
6163.100	0.4312
6164.000	0.4459
6164.900	0.4565
6165.800	0.4570
6166.700	0.4458
6167.600	0.4356
6168.500	0.4341
6169.400	0.4417
6170.300	0.4493
6171.200	0.4631
6172.100	0.4744
6173.000	0.4742
6173.900	0.4670
6174.800	0.4603
6175.700	0.4606
6176.600	0.4646
6177.500	0.4781
6178.400	0.4809
6179.300	0.4639
6180.200	0.4568
6181.100	0.4698
6182.000	0.4707
6182.900	0.4651
6183.800	0.4668
6184.700	0.4754
6185.600	0.4742
6186.500	0.4656
6187.400	0.4659
6188.300	0.4623
6189.200	0.4554
6190.100	0.4447
6191.000	0.4278
6191.900	0.4250
6192.800	0.4435
6193.700	0.4679
6194.600	0.4772
6195.500	0.4734
6196.400	0.4625
6197.300	0.4536
6198.200	0.4546
6199.100	0.4487
6200.000	0.4397
6200.900	0.4363
6201.800	0.4427
6202.700	0.4598
6203.600	0.4688
6204.500	0.4704
6205.400	0.4751
6206.300	0.4862
6207.200	0.4804
6208.100	0.4774
6209.000	0.4936
6209.900	0.4969
6210.800	0.4769
6211.700	0.4670
6212.600	0.4608
6213.500	0.4577
6214.400	0.4605
6215.300	0.4553
6216.200	0.4546
6217.100	0.4672
6218.000	0.4709
6218.900	0.4532
6219.800	0.4456
6220.700	0.4533
6221.600	0.4566
6222.500	0.4591
6223.400	0.4581
6224.300	0.4581
6225.200	0.4658
6226.100	0.4764
6227.000	0.4728
6227.900	0.4646
6228.800	0.4625
6229.700	0.4501
6230.600	0.4493
6231.500	0.4591
6232.400	0.4556
6233.300	0.4555
6234.200	0.4700
6235.100	0.4713
6236.000	0.4642
6236.900	0.4644
6237.800	0.4697
6238.700	0.4815
6239.600	0.4902
6240.500	0.4961
6241.400	0.4894
6242.300	0.4729
6243.200	0.4621
6244.100	0.4607
6245.000	0.4683
6245.900	0.4754
6246.800	0.4713
6247.700	0.4732
6248.600	0.4768
6249.500	0.4673
6250.400	0.4613
6251.300	0.4604
6252.200	0.4528
6253.100	0.4458
6254.000	0.4370
6254.900	0.4304
6255.800	0.4281
6256.700	0.4274
6257.600	0.4352
6258.500	0.4423
6259.400	0.4511
6260.300	0.4602
6261.200	0.4659
6262.100	0.4695
6263.000	0.4680
6263.900	0.4654
6264.800	0.4638
6265.700	0.4559
6266.600	0.4540
6267.500	0.4573
6268.400	0.4529
6269.300	0.4433
6270.200	0.4470
6271.100	0.4549
6272.000	0.4557
6272.900	0.4554
6273.800	0.4557
6274.700	0.4593
6275.600	0.4648
6276.500	0.4685
6277.400	0.4636
6278.300	0.4544
6279.200	0.4502
6280.100	0.4479
6281.000	0.4390
6281.900	0.4344
6282.800	0.4475
6283.700	0.4591
6284.600	0.4518
6285.500	0.4454
6286.400	0.4428
6287.300	0.4427
6288.200	0.4557
6289.100	0.4643
6290.000	0.4573
6290.900	0.4509
6291.800	0.4606
6292.700	0.4699
6293.600	0.4690
6294.500	0.4691
6295.400	0.4719
6296.300	0.4697
6297.200	0.4628
6298.100	0.4603
6299.000	0.4573
6299.900	0.4455
6300.800	0.4344
6301.700	0.4398
6302.600	0.4546
6303.500	0.4648
6304.400	0.4670
6305.300	0.4635
6306.200	0.4618
6307.100	0.4612
6308.000	0.4683
6308.900	0.4741
6309.800	0.4683
6310.700	0.4626
6311.600	0.4529
6312.500	0.4480
6313.400	0.4499
6314.300	0.4503
6315.200	0.4544
6316.100	0.4617
6317.000	0.4604
6317.900	0.4452
6318.800	0.4424
6319.700	0.4544
6320.600	0.4520
6321.500	0.4448
6322.400	0.4574
6323.300	0.4761
6324.200	0.4725
6325.100	0.4681
6326.000	0.4760
6326.900	0.4701
6327.800	0.4560
6328.700	0.4530
6329.600	0.4590
6330.500	0.4684
6331.400	0.4714
6332.300	0.4716
6333.200	0.4674
6334.100	0.4480
6335.000	0.4264
6335.900	0.4255
6336.800	0.4464
6337.700	0.4615
6338.600	0.4579
6339.500	0.4447
6340.400	0.4386
6341.300	0.4429
6342.200	0.4480
6343.100	0.4457
6344.000	0.4403
6344.900	0.4421
6345.800	0.4456
6346.700	0.4515
6347.600	0.4588
6348.500	0.4684
6349.400	0.4694
6350.300	0.4627
6351.200	0.4682
6352.100	0.4790
6353.000	0.4746
6353.900	0.4699
6354.800	0.4660
6355.700	0.4608
6356.600	0.4419
6357.500	0.4285
6358.400	0.4278
6359.300	0.4421
6360.200	0.4543
6361.100	0.4551
6362.000	0.4435
6362.900	0.4444
6363.800	0.4542
6364.700	0.4567
6365.600	0.4502
6366.500	0.4483
6367.400	0.4546
6368.300	0.4650
6369.200	0.4567
6370.100	0.4532
6371.000	0.4578
6371.900	0.4596
6372.800	0.4554
6373.700	0.4545
6374.600	0.4640
6375.500	0.4586
6376.400	0.4540
6377.300	0.4530
6378.200	0.4418
6379.100	0.4406
6380.000	0.4488
6380.900	0.4487
6381.800	0.4548
6382.700	0.4630
6383.600	0.4554
6384.500	0.4577
6385.400	0.4694
6386.300	0.4801
6387.200	0.4812
6388.100	0.4757
6389.000	0.4707
6389.900	0.4620
6390.800	0.4599
6391.700	0.4547
6392.600	0.4473
6393.500	0.4428
6394.400	0.4497
6395.300	0.4628
6396.200	0.4655
6397.100	0.4688
6398.000	0.4581
6398.900	0.4304
6399.800	0.4182
6400.700	0.4371
6401.600	0.4506
6402.500	0.4501
6403.400	0.4544
6404.300	0.4747
6405.200	0.4838
6406.100	0.4621
6407.000	0.4438
6407.900	0.4443
6408.800	0.4594
6409.700	0.4715
6410.600	0.4621
6411.500	0.4509
6412.400	0.4479
6413.300	0.4501
6414.200	0.4459
6415.100	0.4378
6416.000	0.4491
6416.900	0.4573
6417.800	0.4584
6418.700	0.4540
6419.600	0.4471
6420.500	0.4354
6421.400	0.4357
6422.300	0.4435
6423.200	0.4462
6424.100	0.4543
6425.000	0.4641
6425.900	0.4624
6426.800	0.4551
6427.700	0.4548
6428.600	0.4569
6429.500	0.4518
6430.400	0.4401
6431.300	0.4335
6432.200	0.4354
6433.100	0.4374
6434.000	0.4469
6434.900	0.4731
6435.800	0.4736
6436.700	0.4509
6437.600	0.4299
6438.500	0.4242
6439.400	0.4369
6440.300	0.4487
6441.200	0.4534
6442.100	0.4552
6443.000	0.4648
6443.900	0.4576
6444.800	0.4444
6445.700	0.4552
6446.600	0.4661
6447.500	0.4564
6448.400	0.4430
6449.300	0.4299
6450.200	0.4350
6451.100	0.4469
6452.000	0.4577
6452.900	0.4637
6453.800	0.4663
6454.700	0.4578
6455.600	0.4383
6456.500	0.4315
6457.400	0.4402
6458.300	0.4553
6459.200	0.4515
6460.100	0.4412
6461.000	0.4216
6461.900	0.3993
6462.800	0.4144
6463.700	0.4329
6464.600	0.4382
6465.500	0.4430
6466.400	0.4538
6467.300	0.4654
6468.200	0.4584
6469.100	0.4505
6470.000	0.4472
6470.900	0.4441
6471.800	0.4512
6472.700	0.4603
6473.600	0.4564
6474.500	0.4431
6475.400	0.4309
6476.300	0.4281
6477.200	0.4389
6478.100	0.4496
6479.000	0.4556
6479.900	0.4521
6480.800	0.4480
6481.700	0.4423
6482.600	0.4395
6483.500	0.4394
6484.400	0.4551
6485.300	0.4683
6486.200	0.4505
6487.100	0.4402
6488.000	0.4451
6488.900	0.4458
6489.800	0.4356
6490.700	0.4332
6491.600	0.4360
6492.500	0.4209
6493.400	0.4070
6494.300	0.4022
6495.200	0.4052
6496.100	0.4047
6497.000	0.4187
6497.900	0.4303
6498.800	0.4290
6499.700	0.4336
6500.600	0.4403
6501.500	0.4378
6502.400	0.4363
6503.300	0.4473
6504.200	0.4564
6505.100	0.4588
6506.000	0.4578
6506.900	0.4479
6507.800	0.4516
6508.700	0.4572
6509.600	0.4517
6510.500	0.4510
6511.400	0.4453
6512.300	0.4399
6513.200	0.4339
6514.100	0.4303
6515.000	0.4395
6515.900	0.4466
6516.800	0.4437
6517.700	0.4315
6518.600	0.4224
6519.500	0.4288
6520.400	0.4455
6521.300	0.4541
6522.200	0.4534
6523.100	0.4402
6524.000	0.4286
6524.900	0.4328
6525.800	0.4303
6526.700	0.4251
6527.600	0.4190
6528.500	0.4221
6529.400	0.4293
6530.300	0.4332
6531.200	0.4299
6532.100	0.4340
6533.000	0.4349
6533.900	0.4294
6534.800	0.4237
6535.700	0.4293
6536.600	0.4334
6537.500	0.4341
6538.400	0.4336
6539.300	0.4362
6540.200	0.4439
6541.100	0.4480
6542.000	0.4448
6542.900	0.4454
6543.800	0.4468
6544.700	0.4409
6545.600	0.4354
6546.500	0.4295
6547.400	0.4260
6548.300	0.4330
6549.200	0.4422
6550.100	0.4364
6551.000	0.4329
6551.900	0.4305
6552.800	0.4227
6553.700	0.4228
6554.600	0.4266
6555.500	0.4334
6556.400	0.4395
6557.300	0.4322
6558.200	0.4251
6559.100	0.4189
6560.000	0.3960
6560.900	0.3420
6561.800	0.2674
6562.700	0.2517
6563.600	0.2992
6564.500	0.3714
6565.400	0.4177
6566.300	0.4305
6567.200	0.4336
6568.100	0.4234
6569.000	0.4226
6569.900	0.4327
6570.800	0.4314
6571.700	0.4247
6572.600	0.4147
6573.500	0.4075
6574.400	0.4144
6575.300	0.4316
6576.200	0.4427
6577.100	0.4455
6578.000	0.4404
6578.900	0.4381
6579.800	0.4393
6580.700	0.4370
6581.600	0.4354
6582.500	0.4391
6583.400	0.4476
6584.300	0.4415
6585.200	0.4182
6586.100	0.4103
6587.000	0.4210
6587.900	0.4351
6588.800	0.4429
6589.700	0.4408
6590.600	0.4318
6591.500	0.4270
6592.400	0.4210
6593.300	0.4170
6594.200	0.4333
6595.100	0.4455
6596.000	0.4395
6596.900	0.4308
6597.800	0.4238
6598.700	0.4256
6599.600	0.4378
6600.500	0.4492
6601.400	0.4510
6602.300	0.4496
6603.200	0.4476
6604.100	0.4478
6605.000	0.4481
6605.900	0.4470
6606.800	0.4409
6607.700	0.4271
6608.600	0.4269
6609.500	0.4376
6610.400	0.4358
6611.300	0.4305
6612.200	0.4387
6613.100	0.4477
6614.000	0.4480
6614.900	0.4428
6615.800	0.4393
6616.700	0.4374
6617.600	0.4304
6618.500	0.4297
6619.400	0.4370
6620.300	0.4435
6621.200	0.4491
6622.100	0.4385
6623.000	0.4268
6623.900	0.4291
6624.800	0.4322
6625.700	0.4369
6626.600	0.4468
6627.500	0.4511
6628.400	0.4517
6629.300	0.4430
6630.200	0.4283
6631.100	0.4226
6632.000	0.4286
6632.900	0.4341
6633.800	0.4306
6634.700	0.4291
6635.600	0.4333
6636.500	0.4333
6637.400	0.4277
6638.300	0.4303
6639.200	0.4372
6640.100	0.4380
6641.000	0.4391
6641.900	0.4402
6642.800	0.4223
6643.700	0.4061
6644.600	0.4145
6645.500	0.4310
6646.400	0.4364
6647.300	0.4393
6648.200	0.4371
6649.100	0.4299
6650.000	0.4373
6650.900	0.4377
6651.800	0.4305
6652.700	0.4260
6653.600	0.4301
6654.500	0.4423
6655.400	0.4431
6656.300	0.4386
6657.200	0.4393
6658.100	0.4372
6659.000	0.4372
6659.900	0.4387
6660.800	0.4363
6661.700	0.4341
6662.600	0.4268
6663.500	0.4212
6664.400	0.4282
6665.300	0.4332
6666.200	0.4452
6667.100	0.4490
6668.000	0.4378
6668.900	0.4280
6669.800	0.4321
6670.700	0.4453
6671.600	0.4464
6672.500	0.4350
6673.400	0.4361
6674.300	0.4400
6675.200	0.4315
6676.100	0.4222
6677.000	0.4240
6677.900	0.4305
6678.800	0.4385
6679.700	0.4436
6680.600	0.4465
6681.500	0.4489
6682.400	0.4469
6683.300	0.4487
6684.200	0.4526
6685.100	0.4505
6686.000	0.4430
6686.900	0.4454
6687.800	0.4361
6688.700	0.4290
6689.600	0.4423
6690.500	0.4471
6691.400	0.4430
6692.300	0.4379
6693.200	0.4395
6694.100	0.4299
6695.000	0.4358
6695.900	0.4443
6696.800	0.4438
6697.700	0.4428
6698.600	0.4528
6699.500	0.4564
6700.400	0.4462
6701.300	0.4446
6702.200	0.4366
6703.100	0.4284
6704.000	0.4308
6704.900	0.4363
6705.800	0.4425
6706.700	0.4441
6707.600	0.4400
6708.500	0.4469
6709.400	0.4547
6710.300	0.4450
6711.200	0.4380
6712.100	0.4421
6713.000	0.4416
6713.900	0.4402
6714.800	0.4355
6715.700	0.4231
6716.600	0.4128
6717.500	0.4127
6718.400	0.4175
6719.300	0.4266
6720.200	0.4212
6721.100	0.4218
6722.000	0.4344
6722.900	0.4395
6723.800	0.4385
6724.700	0.4453
6725.600	0.4337
6726.500	0.4213
6727.400	0.4330
6728.300	0.4399
6729.200	0.4412
6730.100	0.4397
6731.000	0.4324
6731.900	0.4320
6732.800	0.4389
6733.700	0.4493
6734.600	0.4405
6735.500	0.4368
6736.400	0.4379
6737.300	0.4431
6738.200	0.4479
6739.100	0.4547
6740.000	0.4514
6740.900	0.4312
6741.800	0.4194
6742.700	0.4295
6743.600	0.4352
6744.500	0.4438
6745.400	0.4525
6746.300	0.4480
6747.200	0.4407
6748.100	0.4341
6749.000	0.4313
6749.900	0.4328
6750.800	0.4337
6751.700	0.4352
6752.600	0.4242
6753.500	0.4202
6754.400	0.4281
6755.300	0.4415
6756.200	0.4500
6757.100	0.4498
6758.000	0.4419
6758.900	0.4325
6759.800	0.4413
6760.700	0.4572
6761.600	0.4483
6762.500	0.4427
6763.400	0.4524
6764.300	0.4539
6765.200	0.4445
6766.100	0.4390
6767.000	0.4269
6767.900	0.4263
6768.800	0.4287
6769.700	0.4233
6770.600	0.4197
6771.500	0.4263
6772.400	0.4307
6773.300	0.4256
6774.200	0.4218
6775.100	0.4179
6776.000	0.4214
6776.900	0.4346
6777.800	0.4426
6778.700	0.4402
6779.600	0.4314
6780.500	0.4209
6781.400	0.4201
6782.300	0.4226
6783.200	0.4264
6784.100	0.4299
6785.000	0.4284
6785.900	0.4288
6786.800	0.4324
6787.700	0.4331
6788.600	0.4405
6789.500	0.4441
6790.400	0.4353
6791.300	0.4324
6792.200	0.4345
6793.100	0.4322
6794.000	0.4348
6794.900	0.4428
6795.800	0.4443
6796.700	0.4416
6797.600	0.4368
6798.500	0.4320
6799.400	0.4308
6800.300	0.4256
6801.200	0.4243
6802.100	0.4239
6803.000	0.4173
6803.900	0.4149
6804.800	0.4211
6805.700	0.4285
6806.600	0.4331
6807.500	0.4375
6808.400	0.4476
6809.300	0.4488
6810.200	0.4449
6811.100	0.4442
6812.000	0.4403
6812.900	0.4329
6813.800	0.4301
6814.700	0.4354
6815.600	0.4413
6816.500	0.4421
6817.400	0.4420
6818.300	0.4351
6819.200	0.4264
6820.100	0.4264
6821.000	0.4279
6821.900	0.4299
6822.800	0.4365
6823.700	0.4358
6824.600	0.4251
6825.500	0.4234
6826.400	0.4285
6827.300	0.4274
6828.200	0.4230
6829.100	0.4258
6830.000	0.4278
6830.900	0.4251
6831.800	0.4259
6832.700	0.4307
6833.600	0.4361
6834.500	0.4321
6835.400	0.4267
6836.300	0.4286
6837.200	0.4295
6838.100	0.4265
6839.000	0.4204
6839.900	0.4148
6840.800	0.4128
6841.700	0.4090
6842.600	0.4106
6843.500	0.4225
6844.400	0.4326
6845.300	0.4281
6846.200	0.4138
6847.100	0.4105
6848.000	0.4175
6848.900	0.4186
6849.800	0.4262
6850.700	0.4374
6851.600	0.4380
6852.500	0.4299
6853.400	0.4212
6854.300	0.4152
6855.200	0.4184
6856.100	0.4268
6857.000	0.4265
6857.900	0.4245
6858.800	0.4182
6859.700	0.4071
6860.600	0.4071
6861.500	0.4152
6862.400	0.4252
6863.300	0.4322
6864.200	0.4375
6865.100	0.4359
6866.000	0.4253
6866.900	0.4168
6867.800	0.4075
6868.700	0.4072
6869.600	0.4168
6870.500	0.4187
6871.400	0.4211
6872.300	0.4298
6873.200	0.4270
6874.100	0.4126
6875.000	0.4082
6875.900	0.4211
6876.800	0.4307
6877.700	0.4314
6878.600	0.4206
6879.500	0.4185
6880.400	0.4318
6881.300	0.4235
6882.200	0.4106
6883.100	0.4143
6884.000	0.4215
6884.900	0.4228
6885.800	0.4134
6886.700	0.4088
6887.600	0.4273
6888.500	0.4361
6889.400	0.4229
6890.300	0.4255
6891.200	0.4392
6892.100	0.4308
6893.000	0.4257
6893.900	0.4206
6894.800	0.4106
6895.700	0.4044
6896.600	0.4103
6897.500	0.4157
6898.400	0.4191
6899.300	0.4135
6900.200	0.4064
6901.100	0.4161
6902.000	0.4266
6902.900	0.4256
6903.800	0.4195
6904.700	0.4139
6905.600	0.4133
6906.500	0.4161
6907.400	0.4174
6908.300	0.4165
6909.200	0.4165
6910.100	0.4203
6911.000	0.4214
6911.900	0.4247
6912.800	0.4099
6913.700	0.3915
6914.600	0.4057
6915.500	0.4159
6916.400	0.4016
6917.300	0.3906
6918.200	0.3980
6919.100	0.4072
6920.000	0.4153
6920.900	0.4179
6921.800	0.4109
6922.700	0.4045
6923.600	0.3983
6924.500	0.4054
6925.400	0.4215
6926.300	0.4211
6927.200	0.4124
6928.100	0.4068
6929.000	0.4058
6929.900	0.4054
6930.800	0.4061
6931.700	0.4101
6932.600	0.4146
6933.500	0.4102
6934.400	0.4083
6935.300	0.4174
6936.200	0.4286
6937.100	0.4289
6938.000	0.4150
6938.900	0.4152
6939.800	0.4190
6940.700	0.4177
6941.600	0.4233
6942.500	0.4246
6943.400	0.4117
6944.300	0.4028
6945.200	0.4056
6946.100	0.4103
6947.000	0.4053
6947.900	0.4207
6948.800	0.4254
6949.700	0.4132
6950.600	0.4062
6951.500	0.4075
6952.400	0.4074
6953.300	0.4137
6954.200	0.4170
6955.100	0.4114
6956.000	0.4113
6956.900	0.4146
6957.800	0.4191
6958.700	0.4150
6959.600	0.4127
6960.500	0.4211
6961.400	0.4286
6962.300	0.4318
6963.200	0.4303
6964.100	0.4187
6965.000	0.4220
6965.900	0.4300
6966.800	0.4200
6967.700	0.4131
6968.600	0.4166
6969.500	0.4107
6970.400	0.4007
6971.300	0.4064
6972.200	0.4126
6973.100	0.4141
6974.000	0.4174
6974.900	0.4132
6975.800	0.3968
6976.700	0.3902
6977.600	0.3881
6978.500	0.3880
6979.400	0.4000
6980.300	0.4150
6981.200	0.4194
6982.100	0.4192
6983.000	0.4200
6983.900	0.4153
6984.800	0.4118
6985.700	0.4195
6986.600	0.4232
6987.500	0.4177
6988.400	0.4190
6989.300	0.4149
6990.200	0.4083
6991.100	0.4126
6992.000	0.4195
6992.900	0.4195
6993.800	0.4101
6994.700	0.4060
6995.600	0.4072
6996.500	0.4144
6997.400	0.4074
6998.300	0.3928
6999.200	0.3908
7000.100	0.4024
7001.000	0.4165
7001.900	0.4174
7002.800	0.4047
7003.700	0.3959
7004.600	0.3974
7005.500	0.3954
7006.400	0.3982
7007.300	0.4089
7008.200	0.4184
7009.100	0.4216
7010.000	0.4218
7010.900	0.4174
7011.800	0.4125
7012.700	0.4099
7013.600	0.4118
7014.500	0.4058
7015.400	0.4011
7016.300	0.3949
7017.200	0.3827
7018.100	0.3889
7019.000	0.4015
7019.900	0.4094
7020.800	0.4140
7021.700	0.4116
7022.600	0.4096
7023.500	0.4110
7024.400	0.4101
7025.300	0.4120
7026.200	0.4207
7027.100	0.4229
7028.000	0.4169
7028.900	0.4157
7029.800	0.4104
7030.700	0.4029
7031.600	0.4027
7032.500	0.4001
7033.400	0.3962
7034.300	0.4012
7035.200	0.4076
7036.100	0.4059
7037.000	0.3969
7037.900	0.3972
7038.800	0.4082
7039.700	0.4150
7040.600	0.4146
7041.500	0.4187
7042.400	0.4243
7043.300	0.4170
7044.200	0.4105
7045.100	0.4121
7046.000	0.4259
7046.900	0.4403
7047.800	0.4360
7048.700	0.4284
7049.600	0.4224
7050.500	0.4148
7051.400	0.4163
7052.300	0.4192
7053.200	0.4152
7054.100	0.4085
7055.000	0.4082
7055.900	0.4159
7056.800	0.4236
7057.700	0.4257
7058.600	0.4225
7059.500	0.4152
7060.400	0.4132
7061.300	0.4187
7062.200	0.4206
7063.100	0.4201
7064.000	0.4240
7064.900	0.4219
7065.800	0.4157
7066.700	0.4103
7067.600	0.4019
7068.500	0.4018
7069.400	0.4102
7070.300	0.4098
7071.200	0.4115
7072.100	0.4169
7073.000	0.4177
7073.900	0.4227
7074.800	0.4275
7075.700	0.4246
7076.600	0.4155
7077.500	0.4063
7078.400	0.4046
7079.300	0.4064
7080.200	0.4079
7081.100	0.4085
7082.000	0.4087
7082.900	0.4039
7083.800	0.3976
7084.700	0.3963
7085.600	0.4021
7086.500	0.4033
7087.400	0.3949
7088.300	0.3970
7089.200	0.4015
7090.100	0.3976
7091.000	0.3954
7091.900	0.3927
7092.800	0.3901
7093.700	0.3941
7094.600	0.3963
7095.500	0.3931
7096.400	0.3903
7097.300	0.3831
7098.200	0.3827
7099.100	0.4043
7100.000	0.4115
7100.900	0.4097
7101.800	0.4077
7102.700	0.4121
7103.600	0.4207
7104.500	0.4266
7105.400	0.4245
7106.300	0.4201
7107.200	0.4156
7108.100	0.4177
7109.000	0.4249
7109.900	0.4229
7110.800	0.4143
7111.700	0.4081
7112.600	0.4124
7113.500	0.4151
7114.400	0.4086
7115.300	0.4071
7116.200	0.4117
7117.100	0.4184
7118.000	0.4266
7118.900	0.4300
7119.800	0.4258
7120.700	0.4157
7121.600	0.4038
7122.500	0.4025
7123.400	0.4111
7124.300	0.4138
7125.200	0.4090
7126.100	0.4133
7127.000	0.4247
7127.900	0.4271
7128.800	0.4199
7129.700	0.4113
7130.600	0.4033
7131.500	0.4011
7132.400	0.4023
7133.300	0.4095
7134.200	0.4205
7135.100	0.4231
7136.000	0.4176
7136.900	0.4131
7137.800	0.4122
7138.700	0.4106
7139.600	0.4059
7140.500	0.4039
7141.400	0.4097
7142.300	0.4155
7143.200	0.4163
7144.100	0.4169
7145.000	0.4169
7145.900	0.4132
7146.800	0.4038
7147.700	0.3935
7148.600	0.3951
7149.500	0.4060
7150.400	0.4110
7151.300	0.4109
7152.200	0.4155
7153.100	0.4218
7154.000	0.4225
7154.900	0.4211
7155.800	0.4219
7156.700	0.4282
7157.600	0.4318
7158.500	0.4269
7159.400	0.4192
7160.300	0.4075
7161.200	0.4003
7162.100	0.4015
7163.000	0.4024
7163.900	0.3994
7164.800	0.3960
7165.700	0.4008
7166.600	0.4071
7167.500	0.4083
7168.400	0.4081
7169.300	0.4131
7170.200	0.4181
7171.100	0.4166
7172.000	0.4170
7172.900	0.4210
7173.800	0.4216
7174.700	0.4169
7175.600	0.4101
7176.500	0.4099
7177.400	0.4121
7178.300	0.4050
7179.200	0.3991
7180.100	0.4024
7181.000	0.4076
7181.900	0.4123
7182.800	0.4198
7183.700	0.4184
7184.600	0.4099
7185.500	0.4082
7186.400	0.4081
7187.300	0.4031
7188.200	0.4041
7189.100	0.4103
7190.000	0.4143
7190.900	0.4148
7191.800	0.4081
7192.700	0.4034
7193.600	0.4093
7194.500	0.4218
7195.400	0.4288
7196.300	0.4264
7197.200	0.4232
7198.100	0.4217
7199.000	0.4183
7199.900	0.4143
7200.800	0.4153
7201.700	0.4091
7202.600	0.3996
7203.500	0.3962
7204.400	0.3981
7205.300	0.4043
7206.200	0.4115
7207.100	0.4116
7208.000	0.4058
7208.900	0.4052
7209.800	0.4120
7210.700	0.4170
7211.600	0.4094
7212.500	0.4016
7213.400	0.4021
7214.300	0.4037
7215.200	0.4087
7216.100	0.4215
7217.000	0.4279
7217.900	0.4252
7218.800	0.4210
7219.700	0.4181
7220.600	0.4159
7221.500	0.4210
7222.400	0.4246
7223.300	0.4224
7224.200	0.4191
7225.100	0.4237
7226.000	0.4308
7226.900	0.4278
7227.800	0.4253
7228.700	0.4238
7229.600	0.4159
7230.500	0.4159
7231.400	0.4239
7232.300	0.4317
7233.200	0.4449
7234.100	0.4444
7235.000	0.4220
7235.900	0.4080
7236.800	0.4115
7237.700	0.4159
7238.600	0.4084
7239.500	0.3991
7240.400	0.3990
7241.300	0.4091
7242.200	0.4198
7243.100	0.4274
7244.000	0.4245
7244.900	0.4223
7245.800	0.4225
7246.700	0.4242
7247.600	0.4264
7248.500	0.4237
7249.400	0.4202
7250.300	0.4160
7251.200	0.4118
7252.100	0.4094
7253.000	0.4161
7253.900	0.4290
7254.800	0.4306
7255.700	0.4262
7256.600	0.4229
7257.500	0.4243
7258.400	0.4232
7259.300	0.4192
7260.200	0.4099
7261.100	0.4036
7262.000	0.4111
7262.900	0.4225
7263.800	0.4274
7264.700	0.4301
7265.600	0.4324
7266.500	0.4338
7267.400	0.4290
7268.300	0.4236
7269.200	0.4231
7270.100	0.4239
7271.000	0.4189
7271.900	0.4108
7272.800	0.4084
7273.700	0.4132
7274.600	0.4189
7275.500	0.4180
7276.400	0.4158
7277.300	0.4188
7278.200	0.4225
7279.100	0.4208
7280.000	0.4200
7280.900	0.4148
7281.800	0.4098
7282.700	0.4102
7283.600	0.4140
7284.500	0.4247
7285.400	0.4279
7286.300	0.4179
7287.200	0.4061
7288.100	0.3973
7289.000	0.3946
7289.900	0.4076
7290.800	0.4167
7291.700	0.4078
7292.600	0.3947
7293.500	0.3939
7294.400	0.4094
7295.300	0.4223
7296.200	0.4228
7297.100	0.4113
7298.000	0.4044
7298.900	0.4065
7299.800	0.4063
7300.700	0.4040
7301.600	0.4066
7302.500	0.4147
7303.400	0.4206
7304.300	0.4195
7305.200	0.4176
7306.100	0.4102
7307.000	0.4037
7307.900	0.4035
7308.800	0.4058
7309.700	0.4078
7310.600	0.4080
7311.500	0.4075
7312.400	0.4078
7313.300	0.4060
7314.200	0.4057
7315.100	0.4130
7316.000	0.4173
7316.900	0.4147
7317.800	0.4081
7318.700	0.4035
7319.600	0.4041
7320.500	0.4025
7321.400	0.3957
7322.300	0.3942
7323.200	0.3944
7324.100	0.3959
7325.000	0.3974
7325.900	0.4008
7326.800	0.4120
7327.700	0.4175
7328.600	0.4126
7329.500	0.4065
7330.400	0.4044
7331.300	0.4047
7332.200	0.4063
7333.100	0.4075
7334.000	0.4097
7334.900	0.4109
7335.800	0.4093
7336.700	0.4066
7337.600	0.4040
7338.500	0.4079
7339.400	0.4120
7340.300	0.4110
7341.200	0.4086
7342.100	0.4057
7343.000	0.4062
7343.900	0.4041
7344.800	0.3951
7345.700	0.3908
7346.600	0.3975
7347.500	0.4061
7348.400	0.4049
7349.300	0.4020
7350.200	0.3987
7351.100	0.3953
7352.000	0.4028
7352.900	0.4073
7353.800	0.3979
7354.700	0.3894
7355.600	0.3908
7356.500	0.3966
7357.400	0.4009
7358.300	0.3996
7359.200	0.3958
7360.100	0.3958
7361.000	0.3990
7361.900	0.4033
7362.800	0.4075
7363.700	0.4061
7364.600	0.4042
7365.500	0.4056
7366.400	0.4036
7367.300	0.4046
7368.200	0.4089
7369.100	0.4012
7370.000	0.3884
7370.900	0.3877
7371.800	0.3930
7372.700	0.3939
7373.600	0.3896
7374.500	0.3871
7375.400	0.3896
7376.300	0.3901
7377.200	0.3888
7378.100	0.3901
7379.000	0.3909
7379.900	0.3928
7380.800	0.3921
7381.700	0.3865
7382.600	0.3841
7383.500	0.3844
7384.400	0.3793
7385.300	0.3718
7386.200	0.3713
7387.100	0.3762
7388.000	0.3849
7388.900	0.3861
7389.800	0.3792
7390.700	0.3785
7391.600	0.3808
7392.500	0.3805
7393.400	0.3812
7394.300	0.3824
7395.200	0.3894
7396.100	0.3966
7397.000	0.3921
7397.900	0.3809
7398.800	0.3796
7399.700	0.3855
7400.600	0.3853
7401.500	0.3823
7402.400	0.3807
7403.300	0.3800
7404.200	0.3790
7405.100	0.3788
7406.000	0.3823
7406.900	0.3891
7407.800	0.3871
7408.700	0.3779
7409.600	0.3737
7410.500	0.3778
7411.400	0.3844
7412.300	0.3146
7413.200	0.0724
7414.100	0.0015
7415.000	0.0000
7415.900	0.0000
7416.800	0.0000
7417.700	0.0000
7418.600	0.0000
7419.500	0.0000
7420.400	0.0000
7421.300	0.0000
7422.200	0.0000
7423.100	0.0000
7424.000	0.0000
7424.900	0.0000
7425.800	0.0000
7426.700	0.0000
7427.600	0.0000
7428.500	0.0000
