3500.000	0.0000
3500.900	0.0000
3501.800	0.0000
3502.700	0.0000
3503.600	0.0000
3504.500	0.0000
3505.400	0.0000
3506.300	0.0000
3507.200	0.0000
3508.100	0.0000
3509.000	0.0000
3509.900	0.0000
3510.800	0.0000
3511.700	0.0000
3512.600	0.0000
3513.500	0.0000
3514.400	0.0000
3515.300	0.0000
3516.200	0.0000
3517.100	0.0000
3518.000	0.0000
3518.900	0.0000
3519.800	0.0000
3520.700	0.0000
3521.600	0.0000
3522.500	0.0000
3523.400	0.0000
3524.300	0.0000
3525.200	0.0000
3526.100	0.0000
3527.000	0.0000
3527.900	0.0000
3528.800	0.0000
3529.700	0.0000
3530.600	0.0000
3531.500	0.0000
3532.400	0.0000
3533.300	0.0000
3534.200	0.0000
3535.100	0.0139
3536.000	0.4304
3536.900	0.4322
3537.800	0.4433
3538.700	0.4717
3539.600	0.4748
3540.500	0.4445
3541.400	0.4194
3542.300	0.4253
3543.200	0.4562
3544.100	0.4840
3545.000	0.4921
3545.900	0.4859
3546.800	0.4676
3547.700	0.4533
3548.600	0.4644
3549.500	0.4796
3550.400	0.4770
3551.300	0.4609
3552.200	0.4313
3553.100	0.3906
3554.000	0.3627
3554.900	0.3697
3555.800	0.3940
3556.700	0.4056
3557.600	0.3888
3558.500	0.3699
3559.400	0.3753
3560.300	0.4028
3561.200	0.4340
3562.100	0.4530
3563.000	0.4430
3563.900	0.3853
3564.800	0.2982
3565.700	0.2462
3566.600	0.2516
3567.500	0.2745
3568.400	0.2638
3569.300	0.2271
3570.200	0.2091
3571.100	0.2345
3572.000	0.2860
3572.900	0.3289
3573.800	0.3459
3574.700	0.3615
3575.600	0.3693
3576.500	0.3656
3577.400	0.3130
3578.300	0.2621
3579.200	0.2191
3580.100	0.1767
3581.000	0.1518
3581.900	0.1657
3582.800	0.1982
3583.700	0.1962
3584.600	0.1793
3585.500	0.1667
3586.400	0.1747
3587.300	0.2007
3588.200	0.2288
3589.100	0.2741
3590.000	0.3545
3590.900	0.4202
3591.800	0.4204
3592.700	0.3771
3593.600	0.3523
3594.500	0.3890
3595.400	0.4635
3596.300	0.5002
3597.200	0.4955
3598.100	0.4852
3599.000	0.5036
3599.900	0.5453
3600.800	0.5387
3601.700	0.4647
3602.600	0.3965
3603.500	0.3482
3604.400	0.3018
3605.300	0.2880
3606.200	0.3032
3607.100	0.2977
3608.000	0.2462
3608.900	0.2088
3609.800	0.2322
3610.700	0.2944
3611.600	0.3454
3612.500	0.3612
3613.400	0.3718
3614.300	0.4048
3615.200	0.4384
3616.100	0.3986
3617.000	0.3116
3617.900	0.2203
3618.800	0.1854
3619.700	0.2186
3620.600	0.2894
3621.500	0.3537
3622.400	0.3981
3623.300	0.4054
3624.200	0.4085
3625.100	0.4713
3626.000	0.5406
3626.900	0.5572
3627.800	0.5376
3628.700	0.4899
3629.600	0.3973
3630.500	0.2832
3631.400	0.2185
3632.300	0.2480
3633.200	0.3068
3634.100	0.3248
3635.000	0.3499
3635.900	0.3881
3636.800	0.4173
3637.700	0.4318
3638.600	0.4651
3639.500	0.4815
3640.400	0.4797
3641.300	0.4721
3642.200	0.4457
3643.100	0.4067
3644.000	0.3656
3644.900	0.3332
3645.800	0.3173
3646.700	0.2837
3647.600	0.2405
3648.500	0.2471
3649.400	0.2885
3650.300	0.3476
3651.200	0.4100
3652.100	0.4837
3653.000	0.5293
3653.900	0.5264
3654.800	0.5199
3655.700	0.5384
3656.600	0.5597
3657.500	0.5748
3658.400	0.5915
3659.300	0.5902
3660.200	0.5822
3661.100	0.5852
3662.000	0.5609
3662.900	0.5215
3663.800	0.5037
3664.700	0.5233
3665.600	0.5285
3666.500	0.5034
3667.400	0.5003
3668.300	0.4824
3669.200	0.4423
3670.100	0.4553
3671.000	0.5245
3671.900	0.5717
3672.800	0.5643
3673.700	0.5420
3674.600	0.5477
3675.500	0.5498
3676.400	0.4996
3677.300	0.4382
3678.200	0.3997
3679.100	0.3648
3680.000	0.3434
3680.900	0.3688
3681.800	0.4023
3682.700	0.4251
3683.600	0.4437
3684.500	0.4378
3685.400	0.4006
3686.300	0.3422
3687.200	0.3037
3688.100	0.3226
3689.000	0.3929
3689.900	0.4843
3690.800	0.5741
3691.700	0.6118
3692.600	0.5657
3693.500	0.4887
3694.400	0.4757
3695.300	0.4984
3696.200	0.5128
3697.100	0.5322
3698.000	0.5705
3698.900	0.6218
3699.800	0.6272
3700.700	0.5859
3701.600	0.5479
3702.500	0.5348
3703.400	0.4627
3704.300	0.3530
3705.200	0.2929
3706.100	0.2931
3707.000	0.3081
3707.900	0.2992
3708.800	0.3005
3709.700	0.3640
3710.600	0.4700
3711.500	0.5602
3712.400	0.6286
3713.300	0.6827
3714.200	0.6857
3715.100	0.6139
3716.000	0.5252
3716.900	0.4638
3717.800	0.3825
3718.700	0.2779
3719.600	0.1931
3720.500	0.1697
3721.400	0.1906
3722.300	0.2388
3723.200	0.3181
3724.100	0.4085
3725.000	0.4756
3725.900	0.4722
3726.800	0.3950
3727.700	0.3531
3728.600	0.4063
3729.500	0.4470
3730.400	0.4129
3731.300	0.3560
3732.200	0.2963
3733.100	0.2277
3734.000	0.1767
3734.900	0.1544
3735.800	0.1603
3736.700	0.1748
3737.600	0.2122
3738.500	0.2838
3739.400	0.3648
3740.300	0.4235
3741.200	0.4225
3742.100	0.3653
3743.000	0.2893
3743.900	0.2321
3744.800	0.1990
3745.700	0.1823
3746.600	0.1901
3747.500	0.1927
3748.400	0.1668
3749.300	0.1671
3750.200	0.2309
3751.100	0.3242
3752.000	0.3882
3752.900	0.4170
3753.800	0.4621
3754.700	0.5114
3755.600	0.5114
3756.500	0.4234
3757.400	0.2948
3758.300	0.2248
3759.200	0.2580
3760.100	0.3290
3761.000	0.3725
3761.900	0.3697
3762.800	0.3232
3763.700	0.2882
3764.600	0.3199
3765.500	0.3463
3766.400	0.3057
3767.300	0.2981
3768.200	0.3783
3769.100	0.4647
3770.000	0.4872
3770.900	0.5053
3771.800	0.5351
3772.700	0.5568
3773.600	0.5404
3774.500	0.5079
3775.400	0.4891
3776.300	0.4941
3777.200	0.5041
3778.100	0.4900
3779.000	0.5028
3779.900	0.5510
3780.800	0.5602
3781.700	0.5500
3782.600	0.5518
3783.500	0.5660
3784.400	0.5685
3785.300	0.4995
3786.200	0.3884
3787.100	0.3398
3788.000	0.3249
3788.900	0.3174
3789.800	0.3295
3790.700	0.3850
3791.600	0.4396
3792.500	0.4257
3793.400	0.3740
3794.300	0.3321
3795.200	0.3319
3796.100	0.3705
3797.000	0.3700
3797.900	0.3114
3798.800	0.2816
3799.700	0.3315
3800.600	0.4108
3801.500	0.4500
3802.400	0.4803
3803.300	0.5248
3804.200	0.5381
3805.100	0.5047
3806.000	0.4404
3806.900	0.3932
3807.800	0.4103
3808.700	0.4714
3809.600	0.5220
3810.500	0.5303
3811.400	0.4899
3812.300	0.4197
3813.200	0.3450
3814.100	0.3013
3815.000	0.2633
3815.900	0.2466
3816.800	0.2858
3817.700	0.3226
3818.600	0.3018
3819.500	0.2350
3820.400	0.1933
3821.300	0.2173
3822.200	0.2655
3823.100	0.2722
3824.000	0.2297
3824.900	0.1851
3825.800	0.1742
3826.700	0.1848
3827.600	0.1936
3828.500	0.2017
3829.400	0.2237
3830.300	0.2434
3831.200	0.2329
3832.100	0.1990
3833.000	0.1845
3833.900	0.1927
3834.800	0.2264
3835.700	0.2733
3836.600	0.2731
3837.500	0.2304
3838.400	0.1910
3839.300	0.1852
3840.200	0.1870
3841.100	0.2201
3842.000	0.2947
3842.900	0.3553
3843.800	0.3699
3844.700	0.3762
3845.600	0.3683
3846.500	0.3654
3847.400	0.3868
3848.300	0.3772
3849.200	0.3181
3850.100	0.2764
3851.000	0.3145
3851.900	0.3693
3852.800	0.3574
3853.700	0.3208
3854.600	0.2952
3855.500	0.2753
3856.400	0.2530
3857.300	0.2520
3858.200	0.2285
3859.100	0.1830
3860.000	0.1768
3860.900	0.2213
3861.800	0.3099
3862.700	0.3802
3863.600	0.3855
3864.500	0.3565
3865.400	0.3294
3866.300	0.3283
3867.200	0.3368
3868.100	0.3285
3869.000	0.3103
3869.900	0.2778
3870.800	0.2361
3871.700	0.2201
3872.600	0.2429
3873.500	0.3138
3874.400	0.4014
3875.300	0.4325
3876.200	0.3941
3877.100	0.3235
3878.000	0.2589
3878.900	0.2605
3879.800	0.3096
3880.700	0.3234
3881.600	0.2920
3882.500	0.2926
3883.400	0.3606
3884.300	0.3975
3885.200	0.3291
3886.100	0.2479
3887.000	0.2511
3887.900	0.2930
3888.800	0.3223
3889.700	0.3806
3890.600	0.4629
3891.500	0.5136
3892.400	0.5154
3893.300	0.4912
3894.200	0.4560
3895.100	0.4141
3896.000	0.4210
3896.900	0.4683
3897.800	0.4617
3898.700	0.4098
3899.600	0.3813
3900.500	0.4219
3901.400	0.4581
3902.300	0.4189
3903.200	0.3865
3904.100	0.3836
3905.000	0.3584
3905.900	0.3402
3906.800	0.4048
3907.700	0.4954
3908.600	0.5388
3909.500	0.5323
3910.400	0.5343
3911.300	0.5668
3912.200	0.5910
3913.100	0.5802
3914.000	0.5597
3914.900	0.5640
3915.800	0.5403
3916.700	0.5091
3917.600	0.4967
3918.500	0.4628
3919.400	0.4025
3920.300	0.3466
3921.200	0.3363
3922.100	0.3488
3923.000	0.3654
3923.900	0.4039
3924.800	0.4090
3925.700	0.3775
3926.600	0.3425
3927.500	0.2903
3928.400	0.2451
3929.300	0.2233
3930.200	0.1991
3931.100	0.1787
3932.000	0.1653
3932.900	0.1643
3933.800	0.1686
3934.700	0.1643
3935.600	0.1787
3936.500	0.2142
3937.400	0.2560
3938.300	0.3021
3939.200	0.3468
3940.100	0.3718
3941.000	0.3704
3941.900	0.3635
3942.800	0.3467
3943.700	0.3080
3944.600	0.3345
3945.500	0.4321
3946.400	0.4990
3947.300	0.4795
3948.200	0.4586
3949.100	0.5003
3950.000	0.5568
3950.900	0.5774
3951.800	0.5446
3952.700	0.5141
3953.600	0.5553
3954.500	0.6019
3955.400	0.5598
3956.300	0.4950
3957.200	0.4879
3958.100	0.5228
3959.000	0.5417
3959.900	0.4862
3960.800	0.3653
3961.700	0.2835
3962.600	0.2869
3963.500	0.3143
3964.400	0.3115
3965.300	0.2740
3966.200	0.2191
3967.100	0.1830
3968.000	0.1745
3968.900	0.1766
3969.800	0.1879
3970.700	0.2226
3971.600	0.2670
3972.500	0.3043
3973.400	0.3381
3974.300	0.3854
3975.200	0.4350
3976.100	0.4635
3977.000	0.4938
3977.900	0.5391
3978.800	0.5880
3979.700	0.6388
3980.600	0.6504
3981.500	0.6231
3982.400	0.6003
3983.300	0.5873
3984.200	0.5946
3985.100	0.6232
3986.000	0.6264
3986.900	0.6283
3987.800	0.6861
3988.700	0.7044
3989.600	0.6669
3990.500	0.6654
3991.400	0.6960
3992.300	0.7176
3993.200	0.7132
3994.100	0.6928
3995.000	0.6710
3995.900	0.6509
3996.800	0.6180
3997.700	0.5915
3998.600	0.6433
3999.500	0.7262
4000.400	0.7402
4001.300	0.7233
4002.200	0.7471
4003.100	0.7663
4004.000	0.6892
4004.900	0.5560
4005.800	0.5113
4006.700	0.5907
4007.600	0.6818
4008.500	0.7309
4009.400	0.7184
4010.300	0.7240
4011.200	0.7475
4012.100	0.7573
4013.000	0.7589
4013.900	0.7441
4014.800	0.7564
4015.700	0.7731
4016.600	0.7262
4017.500	0.6923
4018.400	0.7446
4019.300	0.7978
4020.200	0.7834
4021.100	0.7598
4022.000	0.7661
4022.900	0.7808
4023.800	0.7680
4024.700	0.7289
4025.600	0.7369
4026.500	0.7755
4027.400	0.8124
4028.300	0.8279
4029.200	0.7655
4030.100	0.6303
4031.000	0.5394
4031.900	0.5336
4032.800	0.5173
4033.700	0.5128
4034.600	0.5640
4035.500	0.6528
4036.400	0.7647
4037.300	0.8485
4038.200	0.8620
4039.100	0.8215
4040.000	0.7591
4040.900	0.7290
4041.800	0.7603
4042.700	0.7652
4043.600	0.6508
4044.500	0.4734
4045.400	0.3536
4046.300	0.3882
4047.200	0.5443
4048.100	0.6772
4049.000	0.7421
4049.900	0.7960
4050.800	0.8164
4051.700	0.7852
4052.600	0.7479
4053.500	0.7317
4054.400	0.7035
4055.300	0.6858
4056.200	0.6889
4057.100	0.6479
4058.000	0.6101
4058.900	0.6465
4059.800	0.7207
4060.700	0.7477
4061.600	0.6734
4062.500	0.5227
4063.400	0.4185
4064.300	0.4701
4065.200	0.5906
4066.100	0.6333
4067.000	0.6350
4067.900	0.6913
4068.800	0.7792
4069.700	0.7550
4070.600	0.6044
4071.500	0.4837
4072.400	0.5452
4073.300	0.6898
4074.200	0.7464
4075.100	0.7180
4076.000	0.6431
4076.900	0.5725
4077.800	0.5781
4078.700	0.6446
4079.600	0.7233
4080.500	0.8155
4081.400	0.8542
4082.300	0.8141
4083.200	0.7500
4084.100	0.7013
4085.000	0.7059
4085.900	0.7610
4086.800	0.8401
4087.700	0.9021
4088.600	0.9181
4089.500	0.8912
4090.400	0.8549
4091.300	0.8261
4092.200	0.8029
4093.100	0.8253
4094.000	0.8428
4094.900	0.7692
4095.800	0.6975
4096.700	0.6842
4097.600	0.7009
4098.500	0.7134
4099.400	0.7035
4100.300	0.6369
4101.200	0.5629
4102.100	0.5840
4103.000	0.6538
4103.900	0.7021
4104.800	0.7339
4105.700	0.7745
4106.600	0.7865
4107.500	0.7758
4108.400	0.7667
4109.300	0.7554
4110.200	0.7473
4111.100	0.7431
4112.000	0.7512
4112.900	0.7903
4113.800	0.8288
4114.700	0.8356
4115.600	0.8410
4116.500	0.8540
4117.400	0.8213
4118.300	0.7506
4119.200	0.7285
4120.100	0.7770
4121.000	0.8021
4121.900	0.7868
4122.800	0.7783
4123.700	0.8024
4124.600	0.8335
4125.500	0.8167
4126.400	0.7690
4127.300	0.7484
4128.200	0.7534
4129.100	0.7655
4130.000	0.7524
4130.900	0.6921
4131.800	0.5993
4132.700	0.5710
4133.600	0.6048
4134.500	0.6588
4135.400	0.7578
4136.300	0.8171
4137.200	0.8085
4138.100	0.8214
4139.000	0.8436
4139.900	0.8368
4140.800	0.8116
4141.700	0.7230
4142.600	0.5754
4143.500	0.4965
4144.400	0.5620
4145.300	0.6818
4146.200	0.7518
4147.100	0.7692
4148.000	0.7659
4148.900	0.7435
4149.800	0.7207
4150.700	0.7289
4151.600	0.7358
4152.500	0.7235
4153.400	0.6866
4154.300	0.6523
4155.200	0.6705
4156.100	0.6779
4157.000	0.6774
4157.900	0.7152
4158.800	0.7588
4159.700	0.7909
4160.600	0.8054
4161.500	0.8287
4162.400	0.8708
4163.300	0.8699
4164.200	0.8322
4165.100	0.8061
4166.000	0.7735
4166.900	0.7111
4167.800	0.7012
4168.700	0.7641
4169.600	0.8016
4170.500	0.7752
4171.400	0.6933
4172.300	0.6243
4173.200	0.6321
4174.100	0.6722
4175.000	0.6893
4175.900	0.6983
4176.800	0.6972
4177.700	0.7007
4178.600	0.7336
4179.500	0.7702
4180.400	0.7571
4181.300	0.6981
4182.200	0.6737
4183.100	0.7006
4184.000	0.7366
4184.900	0.7736
4185.800	0.7295
4186.700	0.6076
4187.600	0.5660
4188.500	0.6592
4189.400	0.7548
4190.300	0.7612
4191.200	0.7164
4192.100	0.7545
4193.000	0.8372
4193.900	0.8183
4194.800	0.7285
4195.700	0.6557
4196.600	0.6460
4197.500	0.6208
4198.400	0.5745
4199.300	0.6032
4200.200	0.6460
4201.100	0.6091
4202.000	0.5919
4202.900	0.6650
4203.800	0.7506
4204.700	0.7940
4205.600	0.8302
4206.500	0.8457
4207.400	0.8564
4208.300	0.8534
4209.200	0.7995
4210.100	0.7596
4211.000	0.7961
4211.900	0.8546
4212.800	0.8547
4213.700	0.8068
4214.600	0.7248
4215.500	0.6455
4216.400	0.6775
4217.300	0.7714
4218.200	0.8195
4219.100	0.8363
4220.000	0.8591
4220.900	0.8684
4221.800	0.8074
4222.700	0.7305
4223.600	0.6647
4224.500	0.5653
4225.400	0.4317
4226.300	0.3238
4227.200	0.3616
4228.100	0.5402
4229.000	0.7035
4229.900	0.7860
4230.800	0.8330
4231.700	0.8254
4232.600	0.7596
4233.500	0.7170
4234.400	0.7142
4235.300	0.6677
4236.200	0.6280
4237.100	0.6717
4238.000	0.7102
4238.900	0.7065
4239.800	0.7249
4240.700	0.7939
4241.600	0.8341
4242.500	0.8079
4243.400	0.8161
4244.300	0.8778
4245.200	0.8932
4246.100	0.8384
4247.000	0.7565
4247.900	0.6990
4248.800	0.6545
4249.700	0.5830
4250.600	0.5766
4251.500	0.6902
4252.400	0.7639
4253.300	0.6916
4254.200	0.5940
4255.100	0.6247
4256.000	0.7602
4256.900	0.8571
4257.800	0.8193
4258.700	0.7006
4259.600	0.5852
4260.500	0.5355
4261.400	0.6220
4262.300	0.7643
4263.200	0.8440
4264.100	0.8575
4265.000	0.8656
4265.900	0.8726
4266.800	0.8318
4267.700	0.7801
4268.600	0.7496
4269.500	0.6820
4270.400	0.5570
4271.300	0.4532
4272.200	0.4724
4273.100	0.5412
4274.000	0.5439
4274.900	0.5568
4275.800	0.6667
4276.700	0.7890
4277.600	0.8569
4278.500	0.8561
4279.400	0.7713
4280.300	0.7046
4281.200	0.7181
4282.100	0.7328
4283.000	0.7564
4283.900	0.7914
4284.800	0.7480
4285.700	0.7020
4286.600	0.7162
4287.500	0.7413
4288.400	0.6714
4289.300	0.5661
4290.200	0.5577
4291.100	0.6426
4292.000	0.7319
4292.900	0.7595
4293.800	0.7081
4294.700	0.6889
4295.600	0.7214
4296.500	0.6956
4297.400	0.6268
4298.300	0.5415
4299.200	0.4510
4300.100	0.4421
4301.000	0.5015
4301.900	0.5256
4302.800	0.5127
4303.700	0.5375
4304.600	0.5454
4305.500	0.5217
4306.400	0.4848
4307.300	0.4158
4308.200	0.3731
4309.100	0.4107
4310.000	0.4607
4310.900	0.4994
4311.800	0.5494
4312.700	0.6289
4313.600	0.7014
4314.500	0.7555
4315.400	0.8708
4316.300	1.0071
4317.200	1.0342
4318.100	0.9903
4319.000	0.9676
4319.900	0.9638
4320.800	0.9322
4321.700	0.8960
4322.600	0.7938
4323.500	0.6265
4324.400	0.5023
4325.300	0.4527
4326.200	0.5267
4327.100	0.7109
4328.000	0.8710
4328.900	0.9355
4329.800	0.9254
4330.700	0.9153
4331.600	0.9358
4332.500	0.9543
4333.400	0.9576
4334.300	0.9718
4335.200	0.9721
4336.100	0.9088
4337.000	0.7812
4337.900	0.6960
4338.800	0.6574
4339.700	0.6143
4340.600	0.6272
4341.500	0.7316
4342.400	0.8170
4343.300	0.8192
4344.200	0.8306
4345.100	0.8902
4346.000	0.9115
4346.900	0.8914
4347.800	0.9135
4348.700	0.9724
4349.600	0.9696
4350.500	0.8390
4351.400	0.6813
4352.300	0.6555
4353.200	0.7461
4354.100	0.8166
4355.000	0.8236
4355.900	0.8456
4356.800	0.8935
4357.700	0.8910
4358.600	0.8362
4359.500	0.8286
4360.400	0.8991
4361.300	0.9613
4362.200	0.9444
4363.100	0.9127
4364.000	0.9493
4364.900	0.9962
4365.800	0.9661
4366.700	0.8865
4367.600	0.8509
4368.500	0.8734
4369.400	0.8865
4370.300	0.8695
4371.200	0.8621
4372.100	0.8614
4373.000	0.8213
4373.900	0.7555
4374.800	0.7128
4375.700	0.7260
4376.600	0.8003
4377.500	0.8683
4378.400	0.8876
4379.300	0.8643
4380.200	0.8254
4381.100	0.7641
4382.000	0.6313
4382.900	0.4585
4383.800	0.3930
4384.700	0.5031
4385.600	0.6836
4386.500	0.7916
4387.400	0.7950
4388.300	0.7744
4389.200	0.7632
4390.100	0.7666
4391.000	0.7956
4391.900	0.8341
4392.800	0.8542
4393.700	0.8366
4394.600	0.8156
4395.500	0.8403
4396.400	0.9129
4397.300	0.9598
4398.200	0.9495
4399.100	0.8853
4400.000	0.8082
4400.900	0.7873
4401.800	0.8326
4402.700	0.8128
4403.600	0.6635
4404.500	0.5453
4405.400	0.5995
4406.300	0.7271
4407.200	0.7689
4408.100	0.7738
4409.000	0.8480
4409.900	0.9403
4410.800	0.9859
4411.700	1.0091
4412.600	0.9946
4413.500	0.8983
4414.400	0.7485
4415.300	0.6957
4416.200	0.7835
4417.100	0.8810
4418.000	0.9527
4418.900	1.0151
4419.800	1.0381
4420.700	0.9935
4421.600	0.9069
4422.500	0.8535
4423.400	0.8730
4424.300	0.8999
4425.200	0.8786
4426.100	0.8651
4427.000	0.8920
4427.900	0.9364
4428.800	0.9591
4429.700	0.8976
4430.600	0.8757
4431.500	0.9293
4432.400	0.9334
4433.300	0.8709
4434.200	0.7801
4435.100	0.7402
4436.000	0.8020
4436.900	0.9204
4437.800	1.0001
4438.700	1.0289
4439.600	1.0034
4440.500	0.9309
4441.400	0.8623
4442.300	0.8232
4443.200	0.8520
4444.100	0.9412
4445.000	1.0266
4445.900	1.0356
4446.800	0.9745
4447.700	0.9543
4448.600	1.0012
4449.500	1.0091
4450.400	0.9844
4451.300	0.9769
4452.200	0.9737
4453.100	0.9086
4454.000	0.7995
4454.900	0.7224
4455.800	0.7508
4456.700	0.8168
4457.600	0.8267
4458.500	0.8015
4459.400	0.7990
4460.300	0.8055
4461.200	0.7799
4462.100	0.7985
4463.000	0.9012
4463.900	0.9591
4464.800	0.9448
4465.700	0.9255
4466.600	0.9307
4467.500	0.9497
4468.400	0.9291
4469.300	0.8912
4470.200	0.9114
4471.100	0.9677
4472.000	1.0093
4472.900	1.0352
4473.800	1.0443
4474.700	1.0245
4475.600	0.9958
4476.500	1.0253
4477.400	1.0852
4478.300	1.0826
4479.200	1.0004
4480.100	0.9056
4481.000	0.8562
4481.900	0.8558
4482.800	0.9204
4483.700	1.0045
4484.600	1.0537
4485.500	1.0710
4486.400	1.0660
4487.300	1.0358
4488.200	0.9748
4489.100	0.9211
4490.000	0.9202
4490.900	0.9656
4491.800	1.0133
4492.700	1.0165
4493.600	0.9555
4494.500	0.8916
4495.400	0.8969
4496.300	0.9485
4497.200	1.0037
4498.100	1.0417
4499.000	1.0507
4499.900	1.0411
4500.800	1.0048
4501.700	0.9998
4502.600	1.0588
4503.500	1.1136
4504.400	1.1243
4505.300	1.1206
4506.200	1.1117
4507.100	1.0993
4508.000	1.0918
4508.900	1.0941
4509.800	1.1044
4510.700	1.1061
4511.600	1.0787
4512.500	1.0410
4513.400	1.0179
4514.300	1.0086
4515.200	1.0258
4516.100	1.0459
4517.000	1.0292
4517.900	1.0138
4518.800	1.0421
4519.700	1.0774
4520.600	1.0915
4521.500	1.0750
4522.400	1.0361
4523.300	1.0190
4524.200	1.0064
4525.100	0.9574
4526.000	0.8984
4526.900	0.8479
4527.800	0.8109
4528.700	0.8097
4529.600	0.8424
4530.500	0.8722
4531.400	0.9076
4532.300	0.9306
4533.200	0.8988
4534.100	0.8567
4535.000	0.8428
4535.900	0.8993
4536.800	1.0147
4537.700	1.0808
4538.600	1.0670
4539.500	1.0216
4540.400	0.9884
4541.300	0.9944
4542.200	1.0317
4543.100	1.0510
4544.000	1.0219
4544.900	0.9878
4545.800	0.9835
4546.700	0.9933
4547.600	0.9864
4548.500	0.9524
4549.400	0.9349
4550.300	0.9701
4551.200	1.0018
4552.100	1.0023
4553.000	0.9828
4553.900	0.9560
4554.800	0.9463
4555.700	0.9710
4556.600	1.0279
4557.500	1.0766
4558.400	1.1004
4559.300	1.1028
4560.200	1.0893
4561.100	1.0932
4562.000	1.0945
4562.900	1.0570
4563.800	1.0013
4564.700	0.9644
4565.600	0.9759
4566.500	1.0420
4567.400	1.0903
4568.300	1.0926
4569.200	1.0752
4570.100	1.0429
4571.000	0.9921
4571.900	0.9993
4572.800	1.0666
4573.700	1.0966
4574.600	1.0813
4575.500	1.0782
4576.400	1.0846
4577.300	1.0773
4578.200	1.0405
4579.100	0.9830
4580.000	0.9343
4580.900	0.9256
4581.800	0.9700
4582.700	1.0121
4583.600	1.0078
4584.500	0.9770
4585.400	0.9470
4586.300	0.9628
4587.200	1.0297
4588.100	1.0908
4589.000	1.1151
4589.900	1.0930
4590.800	1.0392
4591.700	0.9878
4592.600	0.9823
4593.500	1.0059
4594.400	1.0040
4595.300	0.9890
4596.200	0.9836
4597.100	0.9890
4598.000	0.9998
4598.900	1.0160
4599.800	0.9881
4600.700	0.9681
4601.600	0.9957
4602.500	1.0110
4603.400	1.0121
4604.300	1.0103
4605.200	1.0019
4606.100	1.0253
4607.000	1.0573
4607.900	1.0999
4608.800	1.1370
4609.700	1.1187
4610.600	1.0684
4611.500	1.0405
4612.400	1.0319
4613.300	1.0249
4614.200	1.0640
4615.100	1.0886
4616.000	1.0755
4616.900	1.0752
4617.800	1.0711
4618.700	1.0403
4619.600	1.0477
4620.500	1.0952
4621.400	1.0938
4622.300	1.0687
4623.200	1.0713
4624.100	1.0808
4625.000	1.0565
4625.900	1.0530
4626.800	1.0812
4627.700	1.1057
4628.600	1.0940
4629.500	1.0686
4630.400	1.0832
4631.300	1.1000
4632.200	1.0773
4633.100	1.0483
4634.000	1.0564
4634.900	1.0621
4635.800	1.0558
4636.700	1.0112
4637.600	0.9726
4638.500	0.9750
4639.400	0.9867
4640.300	1.0087
4641.200	1.0556
4642.100	1.0699
4643.000	1.0436
4643.900	1.0220
4644.800	0.9943
4645.700	0.9400
4646.600	0.8953
4647.500	0.8979
4648.400	0.9367
4649.300	0.9831
4650.200	1.0234
4651.100	1.0370
4652.000	1.0485
4652.900	1.0560
4653.800	1.0154
4654.700	0.9836
4655.600	0.9935
4656.500	1.0198
4657.400	1.0655
4658.300	1.1139
4659.200	1.1417
4660.100	1.1362
4661.000	1.0930
4661.900	1.0563
4662.800	1.0303
4663.700	1.0145
4664.600	1.0075
4665.500	0.9586
4666.400	0.8669
4667.300	0.8045
4668.200	0.8442
4669.100	0.9553
4670.000	1.0424
4670.900	1.0716
4671.800	1.0473
4672.700	1.0136
4673.600	1.0096
4674.500	1.0321
4675.400	1.0677
4676.300	1.0891
4677.200	1.0596
4678.100	0.9994
4679.000	0.9649
4679.900	0.9660
4680.800	0.9736
4681.700	0.9857
4682.600	1.0168
4683.500	1.0451
4684.400	1.0457
4685.300	1.0448
4686.200	1.0487
4687.100	1.0378
4688.000	1.0229
4688.900	1.0200
4689.800	1.0214
4690.700	1.0037
4691.600	1.0002
4692.500	1.0206
4693.400	1.0322
4694.300	1.0471
4695.200	1.0699
4696.100	1.0733
4697.000	1.0426
4697.900	0.9880
4698.800	0.9574
4699.700	0.9656
4700.600	0.9636
4701.500	0.9274
4702.400	0.8796
4703.300	0.8850
4704.200	0.9561
4705.100	1.0062
4706.000	0.9974
4706.900	0.9573
4707.800	0.9383
4708.700	0.9502
4709.600	0.9721
4710.500	1.0214
4711.400	1.0559
4712.300	1.0446
4713.200	1.0043
4714.100	0.9651
4715.000	0.9881
4715.900	1.0578
4716.800	1.0936
4717.700	1.0989
4718.600	1.1166
4719.500	1.1380
4720.400	1.1336
4721.300	1.1055
4722.200	1.0840
4723.100	1.0921
4724.000	1.1205
4724.900	1.1361
4725.800	1.1063
4726.700	1.0335
4727.600	0.9734
4728.500	0.9573
4729.400	0.9617
4730.300	0.9700
4731.200	0.9971
4732.100	1.0306
4733.000	1.0460
4733.900	1.0521
4734.800	1.0515
4735.700	1.0093
4736.600	0.9691
4737.500	1.0097
4738.400	1.0732
4739.300	1.0799
4740.200	1.0493
4741.100	1.0403
4742.000	1.0711
4742.900	1.1006
4743.800	1.0929
4744.700	1.0735
4745.600	1.0823
4746.500	1.1063
4747.400	1.1088
4748.300	1.0981
4749.200	1.1024
4750.100	1.1036
4751.000	1.0834
4751.900	1.0590
4752.800	1.0350
4753.700	1.0108
4754.600	1.0047
4755.500	1.0096
4756.400	1.0179
4757.300	1.0401
4758.200	1.0658
4759.100	1.0899
4760.000	1.0966
4760.900	1.0600
4761.800	1.0158
4762.700	1.0078
4763.600	1.0129
4764.500	0.9913
4765.400	0.9578
4766.300	0.9582
4767.200	0.9966
4768.100	1.0412
4769.000	1.0836
4769.900	1.1000
4770.800	1.0690
4771.700	1.0388
4772.600	1.0523
4773.500	1.0944
4774.400	1.1251
4775.300	1.1194
4776.200	1.1073
4777.100	1.1228
4778.000	1.1355
4778.900	1.1228
4779.800	1.1102
4780.700	1.1110
4781.600	1.0937
4782.500	1.0428
4783.400	1.0201
4784.300	1.0549
4785.200	1.0649
4786.100	1.0274
4787.000	1.0202
4787.900	1.0432
4788.800	1.0430
4789.700	1.0406
4790.600	1.0558
4791.500	1.0718
4792.400	1.0921
4793.300	1.1273
4794.200	1.1583
4795.100	1.1614
4796.000	1.1448
4796.900	1.1237
4797.800	1.0906
4798.700	1.0540
4799.600	1.0370
4800.500	1.0589
4801.400	1.1013
4802.300	1.1278
4803.200	1.1236
4804.100	1.0965
4805.000	1.0767
4805.900	1.0764
4806.800	1.0594
4807.700	1.0388
4808.600	1.0576
4809.500	1.0864
4810.400	1.1004
4811.300	1.1065
4812.200	1.1002
4813.100	1.0942
4814.000	1.1033
4814.900	1.1184
4815.800	1.1336
4816.700	1.1385
4817.600	1.1352
4818.500	1.1433
4819.400	1.1446
4820.300	1.1328
4821.200	1.1153
4822.100	1.0673
4823.000	1.0061
4823.900	1.0032
4824.800	1.0626
4825.700	1.1030
4826.600	1.1078
4827.500	1.0875
4828.400	1.0627
4829.300	1.0570
4830.200	1.0650
4831.100	1.0471
4832.000	1.0320
4832.900	1.0549
4833.800	1.0842
4834.700	1.0943
4835.600	1.0898
4836.500	1.0932
4837.400	1.0837
4838.300	1.0486
4839.200	1.0126
4840.100	1.0066
4841.000	1.0261
4841.900	1.0358
4842.800	1.0203
4843.700	1.0385
4844.600	1.0828
4845.500	1.1073
4846.400	1.1051
4847.300	1.0811
4848.200	1.0558
4849.100	1.0629
4850.000	1.0895
4850.900	1.0920
4851.800	1.0732
4852.700	1.0700
4853.600	1.0523
4854.500	0.9951
4855.400	0.9548
4856.300	0.9781
4857.200	1.0076
4858.100	0.9781
4859.000	0.8856
4859.900	0.7704
4860.800	0.6917
4861.700	0.7279
4862.600	0.8439
4863.500	0.9209
4864.400	0.9631
4865.300	1.0011
4866.200	1.0258
4867.100	1.0253
4868.000	1.0181
4868.900	1.0064
4869.800	0.9422
4870.700	0.8239
4871.600	0.7770
4872.500	0.8595
4873.400	0.9652
4874.300	1.0044
4875.200	1.0066
4876.100	1.0158
4877.000	1.0140
4877.900	1.0014
4878.800	1.0494
4879.700	1.1007
4880.600	1.0689
4881.500	1.0260
4882.400	1.0443
4883.300	1.0640
4884.200	1.0244
4885.100	0.9670
4886.000	0.9396
4886.900	0.9526
4887.800	0.9671
4888.700	0.9541
4889.600	0.8875
4890.500	0.7829
4891.400	0.7779
4892.300	0.9210
4893.200	1.0595
4894.100	1.1308
4895.000	1.1553
4895.900	1.1444
4896.800	1.1332
4897.700	1.1339
4898.600	1.1171
4899.500	1.0855
4900.400	1.0822
4901.300	1.0859
4902.200	1.0508
4903.100	1.0094
4904.000	1.0191
4904.900	1.0758
4905.800	1.1201
4906.700	1.1101
4907.600	1.0724
4908.500	1.0295
4909.400	0.9739
4910.300	0.9486
4911.200	0.9842
4912.100	1.0325
4913.000	1.0594
4913.900	1.0789
4914.800	1.1063
4915.700	1.1052
4916.600	1.0499
4917.500	0.9421
4918.400	0.8073
4919.300	0.7160
4920.200	0.7119
4921.100	0.8072
4922.000	0.9315
4922.900	0.9886
4923.800	0.9830
4924.700	0.9893
4925.600	1.0371
4926.500	1.0718
4927.400	1.0710
4928.300	1.0911
4929.200	1.1159
4930.100	1.1100
4931.000	1.1054
4931.900	1.0850
4932.800	1.0132
4933.700	0.9693
4934.600	1.0114
4935.500	1.0490
4936.400	1.0121
4937.300	0.9440
4938.200	0.8790
4939.100	0.8887
4940.000	0.9849
4940.900	1.0734
4941.800	1.0920
4942.700	1.1056
4943.600	1.1304
4944.500	1.1098
4945.400	1.0539
4946.300	1.0496
4947.200	1.0951
4948.100	1.1222
4949.000	1.1153
4949.900	1.1063
4950.800	1.1144
4951.700	1.1109
4952.600	1.0868
4953.500	1.0765
4954.400	1.0646
4955.300	1.0228
4956.200	0.8961
4957.100	0.7485
4958.000	0.7848
4958.900	0.9674
4959.800	1.0915
4960.700	1.1202
4961.600	1.1109
4962.500	1.1093
4963.400	1.1122
4964.300	1.0740
4965.200	1.0174
4966.100	1.0031
4967.000	1.0191
4967.900	1.0178
4968.800	1.0202
4969.700	1.0265
4970.600	1.0430
4971.500	1.0800
4972.400	1.0974
4973.300	1.1031
4974.200	1.1095
4975.100	1.1075
4976.000	1.0911
4976.900	1.0715
4977.800	1.0270
4978.700	1.0036
4979.600	1.0086
4980.500	0.9977
4981.400	0.9298
4982.300	0.8419
4983.200	0.8188
4984.100	0.8622
4985.000	0.9166
4985.900	0.9907
4986.800	1.0658
4987.700	1.0778
4988.600	1.0525
4989.500	1.0343
4990.400	1.0130
4991.300	1.0091
4992.200	1.0380
4993.100	1.0377
4994.000	1.0256
4994.900	1.0523
4995.800	1.0715
4996.700	1.0667
4997.600	1.0515
4998.500	1.0206
4999.400	0.9758
5000.300	0.9502
5001.200	0.9404
5002.100	0.9459
5003.000	0.9729
5003.900	0.9716
5004.800	0.9070
5005.700	0.8317
5006.600	0.8436
5007.500	0.9424
5008.400	1.0243
5009.300	1.0388
5010.200	1.0202
5011.100	0.9773
5012.000	0.9152
5012.900	0.8785
5013.800	0.8711
5014.700	0.8905
5015.600	0.9374
5016.500	0.9455
5017.400	0.9226
5018.300	0.9301
5019.200	0.9730
5020.100	0.9940
5021.000	0.9690
5021.900	0.9341
5022.800	0.9435
5023.700	0.9914
5024.600	1.0118
5025.500	1.0034
5026.400	0.9744
5027.300	0.9384
5028.200	0.9619
5029.100	1.0183
5030.000	1.0417
5030.900	1.0529
5031.800	1.0706
5032.700	1.0917
5033.600	1.0859
5034.500	1.0246
5035.400	0.9478
5036.300	0.9372
5037.200	0.9812
5038.100	0.9767
5039.000	0.9225
5039.900	0.8499
5040.800	0.7870
5041.700	0.8213
5042.600	0.9412
5043.500	1.0207
5044.400	1.0581
5045.300	1.0927
5046.200	1.0990
5047.100	1.0532
5048.000	0.9741
5048.900	0.9194
5049.800	0.9159
5050.700	0.9385
5051.600	0.9594
5052.500	0.9917
5053.400	1.0321
5054.300	1.0539
5055.200	1.0590
5056.100	1.0565
5057.000	1.0678
5057.900	1.0791
5058.800	1.0753
5059.700	1.0726
5060.600	1.0857
5061.500	1.0983
5062.400	1.0867
5063.300	1.0442
5064.200	0.9691
5065.100	0.9369
5066.000	0.9690
5066.900	0.9810
5067.800	0.9620
5068.700	0.9666
5069.600	1.0054
5070.500	1.0245
5071.400	0.9885
5072.300	0.9604
5073.200	0.9819
5074.100	0.9992
5075.000	0.9877
5075.900	0.9919
5076.800	1.0137
5077.700	1.0018
5078.600	0.9176
5079.500	0.8379
5080.400	0.8519
5081.300	0.9085
5082.200	0.9355
5083.100	0.9344
5084.000	0.9586
5084.900	1.0035
5085.800	1.0306
5086.700	1.0316
5087.600	1.0228
5088.500	1.0201
5089.400	1.0272
5090.300	1.0291
5091.200	1.0331
5092.100	1.0587
5093.000	1.0791
5093.900	1.0652
5094.800	1.0341
5095.700	0.9981
5096.600	0.9637
5097.500	0.9227
5098.400	0.8800
5099.300	0.8833
5100.200	0.9528
5101.100	1.0142
5102.000	1.0364
5102.900	1.0256
5103.800	1.0006
5104.700	0.9867
5105.600	0.9775
5106.500	0.9508
5107.400	0.9215
5108.300	0.9305
5109.200	0.9375
5110.100	0.9320
5111.000	0.9665
5111.900	1.0126
5112.800	1.0267
5113.700	1.0316
5114.600	1.0338
5115.500	1.0252
5116.400	1.0383
5117.300	1.0624
5118.200	1.0680
5119.100	1.0520
5120.000	1.0210
5120.900	0.9913
5121.800	0.9728
5122.700	0.9424
5123.600	0.9011
5124.500	0.8869
5125.400	0.9035
5126.300	0.9250
5127.200	0.9349
5128.100	0.9364
5129.000	0.9293
5129.900	0.9348
5130.800	0.9630
5131.700	0.9793
5132.600	0.9673
5133.500	0.9514
5134.400	0.9716
5135.300	1.0000
5136.200	0.9731
5137.100	0.9184
5138.000	0.8726
5138.900	0.8391
5139.800	0.8695
5140.700	0.9288
5141.600	0.9082
5142.500	0.8728
5143.400	0.9142
5144.300	0.9600
5145.200	0.9457
5146.100	0.9156
5147.000	0.9005
5147.900	0.9054
5148.800	0.9320
5149.700	0.9395
5150.600	0.9217
5151.500	0.9164
5152.400	0.9219
5153.300	0.9213
5154.200	0.9260
5155.100	0.9475
5156.000	0.9743
5156.900	0.9988
5157.800	1.0096
5158.700	1.0014
5159.600	0.9983
5160.500	0.9978
5161.400	0.9582
5162.300	0.9088
5163.200	0.8981
5164.100	0.8709
5165.000	0.7833
5165.900	0.6628
5166.800	0.5600
5167.700	0.5540
5168.600	0.6528
5169.500	0.7552
5170.400	0.7429
5171.300	0.6059
5172.200	0.4923
5173.100	0.5356
5174.000	0.7031
5174.900	0.8564
5175.800	0.9239
5176.700	0.9407
5177.600	0.9537
5178.500	0.9553
5179.400	0.9266
5180.300	0.8666
5181.200	0.7640
5182.100	0.6173
5183.000	0.4897
5183.900	0.4939
5184.800	0.6406
5185.700	0.8139
5186.600	0.9176
5187.500	0.9432
5188.400	0.9459
5189.300	0.9769
5190.200	0.9679
5191.100	0.8697
5192.000	0.8018
5192.900	0.8549
5193.800	0.9257
5194.700	0.9243
5195.600	0.9155
5196.500	0.9533
5197.400	0.9946
5198.300	1.0195
5199.200	1.0436
5200.100	1.0538
5201.000	1.0343
5201.900	1.0025
5202.800	0.9758
5203.700	0.9206
5204.600	0.8393
5205.500	0.8005
5206.400	0.8162
5207.300	0.8129
5208.200	0.7844
5209.100	0.8207
5210.000	0.9114
5210.900	0.9927
5211.800	1.0545
5212.700	1.0792
5213.600	1.0528
5214.500	0.9866
5215.400	0.9291
5216.300	0.9176
5217.200	0.9511
5218.100	1.0112
5219.000	1.0604
5219.900	1.0765
5220.800	1.0793
5221.700	1.0737
5222.600	1.0485
5223.500	1.0048
5224.400	0.9456
5225.300	0.8697
5226.200	0.7880
5227.100	0.7790
5228.000	0.8793
5228.900	0.9729
5229.800	1.0004
5230.700	1.0055
5231.600	0.9617
5232.500	0.8859
5233.400	0.8874
5234.300	0.9523
5235.200	1.0008
5236.100	1.0420
5237.000	1.0757
5237.900	1.0848
5238.800	1.0817
5239.700	1.0822
5240.600	1.0864
5241.500	1.0771
5242.400	1.0518
5243.300	1.0542
5244.200	1.0856
5245.100	1.0943
5246.000	1.0544
5246.900	1.0068
5247.800	1.0087
5248.700	1.0247
5249.600	1.0018
5250.500	0.9840
5251.400	1.0081
5252.300	1.0323
5253.200	1.0255
5254.100	0.9989
5255.000	0.9900
5255.900	1.0349
5256.800	1.0931
5257.700	1.1180
5258.600	1.1178
5259.500	1.0970
5260.400	1.0474
5261.300	0.9727
5262.200	0.8959
5263.100	0.8432
5264.000	0.8146
5264.900	0.7832
5265.800	0.7616
5266.700	0.8065
5267.600	0.8473
5268.500	0.7607
5269.400	0.6471
5270.300	0.6938
5271.200	0.8509
5272.100	0.9419
5273.000	0.9533
5273.900	0.9538
5274.800	0.9387
5275.700	0.9486
5276.600	1.0254
5277.500	1.0936
5278.400	1.1040
5279.300	1.0750
5280.200	1.0263
5281.100	0.9755
5282.000	0.9392
5282.900	0.9145
5283.800	0.9285
5284.700	1.0102
5285.600	1.0977
5286.500	1.1284
5287.400	1.1217
5288.300	1.1101
5289.200	1.1204
5290.100	1.1401
5291.000	1.1416
5291.900	1.1233
5292.800	1.1013
5293.700	1.0928
5294.600	1.0858
5295.500	1.0468
5296.400	0.9705
5297.300	0.9004
5298.200	0.9054
5299.100	0.9829
5300.000	1.0332
5300.900	1.0173
5301.800	1.0009
5302.700	1.0327
5303.600	1.0889
5304.500	1.1217
5305.400	1.1234
5306.300	1.1036
5307.200	1.0851
5308.100	1.0978
5309.000	1.1248
5309.900	1.1395
5310.800	1.1373
5311.700	1.1261
5312.600	1.1111
5313.500	1.1010
5314.400	1.0937
5315.300	1.0760
5316.200	1.0563
5317.100	1.0619
5318.000	1.0835
5318.900	1.0887
5319.800	1.0789
5320.700	1.0648
5321.600	1.0496
5322.500	1.0083
5323.400	0.9309
5324.300	0.8975
5325.200	0.9448
5326.100	0.9478
5327.000	0.8323
5327.900	0.7174
5328.800	0.7617
5329.700	0.9150
5330.600	1.0263
5331.500	1.0493
5332.400	1.0343
5333.300	1.0480
5334.200	1.0857
5335.100	1.1049
5336.000	1.0988
5336.900	1.0892
5337.800	1.0747
5338.700	1.0215
5339.600	0.9357
5340.500	0.9020
5341.400	0.9629
5342.300	1.0373
5343.200	1.0666
5344.100	1.0657
5345.000	1.0427
5345.900	1.0269
5346.800	1.0383
5347.700	1.0252
5348.600	0.9935
5349.500	1.0022
5350.400	1.0527
5351.300	1.0893
5352.200	1.0855
5353.100	1.0761
5354.000	1.0974
5354.900	1.1277
5355.800	1.1387
5356.700	1.1404
5357.600	1.1378
5358.500	1.1312
5359.400	1.1256
5360.300	1.1147
5361.200	1.0925
5362.100	1.0708
5363.000	1.0573
5363.900	1.0278
5364.800	0.9955
5365.700	0.9977
5366.600	1.0004
5367.500	0.9920
5368.400	0.9785
5369.300	0.9182
5370.200	0.8361
5371.100	0.8145
5372.000	0.8875
5372.900	0.9953
5373.800	1.0593
5374.700	1.0847
5375.600	1.0880
5376.500	1.0731
5377.400	1.0666
5378.300	1.0842
5379.200	1.0869
5380.100	1.0786
5381.000	1.0677
5381.900	1.0370
5382.800	0.9972
5383.700	1.0076
5384.600	1.0620
5385.500	1.0907
5386.400	1.0861
5387.300	1.0738
5388.200	1.0576
5389.100	1.0328
5390.000	1.0145
5390.900	1.0036
5391.800	0.9865
5392.700	0.9696
5393.600	0.9708
5394.500	0.9897
5395.400	0.9832
5396.300	0.9238
5397.200	0.8880
5398.100	0.9390
5399.000	0.9960
5399.900	1.0032
5400.800	1.0127
5401.700	1.0395
5402.600	1.0163
5403.500	0.9273
5404.400	0.8399
5405.300	0.8135
5406.200	0.8623
5407.100	0.9481
5408.000	0.9892
5408.900	0.9585
5409.800	0.9198
5410.700	0.9421
5411.600	1.0053
5412.500	1.0479
5413.400	1.0398
5414.300	1.0034
5415.200	0.9927
5416.100	1.0371
5417.000	1.0784
5417.900	1.0876
5418.800	1.0719
5419.700	1.0428
5420.600	1.0300
5421.500	1.0440
5422.400	1.0325
5423.300	0.9756
5424.200	0.9516
5425.100	1.0090
5426.000	1.0774
5426.900	1.0990
5427.800	1.0489
5428.700	0.9442
5429.600	0.8899
5430.500	0.9517
5431.400	1.0148
5432.300	1.0004
5433.200	0.9564
5434.100	0.9246
5435.000	0.9340
5435.900	0.9801
5436.800	1.0307
5437.700	1.0789
5438.600	1.1105
5439.500	1.1200
5440.400	1.1129
5441.300	1.1032
5442.200	1.1034
5443.100	1.0911
5444.000	1.0458
5444.900	0.9779
5445.800	0.9082
5446.700	0.8824
5447.600	0.9532
5448.500	1.0511
5449.400	1.0999
5450.300	1.1054
5451.200	1.0949
5452.100	1.0829
5453.000	1.0609
5453.900	1.0039
5454.800	0.9250
5455.700	0.9117
5456.600	0.9958
5457.500	1.0768
5458.400	1.1073
5459.300	1.1041
5460.200	1.0820
5461.100	1.0465
5462.000	0.9925
5462.900	0.9572
5463.800	0.9894
5464.700	1.0425
5465.600	1.0511
5466.500	1.0434
5467.400	1.0598
5468.300	1.0732
5469.200	1.0628
5470.100	1.0440
5471.000	1.0448
5471.900	1.0461
5472.800	1.0253
5473.700	1.0125
5474.600	1.0060
5475.500	0.9528
5476.400	0.8922
5477.300	0.9200
5478.200	1.0030
5479.100	1.0451
5480.000	1.0183
5480.900	0.9780
5481.800	0.9821
5482.700	1.0170
5483.600	1.0570
5484.500	1.0918
5485.400	1.0937
5486.300	1.0560
5487.200	1.0137
5488.100	1.0141
5489.000	1.0410
5489.900	1.0595
5490.800	1.0730
5491.700	1.0754
5492.600	1.0588
5493.500	1.0423
5494.400	1.0505
5495.300	1.0593
5496.200	1.0401
5497.100	1.0133
5498.000	1.0299
5498.900	1.0688
5499.800	1.0692
5500.700	1.0333
5501.600	1.0081
5502.500	1.0167
5503.400	1.0336
5504.300	1.0361
5505.200	1.0117
5506.100	0.9817
5507.000	0.9966
5507.900	1.0408
5508.800	1.0540
5509.700	1.0414
5510.600	1.0224
5511.500	0.9879
5512.400	0.9558
5513.300	0.9589
5514.200	0.9852
5515.100	1.0127
5516.000	1.0257
5516.900	1.0331
5517.800	1.0513
5518.700	1.0624
5519.600	1.0594
5520.500	1.0521
5521.400	1.0475
5522.300	1.0424
5523.200	1.0393
5524.100	1.0322
5525.000	1.0167
5525.900	0.9891
5526.800	0.9423
5527.700	0.8877
5528.600	0.8859
5529.500	0.9581
5530.400	1.0082
5531.300	1.0121
5532.200	1.0039
5533.100	1.0007
5534.000	0.9926
5534.900	0.9734
5535.800	0.9755
5536.700	0.9894
5537.600	0.9852
5538.500	0.9850
5539.400	1.0002
5540.300	1.0126
5541.200	1.0115
5542.100	0.9927
5543.000	0.9686
5543.900	0.9695
5544.800	0.9854
5545.700	0.9834
5546.600	0.9789
5547.500	0.9950
5548.400	1.0121
5549.300	1.0173
5550.200	1.0133
5551.100	1.0294
5552.000	1.1201
5552.900	1.1152
5553.800	1.0872
5554.700	1.0772
5555.600	1.1014
5556.500	1.1184
5557.400	1.1034
5558.300	1.0963
5559.200	1.1055
5560.100	1.1068
5561.000	1.1058
5561.900	1.0798
5562.800	1.0475
5563.700	1.0496
5564.600	1.0635
5565.500	1.0429
5566.400	1.0368
5567.300	1.0455
5568.200	1.0385
5569.100	0.9989
5570.000	1.0046
5570.900	1.0484
5571.800	1.0118
5572.700	0.9488
5573.600	0.9941
5574.500	1.0616
5575.400	1.0463
5576.300	1.0269
5577.200	1.0639
5578.100	1.0779
5579.000	1.0748
5579.900	1.0817
5580.800	1.0703
5581.700	1.0452
5582.600	1.0506
5583.500	1.0572
5584.400	1.0295
5585.300	0.9785
5586.200	0.8980
5587.100	0.8439
5588.000	0.8711
5588.900	0.9009
5589.800	0.9486
5590.700	1.0020
5591.600	1.0208
5592.500	1.0042
5593.400	0.9832
5594.300	0.9607
5595.200	1.0010
5596.100	1.0604
5597.000	1.0513
5597.900	0.9955
5598.800	0.9699
5599.700	0.9914
5600.600	0.9720
5601.500	0.9437
5602.400	0.9312
5603.300	0.9648
5604.200	1.0472
5605.100	1.0917
5606.000	1.1000
5606.900	1.0972
5607.800	1.0924
5608.700	1.0875
5609.600	1.0869
5610.500	1.0886
5611.400	1.0911
5612.300	1.0881
5613.200	1.0615
5614.100	0.9676
5615.000	0.8474
5615.900	0.8419
5616.800	0.9511
5617.700	1.0153
5618.600	1.0195
5619.500	1.0132
5620.400	1.0268
5621.300	1.0513
5622.200	1.0543
5623.100	1.0090
5624.000	0.9438
5624.900	0.9339
5625.800	0.9938
5626.700	1.0335
5627.600	1.0413
5628.500	1.0553
5629.400	1.0761
5630.300	1.0812
5631.200	1.0763
5632.100	1.0695
5633.000	1.0519
5633.900	1.0284
5634.800	1.0204
5635.700	1.0170
5636.600	1.0030
5637.500	0.9970
5638.400	1.0142
5639.300	1.0361
5640.200	1.0276
5641.100	1.0012
5642.000	1.0048
5642.900	1.0270
5643.800	1.0291
5644.700	1.0357
5645.600	1.0527
5646.500	1.0624
5647.400	1.0677
5648.300	1.0539
5649.200	1.0240
5650.100	1.0136
5651.000	1.0373
5651.900	1.0624
5652.800	1.0581
5653.700	1.0243
5654.600	0.9922
5655.500	1.0017
5656.400	1.0260
5657.300	0.9890
5658.200	0.9161
5659.100	0.9251
5660.000	0.9958
5660.900	1.0136
5661.800	0.9823
5662.700	0.9735
5663.600	1.0139
5664.500	1.0557
5665.400	1.0591
5666.300	1.0412
5667.200	1.0292
5668.100	1.0396
5669.000	1.0519
5669.900	1.0512
5670.800	1.0491
5671.700	1.0580
5672.600	1.0805
5673.500	1.0887
5674.400	1.0695
5675.300	1.0489
5676.200	1.0675
5677.100	1.0891
5678.000	1.0710
5678.900	1.0507
5679.800	1.0586
5680.700	1.0568
5681.600	1.0112
5682.500	0.9755
5683.400	0.9995
5684.300	1.0302
5685.200	1.0384
5686.100	1.0198
5687.000	0.9981
5687.900	0.9854
5688.800	1.0056
5689.700	1.0399
5690.600	1.0496
5691.500	1.0564
5692.400	1.0616
5693.300	1.0540
5694.200	1.0482
5695.100	1.0522
5696.000	1.0657
5696.900	1.0598
5697.800	1.0261
5698.700	1.0150
5699.600	1.0271
5700.500	1.0130
5701.400	0.9901
5702.300	1.0027
5703.200	1.0339
5704.100	1.0445
5705.000	1.0157
5705.900	0.9788
5706.800	0.9733
5707.700	0.9641
5708.600	0.9280
5709.500	0.9157
5710.400	0.9372
5711.300	0.9351
5712.200	0.9596
5713.100	1.0157
5714.000	1.0391
5714.900	1.0387
5715.800	1.0500
5716.700	1.0511
5717.600	1.0403
5718.500	1.0533
5719.400	1.0743
5720.300	1.0727
5721.200	1.0760
5722.100	1.0888
5723.000	1.0884
5723.900	1.0839
5724.800	1.0861
5725.700	1.0763
5726.600	1.0506
5727.500	1.0429
5728.400	1.0685
5729.300	1.0815
5730.200	1.0629
5731.100	1.0302
5732.000	1.0257
5732.900	1.0506
5733.800	1.0700
5734.700	1.0756
5735.600	1.0704
5736.500	1.0657
5737.400	1.0636
5738.300	1.0636
5739.200	1.0631
5740.100	1.0634
5741.000	1.0631
5741.900	1.0552
5742.800	1.0573
5743.700	1.0692
5744.600	1.0740
5745.500	1.0769
5746.400	1.0668
5747.300	1.0408
5748.200	1.0302
5749.100	1.0525
5750.000	1.0662
5750.900	1.0576
5751.800	1.0205
5752.700	0.9797
5753.600	0.9633
5754.500	0.9905
5755.400	1.0363
5756.300	1.0607
5757.200	1.0619
5758.100	1.0647
5759.000	1.0568
5759.900	1.0410
5760.800	1.0182
5761.700	0.9907
5762.600	0.9704
5763.500	1.0051
5764.400	1.0569
5765.300	1.0730
5766.200	1.0784
5767.100	1.0848
5768.000	1.0818
5768.900	1.0716
5769.800	1.0650
5770.700	1.0581
5771.600	1.0477
5772.500	1.0432
5773.400	1.0470
5774.300	1.0367
5775.200	1.0371
5776.100	1.0597
5777.000	1.0681
5777.900	1.0584
5778.800	1.0364
5779.700	1.0035
5780.600	0.9638
5781.500	0.9546
5782.400	0.9689
5783.300	0.9795
5784.200	0.9623
5785.100	0.9423
5786.000	0.9727
5786.900	1.0176
5787.800	1.0281
5788.700	1.0400
5789.600	1.0386
5790.500	1.0080
5791.400	1.0013
5792.300	1.0286
5793.200	1.0373
5794.100	1.0488
5795.000	1.0645
5795.900	1.0640
5796.800	1.0472
5797.700	1.0217
5798.600	1.0339
5799.500	1.0666
5800.400	1.0807
5801.300	1.0855
5802.200	1.0814
5803.100	1.0652
5804.000	1.0352
5804.900	1.0267
5805.800	1.0278
5806.700	1.0309
5807.600	1.0453
5808.500	1.0490
5809.400	1.0449
5810.300	1.0681
5811.200	1.0811
5812.100	1.0768
5813.000	1.0818
5813.900	1.0797
5814.800	1.0535
5815.700	1.0261
5816.600	1.0237
5817.500	1.0721
5818.400	1.1043
5819.300	1.1042
5820.200	1.0999
5821.100	1.0947
5822.000	1.0989
5822.900	1.0895
5823.800	1.0882
5824.700	1.0937
5825.600	1.0974
5826.500	1.0932
5827.400	1.0901
5828.300	1.0934
5829.200	1.1025
5830.100	1.1010
5831.000	1.0900
5831.900	1.0799
5832.800	1.0820
5833.700	1.0814
5834.600	1.0704
5835.500	1.0666
5836.400	1.0710
5837.300	1.0713
5838.200	1.0658
5839.100	1.0795
5840.000	1.0900
5840.900	1.0931
5841.800	1.0914
5842.700	1.0848
5843.600	1.0745
5844.500	1.0645
5845.400	1.0633
5846.300	1.0558
5847.200	1.0415
5848.100	1.0442
5849.000	1.0596
5849.900	1.0659
5850.800	1.0609
5851.700	1.0465
5852.600	1.0282
5853.500	1.0242
5854.400	1.0358
5855.300	1.0324
5856.200	0.9978
5857.100	0.9454
5858.000	0.9436
5858.900	0.9975
5859.800	1.0095
5860.700	1.0235
5861.600	1.0208
5862.500	1.0120
5863.400	1.0378
5864.300	1.0484
5865.200	1.0381
5866.100	1.0192
5867.000	1.0157
5867.900	1.0392
5868.800	1.0553
5869.700	1.0599
5870.600	1.0644
5871.500	1.0582
5872.400	1.0559
5873.300	1.0441
5874.200	1.0495
5875.100	1.0506
5876.000	1.0435
5876.900	1.0429
5877.800	1.0421
5878.700	1.0384
5879.600	1.0253
5880.500	1.0264
5881.400	1.0386
5882.300	1.0352
5883.200	1.0181
5884.100	1.0026
5885.000	1.0142
5885.900	1.0172
5886.800	0.9956
5887.700	0.9202
5888.600	0.7718
5889.500	0.6011
5890.400	0.6026
5891.300	0.7699
5892.200	0.8815
5893.100	0.9114
5894.000	0.8913
5894.900	0.7685
5895.800	0.6579
5896.700	0.7420
5897.600	0.9017
5898.500	0.9660
5899.400	0.9847
5900.300	1.0134
5901.200	1.0288
5902.100	1.0276
5903.000	1.0300
5903.900	1.0314
5904.800	1.0215
5905.700	1.0085
5906.600	1.0169
5907.500	1.0299
5908.400	1.0410
5909.300	1.0320
5910.200	1.0263
5911.100	1.0479
5912.000	1.0508
5912.900	1.0169
5913.800	0.9769
5914.700	0.9757
5915.600	0.9958
5916.500	1.0038
5917.400	1.0233
5918.300	1.0245
5919.200	1.0302
5920.100	1.0415
5921.000	1.0356
5921.900	1.0273
5922.800	1.0197
5923.700	1.0239
5924.600	1.0352
5925.500	1.0516
5926.400	1.0539
5927.300	1.0382
5928.200	1.0168
5929.100	0.9957
5930.000	0.9764
5930.900	1.0042
5931.800	1.0504
5932.700	1.0582
5933.600	1.0348
5934.500	1.0083
5935.400	1.0206
5936.300	1.0504
5937.200	1.0490
5938.100	1.0476
5939.000	1.0543
5939.900	1.0456
5940.800	1.0236
5941.700	1.0245
5942.600	1.0410
5943.500	1.0500
5944.400	1.0563
5945.300	1.0622
5946.200	1.0552
5947.100	1.0381
5948.000	1.0029
5948.900	0.9872
5949.800	1.0173
5950.700	1.0468
5951.600	1.0367
5952.500	1.0049
5953.400	1.0033
5954.300	1.0383
5955.200	1.0484
5956.100	1.0347
5957.000	1.0217
5957.900	1.0309
5958.800	1.0434
5959.700	1.0593
5960.600	1.0669
5961.500	1.0640
5962.400	1.0580
5963.300	1.0580
5964.200	1.0560
5965.100	1.0413
5966.000	1.0295
5966.900	1.0440
5967.800	1.0550
5968.700	1.0580
5969.600	1.0574
5970.500	1.0607
5971.400	1.0604
5972.300	1.0602
5973.200	1.0581
5974.100	1.0474
5975.000	1.0262
5975.900	1.0025
5976.800	0.9929
5977.700	1.0067
5978.600	1.0214
5979.500	1.0423
5980.400	1.0528
5981.300	1.0480
5982.200	1.0313
5983.100	0.9983
5984.000	0.9669
5984.900	0.9735
5985.800	1.0014
5986.700	1.0086
5987.600	1.0105
5988.500	1.0306
5989.400	1.0429
5990.300	1.0498
5991.200	1.0434
5992.100	1.0417
5993.000	1.0514
5993.900	1.0546
5994.800	1.0508
5995.700	1.0366
5996.600	1.0155
5997.500	1.0000
5998.400	1.0061
5999.300	1.0288
6000.200	1.0441
6001.100	1.0413
6002.000	1.0136
6002.900	0.9905
6003.800	1.0066
6004.700	1.0261
6005.600	1.0237
6006.500	1.0128
6007.400	0.9765
6008.300	0.9551
6009.200	0.9912
6010.100	1.0366
6011.000	1.0432
6011.900	1.0224
6012.800	0.9877
6013.700	0.9799
6014.600	1.0053
6015.500	1.0069
6016.400	0.9877
6017.300	0.9962
6018.200	1.0179
6019.100	0.9909
6020.000	0.9540
6020.900	0.9481
6021.800	0.9585
6022.700	0.9803
6023.600	0.9793
6024.500	0.9793
6025.400	1.0082
6026.300	1.0140
6027.200	1.0124
6028.100	1.0294
6029.000	1.0382
6029.900	1.0324
6030.800	1.0366
6031.700	1.0456
6032.600	1.0460
6033.500	1.0436
6034.400	1.0395
6035.300	1.0412
6036.200	1.0407
6037.100	1.0385
6038.000	1.0425
6038.900	1.0423
6039.800	1.0303
6040.700	1.0254
6041.600	1.0204
6042.500	1.0227
6043.400	1.0399
6044.300	1.0503
6045.200	1.0510
6046.100	1.0495
6047.000	1.0488
6047.900	1.0460
6048.800	1.0431
6049.700	1.0477
6050.600	1.0481
6051.500	1.0456
6052.400	1.0407
6053.300	1.0303
6054.200	1.0188
6055.100	1.0051
6056.000	0.9924
6056.900	1.0063
6057.800	1.0254
6058.700	1.0312
6059.600	1.0351
6060.500	1.0367
6061.400	1.0335
6062.300	1.0210
6063.200	1.0083
6064.100	0.9935
6065.000	0.9559
6065.900	0.9605
6066.800	1.0140
6067.700	1.0383
6068.600	1.0461
6069.500	1.0477
6070.400	1.0393
6071.300	1.0406
6072.200	1.0474
6073.100	1.0444
6074.000	1.0395
6074.900	1.0337
6075.800	1.0233
6076.700	1.0114
6077.600	0.9898
6078.500	0.9637
6079.400	0.9719
6080.300	1.0014
6081.200	0.9995
6082.100	0.9894
6083.000	0.9979
6083.900	1.0069
6084.800	0.9975
6085.700	0.9865
6086.600	0.9983
6087.500	1.0126
6088.400	1.0114
6089.300	0.9945
6090.200	0.9793
6091.100	0.9831
6092.000	0.9867
6092.900	0.9857
6093.800	0.9886
6094.700	1.0078
6095.600	1.0205
6096.500	1.0054
6097.400	0.9959
6098.300	1.0037
6099.200	1.0118
6100.100	1.0139
6101.000	0.9808
6101.900	0.9010
6102.800	0.8479
6103.700	0.9124
6104.600	0.9955
6105.500	1.0206
6106.400	1.0198
6107.300	1.0017
6108.200	0.9956
6109.100	1.0166
6110.000	1.0242
6110.900	1.0114
6111.800	1.0029
6112.700	1.0083
6113.600	1.0161
6114.500	1.0180
6115.400	0.9997
6116.300	0.9873
6117.200	1.0050
6118.100	1.0185
6119.000	1.0084
6119.900	0.9911
6120.800	0.9508
6121.700	0.8816
6122.600	0.8685
6123.500	0.9539
6124.400	1.0018
6125.300	1.0018
6126.200	0.9953
6127.100	0.9917
6128.000	0.9859
6128.900	0.9915
6129.800	1.0020
6130.700	1.0103
6131.600	1.0084
6132.500	1.0077
6133.400	1.0191
6134.300	1.0093
6135.200	0.9618
6136.100	0.8800
6137.000	0.8223
6137.900	0.8642
6138.800	0.9556
6139.700	1.0014
6140.600	0.9881
6141.500	0.9547
6142.400	0.9538
6143.300	0.9932
6144.200	1.0073
6145.100	1.0010
6146.000	1.0047
6146.900	1.0034
6147.800	0.9972
6148.700	0.9991
6149.600	0.9961
6150.500	0.9977
6151.400	0.9954
6152.300	0.9989
6153.200	1.0077
6154.100	0.9893
6155.000	0.9757
6155.900	0.9822
6156.800	0.9902
6157.700	0.9913
6158.600	0.9983
6159.500	0.9831
6160.400	0.9138
6161.300	0.8123
6162.200	0.7667
6163.100	0.8214
6164.000	0.8983
6164.900	0.9540
6165.800	0.9592
6166.700	0.9609
6167.600	0.9686
6168.500	0.9192
6169.400	0.8604
6170.300	0.8915
6171.200	0.9585
6172.100	0.9879
6173.000	0.9774
6173.900	0.9776
6174.800	0.9864
6175.700	0.9739
6176.600	0.9684
6177.500	0.9790
6178.400	1.0002
6179.300	0.9954
6180.200	0.9821
6181.100	0.9943
6182.000	1.0130
6182.900	1.0103
6183.800	1.0071
6184.700	1.0031
6185.600	0.9911
6186.500	0.9810
6187.400	0.9741
6188.300	0.9785
6189.200	0.9900
6190.100	0.9672
6191.000	0.9068
6191.900	0.8981
6192.800	0.9749
6193.700	1.0057
6194.600	1.0038
6195.500	1.0014
6196.400	1.0094
6197.300	1.0125
6198.200	0.9965
6199.100	0.9699
6200.000	0.9581
6200.900	0.9723
6201.800	1.0026
6202.700	1.0171
6203.600	1.0166
6204.500	1.0113
6205.400	1.0092
6206.300	1.0098
6207.200	1.0030
6208.100	1.0015
6209.000	0.9986
6209.900	0.9938
6210.800	0.9937
6211.700	0.9911
6212.600	0.9689
6213.500	0.9408
6214.400	0.9327
6215.300	0.9274
6216.200	0.9450
6217.100	0.9733
6218.000	0.9810
6218.900	0.9586
6219.800	0.9458
6220.700	0.9610
6221.600	0.9817
6222.500	0.9981
6223.400	0.9942
6224.300	0.9798
6225.200	0.9833
6226.100	0.9843
6227.000	0.9755
6227.900	0.9792
6228.800	0.9652
6229.700	0.9144
6230.600	0.8674
6231.500	0.8895
6232.400	0.9257
6233.300	0.9498
6234.200	0.9901
6235.100	1.0080
6236.000	1.0034
6236.900	0.9800
6237.800	0.9735
6238.700	0.9809
6239.600	0.9756
6240.500	0.9649
6241.400	0.9751
6242.300	0.9625
6243.200	0.9325
6244.100	0.9348
6245.000	0.9359
6245.900	0.9143
6246.800	0.9197
6247.700	0.9733
6248.600	0.9976
6249.500	0.9959
6250.400	0.9906
6251.300	0.9551
6252.200	0.9062
6253.100	0.8927
6254.000	0.9044
6254.900	0.9214
6255.800	0.9250
6256.700	0.9169
6257.600	0.9193
6258.500	0.9044
6259.400	0.9227
6260.300	0.9425
6261.200	0.9495
6262.100	0.9771
6263.000	0.9887
6263.900	0.9734
6264.800	0.9467
6265.700	0.9478
6266.600	0.9716
6267.500	0.9785
6268.400	0.9729
6269.300	0.9647
6270.200	0.9516
6271.100	0.9543
6272.000	0.9658
6272.900	0.9708
6273.800	0.9652
6274.700	0.9677
6275.600	0.9726
6276.500	0.9643
6277.400	0.9594
6278.300	0.9625
6279.200	0.9554
6280.100	0.9413
6281.000	0.9388
6281.900	0.9521
6282.800	0.9642
6283.700	0.9756
6284.600	0.9761
6285.500	0.9676
6286.400	0.9733
6287.300	0.9860
6288.200	0.9902
6289.100	0.9829
6290.000	0.9658
6290.900	0.9514
6291.800	0.9586
6292.700	0.9654
6293.600	0.9741
6294.500	0.9804
6295.400	0.9786
6296.300	0.9667
6297.200	0.9491
6298.100	0.9409
6299.000	0.9515
6299.900	0.9488
6300.800	0.9118
6301.700	0.8684
6302.600	0.8928
6303.500	0.9517
6304.400	0.9802
6305.300	0.9824
6306.200	0.9802
6307.100	0.9901
6308.000	0.9964
6308.900	0.9939
6309.800	0.9814
6310.700	0.9742
6311.600	0.9715
6312.500	0.9787
6313.400	0.9804
6314.300	0.9446
6315.200	0.9169
6316.100	0.9312
6317.000	0.9306
6317.900	0.9007
6318.800	0.9054
6319.700	0.9457
6320.600	0.9757
6321.500	0.9744
6322.400	0.9594
6323.300	0.9672
6324.200	0.9874
6325.100	0.9927
6326.000	0.9913
6326.900	0.9803
6327.800	0.9692
6328.700	0.9747
6329.600	0.9697
6330.500	0.9614
6331.400	0.9773
6332.300	0.9921
6333.200	0.9934
6334.100	0.9668
6335.000	0.9192
6335.900	0.8888
6336.800	0.8899
6337.700	0.9268
6338.600	0.9409
6339.500	0.9518
6340.400	0.9688
6341.300	0.9668
6342.200	0.9475
6343.100	0.9234
6344.000	0.9124
6344.900	0.9370
6345.800	0.9633
6346.700	0.9696
6347.600	0.9687
6348.500	0.9711
6349.400	0.9724
6350.300	0.9696
6351.200	0.9745
6352.100	0.9754
6353.000	0.9667
6353.900	0.9466
6354.800	0.9247
6355.700	0.9342
6356.600	0.9570
6357.500	0.9465
6358.400	0.9165
6359.300	0.9105
6360.200	0.9171
6361.100	0.9094
6362.000	0.8970
6362.900	0.8983
6363.800	0.9164
6364.700	0.9359
6365.600	0.9444
6366.500	0.9439
6367.400	0.9513
6368.300	0.9642
6369.200	0.9672
6370.100	0.9622
6371.000	0.9626
6371.900	0.9705
6372.800	0.9786
6373.700	0.9765
6374.600	0.9733
6375.500	0.9749
6376.400	0.9733
6377.300	0.9629
6378.200	0.9577
6379.100	0.9612
6380.000	0.9570
6380.900	0.9483
6381.800	0.9583
6382.700	0.9705
6383.600	0.9738
6384.500	0.9672
6385.400	0.9669
6386.300	0.9754
6387.200	0.9850
6388.100	0.9855
6389.000	0.9805
6389.900	0.9787
6390.800	0.9776
6391.700	0.9620
6392.600	0.9171
6393.500	0.8792
6394.400	0.9045
6395.300	0.9511
6396.200	0.9748
6397.100	0.9772
6398.000	0.9600
6398.900	0.9046
6399.800	0.8386
6400.700	0.8602
6401.600	0.9294
6402.500	0.9649
6403.400	0.9765
6404.300	0.9763
6405.200	0.9625
6406.100	0.9461
6407.000	0.9187
6407.900	0.8962
6408.800	0.9197
6409.700	0.9424
6410.600	0.9151
6411.500	0.8805
6412.400	0.9097
6413.300	0.9526
6414.200	0.9558
6415.100	0.9503
6416.000	0.9577
6416.900	0.9564
6417.800	0.9505
6418.700	0.9425
6419.600	0.9114
6420.500	0.8835
6421.400	0.8902
6422.300	0.9271
6423.200	0.9602
6424.100	0.9706
6425.000	0.9681
6425.900	0.9711
6426.800	0.9801
6427.700	0.9812
6428.600	0.9730
6429.500	0.9502
6430.400	0.9113
6431.300	0.9055
6432.200	0.9362
6433.100	0.9559
6434.000	0.9647
6434.900	0.9698
6435.800	0.9693
6436.700	0.9593
6437.600	0.9262
6438.500	0.8728
6439.400	0.8625
6440.300	0.9112
6441.200	0.9530
6442.100	0.9671
6443.000	0.9700
6443.900	0.9710
6444.800	0.9733
6445.700	0.9734
6446.600	0.9684
6447.500	0.9548
6448.400	0.9182
6449.300	0.8649
6450.200	0.8555
6451.100	0.9053
6452.000	0.9481
6452.900	0.9599
6453.800	0.9545
6454.700	0.9323
6455.600	0.9158
6456.500	0.9300
6457.400	0.9570
6458.300	0.9698
6459.200	0.9695
6460.100	0.9623
6461.000	0.9328
6461.900	0.8713
6462.800	0.8415
6463.700	0.8910
6464.600	0.9484
6465.500	0.9658
6466.400	0.9696
6467.300	0.9663
6468.200	0.9542
6469.100	0.9349
6470.000	0.9283
6470.900	0.9204
6471.800	0.9081
6472.700	0.9293
6473.600	0.9529
6474.500	0.9457
6475.400	0.9300
6476.300	0.9380
6477.200	0.9554
6478.100	0.9546
6479.000	0.9538
6479.900	0.9509
6480.800	0.9366
6481.700	0.9109
6482.600	0.9006
6483.500	0.9208
6484.400	0.9434
6485.300	0.9493
6486.200	0.9463
6487.100	0.9473
6488.000	0.9479
6488.900	0.9426
6489.800	0.9314
6490.700	0.9200
6491.600	0.9083
6492.500	0.8813
6493.400	0.8188
6494.300	0.7574
6495.200	0.7564
6496.100	0.7934
6497.000	0.8377
6497.900	0.8738
6498.800	0.8734
6499.700	0.8678
6500.600	0.8944
6501.500	0.9137
6502.400	0.9184
6503.300	0.9230
6504.200	0.9337
6505.100	0.9422
6506.000	0.9424
6506.900	0.9396
6507.800	0.9340
6508.700	0.9330
6509.600	0.9382
6510.500	0.9436
6511.400	0.9440
6512.300	0.9393
6513.200	0.9379
6514.100	0.9390
6515.000	0.9295
6515.900	0.9149
6516.800	0.9072
6517.700	0.9009
6518.600	0.8970
6519.500	0.9207
6520.400	0.9373
6521.300	0.9391
6522.200	0.9359
6523.100	0.9345
6524.000	0.9362
6524.900	0.9356
6525.800	0.9231
6526.700	0.9096
6527.600	0.9093
6528.500	0.9228
6529.400	0.9324
6530.300	0.9334
6531.200	0.9242
6532.100	0.9125
6533.000	0.9085
6533.900	0.9127
6534.800	0.9246
6535.700	0.9326
6536.600	0.9320
6537.500	0.9294
6538.400	0.9299
6539.300	0.9349
6540.200	0.9376
6541.100	0.9315
6542.000	0.9255
6542.900	0.9229
6543.800	0.9169
6544.700	0.9048
6545.600	0.8805
6546.500	0.8687
6547.400	0.8926
6548.300	0.9036
6549.200	0.9135
6550.100	0.9206
6551.000	0.9151
6551.900	0.9125
6552.800	0.9134
6553.700	0.8994
6554.600	0.8738
6555.500	0.8605
6556.400	0.8644
6557.300	0.8778
6558.200	0.8798
6559.100	0.8650
6560.000	0.8312
6560.900	0.7737
6561.800	0.6608
6562.700	0.5505
6563.600	0.6097
6564.500	0.7584
6565.400	0.8360
6566.300	0.8696
6567.200	0.8825
6568.100	0.8737
6569.000	0.8559
6569.900	0.8654
6570.800	0.8890
6571.700	0.8935
6572.600	0.8792
6573.500	0.8698
6574.400	0.8598
6575.300	0.8650
6576.200	0.8988
6577.100	0.9199
6578.000	0.9165
6578.900	0.9131
6579.800	0.9083
6580.700	0.9009
6581.600	0.9056
6582.500	0.9169
6583.400	0.9140
6584.300	0.9113
6585.200	0.9085
6586.100	0.9027
6587.000	0.9049
6587.900	0.9145
6588.800	0.9231
6589.700	0.9241
6590.600	0.9197
6591.500	0.8988
6592.400	0.8502
6593.300	0.8139
6594.200	0.8423
6595.100	0.8892
6596.000	0.9028
6596.900	0.8979
6597.800	0.8860
6598.700	0.8913
6599.600	0.9036
6600.500	0.9181
6601.400	0.9269
6602.300	0.9294
6603.200	0.9212
6604.100	0.9075
6605.000	0.9018
6605.900	0.9068
6606.800	0.9069
6607.700	0.8987
6608.600	0.8840
6609.500	0.8757
6610.400	0.8987
6611.300	0.9163
6612.200	0.9164
6613.100	0.9093
6614.000	0.9040
6614.900	0.9136
6615.800	0.9195
6616.700	0.9220
6617.600	0.9225
6618.500	0.9266
6619.400	0.9327
6620.300	0.9363
6621.200	0.9312
6622.100	0.9262
6623.000	0.9242
6623.900	0.9205
6624.800	0.9133
6625.700	0.9144
6626.600	0.9170
6627.500	0.9162
6628.400	0.9206
6629.300	0.9229
6630.200	0.9227
6631.100	0.9170
6632.000	0.8984
6632.900	0.8720
6633.800	0.8475
6634.700	0.8639
6635.600	0.8924
6636.500	0.9141
6637.400	0.9223
6638.300	0.9156
6639.200	0.9041
6640.100	0.9010
6641.000	0.9102
6641.900	0.9107
6642.800	0.8913
6643.700	0.8764
6644.600	0.8956
6645.500	0.9150
6646.400	0.9213
6647.300	0.9180
6648.200	0.9185
6649.100	0.9232
6650.000	0.9229
6650.900	0.9180
6651.800	0.9133
6652.700	0.9124
6653.600	0.9111
6654.500	0.9116
6655.400	0.9149
6656.300	0.9196
6657.200	0.9252
6658.100	0.9240
6659.000	0.9164
6659.900	0.9089
6660.800	0.9025
6661.700	0.9001
6662.600	0.8838
6663.500	0.8637
6664.400	0.8785
6665.300	0.9004
6666.200	0.9059
6667.100	0.8991
6668.000	0.8895
6668.900	0.8925
6669.800	0.9023
6670.700	0.9088
6671.600	0.9053
6672.500	0.9011
6673.400	0.9041
6674.300	0.9065
6675.200	0.9076
6676.100	0.8951
6677.000	0.8547
6677.900	0.8183
6678.800	0.8396
6679.700	0.8855
6680.600	0.9068
6681.500	0.9105
6682.400	0.9122
6683.300	0.9135
6684.200	0.9129
6685.100	0.9125
6686.000	0.9143
6686.900	0.9172
6687.800	0.9173
6688.700	0.9160
6689.600	0.9169
6690.500	0.9187
6691.400	0.9163
6692.300	0.9120
6693.200	0.9106
6694.100	0.9068
6695.000	0.8933
6695.900	0.8746
6696.800	0.8743
6697.700	0.8881
6698.600	0.8980
6699.500	0.9082
6700.400	0.9108
6701.300	0.9063
6702.200	0.9022
6703.100	0.8929
6704.000	0.8822
6704.900	0.8803
6705.800	0.8928
6706.700	0.9067
6707.600	0.9060
6708.500	0.9026
6709.400	0.9023
6710.300	0.8979
6711.200	0.8957
6712.100	0.8943
6713.000	0.8851
6713.900	0.8814
6714.800	0.8846
6715.700	0.8787
6716.600	0.8598
6717.500	0.8387
6718.400	0.8529
6719.300	0.8901
6720.200	0.9038
6721.100	0.9008
6722.000	0.8933
6722.900	0.8995
6723.800	0.9067
6724.700	0.9017
6725.600	0.8912
6726.500	0.8854
6727.400	0.8902
6728.300	0.8986
6729.200	0.9023
6730.100	0.9070
6731.000	0.9063
6731.900	0.9017
6732.800	0.8973
6733.700	0.8941
6734.600	0.8968
6735.500	0.8985
6736.400	0.8973
6737.300	0.8900
6738.200	0.8805
6739.100	0.8829
6740.000	0.8902
6740.900	0.8957
6741.800	0.8928
6742.700	0.8824
6743.600	0.8826
6744.500	0.8877
6745.400	0.8839
6746.300	0.8855
6747.200	0.8942
6748.100	0.8945
6749.000	0.8817
6749.900	0.8659
6750.800	0.8673
6751.700	0.8843
6752.600	0.8836
6753.500	0.8850
6754.400	0.8928
6755.300	0.8921
6756.200	0.8931
6757.100	0.8985
6758.000	0.9029
6758.900	0.9063
6759.800	0.9044
6760.700	0.9027
6761.600	0.9021
6762.500	0.9029
6763.400	0.9014
6764.300	0.9008
6765.200	0.9042
6766.100	0.9015
6767.000	0.8850
6767.900	0.8749
6768.800	0.8831
6769.700	0.8922
6770.600	0.8889
6771.500	0.8760
6772.400	0.8750
6773.300	0.8856
6774.200	0.9010
6775.100	0.9088
6776.000	0.9081
6776.900	0.8986
6777.800	0.8957
6778.700	0.8987
6779.600	0.9006
6780.500	0.9014
6781.400	0.8988
6782.300	0.8918
6783.200	0.8805
6784.100	0.8739
6785.000	0.8785
6785.900	0.8851
6786.800	0.8842
6787.700	0.8906
6788.600	0.9007
6789.500	0.9014
6790.400	0.9056
6791.300	0.9082
6792.200	0.9042
6793.100	0.8924
6794.000	0.8901
6794.900	0.8937
6795.800	0.8908
6796.700	0.8862
6797.600	0.8885
6798.500	0.8897
6799.400	0.8942
6800.300	0.8929
6801.200	0.8936
6802.100	0.8972
6803.000	0.8981
6803.900	0.8869
6804.800	0.8830
6805.700	0.8908
6806.600	0.8868
6807.500	0.8909
6808.400	0.8979
6809.300	0.8845
6810.200	0.8696
6811.100	0.8807
6812.000	0.8967
6812.900	0.8985
6813.800	0.8904
6814.700	0.8826
6815.600	0.8867
6816.500	0.8972
6817.400	0.9005
6818.300	0.9011
6819.200	0.8934
6820.100	0.8806
6821.000	0.8820
6821.900	0.8894
6822.800	0.8924
6823.700	0.8956
6824.600	0.8952
6825.500	0.8940
6826.400	0.8897
6827.300	0.8776
6828.200	0.8644
6829.100	0.8616
6830.000	0.8786
6830.900	0.8865
6831.800	0.8866
6832.700	0.8891
6833.600	0.8908
6834.500	0.8916
6835.400	0.8896
6836.300	0.8840
6837.200	0.8792
6838.100	0.8778
6839.000	0.8619
6839.900	0.8505
6840.800	0.8377
6841.700	0.8196
6842.600	0.8259
6843.500	0.8426
6844.400	0.8669
6845.300	0.8851
6846.200	0.8875
6847.100	0.8830
6848.000	0.8792
6848.900	0.8814
6849.800	0.8852
6850.700	0.8849
6851.600	0.8824
6852.500	0.8801
6853.400	0.8790
6854.300	0.8605
6855.200	0.8368
6856.100	0.8424
6857.000	0.8532
6857.900	0.8534
6858.800	0.8641
6859.700	0.8765
6860.600	0.8708
6861.500	0.8607
6862.400	0.8640
6863.300	0.8785
6864.200	0.8883
6865.100	0.8908
6866.000	0.8897
6866.900	0.8706
6867.800	0.8379
6868.700	0.8374
6869.600	0.8688
6870.500	0.8783
6871.400	0.8592
6872.300	0.8462
6873.200	0.8614
6874.100	0.8760
6875.000	0.8828
6875.900	0.8819
6876.800	0.8697
6877.700	0.8730
6878.600	0.8737
6879.500	0.8665
6880.400	0.8622
6881.300	0.8522
6882.200	0.8362
6883.100	0.8348
6884.000	0.8571
6884.900	0.8736
6885.800	0.8540
6886.700	0.8544
6887.600	0.8846
6888.500	0.8823
6889.400	0.8677
6890.300	0.8782
6891.200	0.8881
6892.100	0.8729
6893.000	0.8653
6893.900	0.8786
6894.800	0.8681
6895.700	0.8415
6896.600	0.8439
6897.500	0.8687
6898.400	0.8792
6899.300	0.8758
6900.200	0.8665
6901.100	0.8686
6902.000	0.8769
6902.900	0.8702
6903.800	0.8584
6904.700	0.8609
6905.600	0.8752
6906.500	0.8800
6907.400	0.8766
6908.300	0.8642
6909.200	0.8635
6910.100	0.8796
6911.000	0.8736
6911.900	0.8577
6912.800	0.8494
6913.700	0.8381
6914.600	0.8312
6915.500	0.8402
6916.400	0.8350
6917.300	0.8296
6918.200	0.8449
6919.100	0.8620
6920.000	0.8659
6920.900	0.8622
6921.800	0.8622
6922.700	0.8574
6923.600	0.8400
6924.500	0.8286
6925.400	0.8301
6926.300	0.8398
6927.200	0.8537
6928.100	0.8595
6929.000	0.8598
6929.900	0.8593
6930.800	0.8594
6931.700	0.8567
6932.600	0.8439
6933.500	0.8358
6934.400	0.8477
6935.300	0.8578
6936.200	0.8556
6937.100	0.8523
6938.000	0.8508
6938.900	0.8537
6939.800	0.8565
6940.700	0.8609
6941.600	0.8661
6942.500	0.8681
6943.400	0.8652
6944.300	0.8501
6945.200	0.8305
6946.100	0.8335
6947.000	0.8447
6947.900	0.8477
6948.800	0.8554
6949.700	0.8550
6950.600	0.8451
6951.500	0.8400
6952.400	0.8478
6953.300	0.8548
6954.200	0.8556
6955.100	0.8545
6956.000	0.8526
6956.900	0.8553
6957.800	0.8611
6958.700	0.8616
6959.600	0.8562
6960.500	0.8519
6961.400	0.8541
6962.300	0.8587
6963.200	0.8585
6964.100	0.8537
6965.000	0.8445
6965.900	0.8374
6966.800	0.8444
6967.700	0.8548
6968.600	0.8572
6969.500	0.8572
6970.400	0.8561
6971.300	0.8507
6972.200	0.8500
6973.100	0.8554
6974.000	0.8529
6974.900	0.8398
6975.800	0.8279
6976.700	0.8182
6977.600	0.8004
6978.500	0.7766
6979.400	0.7769
6980.300	0.8117
6981.200	0.8383
6982.100	0.8487
6983.000	0.8552
6983.900	0.8556
6984.800	0.8514
6985.700	0.8439
6986.600	0.8407
6987.500	0.8434
6988.400	0.8394
6989.300	0.8378
6990.200	0.8509
6991.100	0.8585
6992.000	0.8584
6992.900	0.8558
6993.800	0.8501
6994.700	0.8519
6995.600	0.8513
6996.500	0.8501
6997.400	0.8468
6998.300	0.8386
6999.200	0.8249
7000.100	0.8173
7001.000	0.8298
7001.900	0.8469
7002.800	0.8476
7003.700	0.8343
7004.600	0.8210
7005.500	0.8110
7006.400	0.8091
7007.300	0.8250
7008.200	0.8320
7009.100	0.8384
7010.000	0.8417
7010.900	0.8360
7011.800	0.8312
7012.700	0.8340
7013.600	0.8433
7014.500	0.8457
7015.400	0.8174
7016.300	0.7775
7017.200	0.7824
7018.100	0.8223
7019.000	0.8493
7019.900	0.8596
7020.800	0.8661
7021.700	0.8607
7022.600	0.8314
7023.500	0.8040
7024.400	0.8109
7025.300	0.8303
7026.200	0.8487
7027.100	0.8489
7028.000	0.8494
7028.900	0.8535
7029.800	0.8530
7030.700	0.8573
7031.600	0.8544
7032.500	0.8449
7033.400	0.8406
7034.300	0.8302
7035.200	0.8250
7036.100	0.8356
7037.000	0.8403
7037.900	0.8223
7038.800	0.8131
7039.700	0.8366
7040.600	0.8634
7041.500	0.8776
7042.400	0.8754
7043.300	0.8706
7044.200	0.8646
7045.100	0.8546
7046.000	0.8600
7046.900	0.8696
7047.800	0.8764
7048.700	0.8866
7049.600	0.8854
7050.500	0.8764
7051.400	0.8640
7052.300	0.8488
7053.200	0.8395
7054.100	0.8539
7055.000	0.8623
7055.900	0.8694
7056.800	0.8711
7057.700	0.8703
7058.600	0.8621
7059.500	0.8515
7060.400	0.8416
7061.300	0.8486
7062.200	0.8617
7063.100	0.8637
7064.000	0.8769
7064.900	0.8854
7065.800	0.8720
7066.700	0.8499
7067.600	0.8223
7068.500	0.8085
7069.400	0.8264
7070.300	0.8440
7071.200	0.8456
7072.100	0.8382
7073.000	0.8450
7073.900	0.8522
7074.800	0.8549
7075.700	0.8538
7076.600	0.8509
7077.500	0.8480
7078.400	0.8439
7079.300	0.8394
7080.200	0.8334
7081.100	0.8336
7082.000	0.8285
7082.900	0.8082
7083.800	0.7805
7084.700	0.7681
7085.600	0.7738
7086.500	0.7872
7087.400	0.7909
7088.300	0.7906
7089.200	0.7850
7090.100	0.7707
7091.000	0.7646
7091.900	0.7720
7092.800	0.7746
7093.700	0.7733
7094.600	0.7680
7095.500	0.7588
7096.400	0.7607
7097.300	0.7661
7098.200	0.7812
7099.100	0.8307
7100.000	0.8428
7100.900	0.8426
7101.800	0.8412
7102.700	0.8401
7103.600	0.8414
7104.500	0.8448
7105.400	0.8449
7106.300	0.8391
7107.200	0.8333
7108.100	0.8331
7109.000	0.8364
7109.900	0.8363
7110.800	0.8296
7111.700	0.8280
7112.600	0.8312
7113.500	0.8360
7114.400	0.8369
7115.300	0.8391
7116.200	0.8491
7117.100	0.8518
7118.000	0.8467
7118.900	0.8437
7119.800	0.8397
7120.700	0.8322
7121.600	0.8161
7122.500	0.8042
7123.400	0.8176
7124.300	0.8371
7125.200	0.8456
7126.100	0.8458
7127.000	0.8440
7127.900	0.8416
7128.800	0.8383
7129.700	0.8285
7130.600	0.8120
7131.500	0.8091
7132.400	0.8224
7133.300	0.8322
7134.200	0.8403
7135.100	0.8455
7136.000	0.8493
7136.900	0.8528
7137.800	0.8495
7138.700	0.8411
7139.600	0.8391
7140.500	0.8404
7141.400	0.8412
7142.300	0.8361
7143.200	0.8354
7144.100	0.8384
7145.000	0.8363
7145.900	0.8318
7146.800	0.8186
7147.700	0.7926
7148.600	0.7846
7149.500	0.8052
7150.400	0.8261
7151.300	0.8336
7152.200	0.8411
7153.100	0.8477
7154.000	0.8455
7154.900	0.8365
7155.800	0.8331
7156.700	0.8420
7157.600	0.8501
7158.500	0.8524
7159.400	0.8529
7160.300	0.8499
7161.200	0.8474
7162.100	0.8425
7163.000	0.8286
7163.900	0.8010
7164.800	0.7790
7165.700	0.7873
7166.600	0.8155
7167.500	0.8390
7168.400	0.8503
7169.300	0.8521
7170.200	0.8508
7171.100	0.8537
7172.000	0.8571
7172.900	0.8582
7173.800	0.8578
7174.700	0.8500
7175.600	0.8331
7176.500	0.8250
7177.400	0.8366
7178.300	0.8491
7179.200	0.8439
7180.100	0.8260
7181.000	0.8045
7181.900	0.8022
7182.800	0.8253
7183.700	0.8423
7184.600	0.8412
7185.500	0.8357
7186.400	0.8185
7187.300	0.7920
7188.200	0.7931
7189.100	0.8083
7190.000	0.8198
7190.900	0.8288
7191.800	0.8306
7192.700	0.8255
7193.600	0.8221
7194.500	0.8303
7195.400	0.8372
7196.300	0.8323
7197.200	0.8306
7198.100	0.8418
7199.000	0.8562
7199.900	0.8602
7200.800	0.8522
7201.700	0.8384
7202.600	0.8330
7203.500	0.8437
7204.400	0.8591
7205.300	0.8597
7206.200	0.8308
7207.100	0.7945
7208.000	0.7941
7208.900	0.8186
7209.800	0.8417
7210.700	0.8579
7211.600	0.8587
7212.500	0.8505
7213.400	0.8449
7214.300	0.8409
7215.200	0.8400
7216.100	0.8427
7217.000	0.8494
7217.900	0.8575
7218.800	0.8581
7219.700	0.8503
7220.600	0.8427
7221.500	0.8428
7222.400	0.8453
7223.300	0.8417
7224.200	0.8431
7225.100	0.8510
7226.000	0.8544
7226.900	0.8573
7227.800	0.8567
7228.700	0.8521
7229.600	0.8524
7230.500	0.8588
7231.400	0.8656
7232.300	0.8706
7233.200	0.8751
7234.100	0.8728
7235.000	0.8620
7235.900	0.8552
7236.800	0.8506
7237.700	0.8478
7238.600	0.8423
7239.500	0.8339
7240.400	0.8332
7241.300	0.8469
7242.200	0.8599
7243.100	0.8557
7244.000	0.8429
7244.900	0.8349
7245.800	0.8343
7246.700	0.8419
7247.600	0.8474
7248.500	0.8489
7249.400	0.8445
7250.300	0.8350
7251.200	0.8287
7252.100	0.8368
7253.000	0.8555
7253.900	0.8652
7254.800	0.8602
7255.700	0.8560
7256.600	0.8598
7257.500	0.8658
7258.400	0.8685
7259.300	0.8646
7260.200	0.8497
7261.100	0.8255
7262.000	0.8145
7262.900	0.8329
7263.800	0.8543
7264.700	0.8647
7265.600	0.8662
7266.500	0.8630
7267.400	0.8624
7268.300	0.8606
7269.200	0.8570
7270.100	0.8526
7271.000	0.8532
7271.900	0.8555
7272.800	0.8517
7273.700	0.8469
7274.600	0.8422
7275.500	0.8399
7276.400	0.8489
7277.300	0.8533
7278.200	0.8530
7279.100	0.8508
7280.000	0.8511
7280.900	0.8486
7281.800	0.8349
7282.700	0.8179
7283.600	0.8112
7284.500	0.8137
7285.400	0.8192
7286.300	0.8305
7287.200	0.8330
7288.100	0.8126
7289.000	0.7879
7289.900	0.7838
7290.800	0.7928
7291.700	0.7939
7292.600	0.7856
7293.500	0.7878
7294.400	0.8072
7295.300	0.8226
7296.200	0.8337
7297.100	0.8389
7298.000	0.8394
7298.900	0.8371
7299.800	0.8327
7300.700	0.8332
7301.600	0.8376
7302.500	0.8414
7303.400	0.8454
7304.300	0.8476
7305.200	0.8441
7306.100	0.8323
7307.000	0.8219
7307.900	0.8203
7308.800	0.8261
7309.700	0.8317
7310.600	0.8240
7311.500	0.8160
7312.400	0.8289
7313.300	0.8450
7314.200	0.8512
7315.100	0.8511
7316.000	0.8490
7316.900	0.8455
7317.800	0.8406
7318.700	0.8368
7319.600	0.8333
7320.500	0.8233
7321.400	0.8202
7322.300	0.8300
7323.200	0.8378
7324.100	0.8318
7325.000	0.8115
7325.900	0.7861
7326.800	0.7826
7327.700	0.8035
7328.600	0.8187
7329.500	0.8244
7330.400	0.8240
7331.300	0.8231
7332.200	0.8271
7333.100	0.8296
7334.000	0.8310
7334.900	0.8340
7335.800	0.8373
7336.700	0.8427
7337.600	0.8456
7338.500	0.8458
7339.400	0.8464
7340.300	0.8483
7341.200	0.8483
7342.100	0.8437
7343.000	0.8378
7343.900	0.8296
7344.800	0.8246
7345.700	0.8323
7346.600	0.8397
7347.500	0.8408
7348.400	0.8379
7349.300	0.8266
7350.200	0.8093
7351.100	0.7964
7352.000	0.7992
7352.900	0.8105
7353.800	0.8149
7354.700	0.8056
7355.600	0.7880
7356.500	0.7826
7357.400	0.7996
7358.300	0.8167
7359.200	0.8277
7360.100	0.8274
7361.000	0.8169
7361.900	0.8037
7362.800	0.7934
7363.700	0.7908
7364.600	0.7931
7365.500	0.7962
7366.400	0.8003
7367.300	0.8077
7368.200	0.8147
7369.100	0.8147
7370.000	0.8125
7370.900	0.8142
7371.800	0.8144
7372.700	0.8110
7373.600	0.8076
7374.500	0.8047
7375.400	0.7998
7376.300	0.7985
7377.200	0.8043
7378.100	0.8100
7379.000	0.8116
7379.900	0.8099
7380.800	0.8051
7381.700	0.8002
7382.600	0.7958
7383.500	0.7931
7384.400	0.7833
7385.300	0.7645
7386.200	0.7481
7387.100	0.7422
7388.000	0.7418
7388.900	0.7414
7389.800	0.7435
7390.700	0.7600
7391.600	0.7765
7392.500	0.7730
7393.400	0.7608
7394.300	0.7637
7395.200	0.7787
7396.100	0.7873
7397.000	0.7889
7397.900	0.7867
7398.800	0.7769
7399.700	0.7607
7400.600	0.7487
7401.500	0.7550
7402.400	0.7731
7403.300	0.7882
7404.200	0.7927
7405.100	0.7854
7406.000	0.7754
7406.900	0.7744
7407.800	0.7717
7408.700	0.7552
7409.600	0.7399
7410.500	0.7399
7411.400	0.7493
7412.300	0.6248
7413.200	0.1449
7414.100	0.0030
7415.000	0.0000
7415.900	0.0000
7416.800	0.0000
7417.700	0.0000
7418.600	0.0000
7419.500	0.0000
7420.400	0.0000
7421.300	0.0000
7422.200	0.0000
7423.100	0.0000
7424.000	0.0000
7424.900	0.0000
7425.800	0.0000
7426.700	0.0000
7427.600	0.0000
7428.500	0.0000
