3500.000	0.0000
3500.900	0.0000
3501.800	0.0000
3502.700	0.0000
3503.600	0.0000
3504.500	0.0000
3505.400	0.0000
3506.300	0.0000
3507.200	0.0000
3508.100	0.0000
3509.000	0.0000
3509.900	0.0000
3510.800	0.0000
3511.700	0.0000
3512.600	0.0000
3513.500	0.0000
3514.400	0.0000
3515.300	0.0000
3516.200	0.0000
3517.100	0.0000
3518.000	0.0000
3518.900	0.0000
3519.800	0.0000
3520.700	0.0000
3521.600	0.0000
3522.500	0.0000
3523.400	0.0000
3524.300	0.0000
3525.200	0.0000
3526.100	0.0000
3527.000	0.0000
3527.900	0.0000
3528.800	0.0000
3529.700	0.0000
3530.600	0.0000
3531.500	0.0000
3532.400	0.0000
3533.300	0.0000
3534.200	0.0000
3535.100	0.0173
3536.000	0.1768
3536.900	0.1904
3537.800	0.1874
3538.700	0.1955
3539.600	0.2089
3540.500	0.2050
3541.400	0.1890
3542.300	0.1788
3543.200	0.1795
3544.100	0.1862
3545.000	0.1882
3545.900	0.1855
3546.800	0.1791
3547.700	0.1719
3548.600	0.1738
3549.500	0.1851
3550.400	0.1871
3551.300	0.1828
3552.200	0.1729
3553.100	0.1590
3554.000	0.1512
3554.900	0.1571
3555.800	0.1722
3556.700	0.1789
3557.600	0.1722
3558.500	0.1557
3559.400	0.1486
3560.300	0.1540
3561.200	0.1600
3562.100	0.1686
3563.000	0.1775
3563.900	0.1695
3564.800	0.1390
3565.700	0.1077
3566.600	0.1052
3567.500	0.1171
3568.400	0.1212
3569.300	0.1058
3570.200	0.0920
3571.100	0.0838
3572.000	0.0949
3572.900	0.1171
3573.800	0.1393
3574.700	0.1515
3575.600	0.1549
3576.500	0.1575
3577.400	0.1573
3578.300	0.1481
3579.200	0.1255
3580.100	0.1032
3581.000	0.0837
3581.900	0.0655
3582.800	0.0689
3583.700	0.0939
3584.600	0.1109
3585.500	0.0983
3586.400	0.0779
3587.300	0.0761
3588.200	0.0901
3589.100	0.1038
3590.000	0.1106
3590.900	0.1327
3591.800	0.1737
3592.700	0.1903
3593.600	0.1700
3594.500	0.1571
3595.400	0.1717
3596.300	0.1957
3597.200	0.2180
3598.100	0.2219
3599.000	0.2205
3599.900	0.2302
3600.800	0.2462
3601.700	0.2443
3602.600	0.2127
3603.500	0.1839
3604.400	0.1734
3605.300	0.1613
3606.200	0.1507
3607.100	0.1675
3608.000	0.1815
3608.900	0.1483
3609.800	0.1037
3610.700	0.1039
3611.600	0.1399
3612.500	0.1706
3613.400	0.1703
3614.300	0.1625
3615.200	0.1832
3616.100	0.2113
3617.000	0.2178
3617.900	0.1856
3618.800	0.1304
3619.700	0.0891
3620.600	0.1060
3621.500	0.1568
3622.400	0.2002
3623.300	0.2259
3624.200	0.2206
3625.100	0.2002
3626.000	0.2146
3626.900	0.2502
3627.800	0.2640
3628.700	0.2559
3629.600	0.2475
3630.500	0.2133
3631.400	0.1480
3632.300	0.1087
3633.200	0.1228
3634.100	0.1473
3635.000	0.1543
3635.900	0.1594
3636.800	0.1751
3637.700	0.1907
3638.600	0.2057
3639.500	0.2276
3640.400	0.2485
3641.300	0.2554
3642.200	0.2347
3643.100	0.2063
3644.000	0.1966
3644.900	0.1896
3645.800	0.1754
3646.700	0.1675
3647.600	0.1521
3648.500	0.1329
3649.400	0.1391
3650.300	0.1575
3651.200	0.1748
3652.100	0.1921
3653.000	0.2147
3653.900	0.2315
3654.800	0.2339
3655.700	0.2288
3656.600	0.2361
3657.500	0.2567
3658.400	0.2640
3659.300	0.2711
3660.200	0.2684
3661.100	0.2576
3662.000	0.2586
3662.900	0.2521
3663.800	0.2300
3664.700	0.2167
3665.600	0.2365
3666.500	0.2526
3667.400	0.2399
3668.300	0.2378
3669.200	0.2265
3670.100	0.2038
3671.000	0.2093
3671.900	0.2392
3672.800	0.2613
3673.700	0.2611
3674.600	0.2495
3675.500	0.2538
3676.400	0.2646
3677.300	0.2435
3678.200	0.2145
3679.100	0.2084
3680.000	0.1889
3680.900	0.1747
3681.800	0.2057
3682.700	0.2301
3683.600	0.2346
3684.500	0.2357
3685.400	0.2180
3686.300	0.1906
3687.200	0.1715
3688.100	0.1531
3689.000	0.1611
3689.900	0.2000
3690.800	0.2405
3691.700	0.2715
3692.600	0.2763
3693.500	0.2484
3694.400	0.2163
3695.300	0.2161
3696.200	0.2338
3697.100	0.2358
3698.000	0.2399
3698.900	0.2624
3699.800	0.2923
3700.700	0.3033
3701.600	0.2916
3702.500	0.2760
3703.400	0.2530
3704.300	0.2095
3705.200	0.1648
3706.100	0.1459
3707.000	0.1586
3707.900	0.1699
3708.800	0.1566
3709.700	0.1452
3710.600	0.1716
3711.500	0.2198
3712.400	0.2508
3713.300	0.2788
3714.200	0.3108
3715.100	0.3172
3716.000	0.2916
3716.900	0.2692
3717.800	0.2544
3718.700	0.2123
3719.600	0.1470
3720.500	0.0965
3721.400	0.0850
3722.300	0.0951
3723.200	0.1236
3724.100	0.1715
3725.000	0.2104
3725.900	0.2384
3726.800	0.2414
3727.700	0.1943
3728.600	0.1671
3729.500	0.1993
3730.400	0.2188
3731.300	0.2027
3732.200	0.1885
3733.100	0.1631
3734.000	0.1155
3734.900	0.0784
3735.800	0.0668
3736.700	0.0752
3737.600	0.0844
3738.500	0.1118
3739.400	0.1577
3740.300	0.1976
3741.200	0.2274
3742.100	0.2230
3743.000	0.1957
3743.900	0.1628
3744.800	0.1438
3745.700	0.1265
3746.600	0.1097
3747.500	0.1179
3748.400	0.1120
3749.300	0.0824
3750.200	0.0780
3751.100	0.1204
3752.000	0.1826
3752.900	0.2162
3753.800	0.2269
3754.700	0.2541
3755.600	0.2805
3756.500	0.2791
3757.400	0.2301
3758.300	0.1543
3759.200	0.1112
3760.100	0.1311
3761.000	0.1697
3761.900	0.1920
3762.800	0.1991
3763.700	0.1840
3764.600	0.1726
3765.500	0.2016
3766.400	0.2135
3767.300	0.1808
3768.200	0.1695
3769.100	0.2150
3770.000	0.2633
3770.900	0.2719
3771.800	0.2715
3772.700	0.2876
3773.600	0.3020
3774.500	0.2953
3775.400	0.2743
3776.300	0.2585
3777.200	0.2567
3778.100	0.2559
3779.000	0.2554
3779.900	0.2749
3780.800	0.2988
3781.700	0.3018
3782.600	0.2940
3783.500	0.2924
3784.400	0.3005
3785.300	0.3026
3786.200	0.2599
3787.100	0.2086
3788.000	0.1862
3788.900	0.1751
3789.800	0.1641
3790.700	0.1668
3791.600	0.1993
3792.500	0.2261
3793.400	0.2148
3794.300	0.1895
3795.200	0.1697
3796.100	0.1677
3797.000	0.1843
3797.900	0.1754
3798.800	0.1469
3799.700	0.1373
3800.600	0.1717
3801.500	0.2201
3802.400	0.2348
3803.300	0.2576
3804.200	0.2773
3805.100	0.2823
3806.000	0.2711
3806.900	0.2373
3807.800	0.2043
3808.700	0.2080
3809.600	0.2384
3810.500	0.2630
3811.400	0.2662
3812.300	0.2524
3813.200	0.2277
3814.100	0.1947
3815.000	0.1754
3815.900	0.1544
3816.800	0.1384
3817.700	0.1554
3818.600	0.1731
3819.500	0.1501
3820.400	0.1031
3821.300	0.0816
3822.200	0.1101
3823.100	0.1472
3824.000	0.1458
3824.900	0.1143
3825.800	0.0886
3826.700	0.0834
3827.600	0.0982
3828.500	0.1142
3829.400	0.1255
3830.300	0.1406
3831.200	0.1526
3832.100	0.1399
3833.000	0.1099
3833.900	0.0954
3834.800	0.1034
3835.700	0.1307
3836.600	0.1607
3837.500	0.1619
3838.400	0.1344
3839.300	0.1097
3840.200	0.1026
3841.100	0.1015
3842.000	0.1241
3842.900	0.1744
3843.800	0.2088
3844.700	0.2169
3845.600	0.2134
3846.500	0.2039
3847.400	0.2042
3848.300	0.2100
3849.200	0.1948
3850.100	0.1614
3851.000	0.1481
3851.900	0.1744
3852.800	0.2003
3853.700	0.1955
3854.600	0.1834
3855.500	0.1765
3856.400	0.1588
3857.300	0.1476
3858.200	0.1482
3859.100	0.1290
3860.000	0.1013
3860.900	0.0967
3861.800	0.1286
3862.700	0.1777
3863.600	0.2034
3864.500	0.1974
3865.400	0.1807
3866.300	0.1702
3867.200	0.1767
3868.100	0.1774
3869.000	0.1713
3869.900	0.1623
3870.800	0.1456
3871.700	0.1286
3872.600	0.1214
3873.500	0.1319
3874.400	0.1671
3875.300	0.2041
3876.200	0.2096
3877.100	0.1854
3878.000	0.1502
3878.900	0.1291
3879.800	0.1507
3880.700	0.1726
3881.600	0.1568
3882.500	0.1381
3883.400	0.1564
3884.300	0.2165
3885.200	0.2326
3886.100	0.1803
3887.000	0.1373
3887.900	0.1519
3888.800	0.1854
3889.700	0.1950
3890.600	0.2190
3891.500	0.2512
3892.400	0.2792
3893.300	0.2884
3894.200	0.2742
3895.100	0.2497
3896.000	0.2244
3896.900	0.2377
3897.800	0.2670
3898.700	0.2544
3899.600	0.2300
3900.500	0.2247
3901.400	0.2473
3902.300	0.2642
3903.200	0.2458
3904.100	0.2430
3905.000	0.2483
3905.900	0.2179
3906.800	0.1924
3907.700	0.2154
3908.600	0.2556
3909.500	0.2830
3910.400	0.2869
3911.300	0.2847
3912.200	0.2988
3913.100	0.3068
3914.000	0.2959
3914.900	0.2836
3915.800	0.2756
3916.700	0.2612
3917.600	0.2568
3918.500	0.2611
3919.400	0.2478
3920.300	0.2152
3921.200	0.1808
3922.100	0.1692
3923.000	0.1755
3923.900	0.1862
3924.800	0.1991
3925.700	0.1946
3926.600	0.1765
3927.500	0.1546
3928.400	0.1251
3929.300	0.0998
3930.200	0.0821
3931.100	0.0663
3932.000	0.0531
3932.900	0.0433
3933.800	0.0376
3934.700	0.0358
3935.600	0.0418
3936.500	0.0577
3937.400	0.0767
3938.300	0.0965
3939.200	0.1199
3940.100	0.1424
3941.000	0.1540
3941.900	0.1587
3942.800	0.1644
3943.700	0.1591
3944.600	0.1494
3945.500	0.1755
3946.400	0.2328
3947.300	0.2623
3948.200	0.2465
3949.100	0.2390
3950.000	0.2681
3950.900	0.3073
3951.800	0.3111
3952.700	0.2759
3953.600	0.2641
3954.500	0.3127
3955.400	0.3425
3956.300	0.3111
3957.200	0.2740
3958.100	0.2675
3959.000	0.2789
3959.900	0.2883
3960.800	0.2541
3961.700	0.1853
3962.600	0.1386
3963.500	0.1376
3964.400	0.1372
3965.300	0.1219
3966.200	0.0986
3967.100	0.0728
3968.000	0.0507
3968.900	0.0419
3969.800	0.0463
3970.700	0.0609
3971.600	0.0818
3972.500	0.1055
3973.400	0.1311
3974.300	0.1573
3975.200	0.1880
3976.100	0.2207
3977.000	0.2443
3977.900	0.2642
3978.800	0.2891
3979.700	0.3143
3980.600	0.3398
3981.500	0.3403
3982.400	0.3177
3983.300	0.3096
3984.200	0.3202
3985.100	0.3404
3986.000	0.3648
3986.900	0.3738
3987.800	0.3824
3988.700	0.3993
3989.600	0.3903
3990.500	0.3643
3991.400	0.3707
3992.300	0.3978
3993.200	0.4117
3994.100	0.4073
3995.000	0.3870
3995.900	0.3719
3996.800	0.3660
3997.700	0.3561
3998.600	0.3551
3999.500	0.3855
4000.400	0.4237
4001.300	0.4353
4002.200	0.4436
4003.100	0.4632
4004.000	0.4594
4004.900	0.4017
4005.800	0.3270
4006.700	0.3196
4007.600	0.3691
4008.500	0.4108
4009.400	0.4253
4010.300	0.4305
4011.200	0.4353
4012.100	0.4336
4013.000	0.4315
4013.900	0.4348
4014.800	0.4404
4015.700	0.4603
4016.600	0.4722
4017.500	0.4489
4018.400	0.4315
4019.300	0.4486
4020.200	0.4589
4021.100	0.4460
4022.000	0.4388
4022.900	0.4393
4023.800	0.4324
4024.700	0.4116
4025.600	0.4121
4026.500	0.4486
4027.400	0.4818
4028.300	0.5069
4029.200	0.5213
4030.100	0.4844
4031.000	0.4044
4031.900	0.3639
4032.800	0.3613
4033.700	0.3542
4034.600	0.3629
4035.500	0.3908
4036.400	0.4350
4037.300	0.4876
4038.200	0.5266
4039.100	0.5307
4040.000	0.5036
4040.900	0.4671
4041.800	0.4621
4042.700	0.4876
4043.600	0.4802
4044.500	0.4071
4045.400	0.3096
4046.300	0.2612
4047.200	0.3174
4048.100	0.4223
4049.000	0.4729
4049.900	0.4770
4050.800	0.4908
4051.700	0.5018
4052.600	0.4871
4053.500	0.4681
4054.400	0.4494
4055.300	0.4291
4056.200	0.4304
4057.100	0.4344
4058.000	0.4062
4058.900	0.3910
4059.800	0.4240
4060.700	0.4778
4061.600	0.5074
4062.500	0.4672
4063.400	0.3674
4064.300	0.3037
4065.200	0.3483
4066.100	0.4235
4067.000	0.4293
4067.900	0.4221
4068.800	0.4662
4069.700	0.5185
4070.600	0.5131
4071.500	0.4440
4072.400	0.3916
4073.300	0.4299
4074.200	0.4932
4075.100	0.4904
4076.000	0.4322
4076.900	0.3617
4077.800	0.3237
4078.700	0.3499
4079.600	0.4140
4080.500	0.4765
4081.400	0.5279
4082.300	0.5423
4083.200	0.5055
4084.100	0.4702
4085.000	0.4653
4085.900	0.4711
4086.800	0.4933
4087.700	0.5429
4088.600	0.5941
4089.500	0.6114
4090.400	0.5959
4091.300	0.5721
4092.200	0.5470
4093.100	0.5367
4094.000	0.5612
4094.900	0.5639
4095.800	0.4996
4096.700	0.4357
4097.600	0.4313
4098.500	0.4602
4099.400	0.4734
4100.300	0.4449
4101.200	0.3830
4102.100	0.3534
4103.000	0.3885
4103.900	0.4334
4104.800	0.4553
4105.700	0.4824
4106.600	0.5173
4107.500	0.5292
4108.400	0.5256
4109.300	0.5100
4110.200	0.4780
4111.100	0.4497
4112.000	0.4434
4112.900	0.4615
4113.800	0.4972
4114.700	0.5212
4115.600	0.5210
4116.500	0.5182
4117.400	0.5184
4118.300	0.4925
4119.200	0.4478
4120.100	0.4501
4121.000	0.4847
4121.900	0.4931
4122.800	0.4787
4123.700	0.4740
4124.600	0.5003
4125.500	0.5373
4126.400	0.5388
4127.300	0.5178
4128.200	0.4877
4129.100	0.4655
4130.000	0.4584
4130.900	0.4538
4131.800	0.4399
4132.700	0.4063
4133.600	0.3967
4134.500	0.4041
4135.400	0.4327
4136.300	0.4941
4137.200	0.5201
4138.100	0.5137
4139.000	0.5265
4139.900	0.5383
4140.800	0.5287
4141.700	0.4883
4142.600	0.3936
4143.500	0.2986
4144.400	0.2912
4145.300	0.3694
4146.200	0.4521
4147.100	0.4912
4148.000	0.5065
4148.900	0.4967
4149.800	0.4651
4150.700	0.4481
4151.600	0.4638
4152.500	0.4722
4153.400	0.4677
4154.300	0.4638
4155.200	0.4586
4156.100	0.4605
4157.000	0.4650
4157.900	0.4903
4158.800	0.5203
4159.700	0.5257
4160.600	0.5192
4161.500	0.5122
4162.400	0.5246
4163.300	0.5484
4164.200	0.5355
4165.100	0.4963
4166.000	0.4864
4166.900	0.4912
4167.800	0.4725
4168.700	0.4628
4169.600	0.4866
4170.500	0.5085
4171.400	0.4905
4172.300	0.4221
4173.200	0.3658
4174.100	0.3734
4175.000	0.4142
4175.900	0.4494
4176.800	0.4650
4177.700	0.4551
4178.600	0.4466
4179.500	0.4739
4180.400	0.5067
4181.300	0.5004
4182.200	0.4696
4183.100	0.4593
4184.000	0.4794
4184.900	0.5116
4185.800	0.5325
4186.700	0.5077
4187.600	0.4607
4188.500	0.4583
4189.400	0.4901
4190.300	0.4956
4191.200	0.4721
4192.100	0.4730
4193.000	0.5208
4193.900	0.5596
4194.800	0.5407
4195.700	0.4901
4196.600	0.4518
4197.500	0.4344
4198.400	0.4180
4199.300	0.4117
4200.200	0.4284
4201.100	0.4324
4202.000	0.4135
4202.900	0.4161
4203.800	0.4475
4204.700	0.4636
4205.600	0.4661
4206.500	0.4882
4207.400	0.5258
4208.300	0.5575
4209.200	0.5575
4210.100	0.5288
4211.000	0.5149
4211.900	0.5294
4212.800	0.5416
4213.700	0.5313
4214.600	0.5010
4215.500	0.4498
4216.400	0.4298
4217.300	0.4873
4218.200	0.5561
4219.100	0.5847
4220.000	0.5985
4220.900	0.6174
4221.800	0.6154
4222.700	0.5692
4223.600	0.5041
4224.500	0.4440
4225.400	0.3639
4226.300	0.2563
4227.200	0.1967
4228.100	0.2708
4229.000	0.4252
4229.900	0.5194
4230.800	0.5484
4231.700	0.5693
4232.600	0.5567
4233.500	0.5171
4234.400	0.5081
4235.300	0.5102
4236.200	0.4735
4237.100	0.4479
4238.000	0.4702
4238.900	0.4975
4239.800	0.5029
4240.700	0.5132
4241.600	0.5468
4242.500	0.5568
4243.400	0.5450
4244.300	0.5789
4245.200	0.6274
4246.100	0.6163
4247.000	0.5651
4247.900	0.5165
4248.800	0.4874
4249.700	0.4700
4250.600	0.4475
4251.500	0.4587
4252.400	0.5074
4253.300	0.5258
4254.200	0.4908
4255.100	0.4535
4256.000	0.4719
4256.900	0.5390
4257.800	0.5800
4258.700	0.5389
4259.600	0.4726
4260.500	0.4311
4261.400	0.4272
4262.300	0.4801
4263.200	0.5538
4264.100	0.5949
4265.000	0.6042
4265.900	0.6183
4266.800	0.6192
4267.700	0.5753
4268.600	0.5335
4269.500	0.5248
4270.400	0.4948
4271.300	0.4184
4272.200	0.3626
4273.100	0.3885
4274.000	0.4266
4274.900	0.4192
4275.800	0.4395
4276.700	0.5130
4277.600	0.5778
4278.500	0.6055
4279.400	0.5816
4280.300	0.5126
4281.200	0.4766
4282.100	0.5010
4283.000	0.5327
4283.900	0.5510
4284.800	0.5363
4285.700	0.4870
4286.600	0.4645
4287.500	0.4869
4288.400	0.4944
4289.300	0.4474
4290.200	0.3937
4291.100	0.3988
4292.000	0.4555
4292.900	0.5201
4293.800	0.5439
4294.700	0.5175
4295.600	0.4992
4296.500	0.4972
4297.400	0.4752
4298.300	0.4325
4299.200	0.3725
4300.100	0.3222
4301.000	0.3294
4301.900	0.3638
4302.800	0.3710
4303.700	0.3699
4304.600	0.3813
4305.500	0.3819
4306.400	0.3687
4307.300	0.3432
4308.200	0.3032
4309.100	0.2853
4310.000	0.3077
4310.900	0.3424
4311.800	0.3737
4312.700	0.4090
4313.600	0.4486
4314.500	0.4819
4315.400	0.5470
4316.300	0.6625
4317.200	0.7445
4318.100	0.7516
4319.000	0.7332
4319.900	0.7175
4320.800	0.6885
4321.700	0.6551
4322.600	0.6187
4323.500	0.5446
4324.400	0.4568
4325.300	0.3894
4326.200	0.3777
4327.100	0.4640
4328.000	0.5963
4328.900	0.6783
4329.800	0.6777
4330.700	0.6438
4331.600	0.6454
4332.500	0.6735
4333.400	0.6827
4334.300	0.6850
4335.200	0.7144
4336.100	0.7372
4337.000	0.6755
4337.900	0.5693
4338.800	0.5134
4339.700	0.4835
4340.600	0.4515
4341.500	0.4831
4342.400	0.5793
4343.300	0.6335
4344.200	0.6338
4345.100	0.6625
4346.000	0.6946
4346.900	0.6689
4347.800	0.6438
4348.700	0.6825
4349.600	0.7317
4350.500	0.6923
4351.400	0.5719
4352.300	0.4915
4353.200	0.5222
4354.100	0.5950
4355.000	0.6166
4355.900	0.6215
4356.800	0.6605
4357.700	0.6885
4358.600	0.6493
4359.500	0.5964
4360.400	0.6041
4361.300	0.6576
4362.200	0.6943
4363.100	0.6835
4364.000	0.6790
4364.900	0.7235
4365.800	0.7487
4366.700	0.6982
4367.600	0.6264
4368.500	0.6044
4369.400	0.6338
4370.300	0.6511
4371.200	0.6493
4372.100	0.6502
4373.000	0.6331
4373.900	0.5830
4374.800	0.5305
4375.700	0.5195
4376.600	0.5707
4377.500	0.6474
4378.400	0.6902
4379.300	0.6853
4380.200	0.6619
4381.100	0.6490
4382.000	0.6183
4382.900	0.5017
4383.800	0.3592
4384.700	0.3356
4385.600	0.4454
4386.500	0.5791
4387.400	0.6322
4388.300	0.6228
4389.200	0.6017
4390.100	0.5746
4391.000	0.5613
4391.900	0.5869
4392.800	0.6310
4393.700	0.6401
4394.600	0.6067
4395.500	0.5892
4396.400	0.6369
4397.300	0.7066
4398.200	0.7218
4399.100	0.6824
4400.000	0.6234
4400.900	0.5861
4401.800	0.6247
4402.700	0.6919
4403.600	0.6588
4404.500	0.5325
4405.400	0.4731
4406.300	0.5391
4407.200	0.5977
4408.100	0.5746
4409.000	0.5539
4409.900	0.6106
4410.800	0.6941
4411.700	0.7335
4412.600	0.7462
4413.500	0.7436
4414.400	0.6826
4415.300	0.5963
4416.200	0.5794
4417.100	0.6244
4418.000	0.6695
4418.900	0.7131
4419.800	0.7441
4420.700	0.7265
4421.600	0.6728
4422.500	0.6323
4423.400	0.6380
4424.300	0.6730
4425.200	0.6926
4426.100	0.6838
4427.000	0.6734
4427.900	0.6845
4428.800	0.6984
4429.700	0.6722
4430.600	0.6353
4431.500	0.6585
4432.400	0.7084
4433.300	0.7039
4434.200	0.6448
4435.100	0.5841
4436.000	0.5784
4436.900	0.6406
4437.800	0.7193
4438.700	0.7745
4439.600	0.7899
4440.500	0.7551
4441.400	0.6959
4442.300	0.6450
4443.200	0.6205
4444.100	0.6383
4445.000	0.6998
4445.900	0.7615
4446.800	0.7701
4447.700	0.7529
4448.600	0.7606
4449.500	0.7544
4450.400	0.7212
4451.300	0.7154
4452.200	0.7337
4453.100	0.7288
4454.000	0.6898
4454.900	0.6349
4455.800	0.6159
4456.700	0.6427
4457.600	0.6638
4458.500	0.6567
4459.400	0.6374
4460.300	0.6234
4461.200	0.6002
4462.100	0.5795
4463.000	0.6193
4463.900	0.6906
4464.800	0.7185
4465.700	0.7174
4466.600	0.7180
4467.500	0.7216
4468.400	0.7070
4469.300	0.6753
4470.200	0.6708
4471.100	0.6942
4472.000	0.7238
4472.900	0.7616
4473.800	0.8019
4474.700	0.8132
4475.600	0.8062
4476.500	0.8261
4477.400	0.8638
4478.300	0.8663
4479.200	0.8194
4480.100	0.7547
4481.000	0.7117
4481.900	0.6928
4482.800	0.7092
4483.700	0.7669
4484.600	0.8191
4485.500	0.8515
4486.400	0.8655
4487.300	0.8458
4488.200	0.7907
4489.100	0.7297
4490.000	0.7034
4490.900	0.7366
4491.800	0.7931
4492.700	0.8207
4493.600	0.7931
4494.500	0.7312
4495.400	0.6909
4496.300	0.6833
4497.200	0.7196
4498.100	0.7869
4499.000	0.8319
4499.900	0.8417
4500.800	0.8128
4501.700	0.7789
4502.600	0.8106
4503.500	0.8840
4504.400	0.9209
4505.300	0.9142
4506.200	0.8920
4507.100	0.8626
4508.000	0.8551
4508.900	0.8674
4509.800	0.8838
4510.700	0.8911
4511.600	0.8754
4512.500	0.8425
4513.400	0.8168
4514.300	0.8050
4515.200	0.8082
4516.100	0.8288
4517.000	0.8287
4517.900	0.7893
4518.800	0.7757
4519.700	0.8153
4520.600	0.8612
4521.500	0.8804
4522.400	0.8311
4523.300	0.7722
4524.200	0.7780
4525.100	0.7811
4526.000	0.7470
4526.900	0.7015
4527.800	0.6692
4528.700	0.6605
4529.600	0.6757
4530.500	0.6998
4531.400	0.7238
4532.300	0.7646
4533.200	0.7621
4534.100	0.7106
4535.000	0.6679
4535.900	0.6672
4536.800	0.7488
4537.700	0.8509
4538.600	0.8719
4539.500	0.8362
4540.400	0.7949
4541.300	0.7768
4542.200	0.7993
4543.100	0.8262
4544.000	0.8112
4544.900	0.7663
4545.800	0.7574
4546.700	0.7873
4547.600	0.8064
4548.500	0.7924
4549.400	0.7581
4550.300	0.7641
4551.200	0.8100
4552.100	0.8141
4553.000	0.7863
4553.900	0.7659
4554.800	0.7477
4555.700	0.7576
4556.600	0.8072
4557.500	0.8646
4558.400	0.8867
4559.300	0.8778
4560.200	0.8607
4561.100	0.8583
4562.000	0.8639
4562.900	0.8359
4563.800	0.7833
4564.700	0.7491
4565.600	0.7497
4566.500	0.7928
4567.400	0.8575
4568.300	0.8867
4569.200	0.8806
4570.100	0.8600
4571.000	0.8026
4571.900	0.7581
4572.800	0.8032
4573.700	0.8711
4574.600	0.8775
4575.500	0.8607
4576.400	0.8649
4577.300	0.8701
4578.200	0.8544
4579.100	0.8110
4580.000	0.7567
4580.900	0.7353
4581.800	0.7674
4582.700	0.8089
4583.600	0.8176
4584.500	0.8083
4585.400	0.7943
4586.300	0.7817
4587.200	0.8065
4588.100	0.8567
4589.000	0.8871
4589.900	0.8868
4590.800	0.8622
4591.700	0.8278
4592.600	0.8051
4593.500	0.7967
4594.400	0.7886
4595.300	0.7855
4596.200	0.7955
4597.100	0.8075
4598.000	0.8210
4598.900	0.8381
4599.800	0.8256
4600.700	0.7918
4601.600	0.7941
4602.500	0.8176
4603.400	0.8277
4604.300	0.8291
4605.200	0.8244
4606.100	0.8229
4607.000	0.8431
4607.900	0.8875
4608.800	0.9289
4609.700	0.9366
4610.600	0.9121
4611.500	0.8842
4612.400	0.8680
4613.300	0.8540
4614.200	0.8649
4615.100	0.8881
4616.000	0.8852
4616.900	0.8852
4617.800	0.8968
4618.700	0.8787
4619.600	0.8529
4620.500	0.8704
4621.400	0.8981
4622.300	0.8963
4623.200	0.8947
4624.100	0.9057
4625.000	0.9011
4625.900	0.8909
4626.800	0.8990
4627.700	0.9105
4628.600	0.8941
4629.500	0.8683
4630.400	0.8841
4631.300	0.9256
4632.200	0.9230
4633.100	0.8769
4634.000	0.8519
4634.900	0.8534
4635.800	0.8556
4636.700	0.8490
4637.600	0.8339
4638.500	0.8221
4639.400	0.8083
4640.300	0.8138
4641.200	0.8611
4642.100	0.9071
4643.000	0.9115
4643.900	0.8956
4644.800	0.8710
4645.700	0.8202
4646.600	0.7735
4647.500	0.7672
4648.400	0.7938
4649.300	0.8312
4650.200	0.8651
4651.100	0.8808
4652.000	0.8832
4652.900	0.8894
4653.800	0.8670
4654.700	0.8185
4655.600	0.7935
4656.500	0.7948
4657.400	0.8353
4658.300	0.9063
4659.200	0.9662
4660.100	0.9846
4661.000	0.9576
4661.900	0.9041
4662.800	0.8542
4663.700	0.8389
4664.600	0.8608
4665.500	0.8606
4666.400	0.7988
4667.300	0.7172
4668.200	0.6978
4669.100	0.7466
4670.000	0.8058
4670.900	0.8619
4671.800	0.8987
4672.700	0.8920
4673.600	0.8661
4674.500	0.8520
4675.400	0.8688
4676.300	0.9107
4677.200	0.9260
4678.100	0.9048
4679.000	0.8688
4679.900	0.8352
4680.800	0.8079
4681.700	0.7982
4682.600	0.8200
4683.500	0.8694
4684.400	0.8940
4685.300	0.8890
4686.200	0.8741
4687.100	0.8503
4688.000	0.8385
4688.900	0.8585
4689.800	0.8684
4690.700	0.8512
4691.600	0.8457
4692.500	0.8691
4693.400	0.8848
4694.300	0.8983
4695.200	0.9306
4696.100	0.9543
4697.000	0.9343
4697.900	0.8681
4698.800	0.8115
4699.700	0.8243
4700.600	0.8556
4701.500	0.8599
4702.400	0.8433
4703.300	0.8259
4704.200	0.8428
4705.100	0.8704
4706.000	0.8737
4706.900	0.8498
4707.800	0.8198
4708.700	0.8011
4709.600	0.7945
4710.500	0.8319
4711.400	0.8950
4712.300	0.9209
4713.200	0.9054
4714.100	0.8618
4715.000	0.8346
4715.900	0.8662
4716.800	0.9163
4717.700	0.9359
4718.600	0.9372
4719.500	0.9433
4720.400	0.9466
4721.300	0.9357
4722.200	0.9112
4723.100	0.9016
4724.000	0.9286
4724.900	0.9619
4725.800	0.9596
4726.700	0.8982
4727.600	0.8198
4728.500	0.7916
4729.400	0.8116
4730.300	0.8324
4731.200	0.8420
4732.100	0.8558
4733.000	0.8706
4733.900	0.8811
4734.800	0.9051
4735.700	0.9118
4736.600	0.8796
4737.500	0.8712
4738.400	0.9048
4739.300	0.9179
4740.200	0.8919
4741.100	0.8695
4742.000	0.8788
4742.900	0.9055
4743.800	0.9198
4744.700	0.9131
4745.600	0.9131
4746.500	0.9386
4747.400	0.9575
4748.300	0.9530
4749.200	0.9452
4750.100	0.9450
4751.000	0.9478
4751.900	0.9387
4752.800	0.9269
4753.700	0.9154
4754.600	0.9068
4755.500	0.9072
4756.400	0.9037
4757.300	0.8976
4758.200	0.8938
4759.100	0.9013
4760.000	0.9265
4760.900	0.9335
4761.800	0.8956
4762.700	0.8576
4763.600	0.8530
4764.500	0.8542
4765.400	0.8414
4766.300	0.8359
4767.200	0.8588
4768.100	0.8895
4769.000	0.9208
4769.900	0.9470
4770.800	0.9339
4771.700	0.8997
4772.600	0.8918
4773.500	0.9225
4774.400	0.9633
4775.300	0.9717
4776.200	0.9547
4777.100	0.9523
4778.000	0.9571
4778.900	0.9420
4779.800	0.9209
4780.700	0.9140
4781.600	0.9091
4782.500	0.8918
4783.400	0.8815
4784.300	0.9007
4785.200	0.9090
4786.100	0.8758
4787.000	0.8634
4787.900	0.8854
4788.800	0.8846
4789.700	0.8724
4790.600	0.8863
4791.500	0.9016
4792.400	0.9110
4793.300	0.9439
4794.200	0.9834
4795.100	0.9939
4796.000	0.9772
4796.900	0.9523
4797.800	0.9206
4798.700	0.8857
4799.600	0.8730
4800.500	0.8950
4801.400	0.9400
4802.300	0.9792
4803.200	0.9889
4804.100	0.9663
4805.000	0.9345
4805.900	0.9229
4806.800	0.9152
4807.700	0.8994
4808.600	0.9058
4809.500	0.9345
4810.400	0.9524
4811.300	0.9513
4812.200	0.9478
4813.100	0.9465
4814.000	0.9471
4814.900	0.9494
4815.800	0.9592
4816.700	0.9796
4817.600	0.9946
4818.500	1.0017
4819.400	1.0002
4820.300	0.9901
4821.200	0.9873
4822.100	0.9733
4823.000	0.9253
4823.900	0.8947
4824.800	0.9202
4825.700	0.9618
4826.600	0.9734
4827.500	0.9542
4828.400	0.9328
4829.300	0.9342
4830.200	0.9442
4831.100	0.9186
4832.000	0.8848
4832.900	0.9028
4833.800	0.9482
4834.700	0.9685
4835.600	0.9606
4836.500	0.9574
4837.400	0.9636
4838.300	0.9459
4839.200	0.9080
4840.100	0.8851
4841.000	0.8995
4841.900	0.9245
4842.800	0.9203
4843.700	0.9179
4844.600	0.9524
4845.500	0.9924
4846.400	1.0014
4847.300	0.9713
4848.200	0.9285
4849.100	0.9288
4850.000	0.9659
4850.900	0.9748
4851.800	0.9647
4852.700	0.9747
4853.600	0.9697
4854.500	0.9156
4855.400	0.8684
4856.300	0.8950
4857.200	0.9534
4858.100	0.9671
4859.000	0.9167
4859.900	0.8105
4860.800	0.6881
4861.700	0.6744
4862.600	0.7831
4863.500	0.8598
4864.400	0.8750
4865.300	0.8947
4866.200	0.9192
4867.100	0.9192
4868.000	0.9104
4868.900	0.9198
4869.800	0.9091
4870.700	0.8502
4871.600	0.8102
4872.500	0.8402
4873.400	0.8919
4874.300	0.9078
4875.200	0.8970
4876.100	0.9048
4877.000	0.9238
4877.900	0.9336
4878.800	0.9655
4879.700	0.9886
4880.600	0.9472
4881.500	0.8934
4882.400	0.9009
4883.300	0.9340
4884.200	0.9242
4885.100	0.8804
4886.000	0.8559
4886.900	0.8721
4887.800	0.8928
4888.700	0.8967
4889.600	0.8851
4890.500	0.8449
4891.400	0.8367
4892.300	0.9031
4893.200	0.9785
4894.100	1.0258
4895.000	1.0514
4895.900	1.0570
4896.800	1.0547
4897.700	1.0508
4898.600	1.0189
4899.500	0.9645
4900.400	0.9525
4901.300	0.9819
4902.200	0.9819
4903.100	0.9517
4904.000	0.9457
4904.900	0.9824
4905.800	1.0271
4906.700	1.0292
4907.600	0.9935
4908.500	0.9527
4909.400	0.9116
4910.300	0.8872
4911.200	0.9020
4912.100	0.9360
4913.000	0.9546
4913.900	0.9678
4914.800	0.9970
4915.700	1.0219
4916.600	1.0123
4917.500	0.9564
4918.400	0.8726
4919.300	0.8026
4920.200	0.7759
4921.100	0.8122
4922.000	0.8874
4922.900	0.9320
4923.800	0.9182
4924.700	0.8913
4925.600	0.9126
4926.500	0.9595
4927.400	0.9771
4928.300	0.9904
4929.200	1.0118
4930.100	1.0173
4931.000	1.0199
4931.900	1.0100
4932.800	0.9510
4933.700	0.8941
4934.600	0.9168
4935.500	0.9619
4936.400	0.9540
4937.300	0.8966
4938.200	0.8372
4939.100	0.8348
4940.000	0.8991
4940.900	0.9668
4941.800	0.9870
4942.700	0.9948
4943.600	1.0152
4944.500	1.0127
4945.400	0.9832
4946.300	0.9787
4947.200	1.0058
4948.100	1.0275
4949.000	1.0352
4949.900	1.0378
4950.800	1.0442
4951.700	1.0361
4952.600	1.0098
4953.500	1.0046
4954.400	1.0201
4955.300	1.0211
4956.200	0.9564
4957.100	0.8430
4958.000	0.8294
4958.900	0.9339
4959.800	1.0236
4960.700	1.0420
4961.600	1.0240
4962.500	1.0218
4963.400	1.0219
4964.300	0.9861
4965.200	0.9389
4966.100	0.9247
4967.000	0.9326
4967.900	0.9341
4968.800	0.9408
4969.700	0.9516
4970.600	0.9604
4971.500	0.9833
4972.400	1.0044
4973.300	1.0187
4974.200	1.0320
4975.100	1.0223
4976.000	0.9996
4976.900	0.9797
4977.800	0.9485
4978.700	0.9331
4979.600	0.9442
4980.500	0.9405
4981.400	0.8919
4982.300	0.8390
4983.200	0.8372
4984.100	0.8688
4985.000	0.8917
4985.900	0.9170
4986.800	0.9578
4987.700	0.9805
4988.600	0.9687
4989.500	0.9483
4990.400	0.9296
4991.300	0.9385
4992.200	0.9739
4993.100	0.9733
4994.000	0.9609
4994.900	0.9818
4995.800	0.9865
4996.700	0.9652
4997.600	0.9571
4998.500	0.9394
4999.400	0.9031
5000.300	0.8911
5001.200	0.9072
5002.100	0.9237
5003.000	0.9319
5003.900	0.9283
5004.800	0.9029
5005.700	0.8648
5006.600	0.8645
5007.500	0.9195
5008.400	0.9706
5009.300	0.9698
5010.200	0.9513
5011.100	0.9229
5012.000	0.8674
5012.900	0.8228
5013.800	0.8040
5014.700	0.8267
5015.600	0.8795
5016.500	0.9080
5017.400	0.9033
5018.300	0.9016
5019.200	0.9184
5020.100	0.9288
5021.000	0.9120
5021.900	0.8779
5022.800	0.8789
5023.700	0.9202
5024.600	0.9407
5025.500	0.9402
5026.400	0.9252
5027.300	0.8958
5028.200	0.9085
5029.100	0.9536
5030.000	0.9758
5030.900	0.9837
5031.800	1.0059
5032.700	1.0331
5033.600	1.0347
5034.500	0.9859
5035.400	0.9092
5036.300	0.8826
5037.200	0.9128
5038.100	0.9123
5039.000	0.8564
5039.900	0.7757
5040.800	0.7173
5041.700	0.7584
5042.600	0.8668
5043.500	0.9368
5044.400	0.9732
5045.300	1.0088
5046.200	1.0296
5047.100	1.0051
5048.000	0.9390
5048.900	0.8885
5049.800	0.8851
5050.700	0.8980
5051.600	0.9039
5052.500	0.9280
5053.400	0.9678
5054.300	1.0000
5055.200	1.0161
5056.100	1.0133
5057.000	1.0070
5057.900	1.0062
5058.800	1.0003
5059.700	0.9952
5060.600	1.0094
5061.500	1.0237
5062.400	1.0140
5063.300	0.9646
5064.200	0.8882
5065.100	0.8589
5066.000	0.8967
5066.900	0.9258
5067.800	0.9176
5068.700	0.9163
5069.600	0.9442
5070.500	0.9570
5071.400	0.9243
5072.300	0.9023
5073.200	0.9354
5074.100	0.9702
5075.000	0.9613
5075.900	0.9425
5076.800	0.9517
5077.700	0.9505
5078.600	0.8833
5079.500	0.8062
5080.400	0.8059
5081.300	0.8520
5082.200	0.8746
5083.100	0.8743
5084.000	0.8925
5084.900	0.9270
5085.800	0.9497
5086.700	0.9480
5087.600	0.9414
5088.500	0.9490
5089.400	0.9632
5090.300	0.9645
5091.200	0.9673
5092.100	0.9886
5093.000	1.0111
5093.900	1.0090
5094.800	0.9807
5095.700	0.9514
5096.600	0.9312
5097.500	0.9037
5098.400	0.8606
5099.300	0.8529
5100.200	0.9027
5101.100	0.9546
5102.000	0.9670
5102.900	0.9493
5103.800	0.9290
5104.700	0.9197
5105.600	0.9136
5106.500	0.8919
5107.400	0.8707
5108.300	0.8824
5109.200	0.8910
5110.100	0.8849
5111.000	0.9048
5111.900	0.9312
5112.800	0.9385
5113.700	0.9526
5114.600	0.9702
5115.500	0.9744
5116.400	0.9853
5117.300	1.0052
5118.200	1.0080
5119.100	0.9900
5120.000	0.9627
5120.900	0.9374
5121.800	0.9078
5122.700	0.8564
5123.600	0.8141
5124.500	0.8272
5125.400	0.8657
5126.300	0.8813
5127.200	0.8741
5128.100	0.8663
5129.000	0.8557
5129.900	0.8589
5130.800	0.8906
5131.700	0.9230
5132.600	0.9358
5133.500	0.9396
5134.400	0.9569
5135.300	0.9680
5136.200	0.9456
5137.100	0.9133
5138.000	0.8860
5138.900	0.8639
5139.800	0.8861
5140.700	0.9175
5141.600	0.8832
5142.500	0.8374
5143.400	0.8591
5144.300	0.8957
5145.200	0.8898
5146.100	0.8707
5147.000	0.8664
5147.900	0.8830
5148.800	0.9063
5149.700	0.9009
5150.600	0.8704
5151.500	0.8474
5152.400	0.8425
5153.300	0.8482
5154.200	0.8674
5155.100	0.9074
5156.000	0.9518
5156.900	0.9855
5157.800	1.0004
5158.700	0.9939
5159.600	0.9914
5160.500	0.9988
5161.400	0.9842
5162.300	0.9561
5163.200	0.9465
5164.100	0.9238
5165.000	0.8449
5165.900	0.7266
5166.800	0.6251
5167.700	0.6085
5168.600	0.6947
5169.500	0.8057
5170.400	0.8177
5171.300	0.6935
5172.200	0.5639
5173.100	0.5847
5174.000	0.7363
5174.900	0.8687
5175.800	0.9153
5176.700	0.9267
5177.600	0.9389
5178.500	0.9405
5179.400	0.9258
5180.300	0.8986
5181.200	0.8338
5182.100	0.7027
5183.000	0.5676
5183.900	0.5691
5184.800	0.7212
5185.700	0.8817
5186.600	0.9585
5187.500	0.9641
5188.400	0.9592
5189.300	0.9845
5190.200	0.9892
5191.100	0.9190
5192.000	0.8420
5192.900	0.8444
5193.800	0.8877
5194.700	0.9028
5195.600	0.9109
5196.500	0.9388
5197.400	0.9649
5198.300	0.9795
5199.200	0.9917
5200.100	0.9947
5201.000	0.9825
5201.900	0.9662
5202.800	0.9520
5203.700	0.9164
5204.600	0.8585
5205.500	0.8278
5206.400	0.8321
5207.300	0.8195
5208.200	0.7867
5209.100	0.7890
5210.000	0.8292
5210.900	0.8901
5211.800	0.9599
5212.700	1.0144
5213.600	1.0309
5214.500	1.0022
5215.400	0.9590
5216.300	0.9411
5217.200	0.9575
5218.100	0.9868
5219.000	1.0047
5219.900	1.0142
5220.800	1.0266
5221.700	1.0223
5222.600	0.9874
5223.500	0.9320
5224.400	0.8753
5225.300	0.8289
5226.200	0.7979
5227.100	0.8239
5228.000	0.9138
5228.900	0.9856
5229.800	1.0107
5230.700	1.0257
5231.600	1.0180
5232.500	0.9774
5233.400	0.9441
5234.300	0.9405
5235.200	0.9681
5236.100	1.0164
5237.000	1.0480
5237.900	1.0439
5238.800	1.0288
5239.700	1.0330
5240.600	1.0510
5241.500	1.0561
5242.400	1.0480
5243.300	1.0512
5244.200	1.0677
5245.100	1.0517
5246.000	0.9769
5246.900	0.9097
5247.800	0.9181
5248.700	0.9506
5249.600	0.9344
5250.500	0.9057
5251.400	0.9203
5252.300	0.9588
5253.200	0.9778
5254.100	0.9558
5255.000	0.9362
5255.900	0.9762
5256.800	1.0454
5257.700	1.0845
5258.600	1.0857
5259.500	1.0647
5260.400	1.0259
5261.300	0.9692
5262.200	0.9115
5263.100	0.8688
5264.000	0.8373
5264.900	0.8099
5265.800	0.8150
5266.700	0.8819
5267.600	0.9210
5268.500	0.8398
5269.400	0.7420
5270.300	0.7806
5271.200	0.9086
5272.100	0.9814
5273.000	0.9831
5273.900	0.9695
5274.800	0.9517
5275.700	0.9586
5276.600	1.0193
5277.500	1.0833
5278.400	1.1004
5279.300	1.0733
5280.200	1.0290
5281.100	0.9907
5282.000	0.9620
5282.900	0.9399
5283.800	0.9471
5284.700	1.0062
5285.600	1.0763
5286.500	1.1046
5287.400	1.0909
5288.300	1.0738
5289.200	1.0818
5290.100	1.1021
5291.000	1.1079
5291.900	1.0917
5292.800	1.0708
5293.700	1.0637
5294.600	1.0548
5295.500	1.0126
5296.400	0.9389
5297.300	0.8790
5298.200	0.8899
5299.100	0.9544
5300.000	0.9912
5300.900	0.9878
5301.800	0.9955
5302.700	1.0337
5303.600	1.0821
5304.500	1.1120
5305.400	1.1123
5306.300	1.0883
5307.200	1.0705
5308.100	1.0840
5309.000	1.1096
5309.900	1.1232
5310.800	1.1225
5311.700	1.1119
5312.600	1.0993
5313.500	1.0953
5314.400	1.0925
5315.300	1.0766
5316.200	1.0580
5317.100	1.0569
5318.000	1.0665
5318.900	1.0693
5319.800	1.0651
5320.700	1.0612
5321.600	1.0571
5322.500	1.0424
5323.400	1.0151
5324.300	1.0056
5325.200	1.0235
5326.100	1.0043
5327.000	0.8976
5327.900	0.7910
5328.800	0.8113
5329.700	0.9269
5330.600	1.0131
5331.500	1.0244
5332.400	1.0084
5333.300	1.0245
5334.200	1.0661
5335.100	1.0862
5336.000	1.0733
5336.900	1.0594
5337.800	1.0593
5338.700	1.0392
5339.600	0.9831
5340.500	0.9460
5341.400	0.9737
5342.300	1.0291
5343.200	1.0646
5344.100	1.0669
5345.000	1.0455
5345.900	1.0350
5346.800	1.0434
5347.700	1.0328
5348.600	1.0056
5349.500	1.0069
5350.400	1.0435
5351.300	1.0768
5352.200	1.0807
5353.100	1.0788
5354.000	1.0988
5354.900	1.1252
5355.800	1.1342
5356.700	1.1315
5357.600	1.1308
5358.500	1.1344
5359.400	1.1324
5360.300	1.1129
5361.200	1.0826
5362.100	1.0671
5363.000	1.0688
5363.900	1.0607
5364.800	1.0451
5365.700	1.0456
5366.600	1.0561
5367.500	1.0623
5368.400	1.0473
5369.300	0.9971
5370.200	0.9358
5371.100	0.9183
5372.000	0.9732
5372.900	1.0563
5373.800	1.1091
5374.700	1.1279
5375.600	1.1232
5376.500	1.1085
5377.400	1.1047
5378.300	1.1068
5379.200	1.0943
5380.100	1.0779
5381.000	1.0732
5381.900	1.0709
5382.800	1.0634
5383.700	1.0664
5384.600	1.0827
5385.500	1.0931
5386.400	1.0924
5387.300	1.0836
5388.200	1.0614
5389.100	1.0325
5390.000	1.0178
5390.900	1.0192
5391.800	1.0232
5392.700	1.0210
5393.600	1.0134
5394.500	1.0053
5395.400	0.9796
5396.300	0.9326
5397.200	0.9291
5398.100	0.9924
5399.000	1.0448
5399.900	1.0463
5400.800	1.0422
5401.700	1.0568
5402.600	1.0492
5403.500	0.9959
5404.400	0.9310
5405.300	0.8990
5406.200	0.9222
5407.100	0.9753
5408.000	0.9985
5408.900	0.9751
5409.800	0.9605
5410.700	0.9953
5411.600	1.0513
5412.500	1.0882
5413.400	1.0928
5414.300	1.0786
5415.200	1.0751
5416.100	1.0919
5417.000	1.1040
5417.900	1.0950
5418.800	1.0700
5419.700	1.0449
5420.600	1.0435
5421.500	1.0699
5422.400	1.0814
5423.300	1.0516
5424.200	1.0240
5425.100	1.0394
5426.000	1.0789
5426.900	1.1048
5427.800	1.0727
5428.700	0.9875
5429.600	0.9484
5430.500	0.9920
5431.400	1.0292
5432.300	1.0145
5433.200	0.9838
5434.100	0.9634
5435.000	0.9612
5435.900	0.9772
5436.800	1.0154
5437.700	1.0682
5438.600	1.1082
5439.500	1.1250
5440.400	1.1260
5441.300	1.1226
5442.200	1.1241
5443.100	1.1194
5444.000	1.0902
5444.900	1.0309
5445.800	0.9589
5446.700	0.9351
5447.600	0.9917
5448.500	1.0686
5449.400	1.1123
5450.300	1.1229
5451.200	1.1168
5452.100	1.1031
5453.000	1.0796
5453.900	1.0342
5454.800	0.9802
5455.700	0.9781
5456.600	1.0398
5457.500	1.1028
5458.400	1.1241
5459.300	1.1086
5460.200	1.0818
5461.100	1.0600
5462.000	1.0357
5462.900	1.0224
5463.800	1.0448
5464.700	1.0775
5465.600	1.0833
5466.500	1.0794
5467.400	1.0871
5468.300	1.0879
5469.200	1.0658
5470.100	1.0428
5471.000	1.0451
5471.900	1.0505
5472.800	1.0345
5473.700	1.0231
5474.600	1.0201
5475.500	0.9812
5476.400	0.9361
5477.300	0.9611
5478.200	1.0360
5479.100	1.0761
5480.000	1.0424
5480.900	0.9862
5481.800	0.9724
5482.700	0.9999
5483.600	1.0470
5484.500	1.0938
5485.400	1.1092
5486.300	1.0807
5487.200	1.0435
5488.100	1.0376
5489.000	1.0460
5489.900	1.0478
5490.800	1.0620
5491.700	1.0794
5492.600	1.0745
5493.500	1.0646
5494.400	1.0752
5495.300	1.0856
5496.200	1.0657
5497.100	1.0429
5498.000	1.0654
5498.900	1.1070
5499.800	1.1058
5500.700	1.0663
5501.600	1.0428
5502.500	1.0506
5503.400	1.0681
5504.300	1.0722
5505.200	1.0417
5506.100	1.0095
5507.000	1.0283
5507.900	1.0737
5508.800	1.0895
5509.700	1.0769
5510.600	1.0504
5511.500	1.0104
5512.400	0.9814
5513.300	0.9820
5514.200	1.0028
5515.100	1.0310
5516.000	1.0535
5516.900	1.0757
5517.800	1.1052
5518.700	1.1257
5519.600	1.1259
5520.500	1.1153
5521.400	1.1051
5522.300	1.0994
5523.200	1.1007
5524.100	1.1001
5525.000	1.0872
5525.900	1.0636
5526.800	1.0280
5527.700	0.9985
5528.600	1.0086
5529.500	1.0500
5530.400	1.0817
5531.300	1.0883
5532.200	1.0828
5533.100	1.0762
5534.000	1.0657
5534.900	1.0579
5535.800	1.0658
5536.700	1.0743
5537.600	1.0747
5538.500	1.0851
5539.400	1.1101
5540.300	1.1300
5541.200	1.1293
5542.100	1.1061
5543.000	1.0820
5543.900	1.0804
5544.800	1.0891
5545.700	1.0885
5546.600	1.0916
5547.500	1.1122
5548.400	1.1331
5549.300	1.1400
5550.200	1.1419
5551.100	1.1403
5552.000	1.1248
5552.900	1.0996
5553.800	1.0821
5554.700	1.0921
5555.600	1.1138
5556.500	1.1155
5557.400	1.1044
5558.300	1.1034
5559.200	1.1088
5560.100	1.1133
5561.000	1.1123
5561.900	1.0920
5562.800	1.0642
5563.700	1.0563
5564.600	1.0590
5565.500	1.0602
5566.400	1.0668
5567.300	1.0762
5568.200	1.0761
5569.100	1.0664
5570.000	1.0734
5570.900	1.0886
5571.800	1.0751
5572.700	1.0623
5573.600	1.0874
5574.500	1.1105
5575.400	1.1016
5576.300	1.0916
5577.200	1.0945
5578.100	1.0922
5579.000	1.0960
5579.900	1.1063
5580.800	1.0983
5581.700	1.0840
5582.600	1.0869
5583.500	1.0930
5584.400	1.0821
5585.300	1.0551
5586.200	1.0180
5587.100	0.9853
5588.000	0.9749
5588.900	0.9849
5589.800	1.0047
5590.700	1.0276
5591.600	1.0383
5592.500	1.0362
5593.400	1.0320
5594.300	1.0393
5595.200	1.0781
5596.100	1.1145
5597.000	1.1004
5597.900	1.0580
5598.800	1.0433
5599.700	1.0513
5600.600	1.0434
5601.500	1.0181
5602.400	1.0034
5603.300	1.0317
5604.200	1.0853
5605.100	1.1255
5606.000	1.1456
5606.900	1.1515
5607.800	1.1511
5608.700	1.1478
5609.600	1.1396
5610.500	1.1372
5611.400	1.1447
5612.300	1.1514
5613.200	1.1347
5614.100	1.0724
5615.000	1.0064
5615.900	1.0137
5616.800	1.0685
5617.700	1.0979
5618.600	1.0927
5619.500	1.0840
5620.400	1.0944
5621.300	1.1150
5622.200	1.1158
5623.100	1.0761
5624.000	1.0265
5624.900	1.0210
5625.800	1.0523
5626.700	1.0765
5627.600	1.0879
5628.500	1.1081
5629.400	1.1354
5630.300	1.1506
5631.200	1.1512
5632.100	1.1442
5633.000	1.1322
5633.900	1.1196
5634.800	1.1095
5635.700	1.0932
5636.600	1.0749
5637.500	1.0677
5638.400	1.0809
5639.300	1.0955
5640.200	1.0820
5641.100	1.0612
5642.000	1.0685
5642.900	1.0852
5643.800	1.0905
5644.700	1.0930
5645.600	1.0904
5646.500	1.0925
5647.400	1.0997
5648.300	1.0958
5649.200	1.0892
5650.100	1.0936
5651.000	1.1089
5651.900	1.1255
5652.800	1.1298
5653.700	1.1163
5654.600	1.0952
5655.500	1.0900
5656.400	1.0757
5657.300	1.0107
5658.200	0.9554
5659.100	0.9884
5660.000	1.0575
5660.900	1.0796
5661.800	1.0540
5662.700	1.0445
5663.600	1.0781
5664.500	1.1176
5665.400	1.1276
5666.300	1.1050
5667.200	1.0753
5668.100	1.0678
5669.000	1.0789
5669.900	1.0846
5670.800	1.0838
5671.700	1.0999
5672.600	1.1281
5673.500	1.1469
5674.400	1.1464
5675.300	1.1378
5676.200	1.1459
5677.100	1.1530
5678.000	1.1407
5678.900	1.1245
5679.800	1.1227
5680.700	1.1180
5681.600	1.0919
5682.500	1.0678
5683.400	1.0674
5684.300	1.0819
5685.200	1.0936
5686.100	1.0785
5687.000	1.0579
5687.900	1.0527
5688.800	1.0672
5689.700	1.0953
5690.600	1.1187
5691.500	1.1313
5692.400	1.1375
5693.300	1.1310
5694.200	1.1232
5695.100	1.1239
5696.000	1.1277
5696.900	1.1197
5697.800	1.0910
5698.700	1.0745
5699.600	1.0751
5700.500	1.0617
5701.400	1.0464
5702.300	1.0503
5703.200	1.0705
5704.100	1.0909
5705.000	1.0851
5705.900	1.0581
5706.800	1.0324
5707.700	1.0070
5708.600	0.9819
5709.500	0.9785
5710.400	0.9913
5711.300	0.9906
5712.200	1.0176
5713.100	1.0751
5714.000	1.1017
5714.900	1.0991
5715.800	1.0988
5716.700	1.0986
5717.600	1.1040
5718.500	1.1251
5719.400	1.1403
5720.300	1.1455
5721.200	1.1527
5722.100	1.1571
5723.000	1.1540
5723.900	1.1488
5724.800	1.1409
5725.700	1.1171
5726.600	1.0828
5727.500	1.0804
5728.400	1.1180
5729.300	1.1398
5730.200	1.1178
5731.100	1.0855
5732.000	1.0879
5732.900	1.1124
5733.800	1.1310
5734.700	1.1418
5735.600	1.1399
5736.500	1.1294
5737.400	1.1230
5738.300	1.1250
5739.200	1.1227
5740.100	1.1220
5741.000	1.1255
5741.900	1.1217
5742.800	1.1134
5743.700	1.1166
5744.600	1.1369
5745.500	1.1564
5746.400	1.1526
5747.300	1.1193
5748.200	1.0952
5749.100	1.1098
5750.000	1.1381
5750.900	1.1487
5751.800	1.1272
5752.700	1.0855
5753.600	1.0533
5754.500	1.0585
5755.400	1.1014
5756.300	1.1407
5757.200	1.1564
5758.100	1.1568
5759.000	1.1456
5759.900	1.1275
5760.800	1.1059
5761.700	1.0835
5762.600	1.0799
5763.500	1.1140
5764.400	1.1559
5765.300	1.1706
5766.200	1.1667
5767.100	1.1624
5768.000	1.1619
5768.900	1.1608
5769.800	1.1592
5770.700	1.1560
5771.600	1.1485
5772.500	1.1432
5773.400	1.1406
5774.300	1.1336
5775.200	1.1331
5776.100	1.1427
5777.000	1.1441
5777.900	1.1333
5778.800	1.1183
5779.700	1.0886
5780.600	1.0447
5781.500	1.0221
5782.400	1.0314
5783.300	1.0468
5784.200	1.0401
5785.100	1.0289
5786.000	1.0493
5786.900	1.0917
5787.800	1.1175
5788.700	1.1284
5789.600	1.1238
5790.500	1.1042
5791.400	1.1008
5792.300	1.1216
5793.200	1.1345
5794.100	1.1406
5795.000	1.1475
5795.900	1.1367
5796.800	1.1069
5797.700	1.0906
5798.600	1.1113
5799.500	1.1476
5800.400	1.1664
5801.300	1.1669
5802.200	1.1582
5803.100	1.1346
5804.000	1.1050
5804.900	1.0966
5805.800	1.1082
5806.700	1.1211
5807.600	1.1259
5808.500	1.1285
5809.400	1.1373
5810.300	1.1484
5811.200	1.1532
5812.100	1.1525
5813.000	1.1502
5813.900	1.1416
5814.800	1.1244
5815.700	1.1096
5816.600	1.1175
5817.500	1.1470
5818.400	1.1693
5819.300	1.1746
5820.200	1.1753
5821.100	1.1709
5822.000	1.1614
5822.900	1.1586
5823.800	1.1618
5824.700	1.1667
5825.600	1.1687
5826.500	1.1668
5827.400	1.1658
5828.300	1.1672
5829.200	1.1706
5830.100	1.1694
5831.000	1.1620
5831.900	1.1551
5832.800	1.1496
5833.700	1.1432
5834.600	1.1408
5835.500	1.1481
5836.400	1.1552
5837.300	1.1492
5838.200	1.1416
5839.100	1.1466
5840.000	1.1606
5840.900	1.1718
5841.800	1.1735
5842.700	1.1755
5843.600	1.1778
5844.500	1.1711
5845.400	1.1556
5846.300	1.1369
5847.200	1.1237
5848.100	1.1251
5849.000	1.1378
5849.900	1.1480
5850.800	1.1445
5851.700	1.1254
5852.600	1.1030
5853.500	1.0993
5854.400	1.1154
5855.300	1.1207
5856.200	1.0982
5857.100	1.0664
5858.000	1.0607
5858.900	1.0874
5859.800	1.1207
5860.700	1.1419
5861.600	1.1393
5862.500	1.1293
5863.400	1.1380
5864.300	1.1511
5865.200	1.1402
5866.100	1.1131
5867.000	1.1070
5867.900	1.1282
5868.800	1.1501
5869.700	1.1648
5870.600	1.1732
5871.500	1.1715
5872.400	1.1644
5873.300	1.1602
5874.200	1.1654
5875.100	1.1702
5876.000	1.1649
5876.900	1.1550
5877.800	1.1451
5878.700	1.1310
5879.600	1.1146
5880.500	1.1134
5881.400	1.1298
5882.300	1.1369
5883.200	1.1214
5884.100	1.1111
5885.000	1.1253
5885.900	1.1426
5886.800	1.1342
5887.700	1.0827
5888.600	0.9735
5889.500	0.8582
5890.400	0.8564
5891.300	0.9628
5892.200	1.0470
5893.100	1.0692
5894.000	1.0505
5894.900	0.9831
5895.800	0.9255
5896.700	0.9640
5897.600	1.0474
5898.500	1.0849
5899.400	1.0957
5900.300	1.1194
5901.200	1.1420
5902.100	1.1438
5903.000	1.1381
5903.900	1.1390
5904.800	1.1396
5905.700	1.1366
5906.600	1.1401
5907.500	1.1476
5908.400	1.1504
5909.300	1.1478
5910.200	1.1478
5911.100	1.1531
5912.000	1.1487
5912.900	1.1253
5913.800	1.0953
5914.700	1.0774
5915.600	1.0729
5916.500	1.0810
5917.400	1.1014
5918.300	1.1203
5919.200	1.1363
5920.100	1.1429
5921.000	1.1331
5921.900	1.1262
5922.800	1.1404
5923.700	1.1611
5924.600	1.1698
5925.500	1.1696
5926.400	1.1627
5927.300	1.1495
5928.200	1.1347
5929.100	1.1173
5930.000	1.1109
5930.900	1.1351
5931.800	1.1639
5932.700	1.1664
5933.600	1.1434
5934.500	1.1191
5935.400	1.1209
5936.300	1.1363
5937.200	1.1366
5938.100	1.1304
5939.000	1.1310
5939.900	1.1229
5940.800	1.1034
5941.700	1.0963
5942.600	1.1076
5943.500	1.1209
5944.400	1.1334
5945.300	1.1479
5946.200	1.1540
5947.100	1.1414
5948.000	1.1167
5948.900	1.1061
5949.800	1.1246
5950.700	1.1455
5951.600	1.1319
5952.500	1.1009
5953.400	1.1008
5954.300	1.1246
5955.200	1.1278
5956.100	1.1078
5957.000	1.1015
5957.900	1.1185
5958.800	1.1400
5959.700	1.1592
5960.600	1.1752
5961.500	1.1786
5962.400	1.1726
5963.300	1.1660
5964.200	1.1525
5965.100	1.1297
5966.000	1.1210
5966.900	1.1403
5967.800	1.1655
5968.700	1.1761
5969.600	1.1763
5970.500	1.1762
5971.400	1.1772
5972.300	1.1760
5973.200	1.1694
5974.100	1.1553
5975.000	1.1352
5975.900	1.1151
5976.800	1.1039
5977.700	1.1075
5978.600	1.1204
5979.500	1.1386
5980.400	1.1543
5981.300	1.1568
5982.200	1.1439
5983.100	1.1148
5984.000	1.0871
5984.900	1.0910
5985.800	1.1183
5986.700	1.1357
5987.600	1.1373
5988.500	1.1413
5989.400	1.1482
5990.300	1.1436
5991.200	1.1300
5992.100	1.1307
5993.000	1.1528
5993.900	1.1730
5994.800	1.1725
5995.700	1.1577
5996.600	1.1389
5997.500	1.1249
5998.400	1.1246
5999.300	1.1365
6000.200	1.1496
6001.100	1.1484
6002.000	1.1315
6002.900	1.1222
6003.800	1.1354
6004.700	1.1479
6005.600	1.1375
6006.500	1.1126
6007.400	1.0914
6008.300	1.0941
6009.200	1.1274
6010.100	1.1600
6011.000	1.1640
6011.900	1.1398
6012.800	1.1122
6013.700	1.1091
6014.600	1.1240
6015.500	1.1283
6016.400	1.1212
6017.300	1.1265
6018.200	1.1346
6019.100	1.1222
6020.000	1.1018
6020.900	1.0969
6021.800	1.1064
6022.700	1.1193
6023.600	1.1273
6024.500	1.1360
6025.400	1.1441
6026.300	1.1418
6027.200	1.1430
6028.100	1.1560
6029.000	1.1645
6029.900	1.1606
6030.800	1.1528
6031.700	1.1533
6032.600	1.1627
6033.500	1.1723
6034.400	1.1777
6035.300	1.1811
6036.200	1.1823
6037.100	1.1805
6038.000	1.1754
6038.900	1.1676
6039.800	1.1609
6040.700	1.1593
6041.600	1.1603
6042.500	1.1673
6043.400	1.1785
6044.300	1.1818
6045.200	1.1805
6046.100	1.1809
6047.000	1.1834
6047.900	1.1821
6048.800	1.1768
6049.700	1.1765
6050.600	1.1778
6051.500	1.1759
6052.400	1.1745
6053.300	1.1708
6054.200	1.1627
6055.100	1.1493
6056.000	1.1366
6056.900	1.1343
6057.800	1.1381
6058.700	1.1447
6059.600	1.1546
6060.500	1.1606
6061.400	1.1576
6062.300	1.1437
6063.200	1.1245
6064.100	1.1008
6065.000	1.0818
6065.900	1.0965
6066.800	1.1397
6067.700	1.1713
6068.600	1.1776
6069.500	1.1778
6070.400	1.1812
6071.300	1.1822
6072.200	1.1806
6073.100	1.1803
6074.000	1.1842
6074.900	1.1856
6075.800	1.1743
6076.700	1.1573
6077.600	1.1400
6078.500	1.1289
6079.400	1.1325
6080.300	1.1339
6081.200	1.1192
6082.100	1.1094
6083.000	1.1188
6083.900	1.1275
6084.800	1.1192
6085.700	1.1144
6086.600	1.1289
6087.500	1.1451
6088.400	1.1395
6089.300	1.1092
6090.200	1.0832
6091.100	1.0851
6092.000	1.1006
6092.900	1.1117
6093.800	1.1268
6094.700	1.1454
6095.600	1.1512
6096.500	1.1470
6097.400	1.1472
6098.300	1.1553
6099.200	1.1681
6100.100	1.1680
6101.000	1.1338
6101.900	1.0732
6102.800	1.0414
6103.700	1.0773
6104.600	1.1348
6105.500	1.1610
6106.400	1.1571
6107.300	1.1414
6108.200	1.1367
6109.100	1.1490
6110.000	1.1545
6110.900	1.1423
6111.800	1.1354
6112.700	1.1509
6113.600	1.1693
6114.500	1.1695
6115.400	1.1562
6116.300	1.1480
6117.200	1.1570
6118.100	1.1653
6119.000	1.1486
6119.900	1.1174
6120.800	1.0889
6121.700	1.0731
6122.600	1.0897
6123.500	1.1342
6124.400	1.1603
6125.300	1.1469
6126.200	1.1217
6127.100	1.1071
6128.000	1.1033
6128.900	1.1142
6129.800	1.1401
6130.700	1.1640
6131.600	1.1716
6132.500	1.1700
6133.400	1.1620
6134.300	1.1342
6135.200	1.0812
6136.100	1.0155
6137.000	0.9812
6137.900	1.0204
6138.800	1.0983
6139.700	1.1408
6140.600	1.1265
6141.500	1.0975
6142.400	1.1026
6143.300	1.1363
6144.200	1.1611
6145.100	1.1640
6146.000	1.1612
6146.900	1.1586
6147.800	1.1510
6148.700	1.1402
6149.600	1.1254
6150.500	1.1177
6151.400	1.1324
6152.300	1.1576
6153.200	1.1694
6154.100	1.1610
6155.000	1.1522
6155.900	1.1509
6156.800	1.1469
6157.700	1.1456
6158.600	1.1497
6159.500	1.1346
6160.400	1.0832
6161.300	1.0204
6162.200	0.9897
6163.100	1.0092
6164.000	1.0577
6164.900	1.0972
6165.800	1.1112
6166.700	1.1164
6167.600	1.1111
6168.500	1.0750
6169.400	1.0340
6170.300	1.0436
6171.200	1.0973
6172.100	1.1309
6173.000	1.1272
6173.900	1.1245
6174.800	1.1332
6175.700	1.1323
6176.600	1.1219
6177.500	1.1279
6178.400	1.1462
6179.300	1.1468
6180.200	1.1397
6181.100	1.1502
6182.000	1.1683
6182.900	1.1771
6183.800	1.1765
6184.700	1.1695
6185.600	1.1533
6186.500	1.1331
6187.400	1.1178
6188.300	1.1083
6189.200	1.0987
6190.100	1.0736
6191.000	1.0419
6191.900	1.0514
6192.800	1.1083
6193.700	1.1582
6194.600	1.1740
6195.500	1.1766
6196.400	1.1791
6197.300	1.1694
6198.200	1.1367
6199.100	1.0967
6200.000	1.0899
6200.900	1.1229
6201.800	1.1584
6202.700	1.1719
6203.600	1.1669
6204.500	1.1594
6205.400	1.1596
6206.300	1.1618
6207.200	1.1642
6208.100	1.1671
6209.000	1.1634
6209.900	1.1548
6210.800	1.1492
6211.700	1.1396
6212.600	1.1098
6213.500	1.0738
6214.400	1.0596
6215.300	1.0658
6216.200	1.0856
6217.100	1.1149
6218.000	1.1257
6218.900	1.1018
6219.800	1.0768
6220.700	1.0831
6221.600	1.1115
6222.500	1.1341
6223.400	1.1338
6224.300	1.1258
6225.200	1.1331
6226.100	1.1454
6227.000	1.1481
6227.900	1.1398
6228.800	1.1131
6229.700	1.0701
6230.600	1.0376
6231.500	1.0442
6232.400	1.0786
6233.300	1.1165
6234.200	1.1524
6235.100	1.1751
6236.000	1.1756
6236.900	1.1625
6237.800	1.1457
6238.700	1.1229
6239.600	1.0977
6240.500	1.0893
6241.400	1.0932
6242.300	1.0802
6243.200	1.0644
6244.100	1.0735
6245.000	1.0882
6245.900	1.0923
6246.800	1.1069
6247.700	1.1363
6248.600	1.1567
6249.500	1.1574
6250.400	1.1379
6251.300	1.0950
6252.200	1.0516
6253.100	1.0407
6254.000	1.0580
6254.900	1.0701
6255.800	1.0560
6256.700	1.0253
6257.600	0.9984
6258.500	1.0007
6259.400	1.0405
6260.300	1.0789
6261.200	1.0977
6262.100	1.1228
6263.000	1.1466
6263.900	1.1381
6264.800	1.1099
6265.700	1.1048
6266.600	1.1248
6267.500	1.1335
6268.400	1.1215
6269.300	1.1110
6270.200	1.1137
6271.100	1.1261
6272.000	1.1433
6272.900	1.1530
6273.800	1.1445
6274.700	1.1323
6275.600	1.1341
6276.500	1.1432
6277.400	1.1483
6278.300	1.1412
6279.200	1.1162
6280.100	1.0877
6281.000	1.0817
6281.900	1.0949
6282.800	1.1088
6283.700	1.1189
6284.600	1.1239
6285.500	1.1290
6286.400	1.1425
6287.300	1.1576
6288.200	1.1660
6289.100	1.1602
6290.000	1.1426
6290.900	1.1277
6291.800	1.1201
6292.700	1.1169
6293.600	1.1238
6294.500	1.1307
6295.400	1.1105
6296.300	1.0746
6297.200	1.0656
6298.100	1.0874
6299.000	1.1056
6299.900	1.0979
6300.800	1.0764
6301.700	1.0681
6302.600	1.0811
6303.500	1.1001
6304.400	1.1081
6305.300	1.1088
6306.200	1.1201
6307.100	1.1394
6308.000	1.1494
6308.900	1.1439
6309.800	1.1285
6310.700	1.1163
6311.600	1.1145
6312.500	1.1192
6313.400	1.1150
6314.300	1.0917
6315.200	1.0729
6316.100	1.0746
6317.000	1.0719
6317.900	1.0589
6318.800	1.0593
6319.700	1.0828
6320.600	1.0995
6321.500	1.0974
6322.400	1.0978
6323.300	1.1143
6324.200	1.1310
6325.100	1.1310
6326.000	1.1205
6326.900	1.1119
6327.800	1.1161
6328.700	1.1287
6329.600	1.1332
6330.500	1.1373
6331.400	1.1499
6332.300	1.1575
6333.200	1.1503
6334.100	1.1219
6335.000	1.0786
6335.900	1.0541
6336.800	1.0659
6337.700	1.0918
6338.600	1.1090
6339.500	1.1236
6340.400	1.1421
6341.300	1.1481
6342.200	1.1326
6343.100	1.1089
6344.000	1.0994
6344.900	1.1120
6345.800	1.1325
6346.700	1.1457
6347.600	1.1538
6348.500	1.1625
6349.400	1.1686
6350.300	1.1699
6351.200	1.1714
6352.100	1.1692
6353.000	1.1541
6353.900	1.1274
6354.800	1.1079
6355.700	1.1149
6356.600	1.1275
6357.500	1.1140
6358.400	1.0893
6359.300	1.0872
6360.200	1.1007
6361.100	1.0999
6362.000	1.0868
6362.900	1.0828
6363.800	1.0924
6364.700	1.1061
6365.600	1.1175
6366.500	1.1307
6367.400	1.1474
6368.300	1.1597
6369.200	1.1630
6370.100	1.1610
6371.000	1.1618
6371.900	1.1690
6372.800	1.1759
6373.700	1.1768
6374.600	1.1716
6375.500	1.1654
6376.400	1.1605
6377.300	1.1569
6378.200	1.1539
6379.100	1.1483
6380.000	1.1406
6380.900	1.1385
6381.800	1.1457
6382.700	1.1548
6383.600	1.1564
6384.500	1.1533
6385.400	1.1550
6386.300	1.1599
6387.200	1.1618
6388.100	1.1587
6389.000	1.1546
6389.900	1.1515
6390.800	1.1443
6391.700	1.1234
6392.600	1.0894
6393.500	1.0738
6394.400	1.1009
6395.300	1.1439
6396.200	1.1661
6397.100	1.1651
6398.000	1.1424
6398.900	1.0939
6399.800	1.0538
6400.700	1.0723
6401.600	1.1281
6402.500	1.1617
6403.400	1.1641
6404.300	1.1593
6405.200	1.1563
6406.100	1.1457
6407.000	1.1242
6407.900	1.1114
6408.800	1.1229
6409.700	1.1373
6410.600	1.1277
6411.500	1.1132
6412.400	1.1208
6413.300	1.1383
6414.200	1.1470
6415.100	1.1492
6416.000	1.1497
6416.900	1.1453
6417.800	1.1368
6418.700	1.1258
6419.600	1.1050
6420.500	1.0835
6421.400	1.0885
6422.300	1.1254
6423.200	1.1611
6424.100	1.1695
6425.000	1.1656
6425.900	1.1654
6426.800	1.1661
6427.700	1.1640
6428.600	1.1506
6429.500	1.1187
6430.400	1.0874
6431.300	1.0879
6432.200	1.1178
6433.100	1.1436
6434.000	1.1542
6434.900	1.1582
6435.800	1.1598
6436.700	1.1522
6437.600	1.1250
6438.500	1.0936
6439.400	1.0945
6440.300	1.1289
6441.200	1.1610
6442.100	1.1738
6443.000	1.1758
6443.900	1.1759
6444.800	1.1760
6445.700	1.1766
6446.600	1.1748
6447.500	1.1573
6448.400	1.1045
6449.300	1.0313
6450.200	1.0030
6451.100	1.0474
6452.000	1.1113
6452.900	1.1443
6453.800	1.1396
6454.700	1.1133
6455.600	1.0970
6456.500	1.1118
6457.400	1.1415
6458.300	1.1628
6459.200	1.1709
6460.100	1.1613
6461.000	1.1223
6461.900	1.0667
6462.800	1.0433
6463.700	1.0763
6464.600	1.1217
6465.500	1.1439
6466.400	1.1504
6467.300	1.1513
6468.200	1.1461
6469.100	1.1352
6470.000	1.1224
6470.900	1.1068
6471.800	1.1035
6472.700	1.1266
6473.600	1.1493
6474.500	1.1456
6475.400	1.1297
6476.300	1.1283
6477.200	1.1461
6478.100	1.1634
6479.000	1.1660
6479.900	1.1509
6480.800	1.1197
6481.700	1.0886
6482.600	1.0819
6483.500	1.1086
6484.400	1.1464
6485.300	1.1664
6486.200	1.1662
6487.100	1.1595
6488.000	1.1535
6488.900	1.1454
6489.800	1.1324
6490.700	1.1213
6491.600	1.1136
6492.500	1.0909
6493.400	1.0411
6494.300	0.9932
6495.200	0.9861
6496.100	1.0091
6497.000	1.0337
6497.900	1.0490
6498.800	1.0539
6499.700	1.0707
6500.600	1.1034
6501.500	1.1268
6502.400	1.1384
6503.300	1.1467
6504.200	1.1526
6505.100	1.1558
6506.000	1.1576
6506.900	1.1555
6507.800	1.1477
6508.700	1.1437
6509.600	1.1463
6510.500	1.1483
6511.400	1.1451
6512.300	1.1399
6513.200	1.1392
6514.100	1.1398
6515.000	1.1356
6515.900	1.1330
6516.800	1.1340
6517.700	1.1302
6518.600	1.1264
6519.500	1.1335
6520.400	1.1461
6521.300	1.1548
6522.200	1.1616
6523.100	1.1693
6524.000	1.1749
6524.900	1.1684
6525.800	1.1478
6526.700	1.1308
6527.600	1.1306
6528.500	1.1401
6529.400	1.1441
6530.300	1.1349
6531.200	1.1213
6532.100	1.1146
6533.000	1.1184
6533.900	1.1329
6534.800	1.1509
6535.700	1.1603
6536.600	1.1582
6537.500	1.1536
6538.400	1.1536
6539.300	1.1551
6540.200	1.1542
6541.100	1.1505
6542.000	1.1466
6542.900	1.1438
6543.800	1.1366
6544.700	1.1158
6545.600	1.0883
6546.500	1.0843
6547.400	1.1081
6548.300	1.1293
6549.200	1.1344
6550.100	1.1306
6551.000	1.1266
6551.900	1.1273
6552.800	1.1243
6553.700	1.1082
6554.600	1.0847
6555.500	1.0743
6556.400	1.0886
6557.300	1.1125
6558.200	1.1233
6559.100	1.1140
6560.000	1.0738
6560.900	0.9623
6561.800	0.7893
6562.700	0.6987
6563.600	0.7988
6564.500	0.9847
6565.400	1.1030
6566.300	1.1369
6567.200	1.1347
6568.100	1.1194
6569.000	1.1045
6569.900	1.1013
6570.800	1.1023
6571.700	1.0920
6572.600	1.0701
6573.500	1.0526
6574.400	1.0550
6575.300	1.0814
6576.200	1.1174
6577.100	1.1375
6578.000	1.1395
6578.900	1.1342
6579.800	1.1221
6580.700	1.1089
6581.600	1.1104
6582.500	1.1271
6583.400	1.1420
6584.300	1.1426
6585.200	1.1308
6586.100	1.1217
6587.000	1.1314
6587.900	1.1514
6588.800	1.1608
6589.700	1.1578
6590.600	1.1416
6591.500	1.1037
6592.400	1.0576
6593.300	1.0418
6594.200	1.0719
6595.100	1.1159
6596.000	1.1361
6596.900	1.1287
6597.800	1.1141
6598.700	1.1114
6599.600	1.1235
6600.500	1.1419
6601.400	1.1549
6602.300	1.1545
6603.200	1.1410
6604.100	1.1224
6605.000	1.1129
6605.900	1.1133
6606.800	1.1077
6607.700	1.0891
6608.600	1.0706
6609.500	1.0776
6610.400	1.1132
6611.300	1.1451
6612.200	1.1489
6613.100	1.1358
6614.000	1.1323
6614.900	1.1417
6615.800	1.1477
6616.700	1.1473
6617.600	1.1455
6618.500	1.1439
6619.400	1.1457
6620.300	1.1494
6621.200	1.1512
6622.100	1.1472
6623.000	1.1347
6623.900	1.1161
6624.800	1.1078
6625.700	1.1195
6626.600	1.1359
6627.500	1.1421
6628.400	1.1395
6629.300	1.1329
6630.200	1.1265
6631.100	1.1156
6632.000	1.0975
6632.900	1.0830
6633.800	1.0857
6634.700	1.1068
6635.600	1.1284
6636.500	1.1379
6637.400	1.1358
6638.300	1.1259
6639.200	1.1191
6640.100	1.1244
6641.000	1.1328
6641.900	1.1246
6642.800	1.0981
6643.700	1.0835
6644.600	1.0983
6645.500	1.1207
6646.400	1.1285
6647.300	1.1273
6648.200	1.1314
6649.100	1.1415
6650.000	1.1500
6650.900	1.1541
6651.800	1.1558
6652.700	1.1560
6653.600	1.1518
6654.500	1.1481
6655.400	1.1487
6656.300	1.1498
6657.200	1.1513
6658.100	1.1519
6659.000	1.1492
6659.900	1.1452
6660.800	1.1386
6661.700	1.1221
6662.600	1.0977
6663.500	1.0862
6664.400	1.0995
6665.300	1.1170
6666.200	1.1212
6667.100	1.1175
6668.000	1.1189
6668.900	1.1302
6669.800	1.1433
6670.700	1.1484
6671.600	1.1454
6672.500	1.1421
6673.400	1.1441
6674.300	1.1492
6675.200	1.1481
6676.100	1.1262
6677.000	1.0860
6677.900	1.0595
6678.800	1.0742
6679.700	1.1119
6680.600	1.1356
6681.500	1.1418
6682.400	1.1453
6683.300	1.1488
6684.200	1.1510
6685.100	1.1497
6686.000	1.1450
6686.900	1.1411
6687.800	1.1393
6688.700	1.1413
6689.600	1.1468
6690.500	1.1525
6691.400	1.1553
6692.300	1.1552
6693.200	1.1525
6694.100	1.1423
6695.000	1.1236
6695.900	1.1083
6696.800	1.1073
6697.700	1.1165
6698.600	1.1260
6699.500	1.1351
6700.400	1.1423
6701.300	1.1411
6702.200	1.1299
6703.100	1.1155
6704.000	1.1111
6704.900	1.1203
6705.800	1.1328
6706.700	1.1397
6707.600	1.1379
6708.500	1.1293
6709.400	1.1201
6710.300	1.1175
6711.200	1.1244
6712.100	1.1285
6713.000	1.1267
6713.900	1.1276
6714.800	1.1248
6715.700	1.1070
6716.600	1.0818
6717.500	1.0732
6718.400	1.0947
6719.300	1.1258
6720.200	1.1414
6721.100	1.1425
6722.000	1.1412
6722.900	1.1420
6723.800	1.1409
6724.700	1.1331
6725.600	1.1212
6726.500	1.1155
6727.400	1.1211
6728.300	1.1315
6729.200	1.1385
6730.100	1.1385
6731.000	1.1336
6731.900	1.1263
6732.800	1.1211
6733.700	1.1248
6734.600	1.1332
6735.500	1.1368
6736.400	1.1327
6737.300	1.1212
6738.200	1.1063
6739.100	1.0980
6740.000	1.1035
6740.900	1.1140
6741.800	1.1120
6742.700	1.1032
6743.600	1.1048
6744.500	1.1147
6745.400	1.1219
6746.300	1.1269
6747.200	1.1334
6748.100	1.1329
6749.000	1.1191
6749.900	1.1050
6750.800	1.1064
6751.700	1.1130
6752.600	1.1124
6753.500	1.1170
6754.400	1.1299
6755.300	1.1384
6756.200	1.1432
6757.100	1.1478
6758.000	1.1522
6758.900	1.1567
6759.800	1.1577
6760.700	1.1554
6761.600	1.1534
6762.500	1.1545
6763.400	1.1569
6764.300	1.1540
6765.200	1.1409
6766.100	1.1178
6767.000	1.0947
6767.900	1.0891
6768.800	1.1011
6769.700	1.1069
6770.600	1.0942
6771.500	1.0860
6772.400	1.0998
6773.300	1.1190
6774.200	1.1275
6775.100	1.1280
6776.000	1.1263
6776.900	1.1265
6777.800	1.1318
6778.700	1.1404
6779.600	1.1447
6780.500	1.1439
6781.400	1.1385
6782.300	1.1260
6783.200	1.1118
6784.100	1.1051
6785.000	1.1094
6785.900	1.1199
6786.800	1.1298
6787.700	1.1357
6788.600	1.1348
6789.500	1.1334
6790.400	1.1383
6791.300	1.1412
6792.200	1.1358
6793.100	1.1268
6794.000	1.1206
6794.900	1.1188
6795.800	1.1200
6796.700	1.1230
6797.600	1.1226
6798.500	1.1196
6799.400	1.1235
6800.300	1.1320
6801.200	1.1373
6802.100	1.1381
6803.000	1.1366
6803.900	1.1354
6804.800	1.1366
6805.700	1.1349
6806.600	1.1293
6807.500	1.1297
6808.400	1.1338
6809.300	1.1317
6810.200	1.1311
6811.100	1.1374
6812.000	1.1427
6812.900	1.1375
6813.800	1.1210
6814.700	1.1093
6815.600	1.1165
6816.500	1.1331
6817.400	1.1410
6818.300	1.1367
6819.200	1.1300
6820.100	1.1292
6821.000	1.1352
6821.900	1.1420
6822.800	1.1442
6823.700	1.1466
6824.600	1.1508
6825.500	1.1499
6826.400	1.1368
6827.300	1.1157
6828.200	1.1040
6829.100	1.1122
6830.000	1.1299
6830.900	1.1419
6831.800	1.1448
6832.700	1.1466
6833.600	1.1514
6834.500	1.1561
6835.400	1.1547
6836.300	1.1467
6837.200	1.1351
6838.100	1.1186
6839.000	1.1010
6839.900	1.0878
6840.800	1.0768
6841.700	1.0710
6842.600	1.0760
6843.500	1.0902
6844.400	1.1075
6845.300	1.1214
6846.200	1.1295
6847.100	1.1317
6848.000	1.1293
6848.900	1.1263
6849.800	1.1255
6850.700	1.1278
6851.600	1.1308
6852.500	1.1315
6853.400	1.1221
6854.300	1.1010
6855.200	1.0869
6856.100	1.0909
6857.000	1.1019
6857.900	1.1100
6858.800	1.1156
6859.700	1.1129
6860.600	1.0970
6861.500	1.0827
6862.400	1.0842
6863.300	1.0960
6864.200	1.1112
6865.100	1.1192
6866.000	1.1095
6866.900	1.0995
6867.800	1.1010
6868.700	1.1056
6869.600	1.1039
6870.500	1.0954
6871.400	1.0879
6872.300	1.0901
6873.200	1.0978
6874.100	1.0974
6875.000	1.0934
6875.900	1.1034
6876.800	1.1224
6877.700	1.1334
6878.600	1.1329
6879.500	1.1272
6880.400	1.1168
6881.300	1.0992
6882.200	1.0894
6883.100	1.0983
6884.000	1.1112
6884.900	1.1195
6885.800	1.1294
6886.700	1.1343
6887.600	1.1265
6888.500	1.1252
6889.400	1.1393
6890.300	1.1458
6891.200	1.1389
6892.100	1.1365
6893.000	1.1413
6893.900	1.1387
6894.800	1.1276
6895.700	1.1246
6896.600	1.1342
6897.500	1.1394
6898.400	1.1287
6899.300	1.1167
6900.200	1.1205
6901.100	1.1378
6902.000	1.1487
6902.900	1.1424
6903.800	1.1314
6904.700	1.1270
6905.600	1.1312
6906.500	1.1392
6907.400	1.1437
6908.300	1.1408
6909.200	1.1340
6910.100	1.1250
6911.000	1.1135
6911.900	1.1030
6912.800	1.0883
6913.700	1.0688
6914.600	1.0634
6915.500	1.0812
6916.400	1.1003
6917.300	1.1107
6918.200	1.1216
6919.100	1.1334
6920.000	1.1436
6920.900	1.1495
6921.800	1.1457
6922.700	1.1308
6923.600	1.1056
6924.500	1.0824
6925.400	1.0773
6926.300	1.0888
6927.200	1.1026
6928.100	1.1092
6929.000	1.1102
6929.900	1.1116
6930.800	1.1130
6931.700	1.1088
6932.600	1.0951
6933.500	1.0828
6934.400	1.0831
6935.300	1.0899
6936.200	1.0930
6937.100	1.0908
6938.000	1.0878
6938.900	1.0901
6939.800	1.1018
6940.700	1.1209
6941.600	1.1350
6942.500	1.1297
6943.400	1.1036
6944.300	1.0725
6945.200	1.0618
6946.100	1.0777
6947.000	1.1020
6947.900	1.1181
6948.800	1.1216
6949.700	1.1138
6950.600	1.1022
6951.500	1.0965
6952.400	1.0959
6953.300	1.0943
6954.200	1.0943
6955.100	1.1006
6956.000	1.1119
6956.900	1.1195
6957.800	1.1208
6958.700	1.1245
6959.600	1.1287
6960.500	1.1266
6961.400	1.1222
6962.300	1.1217
6963.200	1.1257
6964.100	1.1262
6965.000	1.1217
6965.900	1.1202
6966.800	1.1245
6967.700	1.1297
6968.600	1.1305
6969.500	1.1291
6970.400	1.1277
6971.300	1.1276
6972.200	1.1292
6973.100	1.1282
6974.000	1.1225
6974.900	1.1156
6975.800	1.1052
6976.700	1.0821
6977.600	1.0463
6978.500	1.0244
6979.400	1.0408
6980.300	1.0776
6981.200	1.1018
6982.100	1.1076
6983.000	1.1115
6983.900	1.1195
6984.800	1.1226
6985.700	1.1179
6986.600	1.1086
6987.500	1.0977
6988.400	1.0896
6989.300	1.0900
6990.200	1.0991
6991.100	1.1103
6992.000	1.1197
6992.900	1.1239
6993.800	1.1188
6994.700	1.1086
6995.600	1.1022
6996.500	1.1053
6997.400	1.1123
6998.300	1.1088
6999.200	1.0901
7000.100	1.0717
7001.000	1.0711
7001.900	1.0841
7002.800	1.0917
7003.700	1.0861
7004.600	1.0776
7005.500	1.0777
7006.400	1.0830
7007.300	1.0879
7008.200	1.0970
7009.100	1.1069
7010.000	1.1086
7010.900	1.1020
7011.800	1.0971
7012.700	1.1019
7013.600	1.1072
7014.500	1.0924
7015.400	1.0543
7016.300	1.0265
7017.200	1.0428
7018.100	1.0851
7019.000	1.1134
7019.900	1.1208
7020.800	1.1170
7021.700	1.0997
7022.600	1.0678
7023.500	1.0420
7024.400	1.0457
7025.300	1.0726
7026.200	1.0966
7027.100	1.1034
7028.000	1.0964
7028.900	1.0854
7029.800	1.0821
7030.700	1.0883
7031.600	1.0937
7032.500	1.0923
7033.400	1.0845
7034.300	1.0766
7035.200	1.0778
7036.100	1.0812
7037.000	1.0756
7037.900	1.0661
7038.800	1.0705
7039.700	1.0962
7040.600	1.1235
7041.500	1.1356
7042.400	1.1353
7043.300	1.1304
7044.200	1.1279
7045.100	1.1307
7046.000	1.1340
7046.900	1.1328
7047.800	1.1275
7048.700	1.1196
7049.600	1.1113
7050.500	1.1034
7051.400	1.0895
7052.300	1.0688
7053.200	1.0586
7054.100	1.0689
7055.000	1.0858
7055.900	1.0949
7056.800	1.0977
7057.700	1.0999
7058.600	1.0979
7059.500	1.0912
7060.400	1.0895
7061.300	1.0965
7062.200	1.1032
7063.100	1.1017
7064.000	1.0951
7064.900	1.0874
7065.800	1.0801
7066.700	1.0741
7067.600	1.0664
7068.500	1.0640
7069.400	1.0765
7070.300	1.0967
7071.200	1.1105
7072.100	1.1164
7073.000	1.1205
7073.900	1.1233
7074.800	1.1228
7075.700	1.1225
7076.600	1.1246
7077.500	1.1281
7078.400	1.1320
7079.300	1.1348
7080.200	1.1340
7081.100	1.1272
7082.000	1.1126
7082.900	1.0844
7083.800	1.0459
7084.700	1.0219
7085.600	1.0309
7086.500	1.0595
7087.400	1.0840
7088.300	1.0946
7089.200	1.0912
7090.100	1.0791
7091.000	1.0726
7091.900	1.0765
7092.800	1.0822
7093.700	1.0863
7094.600	1.0883
7095.500	1.0881
7096.400	1.0896
7097.300	1.0942
7098.200	1.1007
7099.100	1.1072
7100.000	1.1090
7100.900	1.1017
7101.800	1.0885
7102.700	1.0824
7103.600	1.0920
7104.500	1.1094
7105.400	1.1166
7106.300	1.1088
7107.200	1.1001
7108.100	1.0997
7109.000	1.0985
7109.900	1.0855
7110.800	1.0675
7111.700	1.0627
7112.600	1.0734
7113.500	1.0860
7114.400	1.0930
7115.300	1.0983
7116.200	1.1041
7117.100	1.1063
7118.000	1.1065
7118.900	1.1075
7119.800	1.1040
7120.700	1.0913
7121.600	1.0751
7122.500	1.0729
7123.400	1.0945
7124.300	1.1184
7125.200	1.1203
7126.100	1.1170
7127.000	1.1184
7127.900	1.1235
7128.800	1.1199
7129.700	1.1008
7130.600	1.0834
7131.500	1.0862
7132.400	1.1010
7133.300	1.1138
7134.200	1.1264
7135.100	1.1373
7136.000	1.1416
7136.900	1.1370
7137.800	1.1261
7138.700	1.1187
7139.600	1.1231
7140.500	1.1356
7141.400	1.1442
7142.300	1.1429
7143.200	1.1398
7144.100	1.1397
7145.000	1.1377
7145.900	1.1259
7146.800	1.1011
7147.700	1.0758
7148.600	1.0735
7149.500	1.0967
7150.400	1.1210
7151.300	1.1355
7152.200	1.1480
7153.100	1.1531
7154.000	1.1420
7154.900	1.1261
7155.800	1.1253
7156.700	1.1366
7157.600	1.1408
7158.500	1.1336
7159.400	1.1249
7160.300	1.1220
7161.200	1.1235
7162.100	1.1197
7163.000	1.1021
7163.900	1.0744
7164.800	1.0566
7165.700	1.0647
7166.600	1.0875
7167.500	1.1053
7168.400	1.1092
7169.300	1.1063
7170.200	1.1084
7171.100	1.1140
7172.000	1.1163
7172.900	1.1169
7173.800	1.1197
7174.700	1.1191
7175.600	1.1094
7176.500	1.1014
7177.400	1.1060
7178.300	1.1129
7179.200	1.1031
7180.100	1.0845
7181.000	1.0771
7181.900	1.0833
7182.800	1.1031
7183.700	1.1306
7184.600	1.1397
7185.500	1.1205
7186.400	1.0822
7187.300	1.0423
7188.200	1.0223
7189.100	1.0278
7190.000	1.0524
7190.900	1.0768
7191.800	1.0793
7192.700	1.0693
7193.600	1.0702
7194.500	1.0867
7195.400	1.0966
7196.300	1.0903
7197.200	1.0973
7198.100	1.1294
7199.000	1.1465
7199.900	1.1336
7200.800	1.1084
7201.700	1.0866
7202.600	1.0921
7203.500	1.1272
7204.400	1.1507
7205.300	1.1332
7206.200	1.0880
7207.100	1.0505
7208.000	1.0463
7208.900	1.0629
7209.800	1.0813
7210.700	1.1013
7211.600	1.1161
7212.500	1.1171
7213.400	1.1074
7214.300	1.0956
7215.200	1.0888
7216.100	1.0911
7217.000	1.1043
7217.900	1.1171
7218.800	1.1189
7219.700	1.1177
7220.600	1.1191
7221.500	1.1167
7222.400	1.1070
7223.300	1.0980
7224.200	1.1021
7225.100	1.1161
7226.000	1.1256
7226.900	1.1220
7227.800	1.1064
7228.700	1.0949
7229.600	1.1015
7230.500	1.1191
7231.400	1.1332
7232.300	1.1382
7233.200	1.1341
7234.100	1.1193
7235.000	1.0979
7235.900	1.0815
7236.800	1.0845
7237.700	1.1010
7238.600	1.1033
7239.500	1.0959
7240.400	1.1016
7241.300	1.1158
7242.200	1.1181
7243.100	1.1036
7244.000	1.0851
7244.900	1.0797
7245.800	1.0929
7246.700	1.1128
7247.600	1.1222
7248.500	1.1186
7249.400	1.1110
7250.300	1.1040
7251.200	1.0981
7252.100	1.0933
7253.000	1.0917
7253.900	1.0957
7254.800	1.1038
7255.700	1.1132
7256.600	1.1202
7257.500	1.1231
7258.400	1.1204
7259.300	1.1079
7260.200	1.0809
7261.100	1.0529
7262.000	1.0591
7262.900	1.0975
7263.800	1.1249
7264.700	1.1269
7265.600	1.1153
7266.500	1.1091
7267.400	1.1175
7268.300	1.1280
7269.200	1.1349
7270.100	1.1372
7271.000	1.1281
7271.900	1.1140
7272.800	1.1066
7273.700	1.1113
7274.600	1.1219
7275.500	1.1325
7276.400	1.1413
7277.300	1.1436
7278.200	1.1378
7279.100	1.1294
7280.000	1.1186
7280.900	1.0992
7281.800	1.0753
7282.700	1.0625
7283.600	1.0676
7284.500	1.0812
7285.400	1.0899
7286.300	1.0910
7287.200	1.0832
7288.100	1.0620
7289.000	1.0423
7289.900	1.0356
7290.800	1.0310
7291.700	1.0272
7292.600	1.0370
7293.500	1.0622
7294.400	1.0912
7295.300	1.1126
7296.200	1.1238
7297.100	1.1228
7298.000	1.1130
7298.900	1.1029
7299.800	1.1011
7300.700	1.1112
7301.600	1.1219
7302.500	1.1230
7303.400	1.1174
7304.300	1.1087
7305.200	1.0988
7306.100	1.0909
7307.000	1.0846
7307.900	1.0835
7308.800	1.0930
7309.700	1.0989
7310.600	1.0903
7311.500	1.0858
7312.400	1.0951
7313.300	1.1029
7314.200	1.1030
7315.100	1.0998
7316.000	1.0979
7316.900	1.0994
7317.800	1.1032
7318.700	1.1063
7319.600	1.1060
7320.500	1.1078
7321.400	1.1139
7322.300	1.1127
7323.200	1.0996
7324.100	1.0835
7325.000	1.0699
7325.900	1.0643
7326.800	1.0737
7327.700	1.0921
7328.600	1.1029
7329.500	1.1021
7330.400	1.0979
7331.300	1.0982
7332.200	1.1049
7333.100	1.1116
7334.000	1.1169
7334.900	1.1233
7335.800	1.1289
7336.700	1.1319
7337.600	1.1294
7338.500	1.1236
7339.400	1.1213
7340.300	1.1263
7341.200	1.1345
7342.100	1.1326
7343.000	1.1157
7343.900	1.0957
7344.800	1.0897
7345.700	1.1022
7346.600	1.1187
7347.500	1.1277
7348.400	1.1298
7349.300	1.1250
7350.200	1.1149
7351.100	1.1050
7352.000	1.1003
7352.900	1.0991
7353.800	1.0898
7354.700	1.0663
7355.600	1.0423
7356.500	1.0393
7357.400	1.0619
7358.300	1.0915
7359.200	1.1046
7360.100	1.0932
7361.000	1.0708
7361.900	1.0547
7362.800	1.0489
7363.700	1.0496
7364.600	1.0558
7365.500	1.0645
7366.400	1.0694
7367.300	1.0735
7368.200	1.0805
7369.100	1.0823
7370.000	1.0805
7370.900	1.0853
7371.800	1.0918
7372.700	1.0933
7373.600	1.0911
7374.500	1.0847
7375.400	1.0781
7376.300	1.0753
7377.200	1.0744
7378.100	1.0699
7379.000	1.0623
7379.900	1.0578
7380.800	1.0559
7381.700	1.0510
7382.600	1.0421
7383.500	1.0319
7384.400	1.0177
7385.300	1.0002
7386.200	0.9883
7387.100	0.9835
7388.000	0.9822
7388.900	0.9879
7389.800	1.0064
7390.700	1.0294
7391.600	1.0346
7392.500	1.0176
7393.400	1.0020
7394.300	1.0069
7395.200	1.0249
7396.100	1.0392
7397.000	1.0452
7397.900	1.0409
7398.800	1.0282
7399.700	1.0145
7400.600	1.0126
7401.500	1.0270
7402.400	1.0462
7403.300	1.0568
7404.200	1.0534
7405.100	1.0411
7406.000	1.0328
7406.900	1.0302
7407.800	1.0215
7408.700	1.0071
7409.600	1.0016
7410.500	1.0116
7411.400	1.0035
7412.300	0.7725
7413.200	0.2726
7414.100	0.0282
7415.000	0.0007
7415.900	0.0000
7416.800	0.0000
7417.700	0.0000
7418.600	0.0000
7419.500	0.0000
7420.400	0.0000
7421.300	0.0000
7422.200	0.0000
7423.100	0.0000
7424.000	0.0000
7424.900	0.0000
7425.800	0.0000
7426.700	0.0000
7427.600	0.0000
7428.500	0.0000
