3500.0000 0
3500.9000 0
3501.8000 0
3502.7000 0
3503.6000 0
3504.5000 0
3505.4000 0
3506.3000 0
3507.2000 0
3508.1000 0
3509.0000 0
3509.9000 0
3510.8000 0
3511.7000 0
3512.6000 0
3513.5000 0
3514.4000 0
3515.3000 0
3516.2000 0
3517.1000 0
3518.0000 0
3518.9000 0
3519.8000 0
3520.7000 0
3521.6000 0
3522.5000 0
3523.4000 0
3524.3000 0
3525.2000 0
3526.1000 0
3527.0000 0
3527.9000 0
3528.8000 0
3529.7000 0
3530.6000 0
3531.5000 0
3532.4000 0
3533.3000 0
3534.2000 0
3535.1000 0.00776017
3536.0000 0.23964132
3536.9000 0.24278614
3537.8000 0.24359527
3538.7000 0.25794807
3539.6000 0.26985323
3540.5000 0.26023102
3541.4000 0.24407059
3542.3000 0.24018411
3543.2000 0.24724202
3544.1000 0.25675711
3545.0000 0.25527054
3545.9000 0.25156629
3546.8000 0.24348231
3547.7000 0.2312097
3548.6000 0.23855528
3549.5000 0.24930656
3550.4000 0.24848786
3551.3000 0.23639378
3552.2000 0.2238228
3553.1000 0.2173239
3554.0000 0.21337838
3554.9000 0.22522978
3555.8000 0.24011274
3556.7000 0.23849086
3557.6000 0.22313161
3558.5000 0.20672683
3559.4000 0.19878101
3560.3000 0.20188481
3561.2000 0.20489505
3562.1000 0.22295423
3563.0000 0.2365765
3563.9000 0.21625918
3564.8000 0.16952431
3565.7000 0.13912193
3566.6000 0.14340889
3567.5000 0.16487852
3568.4000 0.16564715
3569.3000 0.14344451
3570.2000 0.13196339
3571.1000 0.12699655
3572.0000 0.1574126
3572.9000 0.18604644
3573.8000 0.20376246
3574.7000 0.2045898
3575.6000 0.20677452
3576.5000 0.20866676
3577.4000 0.20087589
3578.3000 0.17525671
3579.2000 0.1486658
3580.1000 0.12692319
3581.0000 0.09655599
3581.9000 0.08659428
3582.8000 0.10712163
3583.7000 0.12529936
3584.6000 0.11638743
3585.5000 0.09825893
3586.4000 0.09525934
3587.3000 0.10723983
3588.2000 0.12328389
3589.1000 0.13353908
3590.0000 0.1554314
3590.9000 0.20754768
3591.8000 0.25003612
3592.7000 0.25210524
3593.6000 0.23480436
3594.5000 0.24396716
3595.4000 0.26833445
3596.3000 0.29614425
3597.2000 0.3122125
3598.1000 0.31001377
3599.0000 0.31783855
3599.9000 0.3337549
3600.8000 0.33378845
3601.7000 0.29433
3602.6000 0.24366173
3603.5000 0.22749288
3604.4000 0.21727206
3605.3000 0.20719996
3606.2000 0.22320439
3607.1000 0.23953794
3608.0000 0.21396407
3608.9000 0.15923598
3609.8000 0.14465854
3610.7000 0.17788492
3611.6000 0.22675985
3612.5000 0.24263802
3613.4000 0.23257241
3614.3000 0.24384497
3615.2000 0.27643818
3616.1000 0.30018768
3617.0000 0.27327138
3617.9000 0.20211895
3618.8000 0.13322236
3619.7000 0.12818117
3620.6000 0.18074107
3621.5000 0.23738444
3622.4000 0.28118214
3623.3000 0.29426888
3624.2000 0.27056861
3625.1000 0.28615376
3626.0000 0.34234384
3626.9000 0.36628744
3627.8000 0.35625446
3628.7000 0.33808097
3629.6000 0.3150759
3630.5000 0.24508621
3631.4000 0.16856186
3632.3000 0.16400512
3633.2000 0.20509824
3634.1000 0.2229083
3635.0000 0.22373392
3635.9000 0.24236424
3636.8000 0.25983387
3637.7000 0.272313
3638.6000 0.30463403
3639.5000 0.33694565
3640.4000 0.35091743
3641.3000 0.34285104
3642.2000 0.30923477
3643.1000 0.28741816
3644.0000 0.27547747
3644.9000 0.24451299
3645.8000 0.22825126
3646.7000 0.2277161
3647.6000 0.20400964
3648.5000 0.19205068
3649.4000 0.21085145
3650.3000 0.23963405
3651.2000 0.26652893
3652.1000 0.29765603
3653.0000 0.32346439
3653.9000 0.33166564
3654.8000 0.32244286
3655.7000 0.32215503
3656.6000 0.34578201
3657.5000 0.36684501
3658.4000 0.38439021
3659.3000 0.38404128
3660.2000 0.36455783
3661.1000 0.35702175
3662.0000 0.35798424
3662.9000 0.33458063
3663.8000 0.30842289
3664.7000 0.31953701
3665.6000 0.34955499
3666.5000 0.33937001
3667.4000 0.33225846
3668.3000 0.32601812
3669.2000 0.29588655
3670.1000 0.27805898
3671.0000 0.30000859
3671.9000 0.35093349
3672.8000 0.36481681
3673.7000 0.35319018
3674.6000 0.34494063
3675.5000 0.36113617
3676.4000 0.34698889
3677.3000 0.30739906
3678.2000 0.28498414
3679.1000 0.27625415
3680.0000 0.25759044
3680.9000 0.26870939
3681.8000 0.30007082
3682.7000 0.31103662
3683.6000 0.32528862
3684.5000 0.32797262
3685.4000 0.29556569
3686.3000 0.25401473
3687.2000 0.22094278
3688.1000 0.21993501
3689.0000 0.25897935
3689.9000 0.31021556
3690.8000 0.35346267
3691.7000 0.38322681
3692.6000 0.37796077
3693.5000 0.33208269
3694.4000 0.30800733
3695.3000 0.32101917
3696.2000 0.32301122
3697.1000 0.31756142
3698.0000 0.33855665
3698.9000 0.38327691
3699.8000 0.41331369
3700.7000 0.41631871
3701.6000 0.40632227
3702.5000 0.38214311
3703.4000 0.32946816
3704.3000 0.26694694
3705.2000 0.2279717
3706.1000 0.22822376
3707.0000 0.24665178
3707.9000 0.23856172
3708.8000 0.21736126
3709.7000 0.23419948
3710.6000 0.29210046
3711.5000 0.34269887
3712.4000 0.37861356
3713.3000 0.41559669
3714.2000 0.44319028
3715.1000 0.43605548
3716.0000 0.40087962
3716.9000 0.37933123
3717.8000 0.3552604
3718.7000 0.28260347
3719.6000 0.19270961
3720.5000 0.14807983
3721.4000 0.14577591
3722.3000 0.16679968
3723.2000 0.22041051
3724.1000 0.27421287
3725.0000 0.32256532
3725.9000 0.36562794
3726.8000 0.33762881
3727.7000 0.26452255
3728.6000 0.26561007
3729.5000 0.31226757
3730.4000 0.31130609
3731.3000 0.28571257
3732.2000 0.26367185
3733.1000 0.20932561
3734.0000 0.14932573
3734.9000 0.1124692
3735.8000 0.11125598
3736.7000 0.1219238
3737.6000 0.1439188
3738.5000 0.20783469
3739.4000 0.26584736
3740.3000 0.31510743
3741.2000 0.34097093
3742.1000 0.32057723
3743.0000 0.27556297
3743.9000 0.22895832
3744.8000 0.2067834
3745.7000 0.17829089
3746.6000 0.16875689
3747.5000 0.17937915
3748.4000 0.15621088
3749.3000 0.12058859
3750.2000 0.14608452
3751.1000 0.22317551
3752.0000 0.29431182
3752.9000 0.32262546
3753.8000 0.35023689
3754.7000 0.39472076
3755.6000 0.42413047
3756.5000 0.3878758
3757.4000 0.28958926
3758.3000 0.19472879
3759.2000 0.17470494
3760.1000 0.21739545
3761.0000 0.26265067
3761.9000 0.28280637
3762.8000 0.27138075
3763.7000 0.24221902
3764.6000 0.24921845
3765.5000 0.28155181
3766.4000 0.26746425
3767.3000 0.23109688
3768.2000 0.25342309
3769.1000 0.31502211
3770.0000 0.34074822
3770.9000 0.33683676
3771.8000 0.35331026
3772.7000 0.3849307
3773.6000 0.39248011
3774.5000 0.37733501
3775.4000 0.36263055
3776.3000 0.35444549
3777.2000 0.34734908
3778.1000 0.33729196
3779.0000 0.34624818
3779.9000 0.37287548
3780.8000 0.38924399
3781.7000 0.38400269
3782.6000 0.37712243
3783.5000 0.38943994
3784.4000 0.40465531
3785.3000 0.37757429
3786.2000 0.30732089
3787.1000 0.25537249
3788.0000 0.23963961
3788.9000 0.22827712
3789.8000 0.21263735
3790.7000 0.23336221
3791.6000 0.27582604
3792.5000 0.28301746
3793.4000 0.25512812
3794.3000 0.23201637
3795.2000 0.2191359
3796.1000 0.2260229
3797.0000 0.23630139
3797.9000 0.21985231
3798.8000 0.19716516
3799.7000 0.20736597
3800.6000 0.25547698
3801.5000 0.28784993
3802.4000 0.3035467
3803.3000 0.33524787
3804.2000 0.348813
3805.1000 0.34019941
3806.0000 0.32404423
3806.9000 0.28458422
3807.8000 0.26084587
3808.7000 0.28016248
3809.6000 0.30521744
3810.5000 0.31716999
3811.4000 0.32097065
3812.3000 0.31274688
3813.2000 0.27362958
3814.1000 0.23797511
3815.0000 0.21162917
3815.9000 0.18117541
3816.8000 0.18132235
3817.7000 0.21033247
3818.6000 0.21600914
3819.5000 0.17311925
3820.4000 0.12323979
3821.3000 0.12500338
3822.2000 0.1722542
3823.1000 0.19855994
3824.0000 0.17899658
3824.9000 0.14072253
3825.8000 0.11743587
3826.7000 0.12104686
3827.6000 0.13725188
3828.5000 0.15080336
3829.4000 0.16426814
3830.3000 0.18179674
3831.2000 0.18937586
3832.1000 0.16790721
3833.0000 0.14173482
3833.9000 0.13328563
3834.8000 0.1484011
3835.7000 0.18335922
3836.6000 0.20710808
3837.5000 0.1975119
3838.4000 0.16479097
3839.3000 0.14341426
3840.2000 0.13226891
3841.1000 0.1378012
3842.0000 0.18188433
3842.9000 0.23294841
3843.8000 0.25447917
3844.7000 0.25112602
3845.6000 0.23543891
3846.5000 0.22643462
3847.4000 0.23142678
3848.3000 0.22798614
3849.2000 0.20465408
3850.1000 0.17682979
3851.0000 0.17782953
3851.9000 0.21190453
3852.8000 0.22775365
3853.7000 0.20934412
3854.6000 0.19234131
3855.5000 0.19203494
3856.4000 0.1840864
3857.3000 0.17744413
3858.2000 0.16705199
3859.1000 0.14495891
3860.0000 0.12195363
3860.9000 0.12887312
3861.8000 0.16813691
3862.7000 0.21927895
3863.6000 0.23806754
3864.5000 0.22954081
3865.4000 0.21269944
3866.3000 0.19805957
3867.2000 0.19730268
3868.1000 0.18754651
3869.0000 0.17328082
3869.9000 0.15844825
3870.8000 0.14336863
3871.7000 0.13623661
3872.6000 0.14504102
3873.5000 0.17662922
3874.4000 0.23040335
3875.3000 0.26970011
3876.2000 0.26709473
3877.1000 0.23436821
3878.0000 0.19548792
3878.9000 0.17711706
3879.8000 0.19449264
3880.7000 0.19862086
3881.6000 0.1691964
3882.5000 0.15753026
3883.4000 0.21205407
3884.3000 0.30124524
3885.2000 0.30519834
3886.1000 0.23875882
3887.0000 0.20855197
3887.9000 0.24186157
3888.8000 0.26990473
3889.7000 0.27484405
3890.6000 0.30306363
3891.5000 0.35042638
3892.4000 0.39250621
3893.3000 0.4055357
3894.2000 0.38978487
3895.1000 0.35033751
3896.0000 0.3217608
3896.9000 0.34707069
3897.8000 0.37178153
3898.7000 0.35802531
3899.6000 0.33255929
3900.5000 0.33408061
3901.4000 0.36980692
3902.3000 0.37320271
3903.2000 0.34961024
3904.1000 0.34639767
3905.0000 0.32954338
3905.9000 0.28523237
3906.8000 0.27426842
3907.7000 0.30623382
3908.6000 0.34525251
3909.5000 0.37211281
3910.4000 0.38116026
3911.3000 0.39519191
3912.2000 0.4160015
3913.1000 0.41781744
3914.0000 0.40833929
3914.9000 0.39489332
3915.8000 0.37415317
3916.7000 0.35725117
3917.6000 0.36003214
3918.5000 0.35643724
3919.4000 0.33169889
3920.3000 0.2859953
3921.2000 0.25024831
3922.1000 0.24977645
3923.0000 0.26524353
3923.9000 0.2858786
3924.8000 0.29386738
3925.7000 0.27686828
3926.6000 0.24816462
3927.5000 0.217134
3928.4000 0.17689098
3929.3000 0.14369828
3930.2000 0.11910324
3931.1000 0.09714947
3932.0000 0.07881974
3932.9000 0.06140658
3933.8000 0.04922057
3934.7000 0.05111934
3935.6000 0.06758903
3936.5000 0.0931256
3937.4000 0.12239671
3938.3000 0.1536447
3939.2000 0.19160594
3940.1000 0.21990927
3941.0000 0.22742265
3941.9000 0.23763432
3942.8000 0.24546959
3943.7000 0.23565498
3944.6000 0.23415238
3945.5000 0.27804109
3946.4000 0.3414475
3947.3000 0.36041161
3948.2000 0.33942172
3949.1000 0.33695456
3950.0000 0.3727017
3950.9000 0.4102734
3951.8000 0.40452567
3952.7000 0.35874161
3953.6000 0.36179855
3954.5000 0.42041072
3955.4000 0.43856087
3956.3000 0.40276054
3957.2000 0.3702457
3958.1000 0.37785935
3959.0000 0.40048513
3959.9000 0.40218616
3960.8000 0.34929585
3961.7000 0.26366779
3962.6000 0.21401829
3963.5000 0.20493697
3964.4000 0.1988641
3965.3000 0.17507492
3966.2000 0.13586974
3967.1000 0.09487521
3968.0000 0.06702337
3968.9000 0.05780651
3969.8000 0.06951924
3970.7000 0.09754451
3971.6000 0.13044164
3972.5000 0.16428359
3973.4000 0.19617377
3974.3000 0.22955872
3975.2000 0.27391824
3976.1000 0.31184903
3977.0000 0.33559424
3977.9000 0.36823568
3978.8000 0.40449971
3979.7000 0.43523538
3980.6000 0.45865968
3981.5000 0.4511869
3982.4000 0.42430031
3983.3000 0.41480067
3984.2000 0.4274528
3985.1000 0.45537251
3986.0000 0.48175573
3986.9000 0.48431247
3987.8000 0.50269032
3988.7000 0.52938169
3989.6000 0.50769788
3990.5000 0.47998261
3991.4000 0.49099401
3992.3000 0.51449466
3993.2000 0.52631533
3994.1000 0.50976187
3995.0000 0.48522523
3995.9000 0.48069772
3996.8000 0.46572712
3997.7000 0.45355666
3998.6000 0.47543105
3999.5000 0.5286777
4000.4000 0.56942791
4001.3000 0.56547546
4002.2000 0.56690341
4003.1000 0.59089977
4004.0000 0.58700556
4004.9000 0.50256342
4005.8000 0.42162314
4006.7000 0.43266869
4007.6000 0.49570751
4008.5000 0.53512859
4009.4000 0.54831928
4010.3000 0.55395985
4011.2000 0.54926729
4012.1000 0.54137856
4013.0000 0.5496279
4013.9000 0.56155354
4014.8000 0.566513
4015.7000 0.59304649
4016.6000 0.5941869
4017.5000 0.55535799
4018.4000 0.55387771
4019.3000 0.58543205
4020.2000 0.59308684
4021.1000 0.57339668
4022.0000 0.56160969
4022.9000 0.56875694
4023.8000 0.57179558
4024.7000 0.54913557
4025.6000 0.5494709
4026.5000 0.58623189
4027.4000 0.61731184
4028.3000 0.65100396
4029.2000 0.65170419
4030.1000 0.58443683
4031.0000 0.49357423
4031.9000 0.46195447
4032.8000 0.46362495
4033.7000 0.45890877
4034.6000 0.4804948
4035.5000 0.51652545
4036.4000 0.56372136
4037.3000 0.61968017
4038.2000 0.64844149
4039.1000 0.63472164
4040.0000 0.60298777
4040.9000 0.5792554
4041.8000 0.58541828
4042.7000 0.61054361
4043.6000 0.58324254
4044.5000 0.48342913
4045.4000 0.3723262
4046.3000 0.34235391
4047.2000 0.43566597
4048.1000 0.54921877
4049.0000 0.58982873
4049.9000 0.59722799
4050.8000 0.613213
4051.7000 0.60831738
4052.6000 0.57771772
4053.5000 0.55666977
4054.4000 0.53240168
4055.3000 0.51422602
4056.2000 0.51799929
4057.1000 0.50398976
4058.0000 0.47249472
4058.9000 0.48074716
4059.8000 0.53785795
4060.7000 0.58829343
4061.6000 0.57913768
4062.5000 0.50580394
4063.4000 0.40990898
4064.3000 0.38656682
4065.2000 0.46540132
4066.1000 0.52626014
4067.0000 0.5170151
4067.9000 0.52007741
4068.8000 0.5737766
4069.7000 0.62351072
4070.6000 0.59367949
4071.5000 0.5002079
4072.4000 0.47043881
4073.3000 0.53714114
4074.2000 0.58880496
4075.1000 0.56837982
4076.0000 0.4988279
4076.9000 0.42187595
4077.8000 0.39401558
4078.7000 0.43937767
4079.6000 0.51260811
4080.5000 0.58280349
4081.4000 0.6386317
4082.3000 0.64069057
4083.2000 0.5984863
4084.1000 0.57224178
4085.0000 0.56297052
4085.9000 0.56066549
4086.8000 0.58949006
4087.7000 0.64345562
4088.6000 0.67999983
4089.5000 0.68064964
4090.4000 0.66244966
4091.3000 0.64800656
4092.2000 0.62747043
4093.1000 0.62239301
4094.0000 0.6529507
4094.9000 0.629403
4095.8000 0.57158083
4096.7000 0.54237741
4097.6000 0.55648416
4098.5000 0.5811286
4099.4000 0.58784318
4100.3000 0.53963333
4101.2000 0.46668568
4102.1000 0.45205408
4103.0000 0.50911391
4103.9000 0.55125111
4104.8000 0.56777012
4105.7000 0.60767615
4106.6000 0.64704245
4107.5000 0.64237744
4108.4000 0.62296402
4109.3000 0.60250282
4110.2000 0.57039416
4111.1000 0.56011903
4112.0000 0.56691223
4112.9000 0.58823609
4113.8000 0.62200165
4114.7000 0.6469698
4115.6000 0.65162712
4116.5000 0.6506291
4117.4000 0.63280308
4118.3000 0.58563006
4119.2000 0.54044402
4120.1000 0.55632615
4121.0000 0.59355932
4121.9000 0.59684485
4122.8000 0.57934058
4123.7000 0.5715977
4124.6000 0.59671855
4125.5000 0.62176895
4126.4000 0.60396886
4127.3000 0.57427371
4128.2000 0.55020988
4129.1000 0.54771346
4130.0000 0.54586595
4130.9000 0.54289883
4131.8000 0.5150423
4132.7000 0.47223285
4133.6000 0.47032854
4134.5000 0.48915702
4135.4000 0.54286706
4136.3000 0.61105865
4137.2000 0.61972994
4138.1000 0.60520959
4139.0000 0.62039983
4139.9000 0.63199615
4140.8000 0.61768746
4141.7000 0.57319897
4142.6000 0.48547581
4143.5000 0.40110272
4144.4000 0.40986955
4145.3000 0.49305844
4146.2000 0.55622518
4147.1000 0.57913601
4148.0000 0.58379191
4148.9000 0.56146967
4149.8000 0.5250048
4150.7000 0.52060056
4151.6000 0.53033644
4152.5000 0.53369176
4153.4000 0.53524399
4154.3000 0.52694929
4155.2000 0.52034122
4156.1000 0.51084864
4157.0000 0.51005816
4157.9000 0.53876191
4158.8000 0.5767051
4159.7000 0.5960471
4160.6000 0.58819878
4161.5000 0.58347672
4162.4000 0.61294276
4163.3000 0.63173437
4164.2000 0.60516262
4165.1000 0.57792956
4166.0000 0.57409668
4166.9000 0.55555743
4167.8000 0.53947181
4168.7000 0.56148171
4169.6000 0.58672857
4170.5000 0.59768981
4171.4000 0.56627834
4172.3000 0.48910299
4173.2000 0.43994653
4174.1000 0.45308316
4175.0000 0.49763614
4175.9000 0.52376503
4176.8000 0.51830488
4177.7000 0.49271333
4178.6000 0.49470434
4179.5000 0.52456528
4180.4000 0.5387392
4181.3000 0.52751428
4182.2000 0.52019364
4183.1000 0.52887571
4184.0000 0.56380469
4184.9000 0.60792267
4185.8000 0.62320018
4186.7000 0.57051438
4187.6000 0.51434767
4188.5000 0.53114706
4189.4000 0.57331419
4190.3000 0.58213168
4191.2000 0.55820167
4192.1000 0.55650312
4193.0000 0.6008386
4193.9000 0.62045473
4194.8000 0.58344275
4195.7000 0.51381302
4196.6000 0.47273365
4197.5000 0.47280774
4198.4000 0.47949576
4199.3000 0.49783814
4200.2000 0.52751994
4201.1000 0.52231252
4202.0000 0.49000233
4202.9000 0.49611038
4203.8000 0.53153998
4204.7000 0.53993356
4205.6000 0.55097806
4206.5000 0.59069216
4207.4000 0.61845833
4208.3000 0.63321126
4209.2000 0.62482578
4210.1000 0.59886783
4211.0000 0.59156471
4211.9000 0.61177927
4212.8000 0.61976171
4213.7000 0.59689379
4214.6000 0.53885555
4215.5000 0.47186467
4216.4000 0.48536092
4217.3000 0.59629464
4218.2000 0.67762309
4219.1000 0.70268583
4220.0000 0.70660603
4220.9000 0.72186214
4221.8000 0.71565491
4222.7000 0.65637213
4223.6000 0.58556706
4224.5000 0.52965111
4225.4000 0.45454779
4226.3000 0.35283449
4227.2000 0.32092884
4228.1000 0.4407275
4229.0000 0.60134566
4229.9000 0.66515028
4230.8000 0.68175131
4231.7000 0.68765843
4232.6000 0.64433372
4233.5000 0.60028416
4234.4000 0.60668427
4235.3000 0.59925246
4236.2000 0.54880136
4237.1000 0.53221107
4238.0000 0.55717164
4238.9000 0.57699126
4239.8000 0.58474869
4240.7000 0.6153931
4241.6000 0.65594345
4242.5000 0.6515305
4243.4000 0.64437997
4244.3000 0.68500245
4245.2000 0.72006112
4246.1000 0.70141703
4247.0000 0.64556956
4247.9000 0.59032995
4248.8000 0.55978084
4249.7000 0.53795147
4250.6000 0.52678674
4251.5000 0.57086116
4252.4000 0.63278365
4253.3000 0.63450122
4254.2000 0.58858711
4255.1000 0.55485374
4256.0000 0.57506055
4256.9000 0.64947706
4257.8000 0.66819751
4258.7000 0.60392535
4259.6000 0.5329507
4260.5000 0.48835516
4261.4000 0.50568777
4262.3000 0.59021205
4263.2000 0.67009604
4264.1000 0.70013851
4265.0000 0.71008825
4265.9000 0.73557377
4266.8000 0.72407335
4267.7000 0.66653919
4268.6000 0.62298399
4269.5000 0.59982252
4270.4000 0.5458104
4271.3000 0.45376346
4272.2000 0.42302501
4273.1000 0.47759351
4274.0000 0.50991797
4274.9000 0.50617695
4275.8000 0.55077618
4276.7000 0.62716335
4277.6000 0.68294811
4278.5000 0.70570284
4279.4000 0.66152203
4280.3000 0.57713664
4281.2000 0.56885737
4282.1000 0.61213279
4283.0000 0.6339072
4283.9000 0.64836484
4284.8000 0.60836923
4285.7000 0.55359954
4286.6000 0.55117607
4287.5000 0.59101677
4288.4000 0.58852541
4289.3000 0.5152235
4290.2000 0.46432161
4291.1000 0.49790183
4292.0000 0.55919337
4292.9000 0.62808049
4293.8000 0.62810999
4294.7000 0.58617043
4295.6000 0.5756678
4296.5000 0.56348723
4297.4000 0.52103293
4298.3000 0.47853732
4299.2000 0.40430295
4300.1000 0.35671869
4301.0000 0.38676211
4301.9000 0.42077786
4302.8000 0.41012028
4303.7000 0.41400215
4304.6000 0.42731863
4305.5000 0.41622576
4306.4000 0.4086841
4307.3000 0.39042592
4308.2000 0.34401557
4309.1000 0.33026445
4310.0000 0.35332483
4310.9000 0.38579166
4311.8000 0.42583144
4312.7000 0.47267178
4313.6000 0.52764404
4314.5000 0.5711717
4315.4000 0.65517873
4316.3000 0.78666776
4317.2000 0.84758663
4318.1000 0.83754677
4319.0000 0.8172667
4319.9000 0.80047286
4320.8000 0.76308668
4321.7000 0.73903769
4322.6000 0.69988304
4323.5000 0.59068906
4324.4000 0.48695412
4325.3000 0.42544165
4326.2000 0.44135287
4327.1000 0.56843525
4328.0000 0.71277863
4328.9000 0.78594893
4329.8000 0.77884102
4330.7000 0.73631418
4331.6000 0.73471552
4332.5000 0.76010114
4333.4000 0.76998681
4334.3000 0.78297555
4335.2000 0.81706661
4336.1000 0.81606585
4337.0000 0.7185865
4337.9000 0.60585219
4338.8000 0.56070495
4339.7000 0.53101212
4340.6000 0.51080537
4341.5000 0.57290667
4342.4000 0.67333311
4343.3000 0.70669597
4344.2000 0.70077515
4345.1000 0.7365039
4346.0000 0.76579928
4346.9000 0.74403
4347.8000 0.73562795
4348.7000 0.78378624
4349.6000 0.81623745
4350.5000 0.74535459
4351.4000 0.61252505
4352.3000 0.55731654
4353.2000 0.61789149
4354.1000 0.69181299
4355.0000 0.7110725
4355.9000 0.72384995
4356.8000 0.76102722
4357.7000 0.76287562
4358.6000 0.70743269
4359.5000 0.66729808
4360.4000 0.69847864
4361.3000 0.77123976
4362.2000 0.80008757
4363.1000 0.7772429
4364.0000 0.78725934
4364.9000 0.83574462
4365.8000 0.83439296
4366.7000 0.76607698
4367.6000 0.69585919
4368.5000 0.68840003
4369.4000 0.71717894
4370.3000 0.72783703
4371.2000 0.72858912
4372.1000 0.73272628
4373.0000 0.70334417
4373.9000 0.63583297
4374.8000 0.57982773
4375.7000 0.59504783
4376.6000 0.67066455
4377.5000 0.74400616
4378.4000 0.77580309
4379.3000 0.76000136
4380.2000 0.73317903
4381.1000 0.7220366
4382.0000 0.67047626
4382.9000 0.51868141
4383.8000 0.38867912
4384.7000 0.40445283
4385.6000 0.52797198
4386.5000 0.6473304
4387.4000 0.67513579
4388.3000 0.66224957
4389.2000 0.65116656
4390.1000 0.62578106
4391.0000 0.61760283
4391.9000 0.65470123
4392.8000 0.69509697
4393.7000 0.69507784
4394.6000 0.66576588
4395.5000 0.66108525
4396.4000 0.72232378
4397.3000 0.7876454
4398.2000 0.78754282
4399.1000 0.7380743
4400.0000 0.67651588
4400.9000 0.64501339
4401.8000 0.70565677
4402.7000 0.76554185
4403.6000 0.6921193
4404.5000 0.55731726
4405.4000 0.53951335
4406.3000 0.63395673
4407.2000 0.66611689
4408.1000 0.63034439
4409.0000 0.62843877
4409.9000 0.7067706
4410.8000 0.77717191
4411.7000 0.81138736
4412.6000 0.83063883
4413.5000 0.81755948
4414.4000 0.72466981
4415.3000 0.63659841
4416.2000 0.65109223
4417.1000 0.70420897
4418.0000 0.74479634
4418.9000 0.79256165
4419.8000 0.82187933
4420.7000 0.80427217
4421.6000 0.74438161
4422.5000 0.69801903
4423.4000 0.70258963
4424.3000 0.74320048
4425.2000 0.76017392
4426.1000 0.76125717
4427.0000 0.75841504
4427.9000 0.76301736
4428.8000 0.76779419
4429.7000 0.72505522
4430.6000 0.68427104
4431.5000 0.72567797
4432.4000 0.76674169
4433.3000 0.74217141
4434.2000 0.68501455
4435.1000 0.64360607
4436.0000 0.65898669
4436.9000 0.73404926
4437.8000 0.80069035
4438.7000 0.84577072
4439.6000 0.84640872
4440.5000 0.79134995
4441.4000 0.73004061
4442.3000 0.68940395
4443.2000 0.67833793
4444.1000 0.70750237
4445.0000 0.77641463
4445.9000 0.83170038
4446.8000 0.82046831
4447.7000 0.80991846
4448.6000 0.82997108
4449.5000 0.81967169
4450.4000 0.78380108
4451.3000 0.78278553
4452.2000 0.80265194
4453.1000 0.78588533
4454.0000 0.73703521
4454.9000 0.68298727
4455.8000 0.66819257
4456.7000 0.69433898
4457.6000 0.71180367
4458.5000 0.70047385
4459.4000 0.68406856
4460.3000 0.6786378
4461.2000 0.65259004
4462.1000 0.63354808
4463.0000 0.69037819
4463.9000 0.76174223
4464.8000 0.772991
4465.7000 0.76350814
4466.6000 0.76724118
4467.5000 0.76938111
4468.4000 0.75617987
4469.3000 0.72592974
4470.2000 0.7219944
4471.1000 0.75405735
4472.0000 0.78535378
4472.9000 0.82086283
4473.8000 0.86251396
4474.7000 0.8732236
4475.6000 0.86475307
4476.5000 0.88532841
4477.4000 0.92111599
4478.3000 0.91018653
4479.2000 0.84228337
4480.1000 0.76947725
4481.0000 0.73261857
4481.9000 0.73090899
4482.8000 0.76335913
4483.7000 0.82036626
4484.6000 0.86969346
4485.5000 0.89675272
4486.4000 0.90260947
4487.3000 0.87785774
4488.2000 0.82254338
4489.1000 0.76613408
4490.0000 0.75229055
4490.9000 0.7893464
4491.8000 0.84267581
4492.7000 0.86009878
4493.6000 0.8123135
4494.5000 0.75013334
4495.4000 0.73323488
4496.3000 0.75071168
4497.2000 0.79733306
4498.1000 0.84990686
4499.0000 0.87765568
4499.9000 0.87889749
4500.8000 0.84169912
4501.7000 0.81853682
4502.6000 0.87231922
4503.5000 0.94706833
4504.4000 0.97417706
4505.3000 0.96444583
4506.2000 0.93842912
4507.1000 0.91803265
4508.0000 0.90705705
4508.9000 0.9074012
4509.8000 0.92361867
4510.7000 0.94110656
4511.6000 0.92795968
4512.5000 0.89184332
4513.4000 0.85694653
4514.3000 0.83037537
4515.2000 0.83368099
4516.1000 0.85806423
4517.0000 0.85089052
4517.9000 0.82193035
4518.8000 0.83614188
4519.7000 0.87287265
4520.6000 0.91030854
4521.5000 0.9170872
4522.4000 0.85270274
4523.3000 0.81864876
4524.2000 0.83048135
4525.1000 0.81774551
4526.0000 0.77486962
4526.9000 0.73422635
4527.8000 0.70907694
4528.7000 0.69452614
4529.6000 0.71331012
4530.5000 0.73232871
4531.4000 0.76525027
4532.3000 0.8163197
4533.2000 0.80292374
4534.1000 0.76207697
4535.0000 0.7210964
4535.9000 0.73570597
4536.8000 0.8319369
4537.7000 0.90354627
4538.6000 0.89771897
4539.5000 0.85858274
4540.4000 0.81348801
4541.3000 0.80001307
4542.2000 0.83125037
4543.1000 0.86357313
4544.0000 0.84547836
4544.9000 0.80474788
4545.8000 0.80518419
4546.7000 0.82509744
4547.6000 0.83668303
4548.5000 0.82590812
4549.4000 0.77299732
4550.3000 0.78088945
4551.2000 0.83088338
4552.1000 0.82770091
4553.0000 0.80816269
4553.9000 0.78433055
4554.8000 0.76549035
4555.7000 0.79293925
4556.6000 0.84311485
4557.5000 0.89056802
4558.4000 0.90844584
4559.3000 0.90705675
4560.2000 0.89494127
4561.1000 0.8947404
4562.0000 0.90934503
4562.9000 0.88571906
4563.8000 0.82139701
4564.7000 0.7752319
4565.6000 0.7658841
4566.5000 0.81895822
4567.4000 0.89366812
4568.3000 0.91389465
4569.2000 0.90339309
4570.1000 0.89713937
4571.0000 0.84257215
4571.9000 0.80852479
4572.8000 0.87235028
4573.7000 0.93096942
4574.6000 0.91946977
4575.5000 0.90097898
4576.4000 0.90332729
4577.3000 0.90276206
4578.2000 0.88955933
4579.1000 0.83909291
4580.0000 0.78115219
4580.9000 0.76516908
4581.8000 0.7948668
4582.7000 0.82069635
4583.6000 0.81675225
4584.5000 0.81289715
4585.4000 0.81218195
4586.3000 0.814381
4587.2000 0.85079002
4588.1000 0.89740759
4589.0000 0.92927635
4589.9000 0.92868155
4590.8000 0.89551353
4591.7000 0.84638774
4592.6000 0.81716019
4593.5000 0.82235688
4594.4000 0.8201527
4595.3000 0.80161852
4596.2000 0.80173564
4597.1000 0.81827635
4598.0000 0.82889527
4598.9000 0.85332978
4599.8000 0.84182668
4600.7000 0.80720085
4601.6000 0.82730395
4602.5000 0.85497278
4603.4000 0.85835874
4604.3000 0.84590292
4605.2000 0.83090121
4606.1000 0.83941919
4607.0000 0.87802947
4607.9000 0.9309358
4608.8000 0.97447175
4609.7000 0.97086
4610.6000 0.92996663
4611.5000 0.89547062
4612.4000 0.88170254
4613.3000 0.86816454
4614.2000 0.88070309
4615.1000 0.91356319
4616.0000 0.91310734
4616.9000 0.91566885
4617.8000 0.92714071
4618.7000 0.90282297
4619.6000 0.87964439
4620.5000 0.90837008
4621.4000 0.93297428
4622.3000 0.92013919
4623.2000 0.91792774
4624.1000 0.92609179
4625.0000 0.91513604
4625.9000 0.90241873
4626.8000 0.9122957
4627.7000 0.92437619
4628.6000 0.90830368
4629.5000 0.88724196
4630.4000 0.90620524
4631.3000 0.93954432
4632.2000 0.92922586
4633.1000 0.88458884
4634.0000 0.86636508
4634.9000 0.87533641
4635.8000 0.88009351
4636.7000 0.86785382
4637.6000 0.84229201
4638.5000 0.82979
4639.4000 0.82535768
4640.3000 0.8365308
4641.2000 0.87799174
4642.1000 0.90486115
4643.0000 0.89396191
4643.9000 0.870637
4644.8000 0.84644192
4645.7000 0.8033272
4646.6000 0.75754756
4647.5000 0.74895179
4648.4000 0.77401972
4649.3000 0.81408477
4650.2000 0.85607737
4651.1000 0.88168514
4652.0000 0.8965854
4652.9000 0.90404481
4653.8000 0.87305683
4654.7000 0.82273388
4655.6000 0.8016296
4656.5000 0.80831236
4657.4000 0.84902447
4658.3000 0.91438943
4659.2000 0.96590525
4660.1000 0.9758305
4661.0000 0.93834835
4661.9000 0.88302469
4662.8000 0.83852398
4663.7000 0.8288793
4664.6000 0.84754711
4665.5000 0.83011478
4666.4000 0.75552928
4667.3000 0.68750823
4668.2000 0.69282854
4669.1000 0.75019276
4670.0000 0.81014889
4670.9000 0.86259031
4671.8000 0.88526076
4672.7000 0.87004775
4673.6000 0.84987497
4674.5000 0.8488462
4675.4000 0.87939399
4676.3000 0.920618
4677.2000 0.92466378
4678.1000 0.88769448
4679.0000 0.84821433
4679.9000 0.82253361
4680.8000 0.80665034
4681.7000 0.80406022
4682.6000 0.83111298
4683.5000 0.87894249
4684.4000 0.89438164
4685.3000 0.88721162
4686.2000 0.88265079
4687.1000 0.86373341
4688.0000 0.8466211
4688.9000 0.85524869
4689.8000 0.86254853
4690.7000 0.84555811
4691.6000 0.84104484
4692.5000 0.85994297
4693.4000 0.87485909
4694.3000 0.89132559
4695.2000 0.92049575
4696.1000 0.9404844
4697.0000 0.92447144
4697.9000 0.86122322
4698.8000 0.80653661
4699.7000 0.81236845
4700.6000 0.82985824
4701.5000 0.82365304
4702.4000 0.80636841
4703.3000 0.80241376
4704.2000 0.82832718
4705.1000 0.85889786
4706.0000 0.86449826
4706.9000 0.83842635
4707.8000 0.81309932
4708.7000 0.80361968
4709.6000 0.8075403
4710.5000 0.84724706
4711.4000 0.89371645
4712.3000 0.89828581
4713.2000 0.8758502
4714.1000 0.8342917
4715.0000 0.82330155
4715.9000 0.87004566
4716.8000 0.91798395
4717.7000 0.93175846
4718.6000 0.9409349
4719.5000 0.96118265
4720.4000 0.96548241
4721.3000 0.94728488
4722.2000 0.92191082
4723.1000 0.92004406
4724.0000 0.94631654
4724.9000 0.96573418
4725.8000 0.95652312
4726.7000 0.89388114
4727.6000 0.81106943
4728.5000 0.78448385
4729.4000 0.79977864
4730.3000 0.81952196
4731.2000 0.83394408
4732.1000 0.86608833
4733.0000 0.89289391
4733.9000 0.90259767
4734.8000 0.91962463
4735.7000 0.91206634
4736.6000 0.8723827
4737.5000 0.86979973
4738.4000 0.91648704
4739.3000 0.92678082
4740.2000 0.89746839
4741.1000 0.87975347
4742.0000 0.89828324
4742.9000 0.92612898
4743.8000 0.93365961
4744.7000 0.91175926
4745.6000 0.91180402
4746.5000 0.94125426
4747.4000 0.9623155
4748.3000 0.94822335
4749.2000 0.93516678
4750.1000 0.93890673
4751.0000 0.94401473
4751.9000 0.9255594
4752.8000 0.91988826
4753.7000 0.90394169
4754.6000 0.88753766
4755.5000 0.88606894
4756.4000 0.88300276
4757.3000 0.8962633
4758.2000 0.90901566
4759.1000 0.9285081
4760.0000 0.94625539
4760.9000 0.93360794
4761.8000 0.88623816
4762.7000 0.85292566
4763.6000 0.84858322
4764.5000 0.84241623
4765.4000 0.81837559
4766.3000 0.81530535
4767.2000 0.85678041
4768.1000 0.89174676
4769.0000 0.92796689
4769.9000 0.96955645
4770.8000 0.95169663
4771.7000 0.91156721
4772.6000 0.90499109
4773.5000 0.94252217
4774.4000 0.98432451
4775.3000 0.98455238
4776.2000 0.96827346
4777.1000 0.98434353
4778.0000 1.00424898
4778.9000 0.9926793
4779.8000 0.97057164
4780.7000 0.96468103
4781.6000 0.96326607
4782.5000 0.937886
4783.4000 0.90911436
4784.3000 0.927154
4785.2000 0.94624203
4786.1000 0.89590532
4787.0000 0.87695521
4787.9000 0.90595686
4788.8000 0.89845908
4789.7000 0.88116688
4790.6000 0.89381301
4791.5000 0.91218799
4792.4000 0.92194897
4793.3000 0.96030217
4794.2000 1.0061717
4795.1000 1.02002001
4796.0000 1.00317645
4796.9000 0.97700381
4797.8000 0.93745643
4798.7000 0.89374316
4799.6000 0.86960173
4800.5000 0.8857044
4801.4000 0.94348675
4802.3000 0.98056334
4803.2000 0.98503321
4804.1000 0.96447259
4805.0000 0.92369306
4805.9000 0.9217881
4806.8000 0.92471468
4807.7000 0.89302796
4808.6000 0.88559049
4809.5000 0.91352713
4810.4000 0.93634975
4811.3000 0.94232982
4812.2000 0.94131929
4813.1000 0.93675375
4814.0000 0.9395014
4814.9000 0.9490878
4815.8000 0.96043217
4816.7000 0.98015028
4817.6000 0.98126549
4818.5000 0.9840067
4819.4000 0.99931705
4820.3000 0.99262828
4821.2000 0.98113984
4822.1000 0.9650296
4823.0000 0.91700161
4823.9000 0.87852919
4824.8000 0.908189
4825.7000 0.9574616
4826.6000 0.97542906
4827.5000 0.9614929
4828.4000 0.93829823
4829.3000 0.92642277
4830.2000 0.94055533
4831.1000 0.9302966
4832.0000 0.89524317
4832.9000 0.89864135
4833.8000 0.93579954
4834.7000 0.95946968
4835.6000 0.95482987
4836.5000 0.94969362
4837.4000 0.95640153
4838.3000 0.9412865
4839.2000 0.9016149
4840.1000 0.87678939
4841.0000 0.89016944
4841.9000 0.91445237
4842.8000 0.90779108
4843.7000 0.89990222
4844.6000 0.93734717
4845.5000 0.97296143
4846.4000 0.97904932
4847.3000 0.95288575
4848.2000 0.90951836
4849.1000 0.89476329
4850.0000 0.93206125
4850.9000 0.96386456
4851.8000 0.95399922
4852.7000 0.94923085
4853.6000 0.94409847
4854.5000 0.88803357
4855.4000 0.82629871
4856.3000 0.84049356
4857.2000 0.8936851
4858.1000 0.90655982
4859.0000 0.85874397
4859.9000 0.76486576
4860.8000 0.6586445
4861.7000 0.63414836
4862.6000 0.73265779
4863.5000 0.81838793
4864.4000 0.84698838
4865.3000 0.86954194
4866.2000 0.89201564
4867.1000 0.89572728
4868.0000 0.88659543
4868.9000 0.89053565
4869.8000 0.87891859
4870.7000 0.81649011
4871.6000 0.765652
4872.5000 0.7874788
4873.4000 0.84524745
4874.3000 0.86900556
4875.2000 0.86471206
4876.1000 0.87233138
4877.0000 0.89936894
4877.9000 0.91303045
4878.8000 0.94351333
4879.7000 0.98484921
4880.6000 0.96217877
4881.5000 0.90358871
4882.4000 0.89345282
4883.3000 0.92309654
4884.2000 0.9131152
4885.1000 0.86366028
4886.0000 0.82980394
4886.9000 0.83947337
4887.8000 0.86163974
4888.7000 0.86881411
4889.6000 0.86023933
4890.5000 0.81472427
4891.4000 0.79110909
4892.3000 0.86078924
4893.2000 0.94429231
4894.1000 0.99190217
4895.0000 1.020293
4895.9000 1.02665722
4896.8000 1.02005208
4897.7000 1.01734984
4898.6000 1.00061452
4899.5000 0.95467001
4900.4000 0.93532193
4901.3000 0.96244818
4902.2000 0.96735942
4903.1000 0.93649924
4904.0000 0.92785192
4904.9000 0.96196097
4905.8000 1.00057888
4906.7000 1.00426054
4907.6000 0.97260576
4908.5000 0.93197274
4909.4000 0.88411474
4910.3000 0.8472451
4911.2000 0.8568781
4912.1000 0.89746791
4913.0000 0.93076926
4913.9000 0.94652849
4914.8000 0.97146392
4915.7000 0.99725157
4916.6000 0.97856075
4917.5000 0.91558987
4918.4000 0.83458507
4919.3000 0.76626444
4920.2000 0.73527128
4921.1000 0.76325876
4922.0000 0.8347286
4922.9000 0.87984794
4923.8000 0.86968356
4924.7000 0.85699213
4925.6000 0.89484662
4926.5000 0.94260007
4927.4000 0.9513219
4928.3000 0.96397585
4929.2000 0.99461514
4930.1000 1.00330842
4931.0000 1.00298429
4931.9000 0.99420762
4932.8000 0.93438506
4933.7000 0.86800945
4934.6000 0.88279116
4935.5000 0.93269205
4936.4000 0.92842764
4937.3000 0.87839442
4938.2000 0.82380581
4939.1000 0.81177706
4940.0000 0.87259185
4940.9000 0.95724773
4941.8000 0.99000692
4942.7000 0.99145973
4943.6000 1.00312877
4944.5000 0.99612278
4945.4000 0.96184301
4946.3000 0.94643211
4947.2000 0.97558928
4948.1000 1.00771272
4949.0000 1.00868249
4949.9000 1.00423479
4950.8000 1.01456857
4951.7000 1.0103246
4952.6000 0.98689222
4953.5000 0.97833282
4954.4000 0.98987371
4955.3000 1.00017142
4956.2000 0.94934827
4957.1000 0.82765996
4958.0000 0.78806692
4958.9000 0.88784385
4959.8000 0.98905754
4960.7000 1.01635098
4961.6000 1.00077641
4962.5000 0.99906445
4963.4000 1.01465297
4964.3000 0.99632657
4965.2000 0.94471925
4966.1000 0.92200285
4967.0000 0.93519437
4967.9000 0.93446964
4968.8000 0.92895311
4969.7000 0.92986029
4970.6000 0.93323052
4971.5000 0.96220863
4972.4000 0.98966545
4973.3000 0.99954528
4974.2000 1.01363206
4975.1000 1.00551271
4976.0000 0.98021477
4976.9000 0.96829623
4977.8000 0.94168264
4978.7000 0.91291505
4979.6000 0.91398513
4980.5000 0.91862863
4981.4000 0.88856804
4982.3000 0.83478147
4983.2000 0.80751169
4984.1000 0.82477832
4985.0000 0.84978032
4985.9000 0.87977022
4986.8000 0.93236566
4987.7000 0.97009045
4988.6000 0.96706796
4989.5000 0.94812298
4990.4000 0.92719656
4991.3000 0.92064178
4992.2000 0.94562536
4993.1000 0.94730717
4994.0000 0.92942452
4994.9000 0.94601321
4995.8000 0.9621703
4996.7000 0.95171905
4997.6000 0.94576192
4998.5000 0.93140316
4999.4000 0.89549255
5000.3000 0.87450063
5001.2000 0.87667257
5002.1000 0.88301575
5003.0000 0.88964599
5003.9000 0.8873567
5004.8000 0.85856104
5005.7000 0.81620777
5006.6000 0.81114489
5007.5000 0.8707571
5008.4000 0.94157064
5009.3000 0.95111859
5010.2000 0.92891121
5011.1000 0.89734
5012.0000 0.84477693
5012.9000 0.80203885
5013.8000 0.78649753
5014.7000 0.80799407
5015.6000 0.85503012
5016.5000 0.87344658
5017.4000 0.84861481
5018.3000 0.83236992
5019.2000 0.85606205
5020.1000 0.88651586
5021.0000 0.88715237
5021.9000 0.86116749
5022.8000 0.86005014
5023.7000 0.89528888
5024.6000 0.91056889
5025.5000 0.91205972
5026.4000 0.89889812
5027.3000 0.86604911
5028.2000 0.87725484
5029.1000 0.92655128
5030.0000 0.94502008
5030.9000 0.94603956
5031.8000 0.97074324
5032.7000 1.00360394
5033.6000 1.0188694
5034.5000 0.98255771
5035.4000 0.904926
5036.3000 0.86113834
5037.2000 0.88843548
5038.1000 0.90052891
5039.0000 0.8562358
5039.9000 0.79076535
5040.8000 0.71972913
5041.7000 0.72902232
5042.6000 0.83545649
5043.5000 0.92278117
5044.4000 0.96287411
5045.3000 0.99619085
5046.2000 1.01848578
5047.1000 0.99200827
5048.0000 0.91819024
5048.9000 0.86921275
5049.8000 0.87670642
5050.7000 0.8905077
5051.6000 0.88353878
5052.5000 0.89195496
5053.4000 0.93074119
5054.3000 0.97214389
5055.2000 0.99135077
5056.1000 0.98852175
5057.0000 0.97763073
5057.9000 0.97730702
5058.8000 0.98589647
5059.7000 0.98546791
5060.6000 0.99651498
5061.5000 1.01549757
5062.4000 1.01902711
5063.3000 0.98495066
5064.2000 0.90957391
5065.1000 0.86167282
5066.0000 0.89084089
5066.9000 0.91783524
5067.8000 0.90767348
5068.7000 0.90631175
5069.6000 0.93994445
5070.5000 0.96369177
5071.4000 0.93122649
5072.3000 0.89027381
5073.2000 0.90861189
5074.1000 0.937132
5075.0000 0.92872989
5075.9000 0.91477662
5076.8000 0.93111241
5077.7000 0.94106025
5078.6000 0.87358332
5079.5000 0.78074127
5080.4000 0.76978457
5081.3000 0.8303262
5082.2000 0.88270539
5083.1000 0.88424277
5084.0000 0.89221352
5084.9000 0.92294198
5085.8000 0.94703823
5086.7000 0.93910265
5087.6000 0.92568642
5088.5000 0.93241775
5089.4000 0.95001137
5090.3000 0.95471793
5091.2000 0.95546436
5092.1000 0.96848363
5093.0000 0.98591691
5093.9000 0.99645102
5094.8000 0.98551601
5095.7000 0.96356612
5096.6000 0.91769791
5097.5000 0.86202055
5098.4000 0.80987108
5099.3000 0.80091125
5100.2000 0.87038225
5101.1000 0.94159365
5102.0000 0.96285886
5102.9000 0.94647348
5103.8000 0.91851377
5104.7000 0.90451366
5105.6000 0.90920746
5106.5000 0.89472359
5107.4000 0.862984
5108.3000 0.86583358
5109.2000 0.87362438
5110.1000 0.86027539
5111.0000 0.89052624
5111.9000 0.9377017
5112.8000 0.94844908
5113.7000 0.94690216
5114.6000 0.94005507
5115.5000 0.93811846
5116.4000 0.96160978
5117.3000 0.98521721
5118.2000 0.98839968
5119.1000 0.98298776
5120.0000 0.96309686
5120.9000 0.93127251
5121.8000 0.90151942
5122.7000 0.86095577
5123.6000 0.82581359
5124.5000 0.82956892
5125.4000 0.85015738
5126.3000 0.86911207
5127.2000 0.86731583
5128.1000 0.86601269
5129.0000 0.85806412
5129.9000 0.86539298
5130.8000 0.88417375
5131.7000 0.89525986
5132.6000 0.90711242
5133.5000 0.91405958
5134.4000 0.93857527
5135.3000 0.9623909
5136.2000 0.92995715
5137.1000 0.88737667
5138.0000 0.87334937
5138.9000 0.84562838
5139.8000 0.85295409
5140.7000 0.8987304
5141.6000 0.87801349
5142.5000 0.82064486
5143.4000 0.84044194
5144.3000 0.88804865
5145.2000 0.8846119
5146.1000 0.86365628
5147.0000 0.84766424
5147.9000 0.85009325
5148.8000 0.88322729
5149.7000 0.90547341
5150.6000 0.88624793
5151.5000 0.86027884
5152.4000 0.86146379
5153.3000 0.8685661
5154.2000 0.87317896
5155.1000 0.89516687
5156.0000 0.92107278
5156.9000 0.94597989
5157.8000 0.96278918
5158.7000 0.95595628
5159.6000 0.95913708
5160.5000 0.96967304
5161.4000 0.94909972
5162.3000 0.91844124
5163.2000 0.90995014
5164.1000 0.88786912
5165.0000 0.82685924
5165.9000 0.75200522
5166.8000 0.65370589
5167.7000 0.61394435
5168.6000 0.66469145
5169.5000 0.77197719
5170.4000 0.83001781
5171.3000 0.74611121
5172.2000 0.61147165
5173.1000 0.60389155
5174.0000 0.7472707
5174.9000 0.88797957
5175.8000 0.92365199
5176.7000 0.91961026
5177.6000 0.93965411
5178.5000 0.95506549
5179.4000 0.94865716
5180.3000 0.92929888
5181.2000 0.89557415
5182.1000 0.79583246
5183.0000 0.63620144
5183.9000 0.57537848
5184.8000 0.700248
5185.7000 0.84699851
5186.6000 0.91984504
5187.5000 0.92070222
5188.4000 0.89882261
5189.3000 0.92761642
5190.2000 0.95670944
5191.1000 0.8875404
5192.0000 0.79330403
5192.9000 0.79877663
5193.8000 0.86372417
5194.7000 0.87141925
5195.6000 0.85749894
5196.5000 0.86882031
5197.4000 0.89194584
5198.3000 0.91231012
5199.2000 0.94131124
5200.1000 0.95201272
5201.0000 0.95014191
5201.9000 0.9383797
5202.8000 0.93614054
5203.7000 0.91874039
5204.6000 0.85615504
5205.5000 0.80544299
5206.4000 0.81949258
5207.3000 0.83763814
5208.2000 0.80279803
5209.1000 0.81806183
5210.0000 0.87173706
5210.9000 0.90375352
5211.8000 0.93262494
5212.7000 0.95733327
5213.6000 0.96129882
5214.5000 0.9243049
5215.4000 0.87686777
5216.3000 0.86073142
5217.2000 0.87510914
5218.1000 0.91184652
5219.0000 0.94430768
5219.9000 0.95373803
5220.8000 0.95265973
5221.7000 0.95265114
5222.6000 0.93601096
5223.5000 0.89949661
5224.4000 0.8507598
5225.3000 0.80055529
5226.2000 0.74888533
5227.1000 0.73764735
5228.0000 0.81889731
5228.9000 0.90606087
5229.8000 0.93407667
5230.7000 0.94970387
5231.6000 0.95084411
5232.5000 0.89955086
5233.4000 0.86814946
5234.3000 0.87206757
5235.2000 0.88396508
5236.1000 0.92196769
5237.0000 0.96783751
5237.9000 0.98436666
5238.8000 0.97773647
5239.7000 0.97500253
5240.6000 0.98667002
5241.5000 0.98702836
5242.4000 0.9660753
5243.3000 0.96103716
5244.2000 0.98844945
5245.1000 1.00119364
5246.0000 0.9568314
5246.9000 0.89026874
5247.8000 0.87568408
5248.7000 0.89477122
5249.6000 0.87640101
5250.5000 0.85235208
5251.4000 0.87732941
5252.3000 0.91319716
5253.2000 0.92010731
5254.1000 0.89992887
5255.0000 0.86521482
5255.9000 0.89419985
5256.8000 0.96690017
5257.7000 1.00187302
5258.6000 1.00848663
5259.5000 0.99484801
5260.4000 0.96666002
5261.3000 0.90944415
5262.2000 0.84278113
5263.1000 0.79509234
5264.0000 0.76131195
5264.9000 0.73805541
5265.8000 0.72647464
5266.7000 0.77813256
5267.6000 0.8430872
5268.5000 0.79787403
5269.4000 0.69300973
5270.3000 0.69727218
5271.2000 0.81363273
5272.1000 0.88902646
5273.0000 0.88200343
5273.9000 0.868025
5274.8000 0.84848869
5275.7000 0.84154248
5276.6000 0.9047364
5277.5000 0.97906166
5278.4000 0.99959916
5279.3000 0.97444814
5280.2000 0.93220109
5281.1000 0.90599298
5282.0000 0.88955742
5282.9000 0.87196046
5283.8000 0.85633367
5284.7000 0.89595312
5285.6000 0.97677886
5286.5000 1.01964498
5287.4000 1.01125252
5288.3000 0.99201542
5289.2000 1.00086331
5290.1000 1.02171683
5291.0000 1.02834857
5291.9000 1.0108186
5292.8000 0.98069412
5293.7000 0.97376382
5294.6000 0.97496361
5295.5000 0.95203882
5296.4000 0.89458698
5297.3000 0.83111775
5298.2000 0.81529742
5299.1000 0.87615025
5300.0000 0.92670929
5300.9000 0.92023534
5301.8000 0.90920162
5302.7000 0.93455505
5303.6000 0.9789772
5304.5000 1.01305509
5305.4000 1.02274883
5306.3000 1.00572002
5307.2000 0.98204887
5308.1000 0.98813349
5309.0000 1.01299095
5309.9000 1.03095984
5310.8000 1.02668023
5311.7000 1.01547778
5312.6000 1.00816107
5313.5000 0.99893624
5314.4000 0.99822271
5315.3000 0.98070705
5316.2000 0.95205492
5317.1000 0.94862998
5318.0000 0.96746939
5318.9000 0.97191495
5319.8000 0.96354973
5320.7000 0.96258414
5321.6000 0.96316069
5322.5000 0.95388734
5323.4000 0.9204033
5324.3000 0.89583391
5325.2000 0.91027576
5326.1000 0.91466177
5327.0000 0.84238619
5327.9000 0.73468143
5328.8000 0.72820705
5329.7000 0.83275747
5330.6000 0.92510831
5331.5000 0.95087314
5332.4000 0.93275023
5333.3000 0.93733174
5334.2000 0.97638178
5335.1000 1.00087118
5336.0000 0.9929927
5336.9000 0.97606826
5337.8000 0.97026438
5338.7000 0.95787311
5339.6000 0.90496022
5340.5000 0.86177194
5341.4000 0.89074343
5342.3000 0.94648063
5343.2000 0.97436005
5344.1000 0.98017025
5345.0000 0.96205354
5345.9000 0.94326884
5346.8000 0.94961548
5347.7000 0.94524676
5348.6000 0.91662598
5349.5000 0.90874302
5350.4000 0.94377625
5351.3000 0.98244202
5352.2000 0.98706067
5353.1000 0.97884202
5354.0000 0.99327189
5354.9000 1.02518618
5355.8000 1.03954518
5356.7000 1.03520584
5357.6000 1.03316343
5358.5000 1.03311324
5359.4000 1.03204584
5360.3000 1.01919329
5361.2000 0.99186814
5362.1000 0.96813089
5363.0000 0.96465588
5363.9000 0.96324193
5364.8000 0.94740832
5365.7000 0.94569254
5366.6000 0.95423537
5367.5000 0.95305371
5368.4000 0.94643009
5369.3000 0.90571946
5370.2000 0.85451776
5371.1000 0.83521497
5372.0000 0.87744802
5372.9000 0.95595402
5373.8000 1.00332248
5374.7000 1.02027607
5375.6000 1.02600026
5376.5000 1.01012254
5377.4000 0.99484181
5378.3000 0.99700183
5379.2000 0.99697876
5380.1000 0.9835332
5381.0000 0.97253633
5381.9000 0.97151995
5382.8000 0.96631783
5383.7000 0.97031784
5384.6000 0.99488574
5385.5000 0.99983567
5386.4000 0.98567611
5387.3000 0.97744709
5388.2000 0.9686597
5389.1000 0.95130318
5390.0000 0.93262249
5390.9000 0.92315793
5391.8000 0.91938531
5392.7000 0.91904795
5393.6000 0.9172734
5394.5000 0.91862136
5395.4000 0.91308284
5396.3000 0.87552249
5397.2000 0.84510106
5398.1000 0.88163936
5399.0000 0.93194997
5399.9000 0.93539399
5400.8000 0.93474573
5401.7000 0.95600647
5402.6000 0.95379668
5403.5000 0.89955193
5404.4000 0.83600986
5405.3000 0.80552411
5406.2000 0.82563174
5407.1000 0.87542093
5408.0000 0.90741479
5408.9000 0.89634752
5409.8000 0.87409925
5410.7000 0.89324129
5411.6000 0.94648045
5412.5000 0.97846717
5413.4000 0.97730362
5414.3000 0.96335423
5415.2000 0.96126842
5416.1000 0.98479009
5417.0000 1.00361836
5417.9000 0.99945664
5418.8000 0.97798246
5419.7000 0.95103228
5420.6000 0.94099528
5421.5000 0.96112925
5422.4000 0.97626984
5423.3000 0.9492414
5424.2000 0.91804391
5425.1000 0.94066769
5426.0000 0.9920789
5426.9000 1.01948047
5427.8000 0.9927721
5428.7000 0.91608787
5429.6000 0.86271608
5430.5000 0.90061158
5431.4000 0.94772315
5432.3000 0.93141013
5433.2000 0.89941615
5434.1000 0.88085854
5435.0000 0.87526065
5435.9000 0.88989788
5436.8000 0.92561775
5437.7000 0.97761321
5438.6000 1.02146423
5439.5000 1.03715324
5440.4000 1.03190732
5441.3000 1.02403677
5442.2000 1.02006054
5443.1000 1.01739657
5444.0000 0.99525958
5444.9000 0.94927013
5445.8000 0.89150494
5446.7000 0.86179054
5447.6000 0.90618753
5448.5000 0.9781251
5449.4000 1.01435542
5450.3000 1.02133858
5451.2000 1.01060247
5452.1000 0.99867111
5453.0000 0.9828167
5453.9000 0.9483912
5454.8000 0.89541507
5455.7000 0.87963289
5456.6000 0.93364161
5457.5000 0.99975312
5458.4000 1.02770054
5459.3000 1.02224553
5460.2000 0.99881244
5461.1000 0.97343653
5462.0000 0.93707955
5462.9000 0.90613604
5463.8000 0.92182624
5464.7000 0.96583819
5465.6000 0.97949839
5466.5000 0.97035241
5467.4000 0.9733243
5468.3000 0.98502427
5469.2000 0.97543114
5470.1000 0.95139658
5471.0000 0.94680911
5471.9000 0.9520824
5472.8000 0.93961269
5473.7000 0.92566568
5474.6000 0.92896116
5475.5000 0.89837033
5476.4000 0.84214467
5477.3000 0.85066175
5478.2000 0.91907048
5479.1000 0.96090043
5480.0000 0.9400391
5480.9000 0.89287597
5481.8000 0.88218981
5482.7000 0.91104794
5483.6000 0.95130932
5484.5000 0.98899919
5485.4000 1.00290024
5486.3000 0.97453421
5487.2000 0.9326598
5488.1000 0.92529821
5489.0000 0.94574887
5489.9000 0.95855016
5490.8000 0.96689588
5491.7000 0.97653574
5492.6000 0.96383333
5493.5000 0.9432137
5494.4000 0.95167398
5495.3000 0.97357041
5496.2000 0.97084796
5497.1000 0.95071971
5498.0000 0.9606477
5498.9000 0.998469
5499.8000 1.00575471
5500.7000 0.96997386
5501.6000 0.93453532
5502.5000 0.93398052
5503.4000 0.95003659
5504.3000 0.95852894
5505.2000 0.94522721
5506.1000 0.92206669
5507.0000 0.92788672
5507.9000 0.96006453
5508.8000 0.97238553
5509.7000 0.95987642
5510.6000 0.94780385
5511.5000 0.91938329
5512.4000 0.88942671
5513.3000 0.89279258
5514.2000 0.91441447
5515.1000 0.93464243
5516.0000 0.94741023
5516.9000 0.95630699
5517.8000 0.9777351
5518.7000 0.99928433
5519.6000 0.99793226
5520.5000 0.98608494
5521.4000 0.97958928
5522.3000 0.98117006
5523.2000 0.98712045
5524.1000 0.98577529
5525.0000 0.97171605
5525.9000 0.95208013
5526.8000 0.92848325
5527.7000 0.90162498
5528.6000 0.89839715
5529.5000 0.93223625
5530.4000 0.96867239
5531.3000 0.97757888
5532.2000 0.97057635
5533.1000 0.96109873
5534.0000 0.94767636
5534.9000 0.93096471
5535.8000 0.93596977
5536.7000 0.95422107
5537.6000 0.9598251
5538.5000 0.96242416
5539.4000 0.97971499
5540.3000 0.99974161
5541.2000 1.00704849
5542.1000 0.98881036
5543.0000 0.95875007
5543.9000 0.9515385
5544.8000 0.95995981
5545.7000 0.95958799
5546.6000 0.96246338
5547.5000 0.98332793
5548.4000 1.00682521
5549.3000 1.01472998
5550.2000 1.01594877
5551.1000 1.01347673
5552.0000 0.99831408
5552.9000 0.9717232
5553.8000 0.94420481
5554.7000 0.94371033
5555.6000 0.97042924
5556.5000 0.9853493
5557.4000 0.97646654
5558.3000 0.97522455
5559.2000 0.98475391
5560.1000 0.98137516
5561.0000 0.9742294
5561.9000 0.95823014
5562.8000 0.93383098
5563.7000 0.93092418
5564.6000 0.93971258
5565.5000 0.93553847
5566.4000 0.93139696
5567.3000 0.93970984
5568.2000 0.94331813
5569.1000 0.92877352
5570.0000 0.94377577
5570.9000 0.97949201
5571.8000 0.9598546
5572.7000 0.91945672
5573.6000 0.93522274
5574.5000 0.97487766
5575.4000 0.97851324
5576.3000 0.96521604
5577.2000 0.97069609
5578.1000 0.97073662
5579.0000 0.97108614
5579.9000 0.99236882
5580.8000 0.99233693
5581.7000 0.97014147
5582.6000 0.97432637
5583.5000 0.97846842
5584.4000 0.96503502
5585.3000 0.93776476
5586.2000 0.89030099
5587.1000 0.85074389
5588.0000 0.84849554
5588.9000 0.86433089
5589.8000 0.88733864
5590.7000 0.91309971
5591.6000 0.92603099
5592.5000 0.92543352
5593.4000 0.91879475
5594.3000 0.9114359
5595.2000 0.9372595
5596.1000 0.98092872
5597.0000 0.98319316
5597.9000 0.94773537
5598.8000 0.92817187
5599.7000 0.92616081
5600.6000 0.90664077
5601.5000 0.8825044
5602.4000 0.87981594
5603.3000 0.91445643
5604.2000 0.9708373
5605.1000 1.00470638
5606.0000 1.01491344
5606.9000 1.01626587
5607.8000 1.01090896
5608.7000 1.0114491
5609.6000 1.01314437
5610.5000 1.01621747
5611.4000 1.02370906
5612.3000 1.02501953
5613.2000 1.00256073
5614.1000 0.94082558
5615.0000 0.87015092
5615.9000 0.86766195
5616.8000 0.92623037
5617.7000 0.96289438
5618.6000 0.95876753
5619.5000 0.94764918
5620.4000 0.9562242
5621.3000 0.98037201
5622.2000 0.99019217
5623.1000 0.96024507
5624.0000 0.90900999
5624.9000 0.88998514
5625.8000 0.91905457
5626.7000 0.9441663
5627.6000 0.95484889
5628.5000 0.98030835
5629.4000 1.0130043
5630.3000 1.02167773
5631.2000 1.01252604
5632.1000 1.00115943
5633.0000 0.98882228
5633.9000 0.9767099
5634.8000 0.96485466
5635.7000 0.94969654
5636.6000 0.93109918
5637.5000 0.92658138
5638.4000 0.94603419
5639.3000 0.96547455
5640.2000 0.95402044
5641.1000 0.92888594
5642.0000 0.92483884
5642.9000 0.93484044
5643.8000 0.93975782
5644.7000 0.95079464
5645.6000 0.96638346
5646.5000 0.9818992
5647.4000 0.99052858
5648.3000 0.97590119
5649.2000 0.94996685
5650.1000 0.94489247
5651.0000 0.96217448
5651.9000 0.98037207
5652.8000 0.98036253
5653.7000 0.95734853
5654.6000 0.93050694
5655.5000 0.93382037
5656.4000 0.94798124
5657.3000 0.90743518
5658.2000 0.84709328
5659.1000 0.8575291
5660.0000 0.9114033
5660.9000 0.92672437
5661.8000 0.90383756
5662.7000 0.89940894
5663.6000 0.93568122
5664.5000 0.97333014
5665.4000 0.97954983
5666.3000 0.95883232
5667.2000 0.93634713
5668.1000 0.93492305
5669.0000 0.94557422
5669.9000 0.9562546
5670.8000 0.96493769
5671.7000 0.97919387
5672.6000 1.00129795
5673.5000 1.01362932
5674.4000 1.0043385
5675.3000 0.99252558
5676.2000 0.99815166
5677.1000 1.00433731
5678.0000 0.99542111
5678.9000 0.98480648
5679.8000 0.98499995
5680.7000 0.98396808
5681.6000 0.9590432
5682.5000 0.93157506
5683.4000 0.93213159
5684.3000 0.94653028
5685.2000 0.95182341
5686.1000 0.94328785
5687.0000 0.92912549
5687.9000 0.92185158
5688.8000 0.93444258
5689.7000 0.95961952
5690.6000 0.9721359
5691.5000 0.97800136
5692.4000 0.98915654
5693.3000 0.9868629
5694.2000 0.97742134
5695.1000 0.98639184
5696.0000 1.00187767
5696.9000 0.99178272
5697.8000 0.95814544
5698.7000 0.93859398
5699.6000 0.93991929
5700.5000 0.92960525
5701.4000 0.91793805
5702.3000 0.9284234
5703.2000 0.95024991
5704.1000 0.96062249
5705.0000 0.94396234
5705.9000 0.91230285
5706.8000 0.89463085
5707.7000 0.88303423
5708.6000 0.86622775
5709.5000 0.86943346
5710.4000 0.88351184
5711.3000 0.87956655
5712.2000 0.89399821
5713.1000 0.94373292
5714.0000 0.97520816
5714.9000 0.97890675
5715.8000 0.98755336
5716.7000 0.99268413
5717.6000 0.98287964
5718.5000 0.98068446
5719.4000 0.99620348
5720.3000 1.01082838
5721.2000 1.01620388
5722.1000 1.02133238
5723.0000 1.02592134
5723.9000 1.02589726
5724.8000 1.0255394
5725.7000 1.0109452
5726.6000 0.98363495
5727.5000 0.97549421
5728.4000 0.99175489
5729.3000 1.00826526
5730.2000 0.99812102
5731.1000 0.97106045
5732.0000 0.97029644
5732.9000 0.99633116
5733.8000 1.01956511
5734.7000 1.02817523
5735.6000 1.02600527
5736.5000 1.01364779
5737.4000 1.00331593
5738.3000 1.00562799
5739.2000 1.00521064
5740.1000 0.998007
5741.0000 0.98893625
5741.9000 0.98491901
5742.8000 0.99149382
5743.7000 1.00197923
5744.6000 1.01374817
5745.5000 1.02537811
5746.4000 1.01202893
5747.3000 0.97717685
5748.2000 0.96208066
5749.1000 0.98888463
5750.0000 1.02352154
5750.9000 1.02253807
5751.8000 0.9863947
5752.7000 0.94206357
5753.6000 0.91478115
5754.5000 0.92467612
5755.4000 0.96369326
5756.3000 0.99313486
5757.2000 1.0085752
5758.1000 1.01476347
5759.0000 1.00265682
5759.9000 0.97974521
5760.8000 0.95620799
5761.7000 0.93038708
5762.6000 0.92449552
5763.5000 0.9623881
5764.4000 1.01143622
5765.3000 1.0380286
5766.2000 1.04198432
5767.1000 1.03766298
5768.0000 1.03004301
5768.9000 1.01874936
5769.8000 1.0102371
5770.7000 1.00404787
5771.6000 0.9916296
5772.5000 0.98380899
5773.4000 0.99153256
5774.3000 0.98648757
5775.2000 0.98290604
5776.1000 0.99681675
5777.0000 1.00375128
5777.9000 0.99594635
5778.8000 0.97801679
5779.7000 0.94182843
5780.6000 0.90020573
5781.5000 0.88036531
5782.4000 0.89243054
5783.3000 0.91230297
5784.2000 0.90345407
5785.1000 0.8887561
5786.0000 0.91195655
5786.9000 0.95147604
5787.8000 0.96860015
5788.7000 0.98116922
5789.6000 0.98041195
5790.5000 0.95895195
5791.4000 0.95316434
5792.3000 0.97165501
5793.2000 0.9841491
5794.1000 0.99414498
5795.0000 1.00347888
5795.9000 0.99478704
5796.8000 0.9649812
5797.7000 0.94209296
5798.6000 0.96114367
5799.5000 0.99954635
5800.4000 1.01328456
5801.3000 1.01182246
5802.2000 1.01079786
5803.1000 0.99058968
5804.0000 0.95947343
5804.9000 0.94663471
5805.8000 0.95312548
5806.7000 0.96766108
5807.6000 0.97710866
5808.5000 0.97816914
5809.4000 0.98526001
5810.3000 0.99615008
5811.2000 0.99462879
5812.1000 0.99295813
5813.0000 0.9991883
5813.9000 0.99351579
5814.8000 0.96776533
5815.7000 0.94458616
5816.6000 0.9505586
5817.5000 0.98565841
5818.4000 1.01516819
5819.3000 1.02690828
5820.2000 1.02881515
5821.1000 1.02306092
5822.0000 1.01553798
5822.9000 1.01214612
5823.8000 1.01511669
5824.7000 1.01725447
5825.6000 1.0155021
5826.5000 1.01066422
5827.4000 1.00643027
5828.3000 1.0077312
5829.2000 1.01593232
5830.1000 1.0156579
5831.0000 1.00523722
5831.9000 0.99952757
5832.8000 0.99841005
5833.7000 0.99033797
5834.6000 0.98447198
5835.5000 0.99436778
5836.4000 1.00676537
5837.3000 1.00349295
5838.2000 0.99711984
5839.1000 1.00652707
5840.0000 1.02121079
5840.9000 1.02814543
5841.8000 1.02875173
5842.7000 1.0276655
5843.6000 1.02244616
5844.5000 1.01528573
5845.4000 1.00343609
5846.3000 0.98574299
5847.2000 0.97712064
5848.1000 0.97856623
5849.0000 0.98486996
5849.9000 0.99193597
5850.8000 0.9924134
5851.7000 0.97837573
5852.6000 0.95328265
5853.5000 0.94017154
5854.4000 0.95037508
5855.3000 0.96390772
5856.2000 0.94903582
5857.1000 0.91254598
5858.0000 0.90120977
5858.9000 0.92326123
5859.8000 0.94830352
5860.7000 0.96389508
5861.6000 0.96401191
5862.5000 0.96747655
5863.4000 0.97750676
5864.3000 0.98493463
5865.2000 0.98176861
5866.1000 0.96712559
5867.0000 0.95942903
5867.9000 0.97086507
5868.8000 0.989438
5869.7000 1.00494933
5870.6000 1.01337647
5871.5000 1.01302433
5872.4000 1.00361264
5873.3000 0.99545443
5874.2000 1.00009966
5875.1000 1.00308311
5876.0000 0.99821252
5876.9000 0.99039298
5877.8000 0.98595262
5878.7000 0.98235029
5879.6000 0.97136056
5880.5000 0.97005278
5881.4000 0.98328805
5882.3000 0.98648179
5883.2000 0.97222984
5884.1000 0.96337378
5885.0000 0.97768325
5885.9000 0.9983834
5886.8000 0.99971575
5887.7000 0.96081465
5888.6000 0.85253662
5889.5000 0.73241639
5890.4000 0.7238763
5891.3000 0.81332827
5892.2000 0.88282067
5893.1000 0.91085988
5894.0000 0.91082662
5894.9000 0.85194969
5895.8000 0.78881848
5896.7000 0.82138795
5897.6000 0.90502822
5898.5000 0.94639039
5899.4000 0.95327443
5900.3000 0.9641664
5901.2000 0.97792971
5902.1000 0.98227274
5903.0000 0.98294169
5903.9000 0.98178858
5904.8000 0.97380227
5905.7000 0.96480328
5906.6000 0.96876723
5907.5000 0.98103052
5908.4000 0.98580372
5909.3000 0.98240334
5910.2000 0.98670381
5911.1000 0.99760169
5912.0000 0.99693125
5912.9000 0.97621197
5913.8000 0.9495073
5914.7000 0.93745124
5915.6000 0.94194263
5916.5000 0.95235527
5917.4000 0.96227103
5918.3000 0.96929437
5919.2000 0.98211187
5920.1000 0.99136943
5921.0000 0.98394585
5921.9000 0.97590286
5922.8000 0.98236912
5923.7000 0.99967515
5924.6000 1.01321185
5925.5000 1.01373017
5926.4000 1.00120473
5927.3000 0.98222113
5928.2000 0.96312147
5929.1000 0.94685197
5930.0000 0.94463319
5930.9000 0.96725887
5931.8000 0.99339873
5932.7000 0.99571979
5933.6000 0.97391307
5934.5000 0.95312053
5935.4000 0.95762789
5936.3000 0.97694212
5937.2000 0.99517459
5938.1000 1.0066818
5939.0000 1.00553
5939.9000 0.98876125
5940.8000 0.96843988
5941.7000 0.9599542
5942.6000 0.96673137
5943.5000 0.98085278
5944.4000 0.9935208
5945.3000 1.00363147
5946.2000 1.00437939
5947.1000 0.98293972
5948.0000 0.95262778
5948.9000 0.94303066
5949.8000 0.96187651
5950.7000 0.98047405
5951.6000 0.97030598
5952.5000 0.9463526
5953.4000 0.94792807
5954.3000 0.97111344
5955.2000 0.97846675
5956.1000 0.96278882
5957.0000 0.95087057
5957.9000 0.9590497
5958.8000 0.97719181
5959.7000 0.99487615
5960.6000 1.00411153
5961.5000 1.0088551
5962.4000 1.01609123
5963.3000 1.01451075
5964.2000 0.99846357
5965.1000 0.97703242
5966.0000 0.96733654
5966.9000 0.9807784
5967.8000 0.99906707
5968.7000 1.0071218
5969.6000 1.0133394
5970.5000 1.0182277
5971.4000 1.01311278
5972.3000 1.00810766
5973.2000 1.00919163
5974.1000 0.99519855
5975.0000 0.96728361
5975.9000 0.94751054
5976.8000 0.94413793
5977.7000 0.95676786
5978.6000 0.97403395
5979.5000 0.99153441
5980.4000 1.00388634
5981.3000 1.00148523
5982.2000 0.98526198
5983.1000 0.95610684
5984.0000 0.93522328
5984.9000 0.94150937
5985.8000 0.95366412
5986.7000 0.95553851
5987.6000 0.96374965
5988.5000 0.9847405
5989.4000 0.99473363
5990.3000 0.98041248
5991.2000 0.96194488
5992.1000 0.96055335
5993.0000 0.97400844
5993.9000 0.99135613
5994.8000 0.99700272
5995.7000 0.98083526
5996.6000 0.95210886
5997.5000 0.9347024
5998.4000 0.94587928
5999.3000 0.97260278
6000.2000 0.98652232
6001.1000 0.97980452
6002.0000 0.96334517
6002.9000 0.95211065
6003.8000 0.95635349
6004.7000 0.96384358
6005.6000 0.95767432
6006.5000 0.93762422
6007.4000 0.90873057
6008.3000 0.90178382
6009.2000 0.93325573
6010.1000 0.97075385
6011.0000 0.98180509
6011.9000 0.95944607
6012.8000 0.92946452
6013.7000 0.93223476
6014.6000 0.95562667
6015.5000 0.95873594
6016.4000 0.95273912
6017.3000 0.96299541
6018.2000 0.97234082
6019.1000 0.95110697
6020.0000 0.92532742
6020.9000 0.92765391
6021.8000 0.94162142
6022.7000 0.94808358
6023.6000 0.94628721
6024.5000 0.95491743
6025.4000 0.96984828
6026.3000 0.96732348
6027.2000 0.96045613
6028.1000 0.96832186
6029.0000 0.98254848
6029.9000 0.98926622
6030.8000 0.98806804
6031.7000 0.9901287
6032.6000 0.9981941
6033.5000 1.00158417
6034.4000 0.99110419
6035.3000 0.98479897
6036.2000 0.99586123
6037.1000 1.00542819
6038.0000 1.00334716
6038.9000 0.99567008
6039.8000 0.98721176
6040.7000 0.98231167
6041.6000 0.98213834
6042.5000 0.98880744
6043.4000 0.9990868
6044.3000 1.0007782
6045.2000 0.99808258
6046.1000 0.99979383
6047.0000 1.00641978
6047.9000 1.00651586
6048.8000 1.00115085
6049.7000 1.00029349
6050.6000 0.99980932
6051.5000 0.99786931
6052.4000 0.99622178
6053.3000 0.98709315
6054.2000 0.97677547
6055.1000 0.96683675
6056.0000 0.96257281
6056.9000 0.97502208
6057.8000 0.99263698
6058.7000 1.00289178
6059.6000 1.00333905
6060.5000 1.00211191
6061.4000 0.99625868
6062.3000 0.97611046
6063.2000 0.95737332
6064.1000 0.93947244
6065.0000 0.92209017
6065.9000 0.93492961
6066.8000 0.97248477
6067.7000 1.0012511
6068.6000 1.01195002
6069.5000 1.01224411
6070.4000 1.00852072
6071.3000 1.00803161
6072.2000 1.00691032
6073.1000 1.00320208
6074.0000 1.00545907
6074.9000 1.00993335
6075.8000 1.00556278
6076.7000 0.9888581
6077.6000 0.95892912
6078.5000 0.93846762
6079.4000 0.95383096
6080.3000 0.97253919
6081.2000 0.9585256
6082.1000 0.9374125
6083.0000 0.94188774
6083.9000 0.95162755
6084.8000 0.94410133
6085.7000 0.93920773
6086.6000 0.9483816
6087.5000 0.96178675
6088.4000 0.96653014
6089.3000 0.95214212
6090.2000 0.93936348
6091.1000 0.94362265
6092.0000 0.94753689
6092.9000 0.94524121
6093.8000 0.95331907
6094.7000 0.96900088
6095.6000 0.96974111
6096.5000 0.96239257
6097.4000 0.96135324
6098.3000 0.96855378
6099.2000 0.9817338
6100.1000 0.98621726
6101.0000 0.95592856
6101.9000 0.89511889
6102.8000 0.86920154
6103.7000 0.9135977
6104.6000 0.96640503
6105.5000 0.98127663
6106.4000 0.96996403
6107.3000 0.95409673
6108.2000 0.95636839
6109.1000 0.97595125
6110.0000 0.97612125
6110.9000 0.95687997
6111.8000 0.94821221
6112.7000 0.9565199
6113.6000 0.97009331
6114.5000 0.97420323
6115.4000 0.95933247
6116.3000 0.94980747
6117.2000 0.96261632
6118.1000 0.97381729
6119.0000 0.96632212
6119.9000 0.9526186
6120.8000 0.93190432
6121.7000 0.90689284
6122.6000 0.91781753
6123.5000 0.95699024
6124.4000 0.97130787
6125.3000 0.96151531
6126.2000 0.95611411
6127.1000 0.94935018
6128.0000 0.93747753
6128.9000 0.9382984
6129.8000 0.95194578
6130.7000 0.95971674
6131.6000 0.95915884
6132.5000 0.96454901
6133.4000 0.96989518
6134.3000 0.95674527
6135.2000 0.91356391
6136.1000 0.84657151
6137.0000 0.80897176
6137.9000 0.84879142
6138.8000 0.92991424
6139.7000 0.97525692
6140.6000 0.95335251
6141.5000 0.91692871
6142.4000 0.92127651
6143.3000 0.94940305
6144.2000 0.96888959
6145.1000 0.97643119
6146.0000 0.97881889
6146.9000 0.96720386
6147.8000 0.95070696
6148.7000 0.94691974
6149.6000 0.94804585
6150.5000 0.95000964
6151.4000 0.957017
6152.3000 0.96912503
6153.2000 0.97310483
6154.1000 0.95890439
6155.0000 0.94760281
6155.9000 0.95184249
6156.8000 0.95505553
6157.7000 0.9558056
6158.6000 0.96408933
6159.5000 0.95350981
6160.4000 0.90270013
6161.3000 0.84411186
6162.2000 0.82711631
6163.1000 0.852835
6164.0000 0.89164853
6164.9000 0.91852355
6165.8000 0.92922169
6166.7000 0.94409513
6167.6000 0.94791317
6168.5000 0.90834278
6169.4000 0.86465228
6170.3000 0.87804621
6171.2000 0.92869937
6172.1000 0.95261294
6173.0000 0.94443035
6173.9000 0.93910182
6174.8000 0.94111896
6175.7000 0.93627375
6176.6000 0.932338
6177.5000 0.94643426
6178.4000 0.96151143
6179.3000 0.95323348
6180.2000 0.94496059
6181.1000 0.96132058
6182.0000 0.9783628
6182.9000 0.97894043
6183.8000 0.9772929
6184.7000 0.97689974
6185.6000 0.96895033
6186.5000 0.95446151
6187.4000 0.94294983
6188.3000 0.94297731
6189.2000 0.94615322
6190.1000 0.92200971
6191.0000 0.88404799
6191.9000 0.89190173
6192.8000 0.94210738
6193.7000 0.97912955
6194.6000 0.98427176
6195.5000 0.97827399
6196.4000 0.98204225
6197.3000 0.98281538
6198.2000 0.96095073
6199.1000 0.92713207
6200.0000 0.91427445
6200.9000 0.9357354
6201.8000 0.96596688
6202.7000 0.98156971
6203.6000 0.97970694
6204.5000 0.97583711
6205.4000 0.98344934
6206.3000 0.99187714
6207.2000 0.99015951
6208.1000 0.98237169
6209.0000 0.97706938
6209.9000 0.97461706
6210.8000 0.97336608
6211.7000 0.96644604
6212.6000 0.93214512
6213.5000 0.89277136
6214.4000 0.88401377
6215.3000 0.89673716
6216.2000 0.91836011
6217.1000 0.94083577
6218.0000 0.9411884
6218.9000 0.91451621
6219.8000 0.89338046
6220.7000 0.90211529
6221.6000 0.93168026
6222.5000 0.95566696
6223.4000 0.95504981
6224.3000 0.94489306
6225.2000 0.94599789
6226.1000 0.94618255
6227.0000 0.94199741
6227.9000 0.94034553
6228.8000 0.91900003
6229.7000 0.87728465
6230.6000 0.85870248
6231.5000 0.87781817
6232.4000 0.90405673
6233.3000 0.9309566
6234.2000 0.96153015
6235.1000 0.97486413
6236.0000 0.96669757
6236.9000 0.95256972
6237.8000 0.93766999
6238.7000 0.92417371
6239.6000 0.91149479
6240.5000 0.915007
6241.4000 0.9265092
6242.3000 0.91249025
6243.2000 0.8919937
6244.1000 0.89500695
6245.0000 0.90208554
6245.9000 0.90333539
6246.8000 0.91497445
6247.7000 0.93754965
6248.6000 0.94988477
6249.5000 0.94950068
6250.4000 0.94314593
6251.3000 0.91550511
6252.2000 0.88029474
6253.1000 0.86559206
6254.0000 0.86817348
6254.9000 0.87614095
6255.8000 0.88071382
6256.7000 0.87956959
6257.6000 0.87053692
6258.5000 0.86968684
6259.4000 0.89490259
6260.3000 0.91872466
6261.2000 0.92895353
6262.1000 0.94280088
6263.0000 0.95582539
6263.9000 0.94724154
6264.8000 0.93042672
6265.7000 0.93365854
6266.6000 0.95035833
6267.5000 0.95846695
6268.4000 0.95396143
6269.3000 0.94377393
6270.2000 0.93458891
6271.1000 0.93288672
6272.0000 0.94370234
6272.9000 0.95371884
6273.8000 0.95472115
6274.7000 0.95962161
6275.6000 0.96478868
6276.5000 0.96386081
6277.4000 0.96145749
6278.3000 0.94742489
6279.2000 0.92057699
6280.1000 0.90277088
6281.0000 0.90880555
6281.9000 0.92516589
6282.8000 0.94180185
6283.7000 0.95666248
6284.6000 0.95906568
6285.5000 0.95665902
6286.4000 0.96147388
6287.3000 0.96993142
6288.2000 0.97793031
6289.1000 0.97481221
6290.0000 0.9541629
6290.9000 0.93561524
6291.8000 0.93438417
6292.7000 0.93829125
6293.6000 0.94248557
6294.5000 0.94825608
6295.4000 0.94220132
6296.3000 0.91827214
6297.2000 0.90046322
6298.1000 0.90534121
6299.0000 0.92070442
6299.9000 0.91963542
6300.8000 0.89492774
6301.7000 0.87600803
6302.6000 0.88806194
6303.5000 0.91425741
6304.4000 0.9281258
6305.3000 0.93341237
6306.2000 0.94632399
6307.1000 0.95883387
6308.0000 0.95962763
6308.9000 0.95087212
6309.8000 0.93235058
6310.7000 0.9134202
6311.6000 0.91348028
6312.5000 0.92815655
6313.4000 0.92284793
6314.3000 0.88835526
6315.2000 0.86698085
6316.1000 0.87818468
6317.0000 0.8823511
6317.9000 0.86815077
6318.8000 0.86810136
6319.7000 0.8901087
6320.6000 0.9013586
6321.5000 0.90081418
6322.4000 0.90629685
6323.3000 0.9268747
6324.2000 0.9483766
6325.1000 0.95622104
6326.0000 0.94920391
6326.9000 0.93468589
6327.8000 0.92965621
6328.7000 0.93450546
6329.6000 0.93018174
6330.5000 0.92387128
6331.4000 0.9319548
6332.3000 0.94541574
6333.2000 0.9487254
6334.1000 0.92612982
6335.0000 0.88645703
6335.9000 0.86621171
6336.8000 0.87571555
6337.7000 0.89042366
6338.6000 0.89574218
6339.5000 0.90721595
6340.4000 0.9278391
6341.3000 0.93333089
6342.2000 0.91818875
6343.1000 0.89464885
6344.0000 0.88266188
6344.9000 0.89680707
6345.8000 0.91718554
6346.7000 0.92513323
6347.6000 0.92671728
6348.5000 0.93230635
6349.4000 0.93707097
6350.3000 0.93733549
6351.2000 0.93685997
6352.1000 0.9295013
6353.0000 0.91309071
6353.9000 0.89149261
6354.8000 0.87930346
6355.7000 0.89531565
6356.6000 0.90913242
6357.5000 0.89074916
6358.4000 0.86937749
6359.3000 0.87162232
6360.2000 0.87977403
6361.1000 0.87715238
6362.0000 0.87145507
6362.9000 0.87199813
6363.8000 0.88244772
6364.7000 0.89766103
6365.6000 0.90591627
6366.5000 0.90973306
6367.4000 0.91940707
6368.3000 0.92540771
6369.2000 0.91896403
6370.1000 0.91264188
6371.0000 0.92022431
6371.9000 0.93476266
6372.8000 0.94075501
6373.7000 0.938595
6374.6000 0.93402988
6375.5000 0.93043458
6376.4000 0.93241966
6377.3000 0.93262589
6378.2000 0.93100941
6379.1000 0.93110424
6380.0000 0.92648929
6380.9000 0.92294228
6381.8000 0.93058109
6382.7000 0.93875092
6383.6000 0.93483239
6384.5000 0.92859101
6385.4000 0.9309777
6386.3000 0.93855643
6387.2000 0.94596767
6388.1000 0.94877392
6389.0000 0.94651186
6389.9000 0.94489145
6390.8000 0.93786848
6391.7000 0.9128142
6392.6000 0.87547576
6393.5000 0.86003542
6394.4000 0.88586205
6395.3000 0.92234135
6396.2000 0.9422313
6397.1000 0.94747549
6398.0000 0.93215984
6398.9000 0.88421446
6399.8000 0.84128267
6400.7000 0.86156046
6401.6000 0.91587842
6402.5000 0.9444738
6403.4000 0.95100111
6404.3000 0.94964117
6405.2000 0.94083601
6406.1000 0.92080915
6407.0000 0.89087963
6407.9000 0.87915641
6408.8000 0.90198725
6409.7000 0.9175027
6410.6000 0.899665
6411.5000 0.88631719
6412.4000 0.90065855
6413.3000 0.9139871
6414.2000 0.91175473
6415.1000 0.91344368
6416.0000 0.92074901
6416.9000 0.92425442
6417.8000 0.92206931
6418.7000 0.90736544
6419.6000 0.88186049
6420.5000 0.86677146
6421.4000 0.8766067
6422.3000 0.9082554
6423.2000 0.93752235
6424.1000 0.94156724
6425.0000 0.93463725
6425.9000 0.93589419
6426.8000 0.94245321
6427.7000 0.94354331
6428.6000 0.93110967
6429.5000 0.90274042
6430.4000 0.87116796
6431.3000 0.86524892
6432.2000 0.88503313
6433.1000 0.90835786
6434.0000 0.92907137
6434.9000 0.94265568
6435.8000 0.94398123
6436.7000 0.93351233
6437.6000 0.90687597
6438.5000 0.87531906
6439.4000 0.88033247
6440.3000 0.91867411
6441.2000 0.94641799
6442.1000 0.95243871
6443.0000 0.94829756
6443.9000 0.94272906
6444.8000 0.94411296
6445.7000 0.94972765
6446.6000 0.9494946
6447.5000 0.93812722
6448.4000 0.89638591
6449.3000 0.83769566
6450.2000 0.82811844
6451.1000 0.87718296
6452.0000 0.92751998
6452.9000 0.94878167
6453.8000 0.93655181
6454.7000 0.90154034
6455.6000 0.87713128
6456.5000 0.88589108
6457.4000 0.91373545
6458.3000 0.933088
6459.2000 0.94121456
6460.1000 0.93823624
6461.0000 0.90715826
6461.9000 0.86043745
6462.8000 0.84930986
6463.7000 0.88315374
6464.6000 0.91343421
6465.5000 0.92742616
6466.4000 0.93696177
6467.3000 0.9355852
6468.2000 0.92283535
6469.1000 0.90971506
6470.0000 0.90515906
6470.9000 0.90037656
6471.8000 0.89808333
6472.7000 0.91439134
6473.6000 0.92829502
6474.5000 0.91929537
6475.4000 0.90874326
6476.3000 0.91431797
6477.2000 0.92638057
6478.1000 0.93132991
6479.0000 0.93113834
6479.9000 0.92404675
6480.8000 0.89939976
6481.7000 0.86668152
6482.6000 0.86151624
6483.5000 0.88993651
6484.4000 0.91829377
6485.3000 0.92848623
6486.2000 0.92912388
6487.1000 0.92844576
6488.0000 0.92589283
6488.9000 0.92480356
6489.8000 0.9175421
6490.7000 0.90084308
6491.6000 0.89120746
6492.5000 0.87483943
6493.4000 0.82343596
6494.3000 0.76796848
6495.2000 0.75748575
6496.1000 0.78222454
6497.0000 0.81381369
6497.9000 0.8369239
6498.8000 0.83947718
6499.7000 0.84926444
6500.6000 0.87518841
6501.5000 0.88958341
6502.4000 0.89390695
6503.3000 0.89992386
6504.2000 0.90871286
6505.1000 0.91970831
6506.0000 0.92896622
6506.9000 0.92717284
6507.8000 0.91914636
6508.7000 0.91640645
6509.6000 0.91901839
6510.5000 0.92244369
6511.4000 0.92416072
6512.3000 0.92424792
6513.2000 0.92454326
6514.1000 0.91552818
6515.0000 0.89801228
6515.9000 0.88802284
6516.8000 0.88701242
6517.7000 0.88260007
6518.6000 0.88089252
6519.5000 0.89253742
6520.4000 0.9082607
6521.3000 0.91508883
6522.2000 0.91015816
6523.1000 0.90812951
6524.0000 0.91561627
6524.9000 0.9142949
6525.8000 0.89446932
6526.7000 0.87532854
6527.6000 0.87997437
6528.5000 0.90119964
6529.4000 0.91413265
6530.3000 0.91083568
6531.2000 0.90109456
6532.1000 0.88942462
6533.0000 0.88040835
6533.9000 0.89029878
6534.8000 0.91235352
6535.7000 0.92409283
6536.6000 0.92005587
6537.5000 0.91044283
6538.4000 0.90722442
6539.3000 0.91070479
6540.2000 0.91145086
6541.1000 0.90722865
6542.0000 0.90325129
6542.9000 0.9009285
6543.8000 0.90029722
6544.7000 0.8875975
6545.6000 0.8586334
6546.5000 0.84638238
6547.4000 0.86509526
6548.3000 0.89145964
6549.2000 0.906102
6550.1000 0.90133351
6551.0000 0.889489
6551.9000 0.88652766
6552.8000 0.88707548
6553.7000 0.87266165
6554.6000 0.85095066
6555.5000 0.84371787
6556.4000 0.85742521
6557.3000 0.87471575
6558.2000 0.87315708
6559.1000 0.85837406
6560.0000 0.832614
6560.9000 0.7519573
6561.8000 0.6050002
6562.7000 0.5249266
6563.6000 0.61476636
6564.5000 0.76375014
6565.4000 0.84894019
6566.3000 0.87732172
6567.2000 0.88150829
6568.1000 0.87475145
6569.0000 0.86315149
6569.9000 0.8661297
6570.8000 0.88004011
6571.7000 0.87838554
6572.6000 0.86149108
6573.5000 0.84343237
6574.4000 0.83787477
6575.3000 0.85810155
6576.2000 0.89037704
6577.1000 0.91011524
6578.0000 0.91285872
6578.9000 0.90686399
6579.8000 0.89556164
6580.7000 0.88495129
6581.6000 0.88724273
6582.5000 0.89802688
6583.4000 0.90402347
6584.3000 0.89938176
6585.2000 0.88935059
6586.1000 0.88485336
6587.0000 0.8917498
6587.9000 0.90054488
6588.8000 0.89952677
6589.7000 0.8954131
6590.6000 0.88762021
6591.5000 0.86266077
6592.4000 0.82502645
6593.3000 0.80940694
6594.2000 0.83638048
6595.1000 0.87278926
6596.0000 0.88274628
6596.9000 0.87178671
6597.8000 0.86499512
6598.7000 0.873312
6599.6000 0.88956124
6600.5000 0.90469706
6601.4000 0.91161418
6602.3000 0.90918797
6603.2000 0.89895469
6604.1000 0.88610953
6605.0000 0.88286877
6605.9000 0.8852157
6606.8000 0.87717432
6607.7000 0.85693049
6608.6000 0.83806813
6609.5000 0.84620935
6610.4000 0.87585467
6611.3000 0.89177758
6612.2000 0.89473885
6613.1000 0.8936975
6614.0000 0.89044845
6614.9000 0.89434522
6615.8000 0.90069371
6616.7000 0.90067011
6617.6000 0.89845216
6618.5000 0.89829826
6619.4000 0.89931697
6620.3000 0.9003309
6621.2000 0.90214568
6622.1000 0.90110636
6623.0000 0.89337808
6623.9000 0.87682295
6624.8000 0.86681372
6625.7000 0.87415618
6626.6000 0.88369483
6627.5000 0.89058131
6628.4000 0.89965034
6629.3000 0.90225697
6630.2000 0.89352965
6631.1000 0.87816888
6632.0000 0.85741806
6632.9000 0.8333258
6633.8000 0.82536393
6634.7000 0.84521526
6635.6000 0.87152821
6636.5000 0.89121968
6637.4000 0.90401155
6638.3000 0.9004249
6639.2000 0.88412362
6640.1000 0.87891114
6641.0000 0.89251441
6641.9000 0.89324075
6642.8000 0.86559397
6643.7000 0.84895378
6644.6000 0.86250561
6645.5000 0.87848735
6646.4000 0.88272125
6647.3000 0.88429052
6648.2000 0.89045596
6649.1000 0.89763963
6650.0000 0.89980274
6650.9000 0.89830214
6651.8000 0.8968854
6652.7000 0.89593422
6653.6000 0.89901501
6654.5000 0.90507966
6655.4000 0.90644985
6656.3000 0.90160942
6657.2000 0.89757055
6658.1000 0.89602441
6659.0000 0.89223295
6659.9000 0.88601899
6660.8000 0.88193798
6661.7000 0.87016624
6662.6000 0.84517235
6663.5000 0.83370984
6664.4000 0.85232818
6665.3000 0.87578934
6666.2000 0.88019031
6667.1000 0.87273663
6668.0000 0.87072831
6668.9000 0.87640542
6669.8000 0.88092887
6670.7000 0.88402319
6671.6000 0.88752133
6672.5000 0.89127076
6673.4000 0.89428371
6674.3000 0.89636689
6675.2000 0.89456236
6676.1000 0.87729728
6677.0000 0.84254992
6677.9000 0.81973368
6678.8000 0.8330515
6679.7000 0.86400372
6680.6000 0.88417453
6681.5000 0.89095151
6682.4000 0.89154303
6683.3000 0.88944471
6684.2000 0.88897604
6685.1000 0.89359128
6686.0000 0.89796227
6686.9000 0.89388359
6687.8000 0.88613993
6688.7000 0.88615429
6689.6000 0.89060587
6690.5000 0.8907631
6691.4000 0.88840181
6692.3000 0.88687354
6693.2000 0.88868707
6694.1000 0.88868439
6695.0000 0.87682647
6695.9000 0.86040252
6696.8000 0.85568702
6697.7000 0.85965759
6698.6000 0.86644197
6699.5000 0.8792755
6700.4000 0.88953531
6701.3000 0.88815516
6702.2000 0.87647104
6703.1000 0.85937613
6704.0000 0.84563726
6704.9000 0.8477177
6705.8000 0.86445445
6706.7000 0.87983805
6707.6000 0.88376129
6708.5000 0.87943304
6709.4000 0.87116462
6710.3000 0.86561602
6711.2000 0.86509198
6712.1000 0.86176747
6713.0000 0.85608995
6713.9000 0.8559227
6714.8000 0.8551262
6715.7000 0.84567511
6716.6000 0.82845598
6717.5000 0.8205331
6718.4000 0.84061694
6719.3000 0.87013453
6720.2000 0.88610935
6721.1000 0.88560128
6722.0000 0.87787771
6722.9000 0.8767572
6723.8000 0.87841666
6724.7000 0.8703202
6725.6000 0.85953593
6726.5000 0.86025697
6727.4000 0.86918515
6728.3000 0.87667209
6729.2000 0.88012147
6730.1000 0.87821233
6731.0000 0.8758027
6731.9000 0.87579566
6732.8000 0.87495637
6733.7000 0.87509745
6734.6000 0.8786726
6735.5000 0.8805173
6736.4000 0.875278
6737.3000 0.86022335
6738.2000 0.84906065
6739.1000 0.85329592
6740.0000 0.86435813
6740.9000 0.87062097
6741.8000 0.86632431
6742.7000 0.85950112
6743.6000 0.85985416
6744.5000 0.86525792
6745.4000 0.86698836
6746.3000 0.86530429
6747.2000 0.86596829
6748.1000 0.86543745
6749.0000 0.85996032
6749.9000 0.85477942
6750.8000 0.85887957
6751.7000 0.86375368
6752.6000 0.86346632
6753.5000 0.86911058
6754.4000 0.87524045
6755.3000 0.87224829
6756.2000 0.87324208
6757.1000 0.88218892
6758.0000 0.8857525
6758.9000 0.88302207
6759.8000 0.88130671
6760.7000 0.88313681
6761.6000 0.8815167
6762.5000 0.87526095
6763.4000 0.87614918
6764.3000 0.88200563
6765.2000 0.88359684
6766.1000 0.87072277
6767.0000 0.84862858
6767.9000 0.84487635
6768.8000 0.85852671
6769.7000 0.85838062
6770.6000 0.84394991
6771.5000 0.84339184
6772.4000 0.85763025
6773.3000 0.87111318
6774.2000 0.87961513
6775.1000 0.88507134
6776.0000 0.88767076
6776.9000 0.88573807
6777.8000 0.88298631
6778.7000 0.88490188
6779.6000 0.88771874
6780.5000 0.88653266
6781.4000 0.88041013
6782.3000 0.86996633
6783.2000 0.86311877
6784.1000 0.86356473
6785.0000 0.86075437
6785.9000 0.85692143
6786.8000 0.86428779
6787.7000 0.87694728
6788.6000 0.88063699
6789.5000 0.87540913
6790.4000 0.87365264
6791.3000 0.87310922
6792.2000 0.86321753
6793.1000 0.85364884
6794.0000 0.85717267
6794.9000 0.86237371
6795.8000 0.86160648
6796.7000 0.86642891
6797.6000 0.87592816
6798.5000 0.87850219
6799.4000 0.87646025
6800.3000 0.87890035
6801.2000 0.88215017
6802.1000 0.87432605
6803.0000 0.86271518
6803.9000 0.85935742
6804.8000 0.86162776
6805.7000 0.86122376
6806.6000 0.85632962
6807.5000 0.86060351
6808.4000 0.86773622
6809.3000 0.86290669
6810.2000 0.8591913
6811.1000 0.86658174
6812.0000 0.87412131
6812.9000 0.87104011
6813.8000 0.85744292
6814.7000 0.84849292
6815.6000 0.85593861
6816.5000 0.87115633
6817.4000 0.87638676
6818.3000 0.86856163
6819.2000 0.8601144
6820.1000 0.86110795
6821.0000 0.8696785
6821.9000 0.87702131
6822.8000 0.88059038
6823.7000 0.88201064
6824.6000 0.88352418
6825.5000 0.88385397
6826.4000 0.87524891
6827.3000 0.85954857
6828.2000 0.8512432
6829.1000 0.85626763
6830.0000 0.86981124
6830.9000 0.88205361
6831.8000 0.88511366
6832.7000 0.88024527
6833.6000 0.87681717
6834.5000 0.88079774
6835.4000 0.88206542
6836.3000 0.86949289
6837.2000 0.85309833
6838.1000 0.84101713
6839.0000 0.83098358
6839.9000 0.81827867
6840.8000 0.80380285
6841.7000 0.80147141
6842.6000 0.81318259
6843.5000 0.82983238
6844.4000 0.85097307
6845.3000 0.86886877
6846.2000 0.87504786
6847.1000 0.87630814
6848.0000 0.87838471
6848.9000 0.8801232
6849.8000 0.87807477
6850.7000 0.87316519
6851.6000 0.87446463
6852.5000 0.88206321
6853.4000 0.87328464
6854.3000 0.84364176
6855.2000 0.82461226
6856.1000 0.82934141
6857.0000 0.83924967
6857.9000 0.84273899
6858.8000 0.84368849
6859.7000 0.84225577
6860.6000 0.8334955
6861.5000 0.82879859
6862.4000 0.84326088
6863.3000 0.86357129
6864.2000 0.8646847
6865.1000 0.84358323
6866.0000 0.82637697
6866.9000 0.83951718
6867.8000 0.86560374
6868.7000 0.86822146
6869.6000 0.85428363
6870.5000 0.8400504
6871.4000 0.83004546
6872.3000 0.82788008
6873.2000 0.83883697
6874.1000 0.84950221
6875.0000 0.84925514
6875.9000 0.84768933
6876.8000 0.84933466
6877.7000 0.85730135
6878.6000 0.86678374
6879.5000 0.86293221
6880.4000 0.84190255
6881.3000 0.8173995
6882.2000 0.81166017
6883.1000 0.82527971
6884.0000 0.83982152
6884.9000 0.85112095
6885.8000 0.85585803
6886.7000 0.8543793
6887.6000 0.86168647
6888.5000 0.87776423
6889.4000 0.8780244
6890.3000 0.86304802
6891.2000 0.8625201
6892.1000 0.87716961
6893.0000 0.87267095
6893.9000 0.84831065
6894.8000 0.83959281
6895.7000 0.86006749
6896.6000 0.86709934
6897.5000 0.84759414
6898.4000 0.8384468
6899.3000 0.85625184
6900.2000 0.87227345
6901.1000 0.86458892
6902.0000 0.85119772
6902.9000 0.85296166
6903.8000 0.86623305
6904.7000 0.86780441
6905.6000 0.85424018
6906.5000 0.8447212
6907.4000 0.85619384
6908.3000 0.87501842
6909.2000 0.87469411
6910.1000 0.85582656
6911.0000 0.83831054
6911.9000 0.83734286
6912.8000 0.84398609
6913.7000 0.83946532
6914.6000 0.8306278
6915.5000 0.83074278
6916.4000 0.83703583
6917.3000 0.85242158
6918.2000 0.86928499
6919.1000 0.87139475
6920.0000 0.86650163
6920.9000 0.86385179
6921.8000 0.8631385
6922.7000 0.85855216
6923.6000 0.84164208
6924.5000 0.82508546
6925.4000 0.82364726
6926.3000 0.83280575
6927.2000 0.84578532
6928.1000 0.85744429
6929.0000 0.86139965
6929.9000 0.85805196
6930.8000 0.85347962
6931.7000 0.84514052
6932.6000 0.8312037
6933.5000 0.83003956
6934.4000 0.84609872
6935.3000 0.85516715
6936.2000 0.8519671
6937.1000 0.8500343
6938.0000 0.85338295
6938.9000 0.86093092
6939.8000 0.87134802
6940.7000 0.8753593
6941.6000 0.86465544
6942.5000 0.84734094
6943.4000 0.83153021
6944.3000 0.81398964
6945.2000 0.80870742
6946.1000 0.82616448
6947.0000 0.84492987
6947.9000 0.85239947
6948.8000 0.85679823
6949.7000 0.85351604
6950.6000 0.83882153
6951.5000 0.82846582
6952.4000 0.83128911
6953.3000 0.83599788
6954.2000 0.83652586
6955.1000 0.83820045
6956.0000 0.84362805
6956.9000 0.84887451
6957.8000 0.85070717
6958.7000 0.85061359
6959.6000 0.85107589
6960.5000 0.85303742
6961.4000 0.85233927
6962.3000 0.85043997
6963.2000 0.85346627
6964.1000 0.85161775
6965.0000 0.83905399
6965.9000 0.83287644
6966.8000 0.8422249
6967.7000 0.85553902
6968.6000 0.86165094
6969.5000 0.85805863
6970.4000 0.84862316
6971.3000 0.84451288
6972.2000 0.85124773
6973.1000 0.85683948
6974.0000 0.85102731
6974.9000 0.83548009
6975.8000 0.81952959
6976.7000 0.80298549
6977.6000 0.7763598
6978.5000 0.75590527
6979.4000 0.77009338
6980.3000 0.80656874
6981.2000 0.83575976
6982.1000 0.84961051
6983.0000 0.85399842
6983.9000 0.85306978
6984.8000 0.84996265
6985.7000 0.85073036
6986.6000 0.85077685
6987.5000 0.84455019
6988.4000 0.83713341
6989.3000 0.83825457
6990.2000 0.84699243
6991.1000 0.85453022
6992.0000 0.8601349
6992.9000 0.86191148
6993.8000 0.85462314
6994.7000 0.84799373
6995.6000 0.84908396
6996.5000 0.84973729
6997.4000 0.84261572
6998.3000 0.82650352
6999.2000 0.80851018
7000.1000 0.8072167
7001.0000 0.82395786
7001.9000 0.83568746
7002.8000 0.83338171
7003.7000 0.82771528
7004.6000 0.82229048
7005.5000 0.82000387
7006.4000 0.82592243
7007.3000 0.83214569
7008.2000 0.83788329
7009.1000 0.84325421
7010.0000 0.84267139
7010.9000 0.83565623
7011.8000 0.8280046
7012.7000 0.82895935
7013.6000 0.83125067
7014.5000 0.81337649
7015.4000 0.77696097
7016.3000 0.75699425
7017.2000 0.77875614
7018.1000 0.81767172
7019.0000 0.84117395
7019.9000 0.84692192
7020.8000 0.84094751
7021.7000 0.82343757
7022.6000 0.79728323
7023.5000 0.78249824
7024.4000 0.79143304
7025.3000 0.81462032
7026.2000 0.832223
7027.1000 0.83277082
7028.0000 0.82575852
7028.9000 0.82146209
7029.8000 0.82282549
7030.7000 0.82921594
7031.6000 0.83457375
7032.5000 0.83651555
7033.4000 0.83091211
7034.3000 0.82647151
7035.2000 0.8403396
7036.1000 0.85060501
7037.0000 0.8299154
7037.9000 0.80163616
7038.8000 0.80463278
7039.7000 0.83373058
7040.6000 0.85644484
7041.5000 0.86420637
7042.4000 0.863639
7043.3000 0.85469419
7044.2000 0.84034759
7045.1000 0.8316406
7046.0000 0.83827674
7046.9000 0.85190749
7047.8000 0.85620773
7048.7000 0.85267442
7049.6000 0.84796768
7050.5000 0.83929592
7051.4000 0.82082921
7052.3000 0.79937845
7053.2000 0.79743564
7054.1000 0.81289947
7055.0000 0.8280831
7055.9000 0.83936805
7056.8000 0.84567767
7057.7000 0.84443116
7058.6000 0.83448029
7059.5000 0.82670152
7060.4000 0.8295362
7061.3000 0.83503485
7062.2000 0.83560681
7063.1000 0.83908087
7064.0000 0.84699529
7064.9000 0.84291631
7065.8000 0.82276696
7066.7000 0.80132043
7067.6000 0.78597522
7068.5000 0.78951257
7069.4000 0.81635708
7070.3000 0.83894712
7071.2000 0.83993345
7072.1000 0.83822197
7073.0000 0.84379697
7073.9000 0.84665632
7074.8000 0.84725648
7075.7000 0.8480348
7076.6000 0.84487653
7077.5000 0.84182501
7078.4000 0.84217888
7079.3000 0.84298855
7080.2000 0.84377915
7081.1000 0.84073883
7082.0000 0.83188212
7082.9000 0.81328541
7083.8000 0.78701901
7084.7000 0.77613974
7085.6000 0.79199457
7086.5000 0.81315267
7087.4000 0.82571304
7088.3000 0.82846648
7089.2000 0.81780487
7090.1000 0.80336988
7091.0000 0.80292362
7091.9000 0.81453931
7092.8000 0.8251949
7093.7000 0.83009064
7094.6000 0.82670927
7095.5000 0.82478094
7096.4000 0.83040893
7097.3000 0.8356306
7098.2000 0.83561665
7099.1000 0.83023041
7100.0000 0.8251152
7100.9000 0.82257628
7101.8000 0.81900901
7102.7000 0.81834596
7103.6000 0.82393742
7104.5000 0.82978195
7105.4000 0.82854807
7106.3000 0.82110852
7107.2000 0.81741911
7108.1000 0.81827754
7109.0000 0.81196886
7109.9000 0.79854125
7110.8000 0.7916162
7111.7000 0.7968837
7112.6000 0.80772638
7113.5000 0.81419808
7114.4000 0.81614864
7115.3000 0.81785035
7116.2000 0.81809568
7117.1000 0.81831867
7118.0000 0.82093799
7118.9000 0.81977844
7119.8000 0.81221998
7120.7000 0.80019736
7121.6000 0.78675592
7122.5000 0.78728974
7123.4000 0.80532765
7124.3000 0.8181119
7125.2000 0.81853187
7126.1000 0.81649697
7127.0000 0.81536114
7127.9000 0.81760496
7128.8000 0.81228095
7129.7000 0.79555172
7130.6000 0.7836296
7131.5000 0.78792298
7132.4000 0.79844862
7133.3000 0.80939579
7134.2000 0.82029527
7135.1000 0.82602638
7136.0000 0.83270282
7136.9000 0.83952624
7137.8000 0.83153659
7138.7000 0.81615692
7139.6000 0.81233698
7140.5000 0.81949043
7141.4000 0.82145667
7142.3000 0.81667644
7143.2000 0.8171913
7144.1000 0.81832159
7145.0000 0.81796473
7145.9000 0.81863379
7146.8000 0.80789661
7147.7000 0.78927654
7148.6000 0.78680855
7149.5000 0.80127895
7150.4000 0.81036401
7151.3000 0.81199294
7152.2000 0.82035667
7153.1000 0.82773954
7154.0000 0.81974751
7154.9000 0.80562413
7155.8000 0.8073656
7156.7000 0.82253259
7157.6000 0.82838917
7158.5000 0.82449436
7159.4000 0.82277882
7160.3000 0.82492244
7161.2000 0.82905889
7162.1000 0.82430434
7163.0000 0.80051678
7163.9000 0.77039737
7164.8000 0.76124519
7165.7000 0.78106833
7166.6000 0.80810767
7167.5000 0.82756954
7168.4000 0.83609658
7169.3000 0.83194423
7170.2000 0.82535863
7171.1000 0.826469
7172.0000 0.83254194
7172.9000 0.83715338
7173.8000 0.83483136
7174.7000 0.82389289
7175.6000 0.81045622
7176.5000 0.81306946
7177.4000 0.82791895
7178.3000 0.82573396
7179.2000 0.80230016
7180.1000 0.77538782
7181.0000 0.76325184
7181.9000 0.77802789
7182.8000 0.81093717
7183.7000 0.83066964
7184.6000 0.81928074
7185.5000 0.79152554
7186.4000 0.76632822
7187.3000 0.75458306
7188.2000 0.75702798
7189.1000 0.76375616
7190.0000 0.77680802
7190.9000 0.78724128
7191.8000 0.78259927
7192.7000 0.77856678
7193.6000 0.78649068
7194.5000 0.79907566
7195.4000 0.80299628
7196.3000 0.79567319
7197.2000 0.79215336
7198.1000 0.79791832
7199.0000 0.80240387
7199.9000 0.80176771
7200.8000 0.79195827
7201.7000 0.77806425
7202.6000 0.78143144
7203.5000 0.80300981
7204.4000 0.81698388
7205.3000 0.80545825
7206.2000 0.77161771
7207.1000 0.74477369
7208.0000 0.74834675
7208.9000 0.76998097
7209.8000 0.79587662
7210.7000 0.81822687
7211.6000 0.81854868
7212.5000 0.80137926
7213.4000 0.78437454
7214.3000 0.775783
7215.2000 0.77743745
7216.1000 0.78483725
7217.0000 0.79759401
7217.9000 0.80975652
7218.8000 0.81007546
7219.7000 0.80108374
7220.6000 0.79195994
7221.5000 0.78536355
7222.4000 0.78208339
7223.3000 0.7859543
7224.2000 0.79531163
7225.1000 0.80461437
7226.0000 0.81246042
7226.9000 0.81622308
7227.8000 0.81083322
7228.7000 0.80296642
7229.6000 0.80444765
7230.5000 0.81423891
7231.4000 0.82243872
7232.3000 0.82403445
7233.2000 0.82370001
7234.1000 0.82274449
7235.0000 0.81829888
7235.9000 0.81599051
7236.8000 0.82050782
7237.7000 0.82082969
7238.6000 0.81000966
7239.5000 0.80552953
7240.4000 0.81608427
7241.3000 0.82842404
7242.2000 0.83024257
7243.1000 0.81797451
7244.0000 0.8002429
7244.9000 0.79484963
7245.8000 0.80730075
7246.7000 0.82425565
7247.6000 0.83112109
7248.5000 0.82554108
7249.4000 0.80790174
7250.3000 0.78410798
7251.2000 0.77277976
7252.1000 0.77737987
7253.0000 0.78614664
7253.9000 0.79287905
7254.8000 0.79939014
7255.7000 0.81008917
7256.6000 0.82184672
7257.5000 0.82428741
7258.4000 0.81449568
7259.3000 0.79834265
7260.2000 0.77324086
7261.1000 0.74854153
7262.0000 0.75258297
7262.9000 0.77834815
7263.8000 0.79768258
7264.7000 0.8085587
7265.6000 0.81824636
7266.5000 0.8236683
7267.4000 0.81989866
7268.3000 0.81363308
7269.2000 0.81647211
7270.1000 0.81940442
7271.0000 0.81498289
7271.9000 0.81366366
7272.8000 0.81665128
7273.7000 0.81673479
7274.6000 0.8151359
7275.5000 0.81821728
7276.4000 0.82228297
7277.3000 0.81839919
7278.2000 0.80994934
7279.1000 0.80530804
7280.0000 0.80408031
7280.9000 0.79542923
7281.8000 0.77654392
7282.7000 0.76315343
7283.6000 0.76159316
7284.5000 0.76792705
7285.4000 0.78207898
7286.3000 0.79202813
7287.2000 0.78210372
7288.1000 0.75788152
7289.0000 0.74754637
7289.9000 0.7530669
7290.8000 0.75068063
7291.7000 0.74378377
7292.6000 0.74708492
7293.5000 0.76402318
7294.4000 0.78589785
7295.3000 0.80570817
7296.2000 0.82101232
7297.1000 0.82357848
7298.0000 0.8161124
7298.9000 0.80741346
7299.8000 0.80326831
7300.7000 0.80479187
7301.6000 0.80579144
7302.5000 0.80827755
7303.4000 0.81622195
7304.3000 0.82399565
7305.2000 0.82348442
7306.1000 0.8062098
7307.0000 0.77947789
7307.9000 0.77010041
7308.8000 0.78263992
7309.7000 0.79112887
7310.6000 0.78630286
7311.5000 0.78541726
7312.4000 0.7924664
7313.3000 0.80056834
7314.2000 0.80600852
7315.1000 0.80308121
7316.0000 0.79577941
7316.9000 0.79372364
7317.8000 0.79567522
7318.7000 0.79604357
7319.6000 0.79255587
7320.5000 0.79179156
7321.4000 0.79688156
7322.3000 0.79611403
7323.2000 0.78479141
7324.1000 0.77227396
7325.0000 0.762321
7325.9000 0.76121682
7326.8000 0.77647626
7327.7000 0.79568976
7328.6000 0.80167508
7329.5000 0.79511327
7330.4000 0.78808177
7331.3000 0.79025507
7332.2000 0.796673
7333.1000 0.79328328
7334.0000 0.78801215
7334.9000 0.79498142
7335.8000 0.80794621
7336.7000 0.81515527
7337.6000 0.81550014
7338.5000 0.814381
7339.4000 0.81178254
7340.3000 0.81090838
7341.2000 0.8123219
7342.1000 0.80478138
7343.0000 0.78241909
7343.9000 0.76330978
7344.8000 0.76909184
7345.7000 0.79139256
7346.6000 0.80718261
7347.5000 0.81103104
7348.4000 0.80482131
7349.3000 0.78936666
7350.2000 0.76863879
7351.1000 0.75640094
7352.0000 0.76307845
7352.9000 0.77655417
7353.8000 0.77904868
7354.7000 0.76429075
7355.6000 0.74693316
7356.5000 0.75015885
7357.4000 0.77092606
7358.3000 0.79186529
7359.2000 0.80270374
7360.1000 0.79694396
7361.0000 0.78195542
7361.9000 0.77135646
7362.8000 0.76795095
7363.7000 0.769678
7364.6000 0.77887756
7365.5000 0.78925508
7366.4000 0.79541022
7367.3000 0.80002397
7368.2000 0.79873019
7369.1000 0.7948007
7370.0000 0.80165285
7370.9000 0.8117798
7371.8000 0.81258446
7372.7000 0.80820984
7373.6000 0.80386049
7374.5000 0.80035889
7375.4000 0.8002767
7376.3000 0.80578506
7377.2000 0.81462449
7378.1000 0.81840545
7379.0000 0.8145659
7379.9000 0.80691129
7380.8000 0.79642093
7381.7000 0.78521711
7382.6000 0.77915728
7383.5000 0.77508974
7384.4000 0.7607128
7385.3000 0.74287826
7386.2000 0.73880166
7387.1000 0.74137497
7388.0000 0.73692948
7388.9000 0.7349363
7389.8000 0.75022316
7390.7000 0.77404934
7391.6000 0.78222769
7392.5000 0.76919049
7393.4000 0.75681889
7394.3000 0.76156527
7395.2000 0.77422911
7396.1000 0.77994198
7397.0000 0.78095454
7397.9000 0.77831042
7398.8000 0.77168965
7399.7000 0.7623058
7400.6000 0.75824058
7401.5000 0.76383621
7402.4000 0.77745962
7403.3000 0.79157716
7404.2000 0.79470116
7405.1000 0.78478158
7406.0000 0.77397627
7406.9000 0.77153748
7407.8000 0.76450688
7408.7000 0.75023007
7409.6000 0.74359912
7410.5000 0.75081772
7411.4000 0.7604866
7412.3000 0.62799627
7413.2000 0.14512371
7414.1000 0.00301167
7415.0000 0.00000353
7415.9000 0
7416.8000 0
7417.7000 0
7418.6000 0
7419.5000 0
7420.4000 0
7421.3000 0
7422.2000 0
7423.1000 0
7424.0000 0
7424.9000 0
7425.8000 0
7426.7000 0
7427.6000 0
7428.5000 0
7429.4000 0
