3500.000	0.0000
3500.900	0.0000
3501.800	0.0000
3502.700	0.0000
3503.600	0.0000
3504.500	0.0000
3505.400	0.0000
3506.300	0.0000
3507.200	0.0000
3508.100	0.0000
3509.000	0.0000
3509.900	0.0000
3510.800	0.0000
3511.700	0.0000
3512.600	0.0000
3513.500	0.0000
3514.400	0.0000
3515.300	0.0000
3516.200	0.0000
3517.100	0.0000
3518.000	0.0000
3518.900	0.0000
3519.800	0.0000
3520.700	0.0000
3521.600	0.0000
3522.500	0.0000
3523.400	0.0000
3524.300	0.0000
3525.200	0.0000
3526.100	0.0000
3527.000	0.0000
3527.900	0.0000
3528.800	0.0000
3529.700	0.0000
3530.600	0.0000
3531.500	0.0000
3532.400	0.0000
3533.300	0.0000
3534.200	0.0000
3535.100	0.0053
3536.000	0.1630
3536.900	0.1669
3537.800	0.1669
3538.700	0.1782
3539.600	0.1874
3540.500	0.1800
3541.400	0.1651
3542.300	0.1577
3543.200	0.1619
3544.100	0.1684
3545.000	0.1682
3545.900	0.1634
3546.800	0.1575
3547.700	0.1537
3548.600	0.1584
3549.500	0.1653
3550.400	0.1658
3551.300	0.1604
3552.200	0.1528
3553.100	0.1443
3554.000	0.1409
3554.900	0.1515
3555.800	0.1634
3556.700	0.1633
3557.600	0.1521
3558.500	0.1379
3559.400	0.1344
3560.300	0.1379
3561.200	0.1422
3562.100	0.1537
3563.000	0.1619
3563.900	0.1459
3564.800	0.1117
3565.700	0.0890
3566.600	0.0949
3567.500	0.1084
3568.400	0.1058
3569.300	0.0893
3570.200	0.0819
3571.100	0.0940
3572.000	0.1182
3572.900	0.1360
3573.800	0.1380
3574.700	0.1335
3575.600	0.1369
3576.500	0.1380
3577.400	0.1229
3578.300	0.0981
3579.200	0.0796
3580.100	0.0665
3581.000	0.0553
3581.900	0.0599
3582.800	0.0779
3583.700	0.0843
3584.600	0.0721
3585.500	0.0604
3586.400	0.0632
3587.300	0.0726
3588.200	0.0794
3589.100	0.0893
3590.000	0.1146
3590.900	0.1489
3591.800	0.1570
3592.700	0.1362
3593.600	0.1276
3594.500	0.1432
3595.400	0.1655
3596.300	0.1860
3597.200	0.1935
3598.100	0.1925
3599.000	0.2014
3599.900	0.2125
3600.800	0.2042
3601.700	0.1718
3602.600	0.1510
3603.500	0.1442
3604.400	0.1329
3605.300	0.1257
3606.200	0.1356
3607.100	0.1409
3608.000	0.1178
3608.900	0.0882
3609.800	0.0907
3610.700	0.1180
3611.600	0.1417
3612.500	0.1426
3613.400	0.1381
3614.300	0.1625
3615.200	0.1902
3616.100	0.1849
3617.000	0.1491
3617.900	0.0989
3618.800	0.0703
3619.700	0.0869
3620.600	0.1320
3621.500	0.1732
3622.400	0.1929
3623.300	0.1833
3624.200	0.1712
3625.100	0.1909
3626.000	0.2222
3626.900	0.2287
3627.800	0.2194
3628.700	0.2086
3629.600	0.1803
3630.500	0.1274
3631.400	0.0964
3632.300	0.1121
3633.200	0.1351
3634.100	0.1397
3635.000	0.1426
3635.900	0.1561
3636.800	0.1684
3637.700	0.1806
3638.600	0.2046
3639.500	0.2225
3640.400	0.2209
3641.300	0.2067
3642.200	0.1900
3643.100	0.1794
3644.000	0.1678
3644.900	0.1484
3645.800	0.1372
3646.700	0.1295
3647.600	0.1149
3648.500	0.1181
3649.400	0.1417
3650.300	0.1616
3651.200	0.1751
3652.100	0.1922
3653.000	0.2040
3653.900	0.2029
3654.800	0.2042
3655.700	0.2170
3656.600	0.2324
3657.500	0.2406
3658.400	0.2476
3659.300	0.2498
3660.200	0.2385
3661.100	0.2298
3662.000	0.2215
3662.900	0.2058
3663.800	0.1955
3664.700	0.2078
3665.600	0.2222
3666.500	0.2191
3667.400	0.2125
3668.300	0.1967
3669.200	0.1759
3670.100	0.1781
3671.000	0.2038
3671.900	0.2311
3672.800	0.2347
3673.700	0.2244
3674.600	0.2304
3675.500	0.2343
3676.400	0.2121
3677.300	0.1889
3678.200	0.1814
3679.100	0.1699
3680.000	0.1639
3680.900	0.1846
3681.800	0.2058
3682.700	0.2133
3683.600	0.2127
3684.500	0.1959
3685.400	0.1686
3686.300	0.1493
3687.200	0.1326
3688.100	0.1406
3689.000	0.1790
3689.900	0.2185
3690.800	0.2510
3691.700	0.2579
3692.600	0.2284
3693.500	0.1972
3694.400	0.1981
3695.300	0.2111
3696.200	0.2149
3697.100	0.2218
3698.000	0.2452
3698.900	0.2692
3699.800	0.2770
3700.700	0.2702
3701.600	0.2609
3702.500	0.2409
3703.400	0.2007
3704.300	0.1560
3705.200	0.1348
3706.100	0.1451
3707.000	0.1580
3707.900	0.1449
3708.800	0.1316
3709.700	0.1544
3710.600	0.2001
3711.500	0.2364
3712.400	0.2630
3713.300	0.2877
3714.200	0.2961
3715.100	0.2791
3716.000	0.2539
3716.900	0.2328
3717.800	0.1950
3718.700	0.1388
3719.600	0.0935
3720.500	0.0786
3721.400	0.0900
3722.300	0.1175
3723.200	0.1556
3724.100	0.1924
3725.000	0.2185
3725.900	0.2210
3726.800	0.1842
3727.700	0.1538
3728.600	0.1733
3729.500	0.1945
3730.400	0.1824
3731.300	0.1619
3732.200	0.1396
3733.100	0.1064
3734.000	0.0749
3734.900	0.0618
3735.800	0.0653
3736.700	0.0763
3737.600	0.1006
3738.500	0.1409
3739.400	0.1784
3740.300	0.1995
3741.200	0.1963
3742.100	0.1673
3743.000	0.1383
3743.900	0.1226
3744.800	0.1109
3745.700	0.0960
3746.600	0.0955
3747.500	0.0936
3748.400	0.0748
3749.300	0.0702
3750.200	0.1034
3751.100	0.1524
3752.000	0.1814
3752.900	0.1908
3753.800	0.2101
3754.700	0.2340
3755.600	0.2320
3756.500	0.1939
3757.400	0.1347
3758.300	0.0970
3759.200	0.1065
3760.100	0.1391
3761.000	0.1619
3761.900	0.1670
3762.800	0.1547
3763.700	0.1438
3764.600	0.1615
3765.500	0.1749
3766.400	0.1530
3767.300	0.1409
3768.200	0.1771
3769.100	0.2199
3770.000	0.2260
3770.900	0.2203
3771.800	0.2341
3772.700	0.2487
3773.600	0.2444
3774.500	0.2292
3775.400	0.2177
3776.300	0.2148
3777.200	0.2148
3778.100	0.2136
3779.000	0.2256
3779.900	0.2458
3780.800	0.2513
3781.700	0.2434
3782.600	0.2419
3783.500	0.2537
3784.400	0.2581
3785.300	0.2302
3786.200	0.1811
3787.100	0.1517
3788.000	0.1419
3788.900	0.1348
3789.800	0.1397
3790.700	0.1632
3791.600	0.1842
3792.500	0.1766
3793.400	0.1556
3794.300	0.1435
3795.200	0.1433
3796.100	0.1522
3797.000	0.1503
3797.900	0.1302
3798.800	0.1189
3799.700	0.1414
3800.600	0.1810
3801.500	0.2054
3802.400	0.2201
3803.300	0.2369
3804.200	0.2436
3805.100	0.2349
3806.000	0.2087
3806.900	0.1790
3807.800	0.1756
3808.700	0.1980
3809.600	0.2199
3810.500	0.2254
3811.400	0.2197
3812.300	0.2050
3813.200	0.1784
3814.100	0.1554
3815.000	0.1358
3815.900	0.1220
3816.800	0.1338
3817.700	0.1479
3818.600	0.1305
3819.500	0.0957
3820.400	0.0753
3821.300	0.0921
3822.200	0.1223
3823.100	0.1246
3824.000	0.1025
3824.900	0.0784
3825.800	0.0718
3826.700	0.0822
3827.600	0.0942
3828.500	0.1040
3829.400	0.1157
3830.300	0.1245
3831.200	0.1189
3832.100	0.0961
3833.000	0.0796
3833.900	0.0846
3834.800	0.1086
3835.700	0.1332
3836.600	0.1365
3837.500	0.1194
3838.400	0.0975
3839.300	0.0878
3840.200	0.0887
3841.100	0.1027
3842.000	0.1372
3842.900	0.1683
3843.800	0.1794
3844.700	0.1760
3845.600	0.1677
3846.500	0.1657
3847.400	0.1689
3848.300	0.1587
3849.200	0.1339
3850.100	0.1222
3851.000	0.1363
3851.900	0.1555
3852.800	0.1572
3853.700	0.1477
3854.600	0.1417
3855.500	0.1353
3856.400	0.1276
3857.300	0.1231
3858.200	0.1104
3859.100	0.0893
3860.000	0.0828
3860.900	0.1021
3861.800	0.1359
3862.700	0.1581
3863.600	0.1569
3864.500	0.1445
3865.400	0.1357
3866.300	0.1358
3867.200	0.1364
3868.100	0.1314
3869.000	0.1235
3869.900	0.1119
3870.800	0.1021
3871.700	0.0986
3872.600	0.1060
3873.500	0.1293
3874.400	0.1570
3875.300	0.1669
3876.200	0.1530
3877.100	0.1291
3878.000	0.1117
3878.900	0.1209
3879.800	0.1381
3880.700	0.1281
3881.600	0.1107
3882.500	0.1280
3883.400	0.1791
3884.300	0.2029
3885.200	0.1674
3886.100	0.1257
3887.000	0.1291
3887.900	0.1559
3888.800	0.1721
3889.700	0.1881
3890.600	0.2139
3891.500	0.2410
3892.400	0.2602
3893.300	0.2567
3894.200	0.2327
3895.100	0.2050
3896.000	0.2080
3896.900	0.2335
3897.800	0.2332
3898.700	0.2116
3899.600	0.2019
3900.500	0.2170
3901.400	0.2382
3902.300	0.2276
3903.200	0.2174
3904.100	0.2238
3905.000	0.2031
3905.900	0.1761
3906.800	0.1886
3907.700	0.2244
3908.600	0.2532
3909.500	0.2644
3910.400	0.2648
3911.300	0.2703
3912.200	0.2770
3913.100	0.2711
3914.000	0.2597
3914.900	0.2499
3915.800	0.2370
3916.700	0.2279
3917.600	0.2318
3918.500	0.2255
3919.400	0.1991
3920.300	0.1693
3921.200	0.1565
3922.100	0.1630
3923.000	0.1765
3923.900	0.1867
3924.800	0.1845
3925.700	0.1689
3926.600	0.1485
3927.500	0.1238
3928.400	0.0998
3929.300	0.0817
3930.200	0.0660
3931.100	0.0521
3932.000	0.0421
3932.900	0.0352
3933.800	0.0331
3934.700	0.0380
3935.600	0.0499
3936.500	0.0661
3937.400	0.0858
3938.300	0.1098
3939.200	0.1320
3940.100	0.1454
3941.000	0.1499
3941.900	0.1522
3942.800	0.1494
3943.700	0.1409
3944.600	0.1560
3945.500	0.2036
3946.400	0.2373
3947.300	0.2317
3948.200	0.2217
3949.100	0.2398
3950.000	0.2772
3950.900	0.2910
3951.800	0.2652
3952.700	0.2477
3953.600	0.2792
3954.500	0.3142
3955.400	0.2987
3956.300	0.2570
3957.200	0.2408
3958.100	0.2524
3959.000	0.2628
3959.900	0.2403
3960.800	0.1815
3961.700	0.1332
3962.600	0.1241
3963.500	0.1264
3964.400	0.1158
3965.300	0.0950
3966.200	0.0705
3967.100	0.0505
3968.000	0.0396
3968.900	0.0407
3969.800	0.0544
3970.700	0.0746
3971.600	0.0936
3972.500	0.1137
3973.400	0.1393
3974.300	0.1716
3975.200	0.2025
3976.100	0.2224
3977.000	0.2384
3977.900	0.2651
3978.800	0.2938
3979.700	0.3167
3980.600	0.3183
3981.500	0.2955
3982.400	0.2825
3983.300	0.2914
3984.200	0.3080
3985.100	0.3291
3986.000	0.3435
3986.900	0.3524
3987.800	0.3680
3988.700	0.3638
3989.600	0.3361
3990.500	0.3324
3991.400	0.3552
3992.300	0.3699
3993.200	0.3700
3994.100	0.3593
3995.000	0.3429
3995.900	0.3331
3996.800	0.3246
3997.700	0.3225
3998.600	0.3478
3999.500	0.3853
4000.400	0.4026
4001.300	0.4063
4002.200	0.4219
4003.100	0.4287
4004.000	0.3869
4004.900	0.3160
4005.800	0.2889
4006.700	0.3250
4007.600	0.3694
4008.500	0.3888
4009.400	0.3964
4010.300	0.4004
4011.200	0.3978
4012.100	0.3947
4013.000	0.3994
4013.900	0.4074
4014.800	0.4223
4015.700	0.4342
4016.600	0.4173
4017.500	0.3947
4018.400	0.4063
4019.300	0.4271
4020.200	0.4199
4021.100	0.4044
4022.000	0.4029
4022.900	0.4009
4023.800	0.3841
4024.700	0.3779
4025.600	0.4035
4026.500	0.4383
4027.400	0.4681
4028.300	0.4890
4029.200	0.4638
4030.100	0.3916
4031.000	0.3363
4031.900	0.3258
4032.800	0.3250
4033.700	0.3293
4034.600	0.3540
4035.500	0.3945
4036.400	0.4436
4037.300	0.4824
4038.200	0.4886
4039.100	0.4659
4040.000	0.4340
4040.900	0.4241
4041.800	0.4426
4042.700	0.4450
4043.600	0.3875
4044.500	0.2961
4045.400	0.2384
4046.300	0.2679
4047.200	0.3581
4048.100	0.4193
4049.000	0.4346
4049.900	0.4449
4050.800	0.4572
4051.700	0.4517
4052.600	0.4329
4053.500	0.4123
4054.400	0.3887
4055.300	0.3827
4056.200	0.3881
4057.100	0.3657
4058.000	0.3464
4058.900	0.3680
4059.800	0.4173
4060.700	0.4518
4061.600	0.4253
4062.500	0.3420
4063.400	0.2754
4064.300	0.2955
4065.200	0.3691
4066.100	0.3945
4067.000	0.3828
4067.900	0.4085
4068.800	0.4607
4069.700	0.4741
4070.600	0.4168
4071.500	0.3547
4072.400	0.3758
4073.300	0.4408
4074.200	0.4550
4075.100	0.4067
4076.000	0.3367
4076.900	0.2954
4077.800	0.3086
4078.700	0.3636
4079.600	0.4248
4080.500	0.4797
4081.400	0.5038
4082.300	0.4733
4083.200	0.4324
4084.100	0.4233
4085.000	0.4286
4085.900	0.4425
4086.800	0.4817
4087.700	0.5306
4088.600	0.5556
4089.500	0.5449
4090.400	0.5210
4091.300	0.4982
4092.200	0.4818
4093.100	0.4901
4094.000	0.4983
4094.900	0.4551
4095.800	0.3979
4096.700	0.3872
4097.600	0.4113
4098.500	0.4260
4099.400	0.4059
4100.300	0.3575
4101.200	0.3251
4102.100	0.3473
4103.000	0.3896
4103.900	0.4099
4104.800	0.4275
4105.700	0.4587
4106.600	0.4783
4107.500	0.4742
4108.400	0.4563
4109.300	0.4272
4110.200	0.3996
4111.100	0.3910
4112.000	0.4018
4112.900	0.4292
4113.800	0.4576
4114.700	0.4666
4115.600	0.4675
4116.500	0.4668
4117.400	0.4432
4118.300	0.4021
4119.200	0.3906
4120.100	0.4173
4121.000	0.4349
4121.900	0.4258
4122.800	0.4143
4123.700	0.4297
4124.600	0.4648
4125.500	0.4782
4126.400	0.4615
4127.300	0.4354
4128.200	0.4146
4129.100	0.4027
4130.000	0.3969
4130.900	0.3880
4131.800	0.3583
4132.700	0.3389
4133.600	0.3480
4134.500	0.3742
4135.400	0.4244
4136.300	0.4561
4137.200	0.4514
4138.100	0.4554
4139.000	0.4647
4139.900	0.4593
4140.800	0.4356
4141.700	0.3721
4142.600	0.2855
4143.500	0.2549
4144.400	0.3065
4145.300	0.3793
4146.200	0.4187
4147.100	0.4328
4148.000	0.4268
4148.900	0.4022
4149.800	0.3797
4150.700	0.3808
4151.600	0.3882
4152.500	0.3884
4153.400	0.3920
4154.300	0.3952
4155.200	0.3947
4156.100	0.3935
4157.000	0.4070
4157.900	0.4428
4158.800	0.4618
4159.700	0.4555
4160.600	0.4472
4161.500	0.4582
4162.400	0.4789
4163.300	0.4733
4164.200	0.4385
4165.100	0.4205
4166.000	0.4227
4166.900	0.4098
4167.800	0.3989
4168.700	0.4189
4169.600	0.4405
4170.500	0.4370
4171.400	0.3907
4172.300	0.3282
4173.200	0.3153
4174.100	0.3487
4175.000	0.3822
4175.900	0.3988
4176.800	0.3947
4177.700	0.3822
4178.600	0.3952
4179.500	0.4224
4180.400	0.4237
4181.300	0.4029
4182.200	0.3950
4183.100	0.4155
4184.000	0.4510
4184.900	0.4781
4185.800	0.4634
4186.700	0.4153
4187.600	0.3967
4188.500	0.4201
4189.400	0.4296
4190.300	0.4121
4191.200	0.4099
4192.100	0.4435
4193.000	0.4838
4193.900	0.4806
4194.800	0.4353
4195.700	0.3895
4196.600	0.3668
4197.500	0.3609
4198.400	0.3606
4199.300	0.3706
4200.200	0.3784
4201.100	0.3663
4202.000	0.3625
4202.900	0.3861
4203.800	0.4046
4204.700	0.4052
4205.600	0.4200
4206.500	0.4536
4207.400	0.4853
4208.300	0.4974
4209.200	0.4807
4210.100	0.4595
4211.000	0.4610
4211.900	0.4707
4212.800	0.4625
4213.700	0.4285
4214.600	0.3815
4215.500	0.3670
4216.400	0.4252
4217.300	0.5089
4218.200	0.5515
4219.100	0.5624
4220.000	0.5724
4220.900	0.5765
4221.800	0.5439
4222.700	0.4794
4223.600	0.4155
4224.500	0.3453
4225.400	0.2522
4226.300	0.1833
4227.200	0.2196
4228.100	0.3500
4229.000	0.4626
4229.900	0.5103
4230.800	0.5305
4231.700	0.5183
4232.600	0.4767
4233.500	0.4579
4234.400	0.4661
4235.300	0.4475
4236.200	0.4140
4237.100	0.4198
4238.000	0.4456
4238.900	0.4585
4239.800	0.4683
4240.700	0.4940
4241.600	0.5124
4242.500	0.5051
4243.400	0.5224
4244.300	0.5696
4245.200	0.5805
4246.100	0.5400
4247.000	0.4896
4247.900	0.4536
4248.800	0.4377
4249.700	0.4164
4250.600	0.4109
4251.500	0.4504
4252.400	0.4862
4253.300	0.4657
4254.200	0.4252
4255.100	0.4263
4256.000	0.4860
4256.900	0.5382
4257.800	0.5176
4258.700	0.4465
4259.600	0.4005
4260.500	0.3845
4261.400	0.4192
4262.300	0.4973
4263.200	0.5539
4264.100	0.5717
4265.000	0.5789
4265.900	0.5837
4266.800	0.5548
4267.700	0.5077
4268.600	0.4841
4269.500	0.4599
4270.400	0.3951
4271.300	0.3267
4272.200	0.3263
4273.100	0.3727
4274.000	0.3812
4274.900	0.3855
4275.800	0.4453
4276.700	0.5172
4277.600	0.5535
4278.500	0.5471
4279.400	0.4893
4280.300	0.4350
4281.200	0.4452
4282.100	0.4807
4283.000	0.4994
4283.900	0.4971
4284.800	0.4577
4285.700	0.4235
4286.600	0.4409
4287.500	0.4597
4288.400	0.4268
4289.300	0.3694
4290.200	0.3554
4291.100	0.3989
4292.000	0.4625
4292.900	0.5026
4293.800	0.4894
4294.700	0.4626
4295.600	0.4621
4296.500	0.4499
4297.400	0.4106
4298.300	0.3562
4299.200	0.2997
4300.100	0.2876
4301.000	0.3206
4301.900	0.3393
4302.800	0.3350
4303.700	0.3411
4304.600	0.3448
4305.500	0.3304
4306.400	0.3106
4307.300	0.2808
4308.200	0.2578
4309.100	0.2718
4310.000	0.3069
4310.900	0.3424
4311.800	0.3784
4312.700	0.4146
4313.600	0.4457
4314.500	0.4952
4315.400	0.6011
4316.300	0.7080
4317.200	0.7361
4318.100	0.7132
4319.000	0.6890
4319.900	0.6624
4320.800	0.6268
4321.700	0.5949
4322.600	0.5410
4323.500	0.4527
4324.400	0.3737
4325.300	0.3368
4326.200	0.3877
4327.100	0.5190
4328.000	0.6292
4328.900	0.6539
4329.800	0.6198
4330.700	0.5993
4331.600	0.6230
4332.500	0.6474
4333.400	0.6533
4334.300	0.6750
4335.200	0.7042
4336.100	0.6695
4337.000	0.5617
4337.900	0.4796
4338.800	0.4536
4339.700	0.4292
4340.600	0.4373
4341.500	0.5166
4342.400	0.5892
4343.300	0.5968
4344.200	0.6047
4345.100	0.6415
4346.000	0.6389
4346.900	0.6058
4347.800	0.6248
4348.700	0.6843
4349.600	0.6797
4350.500	0.5689
4351.400	0.4576
4352.300	0.4519
4353.200	0.5189
4354.100	0.5597
4355.000	0.5676
4355.900	0.5984
4356.800	0.6365
4357.700	0.6217
4358.600	0.5610
4359.500	0.5397
4360.400	0.5844
4361.300	0.6341
4362.200	0.6411
4363.100	0.6291
4364.000	0.6608
4364.900	0.7005
4365.800	0.6705
4366.700	0.5925
4367.600	0.5446
4368.500	0.5603
4369.400	0.5904
4370.300	0.5909
4371.200	0.5894
4372.100	0.5810
4373.000	0.5433
4373.900	0.4863
4374.800	0.4603
4375.700	0.4951
4376.600	0.5767
4377.500	0.6383
4378.400	0.6435
4379.300	0.6168
4380.200	0.5970
4381.100	0.5810
4382.000	0.4976
4382.900	0.3566
4383.800	0.2865
4384.700	0.3568
4385.600	0.4867
4386.500	0.5676
4387.400	0.5678
4388.300	0.5457
4389.200	0.5240
4390.100	0.5069
4391.000	0.5223
4391.900	0.5619
4392.800	0.5842
4393.700	0.5646
4394.600	0.5369
4395.500	0.5632
4396.400	0.6343
4397.300	0.6763
4398.200	0.6513
4399.100	0.5940
4400.000	0.5426
4400.900	0.5528
4401.800	0.6234
4402.700	0.6339
4403.600	0.5260
4404.500	0.4267
4405.400	0.4492
4406.300	0.5257
4407.200	0.5338
4408.100	0.5062
4409.000	0.5371
4409.900	0.6210
4410.800	0.6785
4411.700	0.6985
4412.600	0.6997
4413.500	0.6581
4414.400	0.5702
4415.300	0.5222
4416.200	0.5580
4417.100	0.6087
4418.000	0.6487
4418.900	0.6880
4419.800	0.6895
4420.700	0.6448
4421.600	0.5909
4422.500	0.5731
4423.400	0.6014
4424.300	0.6358
4425.200	0.6379
4426.100	0.6252
4427.000	0.6291
4427.900	0.6447
4428.800	0.6370
4429.700	0.5953
4430.600	0.5873
4431.500	0.6388
4432.400	0.6611
4433.300	0.6127
4434.200	0.5444
4435.100	0.5145
4436.000	0.5504
4436.900	0.6296
4437.800	0.6987
4438.700	0.7311
4439.600	0.7171
4440.500	0.6600
4441.400	0.6008
4442.300	0.5695
4443.200	0.5769
4444.100	0.6271
4445.000	0.6942
4445.900	0.7253
4446.800	0.7129
4447.700	0.7089
4448.600	0.7118
4449.500	0.6841
4450.400	0.6615
4451.300	0.6759
4452.200	0.6852
4453.100	0.6573
4454.000	0.6086
4454.900	0.5742
4455.800	0.5827
4456.700	0.6079
4457.600	0.6099
4458.500	0.5909
4459.400	0.5746
4460.300	0.5605
4461.200	0.5355
4462.100	0.5464
4463.000	0.6183
4463.900	0.6718
4464.800	0.6730
4465.700	0.6667
4466.600	0.6680
4467.500	0.6625
4468.400	0.6393
4469.300	0.6214
4470.200	0.6353
4471.100	0.6672
4472.000	0.7026
4472.900	0.7399
4473.800	0.7619
4474.700	0.7601
4475.600	0.7710
4476.500	0.8076
4477.400	0.8285
4478.300	0.7943
4479.200	0.7211
4480.100	0.6596
4481.000	0.6390
4481.900	0.6484
4482.800	0.6960
4483.700	0.7572
4484.600	0.7936
4485.500	0.8105
4486.400	0.8039
4487.300	0.7639
4488.200	0.6995
4489.100	0.6523
4490.000	0.6604
4490.900	0.7162
4491.800	0.7626
4492.700	0.7577
4493.600	0.6999
4494.500	0.6377
4495.400	0.6220
4496.300	0.6471
4497.200	0.7049
4498.100	0.7632
4499.000	0.7865
4499.900	0.7709
4500.800	0.7274
4501.700	0.7243
4502.600	0.7950
4503.500	0.8606
4504.400	0.8671
4505.300	0.8428
4506.200	0.8123
4507.100	0.7927
4508.000	0.7976
4508.900	0.8140
4509.800	0.8246
4510.700	0.8208
4511.600	0.7920
4512.500	0.7576
4513.400	0.7400
4514.300	0.7345
4515.200	0.7464
4516.100	0.7615
4517.000	0.7387
4517.900	0.7041
4518.800	0.7260
4519.700	0.7838
4520.600	0.8216
4521.500	0.8098
4522.400	0.7387
4523.300	0.7061
4524.200	0.7221
4525.100	0.7034
4526.000	0.6591
4526.900	0.6252
4527.800	0.6066
4528.700	0.6036
4529.600	0.6228
4530.500	0.6477
4531.400	0.6790
4532.300	0.7111
4533.200	0.6799
4534.100	0.6234
4535.000	0.5979
4535.900	0.6394
4536.800	0.7496
4537.700	0.8157
4538.600	0.7918
4539.500	0.7462
4540.400	0.7110
4541.300	0.7127
4542.200	0.7492
4543.100	0.7661
4544.000	0.7321
4544.900	0.6962
4545.800	0.7119
4546.700	0.7403
4547.600	0.7384
4548.500	0.7106
4549.400	0.6874
4550.300	0.7200
4551.200	0.7565
4552.100	0.7353
4553.000	0.7106
4553.900	0.6967
4554.800	0.6869
4555.700	0.7182
4556.600	0.7816
4557.500	0.8293
4558.400	0.8335
4559.300	0.8178
4560.200	0.8021
4561.100	0.8025
4562.000	0.7991
4562.900	0.7521
4563.800	0.6985
4564.700	0.6807
4565.600	0.7049
4566.500	0.7652
4567.400	0.8212
4568.300	0.8267
4569.200	0.8094
4570.100	0.7760
4571.000	0.7162
4571.900	0.7094
4572.800	0.7824
4573.700	0.8284
4574.600	0.8089
4575.500	0.7943
4576.400	0.8032
4577.300	0.8000
4578.200	0.7700
4579.100	0.7162
4580.000	0.6757
4580.900	0.6864
4581.800	0.7319
4582.700	0.7591
4583.600	0.7521
4584.500	0.7409
4585.400	0.7331
4586.300	0.7360
4587.200	0.7830
4588.100	0.8361
4589.000	0.8506
4589.900	0.8337
4590.800	0.7963
4591.700	0.7618
4592.600	0.7494
4593.500	0.7447
4594.400	0.7315
4595.300	0.7293
4596.200	0.7423
4597.100	0.7526
4598.000	0.7670
4598.900	0.7795
4599.800	0.7597
4600.700	0.7355
4601.600	0.7560
4602.500	0.7816
4603.400	0.7825
4604.300	0.7731
4605.200	0.7633
4606.100	0.7737
4607.000	0.8136
4607.900	0.8633
4608.800	0.8948
4609.700	0.8869
4610.600	0.8545
4611.500	0.8294
4612.400	0.8166
4613.300	0.8081
4614.200	0.8220
4615.100	0.8407
4616.000	0.8387
4616.900	0.8475
4617.800	0.8534
4618.700	0.8273
4619.600	0.8165
4620.500	0.8481
4621.400	0.8661
4622.300	0.8491
4623.200	0.8473
4624.100	0.8597
4625.000	0.8497
4625.900	0.8368
4626.800	0.8477
4627.700	0.8568
4628.600	0.8355
4629.500	0.8208
4630.400	0.8534
4631.300	0.8845
4632.200	0.8567
4633.100	0.8086
4634.000	0.7965
4634.900	0.8027
4635.800	0.7997
4636.700	0.7853
4637.600	0.7653
4638.500	0.7518
4639.400	0.7393
4640.300	0.7575
4641.200	0.8186
4642.100	0.8552
4643.000	0.8415
4643.900	0.8197
4644.800	0.7885
4645.700	0.7304
4646.600	0.6889
4647.500	0.7006
4648.400	0.7404
4649.300	0.7789
4650.200	0.8099
4651.100	0.8300
4652.000	0.8381
4652.900	0.8360
4653.800	0.8002
4654.700	0.7526
4655.600	0.7355
4656.500	0.7514
4657.400	0.8081
4658.300	0.8834
4659.200	0.9296
4660.100	0.9296
4661.000	0.8903
4661.900	0.8341
4662.800	0.7920
4663.700	0.7881
4664.600	0.8059
4665.500	0.7834
4666.400	0.7049
4667.300	0.6379
4668.200	0.6483
4669.100	0.7141
4670.000	0.7764
4670.900	0.8255
4671.800	0.8449
4672.700	0.8283
4673.600	0.8033
4674.500	0.7943
4675.400	0.8226
4676.300	0.8658
4677.200	0.8662
4678.100	0.8323
4679.000	0.7971
4679.900	0.7640
4680.800	0.7390
4681.700	0.7448
4682.600	0.7818
4683.500	0.8287
4684.400	0.8387
4685.300	0.8287
4686.200	0.8152
4687.100	0.7907
4688.000	0.7878
4688.900	0.8098
4689.800	0.8098
4690.700	0.7897
4691.600	0.7916
4692.500	0.8144
4693.400	0.8281
4694.300	0.8497
4695.200	0.8832
4696.100	0.8914
4697.000	0.8541
4697.900	0.7887
4698.800	0.7501
4699.700	0.7718
4700.600	0.7962
4701.500	0.7910
4702.400	0.7721
4703.300	0.7650
4704.200	0.7958
4705.100	0.8219
4706.000	0.8162
4706.900	0.7868
4707.800	0.7587
4708.700	0.7439
4709.600	0.7501
4710.500	0.8005
4711.400	0.8543
4712.300	0.8593
4713.200	0.8282
4714.100	0.7817
4715.000	0.7723
4715.900	0.8268
4716.800	0.8737
4717.700	0.8832
4718.600	0.8904
4719.500	0.9021
4720.400	0.9009
4721.300	0.8804
4722.200	0.8505
4723.100	0.8516
4724.000	0.8910
4724.900	0.9191
4725.800	0.8984
4726.700	0.8179
4727.600	0.7366
4728.500	0.7239
4729.400	0.7524
4730.300	0.7692
4731.200	0.7792
4732.100	0.7998
4733.000	0.8188
4733.900	0.8279
4734.800	0.8517
4735.700	0.8468
4736.600	0.8120
4737.500	0.8224
4738.400	0.8692
4739.300	0.8689
4740.200	0.8324
4741.100	0.8179
4742.000	0.8336
4742.900	0.8607
4743.800	0.8670
4744.700	0.8533
4745.600	0.8590
4746.500	0.8931
4747.400	0.9037
4748.300	0.8926
4749.200	0.8870
4750.100	0.8922
4751.000	0.8958
4751.900	0.8767
4752.800	0.8625
4753.700	0.8525
4754.600	0.8430
4755.500	0.8453
4756.400	0.8408
4757.300	0.8361
4758.200	0.8343
4759.100	0.8498
4760.000	0.8801
4760.900	0.8757
4761.800	0.8298
4762.700	0.7983
4763.600	0.7984
4764.500	0.7968
4765.400	0.7769
4766.300	0.7724
4767.200	0.8024
4768.100	0.8393
4769.000	0.8729
4769.900	0.8981
4770.800	0.8728
4771.700	0.8347
4772.600	0.8400
4773.500	0.8856
4774.400	0.9276
4775.300	0.9243
4776.200	0.9013
4777.100	0.9049
4778.000	0.9088
4778.900	0.8895
4779.800	0.8738
4780.700	0.8679
4781.600	0.8575
4782.500	0.8356
4783.400	0.8251
4784.300	0.8464
4785.200	0.8562
4786.100	0.8202
4787.000	0.8126
4787.900	0.8395
4788.800	0.8301
4789.700	0.8144
4790.600	0.8294
4791.500	0.8451
4792.400	0.8604
4793.300	0.9024
4794.200	0.9467
4795.100	0.9513
4796.000	0.9257
4796.900	0.8915
4797.800	0.8588
4798.700	0.8257
4799.600	0.8160
4800.500	0.8448
4801.400	0.8942
4802.300	0.9323
4803.200	0.9355
4804.100	0.9054
4805.000	0.8662
4805.900	0.8526
4806.800	0.8498
4807.700	0.8387
4808.600	0.8484
4809.500	0.8795
4810.400	0.8944
4811.300	0.8883
4812.200	0.8835
4813.100	0.8831
4814.000	0.8880
4814.900	0.8933
4815.800	0.9024
4816.700	0.9221
4817.600	0.9348
4818.500	0.9420
4819.400	0.9443
4820.300	0.9321
4821.200	0.9279
4822.100	0.9107
4823.000	0.8579
4823.900	0.8292
4824.800	0.8619
4825.700	0.9020
4826.600	0.9056
4827.500	0.8815
4828.400	0.8637
4829.300	0.8700
4830.200	0.8769
4831.100	0.8445
4832.000	0.8052
4832.900	0.8315
4833.800	0.8841
4834.700	0.9005
4835.600	0.8875
4836.500	0.8828
4837.400	0.8892
4838.300	0.8686
4839.200	0.8280
4840.100	0.8139
4841.000	0.8352
4841.900	0.8555
4842.800	0.8422
4843.700	0.8359
4844.600	0.8747
4845.500	0.9176
4846.400	0.9190
4847.300	0.8841
4848.200	0.8436
4849.100	0.8439
4850.000	0.8877
4850.900	0.9061
4851.800	0.8947
4852.700	0.9014
4853.600	0.8904
4854.500	0.8297
4855.400	0.7825
4856.300	0.8146
4857.200	0.8792
4858.100	0.8865
4859.000	0.8308
4859.900	0.7375
4860.800	0.6455
4861.700	0.6423
4862.600	0.7393
4863.500	0.8037
4864.400	0.8075
4865.300	0.8300
4866.200	0.8586
4867.100	0.8587
4868.000	0.8465
4868.900	0.8515
4869.800	0.8410
4870.700	0.7834
4871.600	0.7453
4872.500	0.7780
4873.400	0.8291
4874.300	0.8383
4875.200	0.8293
4876.100	0.8480
4877.000	0.8785
4877.900	0.8911
4878.800	0.9150
4879.700	0.9304
4880.600	0.8810
4881.500	0.8249
4882.400	0.8389
4883.300	0.8800
4884.200	0.8684
4885.100	0.8189
4886.000	0.7943
4886.900	0.8130
4887.800	0.8369
4888.700	0.8372
4889.600	0.8179
4890.500	0.7781
4891.400	0.7720
4892.300	0.8483
4893.200	0.9300
4894.100	0.9731
4895.000	0.9990
4895.900	1.0035
4896.800	0.9976
4897.700	0.9902
4898.600	0.9535
4899.500	0.8976
4900.400	0.8830
4901.300	0.9116
4902.200	0.9135
4903.100	0.8842
4904.000	0.8801
4904.900	0.9182
4905.800	0.9616
4906.700	0.9617
4907.600	0.9190
4908.500	0.8709
4909.400	0.8301
4910.300	0.8116
4911.200	0.8294
4912.100	0.8616
4913.000	0.8824
4913.900	0.9008
4914.800	0.9340
4915.700	0.9619
4916.600	0.9462
4917.500	0.8802
4918.400	0.7939
4919.300	0.7257
4920.200	0.7015
4921.100	0.7414
4922.000	0.8222
4922.900	0.8671
4923.800	0.8469
4924.700	0.8200
4925.600	0.8410
4926.500	0.8865
4927.400	0.9093
4928.300	0.9286
4929.200	0.9584
4930.100	0.9660
4931.000	0.9622
4931.900	0.9438
4932.800	0.8808
4933.700	0.8301
4934.600	0.8574
4935.500	0.9037
4936.400	0.8873
4937.300	0.8214
4938.200	0.7625
4939.100	0.7620
4940.000	0.8275
4940.900	0.8997
4941.800	0.9222
4942.700	0.9281
4943.600	0.9505
4944.500	0.9516
4945.400	0.9211
4946.300	0.9072
4947.200	0.9320
4948.100	0.9581
4949.000	0.9660
4949.900	0.9699
4950.800	0.9774
4951.700	0.9694
4952.600	0.9443
4953.500	0.9373
4954.400	0.9514
4955.300	0.9536
4956.200	0.8945
4957.100	0.7827
4958.000	0.7621
4958.900	0.8670
4959.800	0.9569
4960.700	0.9735
4961.600	0.9550
4962.500	0.9526
4963.400	0.9566
4964.300	0.9203
4965.200	0.8618
4966.100	0.8397
4967.000	0.8513
4967.900	0.8589
4968.800	0.8689
4969.700	0.8827
4970.600	0.8913
4971.500	0.9156
4972.400	0.9371
4973.300	0.9473
4974.200	0.9559
4975.100	0.9410
4976.000	0.9180
4976.900	0.9011
4977.800	0.8718
4978.700	0.8509
4979.600	0.8586
4980.500	0.8538
4981.400	0.8092
4982.300	0.7539
4983.200	0.7454
4984.100	0.7775
4985.000	0.8088
4985.900	0.8400
4986.800	0.8928
4987.700	0.9145
4988.600	0.8892
4989.500	0.8638
4990.400	0.8495
4991.300	0.8576
4992.200	0.8926
4993.100	0.8904
4994.000	0.8667
4994.900	0.8831
4995.800	0.8987
4996.700	0.8884
4997.600	0.8821
4998.500	0.8651
4999.400	0.8252
5000.300	0.8080
5001.200	0.8246
5002.100	0.8445
5003.000	0.8526
5003.900	0.8468
5004.800	0.8206
5005.700	0.7811
5006.600	0.7809
5007.500	0.8422
5008.400	0.8968
5009.300	0.8943
5010.200	0.8707
5011.100	0.8463
5012.000	0.7956
5012.900	0.7478
5013.800	0.7257
5014.700	0.7476
5015.600	0.8046
5016.500	0.8324
5017.400	0.8227
5018.300	0.8168
5019.200	0.8358
5020.100	0.8480
5021.000	0.8340
5021.900	0.8010
5022.800	0.8007
5023.700	0.8458
5024.600	0.8710
5025.500	0.8705
5026.400	0.8593
5027.300	0.8253
5028.200	0.8349
5029.100	0.8853
5030.000	0.9046
5030.900	0.9076
5031.800	0.9296
5032.700	0.9652
5033.600	0.9704
5034.500	0.9188
5035.400	0.8307
5036.300	0.7937
5037.200	0.8292
5038.100	0.8374
5039.000	0.7805
5039.900	0.6999
5040.800	0.6337
5041.700	0.6654
5042.600	0.7829
5043.500	0.8624
5044.400	0.8989
5045.300	0.9407
5046.200	0.9651
5047.100	0.9379
5048.000	0.8640
5048.900	0.8111
5049.800	0.8125
5050.700	0.8272
5051.600	0.8277
5052.500	0.8435
5053.400	0.8869
5054.300	0.9209
5055.200	0.9372
5056.100	0.9364
5057.000	0.9316
5057.900	0.9345
5058.800	0.9333
5059.700	0.9284
5060.600	0.9443
5061.500	0.9621
5062.400	0.9483
5063.300	0.9027
5064.200	0.8197
5065.100	0.7794
5066.000	0.8223
5066.900	0.8523
5067.800	0.8375
5068.700	0.8337
5069.600	0.8670
5070.500	0.8916
5071.400	0.8588
5072.300	0.8251
5073.200	0.8574
5074.100	0.9017
5075.000	0.8930
5075.900	0.8666
5076.800	0.8764
5077.700	0.8897
5078.600	0.8201
5079.500	0.7193
5080.400	0.7089
5081.300	0.7664
5082.200	0.8019
5083.100	0.8014
5084.000	0.8161
5084.900	0.8463
5085.800	0.8620
5086.700	0.8636
5087.600	0.8595
5088.500	0.8736
5089.400	0.8928
5090.300	0.8955
5091.200	0.8894
5092.100	0.9082
5093.000	0.9341
5093.900	0.9334
5094.800	0.9039
5095.700	0.8765
5096.600	0.8556
5097.500	0.8261
5098.400	0.7774
5099.300	0.7593
5100.200	0.8193
5101.100	0.8779
5102.000	0.8904
5102.900	0.8709
5103.800	0.8462
5104.700	0.8355
5105.600	0.8353
5106.500	0.8194
5107.400	0.7893
5108.300	0.7954
5109.200	0.8083
5110.100	0.7919
5111.000	0.8134
5111.900	0.8552
5112.800	0.8577
5113.700	0.8637
5114.600	0.8881
5115.500	0.8937
5116.400	0.9048
5117.300	0.9289
5118.200	0.9322
5119.100	0.9137
5120.000	0.8862
5120.900	0.8532
5121.800	0.8267
5122.700	0.7809
5123.600	0.7284
5124.500	0.7375
5125.400	0.7786
5126.300	0.7909
5127.200	0.7796
5128.100	0.7678
5129.000	0.7623
5129.900	0.7635
5130.800	0.8011
5131.700	0.8351
5132.600	0.8507
5133.500	0.8541
5134.400	0.8743
5135.300	0.8965
5136.200	0.8667
5137.100	0.8228
5138.000	0.8051
5138.900	0.7834
5139.800	0.7942
5140.700	0.8423
5141.600	0.8086
5142.500	0.7436
5143.400	0.7615
5144.300	0.8127
5145.200	0.7998
5146.100	0.7678
5147.000	0.7622
5147.900	0.7781
5148.800	0.8060
5149.700	0.8111
5150.600	0.7775
5151.500	0.7499
5152.400	0.7487
5153.300	0.7578
5154.200	0.7696
5155.100	0.8068
5156.000	0.8491
5156.900	0.8799
5157.800	0.8969
5158.700	0.8888
5159.600	0.8850
5160.500	0.9017
5161.400	0.8899
5162.300	0.8469
5163.200	0.8307
5164.100	0.8135
5165.000	0.7381
5165.900	0.6310
5166.800	0.5344
5167.700	0.5120
5168.600	0.5932
5169.500	0.7081
5170.400	0.7425
5171.300	0.6280
5172.200	0.4850
5173.100	0.4828
5174.000	0.6375
5174.900	0.7865
5175.800	0.8316
5176.700	0.8367
5177.600	0.8589
5178.500	0.8685
5179.400	0.8528
5180.300	0.8244
5181.200	0.7654
5182.100	0.6484
5183.000	0.5060
5183.900	0.4754
5184.800	0.6218
5185.700	0.7936
5186.600	0.8803
5187.500	0.8967
5188.400	0.8857
5189.300	0.9150
5190.200	0.9383
5191.100	0.8671
5192.000	0.7664
5192.900	0.7560
5193.800	0.8122
5194.700	0.8335
5195.600	0.8318
5196.500	0.8643
5197.400	0.8975
5198.300	0.9108
5199.200	0.9265
5200.100	0.9366
5201.000	0.9272
5201.900	0.9138
5202.800	0.9076
5203.700	0.8860
5204.600	0.8136
5205.500	0.7635
5206.400	0.7736
5207.300	0.7727
5208.200	0.7284
5209.100	0.7238
5210.000	0.7706
5210.900	0.8200
5211.800	0.8880
5212.700	0.9418
5213.600	0.9631
5214.500	0.9381
5215.400	0.8857
5216.300	0.8619
5217.200	0.8804
5218.100	0.9145
5219.000	0.9376
5219.900	0.9448
5220.800	0.9551
5221.700	0.9538
5222.600	0.9171
5223.500	0.8607
5224.400	0.7988
5225.300	0.7486
5226.200	0.7152
5227.100	0.7251
5228.000	0.8161
5228.900	0.9066
5229.800	0.9265
5230.700	0.9366
5231.600	0.9432
5232.500	0.8990
5233.400	0.8556
5234.300	0.8552
5235.200	0.8780
5236.100	0.9258
5237.000	0.9652
5237.900	0.9646
5238.800	0.9455
5239.700	0.9431
5240.600	0.9664
5241.500	0.9827
5242.400	0.9689
5243.300	0.9650
5244.200	0.9930
5245.100	0.9904
5246.000	0.9111
5246.900	0.8194
5247.800	0.8166
5248.700	0.8674
5249.600	0.8529
5250.500	0.8106
5251.400	0.8314
5252.300	0.8800
5253.200	0.8980
5254.100	0.8789
5255.000	0.8463
5255.900	0.8779
5256.800	0.9633
5257.700	1.0081
5258.600	1.0130
5259.500	0.9930
5260.400	0.9565
5261.300	0.9015
5262.200	0.8321
5263.100	0.7814
5264.000	0.7531
5264.900	0.7296
5265.800	0.7234
5266.700	0.7830
5267.600	0.8499
5268.500	0.7862
5269.400	0.6650
5270.300	0.6809
5271.200	0.8228
5272.100	0.9125
5273.000	0.9099
5273.900	0.8985
5274.800	0.8852
5275.700	0.8767
5276.600	0.9362
5277.500	1.0159
5278.400	1.0388
5279.300	1.0132
5280.200	0.9646
5281.100	0.9243
5282.000	0.8993
5282.900	0.8780
5283.800	0.8745
5284.700	0.9277
5285.600	1.0166
5286.500	1.0572
5287.400	1.0426
5288.300	1.0170
5289.200	1.0161
5290.100	1.0370
5291.000	1.0481
5291.900	1.0337
5292.800	1.0049
5293.700	0.9947
5294.600	0.9936
5295.500	0.9534
5296.400	0.8765
5297.300	0.8054
5298.200	0.8035
5299.100	0.8750
5300.000	0.9249
5300.900	0.9154
5301.800	0.9185
5302.700	0.9572
5303.600	1.0082
5304.500	1.0425
5305.400	1.0455
5306.300	1.0199
5307.200	0.9958
5308.100	1.0061
5309.000	1.0393
5309.900	1.0540
5310.800	1.0492
5311.700	1.0365
5312.600	1.0184
5313.500	1.0079
5314.400	1.0110
5315.300	1.0051
5316.200	0.9851
5317.100	0.9774
5318.000	0.9897
5318.900	0.9925
5319.800	0.9835
5320.700	0.9823
5321.600	0.9810
5322.500	0.9681
5323.400	0.9387
5324.300	0.9177
5325.200	0.9357
5326.100	0.9330
5327.000	0.8400
5327.900	0.7158
5328.800	0.7130
5329.700	0.8379
5330.600	0.9358
5331.500	0.9552
5332.400	0.9373
5333.300	0.9462
5334.200	0.9920
5335.100	1.0192
5336.000	1.0055
5336.900	0.9876
5337.800	0.9878
5338.700	0.9715
5339.600	0.9117
5340.500	0.8623
5341.400	0.8880
5342.300	0.9527
5343.200	0.9885
5344.100	0.9930
5345.000	0.9752
5345.900	0.9544
5346.800	0.9633
5347.700	0.9602
5348.600	0.9260
5349.500	0.9190
5350.400	0.9605
5351.300	1.0025
5352.200	1.0070
5353.100	1.0043
5354.000	1.0277
5354.900	1.0613
5355.800	1.0720
5356.700	1.0675
5357.600	1.0652
5358.500	1.0661
5359.400	1.0663
5360.300	1.0512
5361.200	1.0187
5362.100	0.9959
5363.000	0.9990
5363.900	0.9979
5364.800	0.9748
5365.700	0.9632
5366.600	0.9702
5367.500	0.9727
5368.400	0.9648
5369.300	0.9208
5370.200	0.8554
5371.100	0.8290
5372.000	0.8764
5372.900	0.9640
5373.800	1.0193
5374.700	1.0371
5375.600	1.0323
5376.500	1.0107
5377.400	1.0044
5378.300	1.0124
5379.200	1.0075
5380.100	0.9897
5381.000	0.9792
5381.900	0.9796
5382.800	0.9744
5383.700	0.9750
5384.600	0.9918
5385.500	0.9995
5386.400	0.9928
5387.300	0.9813
5388.200	0.9621
5389.100	0.9363
5390.000	0.9210
5390.900	0.9226
5391.800	0.9269
5392.700	0.9269
5393.600	0.9203
5394.500	0.9116
5395.400	0.8929
5396.300	0.8458
5397.200	0.8252
5398.100	0.8868
5399.000	0.9528
5399.900	0.9575
5400.800	0.9480
5401.700	0.9645
5402.600	0.9644
5403.500	0.9135
5404.400	0.8470
5405.300	0.8113
5406.200	0.8283
5407.100	0.8792
5408.000	0.9056
5408.900	0.8842
5409.800	0.8654
5410.700	0.9027
5411.600	0.9668
5412.500	1.0028
5413.400	1.0045
5414.300	0.9921
5415.200	0.9907
5416.100	1.0110
5417.000	1.0268
5417.900	1.0177
5418.800	0.9905
5419.700	0.9615
5420.600	0.9570
5421.500	0.9854
5422.400	1.0054
5423.300	0.9766
5424.200	0.9415
5425.100	0.9570
5426.000	1.0032
5426.900	1.0323
5427.800	1.0055
5428.700	0.9184
5429.600	0.8649
5430.500	0.9092
5431.400	0.9577
5432.300	0.9397
5433.200	0.9084
5434.100	0.8900
5435.000	0.8827
5435.900	0.8928
5436.800	0.9274
5437.700	0.9841
5438.600	1.0301
5439.500	1.0485
5440.400	1.0511
5441.300	1.0474
5442.200	1.0495
5443.100	1.0489
5444.000	1.0205
5444.900	0.9602
5445.800	0.8863
5446.700	0.8514
5447.600	0.9029
5448.500	0.9866
5449.400	1.0313
5450.300	1.0399
5451.200	1.0314
5452.100	1.0176
5453.000	0.9937
5453.900	0.9476
5454.800	0.8907
5455.700	0.8802
5456.600	0.9449
5457.500	1.0199
5458.400	1.0484
5459.300	1.0333
5460.200	0.9999
5461.100	0.9754
5462.000	0.9511
5462.900	0.9316
5463.800	0.9530
5464.700	0.9941
5465.600	1.0031
5466.500	0.9944
5467.400	1.0024
5468.300	1.0082
5469.200	0.9840
5470.100	0.9521
5471.000	0.9520
5471.900	0.9643
5472.800	0.9469
5473.700	0.9302
5474.600	0.9331
5475.500	0.9001
5476.400	0.8447
5477.300	0.8621
5478.200	0.9476
5479.100	0.9990
5480.000	0.9672
5480.900	0.9014
5481.800	0.8817
5482.700	0.9140
5483.600	0.9629
5484.500	1.0109
5485.400	1.0295
5486.300	1.0009
5487.200	0.9554
5488.100	0.9463
5489.000	0.9603
5489.900	0.9589
5490.800	0.9675
5491.700	0.9912
5492.600	0.9876
5493.500	0.9710
5494.400	0.9826
5495.300	1.0043
5496.200	0.9911
5497.100	0.9613
5498.000	0.9794
5498.900	1.0309
5499.800	1.0365
5500.700	0.9908
5501.600	0.9562
5502.500	0.9622
5503.400	0.9798
5504.300	0.9844
5505.200	0.9591
5506.100	0.9213
5507.000	0.9343
5507.900	0.9862
5508.800	1.0046
5509.700	0.9902
5510.600	0.9695
5511.500	0.9310
5512.400	0.8962
5513.300	0.8966
5514.200	0.9166
5515.100	0.9459
5516.000	0.9688
5516.900	0.9861
5517.800	1.0211
5518.700	1.0487
5519.600	1.0478
5520.500	1.0359
5521.400	1.0270
5522.300	1.0208
5523.200	1.0183
5524.100	1.0182
5525.000	1.0087
5525.900	0.9859
5526.800	0.9493
5527.700	0.9099
5528.600	0.9098
5529.500	0.9568
5530.400	0.9944
5531.300	0.9985
5532.200	0.9896
5533.100	0.9844
5534.000	0.9793
5534.900	0.9711
5535.800	0.9783
5536.700	0.9891
5537.600	0.9848
5538.500	0.9912
5539.400	1.0190
5540.300	1.0441
5541.200	1.0485
5542.100	1.0267
5543.000	0.9988
5543.900	0.9939
5544.800	1.0017
5545.700	0.9957
5546.600	0.9936
5547.500	1.0185
5548.400	1.0459
5549.300	1.0528
5550.200	1.0546
5551.100	1.0557
5552.000	1.0425
5552.900	1.0133
5553.800	0.9909
5554.700	0.9945
5555.600	1.0136
5556.500	1.0202
5557.400	1.0118
5558.300	1.0131
5559.200	1.0266
5560.100	1.0299
5561.000	1.0233
5561.900	1.0058
5562.800	0.9828
5563.700	0.9789
5564.600	0.9800
5565.500	0.9671
5566.400	0.9636
5567.300	0.9761
5568.200	0.9830
5569.100	0.9746
5570.000	0.9823
5570.900	1.0086
5571.800	0.9974
5572.700	0.9670
5573.600	0.9857
5574.500	1.0223
5575.400	1.0199
5576.300	1.0073
5577.200	1.0141
5578.100	1.0121
5579.000	1.0077
5579.900	1.0244
5580.800	1.0292
5581.700	1.0127
5582.600	1.0083
5583.500	1.0098
5584.400	0.9978
5585.300	0.9747
5586.200	0.9385
5587.100	0.8980
5588.000	0.8810
5588.900	0.8885
5589.800	0.9108
5590.700	0.9367
5591.600	0.9469
5592.500	0.9456
5593.400	0.9433
5594.300	0.9496
5595.200	0.9904
5596.100	1.0356
5597.000	1.0274
5597.900	0.9825
5598.800	0.9579
5599.700	0.9602
5600.600	0.9522
5601.500	0.9318
5602.400	0.9246
5603.300	0.9499
5604.200	1.0028
5605.100	1.0446
5606.000	1.0625
5606.900	1.0680
5607.800	1.0645
5608.700	1.0607
5609.600	1.0568
5610.500	1.0589
5611.400	1.0709
5612.300	1.0791
5613.200	1.0592
5614.100	0.9910
5615.000	0.9153
5615.900	0.9149
5616.800	0.9753
5617.700	1.0110
5618.600	1.0035
5619.500	0.9933
5620.400	1.0051
5621.300	1.0303
5622.200	1.0371
5623.100	0.9994
5624.000	0.9364
5624.900	0.9134
5625.800	0.9488
5626.700	0.9885
5627.600	1.0057
5628.500	1.0292
5629.400	1.0609
5630.300	1.0765
5631.200	1.0753
5632.100	1.0655
5633.000	1.0501
5633.900	1.0353
5634.800	1.0219
5635.700	1.0045
5636.600	0.9852
5637.500	0.9821
5638.400	0.9995
5639.300	1.0109
5640.200	0.9934
5641.100	0.9708
5642.000	0.9770
5642.900	0.9933
5643.800	0.9935
5644.700	0.9928
5645.600	0.9971
5646.500	1.0037
5647.400	1.0122
5648.300	1.0101
5649.200	1.0000
5650.100	1.0024
5651.000	1.0198
5651.900	1.0392
5652.800	1.0430
5653.700	1.0227
5654.600	0.9957
5655.500	0.9944
5656.400	0.9922
5657.300	0.9330
5658.200	0.8674
5659.100	0.8900
5660.000	0.9633
5660.900	0.9861
5661.800	0.9568
5662.700	0.9493
5663.600	0.9866
5664.500	1.0277
5665.400	1.0352
5666.300	1.0088
5667.200	0.9788
5668.100	0.9716
5669.000	0.9829
5669.900	0.9902
5670.800	0.9915
5671.700	1.0123
5672.600	1.0518
5673.500	1.0752
5674.400	1.0659
5675.300	1.0495
5676.200	1.0558
5677.100	1.0649
5678.000	1.0520
5678.900	1.0365
5679.800	1.0383
5680.700	1.0404
5681.600	1.0178
5682.500	0.9879
5683.400	0.9842
5684.300	0.9999
5685.200	1.0093
5686.100	0.9967
5687.000	0.9763
5687.900	0.9676
5688.800	0.9764
5689.700	0.9999
5690.600	1.0220
5691.500	1.0395
5692.400	1.0529
5693.300	1.0511
5694.200	1.0413
5695.100	1.0389
5696.000	1.0414
5696.900	1.0267
5697.800	0.9929
5698.700	0.9724
5699.600	0.9673
5700.500	0.9508
5701.400	0.9343
5702.300	0.9421
5703.200	0.9729
5704.100	0.9997
5705.000	0.9954
5705.900	0.9650
5706.800	0.9368
5707.700	0.9146
5708.600	0.8950
5709.500	0.8969
5710.400	0.9082
5711.300	0.9046
5712.200	0.9280
5713.100	0.9845
5714.000	1.0165
5714.900	1.0204
5715.800	1.0270
5716.700	1.0320
5717.600	1.0322
5718.500	1.0417
5719.400	1.0543
5720.300	1.0564
5721.200	1.0618
5722.100	1.0736
5723.000	1.0784
5723.900	1.0772
5724.800	1.0702
5725.700	1.0420
5726.600	0.9977
5727.500	0.9879
5728.400	1.0278
5729.300	1.0559
5730.200	1.0347
5731.100	0.9978
5732.000	1.0015
5732.900	1.0389
5733.800	1.0616
5734.700	1.0664
5735.600	1.0574
5736.500	1.0397
5737.400	1.0316
5738.300	1.0305
5739.200	1.0280
5740.100	1.0294
5741.000	1.0320
5741.900	1.0259
5742.800	1.0179
5743.700	1.0265
5744.600	1.0510
5745.500	1.0684
5746.400	1.0573
5747.300	1.0184
5748.200	0.9942
5749.100	1.0161
5750.000	1.0505
5750.900	1.0533
5751.800	1.0195
5752.700	0.9711
5753.600	0.9415
5754.500	0.9586
5755.400	1.0096
5756.300	1.0490
5757.200	1.0638
5758.100	1.0657
5759.000	1.0535
5759.900	1.0291
5760.800	1.0029
5761.700	0.9789
5762.600	0.9702
5763.500	1.0045
5764.400	1.0566
5765.300	1.0803
5766.200	1.0809
5767.100	1.0798
5768.000	1.0784
5768.900	1.0720
5769.800	1.0656
5770.700	1.0574
5771.600	1.0428
5772.500	1.0355
5773.400	1.0358
5774.300	1.0304
5775.200	1.0319
5776.100	1.0460
5777.000	1.0552
5777.900	1.0525
5778.800	1.0376
5779.700	0.9977
5780.600	0.9366
5781.500	0.9050
5782.400	0.9227
5783.300	0.9459
5784.200	0.9357
5785.100	0.9173
5786.000	0.9415
5786.900	0.9916
5787.800	1.0219
5788.700	1.0366
5789.600	1.0301
5790.500	1.0012
5791.400	0.9978
5792.300	1.0232
5793.200	1.0405
5794.100	1.0508
5795.000	1.0618
5795.900	1.0546
5796.800	1.0232
5797.700	0.9991
5798.600	1.0168
5799.500	1.0560
5800.400	1.0788
5801.300	1.0864
5802.200	1.0837
5803.100	1.0544
5804.000	1.0130
5804.900	1.0010
5805.800	1.0139
5806.700	1.0258
5807.600	1.0348
5808.500	1.0406
5809.400	1.0486
5810.300	1.0608
5811.200	1.0676
5812.100	1.0690
5813.000	1.0682
5813.900	1.0579
5814.800	1.0390
5815.700	1.0225
5816.600	1.0253
5817.500	1.0540
5818.400	1.0827
5819.300	1.0919
5820.200	1.0913
5821.100	1.0886
5822.000	1.0838
5822.900	1.0758
5823.800	1.0717
5824.700	1.0793
5825.600	1.0854
5826.500	1.0831
5827.400	1.0803
5828.300	1.0811
5829.200	1.0856
5830.100	1.0812
5831.000	1.0708
5831.900	1.0674
5832.800	1.0667
5833.700	1.0595
5834.600	1.0518
5835.500	1.0607
5836.400	1.0752
5837.300	1.0698
5838.200	1.0567
5839.100	1.0607
5840.000	1.0773
5840.900	1.0905
5841.800	1.0956
5842.700	1.0957
5843.600	1.0909
5844.500	1.0800
5845.400	1.0647
5846.300	1.0431
5847.200	1.0317
5848.100	1.0436
5849.000	1.0632
5849.900	1.0734
5850.800	1.0667
5851.700	1.0424
5852.600	1.0110
5853.500	1.0026
5854.400	1.0238
5855.300	1.0373
5856.200	1.0145
5857.100	0.9748
5858.000	0.9665
5858.900	0.9975
5859.800	1.0319
5860.700	1.0511
5861.600	1.0500
5862.500	1.0443
5863.400	1.0554
5864.300	1.0673
5865.200	1.0523
5866.100	1.0198
5867.000	1.0114
5867.900	1.0421
5868.800	1.0754
5869.700	1.0888
5870.600	1.0881
5871.500	1.0828
5872.400	1.0754
5873.300	1.0719
5874.200	1.0797
5875.100	1.0888
5876.000	1.0863
5876.900	1.0775
5877.800	1.0659
5878.700	1.0495
5879.600	1.0273
5880.500	1.0221
5881.400	1.0445
5882.300	1.0609
5883.200	1.0504
5884.100	1.0413
5885.000	1.0563
5885.900	1.0750
5886.800	1.0694
5887.700	1.0195
5888.600	0.9000
5889.500	0.7623
5890.400	0.7450
5891.300	0.8575
5892.200	0.9535
5893.100	0.9833
5894.000	0.9754
5894.900	0.9041
5895.800	0.8249
5896.700	0.8607
5897.600	0.9604
5898.500	1.0028
5899.400	1.0088
5900.300	1.0323
5901.200	1.0541
5902.100	1.0511
5903.000	1.0430
5903.900	1.0458
5904.800	1.0452
5905.700	1.0387
5906.600	1.0416
5907.500	1.0529
5908.400	1.0576
5909.300	1.0528
5910.200	1.0528
5911.100	1.0642
5912.000	1.0674
5912.900	1.0438
5913.800	1.0055
5914.700	0.9854
5915.600	0.9888
5916.500	1.0038
5917.400	1.0246
5918.300	1.0337
5919.200	1.0415
5920.100	1.0534
5921.000	1.0480
5921.900	1.0337
5922.800	1.0387
5923.700	1.0573
5924.600	1.0679
5925.500	1.0725
5926.400	1.0712
5927.300	1.0607
5928.200	1.0461
5929.100	1.0273
5930.000	1.0200
5930.900	1.0430
5931.800	1.0707
5932.700	1.0702
5933.600	1.0434
5934.500	1.0163
5935.400	1.0210
5936.300	1.0442
5937.200	1.0543
5938.100	1.0602
5939.000	1.0701
5939.900	1.0578
5940.800	1.0231
5941.700	1.0066
5942.600	1.0187
5943.500	1.0368
5944.400	1.0556
5945.300	1.0721
5946.200	1.0768
5947.100	1.0613
5948.000	1.0315
5948.900	1.0144
5949.800	1.0308
5950.700	1.0577
5951.600	1.0514
5952.500	1.0196
5953.400	1.0166
5954.300	1.0465
5955.200	1.0559
5956.100	1.0311
5957.000	1.0138
5957.900	1.0235
5958.800	1.0445
5959.700	1.0649
5960.600	1.0807
5961.500	1.0876
5962.400	1.0877
5963.300	1.0820
5964.200	1.0699
5965.100	1.0488
5966.000	1.0380
5966.900	1.0548
5967.800	1.0759
5968.700	1.0835
5969.600	1.0866
5970.500	1.0875
5971.400	1.0879
5972.300	1.0910
5973.200	1.0928
5974.100	1.0822
5975.000	1.0569
5975.900	1.0308
5976.800	1.0159
5977.700	1.0146
5978.600	1.0268
5979.500	1.0508
5980.400	1.0705
5981.300	1.0737
5982.200	1.0599
5983.100	1.0262
5984.000	0.9941
5984.900	0.9994
5985.800	1.0298
5986.700	1.0476
5987.600	1.0520
5988.500	1.0611
5989.400	1.0697
5990.300	1.0615
5991.200	1.0398
5992.100	1.0346
5993.000	1.0593
5993.900	1.0841
5994.800	1.0838
5995.700	1.0661
5996.600	1.0427
5997.500	1.0266
5998.400	1.0255
5999.300	1.0346
6000.200	1.0489
6001.100	1.0545
6002.000	1.0379
6002.900	1.0236
6003.800	1.0329
6004.700	1.0443
6005.600	1.0363
6006.500	1.0133
6007.400	0.9855
6008.300	0.9816
6009.200	1.0187
6010.100	1.0599
6011.000	1.0657
6011.900	1.0391
6012.800	1.0105
6013.700	1.0111
6014.600	1.0295
6015.500	1.0298
6016.400	1.0155
6017.300	1.0181
6018.200	1.0297
6019.100	1.0223
6020.000	1.0047
6020.900	1.0012
6021.800	1.0117
6022.700	1.0250
6023.600	1.0315
6024.500	1.0411
6025.400	1.0545
6026.300	1.0503
6027.200	1.0411
6028.100	1.0503
6029.000	1.0635
6029.900	1.0647
6030.800	1.0606
6031.700	1.0658
6032.600	1.0779
6033.500	1.0838
6034.400	1.0848
6035.300	1.0874
6036.200	1.0898
6037.100	1.0882
6038.000	1.0797
6038.900	1.0633
6039.800	1.0511
6040.700	1.0531
6041.600	1.0578
6042.500	1.0626
6043.400	1.0758
6044.300	1.0874
6045.200	1.0895
6046.100	1.0887
6047.000	1.0888
6047.900	1.0865
6048.800	1.0822
6049.700	1.0840
6050.600	1.0912
6051.500	1.0940
6052.400	1.0839
6053.300	1.0690
6054.200	1.0612
6055.100	1.0542
6056.000	1.0455
6056.900	1.0450
6057.800	1.0543
6058.700	1.0681
6059.600	1.0799
6060.500	1.0845
6061.400	1.0788
6062.300	1.0607
6063.200	1.0387
6064.100	1.0124
6065.000	0.9875
6065.900	1.0013
6066.800	1.0502
6067.700	1.0852
6068.600	1.0935
6069.500	1.0921
6070.400	1.0909
6071.300	1.0924
6072.200	1.0952
6073.100	1.0951
6074.000	1.0925
6074.900	1.0879
6075.800	1.0798
6076.700	1.0672
6077.600	1.0480
6078.500	1.0317
6079.400	1.0345
6080.300	1.0395
6081.200	1.0195
6082.100	0.9959
6083.000	1.0025
6083.900	1.0198
6084.800	1.0168
6085.700	1.0078
6086.600	1.0176
6087.500	1.0378
6088.400	1.0421
6089.300	1.0179
6090.200	0.9888
6091.100	0.9848
6092.000	0.9962
6092.900	1.0031
6093.800	1.0173
6094.700	1.0439
6095.600	1.0540
6096.500	1.0410
6097.400	1.0330
6098.300	1.0428
6099.200	1.0597
6100.100	1.0654
6101.000	1.0356
6101.900	0.9725
6102.800	0.9354
6103.700	0.9720
6104.600	1.0327
6105.500	1.0570
6106.400	1.0474
6107.300	1.0258
6108.200	1.0201
6109.100	1.0399
6110.000	1.0495
6110.900	1.0314
6111.800	1.0208
6112.700	1.0409
6113.600	1.0648
6114.500	1.0679
6115.400	1.0488
6116.300	1.0292
6117.200	1.0336
6118.100	1.0425
6119.000	1.0262
6119.900	0.9981
6120.800	0.9778
6121.700	0.9627
6122.600	0.9727
6123.500	1.0198
6124.400	1.0506
6125.300	1.0375
6126.200	1.0141
6127.100	0.9995
6128.000	0.9921
6128.900	0.9990
6129.800	1.0213
6130.700	1.0446
6131.600	1.0557
6132.500	1.0594
6133.400	1.0552
6134.300	1.0270
6135.200	0.9705
6136.100	0.8978
6137.000	0.8543
6137.900	0.8941
6138.800	0.9874
6139.700	1.0474
6140.600	1.0385
6141.500	1.0016
6142.400	0.9973
6143.300	1.0292
6144.200	1.0535
6145.100	1.0542
6146.000	1.0480
6146.900	1.0425
6147.800	1.0359
6148.700	1.0274
6149.600	1.0123
6150.500	1.0050
6151.400	1.0196
6152.300	1.0440
6153.200	1.0547
6154.100	1.0398
6155.000	1.0239
6155.900	1.0279
6156.800	1.0363
6157.700	1.0424
6158.600	1.0531
6159.500	1.0460
6160.400	0.9945
6161.300	0.9213
6162.200	0.8822
6163.100	0.8981
6164.000	0.9433
6164.900	0.9829
6165.800	1.0017
6166.700	1.0159
6167.600	1.0205
6168.500	0.9785
6169.400	0.9220
6170.300	0.9244
6171.200	0.9830
6172.100	1.0237
6173.000	1.0215
6173.900	1.0176
6174.800	1.0276
6175.700	1.0286
6176.600	1.0197
6177.500	1.0246
6178.400	1.0417
6179.300	1.0411
6180.200	1.0316
6181.100	1.0391
6182.000	1.0557
6182.900	1.0636
6183.800	1.0644
6184.700	1.0606
6185.600	1.0448
6186.500	1.0222
6187.400	1.0058
6188.300	0.9958
6189.200	0.9920
6190.100	0.9732
6191.000	0.9353
6191.900	0.9386
6192.800	1.0012
6193.700	1.0513
6194.600	1.0615
6195.500	1.0639
6196.400	1.0715
6197.300	1.0677
6198.200	1.0369
6199.100	0.9913
6200.000	0.9734
6200.900	1.0023
6201.800	1.0457
6202.700	1.0676
6203.600	1.0658
6204.500	1.0599
6205.400	1.0637
6206.300	1.0715
6207.200	1.0762
6208.100	1.0756
6209.000	1.0695
6209.900	1.0577
6210.800	1.0477
6211.700	1.0382
6212.600	1.0069
6213.500	0.9632
6214.400	0.9463
6215.300	0.9539
6216.200	0.9749
6217.100	1.0077
6218.000	1.0231
6218.900	1.0009
6219.800	0.9718
6220.700	0.9726
6221.600	1.0011
6222.500	1.0309
6223.400	1.0347
6224.300	1.0257
6225.200	1.0355
6226.100	1.0514
6227.000	1.0549
6227.900	1.0514
6228.800	1.0260
6229.700	0.9704
6230.600	0.9236
6231.500	0.9291
6232.400	0.9635
6233.300	0.9985
6234.200	1.0431
6235.100	1.0753
6236.000	1.0758
6236.900	1.0605
6237.800	1.0407
6238.700	1.0168
6239.600	0.9896
6240.500	0.9813
6241.400	0.9913
6242.300	0.9727
6243.200	0.9405
6244.100	0.9494
6245.000	0.9739
6245.900	0.9812
6246.800	0.9973
6247.700	1.0317
6248.600	1.0526
6249.500	1.0498
6250.400	1.0320
6251.300	0.9926
6252.200	0.9472
6253.100	0.9340
6254.000	0.9494
6254.900	0.9614
6255.800	0.9467
6256.700	0.9108
6257.600	0.8779
6258.500	0.8750
6259.400	0.9200
6260.300	0.9683
6261.200	0.9861
6262.100	1.0097
6263.000	1.0394
6263.900	1.0336
6264.800	0.9924
6265.700	0.9725
6266.600	0.9941
6267.500	1.0152
6268.400	1.0094
6269.300	0.9930
6270.200	0.9890
6271.100	1.0007
6272.000	1.0175
6272.900	1.0245
6273.800	1.0145
6274.700	1.0088
6275.600	1.0200
6276.500	1.0305
6277.400	1.0278
6278.300	1.0176
6279.200	0.9968
6280.100	0.9695
6281.000	0.9612
6281.900	0.9736
6282.800	0.9922
6283.700	1.0130
6284.600	1.0194
6285.500	1.0187
6286.400	1.0328
6287.300	1.0496
6288.200	1.0582
6289.100	1.0565
6290.000	1.0363
6290.900	1.0097
6291.800	0.9964
6292.700	0.9961
6293.600	1.0084
6294.500	1.0224
6295.400	1.0055
6296.300	0.9631
6297.200	0.9459
6298.100	0.9665
6299.000	0.9913
6299.900	0.9917
6300.800	0.9700
6301.700	0.9538
6302.600	0.9611
6303.500	0.9858
6304.400	1.0040
6305.300	1.0051
6306.200	1.0152
6307.100	1.0438
6308.000	1.0626
6308.900	1.0549
6309.800	1.0314
6310.700	1.0068
6311.600	0.9938
6312.500	1.0019
6313.400	1.0082
6314.300	0.9849
6315.200	0.9629
6316.100	0.9745
6317.000	0.9814
6317.900	0.9575
6318.800	0.9498
6319.700	0.9797
6320.600	1.0090
6321.500	1.0107
6322.400	1.0069
6323.300	1.0170
6324.200	1.0368
6325.100	1.0446
6326.000	1.0420
6326.900	1.0321
6327.800	1.0245
6328.700	1.0303
6329.600	1.0301
6330.500	1.0225
6331.400	1.0307
6332.300	1.0490
6333.200	1.0570
6334.100	1.0352
6335.000	0.9849
6335.900	0.9488
6336.800	0.9577
6337.700	0.9879
6338.600	1.0049
6339.500	1.0156
6340.400	1.0334
6341.300	1.0425
6342.200	1.0326
6343.100	1.0080
6344.000	0.9898
6344.900	1.0006
6345.800	1.0247
6346.700	1.0377
6347.600	1.0419
6348.500	1.0458
6349.400	1.0477
6350.300	1.0484
6351.200	1.0525
6352.100	1.0537
6353.000	1.0422
6353.900	1.0157
6354.800	0.9925
6355.700	1.0010
6356.600	1.0205
6357.500	1.0057
6358.400	0.9679
6359.300	0.9549
6360.200	0.9702
6361.100	0.9767
6362.000	0.9664
6362.900	0.9622
6363.800	0.9741
6364.700	0.9919
6365.600	1.0019
6366.500	1.0104
6367.400	1.0292
6368.300	1.0452
6369.200	1.0445
6370.100	1.0372
6371.000	1.0379
6371.900	1.0493
6372.800	1.0593
6373.700	1.0591
6374.600	1.0542
6375.500	1.0537
6376.400	1.0531
6377.300	1.0444
6378.200	1.0333
6379.100	1.0280
6380.000	1.0254
6380.900	1.0248
6381.800	1.0338
6382.700	1.0451
6383.600	1.0433
6384.500	1.0365
6385.400	1.0403
6386.300	1.0517
6387.200	1.0585
6388.100	1.0584
6389.000	1.0570
6389.900	1.0544
6390.800	1.0440
6391.700	1.0185
6392.600	0.9781
6393.500	0.9541
6394.400	0.9730
6395.300	1.0112
6396.200	1.0377
6397.100	1.0468
6398.000	1.0352
6398.900	0.9922
6399.800	0.9393
6400.700	0.9400
6401.600	0.9960
6402.500	1.0415
6403.400	1.0536
6404.300	1.0522
6405.200	1.0470
6406.100	1.0325
6407.000	1.0069
6407.900	0.9867
6408.800	0.9969
6409.700	1.0205
6410.600	1.0159
6411.500	0.9944
6412.400	0.9954
6413.300	1.0118
6414.200	1.0188
6415.100	1.0181
6416.000	1.0207
6416.900	1.0224
6417.800	1.0173
6418.700	1.0047
6419.600	0.9810
6420.500	0.9576
6421.400	0.9617
6422.300	0.9992
6423.200	1.0400
6424.100	1.0514
6425.000	1.0454
6425.900	1.0467
6426.800	1.0543
6427.700	1.0568
6428.600	1.0458
6429.500	1.0137
6430.400	0.9728
6431.300	0.9605
6432.200	0.9874
6433.100	1.0191
6434.000	1.0344
6434.900	1.0374
6435.800	1.0363
6436.700	1.0323
6437.600	1.0123
6438.500	0.9796
6439.400	0.9738
6440.300	1.0095
6441.200	1.0496
6442.100	1.0634
6443.000	1.0615
6443.900	1.0589
6444.800	1.0600
6445.700	1.0651
6446.600	1.0679
6447.500	1.0552
6448.400	1.0058
6449.300	0.9262
6450.200	0.8839
6451.100	0.9204
6452.000	0.9875
6452.900	1.0283
6453.800	1.0327
6454.700	1.0113
6455.600	0.9887
6456.500	0.9927
6457.400	1.0218
6458.300	1.0484
6459.200	1.0600
6460.100	1.0566
6461.000	1.0295
6461.900	0.9766
6462.800	0.9391
6463.700	0.9562
6464.600	0.9971
6465.500	1.0252
6466.400	1.0404
6467.300	1.0446
6468.200	1.0355
6469.100	1.0190
6470.000	1.0046
6470.900	0.9926
6471.800	0.9901
6472.700	1.0108
6473.600	1.0318
6474.500	1.0281
6475.400	1.0133
6476.300	1.0143
6477.200	1.0313
6478.100	1.0434
6479.000	1.0473
6479.900	1.0436
6480.800	1.0184
6481.700	0.9795
6482.600	0.9605
6483.500	0.9787
6484.400	1.0120
6485.300	1.0323
6486.200	1.0375
6487.100	1.0382
6488.000	1.0380
6488.900	1.0331
6489.800	1.0212
6490.700	1.0091
6491.600	0.9994
6492.500	0.9808
6493.400	0.9337
6494.300	0.8748
6495.200	0.8502
6496.100	0.8637
6497.000	0.8885
6497.900	0.9097
6498.800	0.9190
6499.700	0.9327
6500.600	0.9634
6501.500	0.9918
6502.400	1.0067
6503.300	1.0136
6504.200	1.0164
6505.100	1.0213
6506.000	1.0284
6506.900	1.0279
6507.800	1.0160
6508.700	1.0088
6509.600	1.0158
6510.500	1.0300
6511.400	1.0378
6512.300	1.0372
6513.200	1.0378
6514.100	1.0359
6515.000	1.0241
6515.900	1.0106
6516.800	1.0012
6517.700	0.9900
6518.600	0.9816
6519.500	0.9949
6520.400	1.0208
6521.300	1.0341
6522.200	1.0344
6523.100	1.0338
6524.000	1.0357
6524.900	1.0333
6525.800	1.0163
6526.700	0.9947
6527.600	0.9895
6528.500	1.0031
6529.400	1.0172
6530.300	1.0155
6531.200	1.0028
6532.100	0.9890
6533.000	0.9810
6533.900	0.9856
6534.800	1.0009
6535.700	1.0140
6536.600	1.0138
6537.500	1.0069
6538.400	1.0092
6539.300	1.0202
6540.200	1.0262
6541.100	1.0201
6542.000	1.0113
6542.900	1.0077
6543.800	1.0064
6544.700	0.9962
6545.600	0.9713
6546.500	0.9554
6547.400	0.9727
6548.300	1.0014
6549.200	1.0140
6550.100	1.0100
6551.000	0.9970
6551.900	0.9861
6552.800	0.9804
6553.700	0.9666
6554.600	0.9441
6555.500	0.9335
6556.400	0.9466
6557.300	0.9717
6558.200	0.9870
6559.100	0.9807
6560.000	0.9594
6560.900	0.8970
6561.800	0.7564
6562.700	0.6262
6563.600	0.6615
6564.500	0.8283
6565.400	0.9583
6566.300	1.0049
6567.200	1.0168
6568.100	1.0086
6569.000	0.9879
6569.900	0.9802
6570.800	0.9855
6571.700	0.9789
6572.600	0.9540
6573.500	0.9301
6574.400	0.9228
6575.300	0.9388
6576.200	0.9765
6577.100	1.0111
6578.000	1.0267
6578.900	1.0252
6579.800	1.0085
6580.700	0.9862
6581.600	0.9788
6582.500	0.9927
6583.400	1.0095
6584.300	1.0119
6585.200	0.9998
6586.100	0.9863
6587.000	0.9916
6587.900	1.0116
6588.800	1.0246
6589.700	1.0289
6590.600	1.0227
6591.500	0.9925
6592.400	0.9411
6593.300	0.9068
6594.200	0.9272
6595.100	0.9757
6596.000	1.0020
6596.900	0.9999
6597.800	0.9839
6598.700	0.9731
6599.600	0.9841
6600.500	1.0103
6601.400	1.0290
6602.300	1.0291
6603.200	1.0154
6604.100	0.9969
6605.000	0.9850
6605.900	0.9839
6606.800	0.9816
6607.700	0.9661
6608.600	0.9405
6609.500	0.9364
6610.400	0.9696
6611.300	1.0069
6612.200	1.0169
6613.100	1.0040
6614.000	0.9968
6614.900	1.0102
6615.800	1.0248
6616.700	1.0275
6617.600	1.0246
6618.500	1.0239
6619.400	1.0283
6620.300	1.0367
6621.200	1.0443
6622.100	1.0413
6623.000	1.0241
6623.900	0.9968
6624.800	0.9772
6625.700	0.9879
6626.600	1.0115
6627.500	1.0230
6628.400	1.0251
6629.300	1.0201
6630.200	1.0112
6631.100	1.0028
6632.000	0.9888
6632.900	0.9686
6633.800	0.9558
6634.700	0.9666
6635.600	0.9935
6636.500	1.0152
6637.400	1.0228
6638.300	1.0174
6639.200	1.0060
6640.100	1.0025
6641.000	1.0109
6641.900	1.0098
6642.800	0.9832
6643.700	0.9588
6644.600	0.9676
6645.500	0.9924
6646.400	1.0026
6647.300	0.9988
6648.200	1.0001
6649.100	1.0092
6650.000	1.0183
6650.900	1.0230
6651.800	1.0234
6652.700	1.0221
6653.600	1.0197
6654.500	1.0189
6655.400	1.0199
6656.300	1.0179
6657.200	1.0185
6658.100	1.0222
6659.000	1.0214
6659.900	1.0167
6660.800	1.0109
6661.700	0.9964
6662.600	0.9674
6663.500	0.9460
6664.400	0.9560
6665.300	0.9770
6666.200	0.9817
6667.100	0.9760
6668.000	0.9786
6668.900	0.9942
6669.800	1.0120
6670.700	1.0198
6671.600	1.0170
6672.500	1.0145
6673.400	1.0156
6674.300	1.0172
6675.200	1.0173
6676.100	1.0021
6677.000	0.9617
6677.900	0.9241
6678.800	0.9314
6679.700	0.9747
6680.600	1.0095
6681.500	1.0210
6682.400	1.0227
6683.300	1.0247
6684.200	1.0288
6685.100	1.0320
6686.000	1.0328
6686.900	1.0302
6687.800	1.0245
6688.700	1.0230
6689.600	1.0272
6690.500	1.0308
6691.400	1.0311
6692.300	1.0287
6693.200	1.0286
6694.100	1.0260
6695.000	1.0096
6695.900	0.9867
6696.800	0.9787
6697.700	0.9878
6698.600	1.0003
6699.500	1.0136
6700.400	1.0259
6701.300	1.0273
6702.200	1.0155
6703.100	0.9960
6704.000	0.9829
6704.900	0.9862
6705.800	1.0008
6706.700	1.0156
6707.600	1.0217
6708.500	1.0182
6709.400	1.0065
6710.300	0.9938
6711.200	0.9912
6712.100	0.9939
6713.000	0.9937
6713.900	0.9938
6714.800	0.9902
6715.700	0.9755
6716.600	0.9521
6717.500	0.9394
6718.400	0.9563
6719.300	0.9905
6720.200	1.0116
6721.100	1.0117
6722.000	1.0077
6722.900	1.0132
6723.800	1.0204
6724.700	1.0172
6725.600	1.0026
6726.500	0.9929
6727.400	0.9981
6728.300	1.0094
6729.200	1.0171
6730.100	1.0209
6731.000	1.0220
6731.900	1.0185
6732.800	1.0114
6733.700	1.0088
6734.600	1.0127
6735.500	1.0194
6736.400	1.0192
6737.300	1.0061
6738.200	0.9880
6739.100	0.9760
6740.000	0.9785
6740.900	0.9910
6741.800	0.9922
6742.700	0.9792
6743.600	0.9732
6744.500	0.9836
6745.400	0.9930
6746.300	0.9940
6747.200	0.9977
6748.100	1.0010
6749.000	0.9930
6749.900	0.9793
6750.800	0.9766
6751.700	0.9857
6752.600	0.9892
6753.500	0.9907
6754.400	1.0014
6755.300	1.0125
6756.200	1.0187
6757.100	1.0230
6758.000	1.0254
6758.900	1.0268
6759.800	1.0277
6760.700	1.0280
6761.600	1.0257
6762.500	1.0227
6763.400	1.0215
6764.300	1.0185
6765.200	1.0087
6766.100	0.9909
6767.000	0.9719
6767.900	0.9670
6768.800	0.9795
6769.700	0.9856
6770.600	0.9690
6771.500	0.9557
6772.400	0.9705
6773.300	0.9969
6774.200	1.0134
6775.100	1.0181
6776.000	1.0197
6776.900	1.0218
6777.800	1.0238
6778.700	1.0260
6779.600	1.0265
6780.500	1.0241
6781.400	1.0181
6782.300	1.0044
6783.200	0.9876
6784.100	0.9772
6785.000	0.9781
6785.900	0.9848
6786.800	0.9931
6787.700	1.0062
6788.600	1.0154
6789.500	1.0153
6790.400	1.0173
6791.300	1.0225
6792.200	1.0213
6793.100	1.0107
6794.000	1.0015
6794.900	0.9994
6795.800	1.0009
6796.700	1.0065
6797.600	1.0113
6798.500	1.0103
6799.400	1.0106
6800.300	1.0153
6801.200	1.0202
6802.100	1.0206
6803.000	1.0178
6803.900	1.0134
6804.800	1.0101
6805.700	1.0062
6806.600	0.9964
6807.500	0.9916
6808.400	0.9957
6809.300	0.9939
6810.200	0.9896
6811.100	0.9942
6812.000	1.0023
6812.900	1.0005
6813.800	0.9862
6814.700	0.9722
6815.600	0.9789
6816.500	1.0011
6817.400	1.0140
6818.300	1.0105
6819.200	1.0007
6820.100	0.9929
6821.000	0.9957
6821.900	1.0082
6822.800	1.0197
6823.700	1.0244
6824.600	1.0227
6825.500	1.0186
6826.400	1.0140
6827.300	1.0020
6828.200	0.9864
6829.100	0.9834
6830.000	0.9967
6830.900	1.0104
6831.800	1.0122
6832.700	1.0077
6833.600	1.0067
6834.500	1.0106
6835.400	1.0137
6836.300	1.0111
6837.200	1.0046
6838.100	0.9945
6839.000	0.9788
6839.900	0.9602
6840.800	0.9426
6841.700	0.9325
6842.600	0.9373
6843.500	0.9577
6844.400	0.9829
6845.300	0.9979
6846.200	0.9993
6847.100	0.9957
6848.000	0.9941
6848.900	0.9968
6849.800	1.0025
6850.700	1.0064
6851.600	1.0048
6852.500	1.0059
6853.400	1.0037
6854.300	0.9800
6855.200	0.9527
6856.100	0.9494
6857.000	0.9602
6857.900	0.9689
6858.800	0.9772
6859.700	0.9781
6860.600	0.9589
6861.500	0.9378
6862.400	0.9448
6863.300	0.9750
6864.200	1.0008
6865.100	1.0085
6866.000	1.0031
6866.900	0.9896
6867.800	0.9642
6868.700	0.9415
6869.600	0.9520
6870.500	0.9840
6871.400	0.9890
6872.300	0.9754
6873.200	0.9737
6874.100	0.9791
6875.000	0.9761
6875.900	0.9739
6876.800	0.9829
6877.700	0.9940
6878.600	0.9958
6879.500	0.9898
6880.400	0.9811
6881.300	0.9697
6882.200	0.9577
6883.100	0.9576
6884.000	0.9710
6884.900	0.9822
6885.800	0.9790
6886.700	0.9762
6887.600	0.9905
6888.500	1.0065
6889.400	1.0042
6890.300	1.0020
6891.200	1.0124
6892.100	1.0104
6893.000	0.9952
6893.900	0.9917
6894.800	0.9950
6895.700	0.9861
6896.600	0.9751
6897.500	0.9826
6898.400	1.0020
6899.300	1.0004
6900.200	0.9805
6901.100	0.9744
6902.000	0.9948
6902.900	1.0129
6903.800	1.0066
6904.700	0.9912
6905.600	0.9876
6906.500	1.0004
6907.400	1.0094
6908.300	1.0029
6909.200	0.9903
6910.100	0.9822
6911.000	0.9813
6911.900	0.9795
6912.800	0.9655
6913.700	0.9415
6914.600	0.9290
6915.500	0.9414
6916.400	0.9556
6917.300	0.9594
6918.200	0.9664
6919.100	0.9793
6920.000	0.9933
6920.900	1.0009
6921.800	0.9988
6922.700	0.9889
6923.600	0.9691
6924.500	0.9518
6925.400	0.9516
6926.300	0.9613
6927.200	0.9733
6928.100	0.9807
6929.000	0.9801
6929.900	0.9814
6930.800	0.9863
6931.700	0.9835
6932.600	0.9690
6933.500	0.9569
6934.400	0.9615
6935.300	0.9751
6936.200	0.9825
6937.100	0.9823
6938.000	0.9828
6938.900	0.9866
6939.800	0.9925
6940.700	0.9964
6941.600	0.9952
6942.500	0.9890
6943.400	0.9751
6944.300	0.9525
6945.200	0.9360
6946.100	0.9413
6947.000	0.9595
6947.900	0.9728
6948.800	0.9787
6949.700	0.9746
6950.600	0.9582
6951.500	0.9460
6952.400	0.9486
6953.300	0.9546
6954.200	0.9576
6955.100	0.9637
6956.000	0.9723
6956.900	0.9811
6957.800	0.9868
6958.700	0.9849
6959.600	0.9773
6960.500	0.9754
6961.400	0.9814
6962.300	0.9863
6963.200	0.9872
6964.100	0.9833
6965.000	0.9742
6965.900	0.9683
6966.800	0.9744
6967.700	0.9862
6968.600	0.9902
6969.500	0.9846
6970.400	0.9728
6971.300	0.9639
6972.200	0.9686
6973.100	0.9786
6974.000	0.9785
6974.900	0.9670
6975.800	0.9506
6976.700	0.9303
6977.600	0.8972
6978.500	0.8657
6979.400	0.8699
6980.300	0.9092
6981.200	0.9498
6982.100	0.9733
6983.000	0.9866
6983.900	0.9918
6984.800	0.9860
6985.700	0.9796
6986.600	0.9778
6987.500	0.9724
6988.400	0.9617
6989.300	0.9564
6990.200	0.9644
6991.100	0.9787
6992.000	0.9889
6992.900	0.9914
6993.800	0.9884
6994.700	0.9858
6995.600	0.9866
6996.500	0.9861
6997.400	0.9808
6998.300	0.9689
6999.200	0.9508
7000.100	0.9375
7001.000	0.9406
7001.900	0.9545
7002.800	0.9639
7003.700	0.9595
7004.600	0.9486
7005.500	0.9467
7006.400	0.9517
7007.300	0.9554
7008.200	0.9590
7009.100	0.9641
7010.000	0.9665
7010.900	0.9625
7011.800	0.9580
7012.700	0.9631
7013.600	0.9676
7014.500	0.9498
7015.400	0.9057
7016.300	0.8671
7017.200	0.8794
7018.100	0.9310
7019.000	0.9708
7019.900	0.9828
7020.800	0.9813
7021.700	0.9709
7022.600	0.9489
7023.500	0.9275
7024.400	0.9242
7025.300	0.9410
7026.200	0.9619
7027.100	0.9682
7028.000	0.9631
7028.900	0.9588
7029.800	0.9603
7030.700	0.9640
7031.600	0.9650
7032.500	0.9640
7033.400	0.9588
7034.300	0.9493
7035.200	0.9505
7036.100	0.9609
7037.000	0.9561
7037.900	0.9296
7038.800	0.9145
7039.700	0.9367
7040.600	0.9732
7041.500	0.9940
7042.400	0.9977
7043.300	0.9902
7044.200	0.9773
7045.100	0.9667
7046.000	0.9691
7046.900	0.9824
7047.800	0.9955
7048.700	1.0037
7049.600	1.0045
7050.500	0.9965
7051.400	0.9764
7052.300	0.9464
7053.200	0.9319
7054.100	0.9480
7055.000	0.9751
7055.900	0.9944
7056.800	1.0064
7057.700	1.0113
7058.600	1.0036
7059.500	0.9850
7060.400	0.9719
7061.300	0.9752
7062.200	0.9818
7063.100	0.9785
7064.000	0.9791
7064.900	0.9855
7065.800	0.9825
7066.700	0.9683
7067.600	0.9467
7068.500	0.9317
7069.400	0.9430
7070.300	0.9703
7071.200	0.9892
7072.100	0.9899
7073.000	0.9892
7073.900	0.9940
7074.800	0.9956
7075.700	0.9930
7076.600	0.9891
7077.500	0.9875
7078.400	0.9873
7079.300	0.9849
7080.200	0.9839
7081.100	0.9823
7082.000	0.9710
7082.900	0.9450
7083.800	0.9053
7084.700	0.8726
7085.600	0.8746
7086.500	0.9015
7087.400	0.9216
7088.300	0.9258
7089.200	0.9171
7090.100	0.8985
7091.000	0.8869
7091.900	0.8895
7092.800	0.8914
7093.700	0.8892
7094.600	0.8858
7095.500	0.8829
7096.400	0.8821
7097.300	0.8810
7098.200	0.8972
7099.100	0.9587
7100.000	0.9765
7100.900	0.9746
7101.800	0.9670
7102.700	0.9604
7103.600	0.9618
7104.500	0.9718
7105.400	0.9783
7106.300	0.9712
7107.200	0.9607
7108.100	0.9582
7109.000	0.9576
7109.900	0.9481
7110.800	0.9334
7111.700	0.9308
7112.600	0.9438
7113.500	0.9589
7114.400	0.9671
7115.300	0.9705
7116.200	0.9736
7117.100	0.9740
7118.000	0.9716
7118.900	0.9673
7119.800	0.9601
7120.700	0.9516
7121.600	0.9407
7122.500	0.9354
7123.400	0.9470
7124.300	0.9616
7125.200	0.9661
7126.100	0.9639
7127.000	0.9612
7127.900	0.9636
7128.800	0.9579
7129.700	0.9405
7130.600	0.9222
7131.500	0.9212
7132.400	0.9353
7133.300	0.9499
7134.200	0.9624
7135.100	0.9666
7136.000	0.9669
7136.900	0.9691
7137.800	0.9636
7138.700	0.9522
7139.600	0.9508
7140.500	0.9638
7141.400	0.9743
7142.300	0.9740
7143.200	0.9719
7144.100	0.9696
7145.000	0.9644
7145.900	0.9598
7146.800	0.9456
7147.700	0.9192
7148.600	0.9113
7149.500	0.9300
7150.400	0.9447
7151.300	0.9514
7152.200	0.9625
7153.100	0.9708
7154.000	0.9655
7154.900	0.9541
7155.800	0.9548
7156.700	0.9712
7157.600	0.9821
7158.500	0.9778
7159.400	0.9689
7160.300	0.9636
7161.200	0.9691
7162.100	0.9762
7163.000	0.9663
7163.900	0.9387
7164.800	0.9181
7165.700	0.9261
7166.600	0.9513
7167.500	0.9733
7168.400	0.9815
7169.300	0.9782
7170.200	0.9751
7171.100	0.9791
7172.000	0.9880
7172.900	0.9963
7173.800	0.9948
7174.700	0.9812
7175.600	0.9643
7176.500	0.9609
7177.400	0.9738
7178.300	0.9778
7179.200	0.9576
7180.100	0.9294
7181.000	0.9145
7181.900	0.9256
7182.800	0.9514
7183.700	0.9720
7184.600	0.9773
7185.500	0.9684
7186.400	0.9513
7187.300	0.9282
7188.200	0.9063
7189.100	0.8973
7190.000	0.9091
7190.900	0.9336
7191.800	0.9460
7192.700	0.9377
7193.600	0.9326
7194.500	0.9431
7195.400	0.9500
7196.300	0.9452
7197.200	0.9433
7198.100	0.9556
7199.000	0.9666
7199.900	0.9699
7200.800	0.9680
7201.700	0.9546
7202.600	0.9454
7203.500	0.9612
7204.400	0.9782
7205.300	0.9723
7206.200	0.9430
7207.100	0.9085
7208.000	0.8961
7208.900	0.9105
7209.800	0.9342
7210.700	0.9636
7211.600	0.9777
7212.500	0.9696
7213.400	0.9551
7214.300	0.9449
7215.200	0.9415
7216.100	0.9464
7217.000	0.9597
7217.900	0.9722
7218.800	0.9753
7219.700	0.9712
7220.600	0.9669
7221.500	0.9635
7222.400	0.9600
7223.300	0.9584
7224.200	0.9697
7225.100	0.9837
7226.000	0.9887
7226.900	0.9921
7227.800	0.9917
7228.700	0.9829
7229.600	0.9818
7230.500	0.9941
7231.400	1.0087
7232.300	1.0173
7233.200	1.0193
7234.100	1.0138
7235.000	1.0022
7235.900	0.9886
7236.800	0.9828
7237.700	0.9828
7238.600	0.9818
7239.500	0.9805
7240.400	0.9867
7241.300	0.9953
7242.200	0.9937
7243.100	0.9873
7244.000	0.9751
7244.900	0.9588
7245.800	0.9592
7246.700	0.9747
7247.600	0.9867
7248.500	0.9898
7249.400	0.9817
7250.300	0.9597
7251.200	0.9398
7252.100	0.9427
7253.000	0.9612
7253.900	0.9675
7254.800	0.9644
7255.700	0.9711
7256.600	0.9867
7257.500	1.0003
7258.400	1.0006
7259.300	0.9854
7260.200	0.9612
7261.100	0.9315
7262.000	0.9235
7262.900	0.9489
7263.800	0.9768
7264.700	0.9934
7265.600	0.9978
7266.500	0.9907
7267.400	0.9826
7268.300	0.9816
7269.200	0.9859
7270.100	0.9865
7271.000	0.9795
7271.900	0.9745
7272.800	0.9783
7273.700	0.9802
7274.600	0.9747
7275.500	0.9774
7276.400	0.9893
7277.300	0.9955
7278.200	0.9904
7279.100	0.9798
7280.000	0.9738
7280.900	0.9687
7281.800	0.9568
7282.700	0.9455
7283.600	0.9418
7284.500	0.9436
7285.400	0.9523
7286.300	0.9654
7287.200	0.9675
7288.100	0.9476
7289.000	0.9218
7289.900	0.9160
7290.800	0.9140
7291.700	0.9011
7292.600	0.8977
7293.500	0.9148
7294.400	0.9433
7295.300	0.9663
7296.200	0.9769
7297.100	0.9755
7298.000	0.9675
7298.900	0.9600
7299.800	0.9569
7300.700	0.9591
7301.600	0.9650
7302.500	0.9744
7303.400	0.9840
7304.300	0.9852
7305.200	0.9763
7306.100	0.9612
7307.000	0.9481
7307.900	0.9486
7308.800	0.9639
7309.700	0.9759
7310.600	0.9691
7311.500	0.9600
7312.400	0.9692
7313.300	0.9843
7314.200	0.9883
7315.100	0.9815
7316.000	0.9718
7316.900	0.9659
7317.800	0.9648
7318.700	0.9653
7319.600	0.9633
7320.500	0.9597
7321.400	0.9608
7322.300	0.9605
7323.200	0.9508
7324.100	0.9382
7325.000	0.9275
7325.900	0.9200
7326.800	0.9270
7327.700	0.9469
7328.600	0.9576
7329.500	0.9552
7330.400	0.9521
7331.300	0.9512
7332.200	0.9512
7333.100	0.9526
7334.000	0.9564
7334.900	0.9629
7335.800	0.9698
7336.700	0.9738
7337.600	0.9740
7338.500	0.9735
7339.400	0.9751
7340.300	0.9774
7341.200	0.9798
7342.100	0.9756
7343.000	0.9589
7343.900	0.9368
7344.800	0.9273
7345.700	0.9394
7346.600	0.9570
7347.500	0.9681
7348.400	0.9748
7349.300	0.9708
7350.200	0.9551
7351.100	0.9389
7352.000	0.9358
7352.900	0.9405
7353.800	0.9382
7354.700	0.9248
7355.600	0.9062
7356.500	0.8985
7357.400	0.9082
7358.300	0.9274
7359.200	0.9466
7360.100	0.9516
7361.000	0.9402
7361.900	0.9215
7362.800	0.9069
7363.700	0.9035
7364.600	0.9089
7365.500	0.9205
7366.400	0.9300
7367.300	0.9363
7368.200	0.9451
7369.100	0.9478
7370.000	0.9447
7370.900	0.9466
7371.800	0.9499
7372.700	0.9497
7373.600	0.9473
7374.500	0.9444
7375.400	0.9429
7376.300	0.9435
7377.200	0.9476
7378.100	0.9531
7379.000	0.9570
7379.900	0.9553
7380.800	0.9451
7381.700	0.9317
7382.600	0.9197
7383.500	0.9119
7384.400	0.9028
7385.300	0.8877
7386.200	0.8795
7387.100	0.8813
7388.000	0.8823
7388.900	0.8780
7389.800	0.8820
7390.700	0.9014
7391.600	0.9165
7392.500	0.9127
7393.400	0.9024
7394.300	0.9046
7395.200	0.9204
7396.100	0.9293
7397.000	0.9290
7397.900	0.9252
7398.800	0.9160
7399.700	0.9021
7400.600	0.8937
7401.500	0.9028
7402.400	0.9241
7403.300	0.9422
7404.200	0.9467
7405.100	0.9379
7406.000	0.9305
7406.900	0.9312
7407.800	0.9251
7408.700	0.9069
7409.600	0.8930
7410.500	0.8964
7411.400	0.9059
7412.300	0.7486
7413.200	0.1731
7414.100	0.0036
7415.000	0.0000
7415.900	0.0000
7416.800	0.0000
7417.700	0.0000
7418.600	0.0000
7419.500	0.0000
7420.400	0.0000
7421.300	0.0000
7422.200	0.0000
7423.100	0.0000
7424.000	0.0000
7424.900	0.0000
7425.800	0.0000
7426.700	0.0000
7427.600	0.0000
7428.500	0.0000
