3500.000	0.0000
3500.900	0.0000
3501.800	0.0000
3502.700	0.0000
3503.600	0.0000
3504.500	0.0000
3505.400	0.0000
3506.300	0.0000
3507.200	0.0000
3508.100	0.0000
3509.000	0.0000
3509.900	0.0000
3510.800	0.0000
3511.700	0.0000
3512.600	0.0000
3513.500	0.0000
3514.400	0.0000
3515.300	0.0000
3516.200	0.0000
3517.100	0.0000
3518.000	0.0000
3518.900	0.0000
3519.800	0.0000
3520.700	0.0000
3521.600	0.0000
3522.500	0.0000
3523.400	0.0000
3524.300	0.0000
3525.200	0.0000
3526.100	0.0000
3527.000	0.0000
3527.900	0.0000
3528.800	0.0000
3529.700	0.0000
3530.600	0.0000
3531.500	0.0000
3532.400	0.0000
3533.300	0.0000
3534.200	0.0000
3535.100	0.0133
3536.000	0.1353
3536.900	0.1403
3537.800	0.1381
3538.700	0.1481
3539.600	0.1660
3540.500	0.1693
3541.400	0.1535
3542.300	0.1459
3543.200	0.1598
3544.100	0.1814
3545.000	0.1983
3545.900	0.2081
3546.800	0.2059
3547.700	0.1931
3548.600	0.1852
3549.500	0.1930
3550.400	0.2023
3551.300	0.2032
3552.200	0.1983
3553.100	0.1842
3554.000	0.1630
3554.900	0.1563
3555.800	0.1695
3556.700	0.1858
3557.600	0.1856
3558.500	0.1746
3559.400	0.1756
3560.300	0.2030
3561.200	0.2363
3562.100	0.2531
3563.000	0.2560
3563.900	0.2409
3564.800	0.1997
3565.700	0.1508
3566.600	0.1344
3567.500	0.1530
3568.400	0.1699
3569.300	0.1617
3570.200	0.1447
3571.100	0.1468
3572.000	0.1968
3572.900	0.2420
3573.800	0.2446
3574.700	0.2258
3575.600	0.2215
3576.500	0.2223
3577.400	0.2032
3578.300	0.1641
3579.200	0.1270
3580.100	0.1021
3581.000	0.0871
3581.900	0.0893
3582.800	0.1089
3583.700	0.1238
3584.600	0.1192
3585.500	0.1069
3586.400	0.1063
3587.300	0.1242
3588.200	0.1523
3589.100	0.1862
3590.000	0.2331
3590.900	0.2807
3591.800	0.2881
3592.700	0.2449
3593.600	0.2049
3594.500	0.2210
3595.400	0.2799
3596.300	0.3270
3597.200	0.3352
3598.100	0.3318
3599.000	0.3550
3599.900	0.3980
3600.800	0.4085
3601.700	0.3556
3602.600	0.2777
3603.500	0.2207
3604.400	0.1857
3605.300	0.1697
3606.200	0.1762
3607.100	0.1802
3608.000	0.1569
3608.900	0.1275
3609.800	0.1298
3610.700	0.1689
3611.600	0.2103
3612.500	0.2270
3613.400	0.2338
3614.300	0.2542
3615.200	0.2779
3616.100	0.2727
3617.000	0.2249
3617.900	0.1592
3618.800	0.1190
3619.700	0.1286
3620.600	0.1739
3621.500	0.2328
3622.400	0.2778
3623.300	0.2853
3624.200	0.2859
3625.100	0.3204
3626.000	0.3705
3626.900	0.3936
3627.800	0.3797
3628.700	0.3407
3629.600	0.2748
3630.500	0.1929
3631.400	0.1428
3632.300	0.1550
3633.200	0.1961
3634.100	0.2200
3635.000	0.2336
3635.900	0.2589
3636.800	0.2918
3637.700	0.3234
3638.600	0.3485
3639.500	0.3616
3640.400	0.3625
3641.300	0.3532
3642.200	0.3296
3643.100	0.2925
3644.000	0.2571
3644.900	0.2370
3645.800	0.2226
3646.700	0.1948
3647.600	0.1669
3648.500	0.1724
3649.400	0.2162
3650.300	0.2769
3651.200	0.3400
3652.100	0.3980
3653.000	0.4338
3653.900	0.4450
3654.800	0.4529
3655.700	0.4734
3656.600	0.5028
3657.500	0.5333
3658.400	0.5547
3659.300	0.5542
3660.200	0.5425
3661.100	0.5341
3662.000	0.5098
3662.900	0.4653
3663.800	0.4404
3664.700	0.4523
3665.600	0.4631
3666.500	0.4560
3667.400	0.4433
3668.300	0.4146
3669.200	0.3796
3670.100	0.3875
3671.000	0.4473
3671.900	0.4989
3672.800	0.4942
3673.700	0.4691
3674.600	0.4713
3675.500	0.4751
3676.400	0.4378
3677.300	0.3782
3678.200	0.3226
3679.100	0.2704
3680.000	0.2478
3680.900	0.2727
3681.800	0.3082
3682.700	0.3319
3683.600	0.3525
3684.500	0.3537
3685.400	0.3199
3686.300	0.2666
3687.200	0.2292
3688.100	0.2396
3689.000	0.2948
3689.900	0.3778
3690.800	0.4695
3691.700	0.5175
3692.600	0.4855
3693.500	0.4203
3694.400	0.3931
3695.300	0.4090
3696.200	0.4344
3697.100	0.4599
3698.000	0.4937
3698.900	0.5271
3699.800	0.5321
3700.700	0.5031
3701.600	0.4694
3702.500	0.4291
3703.400	0.3524
3704.300	0.2581
3705.200	0.1977
3706.100	0.1872
3707.000	0.1944
3707.900	0.1906
3708.800	0.1937
3709.700	0.2412
3710.600	0.3291
3711.500	0.4154
3712.400	0.4758
3713.300	0.5063
3714.200	0.4941
3715.100	0.4341
3716.000	0.3560
3716.900	0.2883
3717.800	0.2275
3718.700	0.1681
3719.600	0.1255
3720.500	0.1113
3721.400	0.1191
3722.300	0.1478
3723.200	0.1990
3724.100	0.2604
3725.000	0.3077
3725.900	0.3055
3726.800	0.2545
3727.700	0.2221
3728.600	0.2423
3729.500	0.2678
3730.400	0.2636
3731.300	0.2361
3732.200	0.1926
3733.100	0.1464
3734.000	0.1156
3734.900	0.1059
3735.800	0.1084
3736.700	0.1154
3737.600	0.1326
3738.500	0.1676
3739.400	0.2148
3740.300	0.2555
3741.200	0.2659
3742.100	0.2375
3743.000	0.1924
3743.900	0.1575
3744.800	0.1355
3745.700	0.1248
3746.600	0.1254
3747.500	0.1236
3748.400	0.1126
3749.300	0.1165
3750.200	0.1554
3751.100	0.2103
3752.000	0.2480
3752.900	0.2704
3753.800	0.3054
3754.700	0.3465
3755.600	0.3498
3756.500	0.2929
3757.400	0.2103
3758.300	0.1648
3759.200	0.1825
3760.100	0.2320
3761.000	0.2675
3761.900	0.2644
3762.800	0.2298
3763.700	0.2039
3764.600	0.2121
3765.500	0.2257
3766.400	0.2179
3767.300	0.2245
3768.200	0.2818
3769.100	0.3530
3770.000	0.3934
3770.900	0.4181
3771.800	0.4490
3772.700	0.4680
3773.600	0.4550
3774.500	0.4209
3775.400	0.3972
3776.300	0.3991
3777.200	0.4086
3778.100	0.4162
3779.000	0.4355
3779.900	0.4616
3780.800	0.4713
3781.700	0.4638
3782.600	0.4572
3783.500	0.4619
3784.400	0.4509
3785.300	0.3881
3786.200	0.2985
3787.100	0.2369
3788.000	0.2145
3788.900	0.2143
3789.800	0.2344
3790.700	0.2747
3791.600	0.3070
3792.500	0.3013
3793.400	0.2616
3794.300	0.2239
3795.200	0.2247
3796.100	0.2508
3797.000	0.2486
3797.900	0.2095
3798.800	0.1865
3799.700	0.2157
3800.600	0.2700
3801.500	0.3146
3802.400	0.3513
3803.300	0.3816
3804.200	0.3911
3805.100	0.3706
3806.000	0.3249
3806.900	0.2868
3807.800	0.2943
3808.700	0.3400
3809.600	0.3818
3810.500	0.3874
3811.400	0.3511
3812.300	0.2909
3813.200	0.2394
3814.100	0.2073
3815.000	0.1822
3815.900	0.1732
3816.800	0.1900
3817.700	0.2062
3818.600	0.1930
3819.500	0.1573
3820.400	0.1338
3821.300	0.1459
3822.200	0.1726
3823.100	0.1757
3824.000	0.1528
3824.900	0.1288
3825.800	0.1195
3826.700	0.1242
3827.600	0.1350
3828.500	0.1474
3829.400	0.1632
3830.300	0.1772
3831.200	0.1723
3832.100	0.1513
3833.000	0.1365
3833.900	0.1414
3834.800	0.1678
3835.700	0.1960
3836.600	0.1980
3837.500	0.1741
3838.400	0.1497
3839.300	0.1389
3840.200	0.1425
3841.100	0.1703
3842.000	0.2198
3842.900	0.2660
3843.800	0.2944
3844.700	0.3055
3845.600	0.3069
3846.500	0.3129
3847.400	0.3213
3848.300	0.3075
3849.200	0.2665
3850.100	0.2399
3851.000	0.2599
3851.900	0.2939
3852.800	0.2978
3853.700	0.2751
3854.600	0.2446
3855.500	0.2120
3856.400	0.1897
3857.300	0.1798
3858.200	0.1646
3859.100	0.1432
3860.000	0.1399
3860.900	0.1718
3861.800	0.2280
3862.700	0.2752
3863.600	0.2877
3864.500	0.2709
3865.400	0.2540
3866.300	0.2570
3867.200	0.2694
3868.100	0.2744
3869.000	0.2650
3869.900	0.2397
3870.800	0.2084
3871.700	0.1891
3872.600	0.1981
3873.500	0.2408
3874.400	0.2924
3875.300	0.3147
3876.200	0.2926
3877.100	0.2393
3878.000	0.1947
3878.900	0.1967
3879.800	0.2329
3880.700	0.2551
3881.600	0.2469
3882.500	0.2468
3883.400	0.2745
3884.300	0.2804
3885.200	0.2332
3886.100	0.1824
3887.000	0.1760
3887.900	0.2033
3888.800	0.2461
3889.700	0.3031
3890.600	0.3631
3891.500	0.4020
3892.400	0.4046
3893.300	0.3802
3894.200	0.3409
3895.100	0.3031
3896.000	0.3015
3896.900	0.3215
3897.800	0.3133
3898.700	0.2745
3899.600	0.2528
3900.500	0.2798
3901.400	0.3116
3902.300	0.3003
3903.200	0.2790
3904.100	0.2752
3905.000	0.2641
3905.900	0.2549
3906.800	0.2839
3907.700	0.3398
3908.600	0.3825
3909.500	0.3979
3910.400	0.4025
3911.300	0.4136
3912.200	0.4254
3913.100	0.4269
3914.000	0.4257
3914.900	0.4223
3915.800	0.4041
3916.700	0.3778
3917.600	0.3531
3918.500	0.3190
3919.400	0.2729
3920.300	0.2357
3921.200	0.2211
3922.100	0.2218
3923.000	0.2338
3923.900	0.2556
3924.800	0.2696
3925.700	0.2617
3926.600	0.2341
3927.500	0.1986
3928.400	0.1695
3929.300	0.1512
3930.200	0.1374
3931.100	0.1271
3932.000	0.1282
3932.900	0.1407
3933.800	0.1465
3934.700	0.1386
3935.600	0.1356
3936.500	0.1494
3937.400	0.1740
3938.300	0.2034
3939.200	0.2308
3940.100	0.2466
3941.000	0.2495
3941.900	0.2417
3942.800	0.2197
3943.700	0.1994
3944.600	0.2193
3945.500	0.2788
3946.400	0.3251
3947.300	0.3294
3948.200	0.3221
3949.100	0.3397
3950.000	0.3786
3950.900	0.4044
3951.800	0.3954
3952.700	0.3833
3953.600	0.4028
3954.500	0.4213
3955.400	0.3937
3956.300	0.3447
3957.200	0.3231
3958.100	0.3325
3959.000	0.3354
3959.900	0.2968
3960.800	0.2297
3961.700	0.1847
3962.600	0.1847
3963.500	0.2046
3964.400	0.2119
3965.300	0.1958
3966.200	0.1674
3967.100	0.1498
3968.000	0.1491
3968.900	0.1502
3969.800	0.1517
3970.700	0.1655
3971.600	0.1917
3972.500	0.2199
3973.400	0.2470
3974.300	0.2799
3975.200	0.3146
3976.100	0.3394
3977.000	0.3613
3977.900	0.3939
3978.800	0.4345
3979.700	0.4682
3980.600	0.4792
3981.500	0.4707
3982.400	0.4619
3983.300	0.4576
3984.200	0.4615
3985.100	0.4736
3986.000	0.4846
3986.900	0.5072
3987.800	0.5424
3988.700	0.5463
3989.600	0.5174
3990.500	0.5127
3991.400	0.5441
3992.300	0.5747
3993.200	0.5817
3994.100	0.5705
3995.000	0.5536
3995.900	0.5289
3996.800	0.4919
3997.700	0.4711
3998.600	0.5046
3999.500	0.5696
4000.400	0.6080
4001.300	0.6208
4002.200	0.6398
4003.100	0.6389
4004.000	0.5678
4004.900	0.4594
4005.800	0.4134
4006.700	0.4619
4007.600	0.5416
4008.500	0.5862
4009.400	0.5937
4010.300	0.5989
4011.200	0.6134
4012.100	0.6253
4013.000	0.6233
4013.900	0.6144
4014.800	0.6203
4015.700	0.6304
4016.600	0.6146
4017.500	0.5987
4018.400	0.6233
4019.300	0.6584
4020.200	0.6580
4021.100	0.6361
4022.000	0.6287
4022.900	0.6323
4023.800	0.6213
4024.700	0.6061
4025.600	0.6155
4026.500	0.6483
4027.400	0.6833
4028.300	0.6850
4029.200	0.6117
4030.100	0.4886
4031.000	0.3992
4031.900	0.3652
4032.800	0.3509
4033.700	0.3562
4034.600	0.4066
4035.500	0.5035
4036.400	0.6147
4037.300	0.6966
4038.200	0.7218
4039.100	0.6955
4040.000	0.6465
4040.900	0.6156
4041.800	0.6162
4042.700	0.5957
4043.600	0.5032
4044.500	0.3671
4045.400	0.2688
4046.300	0.2735
4047.200	0.3692
4048.100	0.4852
4049.000	0.5797
4049.900	0.6510
4050.800	0.6845
4051.700	0.6710
4052.600	0.6441
4053.500	0.6231
4054.400	0.5982
4055.300	0.5874
4056.200	0.5854
4057.100	0.5542
4058.000	0.5184
4058.900	0.5329
4059.800	0.5841
4060.700	0.6021
4061.600	0.5406
4062.500	0.4206
4063.400	0.3293
4064.300	0.3450
4065.200	0.4326
4066.100	0.4951
4067.000	0.5193
4067.900	0.5583
4068.800	0.6094
4069.700	0.5953
4070.600	0.4869
4071.500	0.3874
4072.400	0.4074
4073.300	0.5134
4074.200	0.5942
4075.100	0.6005
4076.000	0.5462
4076.900	0.4822
4077.800	0.4700
4078.700	0.5203
4079.600	0.6036
4080.500	0.6881
4081.400	0.7302
4082.300	0.7103
4083.200	0.6604
4084.100	0.6220
4085.000	0.6211
4085.900	0.6673
4086.800	0.7434
4087.700	0.8108
4088.600	0.8374
4089.500	0.8201
4090.400	0.7840
4091.300	0.7500
4092.200	0.7333
4093.100	0.7500
4094.000	0.7590
4094.900	0.7067
4095.800	0.6298
4096.700	0.5920
4097.600	0.5957
4098.500	0.6087
4099.400	0.6012
4100.300	0.5607
4101.200	0.5248
4102.100	0.5399
4103.000	0.5870
4103.900	0.6232
4104.800	0.6536
4105.700	0.6894
4106.600	0.7073
4107.500	0.6978
4108.400	0.6819
4109.300	0.6695
4110.200	0.6552
4111.100	0.6422
4112.000	0.6470
4112.900	0.6790
4113.800	0.7156
4114.700	0.7364
4115.600	0.7495
4116.500	0.7568
4117.400	0.7310
4118.300	0.6774
4119.200	0.6554
4120.100	0.6811
4121.000	0.7062
4121.900	0.7021
4122.800	0.6926
4123.700	0.7137
4124.600	0.7481
4125.500	0.7511
4126.400	0.7197
4127.300	0.6868
4128.200	0.6759
4129.100	0.6799
4130.000	0.6652
4130.900	0.5998
4131.800	0.5103
4132.700	0.4676
4133.600	0.4884
4134.500	0.5554
4135.400	0.6455
4136.300	0.7044
4137.200	0.7236
4138.100	0.7418
4139.000	0.7603
4139.900	0.7616
4140.800	0.7293
4141.700	0.6309
4142.600	0.4854
4143.500	0.3941
4144.400	0.4249
4145.300	0.5295
4146.200	0.6224
4147.100	0.6723
4148.000	0.6862
4148.900	0.6743
4149.800	0.6631
4150.700	0.6697
4151.600	0.6742
4152.500	0.6600
4153.400	0.6267
4154.300	0.6007
4155.200	0.6059
4156.100	0.6188
4157.000	0.6295
4157.900	0.6529
4158.800	0.6850
4159.700	0.7171
4160.600	0.7423
4161.500	0.7698
4162.400	0.8039
4163.300	0.8111
4164.200	0.7730
4165.100	0.7296
4166.000	0.7016
4166.900	0.6689
4167.800	0.6522
4168.700	0.6788
4169.600	0.7157
4170.500	0.7077
4171.400	0.6392
4172.300	0.5658
4173.200	0.5523
4174.100	0.5798
4175.000	0.5998
4175.900	0.6094
4176.800	0.6192
4177.700	0.6405
4178.600	0.6828
4179.500	0.7235
4180.400	0.7162
4181.300	0.6587
4182.200	0.6158
4183.100	0.6255
4184.000	0.6642
4184.900	0.6943
4185.800	0.6656
4186.700	0.5721
4187.600	0.5143
4188.500	0.5649
4189.400	0.6545
4190.300	0.6822
4191.200	0.6649
4192.100	0.6936
4193.000	0.7617
4193.900	0.7768
4194.800	0.7166
4195.700	0.6464
4196.600	0.6012
4197.500	0.5548
4198.400	0.5109
4199.300	0.5106
4200.200	0.5312
4201.100	0.5206
4202.000	0.5118
4202.900	0.5605
4203.800	0.6433
4204.700	0.7148
4205.600	0.7624
4206.500	0.7873
4207.400	0.7990
4208.300	0.7899
4209.200	0.7451
4210.100	0.7025
4211.000	0.7167
4211.900	0.7654
4212.800	0.7826
4213.700	0.7484
4214.600	0.6747
4215.500	0.6036
4216.400	0.6016
4217.300	0.6628
4218.200	0.7183
4219.100	0.7412
4220.000	0.7508
4220.900	0.7386
4221.800	0.6837
4222.700	0.6035
4223.600	0.5175
4224.500	0.4172
4225.400	0.3054
4226.300	0.2206
4227.200	0.2143
4228.100	0.2958
4229.000	0.4204
4229.900	0.5436
4230.800	0.6384
4231.700	0.6732
4232.600	0.6428
4233.500	0.6021
4234.400	0.5808
4235.300	0.5556
4236.200	0.5447
4237.100	0.5742
4238.000	0.6088
4238.900	0.6185
4239.800	0.6331
4240.700	0.6801
4241.600	0.7251
4242.500	0.7391
4243.400	0.7580
4244.300	0.7971
4245.200	0.8130
4246.100	0.7765
4247.000	0.7072
4247.900	0.6440
4248.800	0.5828
4249.700	0.5052
4250.600	0.4665
4251.500	0.5132
4252.400	0.5685
4253.300	0.5336
4254.200	0.4543
4255.100	0.4594
4256.000	0.5745
4256.900	0.6909
4257.800	0.7050
4258.700	0.6225
4259.600	0.5111
4260.500	0.4489
4261.400	0.4926
4262.300	0.6127
4263.200	0.7180
4264.100	0.7644
4265.000	0.7788
4265.900	0.7785
4266.800	0.7494
4267.700	0.7025
4268.600	0.6591
4269.500	0.5950
4270.400	0.4840
4271.300	0.3742
4272.200	0.3457
4273.100	0.3790
4274.000	0.3927
4274.900	0.4062
4275.800	0.4882
4276.700	0.6169
4277.600	0.7245
4278.500	0.7663
4279.400	0.7281
4280.300	0.6628
4281.200	0.6280
4282.100	0.6173
4283.000	0.6328
4283.900	0.6696
4284.800	0.6757
4285.700	0.6482
4286.600	0.6345
4287.500	0.6267
4288.400	0.5666
4289.300	0.4670
4290.200	0.4233
4291.100	0.4772
4292.000	0.5745
4292.900	0.6289
4293.800	0.6105
4294.700	0.5913
4295.600	0.6152
4296.500	0.6279
4297.400	0.5863
4298.300	0.5028
4299.200	0.4215
4300.100	0.3972
4301.000	0.4304
4301.900	0.4636
4302.800	0.4793
4303.700	0.4981
4304.600	0.5050
4305.500	0.4770
4306.400	0.4208
4307.300	0.3557
4308.200	0.3202
4309.100	0.3436
4310.000	0.4051
4310.900	0.4675
4311.800	0.5221
4312.700	0.5792
4313.600	0.6298
4314.500	0.6765
4315.400	0.7598
4316.300	0.8683
4317.200	0.9231
4318.100	0.9055
4319.000	0.8772
4319.900	0.8670
4320.800	0.8579
4321.700	0.8338
4322.600	0.7649
4323.500	0.6392
4324.400	0.4954
4325.300	0.3964
4326.200	0.4069
4327.100	0.5386
4328.000	0.7106
4328.900	0.8260
4329.800	0.8614
4330.700	0.8639
4331.600	0.8714
4332.500	0.8830
4333.400	0.8966
4334.300	0.9165
4335.200	0.9231
4336.100	0.8688
4337.000	0.7554
4337.900	0.6591
4338.800	0.6143
4339.700	0.5925
4340.600	0.6084
4341.500	0.6860
4342.400	0.7672
4343.300	0.7883
4344.200	0.7852
4345.100	0.8102
4346.000	0.8394
4346.900	0.8474
4347.800	0.8660
4348.700	0.9106
4349.600	0.9179
4350.500	0.8218
4351.400	0.6735
4352.300	0.6018
4353.200	0.6475
4354.100	0.7231
4355.000	0.7631
4355.900	0.7954
4356.800	0.8378
4357.700	0.8497
4358.600	0.8166
4359.500	0.7953
4360.400	0.8308
4361.300	0.8850
4362.200	0.8956
4363.100	0.8791
4364.000	0.8945
4364.900	0.9315
4365.800	0.9271
4366.700	0.8678
4367.600	0.8140
4368.500	0.8091
4369.400	0.8249
4370.300	0.8252
4371.200	0.8184
4372.100	0.8100
4373.000	0.7790
4373.900	0.7217
4374.800	0.6596
4375.700	0.6358
4376.600	0.6807
4377.500	0.7565
4378.400	0.7960
4379.300	0.7821
4380.200	0.7382
4381.100	0.6693
4382.000	0.5544
4382.900	0.4113
4383.800	0.3272
4384.700	0.3743
4385.600	0.5201
4386.500	0.6532
4387.400	0.7072
4388.300	0.7097
4389.200	0.7065
4390.100	0.7146
4391.000	0.7396
4391.900	0.7784
4392.800	0.8059
4393.700	0.8031
4394.600	0.7841
4395.500	0.7953
4396.400	0.8551
4397.300	0.9146
4398.200	0.9252
4399.100	0.8809
4400.000	0.8044
4400.900	0.7512
4401.800	0.7523
4402.700	0.7322
4403.600	0.6148
4404.500	0.4807
4405.400	0.4649
4406.300	0.5541
4407.200	0.6322
4408.100	0.6775
4409.000	0.7521
4409.900	0.8502
4410.800	0.9149
4411.700	0.9389
4412.600	0.9303
4413.500	0.8550
4414.400	0.7112
4415.300	0.6144
4416.200	0.6548
4417.100	0.7708
4418.000	0.8744
4418.900	0.9451
4419.800	0.9804
4420.700	0.9615
4421.600	0.8879
4422.500	0.8131
4423.400	0.7928
4424.300	0.8021
4425.200	0.7891
4426.100	0.7643
4427.000	0.7680
4427.900	0.8152
4428.800	0.8600
4429.700	0.8477
4430.600	0.8272
4431.500	0.8552
4432.400	0.8766
4433.300	0.8239
4434.200	0.7196
4435.100	0.6466
4436.000	0.6739
4436.900	0.7867
4437.800	0.9063
4438.700	0.9754
4439.600	0.9771
4440.500	0.9192
4441.400	0.8312
4442.300	0.7630
4443.200	0.7648
4444.100	0.8439
4445.000	0.9432
4445.900	0.9834
4446.800	0.9467
4447.700	0.9085
4448.600	0.9207
4449.500	0.9440
4450.400	0.9422
4451.300	0.9293
4452.200	0.9097
4453.100	0.8498
4454.000	0.7367
4454.900	0.6357
4455.800	0.6230
4456.700	0.6803
4457.600	0.7243
4458.500	0.7251
4459.400	0.7177
4460.300	0.7127
4461.200	0.6973
4462.100	0.7172
4463.000	0.8049
4463.900	0.8929
4464.800	0.9153
4465.700	0.8934
4466.600	0.8838
4467.500	0.8978
4468.400	0.8965
4469.300	0.8740
4470.200	0.8769
4471.100	0.9195
4472.000	0.9715
4472.900	1.0074
4473.800	1.0138
4474.700	0.9870
4475.600	0.9601
4476.500	0.9854
4477.400	1.0475
4478.300	1.0683
4479.200	1.0125
4480.100	0.9216
4481.000	0.8457
4481.900	0.8149
4482.800	0.8505
4483.700	0.9313
4484.600	1.0033
4485.500	1.0434
4486.400	1.0573
4487.300	1.0360
4488.200	0.9763
4489.100	0.9106
4490.000	0.8877
4490.900	0.9255
4491.800	0.9844
4492.700	1.0015
4493.600	0.9470
4494.500	0.8703
4495.400	0.8436
4496.300	0.8790
4497.200	0.9439
4498.100	1.0040
4499.000	1.0431
4499.900	1.0488
4500.800	1.0216
4501.700	1.0064
4502.600	1.0440
4503.500	1.1059
4504.400	1.1435
4505.300	1.1470
4506.200	1.1333
4507.100	1.1152
4508.000	1.1011
4508.900	1.1014
4509.800	1.1143
4510.700	1.1189
4511.600	1.0937
4512.500	1.0512
4513.400	1.0196
4514.300	1.0121
4515.200	1.0329
4516.100	1.0549
4517.000	1.0410
4517.900	1.0154
4518.800	1.0289
4519.700	1.0752
4520.600	1.1135
4521.500	1.1073
4522.400	1.0628
4523.300	1.0286
4524.200	1.0076
4525.100	0.9633
4526.000	0.8899
4526.900	0.8136
4527.800	0.7601
4528.700	0.7519
4529.600	0.7865
4530.500	0.8298
4531.400	0.8707
4532.300	0.8953
4533.200	0.8782
4534.100	0.8285
4535.000	0.7885
4535.900	0.8303
4536.800	0.9596
4537.700	1.0688
4538.600	1.0900
4539.500	1.0522
4540.400	1.0065
4541.300	0.9957
4542.200	1.0275
4543.100	1.0590
4544.000	1.0428
4544.900	0.9976
4545.800	0.9737
4546.700	0.9774
4547.600	0.9792
4548.500	0.9609
4549.400	0.9492
4550.300	0.9736
4551.200	1.0063
4552.100	1.0087
4553.000	0.9821
4553.900	0.9453
4554.800	0.9241
4555.700	0.9436
4556.600	1.0044
4557.500	1.0723
4558.400	1.1153
4559.300	1.1247
4560.200	1.1155
4561.100	1.1144
4562.000	1.1138
4562.900	1.0848
4563.800	1.0301
4564.700	0.9839
4565.600	0.9810
4566.500	1.0322
4567.400	1.0949
4568.300	1.1154
4569.200	1.0983
4570.100	1.0589
4571.000	1.0042
4571.900	0.9909
4572.800	1.0443
4573.700	1.0957
4574.600	1.1003
4575.500	1.0934
4576.400	1.0961
4577.300	1.0874
4578.200	1.0482
4579.100	0.9860
4580.000	0.9275
4580.900	0.9059
4581.800	0.9404
4582.700	0.9981
4583.600	1.0212
4584.500	0.9939
4585.400	0.9470
4586.300	0.9394
4587.200	0.9973
4588.100	1.0731
4589.000	1.1144
4589.900	1.1066
4590.800	1.0604
4591.700	1.0067
4592.600	0.9812
4593.500	0.9860
4594.400	0.9916
4595.300	0.9871
4596.200	0.9852
4597.100	0.9829
4598.000	0.9821
4598.900	0.9868
4599.800	0.9767
4600.700	0.9593
4601.600	0.9611
4602.500	0.9711
4603.400	0.9797
4604.300	0.9869
4605.200	0.9924
4606.100	1.0059
4607.000	1.0302
4607.900	1.0713
4608.800	1.1181
4609.700	1.1303
4610.600	1.0975
4611.500	1.0580
4612.400	1.0332
4613.300	1.0240
4614.200	1.0409
4615.100	1.0655
4616.000	1.0720
4616.900	1.0726
4617.800	1.0705
4618.700	1.0529
4619.600	1.0459
4620.500	1.0688
4621.400	1.0810
4622.300	1.0655
4623.200	1.0542
4624.100	1.0495
4625.000	1.0322
4625.900	1.0229
4626.800	1.0492
4627.700	1.0897
4628.600	1.1001
4629.500	1.0853
4630.400	1.0866
4631.300	1.0984
4632.200	1.0848
4633.100	1.0553
4634.000	1.0457
4634.900	1.0551
4635.800	1.0526
4636.700	1.0175
4637.600	0.9723
4638.500	0.9502
4639.400	0.9518
4640.300	0.9778
4641.200	1.0278
4642.100	1.0660
4643.000	1.0620
4643.900	1.0312
4644.800	0.9852
4645.700	0.9214
4646.600	0.8705
4647.500	0.8683
4648.400	0.9045
4649.300	0.9515
4650.200	0.9922
4651.100	1.0138
4652.000	1.0237
4652.900	1.0251
4653.800	1.0015
4654.700	0.9693
4655.600	0.9639
4656.500	0.9917
4657.400	1.0407
4658.300	1.0927
4659.200	1.1273
4660.100	1.1319
4661.000	1.1073
4661.900	1.0668
4662.800	1.0253
4663.700	0.9989
4664.600	0.9867
4665.500	0.9522
4666.400	0.8739
4667.300	0.7981
4668.200	0.7983
4669.100	0.8822
4670.000	0.9858
4670.900	1.0472
4671.800	1.0500
4672.700	1.0214
4673.600	0.9989
4674.500	1.0023
4675.400	1.0335
4676.300	1.0696
4677.200	1.0686
4678.100	1.0246
4679.000	0.9791
4679.900	0.9574
4680.800	0.9487
4681.700	0.9497
4682.600	0.9735
4683.500	1.0062
4684.400	1.0220
4685.300	1.0234
4686.200	1.0213
4687.100	1.0099
4688.000	0.9929
4688.900	0.9864
4689.800	0.9839
4690.700	0.9755
4691.600	0.9749
4692.500	0.9908
4693.400	1.0103
4694.300	1.0292
4695.200	1.0518
4696.100	1.0636
4697.000	1.0399
4697.900	0.9844
4698.800	0.9387
4699.700	0.9292
4700.600	0.9304
4701.500	0.9001
4702.400	0.8467
4703.300	0.8360
4704.200	0.8925
4705.100	0.9554
4706.000	0.9625
4706.900	0.9254
4707.800	0.8975
4708.700	0.8970
4709.600	0.9180
4710.500	0.9633
4711.400	1.0126
4712.300	1.0305
4713.200	1.0070
4714.100	0.9677
4715.000	0.9643
4715.900	1.0087
4716.800	1.0522
4717.700	1.0673
4718.600	1.0817
4719.500	1.1053
4720.400	1.1147
4721.300	1.0978
4722.200	1.0709
4723.100	1.0624
4724.000	1.0803
4724.900	1.1002
4725.800	1.0824
4726.700	1.0181
4727.600	0.9484
4728.500	0.9165
4729.400	0.9176
4730.300	0.9303
4731.200	0.9553
4732.100	0.9878
4733.000	1.0062
4733.900	1.0138
4734.800	1.0165
4735.700	0.9882
4736.600	0.9459
4737.500	0.9553
4738.400	1.0076
4739.300	1.0331
4740.200	1.0162
4741.100	1.0013
4742.000	1.0176
4742.900	1.0471
4743.800	1.0552
4744.700	1.0429
4745.600	1.0423
4746.500	1.0603
4747.400	1.0707
4748.300	1.0682
4749.200	1.0686
4750.100	1.0701
4751.000	1.0606
4751.900	1.0376
4752.800	1.0042
4753.700	0.9719
4754.600	0.9636
4755.500	0.9725
4756.400	0.9823
4757.300	0.9967
4758.200	1.0146
4759.100	1.0385
4760.000	1.0582
4760.900	1.0429
4761.800	1.0011
4762.700	0.9788
4763.600	0.9802
4764.500	0.9685
4765.400	0.9362
4766.300	0.9185
4767.200	0.9370
4768.100	0.9760
4769.000	1.0188
4769.900	1.0401
4770.800	1.0203
4771.700	0.9877
4772.600	0.9851
4773.500	1.0190
4774.400	1.0554
4775.300	1.0601
4776.200	1.0470
4777.100	1.0457
4778.000	1.0494
4778.900	1.0414
4779.800	1.0289
4780.700	1.0229
4781.600	1.0093
4782.500	0.9710
4783.400	0.9429
4784.300	0.9634
4785.200	0.9903
4786.100	0.9844
4787.000	0.9782
4787.900	0.9877
4788.800	0.9856
4789.700	0.9823
4790.600	1.0008
4791.500	1.0263
4792.400	1.0487
4793.300	1.0800
4794.200	1.1161
4795.100	1.1354
4796.000	1.1285
4796.900	1.1046
4797.800	1.0734
4798.700	1.0402
4799.600	1.0176
4800.500	1.0224
4801.400	1.0583
4802.300	1.0986
4803.200	1.1148
4804.100	1.0994
4805.000	1.0731
4805.900	1.0586
4806.800	1.0439
4807.700	1.0277
4808.600	1.0335
4809.500	1.0595
4810.400	1.0798
4811.300	1.0847
4812.200	1.0813
4813.100	1.0780
4814.000	1.0803
4814.900	1.0913
4815.800	1.1093
4816.700	1.1238
4817.600	1.1299
4818.500	1.1342
4819.400	1.1370
4820.300	1.1302
4821.200	1.1096
4822.100	1.0615
4823.000	0.9925
4823.900	0.9655
4824.800	1.0097
4825.700	1.0700
4826.600	1.0902
4827.500	1.0730
4828.400	1.0475
4829.300	1.0376
4830.200	1.0404
4831.100	1.0290
4832.000	1.0161
4832.900	1.0332
4833.800	1.0655
4834.700	1.0824
4835.600	1.0837
4836.500	1.0815
4837.400	1.0750
4838.300	1.0534
4839.200	1.0242
4840.100	1.0100
4841.000	1.0192
4841.900	1.0324
4842.800	1.0307
4843.700	1.0367
4844.600	1.0716
4845.500	1.1098
4846.400	1.1203
4847.300	1.1015
4848.200	1.0776
4849.100	1.0780
4850.000	1.0996
4850.900	1.1072
4851.800	1.0971
4852.700	1.0929
4853.600	1.0812
4854.500	1.0368
4855.400	0.9897
4856.300	0.9912
4857.200	1.0228
4858.100	1.0173
4859.000	0.9466
4859.900	0.8428
4860.800	0.7642
4861.700	0.7681
4862.600	0.8493
4863.500	0.9331
4864.400	0.9824
4865.300	1.0152
4866.200	1.0378
4867.100	1.0393
4868.000	1.0283
4868.900	1.0119
4869.800	0.9508
4870.700	0.8322
4871.600	0.7489
4872.500	0.7903
4873.400	0.9068
4874.300	0.9889
4875.200	1.0115
4876.100	1.0140
4877.000	1.0041
4877.900	0.9923
4878.800	1.0226
4879.700	1.0719
4880.600	1.0703
4881.500	1.0326
4882.400	1.0261
4883.300	1.0440
4884.200	1.0297
4885.100	0.9766
4886.000	0.9333
4886.900	0.9307
4887.800	0.9470
4888.700	0.9406
4889.600	0.8786
4890.500	0.7769
4891.400	0.7372
4892.300	0.8317
4893.200	0.9898
4894.100	1.1077
4895.000	1.1608
4895.900	1.1722
4896.800	1.1674
4897.700	1.1591
4898.600	1.1414
4899.500	1.1146
4900.400	1.1017
4901.300	1.0999
4902.200	1.0712
4903.100	1.0247
4904.000	1.0182
4904.900	1.0700
4905.800	1.1300
4906.700	1.1476
4907.600	1.1185
4908.500	1.0655
4909.400	1.0091
4910.300	0.9806
4911.200	1.0018
4912.100	1.0473
4913.000	1.0795
4913.900	1.0971
4914.800	1.1149
4915.700	1.1220
4916.600	1.0861
4917.500	0.9841
4918.400	0.8333
4919.300	0.6983
4920.200	0.6541
4921.100	0.7283
4922.000	0.8662
4922.900	0.9730
4923.800	1.0035
4924.700	1.0019
4925.600	1.0282
4926.500	1.0719
4927.400	1.0989
4928.300	1.1166
4929.200	1.1342
4930.100	1.1402
4931.000	1.1352
4931.900	1.1093
4932.800	1.0497
4933.700	0.9988
4934.600	1.0070
4935.500	1.0417
4936.400	1.0357
4937.300	0.9713
4938.200	0.8908
4939.100	0.8694
4940.000	0.9362
4940.900	1.0277
4941.800	1.0792
4942.700	1.1051
4943.600	1.1260
4944.500	1.1160
4945.400	1.0741
4946.300	1.0537
4947.200	1.0831
4948.100	1.1226
4949.000	1.1322
4949.900	1.1237
4950.800	1.1216
4951.700	1.1165
4952.600	1.0976
4953.500	1.0772
4954.400	1.0589
4955.300	1.0072
4956.200	0.8798
4957.100	0.7354
4958.000	0.7163
4958.900	0.8514
4959.800	1.0109
4960.700	1.0905
4961.600	1.1028
4962.500	1.0976
4963.400	1.0870
4964.300	1.0553
4965.200	1.0098
4966.100	0.9829
4967.000	0.9827
4967.900	0.9903
4968.800	0.9991
4969.700	1.0113
4970.600	1.0326
4971.500	1.0626
4972.400	1.0848
4973.300	1.0954
4974.200	1.1009
4975.100	1.0977
4976.000	1.0867
4976.900	1.0674
4977.800	1.0317
4978.700	1.0003
4979.600	0.9921
4980.500	0.9731
4981.400	0.9027
4982.300	0.8136
4983.200	0.7783
4984.100	0.8059
4985.000	0.8548
4985.900	0.9170
4986.800	0.9905
4987.700	1.0348
4988.600	1.0293
4989.500	0.9981
4990.400	0.9675
4991.300	0.9657
4992.200	0.9929
4993.100	1.0040
4994.000	0.9945
4994.900	1.0080
4995.800	1.0430
4996.700	1.0624
4997.600	1.0508
4998.500	1.0054
4999.400	0.9424
5000.300	0.8950
5001.200	0.8777
5002.100	0.8883
5003.000	0.9197
5003.900	0.9351
5004.800	0.8904
5005.700	0.8122
5006.600	0.7876
5007.500	0.8473
5008.400	0.9311
5009.300	0.9794
5010.200	0.9836
5011.100	0.9443
5012.000	0.8809
5012.900	0.8289
5013.800	0.8001
5014.700	0.8054
5015.600	0.8464
5016.500	0.8822
5017.400	0.8921
5018.300	0.9035
5019.200	0.9276
5020.100	0.9373
5021.000	0.9090
5021.900	0.8646
5022.800	0.8605
5023.700	0.9064
5024.600	0.9496
5025.500	0.9563
5026.400	0.9238
5027.300	0.8806
5028.200	0.8801
5029.100	0.9264
5030.000	0.9731
5030.900	0.9980
5031.800	1.0136
5032.700	1.0285
5033.600	1.0269
5034.500	0.9817
5035.400	0.9085
5036.300	0.8754
5037.200	0.8995
5038.100	0.9117
5039.000	0.8677
5039.900	0.7876
5040.800	0.7206
5041.700	0.7297
5042.600	0.8111
5043.500	0.8968
5044.400	0.9586
5045.300	1.0057
5046.200	1.0298
5047.100	1.0064
5048.000	0.9368
5048.900	0.8593
5049.800	0.8214
5050.700	0.8338
5051.600	0.8706
5052.500	0.9111
5053.400	0.9443
5054.300	0.9656
5055.200	0.9744
5056.100	0.9796
5057.000	0.9928
5057.900	1.0066
5058.800	1.0081
5059.700	1.0085
5060.600	1.0162
5061.500	1.0200
5062.400	1.0101
5063.300	0.9715
5064.200	0.9061
5065.100	0.8637
5066.000	0.8734
5066.900	0.8881
5067.800	0.8737
5068.700	0.8690
5069.600	0.9050
5070.500	0.9365
5071.400	0.9172
5072.300	0.8875
5073.200	0.8992
5074.100	0.9266
5075.000	0.9268
5075.900	0.9140
5076.800	0.9205
5077.700	0.9232
5078.600	0.8746
5079.500	0.8056
5080.400	0.7868
5081.300	0.8138
5082.200	0.8370
5083.100	0.8481
5084.000	0.8724
5084.900	0.9144
5085.800	0.9530
5086.700	0.9668
5087.600	0.9595
5088.500	0.9534
5089.400	0.9557
5090.300	0.9570
5091.200	0.9645
5092.100	0.9947
5093.000	1.0304
5093.900	1.0295
5094.800	0.9849
5095.700	0.9346
5096.600	0.9111
5097.500	0.8960
5098.400	0.8617
5099.300	0.8388
5100.200	0.8615
5101.100	0.9074
5102.000	0.9407
5102.900	0.9460
5103.800	0.9293
5104.700	0.9124
5105.600	0.9000
5106.500	0.8767
5107.400	0.8563
5108.300	0.8602
5109.200	0.8659
5110.100	0.8643
5111.000	0.8818
5111.900	0.9132
5112.800	0.9367
5113.700	0.9603
5114.600	0.9809
5115.500	0.9801
5116.400	0.9783
5117.300	0.9929
5118.200	1.0026
5119.100	0.9903
5120.000	0.9588
5120.900	0.9285
5121.800	0.9136
5122.700	0.8859
5123.600	0.8351
5124.500	0.8053
5125.400	0.8157
5126.300	0.8416
5127.200	0.8616
5128.100	0.8674
5129.000	0.8530
5129.900	0.8454
5130.800	0.8760
5131.700	0.9190
5132.600	0.9249
5133.500	0.9000
5134.400	0.9021
5135.300	0.9307
5136.200	0.9314
5137.100	0.8935
5138.000	0.8352
5138.900	0.7864
5139.800	0.8007
5140.700	0.8576
5141.600	0.8702
5142.500	0.8483
5143.400	0.8639
5144.300	0.8986
5145.200	0.8972
5146.100	0.8722
5147.000	0.8610
5147.900	0.8728
5148.800	0.8900
5149.700	0.8875
5150.600	0.8715
5151.500	0.8623
5152.400	0.8544
5153.300	0.8411
5154.200	0.8454
5155.100	0.8847
5156.000	0.9369
5156.900	0.9821
5157.800	1.0089
5158.700	1.0092
5159.600	1.0046
5160.500	1.0067
5161.400	0.9820
5162.300	0.9312
5163.200	0.9059
5164.100	0.8872
5165.000	0.8074
5165.900	0.6690
5166.800	0.5425
5167.700	0.5014
5168.600	0.5634
5169.500	0.6550
5170.400	0.6690
5171.300	0.5776
5172.200	0.4693
5173.100	0.4575
5174.000	0.5643
5174.900	0.7118
5175.800	0.8177
5176.700	0.8633
5177.600	0.8746
5178.500	0.8689
5179.400	0.8390
5180.300	0.7746
5181.200	0.6777
5182.100	0.5584
5183.000	0.4535
5183.900	0.4324
5184.800	0.5281
5185.700	0.6873
5186.600	0.8255
5187.500	0.8959
5188.400	0.9209
5189.300	0.9460
5190.200	0.9425
5191.100	0.8645
5192.000	0.7816
5192.900	0.7894
5193.800	0.8511
5194.700	0.8801
5195.600	0.8901
5196.500	0.9311
5197.400	0.9825
5198.300	1.0105
5199.200	1.0266
5200.100	1.0305
5201.000	1.0054
5201.900	0.9604
5202.800	0.9100
5203.700	0.8341
5204.600	0.7327
5205.500	0.6632
5206.400	0.6516
5207.300	0.6499
5208.200	0.6300
5209.100	0.6462
5210.000	0.7283
5210.900	0.8500
5211.800	0.9699
5212.700	1.0438
5213.600	1.0462
5214.500	0.9870
5215.400	0.9158
5216.300	0.8852
5217.200	0.9095
5218.100	0.9705
5219.000	1.0326
5219.900	1.0679
5220.800	1.0771
5221.700	1.0680
5222.600	1.0397
5223.500	0.9909
5224.400	0.9269
5225.300	0.8523
5226.200	0.7708
5227.100	0.7361
5228.000	0.8000
5228.900	0.9004
5229.800	0.9622
5230.700	0.9818
5231.600	0.9466
5232.500	0.8697
5233.400	0.8410
5234.300	0.8931
5235.200	0.9670
5236.100	1.0270
5237.000	1.0672
5237.900	1.0800
5238.800	1.0746
5239.700	1.0717
5240.600	1.0742
5241.500	1.0672
5242.400	1.0494
5243.300	1.0471
5244.200	1.0721
5245.100	1.0859
5246.000	1.0488
5246.900	0.9903
5247.800	0.9733
5248.700	0.9907
5249.600	0.9841
5250.500	0.9596
5251.400	0.9632
5252.300	0.9868
5253.200	0.9963
5254.100	0.9807
5255.000	0.9662
5255.900	0.9950
5256.800	1.0526
5257.700	1.0927
5258.600	1.1024
5259.500	1.0835
5260.400	1.0331
5261.300	0.9542
5262.200	0.8673
5263.100	0.7986
5264.000	0.7552
5264.900	0.7194
5265.800	0.6923
5266.700	0.7125
5267.600	0.7437
5268.500	0.6892
5269.400	0.5836
5270.300	0.5769
5271.200	0.6994
5272.100	0.8269
5273.000	0.8849
5273.900	0.9033
5274.800	0.9046
5275.700	0.9135
5276.600	0.9662
5277.500	1.0372
5278.400	1.0748
5279.300	1.0619
5280.200	1.0109
5281.100	0.9454
5282.000	0.8879
5282.900	0.8524
5283.800	0.8594
5284.700	0.9282
5285.600	1.0209
5286.500	1.0778
5287.400	1.0855
5288.300	1.0748
5289.200	1.0771
5290.100	1.0926
5291.000	1.0987
5291.900	1.0857
5292.800	1.0673
5293.700	1.0576
5294.600	1.0468
5295.500	1.0065
5296.400	0.9275
5297.300	0.8448
5298.200	0.8228
5299.100	0.8786
5300.000	0.9443
5300.900	0.9602
5301.800	0.9497
5302.700	0.9697
5303.600	1.0262
5304.500	1.0761
5305.400	1.0929
5306.300	1.0789
5307.200	1.0589
5308.100	1.0622
5309.000	1.0860
5309.900	1.1079
5310.800	1.1166
5311.700	1.1127
5312.600	1.1012
5313.500	1.0903
5314.400	1.0834
5315.300	1.0739
5316.200	1.0620
5317.100	1.0606
5318.000	1.0707
5318.900	1.0759
5319.800	1.0709
5320.700	1.0612
5321.600	1.0425
5322.500	0.9965
5323.400	0.9175
5324.300	0.8636
5325.200	0.8810
5326.100	0.8924
5327.000	0.8063
5327.900	0.6808
5328.800	0.6641
5329.700	0.7855
5330.600	0.9327
5331.500	1.0117
5332.400	1.0278
5333.300	1.0383
5334.200	1.0709
5335.100	1.0985
5336.000	1.0995
5336.900	1.0892
5337.800	1.0745
5338.700	1.0280
5339.600	0.9429
5340.500	0.8834
5341.400	0.9131
5342.300	0.9953
5343.200	1.0524
5344.100	1.0603
5345.000	1.0351
5345.900	1.0124
5346.800	1.0156
5347.700	1.0125
5348.600	0.9894
5349.500	0.9910
5350.400	1.0377
5351.300	1.0902
5352.200	1.1095
5353.100	1.1045
5354.000	1.1105
5354.900	1.1372
5355.800	1.1628
5356.700	1.1757
5357.600	1.1789
5358.500	1.1766
5359.400	1.1716
5360.300	1.1592
5361.200	1.1400
5362.100	1.1216
5363.000	1.1071
5363.900	1.0804
5364.800	1.0428
5365.700	1.0264
5366.600	1.0305
5367.500	1.0317
5368.400	1.0168
5369.300	0.9559
5370.200	0.8513
5371.100	0.7801
5372.000	0.8161
5372.900	0.9370
5373.800	1.0527
5374.700	1.1191
5375.600	1.1393
5376.500	1.1294
5377.400	1.1202
5378.300	1.1270
5379.200	1.1361
5380.100	1.1356
5381.000	1.1211
5381.900	1.0838
5382.800	1.0361
5383.700	1.0282
5384.600	1.0725
5385.500	1.1175
5386.400	1.1295
5387.300	1.1220
5388.200	1.1055
5389.100	1.0787
5390.000	1.0521
5390.900	1.0331
5391.800	1.0127
5392.700	0.9917
5393.600	0.9870
5394.500	0.9988
5395.400	0.9865
5396.300	0.9249
5397.200	0.8781
5398.100	0.9155
5399.000	0.9911
5399.900	1.0319
5400.800	1.0467
5401.700	1.0632
5402.600	1.0490
5403.500	0.9693
5404.400	0.8599
5405.300	0.7953
5406.200	0.8207
5407.100	0.9104
5408.000	0.9772
5408.900	0.9649
5409.800	0.9214
5410.700	0.9313
5411.600	1.0003
5412.500	1.0673
5413.400	1.0837
5414.300	1.0541
5415.200	1.0323
5416.100	1.0565
5417.000	1.1022
5417.900	1.1277
5418.800	1.1191
5419.700	1.0904
5420.600	1.0733
5421.500	1.0806
5422.400	1.0749
5423.300	1.0283
5424.200	0.9925
5425.100	1.0219
5426.000	1.0854
5426.900	1.1182
5427.800	1.0754
5428.700	0.9659
5429.600	0.8848
5430.500	0.9103
5431.400	0.9817
5432.300	0.9991
5433.200	0.9556
5434.100	0.9066
5435.000	0.9031
5435.900	0.9525
5436.800	1.0202
5437.700	1.0774
5438.600	1.1156
5439.500	1.1371
5440.400	1.1429
5441.300	1.1379
5442.200	1.1307
5443.100	1.1156
5444.000	1.0713
5444.900	0.9906
5445.800	0.8949
5446.700	0.8429
5447.600	0.8899
5448.500	0.9993
5449.400	1.0853
5450.300	1.1157
5451.200	1.1136
5452.100	1.1032
5453.000	1.0787
5453.900	1.0165
5454.800	0.9283
5455.700	0.8921
5456.600	0.9541
5457.500	1.0536
5458.400	1.1155
5459.300	1.1246
5460.200	1.1014
5461.100	1.0623
5462.000	1.0107
5462.900	0.9706
5463.800	0.9818
5464.700	1.0288
5465.600	1.0596
5466.500	1.0673
5467.400	1.0794
5468.300	1.0938
5469.200	1.0861
5470.100	1.0634
5471.000	1.0558
5471.900	1.0605
5472.800	1.0493
5473.700	1.0304
5474.600	1.0137
5475.500	0.9717
5476.400	0.9152
5477.300	0.9155
5478.200	0.9846
5479.100	1.0441
5480.000	1.0381
5480.900	0.9955
5481.800	0.9805
5482.700	1.0094
5483.600	1.0554
5484.500	1.0957
5485.400	1.1080
5486.300	1.0787
5487.200	1.0336
5488.100	1.0205
5489.000	1.0437
5489.900	1.0704
5490.800	1.0877
5491.700	1.0967
5492.600	1.0895
5493.500	1.0736
5494.400	1.0704
5495.300	1.0735
5496.200	1.0559
5497.100	1.0281
5498.000	1.0350
5498.900	1.0716
5499.800	1.0833
5500.700	1.0556
5501.600	1.0297
5502.500	1.0337
5503.400	1.0494
5504.300	1.0521
5505.200	1.0274
5506.100	0.9923
5507.000	0.9963
5507.900	1.0437
5508.800	1.0817
5509.700	1.0847
5510.600	1.0606
5511.500	1.0151
5512.400	0.9713
5513.300	0.9620
5514.200	0.9876
5515.100	1.0209
5516.000	1.0463
5516.900	1.0682
5517.800	1.0917
5518.700	1.1080
5519.600	1.1099
5520.500	1.1058
5521.400	1.1029
5522.300	1.1013
5523.200	1.1006
5524.100	1.0976
5525.000	1.0864
5525.900	1.0600
5526.800	1.0060
5527.700	0.9390
5528.600	0.9228
5529.500	0.9825
5530.400	1.0556
5531.300	1.0856
5532.200	1.0841
5533.100	1.0809
5534.000	1.0785
5534.900	1.0704
5535.800	1.0667
5536.700	1.0719
5537.600	1.0732
5538.500	1.0761
5539.400	1.0945
5540.300	1.1178
5541.200	1.1244
5542.100	1.1058
5543.000	1.0801
5543.900	1.0743
5544.800	1.0854
5545.700	1.0910
5546.600	1.0926
5547.500	1.1068
5548.400	1.1276
5549.300	1.1372
5550.200	1.1377
5551.100	1.1367
5552.000	1.1277
5552.900	1.1062
5553.800	1.0814
5554.700	1.0750
5555.600	1.0881
5556.500	1.0971
5557.400	1.0940
5558.300	1.0924
5559.200	1.0955
5560.100	1.0952
5561.000	1.0860
5561.900	1.0640
5562.800	1.0443
5563.700	1.0445
5564.600	1.0462
5565.500	1.0354
5566.400	1.0306
5567.300	1.0345
5568.200	1.0206
5569.100	0.9958
5570.000	1.0010
5570.900	1.0168
5571.800	0.9884
5572.700	0.9580
5573.600	0.9918
5574.500	1.0445
5575.400	1.0581
5576.300	1.0594
5577.200	1.0781
5578.100	1.0937
5579.000	1.0998
5579.900	1.1032
5580.800	1.0893
5581.700	1.0682
5582.600	1.0701
5583.500	1.0818
5584.400	1.0602
5585.300	0.9878
5586.200	0.8973
5587.100	0.8446
5588.000	0.8468
5588.900	0.8865
5589.800	0.9521
5590.700	1.0171
5591.600	1.0475
5592.500	1.0353
5593.400	0.9983
5594.300	0.9844
5595.200	1.0289
5596.100	1.0795
5597.000	1.0684
5597.900	1.0186
5598.800	0.9967
5599.700	1.0052
5600.600	0.9963
5601.500	0.9650
5602.400	0.9516
5603.300	0.9908
5604.200	1.0666
5605.100	1.1255
5606.000	1.1457
5606.900	1.1447
5607.800	1.1404
5608.700	1.1389
5609.600	1.1401
5610.500	1.1435
5611.400	1.1475
5612.300	1.1444
5613.200	1.1045
5614.100	1.0002
5615.000	0.8883
5615.900	0.8756
5616.800	0.9600
5617.700	1.0408
5618.600	1.0693
5619.500	1.0747
5620.400	1.0878
5621.300	1.1064
5622.200	1.1035
5623.100	1.0544
5624.000	0.9901
5624.900	0.9804
5625.800	1.0299
5626.700	1.0772
5627.600	1.0976
5628.500	1.1132
5629.400	1.1315
5630.300	1.1427
5631.200	1.1458
5632.100	1.1382
5633.000	1.1193
5633.900	1.1003
5634.800	1.0892
5635.700	1.0816
5636.600	1.0708
5637.500	1.0655
5638.400	1.0805
5639.300	1.1006
5640.200	1.0952
5641.100	1.0749
5642.000	1.0708
5642.900	1.0804
5643.800	1.0869
5644.700	1.0920
5645.600	1.1010
5646.500	1.1108
5647.400	1.1120
5648.300	1.0988
5649.200	1.0835
5650.100	1.0824
5651.000	1.0982
5651.900	1.1143
5652.800	1.1115
5653.700	1.0876
5654.600	1.0651
5655.500	1.0712
5656.400	1.0771
5657.300	1.0294
5658.200	0.9651
5659.100	0.9697
5660.000	1.0267
5660.900	1.0482
5661.800	1.0234
5662.700	1.0159
5663.600	1.0500
5664.500	1.0931
5665.400	1.1124
5666.300	1.1008
5667.200	1.0833
5668.100	1.0835
5669.000	1.0944
5669.900	1.0974
5670.800	1.0938
5671.700	1.1056
5672.600	1.1291
5673.500	1.1368
5674.400	1.1234
5675.300	1.1129
5676.200	1.1218
5677.100	1.1305
5678.000	1.1194
5678.900	1.1045
5679.800	1.1041
5680.700	1.0978
5681.600	1.0637
5682.500	1.0378
5683.400	1.0539
5684.300	1.0817
5685.200	1.0824
5686.100	1.0549
5687.000	1.0239
5687.900	1.0151
5688.800	1.0365
5689.700	1.0713
5690.600	1.0926
5691.500	1.1019
5692.400	1.1064
5693.300	1.1015
5694.200	1.0959
5695.100	1.1031
5696.000	1.1185
5696.900	1.1106
5697.800	1.0743
5698.700	1.0531
5699.600	1.0561
5700.500	1.0479
5701.400	1.0310
5702.300	1.0348
5703.200	1.0582
5704.100	1.0708
5705.000	1.0529
5705.900	1.0207
5706.800	1.0000
5707.700	0.9830
5708.600	0.9579
5709.500	0.9420
5710.400	0.9434
5711.300	0.9523
5712.200	0.9850
5713.100	1.0352
5714.000	1.0665
5714.900	1.0757
5715.800	1.0800
5716.700	1.0799
5717.600	1.0785
5718.500	1.0896
5719.400	1.1048
5720.300	1.1119
5721.200	1.1198
5722.100	1.1304
5723.000	1.1346
5723.900	1.1313
5724.800	1.1218
5725.700	1.1011
5726.600	1.0741
5727.500	1.0693
5728.400	1.0951
5729.300	1.1152
5730.200	1.1009
5731.100	1.0712
5732.000	1.0681
5732.900	1.0942
5733.800	1.1158
5734.700	1.1216
5735.600	1.1159
5736.500	1.1065
5737.400	1.0994
5738.300	1.0960
5739.200	1.0962
5740.100	1.0987
5741.000	1.0991
5741.900	1.0933
5742.800	1.0889
5743.700	1.0996
5744.600	1.1164
5745.500	1.1193
5746.400	1.1044
5747.300	1.0834
5748.200	1.0764
5749.100	1.0900
5750.000	1.1043
5750.900	1.0954
5751.800	1.0600
5752.700	1.0217
5753.600	1.0078
5754.500	1.0283
5755.400	1.0695
5756.300	1.1005
5757.200	1.1127
5758.100	1.1137
5759.000	1.1025
5759.900	1.0810
5760.800	1.0572
5761.700	1.0318
5762.600	1.0174
5763.500	1.0411
5764.400	1.0880
5765.300	1.1160
5766.200	1.1220
5767.100	1.1240
5768.000	1.1264
5768.900	1.1260
5769.800	1.1199
5770.700	1.1073
5771.600	1.0948
5772.500	1.0910
5773.400	1.0887
5774.300	1.0799
5775.200	1.0795
5776.100	1.0928
5777.000	1.1053
5777.900	1.1076
5778.800	1.0940
5779.700	1.0571
5780.600	1.0082
5781.500	0.9832
5782.400	0.9917
5783.300	1.0013
5784.200	0.9900
5785.100	0.9784
5786.000	0.9983
5786.900	1.0353
5787.800	1.0583
5788.700	1.0702
5789.600	1.0695
5790.500	1.0531
5791.400	1.0491
5792.300	1.0667
5793.200	1.0871
5794.100	1.1032
5795.000	1.1141
5795.900	1.1113
5796.800	1.0917
5797.700	1.0737
5798.600	1.0779
5799.500	1.0995
5800.400	1.1184
5801.300	1.1276
5802.200	1.1273
5803.100	1.1096
5804.000	1.0808
5804.900	1.0650
5805.800	1.0667
5806.700	1.0745
5807.600	1.0808
5808.500	1.0829
5809.400	1.0876
5810.300	1.1014
5811.200	1.1167
5812.100	1.1224
5813.000	1.1196
5813.900	1.1089
5814.800	1.0870
5815.700	1.0649
5816.600	1.0647
5817.500	1.0919
5818.400	1.1232
5819.300	1.1379
5820.200	1.1390
5821.100	1.1332
5822.000	1.1253
5822.900	1.1223
5823.800	1.1253
5824.700	1.1313
5825.600	1.1356
5826.500	1.1353
5827.400	1.1302
5828.300	1.1246
5829.200	1.1252
5830.100	1.1265
5831.000	1.1247
5831.900	1.1227
5832.800	1.1208
5833.700	1.1165
5834.600	1.1103
5835.500	1.1107
5836.400	1.1132
5837.300	1.1053
5838.200	1.0971
5839.100	1.1047
5840.000	1.1213
5840.900	1.1346
5841.800	1.1389
5842.700	1.1347
5843.600	1.1271
5844.500	1.1220
5845.400	1.1166
5846.300	1.1042
5847.200	1.0926
5848.100	1.0923
5849.000	1.1022
5849.900	1.1116
5850.800	1.1092
5851.700	1.0954
5852.600	1.0778
5853.500	1.0715
5854.400	1.0775
5855.300	1.0694
5856.200	1.0269
5857.100	0.9776
5858.000	0.9729
5858.900	1.0147
5859.800	1.0597
5860.700	1.0803
5861.600	1.0752
5862.500	1.0669
5863.400	1.0788
5864.300	1.0963
5865.200	1.0931
5866.100	1.0704
5867.000	1.0593
5867.900	1.0790
5868.800	1.1082
5869.700	1.1246
5870.600	1.1289
5871.500	1.1296
5872.400	1.1273
5873.300	1.1218
5874.200	1.1183
5875.100	1.1141
5876.000	1.1093
5876.900	1.1069
5877.800	1.1048
5878.700	1.0966
5879.600	1.0806
5880.500	1.0700
5881.400	1.0734
5882.300	1.0740
5883.200	1.0592
5884.100	1.0430
5885.000	1.0392
5885.900	1.0332
5886.800	0.9930
5887.700	0.8891
5888.600	0.7205
5889.500	0.5686
5890.400	0.5502
5891.300	0.6659
5892.200	0.8021
5893.100	0.8701
5894.000	0.8399
5894.900	0.7242
5895.800	0.6299
5896.700	0.6763
5897.600	0.8236
5898.500	0.9462
5899.400	1.0068
5900.300	1.0417
5901.200	1.0659
5902.100	1.0760
5903.000	1.0807
5903.900	1.0856
5904.800	1.0834
5905.700	1.0793
5906.600	1.0858
5907.500	1.0980
5908.400	1.1029
5909.300	1.0997
5910.200	1.1015
5911.100	1.1132
5912.000	1.1183
5912.900	1.0976
5913.800	1.0620
5914.700	1.0451
5915.600	1.0543
5916.500	1.0736
5917.400	1.0878
5918.300	1.0906
5919.200	1.0930
5920.100	1.1015
5921.000	1.1047
5921.900	1.1006
5922.800	1.1018
5923.700	1.1093
5924.600	1.1163
5925.500	1.1231
5926.400	1.1273
5927.300	1.1202
5928.200	1.1018
5929.100	1.0752
5930.000	1.0601
5930.900	1.0784
5931.800	1.1088
5932.700	1.1154
5933.600	1.0937
5934.500	1.0740
5935.400	1.0844
5936.300	1.1095
5937.200	1.1208
5938.100	1.1205
5939.000	1.1184
5939.900	1.1060
5940.800	1.0832
5941.700	1.0705
5942.600	1.0811
5943.500	1.1046
5944.400	1.1235
5945.300	1.1281
5946.200	1.1208
5947.100	1.1038
5948.000	1.0807
5948.900	1.0684
5949.800	1.0804
5950.700	1.0989
5951.600	1.0938
5952.500	1.0735
5953.400	1.0734
5954.300	1.0955
5955.200	1.1075
5956.100	1.0948
5957.000	1.0804
5957.900	1.0838
5958.800	1.0992
5959.700	1.1163
5960.600	1.1267
5961.500	1.1277
5962.400	1.1270
5963.300	1.1280
5964.200	1.1217
5965.100	1.1050
5966.000	1.0947
5966.900	1.1022
5967.800	1.1152
5968.700	1.1235
5969.600	1.1278
5970.500	1.1330
5971.400	1.1388
5972.300	1.1395
5973.200	1.1341
5974.100	1.1216
5975.000	1.0990
5975.900	1.0731
5976.800	1.0591
5977.700	1.0644
5978.600	1.0792
5979.500	1.0961
5980.400	1.1104
5981.300	1.1136
5982.200	1.0983
5983.100	1.0645
5984.000	1.0337
5984.900	1.0318
5985.800	1.0532
5986.700	1.0726
5987.600	1.0840
5988.500	1.0964
5989.400	1.1071
5990.300	1.1065
5991.200	1.1000
5992.100	1.1019
5993.000	1.1155
5993.900	1.1270
5994.800	1.1244
5995.700	1.1078
5996.600	1.0848
5997.500	1.0698
5998.400	1.0707
5999.300	1.0811
6000.200	1.0943
6001.100	1.0955
6002.000	1.0759
6002.900	1.0576
6003.800	1.0650
6004.700	1.0862
6005.600	1.0929
6006.500	1.0744
6007.400	1.0386
6008.300	1.0179
6009.200	1.0413
6010.100	1.0848
6011.000	1.1037
6011.900	1.0854
6012.800	1.0534
6013.700	1.0446
6014.600	1.0584
6015.500	1.0599
6016.400	1.0473
6017.300	1.0518
6018.200	1.0673
6019.100	1.0579
6020.000	1.0274
6020.900	1.0094
6021.800	1.0109
6022.700	1.0177
6023.600	1.0209
6024.500	1.0350
6025.400	1.0619
6026.300	1.0773
6027.200	1.0819
6028.100	1.0917
6029.000	1.1034
6029.900	1.1069
6030.800	1.1068
6031.700	1.1093
6032.600	1.1107
6033.500	1.1094
6034.400	1.1085
6035.300	1.1093
6036.200	1.1115
6037.100	1.1122
6038.000	1.1077
6038.900	1.0959
6039.800	1.0840
6040.700	1.0799
6041.600	1.0792
6042.500	1.0833
6043.400	1.0964
6044.300	1.1077
6045.200	1.1117
6046.100	1.1081
6047.000	1.1027
6047.900	1.1007
6048.800	1.1023
6049.700	1.1071
6050.600	1.1104
6051.500	1.1081
6052.400	1.1002
6053.300	1.0868
6054.200	1.0723
6055.100	1.0595
6056.000	1.0537
6056.900	1.0636
6057.800	1.0809
6058.700	1.0938
6059.600	1.1021
6060.500	1.1043
6061.400	1.0969
6062.300	1.0834
6063.200	1.0675
6064.100	1.0402
6065.000	1.0111
6065.900	1.0156
6066.800	1.0562
6067.700	1.0948
6068.600	1.1085
6069.500	1.1085
6070.400	1.1066
6071.300	1.1043
6072.200	1.1042
6073.100	1.1078
6074.000	1.1124
6074.900	1.1107
6075.800	1.1008
6076.700	1.0840
6077.600	1.0580
6078.500	1.0361
6079.400	1.0415
6080.300	1.0606
6081.200	1.0634
6082.100	1.0566
6083.000	1.0614
6083.900	1.0715
6084.800	1.0684
6085.700	1.0624
6086.600	1.0677
6087.500	1.0779
6088.400	1.0758
6089.300	1.0559
6090.200	1.0378
6091.100	1.0396
6092.000	1.0531
6092.900	1.0615
6093.800	1.0656
6094.700	1.0733
6095.600	1.0772
6096.500	1.0721
6097.400	1.0683
6098.300	1.0740
6099.200	1.0828
6100.100	1.0767
6101.000	1.0279
6101.900	0.9395
6102.800	0.8891
6103.700	0.9391
6104.600	1.0303
6105.500	1.0802
6106.400	1.0840
6107.300	1.0700
6108.200	1.0635
6109.100	1.0709
6110.000	1.0755
6110.900	1.0682
6111.800	1.0654
6112.700	1.0780
6113.600	1.0923
6114.500	1.0941
6115.400	1.0820
6116.300	1.0678
6117.200	1.0658
6118.100	1.0677
6119.000	1.0567
6119.900	1.0272
6120.800	0.9691
6121.700	0.8971
6122.600	0.8816
6123.500	0.9503
6124.400	1.0307
6125.300	1.0621
6126.200	1.0591
6127.100	1.0501
6128.000	1.0465
6128.900	1.0507
6129.800	1.0606
6130.700	1.0720
6131.600	1.0789
6132.500	1.0821
6133.400	1.0796
6134.300	1.0602
6135.200	1.0081
6136.100	0.9251
6137.000	0.8657
6137.900	0.8941
6138.800	0.9850
6139.700	1.0500
6140.600	1.0487
6141.500	1.0201
6142.400	1.0186
6143.300	1.0463
6144.200	1.0705
6145.100	1.0806
6146.000	1.0842
6146.900	1.0806
6147.800	1.0705
6148.700	1.0643
6149.600	1.0621
6150.500	1.0593
6151.400	1.0616
6152.300	1.0684
6153.200	1.0650
6154.100	1.0480
6155.000	1.0427
6155.900	1.0571
6156.800	1.0678
6157.700	1.0664
6158.600	1.0616
6159.500	1.0341
6160.400	0.9472
6161.300	0.8230
6162.200	0.7553
6163.100	0.7985
6164.000	0.9008
6164.900	0.9797
6165.800	1.0102
6166.700	1.0192
6167.600	1.0088
6168.500	0.9562
6169.400	0.9002
6170.300	0.9129
6171.200	0.9832
6172.100	1.0364
6173.000	1.0474
6173.900	1.0472
6174.800	1.0502
6175.700	1.0472
6176.600	1.0434
6177.500	1.0516
6178.400	1.0633
6179.300	1.0633
6180.200	1.0603
6181.100	1.0681
6182.000	1.0790
6182.900	1.0805
6183.800	1.0766
6184.700	1.0743
6185.600	1.0674
6186.500	1.0542
6187.400	1.0441
6188.300	1.0431
6189.200	1.0401
6190.100	1.0096
6191.000	0.9600
6191.900	0.9504
6192.800	0.9990
6193.700	1.0512
6194.600	1.0714
6195.500	1.0756
6196.400	1.0797
6197.300	1.0779
6198.200	1.0602
6199.100	1.0302
6200.000	1.0135
6200.900	1.0266
6201.800	1.0517
6202.700	1.0667
6203.600	1.0690
6204.500	1.0683
6205.400	1.0724
6206.300	1.0804
6207.200	1.0840
6208.100	1.0784
6209.000	1.0706
6209.900	1.0638
6210.800	1.0567
6211.700	1.0473
6212.600	1.0234
6213.500	0.9898
6214.400	0.9712
6215.300	0.9734
6216.200	0.9913
6217.100	1.0168
6218.000	1.0266
6218.900	1.0098
6219.800	0.9906
6220.700	0.9956
6221.600	1.0224
6222.500	1.0500
6223.400	1.0574
6224.300	1.0486
6225.200	1.0462
6226.100	1.0480
6227.000	1.0451
6227.900	1.0398
6228.800	1.0194
6229.700	0.9722
6230.600	0.9280
6231.500	0.9266
6232.400	0.9583
6233.300	0.9967
6234.200	1.0348
6235.100	1.0585
6236.000	1.0603
6236.900	1.0545
6237.800	1.0512
6238.700	1.0430
6239.600	1.0248
6240.500	1.0129
6241.400	1.0110
6242.300	0.9969
6243.200	0.9788
6244.100	0.9800
6245.000	0.9843
6245.900	0.9761
6246.800	0.9843
6247.700	1.0220
6248.600	1.0539
6249.500	1.0613
6250.400	1.0456
6251.300	1.0029
6252.200	0.9532
6253.100	0.9341
6254.000	0.9482
6254.900	0.9687
6255.800	0.9729
6256.700	0.9597
6257.600	0.9411
6258.500	0.9353
6259.400	0.9559
6260.300	0.9840
6261.200	1.0037
6262.100	1.0279
6263.000	1.0480
6263.900	1.0399
6264.800	1.0135
6265.700	1.0050
6266.600	1.0223
6267.500	1.0406
6268.400	1.0413
6269.300	1.0308
6270.200	1.0250
6271.100	1.0287
6272.000	1.0389
6272.900	1.0446
6273.800	1.0412
6274.700	1.0379
6275.600	1.0419
6276.500	1.0467
6277.400	1.0483
6278.300	1.0485
6279.200	1.0417
6280.100	1.0249
6281.000	1.0170
6281.900	1.0265
6282.800	1.0382
6283.700	1.0425
6284.600	1.0404
6285.500	1.0409
6286.400	1.0503
6287.300	1.0614
6288.200	1.0677
6289.100	1.0627
6290.000	1.0466
6290.900	1.0296
6291.800	1.0213
6292.700	1.0205
6293.600	1.0264
6294.500	1.0352
6295.400	1.0325
6296.300	1.0145
6297.200	0.9981
6298.100	0.9995
6299.000	1.0105
6299.900	1.0032
6300.800	0.9647
6301.700	0.9280
6302.600	0.9336
6303.500	0.9750
6304.400	1.0103
6305.300	1.0234
6306.200	1.0330
6307.100	1.0463
6308.000	1.0524
6308.900	1.0479
6309.800	1.0359
6310.700	1.0213
6311.600	1.0129
6312.500	1.0138
6313.400	1.0097
6314.300	0.9877
6315.200	0.9664
6316.100	0.9643
6317.000	0.9613
6317.900	0.9449
6318.800	0.9467
6319.700	0.9816
6320.600	1.0114
6321.500	1.0154
6322.400	1.0047
6323.300	1.0074
6324.200	1.0239
6325.100	1.0351
6326.000	1.0346
6326.900	1.0269
6327.800	1.0228
6328.700	1.0249
6329.600	1.0182
6330.500	1.0097
6331.400	1.0189
6332.300	1.0369
6333.200	1.0406
6334.100	1.0143
6335.000	0.9666
6335.900	0.9323
6336.800	0.9358
6337.700	0.9635
6338.600	0.9866
6339.500	1.0013
6340.400	1.0154
6341.300	1.0160
6342.200	1.0003
6343.100	0.9795
6344.000	0.9703
6344.900	0.9867
6345.800	1.0140
6346.700	1.0298
6347.600	1.0349
6348.500	1.0386
6349.400	1.0411
6350.300	1.0410
6351.200	1.0412
6352.100	1.0389
6353.000	1.0314
6353.900	1.0162
6354.800	1.0011
6355.700	1.0032
6356.600	1.0147
6357.500	1.0071
6358.400	0.9812
6359.300	0.9641
6360.200	0.9604
6361.100	0.9517
6362.000	0.9418
6362.900	0.9465
6363.800	0.9644
6364.700	0.9835
6365.600	0.9968
6366.500	1.0088
6367.400	1.0230
6368.300	1.0331
6369.200	1.0353
6370.100	1.0326
6371.000	1.0314
6371.900	1.0345
6372.800	1.0364
6373.700	1.0353
6374.600	1.0345
6375.500	1.0372
6376.400	1.0398
6377.300	1.0349
6378.200	1.0244
6379.100	1.0166
6380.000	1.0122
6380.900	1.0105
6381.800	1.0174
6382.700	1.0291
6383.600	1.0312
6384.500	1.0269
6385.400	1.0293
6386.300	1.0360
6387.200	1.0392
6388.100	1.0398
6389.000	1.0423
6389.900	1.0434
6390.800	1.0333
6391.700	1.0048
6392.600	0.9584
6393.500	0.9281
6394.400	0.9500
6395.300	0.9989
6396.200	1.0300
6397.100	1.0326
6398.000	1.0062
6398.900	0.9462
6399.800	0.8880
6400.700	0.9004
6401.600	0.9722
6402.500	1.0274
6403.400	1.0436
6404.300	1.0399
6405.200	1.0279
6406.100	1.0078
6407.000	0.9783
6407.900	0.9583
6408.800	0.9716
6409.700	0.9885
6410.600	0.9649
6411.500	0.9338
6412.400	0.9502
6413.300	0.9931
6414.200	1.0146
6415.100	1.0169
6416.000	1.0183
6416.900	1.0184
6417.800	1.0125
6418.700	0.9955
6419.600	0.9640
6420.500	0.9386
6421.400	0.9472
6422.300	0.9866
6423.200	1.0239
6424.100	1.0348
6425.000	1.0316
6425.900	1.0325
6426.800	1.0360
6427.700	1.0371
6428.600	1.0274
6429.500	0.9977
6430.400	0.9591
6431.300	0.9505
6432.200	0.9815
6433.100	1.0142
6434.000	1.0300
6434.900	1.0329
6435.800	1.0271
6436.700	1.0127
6437.600	0.9700
6438.500	0.9080
6439.400	0.8937
6440.300	0.9485
6441.200	1.0085
6442.100	1.0335
6443.000	1.0368
6443.900	1.0370
6444.800	1.0381
6445.700	1.0378
6446.600	1.0348
6447.500	1.0200
6448.400	0.9746
6449.300	0.9148
6450.200	0.9010
6451.100	0.9465
6452.000	0.9961
6452.900	1.0180
6453.800	1.0162
6454.700	0.9985
6455.600	0.9832
6456.500	0.9909
6457.400	1.0148
6458.300	1.0314
6459.200	1.0337
6460.100	1.0199
6461.000	0.9775
6461.900	0.9122
6462.800	0.8836
6463.700	0.9247
6464.600	0.9812
6465.500	1.0136
6466.400	1.0267
6467.300	1.0258
6468.200	1.0128
6469.100	0.9965
6470.000	0.9844
6470.900	0.9696
6471.800	0.9638
6472.700	0.9833
6473.600	1.0021
6474.500	0.9977
6475.400	0.9880
6476.300	0.9941
6477.200	1.0123
6478.100	1.0241
6479.000	1.0247
6479.900	1.0189
6480.800	1.0011
6481.700	0.9786
6482.600	0.9715
6483.500	0.9841
6484.400	1.0015
6485.300	1.0128
6486.200	1.0171
6487.100	1.0173
6488.000	1.0197
6488.900	1.0220
6489.800	1.0155
6490.700	1.0029
6491.600	0.9854
6492.500	0.9439
6493.400	0.8693
6494.300	0.8023
6495.200	0.7912
6496.100	0.8299
6497.000	0.8818
6497.900	0.9163
6498.800	0.9221
6499.700	0.9297
6500.600	0.9569
6501.500	0.9825
6502.400	0.9952
6503.300	0.9986
6504.200	1.0008
6505.100	1.0077
6506.000	1.0154
6506.900	1.0143
6507.800	1.0033
6508.700	0.9950
6509.600	0.9994
6510.500	1.0106
6511.400	1.0147
6512.300	1.0109
6513.200	1.0077
6514.100	1.0047
6515.000	0.9986
6515.900	0.9891
6516.800	0.9781
6517.700	0.9697
6518.600	0.9701
6519.500	0.9837
6520.400	1.0000
6521.300	1.0069
6522.200	1.0061
6523.100	1.0025
6524.000	1.0030
6524.900	1.0064
6525.800	1.0025
6526.700	0.9952
6527.600	0.9944
6528.500	0.9991
6529.400	1.0021
6530.300	1.0008
6531.200	0.9951
6532.100	0.9864
6533.000	0.9799
6533.900	0.9816
6534.800	0.9937
6535.700	1.0072
6536.600	1.0100
6537.500	1.0044
6538.400	1.0029
6539.300	1.0092
6540.200	1.0159
6541.100	1.0133
6542.000	1.0041
6542.900	0.9968
6543.800	0.9896
6544.700	0.9734
6545.600	0.9465
6546.500	0.9345
6547.400	0.9531
6548.300	0.9802
6549.200	0.9968
6550.100	1.0005
6551.000	0.9957
6551.900	0.9890
6552.800	0.9789
6553.700	0.9625
6554.600	0.9445
6555.500	0.9345
6556.400	0.9392
6557.300	0.9534
6558.200	0.9639
6559.100	0.9611
6560.000	0.9372
6560.900	0.8695
6561.800	0.7565
6562.700	0.6803
6563.600	0.7222
6564.500	0.8373
6565.400	0.9289
6566.300	0.9700
6567.200	0.9785
6568.100	0.9652
6569.000	0.9499
6569.900	0.9529
6570.800	0.9632
6571.700	0.9594
6572.600	0.9432
6573.500	0.9303
6574.400	0.9294
6575.300	0.9450
6576.200	0.9735
6577.100	0.9949
6578.000	0.9999
6578.900	0.9954
6579.800	0.9862
6580.700	0.9789
6581.600	0.9807
6582.500	0.9878
6583.400	0.9918
6584.300	0.9907
6585.200	0.9856
6586.100	0.9799
6587.000	0.9824
6587.900	0.9941
6588.800	1.0055
6589.700	1.0100
6590.600	0.9988
6591.500	0.9616
6592.400	0.9117
6593.300	0.8919
6594.200	0.9230
6595.100	0.9689
6596.000	0.9899
6596.900	0.9842
6597.800	0.9709
6598.700	0.9679
6599.600	0.9789
6600.500	0.9943
6601.400	1.0024
6602.300	1.0016
6603.200	0.9969
6604.100	0.9893
6605.000	0.9820
6605.900	0.9794
6606.800	0.9748
6607.700	0.9607
6608.600	0.9439
6609.500	0.9438
6610.400	0.9649
6611.300	0.9850
6612.200	0.9882
6613.100	0.9837
6614.000	0.9863
6614.900	0.9951
6615.800	0.9981
6616.700	0.9945
6617.600	0.9919
6618.500	0.9939
6619.400	0.9977
6620.300	0.9991
6621.200	0.9977
6622.100	0.9948
6623.000	0.9890
6623.900	0.9799
6624.800	0.9746
6625.700	0.9801
6626.600	0.9875
6627.500	0.9866
6628.400	0.9809
6629.300	0.9753
6630.200	0.9721
6631.100	0.9682
6632.000	0.9548
6632.900	0.9310
6633.800	0.9181
6634.700	0.9350
6635.600	0.9650
6636.500	0.9831
6637.400	0.9886
6638.300	0.9863
6639.200	0.9794
6640.100	0.9750
6641.000	0.9764
6641.900	0.9710
6642.800	0.9543
6643.700	0.9460
6644.600	0.9578
6645.500	0.9741
6646.400	0.9799
6647.300	0.9807
6648.200	0.9840
6649.100	0.9873
6650.000	0.9871
6650.900	0.9877
6651.800	0.9903
6652.700	0.9905
6653.600	0.9875
6654.500	0.9865
6655.400	0.9881
6656.300	0.9878
6657.200	0.9866
6658.100	0.9886
6659.000	0.9920
6659.900	0.9896
6660.800	0.9790
6661.700	0.9641
6662.600	0.9451
6663.500	0.9352
6664.400	0.9469
6665.300	0.9633
6666.200	0.9660
6667.100	0.9626
6668.000	0.9659
6668.900	0.9764
6669.800	0.9854
6670.700	0.9887
6671.600	0.9879
6672.500	0.9863
6673.400	0.9852
6674.300	0.9847
6675.200	0.9837
6676.100	0.9686
6677.000	0.9297
6677.900	0.8973
6678.800	0.9094
6679.700	0.9503
6680.600	0.9781
6681.500	0.9876
6682.400	0.9903
6683.300	0.9923
6684.200	0.9937
6685.100	0.9923
6686.000	0.9897
6686.900	0.9871
6687.800	0.9846
6688.700	0.9833
6689.600	0.9819
6690.500	0.9795
6691.400	0.9771
6692.300	0.9763
6693.200	0.9783
6694.100	0.9756
6695.000	0.9610
6695.900	0.9442
6696.800	0.9406
6697.700	0.9485
6698.600	0.9563
6699.500	0.9644
6700.400	0.9726
6701.300	0.9727
6702.200	0.9632
6703.100	0.9484
6704.000	0.9380
6704.900	0.9379
6705.800	0.9465
6706.700	0.9572
6707.600	0.9629
6708.500	0.9625
6709.400	0.9569
6710.300	0.9530
6711.200	0.9549
6712.100	0.9535
6713.000	0.9459
6713.900	0.9419
6714.800	0.9385
6715.700	0.9244
6716.600	0.8992
6717.500	0.8838
6718.400	0.9023
6719.300	0.9389
6720.200	0.9595
6721.100	0.9625
6722.000	0.9636
6722.900	0.9682
6723.800	0.9696
6724.700	0.9635
6725.600	0.9536
6726.500	0.9487
6727.400	0.9540
6728.300	0.9636
6729.200	0.9697
6730.100	0.9712
6731.000	0.9690
6731.900	0.9633
6732.800	0.9551
6733.700	0.9531
6734.600	0.9605
6735.500	0.9679
6736.400	0.9674
6737.300	0.9581
6738.200	0.9479
6739.100	0.9467
6740.000	0.9514
6740.900	0.9518
6741.800	0.9442
6742.700	0.9366
6743.600	0.9370
6744.500	0.9430
6745.400	0.9467
6746.300	0.9488
6747.200	0.9516
6748.100	0.9503
6749.000	0.9403
6749.900	0.9287
6750.800	0.9294
6751.700	0.9378
6752.600	0.9403
6753.500	0.9435
6754.400	0.9509
6755.300	0.9559
6756.200	0.9603
6757.100	0.9653
6758.000	0.9693
6758.900	0.9714
6759.800	0.9717
6760.700	0.9723
6761.600	0.9720
6762.500	0.9690
6763.400	0.9662
6764.300	0.9649
6765.200	0.9625
6766.100	0.9537
6767.000	0.9390
6767.900	0.9324
6768.800	0.9420
6769.700	0.9541
6770.600	0.9533
6771.500	0.9448
6772.400	0.9458
6773.300	0.9583
6774.200	0.9707
6775.100	0.9750
6776.000	0.9711
6776.900	0.9637
6777.800	0.9590
6778.700	0.9606
6779.600	0.9634
6780.500	0.9641
6781.400	0.9614
6782.300	0.9518
6783.200	0.9404
6784.100	0.9387
6785.000	0.9469
6785.900	0.9525
6786.800	0.9553
6787.700	0.9624
6788.600	0.9685
6789.500	0.9717
6790.400	0.9771
6791.300	0.9805
6792.200	0.9757
6793.100	0.9656
6794.000	0.9608
6794.900	0.9629
6795.800	0.9634
6796.700	0.9614
6797.600	0.9607
6798.500	0.9614
6799.400	0.9634
6800.300	0.9669
6801.200	0.9713
6802.100	0.9711
6803.000	0.9647
6803.900	0.9583
6804.800	0.9572
6805.700	0.9560
6806.600	0.9549
6807.500	0.9623
6808.400	0.9712
6809.300	0.9672
6810.200	0.9600
6811.100	0.9631
6812.000	0.9698
6812.900	0.9688
6813.800	0.9607
6814.700	0.9573
6815.600	0.9640
6816.500	0.9737
6817.400	0.9772
6818.300	0.9720
6819.200	0.9612
6820.100	0.9520
6821.000	0.9541
6821.900	0.9641
6822.800	0.9704
6823.700	0.9711
6824.600	0.9699
6825.500	0.9691
6826.400	0.9671
6827.300	0.9572
6828.200	0.9457
6829.100	0.9480
6830.000	0.9610
6830.900	0.9696
6831.800	0.9709
6832.700	0.9711
6833.600	0.9717
6834.500	0.9717
6835.400	0.9698
6836.300	0.9656
6837.200	0.9612
6838.100	0.9522
6839.000	0.9364
6839.900	0.9201
6840.800	0.9072
6841.700	0.9012
6842.600	0.9039
6843.500	0.9159
6844.400	0.9354
6845.300	0.9528
6846.200	0.9604
6847.100	0.9612
6848.000	0.9605
6848.900	0.9600
6849.800	0.9578
6850.700	0.9556
6851.600	0.9563
6852.500	0.9563
6853.400	0.9466
6854.300	0.9271
6855.200	0.9144
6856.100	0.9189
6857.000	0.9292
6857.900	0.9363
6858.800	0.9425
6859.700	0.9427
6860.600	0.9318
6861.500	0.9217
6862.400	0.9268
6863.300	0.9454
6864.200	0.9617
6865.100	0.9618
6866.000	0.9442
6866.900	0.9188
6867.800	0.9070
6868.700	0.9214
6869.600	0.9383
6870.500	0.9337
6871.400	0.9223
6872.300	0.9188
6873.200	0.9215
6874.100	0.9223
6875.000	0.9247
6875.900	0.9331
6876.800	0.9442
6877.700	0.9546
6878.600	0.9576
6879.500	0.9526
6880.400	0.9398
6881.300	0.9191
6882.200	0.9029
6883.100	0.9066
6884.000	0.9265
6884.900	0.9368
6885.800	0.9346
6886.700	0.9451
6887.600	0.9619
6888.500	0.9648
6889.400	0.9664
6890.300	0.9724
6891.200	0.9672
6892.100	0.9561
6893.000	0.9581
6893.900	0.9638
6894.800	0.9533
6895.700	0.9435
6896.600	0.9527
6897.500	0.9663
6898.400	0.9603
6899.300	0.9455
6900.200	0.9466
6901.100	0.9655
6902.000	0.9765
6902.900	0.9679
6903.800	0.9580
6904.700	0.9618
6905.600	0.9691
6906.500	0.9675
6907.400	0.9630
6908.300	0.9636
6909.200	0.9708
6910.100	0.9750
6911.000	0.9681
6911.900	0.9564
6912.800	0.9464
6913.700	0.9395
6914.600	0.9370
6915.500	0.9354
6916.400	0.9304
6917.300	0.9316
6918.200	0.9475
6919.100	0.9656
6920.000	0.9737
6920.900	0.9741
6921.800	0.9701
6922.700	0.9572
6923.600	0.9364
6924.500	0.9194
6925.400	0.9171
6926.300	0.9325
6927.200	0.9549
6928.100	0.9664
6929.000	0.9666
6929.900	0.9637
6930.800	0.9594
6931.700	0.9525
6932.600	0.9421
6933.500	0.9370
6934.400	0.9456
6935.300	0.9557
6936.200	0.9568
6937.100	0.9522
6938.000	0.9463
6938.900	0.9430
6939.800	0.9435
6940.700	0.9477
6941.600	0.9524
6942.500	0.9524
6943.400	0.9456
6944.300	0.9341
6945.200	0.9276
6946.100	0.9316
6947.000	0.9388
6947.900	0.9451
6948.800	0.9528
6949.700	0.9551
6950.600	0.9479
6951.500	0.9411
6952.400	0.9442
6953.300	0.9498
6954.200	0.9519
6955.100	0.9501
6956.000	0.9471
6956.900	0.9503
6957.800	0.9565
6958.700	0.9562
6959.600	0.9496
6960.500	0.9462
6961.400	0.9486
6962.300	0.9529
6963.200	0.9555
6964.100	0.9527
6965.000	0.9472
6965.900	0.9466
6966.800	0.9541
6967.700	0.9638
6968.600	0.9674
6969.500	0.9651
6970.400	0.9596
6971.300	0.9556
6972.200	0.9572
6973.100	0.9602
6974.000	0.9567
6974.900	0.9466
6975.800	0.9335
6976.700	0.9129
6977.600	0.8808
6978.500	0.8561
6979.400	0.8669
6980.300	0.9061
6981.200	0.9403
6982.100	0.9566
6983.000	0.9645
6983.900	0.9671
6984.800	0.9651
6985.700	0.9594
6986.600	0.9491
6987.500	0.9376
6988.400	0.9302
6989.300	0.9312
6990.200	0.9410
6991.100	0.9508
6992.000	0.9543
6992.900	0.9522
6993.800	0.9493
6994.700	0.9495
6995.600	0.9502
6996.500	0.9484
6997.400	0.9447
6998.300	0.9344
6999.200	0.9158
7000.100	0.9061
7001.000	0.9150
7001.900	0.9283
7002.800	0.9294
7003.700	0.9192
7004.600	0.9089
7005.500	0.9047
7006.400	0.9071
7007.300	0.9136
7008.200	0.9218
7009.100	0.9267
7010.000	0.9232
7010.900	0.9156
7011.800	0.9144
7012.700	0.9225
7013.600	0.9282
7014.500	0.9154
7015.400	0.8812
7016.300	0.8555
7017.200	0.8713
7018.100	0.9114
7019.000	0.9404
7019.900	0.9506
7020.800	0.9461
7021.700	0.9270
7022.600	0.8992
7023.500	0.8816
7024.400	0.8857
7025.300	0.9013
7026.200	0.9126
7027.100	0.9143
7028.000	0.9123
7028.900	0.9137
7029.800	0.9166
7030.700	0.9182
7031.600	0.9181
7032.500	0.9174
7033.400	0.9158
7034.300	0.9111
7035.200	0.9089
7036.100	0.9123
7037.000	0.9076
7037.900	0.8900
7038.800	0.8814
7039.700	0.8973
7040.600	0.9257
7041.500	0.9497
7042.400	0.9620
7043.300	0.9620
7044.200	0.9548
7045.100	0.9494
7046.000	0.9496
7046.900	0.9539
7047.800	0.9578
7048.700	0.9577
7049.600	0.9531
7050.500	0.9454
7051.400	0.9342
7052.300	0.9201
7053.200	0.9146
7054.100	0.9225
7055.000	0.9321
7055.900	0.9363
7056.800	0.9375
7057.700	0.9366
7058.600	0.9297
7059.500	0.9169
7060.400	0.9071
7061.300	0.9071
7062.200	0.9112
7063.100	0.9157
7064.000	0.9256
7064.900	0.9362
7065.800	0.9351
7066.700	0.9193
7067.600	0.8977
7068.500	0.8871
7069.400	0.8980
7070.300	0.9187
7071.200	0.9293
7072.100	0.9313
7073.000	0.9349
7073.900	0.9395
7074.800	0.9404
7075.700	0.9411
7076.600	0.9436
7077.500	0.9441
7078.400	0.9406
7079.300	0.9379
7080.200	0.9400
7081.100	0.9422
7082.000	0.9373
7082.900	0.9214
7083.800	0.8989
7084.700	0.8846
7085.600	0.8885
7086.500	0.9037
7087.400	0.9161
7088.300	0.9171
7089.200	0.9071
7090.100	0.8962
7091.000	0.8962
7091.900	0.9064
7092.800	0.9153
7093.700	0.9206
7094.600	0.9215
7095.500	0.9165
7096.400	0.9115
7097.300	0.9110
7098.200	0.9156
7099.100	0.9223
7100.000	0.9269
7100.900	0.9254
7101.800	0.9192
7102.700	0.9156
7103.600	0.9185
7104.500	0.9265
7105.400	0.9328
7106.300	0.9300
7107.200	0.9226
7108.100	0.9190
7109.000	0.9187
7109.900	0.9145
7110.800	0.9052
7111.700	0.8986
7112.600	0.9006
7113.500	0.9097
7114.400	0.9196
7115.300	0.9246
7116.200	0.9255
7117.100	0.9223
7118.000	0.9158
7118.900	0.9111
7119.800	0.9102
7120.700	0.9053
7121.600	0.8909
7122.500	0.8828
7123.400	0.8969
7124.300	0.9187
7125.200	0.9298
7126.100	0.9279
7127.000	0.9226
7127.900	0.9268
7128.800	0.9256
7129.700	0.9142
7130.600	0.8964
7131.500	0.8949
7132.400	0.9131
7133.300	0.9308
7134.200	0.9438
7135.100	0.9524
7136.000	0.9531
7136.900	0.9507
7137.800	0.9470
7138.700	0.9393
7139.600	0.9341
7140.500	0.9375
7141.400	0.9422
7142.300	0.9407
7143.200	0.9381
7144.100	0.9377
7145.000	0.9371
7145.900	0.9304
7146.800	0.9056
7147.700	0.8690
7148.600	0.8608
7149.500	0.8939
7150.400	0.9284
7151.300	0.9413
7152.200	0.9445
7153.100	0.9475
7154.000	0.9480
7154.900	0.9447
7155.800	0.9439
7156.700	0.9502
7157.600	0.9548
7158.500	0.9499
7159.400	0.9416
7160.300	0.9361
7161.200	0.9364
7162.100	0.9347
7163.000	0.9159
7163.900	0.8830
7164.800	0.8606
7165.700	0.8675
7166.600	0.8937
7167.500	0.9193
7168.400	0.9305
7169.300	0.9264
7170.200	0.9191
7171.100	0.9181
7172.000	0.9228
7172.900	0.9296
7173.800	0.9338
7174.700	0.9258
7175.600	0.9064
7176.500	0.8940
7177.400	0.9020
7178.300	0.9184
7179.200	0.9142
7180.100	0.8862
7181.000	0.8642
7181.900	0.8699
7182.800	0.8945
7183.700	0.9127
7184.600	0.9147
7185.500	0.9037
7186.400	0.8789
7187.300	0.8509
7188.200	0.8473
7189.100	0.8620
7190.000	0.8779
7190.900	0.8938
7191.800	0.9008
7192.700	0.8958
7193.600	0.8949
7194.500	0.9042
7195.400	0.9102
7196.300	0.9048
7197.200	0.9020
7198.100	0.9123
7199.000	0.9262
7199.900	0.9312
7200.800	0.9218
7201.700	0.8995
7202.600	0.8886
7203.500	0.9056
7204.400	0.9304
7205.300	0.9323
7206.200	0.8970
7207.100	0.8506
7208.000	0.8389
7208.900	0.8588
7209.800	0.8831
7210.700	0.9064
7211.600	0.9208
7212.500	0.9206
7213.400	0.9158
7214.300	0.9123
7215.200	0.9068
7216.100	0.9036
7217.000	0.9091
7217.900	0.9182
7218.800	0.9192
7219.700	0.9128
7220.600	0.9079
7221.500	0.9096
7222.400	0.9115
7223.300	0.9086
7224.200	0.9120
7225.100	0.9220
7226.000	0.9232
7226.900	0.9186
7227.800	0.9146
7228.700	0.9089
7229.600	0.9066
7230.500	0.9111
7231.400	0.9175
7232.300	0.9232
7233.200	0.9269
7234.100	0.9241
7235.000	0.9181
7235.900	0.9155
7236.800	0.9139
7237.700	0.9079
7238.600	0.8953
7239.500	0.8833
7240.400	0.8866
7241.300	0.9044
7242.200	0.9128
7243.100	0.9060
7244.000	0.8939
7244.900	0.8841
7245.800	0.8864
7246.700	0.9002
7247.600	0.9120
7248.500	0.9160
7249.400	0.9108
7250.300	0.8953
7251.200	0.8779
7252.100	0.8759
7253.000	0.8922
7253.900	0.9062
7254.800	0.9048
7255.700	0.9008
7256.600	0.9020
7257.500	0.9080
7258.400	0.9132
7259.300	0.9092
7260.200	0.8912
7261.100	0.8672
7262.000	0.8607
7262.900	0.8831
7263.800	0.9113
7264.700	0.9268
7265.600	0.9333
7266.500	0.9345
7267.400	0.9295
7268.300	0.9232
7269.200	0.9209
7270.100	0.9212
7271.000	0.9216
7271.900	0.9224
7272.800	0.9261
7273.700	0.9281
7274.600	0.9238
7275.500	0.9202
7276.400	0.9222
7277.300	0.9246
7278.200	0.9234
7279.100	0.9202
7280.000	0.9193
7280.900	0.9180
7281.800	0.9087
7282.700	0.8943
7283.600	0.8816
7284.500	0.8742
7285.400	0.8764
7286.300	0.8846
7287.200	0.8851
7288.100	0.8688
7289.000	0.8518
7289.900	0.8546
7290.800	0.8653
7291.700	0.8621
7292.600	0.8532
7293.500	0.8569
7294.400	0.8728
7295.300	0.8902
7296.200	0.9028
7297.100	0.9082
7298.000	0.9085
7298.900	0.9068
7299.800	0.9022
7300.700	0.8961
7301.600	0.8942
7302.500	0.8985
7303.400	0.9060
7304.300	0.9104
7305.200	0.9061
7306.100	0.8939
7307.000	0.8829
7307.900	0.8819
7308.800	0.8899
7309.700	0.8943
7310.600	0.8855
7311.500	0.8777
7312.400	0.8852
7313.300	0.8956
7314.200	0.8963
7315.100	0.8918
7316.000	0.8894
7316.900	0.8899
7317.800	0.8924
7318.700	0.8954
7319.600	0.8943
7320.500	0.8888
7321.400	0.8879
7322.300	0.8925
7323.200	0.8941
7324.100	0.8855
7325.000	0.8613
7325.900	0.8345
7326.800	0.8322
7327.700	0.8570
7328.600	0.8809
7329.500	0.8901
7330.400	0.8898
7331.300	0.8871
7332.200	0.8862
7333.100	0.8871
7334.000	0.8901
7334.900	0.8948
7335.800	0.9004
7336.700	0.9057
7337.600	0.9085
7338.500	0.9090
7339.400	0.9097
7340.300	0.9104
7341.200	0.9093
7342.100	0.9041
7343.000	0.8953
7343.900	0.8851
7344.800	0.8803
7345.700	0.8853
7346.600	0.8945
7347.500	0.9010
7348.400	0.9028
7349.300	0.8968
7350.200	0.8828
7351.100	0.8674
7352.000	0.8637
7352.900	0.8718
7353.800	0.8757
7354.700	0.8652
7355.600	0.8478
7356.500	0.8417
7357.400	0.8510
7358.300	0.8654
7359.200	0.8760
7360.100	0.8753
7361.000	0.8600
7361.900	0.8414
7362.800	0.8334
7363.700	0.8386
7364.600	0.8504
7365.500	0.8606
7366.400	0.8650
7367.300	0.8662
7368.200	0.8690
7369.100	0.8728
7370.000	0.8757
7370.900	0.8802
7371.800	0.8846
7372.700	0.8837
7373.600	0.8752
7374.500	0.8658
7375.400	0.8598
7376.300	0.8580
7377.200	0.8644
7378.100	0.8744
7379.000	0.8802
7379.900	0.8766
7380.800	0.8655
7381.700	0.8534
7382.600	0.8463
7383.500	0.8436
7384.400	0.8381
7385.300	0.8233
7386.200	0.8046
7387.100	0.7916
7388.000	0.7842
7388.900	0.7809
7389.800	0.7901
7390.700	0.8123
7391.600	0.8279
7392.500	0.8241
7393.400	0.8136
7394.300	0.8126
7395.200	0.8208
7396.100	0.8279
7397.000	0.8317
7397.900	0.8302
7398.800	0.8203
7399.700	0.8039
7400.600	0.7928
7401.500	0.7984
7402.400	0.8167
7403.300	0.8344
7404.200	0.8417
7405.100	0.8372
7406.000	0.8302
7406.900	0.8283
7407.800	0.8250
7408.700	0.8114
7409.600	0.7918
7410.500	0.7785
7411.400	0.7591
7412.300	0.5835
7413.200	0.2064
7414.100	0.0214
7415.000	0.0005
7415.900	0.0000
7416.800	0.0000
7417.700	0.0000
7418.600	0.0000
7419.500	0.0000
7420.400	0.0000
7421.300	0.0000
7422.200	0.0000
7423.100	0.0000
7424.000	0.0000
7424.900	0.0000
7425.800	0.0000
7426.700	0.0000
7427.600	0.0000
7428.500	0.0000
