3500.000	0.0000
3500.900	0.0000
3501.800	0.0000
3502.700	0.0000
3503.600	0.0000
3504.500	0.0000
3505.400	0.0000
3506.300	0.0000
3507.200	0.0000
3508.100	0.0000
3509.000	0.0000
3509.900	0.0000
3510.800	0.0000
3511.700	0.0000
3512.600	0.0000
3513.500	0.0000
3514.400	0.0000
3515.300	0.0000
3516.200	0.0000
3517.100	0.0000
3518.000	0.0000
3518.900	0.0000
3519.800	0.0000
3520.700	0.0000
3521.600	0.0000
3522.500	0.0000
3523.400	0.0000
3524.300	0.0000
3525.200	0.0000
3526.100	0.0000
3527.000	0.0000
3527.900	0.0000
3528.800	0.0000
3529.700	0.0000
3530.600	0.0000
3531.500	0.0000
3532.400	0.0000
3533.300	0.0000
3534.200	0.0000
3535.100	0.0014
3536.000	0.0433
3536.900	0.0432
3537.800	0.0452
3538.700	0.0494
3539.600	0.0515
3540.500	0.0459
3541.400	0.0412
3542.300	0.0434
3543.200	0.0465
3544.100	0.0474
3545.000	0.0475
3545.900	0.0463
3546.800	0.0424
3547.700	0.0374
3548.600	0.0363
3549.500	0.0391
3550.400	0.0403
3551.300	0.0374
3552.200	0.0324
3553.100	0.0301
3554.000	0.0357
3554.900	0.0426
3555.800	0.0460
3556.700	0.0461
3557.600	0.0428
3558.500	0.0414
3559.400	0.0440
3560.300	0.0453
3561.200	0.0438
3562.100	0.0428
3563.000	0.0433
3563.900	0.0376
3564.800	0.0309
3565.700	0.0245
3566.600	0.0255
3567.500	0.0286
3568.400	0.0286
3569.300	0.0275
3570.200	0.0266
3571.100	0.0195
3572.000	0.0191
3572.900	0.0225
3573.800	0.0282
3574.700	0.0304
3575.600	0.0271
3576.500	0.0230
3577.400	0.0236
3578.300	0.0242
3579.200	0.0230
3580.100	0.0244
3581.000	0.0244
3581.900	0.0228
3582.800	0.0272
3583.700	0.0323
3584.600	0.0295
3585.500	0.0224
3586.400	0.0196
3587.300	0.0205
3588.200	0.0212
3589.100	0.0213
3590.000	0.0230
3590.900	0.0277
3591.800	0.0333
3592.700	0.0352
3593.600	0.0301
3594.500	0.0249
3595.400	0.0268
3596.300	0.0353
3597.200	0.0434
3598.100	0.0469
3599.000	0.0504
3599.900	0.0539
3600.800	0.0509
3601.700	0.0416
3602.600	0.0326
3603.500	0.0284
3604.400	0.0276
3605.300	0.0275
3606.200	0.0297
3607.100	0.0329
3608.000	0.0307
3608.900	0.0224
3609.800	0.0150
3610.700	0.0134
3611.600	0.0164
3612.500	0.0187
3613.400	0.0199
3614.300	0.0241
3615.200	0.0304
3616.100	0.0339
3617.000	0.0323
3617.900	0.0262
3618.800	0.0184
3619.700	0.0148
3620.600	0.0193
3621.500	0.0285
3622.400	0.0366
3623.300	0.0389
3624.200	0.0351
3625.100	0.0348
3626.000	0.0447
3626.900	0.0532
3627.800	0.0504
3628.700	0.0448
3629.600	0.0392
3630.500	0.0293
3631.400	0.0193
3632.300	0.0175
3633.200	0.0216
3634.100	0.0228
3635.000	0.0216
3635.900	0.0237
3636.800	0.0282
3637.700	0.0344
3638.600	0.0414
3639.500	0.0468
3640.400	0.0484
3641.300	0.0445
3642.200	0.0373
3643.100	0.0330
3644.000	0.0315
3644.900	0.0282
3645.800	0.0257
3646.700	0.0250
3647.600	0.0226
3648.500	0.0188
3649.400	0.0169
3650.300	0.0191
3651.200	0.0228
3652.100	0.0248
3653.000	0.0274
3653.900	0.0317
3654.800	0.0344
3655.700	0.0356
3656.600	0.0378
3657.500	0.0418
3658.400	0.0460
3659.300	0.0451
3660.200	0.0394
3661.100	0.0351
3662.000	0.0335
3662.900	0.0316
3663.800	0.0293
3664.700	0.0329
3665.600	0.0408
3666.500	0.0428
3667.400	0.0394
3668.300	0.0344
3669.200	0.0267
3670.100	0.0210
3671.000	0.0233
3671.900	0.0309
3672.800	0.0382
3673.700	0.0401
3674.600	0.0378
3675.500	0.0385
3676.400	0.0385
3677.300	0.0359
3678.200	0.0341
3679.100	0.0304
3680.000	0.0238
3680.900	0.0230
3681.800	0.0282
3682.700	0.0313
3683.600	0.0305
3684.500	0.0280
3685.400	0.0247
3686.300	0.0217
3687.200	0.0188
3688.100	0.0158
3689.000	0.0160
3689.900	0.0222
3690.800	0.0341
3691.700	0.0431
3692.600	0.0403
3693.500	0.0308
3694.400	0.0255
3695.300	0.0263
3696.200	0.0296
3697.100	0.0324
3698.000	0.0350
3698.900	0.0390
3699.800	0.0429
3700.700	0.0419
3701.600	0.0373
3702.500	0.0339
3703.400	0.0299
3704.300	0.0229
3705.200	0.0164
3706.100	0.0145
3707.000	0.0159
3707.900	0.0164
3708.800	0.0155
3709.700	0.0173
3710.600	0.0230
3711.500	0.0298
3712.400	0.0358
3713.300	0.0416
3714.200	0.0443
3715.100	0.0408
3716.000	0.0347
3716.900	0.0315
3717.800	0.0295
3718.700	0.0246
3719.600	0.0171
3720.500	0.0123
3721.400	0.0121
3722.300	0.0139
3723.200	0.0183
3724.100	0.0240
3725.000	0.0285
3725.900	0.0315
3726.800	0.0298
3727.700	0.0242
3728.600	0.0216
3729.500	0.0230
3730.400	0.0225
3731.300	0.0191
3732.200	0.0157
3733.100	0.0124
3734.000	0.0103
3734.900	0.0101
3735.800	0.0104
3736.700	0.0107
3737.600	0.0121
3738.500	0.0161
3739.400	0.0212
3740.300	0.0260
3741.200	0.0274
3742.100	0.0240
3743.000	0.0203
3743.900	0.0185
3744.800	0.0171
3745.700	0.0144
3746.600	0.0127
3747.500	0.0122
3748.400	0.0104
3749.300	0.0095
3750.200	0.0127
3751.100	0.0191
3752.000	0.0240
3752.900	0.0252
3753.800	0.0289
3754.700	0.0349
3755.600	0.0365
3756.500	0.0328
3757.400	0.0257
3758.300	0.0178
3759.200	0.0134
3760.100	0.0140
3761.000	0.0168
3761.900	0.0194
3762.800	0.0207
3763.700	0.0208
3764.600	0.0214
3765.500	0.0228
3766.400	0.0224
3767.300	0.0205
3768.200	0.0217
3769.100	0.0271
3770.000	0.0303
3770.900	0.0295
3771.800	0.0298
3772.700	0.0330
3773.600	0.0344
3774.500	0.0304
3775.400	0.0254
3776.300	0.0247
3777.200	0.0261
3778.100	0.0264
3779.000	0.0283
3779.900	0.0332
3780.800	0.0366
3781.700	0.0367
3782.600	0.0358
3783.500	0.0353
3784.400	0.0354
3785.300	0.0339
3786.200	0.0284
3787.100	0.0221
3788.000	0.0186
3788.900	0.0174
3789.800	0.0172
3790.700	0.0183
3791.600	0.0207
3792.500	0.0222
3793.400	0.0206
3794.300	0.0178
3795.200	0.0172
3796.100	0.0187
3797.000	0.0197
3797.900	0.0179
3798.800	0.0150
3799.700	0.0157
3800.600	0.0203
3801.500	0.0248
3802.400	0.0274
3803.300	0.0287
3804.200	0.0300
3805.100	0.0300
3806.000	0.0269
3806.900	0.0220
3807.800	0.0186
3808.700	0.0195
3809.600	0.0225
3810.500	0.0249
3811.400	0.0259
3812.300	0.0253
3813.200	0.0229
3814.100	0.0196
3815.000	0.0175
3815.900	0.0169
3816.800	0.0181
3817.700	0.0198
3818.600	0.0198
3819.500	0.0171
3820.400	0.0132
3821.300	0.0125
3822.200	0.0154
3823.100	0.0165
3824.000	0.0136
3824.900	0.0106
3825.800	0.0106
3826.700	0.0128
3827.600	0.0149
3828.500	0.0161
3829.400	0.0171
3830.300	0.0185
3831.200	0.0187
3832.100	0.0162
3833.000	0.0131
3833.900	0.0127
3834.800	0.0143
3835.700	0.0161
3836.600	0.0178
3837.500	0.0186
3838.400	0.0178
3839.300	0.0163
3840.200	0.0150
3841.100	0.0148
3842.000	0.0168
3842.900	0.0198
3843.800	0.0220
3844.700	0.0230
3845.600	0.0228
3846.500	0.0224
3847.400	0.0225
3848.300	0.0220
3849.200	0.0198
3850.100	0.0167
3851.000	0.0166
3851.900	0.0196
3852.800	0.0219
3853.700	0.0222
3854.600	0.0217
3855.500	0.0199
3856.400	0.0172
3857.300	0.0156
3858.200	0.0151
3859.100	0.0136
3860.000	0.0114
3860.900	0.0119
3861.800	0.0156
3862.700	0.0198
3863.600	0.0217
3864.500	0.0208
3865.400	0.0188
3866.300	0.0188
3867.200	0.0203
3868.100	0.0214
3869.000	0.0216
3869.900	0.0210
3870.800	0.0201
3871.700	0.0182
3872.600	0.0148
3873.500	0.0138
3874.400	0.0165
3875.300	0.0195
3876.200	0.0194
3877.100	0.0167
3878.000	0.0139
3878.900	0.0131
3879.800	0.0159
3880.700	0.0182
3881.600	0.0170
3882.500	0.0173
3883.400	0.0219
3884.300	0.0268
3885.200	0.0252
3886.100	0.0185
3887.000	0.0145
3887.900	0.0158
3888.800	0.0182
3889.700	0.0195
3890.600	0.0219
3891.500	0.0272
3892.400	0.0338
3893.300	0.0351
3894.200	0.0294
3895.100	0.0223
3896.000	0.0200
3896.900	0.0233
3897.800	0.0258
3898.700	0.0239
3899.600	0.0208
3900.500	0.0214
3901.400	0.0267
3902.300	0.0307
3903.200	0.0304
3904.100	0.0298
3905.000	0.0287
3905.900	0.0246
3906.800	0.0203
3907.700	0.0203
3908.600	0.0249
3909.500	0.0305
3910.400	0.0346
3911.300	0.0357
3912.200	0.0338
3913.100	0.0310
3914.000	0.0299
3914.900	0.0309
3915.800	0.0305
3916.700	0.0274
3917.600	0.0249
3918.500	0.0241
3919.400	0.0224
3920.300	0.0192
3921.200	0.0178
3922.100	0.0186
3923.000	0.0192
3923.900	0.0196
3924.800	0.0207
3925.700	0.0205
3926.600	0.0186
3927.500	0.0159
3928.400	0.0137
3929.300	0.0121
3930.200	0.0105
3931.100	0.0090
3932.000	0.0083
3932.900	0.0082
3933.800	0.0081
3934.700	0.0081
3935.600	0.0086
3936.500	0.0095
3937.400	0.0107
3938.300	0.0126
3939.200	0.0146
3940.100	0.0156
3941.000	0.0159
3941.900	0.0162
3942.800	0.0169
3943.700	0.0173
3944.600	0.0183
3945.500	0.0216
3946.400	0.0256
3947.300	0.0265
3948.200	0.0241
3949.100	0.0222
3950.000	0.0235
3950.900	0.0263
3951.800	0.0275
3952.700	0.0270
3953.600	0.0287
3954.500	0.0339
3955.400	0.0359
3956.300	0.0313
3957.200	0.0268
3958.100	0.0266
3959.000	0.0287
3959.900	0.0300
3960.800	0.0280
3961.700	0.0227
3962.600	0.0185
3963.500	0.0172
3964.400	0.0161
3965.300	0.0143
3966.200	0.0124
3967.100	0.0110
3968.000	0.0099
3968.900	0.0087
3969.800	0.0086
3970.700	0.0100
3971.600	0.0121
3972.500	0.0143
3973.400	0.0158
3974.300	0.0175
3975.200	0.0209
3976.100	0.0244
3977.000	0.0263
3977.900	0.0283
3978.800	0.0306
3979.700	0.0333
3980.600	0.0358
3981.500	0.0350
3982.400	0.0315
3983.300	0.0308
3984.200	0.0352
3985.100	0.0418
3986.000	0.0466
3986.900	0.0475
3987.800	0.0468
3988.700	0.0462
3989.600	0.0440
3990.500	0.0412
3991.400	0.0409
3992.300	0.0432
3993.200	0.0463
3994.100	0.0461
3995.000	0.0415
3995.900	0.0372
3996.800	0.0357
3997.700	0.0350
3998.600	0.0376
3999.500	0.0474
4000.400	0.0579
4001.300	0.0622
4002.200	0.0626
4003.100	0.0617
4004.000	0.0570
4004.900	0.0486
4005.800	0.0425
4006.700	0.0438
4007.600	0.0487
4008.500	0.0512
4009.400	0.0515
4010.300	0.0521
4011.200	0.0522
4012.100	0.0511
4013.000	0.0523
4013.900	0.0555
4014.800	0.0595
4015.700	0.0659
4016.600	0.0692
4017.500	0.0650
4018.400	0.0599
4019.300	0.0597
4020.200	0.0582
4021.100	0.0526
4022.000	0.0484
4022.900	0.0470
4023.800	0.0453
4024.700	0.0453
4025.600	0.0528
4026.500	0.0635
4027.400	0.0700
4028.300	0.0747
4029.200	0.0764
4030.100	0.0656
4031.000	0.0475
4031.900	0.0376
4032.800	0.0362
4033.700	0.0366
4034.600	0.0406
4035.500	0.0510
4036.400	0.0636
4037.300	0.0725
4038.200	0.0745
4039.100	0.0708
4040.000	0.0648
4040.900	0.0580
4041.800	0.0553
4042.700	0.0580
4043.600	0.0574
4044.500	0.0482
4045.400	0.0370
4046.300	0.0351
4047.200	0.0467
4048.100	0.0610
4049.000	0.0662
4049.900	0.0647
4050.800	0.0657
4051.700	0.0691
4052.600	0.0692
4053.500	0.0645
4054.400	0.0575
4055.300	0.0527
4056.200	0.0515
4057.100	0.0505
4058.000	0.0491
4058.900	0.0502
4059.800	0.0546
4060.700	0.0597
4061.600	0.0602
4062.500	0.0521
4063.400	0.0406
4064.300	0.0385
4065.200	0.0495
4066.100	0.0594
4067.000	0.0574
4067.900	0.0532
4068.800	0.0585
4069.700	0.0672
4070.600	0.0659
4071.500	0.0546
4072.400	0.0476
4073.300	0.0528
4074.200	0.0601
4075.100	0.0574
4076.000	0.0465
4076.900	0.0356
4077.800	0.0305
4078.700	0.0336
4079.600	0.0418
4080.500	0.0518
4081.400	0.0612
4082.300	0.0635
4083.200	0.0594
4084.100	0.0581
4085.000	0.0589
4085.900	0.0568
4086.800	0.0576
4087.700	0.0670
4088.600	0.0779
4089.500	0.0815
4090.400	0.0795
4091.300	0.0783
4092.200	0.0783
4093.100	0.0801
4094.000	0.0834
4094.900	0.0811
4095.800	0.0721
4096.700	0.0660
4097.600	0.0677
4098.500	0.0700
4099.400	0.0664
4100.300	0.0560
4101.200	0.0442
4102.100	0.0416
4103.000	0.0500
4103.900	0.0609
4104.800	0.0691
4105.700	0.0755
4106.600	0.0778
4107.500	0.0736
4108.400	0.0661
4109.300	0.0579
4110.200	0.0515
4111.100	0.0507
4112.000	0.0531
4112.900	0.0556
4113.800	0.0583
4114.700	0.0607
4115.600	0.0634
4116.500	0.0656
4117.400	0.0646
4118.300	0.0584
4119.200	0.0516
4120.100	0.0502
4121.000	0.0501
4121.900	0.0482
4122.800	0.0479
4123.700	0.0516
4124.600	0.0581
4125.500	0.0625
4126.400	0.0616
4127.300	0.0584
4128.200	0.0554
4129.100	0.0528
4130.000	0.0512
4130.900	0.0514
4131.800	0.0502
4132.700	0.0461
4133.600	0.0432
4134.500	0.0444
4135.400	0.0519
4136.300	0.0614
4137.200	0.0643
4138.100	0.0632
4139.000	0.0644
4139.900	0.0650
4140.800	0.0625
4141.700	0.0579
4142.600	0.0498
4143.500	0.0405
4144.400	0.0395
4145.300	0.0498
4146.200	0.0606
4147.100	0.0630
4148.000	0.0591
4148.900	0.0532
4149.800	0.0479
4150.700	0.0474
4151.600	0.0502
4152.500	0.0513
4153.400	0.0507
4154.300	0.0506
4155.200	0.0510
4156.100	0.0510
4157.000	0.0522
4157.900	0.0567
4158.800	0.0621
4159.700	0.0653
4160.600	0.0663
4161.500	0.0674
4162.400	0.0701
4163.300	0.0700
4164.200	0.0640
4165.100	0.0595
4166.000	0.0605
4166.900	0.0621
4167.800	0.0622
4168.700	0.0631
4169.600	0.0649
4170.500	0.0653
4171.400	0.0603
4172.300	0.0494
4173.200	0.0389
4174.100	0.0351
4175.000	0.0384
4175.900	0.0431
4176.800	0.0448
4177.700	0.0449
4178.600	0.0469
4179.500	0.0516
4180.400	0.0554
4181.300	0.0551
4182.200	0.0543
4183.100	0.0572
4184.000	0.0621
4184.900	0.0676
4185.800	0.0694
4186.700	0.0627
4187.600	0.0545
4188.500	0.0549
4189.400	0.0596
4190.300	0.0587
4191.200	0.0550
4192.100	0.0577
4193.000	0.0654
4193.900	0.0701
4194.800	0.0668
4195.700	0.0579
4196.600	0.0505
4197.500	0.0475
4198.400	0.0466
4199.300	0.0470
4200.200	0.0494
4201.100	0.0510
4202.000	0.0495
4202.900	0.0485
4203.800	0.0494
4204.700	0.0493
4205.600	0.0486
4206.500	0.0511
4207.400	0.0581
4208.300	0.0661
4209.200	0.0699
4210.100	0.0688
4211.000	0.0686
4211.900	0.0713
4212.800	0.0710
4213.700	0.0647
4214.600	0.0534
4215.500	0.0440
4216.400	0.0509
4217.300	0.0754
4218.200	0.0998
4219.100	0.1104
4220.000	0.1094
4220.900	0.1067
4221.800	0.1019
4222.700	0.0878
4223.600	0.0715
4224.500	0.0609
4225.400	0.0503
4226.300	0.0367
4227.200	0.0321
4228.100	0.0471
4229.000	0.0722
4229.900	0.0910
4230.800	0.1015
4231.700	0.1014
4232.600	0.0831
4233.500	0.0613
4234.400	0.0570
4235.300	0.0641
4236.200	0.0673
4237.100	0.0672
4238.000	0.0680
4238.900	0.0688
4239.800	0.0710
4240.700	0.0765
4241.600	0.0854
4242.500	0.0942
4243.400	0.1027
4244.300	0.1106
4245.200	0.1084
4246.100	0.0922
4247.000	0.0749
4247.900	0.0694
4248.800	0.0744
4249.700	0.0763
4250.600	0.0697
4251.500	0.0675
4252.400	0.0753
4253.300	0.0801
4254.200	0.0744
4255.100	0.0690
4256.000	0.0748
4256.900	0.0861
4257.800	0.0881
4258.700	0.0797
4259.600	0.0719
4260.500	0.0703
4261.400	0.0771
4262.300	0.0911
4263.200	0.1033
4264.100	0.1094
4265.000	0.1160
4265.900	0.1242
4266.800	0.1237
4267.700	0.1132
4268.600	0.1025
4269.500	0.0934
4270.400	0.0786
4271.300	0.0590
4272.200	0.0499
4273.100	0.0576
4274.000	0.0672
4274.900	0.0706
4275.800	0.0807
4276.700	0.0989
4277.600	0.1137
4278.500	0.1187
4279.400	0.1115
4280.300	0.0962
4281.200	0.0848
4282.100	0.0837
4283.000	0.0885
4283.900	0.0926
4284.800	0.0895
4285.700	0.0813
4286.600	0.0771
4287.500	0.0770
4288.400	0.0735
4289.300	0.0610
4290.200	0.0466
4291.100	0.0434
4292.000	0.0555
4292.900	0.0754
4293.800	0.0857
4294.700	0.0831
4295.600	0.0818
4296.500	0.0837
4297.400	0.0819
4298.300	0.0734
4299.200	0.0577
4300.100	0.0452
4301.000	0.0463
4301.900	0.0536
4302.800	0.0573
4303.700	0.0616
4304.600	0.0668
4305.500	0.0654
4306.400	0.0602
4307.300	0.0552
4308.200	0.0497
4309.100	0.0503
4310.000	0.0623
4310.900	0.0816
4311.800	0.0971
4312.700	0.0999
4313.600	0.0900
4314.500	0.0793
4315.400	0.0894
4316.300	0.1220
4317.200	0.1498
4318.100	0.1557
4319.000	0.1482
4319.900	0.1384
4320.800	0.1278
4321.700	0.1205
4322.600	0.1198
4323.500	0.1161
4324.400	0.0997
4325.300	0.0748
4326.200	0.0615
4327.100	0.0789
4328.000	0.1165
4328.900	0.1421
4329.800	0.1378
4330.700	0.1207
4331.600	0.1175
4332.500	0.1272
4333.400	0.1334
4334.300	0.1398
4335.200	0.1549
4336.100	0.1582
4337.000	0.1282
4337.900	0.0875
4338.800	0.0681
4339.700	0.0625
4340.600	0.0594
4341.500	0.0738
4342.400	0.1048
4343.300	0.1229
4344.200	0.1211
4345.100	0.1217
4346.000	0.1252
4346.900	0.1167
4347.800	0.1128
4348.700	0.1326
4349.600	0.1511
4350.500	0.1358
4351.400	0.0995
4352.300	0.0822
4353.200	0.0985
4354.100	0.1228
4355.000	0.1358
4355.900	0.1491
4356.800	0.1660
4357.700	0.1639
4358.600	0.1348
4359.500	0.1066
4360.400	0.1036
4361.300	0.1202
4362.200	0.1390
4363.100	0.1512
4364.000	0.1592
4364.900	0.1667
4365.800	0.1674
4366.700	0.1525
4367.600	0.1266
4368.500	0.1091
4369.400	0.1126
4370.300	0.1267
4371.200	0.1366
4372.100	0.1375
4373.000	0.1252
4373.900	0.0999
4374.800	0.0761
4375.700	0.0726
4376.600	0.0965
4377.500	0.1337
4378.400	0.1568
4379.300	0.1542
4380.200	0.1432
4381.100	0.1370
4382.000	0.1229
4382.900	0.0914
4383.800	0.0601
4384.700	0.0525
4385.600	0.0712
4386.500	0.0973
4387.400	0.1097
4388.300	0.1038
4389.200	0.0903
4390.100	0.0822
4391.000	0.0866
4391.900	0.1045
4392.800	0.1244
4393.700	0.1275
4394.600	0.1132
4395.500	0.1065
4396.400	0.1243
4397.300	0.1450
4398.200	0.1414
4399.100	0.1195
4400.000	0.0975
4400.900	0.0949
4401.800	0.1249
4402.700	0.1561
4403.600	0.1445
4404.500	0.1026
4405.400	0.0771
4406.300	0.0798
4407.200	0.0834
4408.100	0.0761
4409.000	0.0798
4409.900	0.1041
4410.800	0.1287
4411.700	0.1426
4412.600	0.1516
4413.500	0.1492
4414.400	0.1252
4415.300	0.0970
4416.200	0.0885
4417.100	0.0928
4418.000	0.0994
4418.900	0.1123
4419.800	0.1250
4420.700	0.1245
4421.600	0.1131
4422.500	0.1052
4423.400	0.1103
4424.300	0.1245
4425.200	0.1354
4426.100	0.1333
4427.000	0.1208
4427.900	0.1105
4428.800	0.1100
4429.700	0.1093
4430.600	0.1070
4431.500	0.1152
4432.400	0.1248
4433.300	0.1187
4434.200	0.0999
4435.100	0.0820
4436.000	0.0822
4436.900	0.1068
4437.800	0.1376
4438.700	0.1574
4439.600	0.1608
4440.500	0.1465
4441.400	0.1214
4442.300	0.0954
4443.200	0.0784
4444.100	0.0802
4445.000	0.0992
4445.900	0.1184
4446.800	0.1261
4447.700	0.1351
4448.600	0.1493
4449.500	0.1450
4450.400	0.1239
4451.300	0.1160
4452.200	0.1215
4453.100	0.1214
4454.000	0.1112
4454.900	0.0961
4455.800	0.0876
4456.700	0.0915
4457.600	0.0976
4458.500	0.0963
4459.400	0.0924
4460.300	0.0916
4461.200	0.0877
4462.100	0.0833
4463.000	0.0955
4463.900	0.1181
4464.800	0.1246
4465.700	0.1141
4466.600	0.1047
4467.500	0.1018
4468.400	0.0999
4469.300	0.0981
4470.200	0.0995
4471.100	0.1024
4472.000	0.1121
4472.900	0.1386
4473.800	0.1688
4474.700	0.1784
4475.600	0.1721
4476.500	0.1740
4477.400	0.1845
4478.300	0.1823
4479.200	0.1610
4480.100	0.1356
4481.000	0.1173
4481.900	0.1091
4482.800	0.1172
4483.700	0.1390
4484.600	0.1588
4485.500	0.1708
4486.400	0.1776
4487.300	0.1740
4488.200	0.1548
4489.100	0.1270
4490.000	0.1107
4490.900	0.1205
4491.800	0.1441
4492.700	0.1569
4493.600	0.1473
4494.500	0.1262
4495.400	0.1101
4496.300	0.1039
4497.200	0.1103
4498.100	0.1310
4499.000	0.1543
4499.900	0.1641
4500.800	0.1535
4501.700	0.1417
4502.600	0.1610
4503.500	0.2044
4504.400	0.2310
4505.300	0.2262
4506.200	0.2054
4507.100	0.1846
4508.000	0.1726
4508.900	0.1708
4509.800	0.1771
4510.700	0.1867
4511.600	0.1869
4512.500	0.1724
4513.400	0.1557
4514.300	0.1481
4515.200	0.1493
4516.100	0.1543
4517.000	0.1536
4517.900	0.1452
4518.800	0.1439
4519.700	0.1582
4520.600	0.1819
4521.500	0.1962
4522.400	0.1800
4523.300	0.1495
4524.200	0.1378
4525.100	0.1392
4526.000	0.1317
4526.900	0.1174
4527.800	0.1079
4528.700	0.1070
4529.600	0.1127
4530.500	0.1189
4531.400	0.1279
4532.300	0.1404
4533.200	0.1382
4534.100	0.1156
4535.000	0.0965
4535.900	0.1047
4536.800	0.1413
4537.700	0.1768
4538.600	0.1819
4539.500	0.1621
4540.400	0.1394
4541.300	0.1295
4542.200	0.1403
4543.100	0.1596
4544.000	0.1603
4544.900	0.1419
4545.800	0.1325
4546.700	0.1421
4547.600	0.1536
4548.500	0.1484
4549.400	0.1317
4550.300	0.1308
4551.200	0.1462
4552.100	0.1512
4553.000	0.1367
4553.900	0.1164
4554.800	0.1050
4555.700	0.1106
4556.600	0.1351
4557.500	0.1647
4558.400	0.1800
4559.300	0.1777
4560.200	0.1661
4561.100	0.1590
4562.000	0.1589
4562.900	0.1489
4563.800	0.1301
4564.700	0.1220
4565.600	0.1277
4566.500	0.1439
4567.400	0.1670
4568.300	0.1841
4569.200	0.1896
4570.100	0.1838
4571.000	0.1592
4571.900	0.1359
4572.800	0.1500
4573.700	0.1809
4574.600	0.1857
4575.500	0.1734
4576.400	0.1669
4577.300	0.1624
4578.200	0.1541
4579.100	0.1413
4580.000	0.1303
4580.900	0.1349
4581.800	0.1515
4582.700	0.1575
4583.600	0.1485
4584.500	0.1478
4585.400	0.1583
4586.300	0.1642
4587.200	0.1709
4588.100	0.1832
4589.000	0.1895
4589.900	0.1852
4590.800	0.1729
4591.700	0.1561
4592.600	0.1439
4593.500	0.1387
4594.400	0.1354
4595.300	0.1375
4596.200	0.1471
4597.100	0.1549
4598.000	0.1605
4598.900	0.1708
4599.800	0.1708
4600.700	0.1547
4601.600	0.1442
4602.500	0.1446
4603.400	0.1481
4604.300	0.1520
4605.200	0.1497
4606.100	0.1434
4607.000	0.1511
4607.900	0.1842
4608.800	0.2247
4609.700	0.2437
4610.600	0.2362
4611.500	0.2154
4612.400	0.1940
4613.300	0.1816
4614.200	0.1870
4615.100	0.1987
4616.000	0.1958
4616.900	0.1943
4617.800	0.2091
4618.700	0.2114
4619.600	0.1940
4620.500	0.1946
4621.400	0.2166
4622.300	0.2256
4623.200	0.2202
4624.100	0.2169
4625.000	0.2110
4625.900	0.2020
4626.800	0.2012
4627.700	0.2018
4628.600	0.1869
4629.500	0.1708
4630.400	0.1846
4631.300	0.2198
4632.200	0.2321
4633.100	0.2088
4634.000	0.1850
4634.900	0.1797
4635.800	0.1794
4636.700	0.1759
4637.600	0.1715
4638.500	0.1671
4639.400	0.1620
4640.300	0.1649
4641.200	0.1856
4642.100	0.2067
4643.000	0.2067
4643.900	0.1968
4644.800	0.1874
4645.700	0.1663
4646.600	0.1397
4647.500	0.1299
4648.400	0.1409
4649.300	0.1621
4650.200	0.1804
4651.100	0.1861
4652.000	0.1865
4652.900	0.1917
4653.800	0.1893
4654.700	0.1698
4655.600	0.1477
4656.500	0.1386
4657.400	0.1539
4658.300	0.1946
4659.200	0.2359
4660.100	0.2531
4661.000	0.2420
4661.900	0.2118
4662.800	0.1806
4663.700	0.1680
4664.600	0.1753
4665.500	0.1830
4666.400	0.1689
4667.300	0.1362
4668.200	0.1143
4669.100	0.1179
4670.000	0.1371
4670.900	0.1625
4671.800	0.1840
4672.700	0.1909
4673.600	0.1858
4674.500	0.1804
4675.400	0.1885
4676.300	0.2085
4677.200	0.2186
4678.100	0.2090
4679.000	0.1908
4679.900	0.1732
4680.800	0.1583
4681.700	0.1505
4682.600	0.1602
4683.500	0.1847
4684.400	0.2020
4685.300	0.2030
4686.200	0.1952
4687.100	0.1814
4688.000	0.1718
4688.900	0.1779
4689.800	0.1852
4690.700	0.1805
4691.600	0.1781
4692.500	0.1876
4693.400	0.1976
4694.300	0.2059
4695.200	0.2220
4696.100	0.2405
4697.000	0.2421
4697.900	0.2190
4698.800	0.1877
4699.700	0.1727
4700.600	0.1760
4701.500	0.1819
4702.400	0.1791
4703.300	0.1697
4704.200	0.1677
4705.100	0.1777
4706.000	0.1827
4706.900	0.1711
4707.800	0.1546
4708.700	0.1448
4709.600	0.1457
4710.500	0.1663
4711.400	0.1984
4712.300	0.2150
4713.200	0.2073
4714.100	0.1842
4715.000	0.1632
4715.900	0.1650
4716.800	0.1855
4717.700	0.2033
4718.600	0.2122
4719.500	0.2191
4720.400	0.2263
4721.300	0.2282
4722.200	0.2193
4723.100	0.2106
4724.000	0.2173
4724.900	0.2322
4725.800	0.2358
4726.700	0.2155
4727.600	0.1777
4728.500	0.1511
4729.400	0.1532
4730.300	0.1667
4731.200	0.1722
4732.100	0.1753
4733.000	0.1809
4733.900	0.1881
4734.800	0.2010
4735.700	0.2065
4736.600	0.1931
4737.500	0.1890
4738.400	0.2086
4739.300	0.2198
4740.200	0.2065
4741.100	0.1887
4742.000	0.1837
4742.900	0.1945
4743.800	0.2068
4744.700	0.2035
4745.600	0.1977
4746.500	0.2097
4747.400	0.2254
4748.300	0.2248
4749.200	0.2181
4750.100	0.2242
4751.000	0.2344
4751.900	0.2318
4752.800	0.2219
4753.700	0.2128
4754.600	0.2041
4755.500	0.1974
4756.400	0.1951
4757.300	0.1948
4758.200	0.1920
4759.100	0.1935
4760.000	0.2077
4760.900	0.2192
4761.800	0.2083
4762.700	0.1863
4763.600	0.1735
4764.500	0.1690
4765.400	0.1635
4766.300	0.1626
4767.200	0.1748
4768.100	0.1913
4769.000	0.2099
4769.900	0.2336
4770.800	0.2398
4771.700	0.2174
4772.600	0.1943
4773.500	0.1983
4774.400	0.2256
4775.300	0.2471
4776.200	0.2492
4777.100	0.2472
4778.000	0.2473
4778.900	0.2422
4779.800	0.2342
4780.700	0.2314
4781.600	0.2297
4782.500	0.2187
4783.400	0.2020
4784.300	0.2017
4785.200	0.2131
4786.100	0.2038
4787.000	0.1855
4787.900	0.1872
4788.800	0.1926
4789.700	0.1894
4790.600	0.1931
4791.500	0.2040
4792.400	0.2159
4793.300	0.2323
4794.200	0.2507
4795.100	0.2605
4796.000	0.2527
4796.900	0.2333
4797.800	0.2123
4798.700	0.1917
4799.600	0.1798
4800.500	0.1882
4801.400	0.2167
4802.300	0.2459
4803.200	0.2546
4804.100	0.2404
4805.000	0.2178
4805.900	0.2054
4806.800	0.2033
4807.700	0.1990
4808.600	0.1960
4809.500	0.2058
4810.400	0.2177
4811.300	0.2184
4812.200	0.2177
4813.100	0.2227
4814.000	0.2272
4814.900	0.2252
4815.800	0.2217
4816.700	0.2281
4817.600	0.2395
4818.500	0.2473
4819.400	0.2517
4820.300	0.2511
4821.200	0.2509
4822.100	0.2505
4823.000	0.2298
4823.900	0.2009
4824.800	0.2000
4825.700	0.2231
4826.600	0.2387
4827.500	0.2332
4828.400	0.2175
4829.300	0.2142
4830.200	0.2266
4831.100	0.2235
4832.000	0.1965
4832.900	0.1882
4833.800	0.2149
4834.700	0.2408
4835.600	0.2419
4836.500	0.2337
4837.400	0.2363
4838.300	0.2383
4839.200	0.2222
4840.100	0.1997
4841.000	0.1964
4841.900	0.2126
4842.800	0.2178
4843.700	0.2083
4844.600	0.2144
4845.500	0.2372
4846.400	0.2481
4847.300	0.2343
4848.200	0.2056
4849.100	0.1877
4850.000	0.1986
4850.900	0.2180
4851.800	0.2261
4852.700	0.2332
4853.600	0.2350
4854.500	0.2116
4855.400	0.1788
4856.300	0.1796
4857.200	0.2139
4858.100	0.2327
4859.000	0.2118
4859.900	0.1710
4860.800	0.1347
4861.700	0.1245
4862.600	0.1515
4863.500	0.1820
4864.400	0.1827
4865.300	0.1756
4866.200	0.1833
4867.100	0.1943
4868.000	0.1986
4868.900	0.2046
4869.800	0.2105
4870.700	0.1957
4871.600	0.1663
4872.500	0.1587
4873.400	0.1761
4874.300	0.1869
4875.200	0.1805
4876.100	0.1798
4877.000	0.1968
4877.900	0.2163
4878.800	0.2358
4879.700	0.2552
4880.600	0.2467
4881.500	0.2086
4882.400	0.1842
4883.300	0.1919
4884.200	0.2018
4885.100	0.1907
4886.000	0.1742
4886.900	0.1775
4887.800	0.1958
4888.700	0.2037
4889.600	0.1928
4890.500	0.1719
4891.400	0.1610
4892.300	0.1814
4893.200	0.2199
4894.100	0.2498
4895.000	0.2721
4895.900	0.2883
4896.800	0.2931
4897.700	0.2931
4898.600	0.2836
4899.500	0.2532
4900.400	0.2225
4901.300	0.2194
4902.200	0.2285
4903.100	0.2240
4904.000	0.2170
4904.900	0.2307
4905.800	0.2620
4906.700	0.2816
4907.600	0.2687
4908.500	0.2366
4909.400	0.2056
4910.300	0.1853
4911.200	0.1835
4912.100	0.1972
4913.000	0.2086
4913.900	0.2115
4914.800	0.2217
4915.700	0.2462
4916.600	0.2623
4917.500	0.2471
4918.400	0.2072
4919.300	0.1683
4920.200	0.1459
4921.100	0.1435
4922.000	0.1618
4922.900	0.1846
4923.800	0.1860
4924.700	0.1727
4925.600	0.1799
4926.500	0.2113
4927.400	0.2349
4928.300	0.2449
4929.200	0.2582
4930.100	0.2705
4931.000	0.2752
4931.900	0.2736
4932.800	0.2488
4933.700	0.2025
4934.600	0.1787
4935.500	0.1977
4936.400	0.2220
4937.300	0.2137
4938.200	0.1787
4939.100	0.1509
4940.000	0.1627
4940.900	0.2090
4941.800	0.2442
4942.700	0.2456
4943.600	0.2387
4944.500	0.2414
4945.400	0.2400
4946.300	0.2307
4947.200	0.2305
4948.100	0.2420
4949.000	0.2531
4949.900	0.2629
4950.800	0.2751
4951.700	0.2794
4952.600	0.2667
4953.500	0.2530
4954.400	0.2538
4955.300	0.2594
4956.200	0.2484
4957.100	0.2121
4958.000	0.1784
4958.900	0.1853
4959.800	0.2237
4960.700	0.2506
4961.600	0.2483
4962.500	0.2424
4963.400	0.2518
4964.300	0.2537
4965.200	0.2295
4966.100	0.2015
4967.000	0.1936
4967.900	0.2033
4968.800	0.2184
4969.700	0.2260
4970.600	0.2223
4971.500	0.2219
4972.400	0.2324
4973.300	0.2469
4974.200	0.2634
4975.100	0.2726
4976.000	0.2649
4976.900	0.2498
4977.800	0.2347
4978.700	0.2231
4979.600	0.2212
4980.500	0.2188
4981.400	0.1966
4982.300	0.1609
4983.200	0.1424
4984.100	0.1519
4985.000	0.1686
4985.900	0.1787
4986.800	0.1923
4987.700	0.2128
4988.600	0.2223
4989.500	0.2119
4990.400	0.1977
4991.300	0.2008
4992.200	0.2214
4993.100	0.2297
4994.000	0.2137
4994.900	0.2074
4995.800	0.2218
4996.700	0.2280
4997.600	0.2211
4998.500	0.2113
4999.400	0.1958
5000.300	0.1815
5001.200	0.1805
5002.100	0.1880
5003.000	0.1939
5003.900	0.1947
5004.800	0.1870
5005.700	0.1711
5006.600	0.1644
5007.500	0.1863
5008.400	0.2231
5009.300	0.2390
5010.200	0.2273
5011.100	0.2053
5012.000	0.1790
5012.900	0.1537
5013.800	0.1379
5014.700	0.1379
5015.600	0.1559
5016.500	0.1760
5017.400	0.1799
5018.300	0.1727
5019.200	0.1723
5020.100	0.1848
5021.000	0.1965
5021.900	0.1925
5022.800	0.1849
5023.700	0.1934
5024.600	0.2073
5025.500	0.2157
5026.400	0.2211
5027.300	0.2153
5028.200	0.2083
5029.100	0.2196
5030.000	0.2361
5030.900	0.2422
5031.800	0.2505
5032.700	0.2682
5033.600	0.2793
5034.500	0.2654
5035.400	0.2246
5036.300	0.1869
5037.200	0.1821
5038.100	0.1909
5039.000	0.1801
5039.900	0.1487
5040.800	0.1169
5041.700	0.1155
5042.600	0.1563
5043.500	0.2045
5044.400	0.2332
5045.300	0.2564
5046.200	0.2808
5047.100	0.2854
5048.000	0.2583
5048.900	0.2214
5049.800	0.2021
5050.700	0.1989
5051.600	0.1951
5052.500	0.1978
5053.400	0.2203
5054.300	0.2520
5055.200	0.2752
5056.100	0.2832
5057.000	0.2776
5057.900	0.2689
5058.800	0.2604
5059.700	0.2476
5060.600	0.2462
5061.500	0.2664
5062.400	0.2849
5063.300	0.2733
5064.200	0.2313
5065.100	0.1944
5066.000	0.1939
5066.900	0.2124
5067.800	0.2156
5068.700	0.2079
5069.600	0.2186
5070.500	0.2432
5071.400	0.2452
5072.300	0.2240
5073.200	0.2187
5074.100	0.2315
5075.000	0.2314
5075.900	0.2191
5076.800	0.2201
5077.700	0.2306
5078.600	0.2136
5079.500	0.1650
5080.400	0.1355
5081.300	0.1544
5082.200	0.1866
5083.100	0.1937
5084.000	0.1918
5084.900	0.2085
5085.800	0.2288
5086.700	0.2295
5087.600	0.2212
5088.500	0.2246
5089.400	0.2354
5090.300	0.2395
5091.200	0.2380
5092.100	0.2390
5093.000	0.2474
5093.900	0.2609
5094.800	0.2707
5095.700	0.2681
5096.600	0.2502
5097.500	0.2236
5098.400	0.1966
5099.300	0.1818
5100.200	0.1966
5101.100	0.2321
5102.000	0.2533
5102.900	0.2466
5103.800	0.2316
5104.700	0.2230
5105.600	0.2192
5106.500	0.2118
5107.400	0.1990
5108.300	0.1939
5109.200	0.1922
5110.100	0.1793
5111.000	0.1772
5111.900	0.2014
5112.800	0.2233
5113.700	0.2280
5114.600	0.2269
5115.500	0.2301
5116.400	0.2432
5117.300	0.2606
5118.200	0.2697
5119.100	0.2657
5120.000	0.2555
5120.900	0.2442
5121.800	0.2248
5122.700	0.1924
5123.600	0.1643
5124.500	0.1649
5125.400	0.1872
5126.300	0.1995
5127.200	0.1890
5128.100	0.1778
5129.000	0.1826
5129.900	0.1934
5130.800	0.1981
5131.700	0.1993
5132.600	0.2060
5133.500	0.2200
5134.400	0.2404
5135.300	0.2585
5136.200	0.2529
5137.100	0.2283
5138.000	0.2137
5138.900	0.2110
5139.800	0.2158
5140.700	0.2280
5141.600	0.2191
5142.500	0.1829
5143.400	0.1641
5144.300	0.1793
5145.200	0.1930
5146.100	0.1887
5147.000	0.1790
5147.900	0.1766
5148.800	0.1921
5149.700	0.2103
5150.600	0.2010
5151.500	0.1738
5152.400	0.1629
5153.300	0.1737
5154.200	0.1898
5155.100	0.2047
5156.000	0.2194
5156.900	0.2359
5157.800	0.2498
5158.700	0.2532
5159.600	0.2529
5160.500	0.2558
5161.400	0.2507
5162.300	0.2368
5163.200	0.2316
5164.100	0.2267
5165.000	0.1997
5165.900	0.1542
5166.800	0.1129
5167.700	0.0947
5168.600	0.1035
5169.500	0.1370
5170.400	0.1738
5171.300	0.1715
5172.200	0.1312
5173.100	0.1078
5174.000	0.1366
5174.900	0.1882
5175.800	0.2143
5176.700	0.2185
5177.600	0.2312
5178.500	0.2472
5179.400	0.2477
5180.300	0.2413
5181.200	0.2402
5182.100	0.2257
5183.000	0.1813
5183.900	0.1428
5184.800	0.1556
5185.700	0.1992
5186.600	0.2281
5187.500	0.2291
5188.400	0.2180
5189.300	0.2249
5190.200	0.2463
5191.100	0.2342
5192.000	0.1821
5192.900	0.1478
5193.800	0.1584
5194.700	0.1731
5195.600	0.1727
5196.500	0.1809
5197.400	0.1968
5198.300	0.2063
5199.200	0.2147
5200.100	0.2250
5201.000	0.2313
5201.900	0.2314
5202.800	0.2300
5203.700	0.2200
5204.600	0.1865
5205.500	0.1513
5206.400	0.1511
5207.300	0.1727
5208.200	0.1781
5209.100	0.1736
5210.000	0.1774
5210.900	0.1853
5211.800	0.1986
5212.700	0.2198
5213.600	0.2389
5214.500	0.2377
5215.400	0.2104
5216.300	0.1822
5217.200	0.1793
5218.100	0.1979
5219.000	0.2142
5219.900	0.2172
5220.800	0.2224
5221.700	0.2322
5222.600	0.2322
5223.500	0.2169
5224.400	0.1845
5225.300	0.1455
5226.200	0.1192
5227.100	0.1190
5228.000	0.1531
5228.900	0.2020
5229.800	0.2303
5230.700	0.2442
5231.600	0.2549
5232.500	0.2417
5233.400	0.2061
5234.300	0.1810
5235.200	0.1850
5236.100	0.2143
5237.000	0.2463
5237.900	0.2586
5238.800	0.2517
5239.700	0.2431
5240.600	0.2473
5241.500	0.2562
5242.400	0.2544
5243.300	0.2509
5244.200	0.2646
5245.100	0.2790
5246.000	0.2524
5246.900	0.1902
5247.800	0.1565
5248.700	0.1700
5249.600	0.1719
5250.500	0.1493
5251.400	0.1480
5252.300	0.1713
5253.200	0.1933
5254.100	0.1971
5255.000	0.1833
5255.900	0.1876
5256.800	0.2248
5257.700	0.2607
5258.600	0.2720
5259.500	0.2638
5260.400	0.2492
5261.300	0.2306
5262.200	0.2006
5263.100	0.1671
5264.000	0.1447
5264.900	0.1351
5265.800	0.1336
5266.700	0.1524
5267.600	0.1896
5268.500	0.1954
5269.400	0.1505
5270.300	0.1187
5271.200	0.1490
5272.100	0.1985
5273.000	0.2139
5273.900	0.2049
5274.800	0.1936
5275.700	0.1862
5276.600	0.2001
5277.500	0.2379
5278.400	0.2699
5279.300	0.2734
5280.200	0.2541
5281.100	0.2314
5282.000	0.2163
5282.900	0.2058
5283.800	0.1966
5284.700	0.2078
5285.600	0.2465
5286.500	0.2797
5287.400	0.2833
5288.300	0.2696
5289.200	0.2614
5290.100	0.2659
5291.000	0.2722
5291.900	0.2662
5292.800	0.2476
5293.700	0.2375
5294.600	0.2424
5295.500	0.2365
5296.400	0.2048
5297.300	0.1684
5298.200	0.1616
5299.100	0.1915
5300.000	0.2215
5300.900	0.2196
5301.800	0.2031
5302.700	0.2019
5303.600	0.2240
5304.500	0.2584
5305.400	0.2800
5306.300	0.2710
5307.200	0.2484
5308.100	0.2452
5309.000	0.2645
5309.900	0.2806
5310.800	0.2784
5311.700	0.2680
5312.600	0.2613
5313.500	0.2592
5314.400	0.2620
5315.300	0.2624
5316.200	0.2518
5317.100	0.2419
5318.000	0.2452
5318.900	0.2480
5319.800	0.2431
5320.700	0.2402
5321.600	0.2384
5322.500	0.2346
5323.400	0.2281
5324.300	0.2210
5325.200	0.2241
5326.100	0.2330
5327.000	0.2194
5327.900	0.1738
5328.800	0.1410
5329.700	0.1600
5330.600	0.2047
5331.500	0.2322
5332.400	0.2309
5333.300	0.2238
5334.200	0.2383
5335.100	0.2624
5336.000	0.2655
5336.900	0.2526
5337.800	0.2502
5338.700	0.2545
5339.600	0.2358
5340.500	0.2002
5341.400	0.1936
5342.300	0.2241
5343.200	0.2533
5344.100	0.2626
5345.000	0.2549
5345.900	0.2397
5346.800	0.2366
5347.700	0.2372
5348.600	0.2227
5349.500	0.2118
5350.400	0.2253
5351.300	0.2521
5352.200	0.2670
5353.100	0.2671
5354.000	0.2757
5354.900	0.2969
5355.800	0.3079
5356.700	0.3011
5357.600	0.2938
5358.500	0.2970
5359.400	0.3034
5360.300	0.2991
5361.200	0.2795
5362.100	0.2596
5363.000	0.2563
5363.900	0.2595
5364.800	0.2503
5365.700	0.2395
5366.600	0.2401
5367.500	0.2453
5368.400	0.2465
5369.300	0.2330
5370.200	0.2045
5371.100	0.1815
5372.000	0.1890
5372.900	0.2288
5373.800	0.2693
5374.700	0.2908
5375.600	0.2937
5376.500	0.2802
5377.400	0.2673
5378.300	0.2695
5379.200	0.2738
5380.100	0.2655
5381.000	0.2531
5381.900	0.2497
5382.800	0.2490
5383.700	0.2462
5384.600	0.2481
5385.500	0.2498
5386.400	0.2469
5387.300	0.2462
5388.200	0.2453
5389.100	0.2363
5390.000	0.2269
5390.900	0.2275
5391.800	0.2319
5392.700	0.2299
5393.600	0.2203
5394.500	0.2127
5395.400	0.2087
5396.300	0.1903
5397.200	0.1665
5398.100	0.1781
5399.000	0.2185
5399.900	0.2409
5400.800	0.2413
5401.700	0.2458
5402.600	0.2514
5403.500	0.2377
5404.400	0.2056
5405.300	0.1737
5406.200	0.1631
5407.100	0.1817
5408.000	0.2068
5408.900	0.2065
5409.800	0.1875
5410.700	0.1887
5411.600	0.2205
5412.500	0.2515
5413.400	0.2576
5414.300	0.2481
5415.200	0.2441
5416.100	0.2552
5417.000	0.2695
5417.900	0.2704
5418.800	0.2579
5419.700	0.2422
5420.600	0.2327
5421.500	0.2385
5422.400	0.2542
5423.300	0.2535
5424.200	0.2320
5425.100	0.2214
5426.000	0.2372
5426.900	0.2645
5427.800	0.2764
5428.700	0.2511
5429.600	0.2096
5430.500	0.2004
5431.400	0.2180
5432.300	0.2198
5433.200	0.2041
5434.100	0.1879
5435.000	0.1776
5435.900	0.1807
5436.800	0.2011
5437.700	0.2357
5438.600	0.2696
5439.500	0.2896
5440.400	0.2948
5441.300	0.2904
5442.200	0.2858
5443.100	0.2867
5444.000	0.2840
5444.900	0.2667
5445.800	0.2332
5446.700	0.1990
5447.600	0.1962
5448.500	0.2287
5449.400	0.2625
5450.300	0.2755
5451.200	0.2739
5452.100	0.2699
5453.000	0.2628
5453.900	0.2457
5454.800	0.2176
5455.700	0.1969
5456.600	0.2082
5457.500	0.2430
5458.400	0.2699
5459.300	0.2716
5460.200	0.2562
5461.100	0.2441
5462.000	0.2384
5462.900	0.2296
5463.800	0.2302
5464.700	0.2490
5465.600	0.2628
5466.500	0.2592
5467.400	0.2554
5468.300	0.2588
5469.200	0.2560
5470.100	0.2427
5471.000	0.2322
5471.900	0.2292
5472.800	0.2197
5473.700	0.2081
5474.600	0.2119
5475.500	0.2152
5476.400	0.1968
5477.300	0.1847
5478.200	0.2102
5479.100	0.2485
5480.000	0.2555
5480.900	0.2282
5481.800	0.2035
5482.700	0.2056
5483.600	0.2247
5484.500	0.2469
5485.400	0.2604
5486.300	0.2563
5487.200	0.2413
5488.100	0.2357
5489.000	0.2423
5489.900	0.2411
5490.800	0.2364
5491.700	0.2447
5492.600	0.2485
5493.500	0.2372
5494.400	0.2357
5495.300	0.2513
5496.200	0.2548
5497.100	0.2343
5498.000	0.2271
5498.900	0.2536
5499.800	0.2755
5500.700	0.2583
5501.600	0.2256
5502.500	0.2184
5503.400	0.2350
5504.300	0.2495
5505.200	0.2443
5506.100	0.2186
5507.000	0.2028
5507.900	0.2181
5508.800	0.2391
5509.700	0.2451
5510.600	0.2422
5511.500	0.2286
5512.400	0.2081
5513.300	0.2008
5514.200	0.2094
5515.100	0.2231
5516.000	0.2346
5516.900	0.2435
5517.800	0.2576
5518.700	0.2755
5519.600	0.2822
5520.500	0.2741
5521.400	0.2626
5522.300	0.2572
5523.200	0.2604
5524.100	0.2656
5525.000	0.2623
5525.900	0.2497
5526.800	0.2351
5527.700	0.2230
5528.600	0.2199
5529.500	0.2336
5530.400	0.2543
5531.300	0.2650
5532.200	0.2603
5533.100	0.2476
5534.000	0.2352
5534.900	0.2276
5535.800	0.2307
5536.700	0.2420
5537.600	0.2479
5538.500	0.2502
5539.400	0.2622
5540.300	0.2808
5541.200	0.2910
5542.100	0.2835
5543.000	0.2650
5543.900	0.2514
5544.800	0.2480
5545.700	0.2469
5546.600	0.2474
5547.500	0.2581
5548.400	0.2738
5549.300	0.2826
5550.200	0.2874
5551.100	0.2910
5552.000	0.2901
5552.900	0.2807
5553.800	0.2688
5554.700	0.2663
5555.600	0.2725
5556.500	0.2761
5557.400	0.2728
5558.300	0.2707
5559.200	0.2730
5560.100	0.2737
5561.000	0.2714
5561.900	0.2667
5562.800	0.2587
5563.700	0.2557
5564.600	0.2580
5565.500	0.2541
5566.400	0.2467
5567.300	0.2462
5568.200	0.2490
5569.100	0.2457
5570.000	0.2459
5570.900	0.2597
5571.800	0.2660
5572.700	0.2552
5573.600	0.2548
5574.500	0.2708
5575.400	0.2754
5576.300	0.2666
5577.200	0.2646
5578.100	0.2658
5579.000	0.2660
5579.900	0.2739
5580.800	0.2795
5581.700	0.2725
5582.600	0.2660
5583.500	0.2680
5584.400	0.2685
5585.300	0.2601
5586.200	0.2400
5587.100	0.2119
5588.000	0.1928
5588.900	0.1929
5589.800	0.2059
5590.700	0.2222
5591.600	0.2339
5592.500	0.2375
5593.400	0.2358
5594.300	0.2363
5595.200	0.2500
5596.100	0.2731
5597.000	0.2818
5597.900	0.2673
5598.800	0.2498
5599.700	0.2437
5600.600	0.2400
5601.500	0.2323
5602.400	0.2256
5603.300	0.2285
5604.200	0.2460
5605.100	0.2700
5606.000	0.2879
5606.900	0.2958
5607.800	0.2956
5608.700	0.2906
5609.600	0.2829
5610.500	0.2781
5611.400	0.2830
5612.300	0.2941
5613.200	0.2943
5614.100	0.2683
5615.000	0.2297
5615.900	0.2145
5616.800	0.2318
5617.700	0.2524
5618.600	0.2542
5619.500	0.2471
5620.400	0.2489
5621.300	0.2621
5622.200	0.2717
5623.100	0.2604
5624.000	0.2314
5624.900	0.2117
5625.800	0.2178
5626.700	0.2366
5627.600	0.2502
5628.500	0.2621
5629.400	0.2782
5630.300	0.2903
5631.200	0.2938
5632.100	0.2904
5633.000	0.2837
5633.900	0.2767
5634.800	0.2708
5635.700	0.2625
5636.600	0.2485
5637.500	0.2368
5638.400	0.2352
5639.300	0.2396
5640.200	0.2402
5641.100	0.2363
5642.000	0.2392
5642.900	0.2494
5643.800	0.2569
5644.700	0.2594
5645.600	0.2606
5646.500	0.2628
5647.400	0.2660
5648.300	0.2667
5649.200	0.2632
5650.100	0.2602
5651.000	0.2634
5651.900	0.2718
5652.800	0.2768
5653.700	0.2720
5654.600	0.2615
5655.500	0.2571
5656.400	0.2557
5657.300	0.2358
5658.200	0.2047
5659.100	0.1988
5660.000	0.2233
5660.900	0.2423
5661.800	0.2354
5662.700	0.2251
5663.600	0.2348
5664.500	0.2561
5665.400	0.2683
5666.300	0.2632
5667.200	0.2467
5668.100	0.2323
5669.000	0.2302
5669.900	0.2367
5670.800	0.2442
5671.700	0.2573
5672.600	0.2787
5673.500	0.2956
5674.400	0.2958
5675.300	0.2864
5676.200	0.2822
5677.100	0.2821
5678.000	0.2767
5678.900	0.2685
5679.800	0.2663
5680.700	0.2691
5681.600	0.2635
5682.500	0.2484
5683.400	0.2393
5684.300	0.2438
5685.200	0.2523
5686.100	0.2511
5687.000	0.2401
5687.900	0.2305
5688.800	0.2320
5689.700	0.2456
5690.600	0.2612
5691.500	0.2739
5692.400	0.2843
5693.300	0.2874
5694.200	0.2821
5695.100	0.2737
5696.000	0.2676
5696.900	0.2638
5697.800	0.2562
5698.700	0.2480
5699.600	0.2442
5700.500	0.2358
5701.400	0.2207
5702.300	0.2138
5703.200	0.2242
5704.100	0.2425
5705.000	0.2498
5705.900	0.2389
5706.800	0.2235
5707.700	0.2129
5708.600	0.2029
5709.500	0.1998
5710.400	0.2063
5711.300	0.2072
5712.200	0.2081
5713.100	0.2269
5714.000	0.2517
5714.900	0.2649
5715.800	0.2709
5716.700	0.2757
5717.600	0.2746
5718.500	0.2720
5719.400	0.2759
5720.300	0.2829
5721.200	0.2900
5722.100	0.2968
5723.000	0.3017
5723.900	0.3035
5724.800	0.3016
5725.700	0.2890
5726.600	0.2630
5727.500	0.2457
5728.400	0.2554
5729.300	0.2753
5730.200	0.2780
5731.100	0.2624
5732.000	0.2535
5732.900	0.2653
5733.800	0.2825
5734.700	0.2900
5735.600	0.2889
5736.500	0.2835
5737.400	0.2794
5738.300	0.2792
5739.200	0.2782
5740.100	0.2727
5741.000	0.2638
5741.900	0.2551
5742.800	0.2490
5743.700	0.2508
5744.600	0.2639
5745.500	0.2818
5746.400	0.2885
5747.300	0.2726
5748.200	0.2504
5749.100	0.2489
5750.000	0.2687
5750.900	0.2834
5751.800	0.2747
5752.700	0.2501
5753.600	0.2275
5754.500	0.2244
5755.400	0.2449
5756.300	0.2719
5757.200	0.2884
5758.100	0.2924
5759.000	0.2858
5759.900	0.2703
5760.800	0.2525
5761.700	0.2397
5762.600	0.2363
5763.500	0.2490
5764.400	0.2741
5765.300	0.2935
5766.200	0.2996
5767.100	0.2983
5768.000	0.2926
5768.900	0.2834
5769.800	0.2767
5770.700	0.2756
5771.600	0.2759
5772.500	0.2766
5773.400	0.2776
5774.300	0.2751
5775.200	0.2734
5776.100	0.2778
5777.000	0.2823
5777.900	0.2809
5778.800	0.2755
5779.700	0.2631
5780.600	0.2385
5781.500	0.2162
5782.400	0.2139
5783.300	0.2230
5784.200	0.2242
5785.100	0.2190
5786.000	0.2242
5786.900	0.2417
5787.800	0.2581
5788.700	0.2683
5789.600	0.2705
5790.500	0.2623
5791.400	0.2563
5792.300	0.2632
5793.200	0.2738
5794.100	0.2803
5795.000	0.2842
5795.900	0.2799
5796.800	0.2620
5797.700	0.2436
5798.600	0.2460
5799.500	0.2689
5800.400	0.2904
5801.300	0.3005
5802.200	0.3025
5803.100	0.2919
5804.000	0.2695
5804.900	0.2517
5805.800	0.2484
5806.700	0.2555
5807.600	0.2629
5808.500	0.2664
5809.400	0.2719
5810.300	0.2805
5811.200	0.2850
5812.100	0.2852
5813.000	0.2866
5813.900	0.2855
5814.800	0.2761
5815.700	0.2646
5816.600	0.2622
5817.500	0.2725
5818.400	0.2869
5819.300	0.2966
5820.200	0.3020
5821.100	0.3041
5822.000	0.3002
5822.900	0.2911
5823.800	0.2859
5824.700	0.2895
5825.600	0.2948
5826.500	0.2957
5827.400	0.2959
5828.300	0.2990
5829.200	0.3041
5830.100	0.3061
5831.000	0.3032
5831.900	0.2994
5832.800	0.2945
5833.700	0.2851
5834.600	0.2752
5835.500	0.2770
5836.400	0.2897
5837.300	0.2955
5838.200	0.2909
5839.100	0.2889
5840.000	0.2958
5840.900	0.3037
5841.800	0.3054
5842.700	0.3045
5843.600	0.3043
5844.500	0.3023
5845.400	0.2944
5846.300	0.2817
5847.200	0.2727
5848.100	0.2730
5849.000	0.2794
5849.900	0.2863
5850.800	0.2887
5851.700	0.2781
5852.600	0.2515
5853.500	0.2291
5854.400	0.2347
5855.300	0.2563
5856.200	0.2630
5857.100	0.2498
5858.000	0.2382
5858.900	0.2421
5859.800	0.2562
5860.700	0.2706
5861.600	0.2756
5862.500	0.2709
5863.400	0.2687
5864.300	0.2738
5865.200	0.2748
5866.100	0.2649
5867.000	0.2577
5867.900	0.2657
5868.800	0.2812
5869.700	0.2929
5870.600	0.2965
5871.500	0.2933
5872.400	0.2864
5873.300	0.2815
5874.200	0.2852
5875.100	0.2938
5876.000	0.2971
5876.900	0.2916
5877.800	0.2817
5878.700	0.2692
5879.600	0.2532
5880.500	0.2436
5881.400	0.2507
5882.300	0.2642
5883.200	0.2684
5884.100	0.2671
5885.000	0.2730
5885.900	0.2843
5886.800	0.2872
5887.700	0.2683
5888.600	0.2202
5889.500	0.1631
5890.400	0.1425
5891.300	0.1695
5892.200	0.2072
5893.100	0.2285
5894.000	0.2285
5894.900	0.2021
5895.800	0.1695
5896.700	0.1737
5897.600	0.2109
5898.500	0.2392
5899.400	0.2485
5900.300	0.2579
5901.200	0.2706
5902.100	0.2761
5903.000	0.2759
5903.900	0.2755
5904.800	0.2726
5905.700	0.2677
5906.600	0.2669
5907.500	0.2728
5908.400	0.2791
5909.300	0.2804
5910.200	0.2818
5911.100	0.2875
5912.000	0.2894
5912.900	0.2801
5913.800	0.2644
5914.700	0.2515
5915.600	0.2444
5916.500	0.2462
5917.400	0.2568
5918.300	0.2675
5919.200	0.2755
5920.100	0.2815
5921.000	0.2799
5921.900	0.2721
5922.800	0.2701
5923.700	0.2777
5924.600	0.2854
5925.500	0.2895
5926.400	0.2913
5927.300	0.2876
5928.200	0.2778
5929.100	0.2656
5930.000	0.2600
5930.900	0.2685
5931.800	0.2827
5932.700	0.2860
5933.600	0.2719
5934.500	0.2523
5935.400	0.2461
5936.300	0.2544
5937.200	0.2648
5938.100	0.2742
5939.000	0.2828
5939.900	0.2801
5940.800	0.2639
5941.700	0.2524
5942.600	0.2550
5943.500	0.2639
5944.400	0.2741
5945.300	0.2857
5946.200	0.2950
5947.100	0.2928
5948.000	0.2760
5948.900	0.2587
5949.800	0.2591
5950.700	0.2731
5951.600	0.2761
5952.500	0.2627
5953.400	0.2549
5954.300	0.2629
5955.200	0.2674
5956.100	0.2534
5957.000	0.2395
5957.900	0.2452
5958.800	0.2627
5959.700	0.2787
5960.600	0.2907
5961.500	0.2997
5962.400	0.3029
5963.300	0.3003
5964.200	0.2943
5965.100	0.2837
5966.000	0.2746
5966.900	0.2768
5967.800	0.2849
5968.700	0.2920
5969.600	0.2992
5970.500	0.3058
5971.400	0.3090
5972.300	0.3084
5973.200	0.3064
5974.100	0.2997
5975.000	0.2848
5975.900	0.2684
5976.800	0.2604
5977.700	0.2610
5978.600	0.2666
5979.500	0.2770
5980.400	0.2887
5981.300	0.2938
5982.200	0.2888
5983.100	0.2712
5984.000	0.2503
5984.900	0.2473
5985.800	0.2633
5986.700	0.2776
5987.600	0.2801
5988.500	0.2792
5989.400	0.2807
5990.300	0.2793
5991.200	0.2714
5992.100	0.2675
5993.000	0.2760
5993.900	0.2870
5994.800	0.2898
5995.700	0.2852
5996.600	0.2767
5997.500	0.2695
5998.400	0.2679
5999.300	0.2722
6000.200	0.2791
6001.100	0.2822
6002.000	0.2746
6002.900	0.2631
6003.800	0.2616
6004.700	0.2659
6005.600	0.2633
6006.500	0.2514
6007.400	0.2340
6008.300	0.2252
6009.200	0.2396
6010.100	0.2652
6011.000	0.2767
6011.900	0.2680
6012.800	0.2530
6013.700	0.2492
6014.600	0.2565
6015.500	0.2596
6016.400	0.2542
6017.300	0.2519
6018.200	0.2581
6019.100	0.2609
6020.000	0.2549
6020.900	0.2499
6021.800	0.2519
6022.700	0.2573
6023.600	0.2602
6024.500	0.2645
6025.400	0.2718
6026.300	0.2721
6027.200	0.2680
6028.100	0.2720
6029.000	0.2820
6029.900	0.2860
6030.800	0.2810
6031.700	0.2785
6032.600	0.2844
6033.500	0.2883
6034.400	0.2862
6035.300	0.2866
6036.200	0.2920
6037.100	0.2964
6038.000	0.2966
6038.900	0.2909
6039.800	0.2831
6040.700	0.2814
6041.600	0.2825
6042.500	0.2832
6043.400	0.2862
6044.300	0.2914
6045.200	0.2976
6046.100	0.3027
6047.000	0.3042
6047.900	0.2996
6048.800	0.2925
6049.700	0.2909
6050.600	0.2944
6051.500	0.2945
6052.400	0.2901
6053.300	0.2868
6054.200	0.2859
6055.100	0.2833
6056.000	0.2774
6056.900	0.2751
6057.800	0.2800
6058.700	0.2890
6059.600	0.2960
6060.500	0.2970
6061.400	0.2921
6062.300	0.2830
6063.200	0.2724
6064.100	0.2586
6065.000	0.2416
6065.900	0.2409
6066.800	0.2664
6067.700	0.2952
6068.600	0.3065
6069.500	0.3038
6070.400	0.3010
6071.300	0.3046
6072.200	0.3104
6073.100	0.3117
6074.000	0.3084
6074.900	0.3033
6075.800	0.2981
6076.700	0.2928
6077.600	0.2832
6078.500	0.2727
6079.400	0.2719
6080.300	0.2762
6081.200	0.2692
6082.100	0.2544
6083.000	0.2511
6083.900	0.2587
6084.800	0.2604
6085.700	0.2580
6086.600	0.2633
6087.500	0.2760
6088.400	0.2826
6089.300	0.2719
6090.200	0.2557
6091.100	0.2527
6092.000	0.2580
6092.900	0.2601
6093.800	0.2652
6094.700	0.2793
6095.600	0.2884
6096.500	0.2826
6097.400	0.2735
6098.300	0.2731
6099.200	0.2811
6100.100	0.2887
6101.000	0.2832
6101.900	0.2569
6102.800	0.2299
6103.700	0.2332
6104.600	0.2584
6105.500	0.2760
6106.400	0.2776
6107.300	0.2680
6108.200	0.2605
6109.100	0.2699
6110.000	0.2843
6110.900	0.2817
6111.800	0.2707
6112.700	0.2710
6113.600	0.2809
6114.500	0.2871
6115.400	0.2825
6116.300	0.2735
6117.200	0.2737
6118.100	0.2788
6119.000	0.2705
6119.900	0.2530
6120.800	0.2420
6121.700	0.2376
6122.600	0.2432
6123.500	0.2644
6124.400	0.2809
6125.300	0.2757
6126.200	0.2614
6127.100	0.2498
6128.000	0.2421
6128.900	0.2413
6129.800	0.2539
6130.700	0.2746
6131.600	0.2874
6132.500	0.2894
6133.400	0.2844
6134.300	0.2694
6135.200	0.2419
6136.100	0.2026
6137.000	0.1701
6137.900	0.1788
6138.800	0.2273
6139.700	0.2672
6140.600	0.2626
6141.500	0.2305
6142.400	0.2194
6143.300	0.2460
6144.200	0.2792
6145.100	0.2923
6146.000	0.2885
6146.900	0.2797
6147.800	0.2707
6148.700	0.2621
6149.600	0.2531
6150.500	0.2472
6151.400	0.2508
6152.300	0.2644
6153.200	0.2771
6154.100	0.2764
6155.000	0.2703
6155.900	0.2709
6156.800	0.2721
6157.700	0.2699
6158.600	0.2703
6159.500	0.2684
6160.400	0.2491
6161.300	0.2168
6162.200	0.1972
6163.100	0.2026
6164.000	0.2224
6164.900	0.2399
6165.800	0.2474
6166.700	0.2551
6167.600	0.2644
6168.500	0.2544
6169.400	0.2272
6170.300	0.2188
6171.200	0.2398
6172.100	0.2571
6173.000	0.2528
6173.900	0.2496
6174.800	0.2588
6175.700	0.2642
6176.600	0.2592
6177.500	0.2588
6178.400	0.2690
6179.300	0.2731
6180.200	0.2673
6181.100	0.2695
6182.000	0.2809
6182.900	0.2863
6183.800	0.2848
6184.700	0.2849
6185.600	0.2818
6186.500	0.2701
6187.400	0.2568
6188.300	0.2498
6189.200	0.2505
6190.100	0.2462
6191.000	0.2256
6191.900	0.2125
6192.800	0.2323
6193.700	0.2654
6194.600	0.2823
6195.500	0.2842
6196.400	0.2852
6197.300	0.2875
6198.200	0.2792
6199.100	0.2542
6200.000	0.2305
6200.900	0.2304
6201.800	0.2509
6202.700	0.2723
6203.600	0.2827
6204.500	0.2832
6205.400	0.2804
6206.300	0.2779
6207.200	0.2774
6208.100	0.2794
6209.000	0.2805
6209.900	0.2771
6210.800	0.2728
6211.700	0.2680
6212.600	0.2509
6213.500	0.2244
6214.400	0.2104
6215.300	0.2140
6216.200	0.2251
6217.100	0.2389
6218.000	0.2459
6218.900	0.2342
6219.800	0.2162
6220.700	0.2133
6221.600	0.2256
6222.500	0.2411
6223.400	0.2484
6224.300	0.2464
6225.200	0.2462
6226.100	0.2511
6227.000	0.2551
6227.900	0.2548
6228.800	0.2449
6229.700	0.2222
6230.600	0.2011
6231.500	0.1989
6232.400	0.2108
6233.300	0.2274
6234.200	0.2506
6235.100	0.2722
6236.000	0.2796
6236.900	0.2738
6237.800	0.2605
6238.700	0.2439
6239.600	0.2262
6240.500	0.2176
6241.400	0.2231
6242.300	0.2234
6243.200	0.2136
6244.100	0.2122
6245.000	0.2180
6245.900	0.2186
6246.800	0.2239
6247.700	0.2409
6248.600	0.2559
6249.500	0.2599
6250.400	0.2549
6251.300	0.2381
6252.200	0.2136
6253.100	0.1991
6254.000	0.2011
6254.900	0.2080
6255.800	0.2068
6256.700	0.1956
6257.600	0.1831
6258.500	0.1819
6259.400	0.1998
6260.300	0.2217
6261.200	0.2290
6262.100	0.2338
6263.000	0.2487
6263.900	0.2567
6264.800	0.2435
6265.700	0.2303
6266.600	0.2386
6267.500	0.2549
6268.400	0.2570
6269.300	0.2459
6270.200	0.2372
6271.100	0.2388
6272.000	0.2485
6272.900	0.2581
6273.800	0.2593
6274.700	0.2553
6275.600	0.2547
6276.500	0.2583
6277.400	0.2636
6278.300	0.2659
6279.200	0.2527
6280.100	0.2251
6281.000	0.2092
6281.900	0.2187
6282.800	0.2400
6283.700	0.2572
6284.600	0.2606
6285.500	0.2562
6286.400	0.2585
6287.300	0.2683
6288.200	0.2801
6289.100	0.2866
6290.000	0.2811
6290.900	0.2677
6291.800	0.2553
6292.700	0.2486
6293.600	0.2515
6294.500	0.2605
6295.400	0.2597
6296.300	0.2414
6297.200	0.2215
6298.100	0.2197
6299.000	0.2338
6299.900	0.2413
6300.800	0.2306
6301.700	0.2186
6302.600	0.2218
6303.500	0.2364
6304.400	0.2470
6305.300	0.2488
6306.200	0.2543
6307.100	0.2697
6308.000	0.2833
6308.900	0.2837
6309.800	0.2712
6310.700	0.2536
6311.600	0.2407
6312.500	0.2392
6313.400	0.2433
6314.300	0.2386
6315.200	0.2309
6316.100	0.2353
6317.000	0.2391
6317.900	0.2283
6318.800	0.2189
6319.700	0.2239
6320.600	0.2331
6321.500	0.2387
6322.400	0.2416
6323.300	0.2492
6324.200	0.2608
6325.100	0.2681
6326.000	0.2682
6326.900	0.2627
6327.800	0.2599
6328.700	0.2659
6329.600	0.2680
6330.500	0.2617
6331.400	0.2598
6332.300	0.2667
6333.200	0.2725
6334.100	0.2612
6335.000	0.2320
6335.900	0.2095
6336.800	0.2145
6337.700	0.2347
6338.600	0.2470
6339.500	0.2529
6340.400	0.2630
6341.300	0.2711
6342.200	0.2689
6343.100	0.2571
6344.000	0.2441
6344.900	0.2433
6345.800	0.2522
6346.700	0.2577
6347.600	0.2593
6348.500	0.2627
6349.400	0.2664
6350.300	0.2684
6351.200	0.2719
6352.100	0.2742
6353.000	0.2679
6353.900	0.2516
6354.800	0.2359
6355.700	0.2347
6356.600	0.2417
6357.500	0.2356
6358.400	0.2154
6359.300	0.2061
6360.200	0.2175
6361.100	0.2290
6362.000	0.2273
6362.900	0.2224
6363.800	0.2251
6364.700	0.2324
6365.600	0.2385
6366.500	0.2450
6367.400	0.2550
6368.300	0.2628
6369.200	0.2608
6370.100	0.2536
6371.000	0.2531
6371.900	0.2637
6372.800	0.2759
6373.700	0.2786
6374.600	0.2734
6375.500	0.2695
6376.400	0.2699
6377.300	0.2687
6378.200	0.2630
6379.100	0.2581
6380.000	0.2566
6380.900	0.2570
6381.800	0.2598
6382.700	0.2644
6383.600	0.2646
6384.500	0.2607
6385.400	0.2617
6386.300	0.2689
6387.200	0.2737
6388.100	0.2714
6389.000	0.2659
6389.900	0.2617
6390.800	0.2588
6391.700	0.2503
6392.600	0.2297
6393.500	0.2133
6394.400	0.2236
6395.300	0.2510
6396.200	0.2709
6397.100	0.2770
6398.000	0.2734
6398.900	0.2548
6399.800	0.2251
6400.700	0.2149
6401.600	0.2373
6402.500	0.2647
6403.400	0.2763
6404.300	0.2795
6405.200	0.2813
6406.100	0.2781
6407.000	0.2651
6407.900	0.2502
6408.800	0.2500
6409.700	0.2602
6410.600	0.2582
6411.500	0.2462
6412.400	0.2435
6413.300	0.2492
6414.200	0.2532
6415.100	0.2567
6416.000	0.2623
6416.900	0.2654
6417.800	0.2630
6418.700	0.2548
6419.600	0.2391
6420.500	0.2216
6421.400	0.2184
6422.300	0.2396
6423.200	0.2680
6424.100	0.2769
6425.000	0.2685
6425.900	0.2645
6426.800	0.2721
6427.700	0.2797
6428.600	0.2749
6429.500	0.2541
6430.400	0.2253
6431.300	0.2086
6432.200	0.2179
6433.100	0.2406
6434.000	0.2583
6434.900	0.2682
6435.800	0.2728
6436.700	0.2711
6437.600	0.2581
6438.500	0.2385
6439.400	0.2322
6440.300	0.2495
6441.200	0.2739
6442.100	0.2846
6443.000	0.2806
6443.900	0.2733
6444.800	0.2726
6445.700	0.2814
6446.600	0.2920
6447.500	0.2932
6448.400	0.2745
6449.300	0.2384
6450.200	0.2100
6451.100	0.2128
6452.000	0.2387
6452.900	0.2632
6453.800	0.2734
6454.700	0.2654
6455.600	0.2456
6456.500	0.2353
6457.400	0.2456
6458.300	0.2649
6459.200	0.2791
6460.100	0.2851
6461.000	0.2786
6461.900	0.2547
6462.800	0.2271
6463.700	0.2209
6464.600	0.2358
6465.500	0.2528
6466.400	0.2641
6467.300	0.2710
6468.200	0.2725
6469.100	0.2667
6470.000	0.2570
6470.900	0.2473
6471.800	0.2424
6472.700	0.2511
6473.600	0.2645
6474.500	0.2642
6475.400	0.2549
6476.300	0.2547
6477.200	0.2636
6478.100	0.2665
6479.000	0.2637
6479.900	0.2621
6480.800	0.2520
6481.700	0.2287
6482.600	0.2117
6483.500	0.2190
6484.400	0.2416
6485.300	0.2589
6486.200	0.2646
6487.100	0.2659
6488.000	0.2682
6488.900	0.2672
6489.800	0.2594
6490.700	0.2497
6491.600	0.2431
6492.500	0.2350
6493.400	0.2130
6494.300	0.1799
6495.200	0.1575
6496.100	0.1539
6497.000	0.1589
6497.900	0.1675
6498.800	0.1787
6499.700	0.1942
6500.600	0.2153
6501.500	0.2314
6502.400	0.2386
6503.300	0.2449
6504.200	0.2517
6505.100	0.2569
6506.000	0.2616
6506.900	0.2632
6507.800	0.2592
6508.700	0.2540
6509.600	0.2535
6510.500	0.2581
6511.400	0.2632
6512.300	0.2658
6513.200	0.2653
6514.100	0.2588
6515.000	0.2471
6515.900	0.2395
6516.800	0.2397
6517.700	0.2387
6518.600	0.2343
6519.500	0.2387
6520.400	0.2541
6521.300	0.2659
6522.200	0.2669
6523.100	0.2642
6524.000	0.2670
6524.900	0.2723
6525.800	0.2649
6526.700	0.2454
6527.600	0.2340
6528.500	0.2411
6529.400	0.2545
6530.300	0.2605
6531.200	0.2560
6532.100	0.2438
6533.000	0.2354
6533.900	0.2405
6534.800	0.2552
6535.700	0.2659
6536.600	0.2631
6537.500	0.2553
6538.400	0.2554
6539.300	0.2637
6540.200	0.2704
6541.100	0.2671
6542.000	0.2591
6542.900	0.2566
6543.800	0.2586
6544.700	0.2542
6545.600	0.2370
6546.500	0.2206
6547.400	0.2238
6548.300	0.2410
6549.200	0.2527
6550.100	0.2517
6551.000	0.2438
6551.900	0.2381
6552.800	0.2366
6553.700	0.2343
6554.600	0.2280
6555.500	0.2231
6556.400	0.2273
6557.300	0.2386
6558.200	0.2453
6559.100	0.2431
6560.000	0.2387
6560.900	0.2275
6561.800	0.1933
6562.700	0.1506
6563.600	0.1476
6564.500	0.1921
6565.400	0.2370
6566.300	0.2573
6567.200	0.2647
6568.100	0.2627
6569.000	0.2494
6569.900	0.2373
6570.800	0.2376
6571.700	0.2404
6572.600	0.2309
6573.500	0.2116
6574.400	0.1959
6575.300	0.1986
6576.200	0.2230
6577.100	0.2512
6578.000	0.2685
6578.900	0.2726
6579.800	0.2635
6580.700	0.2466
6581.600	0.2372
6582.500	0.2436
6583.400	0.2552
6584.300	0.2612
6585.200	0.2576
6586.100	0.2481
6587.000	0.2481
6587.900	0.2586
6588.800	0.2644
6589.700	0.2645
6590.600	0.2638
6591.500	0.2530
6592.400	0.2238
6593.300	0.1949
6594.200	0.1955
6595.100	0.2211
6596.000	0.2425
6596.900	0.2491
6597.800	0.2464
6598.700	0.2414
6599.600	0.2439
6600.500	0.2569
6601.400	0.2681
6602.300	0.2690
6603.200	0.2625
6604.100	0.2535
6605.000	0.2460
6605.900	0.2426
6606.800	0.2391
6607.700	0.2302
6608.600	0.2163
6609.500	0.2094
6610.400	0.2243
6611.300	0.2507
6612.200	0.2641
6613.100	0.2568
6614.000	0.2461
6614.900	0.2517
6615.800	0.2646
6616.700	0.2675
6617.600	0.2628
6618.500	0.2616
6619.400	0.2665
6620.300	0.2731
6621.200	0.2767
6622.100	0.2737
6623.000	0.2631
6623.900	0.2452
6624.800	0.2292
6625.700	0.2315
6626.600	0.2479
6627.500	0.2595
6628.400	0.2608
6629.300	0.2569
6630.200	0.2528
6631.100	0.2501
6632.000	0.2448
6632.900	0.2350
6633.800	0.2270
6634.700	0.2307
6635.600	0.2446
6636.500	0.2562
6637.400	0.2603
6638.300	0.2589
6639.200	0.2540
6640.100	0.2519
6641.000	0.2580
6641.900	0.2608
6642.800	0.2457
6643.700	0.2261
6644.600	0.2246
6645.500	0.2382
6646.400	0.2465
6647.300	0.2431
6648.200	0.2405
6649.100	0.2473
6650.000	0.2550
6650.900	0.2557
6651.800	0.2533
6652.700	0.2534
6653.600	0.2560
6654.500	0.2593
6655.400	0.2602
6656.300	0.2573
6657.200	0.2560
6658.100	0.2583
6659.000	0.2584
6659.900	0.2559
6660.800	0.2554
6661.700	0.2531
6662.600	0.2395
6663.500	0.2228
6664.400	0.2218
6665.300	0.2327
6666.200	0.2389
6667.100	0.2384
6668.000	0.2402
6668.900	0.2476
6669.800	0.2555
6670.700	0.2589
6671.600	0.2568
6672.500	0.2537
6673.400	0.2522
6674.300	0.2524
6675.200	0.2545
6676.100	0.2527
6677.000	0.2366
6677.900	0.2127
6678.800	0.2071
6679.700	0.2265
6680.600	0.2475
6681.500	0.2556
6682.400	0.2566
6683.300	0.2581
6684.200	0.2614
6685.100	0.2642
6686.000	0.2648
6686.900	0.2630
6687.800	0.2597
6688.700	0.2589
6689.600	0.2619
6690.500	0.2650
6691.400	0.2653
6692.300	0.2633
6693.200	0.2613
6694.100	0.2602
6695.000	0.2568
6695.900	0.2502
6696.800	0.2442
6697.700	0.2424
6698.600	0.2461
6699.500	0.2547
6700.400	0.2621
6701.300	0.2618
6702.200	0.2542
6703.100	0.2424
6704.000	0.2337
6704.900	0.2356
6705.800	0.2456
6706.700	0.2553
6707.600	0.2596
6708.500	0.2581
6709.400	0.2499
6710.300	0.2393
6711.200	0.2375
6712.100	0.2433
6713.000	0.2462
6713.900	0.2436
6714.800	0.2389
6715.700	0.2338
6716.600	0.2282
6717.500	0.2260
6718.400	0.2343
6719.300	0.2500
6720.200	0.2593
6721.100	0.2570
6722.000	0.2516
6722.900	0.2528
6723.800	0.2595
6724.700	0.2609
6725.600	0.2526
6726.500	0.2432
6727.400	0.2411
6728.300	0.2453
6729.200	0.2524
6730.100	0.2593
6731.000	0.2621
6731.900	0.2595
6732.800	0.2539
6733.700	0.2487
6734.600	0.2471
6735.500	0.2511
6736.400	0.2557
6737.300	0.2526
6738.200	0.2407
6739.100	0.2256
6740.000	0.2174
6740.900	0.2221
6741.800	0.2302
6742.700	0.2314
6743.600	0.2317
6744.500	0.2391
6745.400	0.2472
6746.300	0.2483
6747.200	0.2459
6748.100	0.2435
6749.000	0.2383
6749.900	0.2307
6750.800	0.2305
6751.700	0.2387
6752.600	0.2415
6753.500	0.2383
6754.400	0.2383
6755.300	0.2415
6756.200	0.2477
6757.100	0.2568
6758.000	0.2648
6758.900	0.2693
6759.800	0.2703
6760.700	0.2672
6761.600	0.2601
6762.500	0.2556
6763.400	0.2577
6764.300	0.2611
6765.200	0.2596
6766.100	0.2497
6767.000	0.2336
6767.900	0.2228
6768.800	0.2266
6769.700	0.2353
6770.600	0.2349
6771.500	0.2307
6772.400	0.2328
6773.300	0.2383
6774.200	0.2427
6775.100	0.2494
6776.000	0.2584
6776.900	0.2622
6777.800	0.2607
6778.700	0.2619
6779.600	0.2662
6780.500	0.2678
6781.400	0.2639
6782.300	0.2551
6783.200	0.2446
6784.100	0.2373
6785.000	0.2360
6785.900	0.2388
6786.800	0.2447
6787.700	0.2534
6788.600	0.2569
6789.500	0.2509
6790.400	0.2448
6791.300	0.2462
6792.200	0.2492
6793.100	0.2463
6794.000	0.2399
6794.900	0.2362
6795.800	0.2377
6796.700	0.2447
6797.600	0.2526
6798.500	0.2567
6799.400	0.2574
6800.300	0.2562
6801.200	0.2551
6802.100	0.2539
6803.000	0.2521
6803.900	0.2513
6804.800	0.2533
6805.700	0.2544
6806.600	0.2492
6807.500	0.2443
6808.400	0.2439
6809.300	0.2421
6810.200	0.2400
6811.100	0.2427
6812.000	0.2473
6812.900	0.2491
6813.800	0.2449
6814.700	0.2371
6815.600	0.2363
6816.500	0.2468
6817.400	0.2572
6818.300	0.2581
6819.200	0.2525
6820.100	0.2459
6821.000	0.2443
6821.900	0.2510
6822.800	0.2606
6823.700	0.2659
6824.600	0.2646
6825.500	0.2604
6826.400	0.2548
6827.300	0.2449
6828.200	0.2348
6829.100	0.2333
6830.000	0.2421
6830.900	0.2525
6831.800	0.2563
6832.700	0.2531
6833.600	0.2487
6834.500	0.2502
6835.400	0.2557
6836.300	0.2563
6837.200	0.2506
6838.100	0.2443
6839.000	0.2375
6839.900	0.2279
6840.800	0.2190
6841.700	0.2154
6842.600	0.2183
6843.500	0.2263
6844.400	0.2367
6845.300	0.2441
6846.200	0.2439
6847.100	0.2418
6848.000	0.2461
6848.900	0.2529
6849.800	0.2541
6850.700	0.2501
6851.600	0.2471
6852.500	0.2503
6853.400	0.2532
6854.300	0.2446
6855.200	0.2289
6856.100	0.2222
6857.000	0.2276
6857.900	0.2341
6858.800	0.2383
6859.700	0.2384
6860.600	0.2296
6861.500	0.2186
6862.400	0.2199
6863.300	0.2360
6864.200	0.2518
6865.100	0.2527
6866.000	0.2383
6866.900	0.2188
6867.800	0.2127
6868.700	0.2297
6869.600	0.2473
6870.500	0.2464
6871.400	0.2363
6872.300	0.2263
6873.200	0.2229
6874.100	0.2250
6875.000	0.2251
6875.900	0.2254
6876.800	0.2346
6877.700	0.2483
6878.600	0.2533
6879.500	0.2529
6880.400	0.2511
6881.300	0.2414
6882.200	0.2290
6883.100	0.2273
6884.000	0.2377
6884.900	0.2435
6885.800	0.2401
6886.700	0.2414
6887.600	0.2436
6888.500	0.2436
6889.400	0.2523
6890.300	0.2618
6891.200	0.2558
6892.100	0.2461
6893.000	0.2514
6893.900	0.2585
6894.800	0.2480
6895.700	0.2366
6896.600	0.2437
6897.500	0.2546
6898.400	0.2461
6899.300	0.2295
6900.200	0.2274
6901.100	0.2427
6902.000	0.2535
6902.900	0.2494
6903.800	0.2461
6904.700	0.2552
6905.600	0.2636
6906.500	0.2579
6907.400	0.2473
6908.300	0.2455
6909.200	0.2537
6910.100	0.2560
6911.000	0.2440
6911.900	0.2306
6912.800	0.2251
6913.700	0.2241
6914.600	0.2245
6915.500	0.2279
6916.400	0.2300
6917.300	0.2314
6918.200	0.2414
6919.100	0.2560
6920.000	0.2621
6920.900	0.2595
6921.800	0.2555
6922.700	0.2524
6923.600	0.2468
6924.500	0.2358
6925.400	0.2226
6926.300	0.2155
6927.200	0.2183
6928.100	0.2257
6929.000	0.2336
6929.900	0.2401
6930.800	0.2403
6931.700	0.2345
6932.600	0.2259
6933.500	0.2214
6934.400	0.2274
6935.300	0.2367
6936.200	0.2389
6937.100	0.2350
6938.000	0.2331
6938.900	0.2359
6939.800	0.2405
6940.700	0.2438
6941.600	0.2412
6942.500	0.2311
6943.400	0.2169
6944.300	0.2027
6945.200	0.1935
6946.100	0.1972
6947.000	0.2115
6947.900	0.2236
6948.800	0.2281
6949.700	0.2269
6950.600	0.2203
6951.500	0.2119
6952.400	0.2075
6953.300	0.2054
6954.200	0.2030
6955.100	0.2044
6956.000	0.2142
6956.900	0.2249
6957.800	0.2267
6958.700	0.2237
6959.600	0.2233
6960.500	0.2252
6961.400	0.2269
6962.300	0.2268
6963.200	0.2276
6964.100	0.2314
6965.000	0.2314
6965.900	0.2243
6966.800	0.2204
6967.700	0.2262
6968.600	0.2336
6969.500	0.2325
6970.400	0.2226
6971.300	0.2157
6972.200	0.2232
6973.100	0.2353
6974.000	0.2341
6974.900	0.2225
6975.800	0.2143
6976.700	0.2081
6977.600	0.1920
6978.500	0.1717
6979.400	0.1692
6980.300	0.1886
6981.200	0.2099
6982.100	0.2220
6983.000	0.2285
6983.900	0.2300
6984.800	0.2269
6985.700	0.2245
6986.600	0.2252
6987.500	0.2254
6988.400	0.2205
6989.300	0.2145
6990.200	0.2156
6991.100	0.2237
6992.000	0.2318
6992.900	0.2349
6993.800	0.2309
6994.700	0.2241
6995.600	0.2234
6996.500	0.2288
6997.400	0.2309
6998.300	0.2238
6999.200	0.2093
7000.100	0.1973
7001.000	0.1986
7001.900	0.2109
7002.800	0.2205
7003.700	0.2190
7004.600	0.2134
7005.500	0.2131
7006.400	0.2160
7007.300	0.2178
7008.200	0.2190
7009.100	0.2201
7010.000	0.2212
7010.900	0.2212
7011.800	0.2197
7012.700	0.2199
7013.600	0.2200
7014.500	0.2117
7015.400	0.1940
7016.300	0.1804
7017.200	0.1859
7018.100	0.2042
7019.000	0.2169
7019.900	0.2195
7020.800	0.2197
7021.700	0.2204
7022.600	0.2158
7023.500	0.2048
7024.400	0.1959
7025.300	0.1964
7026.200	0.2056
7027.100	0.2166
7028.000	0.2228
7028.900	0.2233
7029.800	0.2215
7030.700	0.2201
7031.600	0.2179
7032.500	0.2161
7033.400	0.2182
7034.300	0.2247
7035.200	0.2323
7036.100	0.2351
7037.000	0.2248
7037.900	0.2036
7038.800	0.1918
7039.700	0.2047
7040.600	0.2309
7041.500	0.2502
7042.400	0.2567
7043.300	0.2526
7044.200	0.2380
7045.100	0.2211
7046.000	0.2172
7046.900	0.2287
7047.800	0.2432
7048.700	0.2521
7049.600	0.2530
7050.500	0.2464
7051.400	0.2312
7052.300	0.2103
7053.200	0.1979
7054.100	0.2037
7055.000	0.2198
7055.900	0.2367
7056.800	0.2475
7057.700	0.2475
7058.600	0.2361
7059.500	0.2201
7060.400	0.2111
7061.300	0.2136
7062.200	0.2198
7063.100	0.2254
7064.000	0.2328
7064.900	0.2337
7065.800	0.2177
7066.700	0.1963
7067.600	0.1864
7068.500	0.1898
7069.400	0.2037
7070.300	0.2227
7071.200	0.2362
7072.100	0.2394
7073.000	0.2375
7073.900	0.2345
7074.800	0.2297
7075.700	0.2233
7076.600	0.2207
7077.500	0.2264
7078.400	0.2352
7079.300	0.2409
7080.200	0.2450
7081.100	0.2461
7082.000	0.2389
7082.900	0.2248
7083.800	0.2077
7084.700	0.1940
7085.600	0.1937
7086.500	0.2047
7087.400	0.2132
7088.300	0.2147
7089.200	0.2110
7090.100	0.2044
7091.000	0.2025
7091.900	0.2053
7092.800	0.2048
7093.700	0.2045
7094.600	0.2094
7095.500	0.2138
7096.400	0.2163
7097.300	0.2186
7098.200	0.2204
7099.100	0.2223
7100.000	0.2233
7100.900	0.2192
7101.800	0.2093
7102.700	0.2028
7103.600	0.2073
7104.500	0.2181
7105.400	0.2230
7106.300	0.2158
7107.200	0.2050
7108.100	0.2024
7109.000	0.2071
7109.900	0.2066
7110.800	0.1975
7111.700	0.1916
7112.600	0.1963
7113.500	0.2060
7114.400	0.2115
7115.300	0.2122
7116.200	0.2118
7117.100	0.2097
7118.000	0.2068
7118.900	0.2038
7119.800	0.2006
7120.700	0.1996
7121.600	0.1975
7122.500	0.1942
7123.400	0.1991
7124.300	0.2082
7125.200	0.2087
7126.100	0.2028
7127.000	0.2017
7127.900	0.2044
7128.800	0.2022
7129.700	0.1913
7130.600	0.1802
7131.500	0.1802
7132.400	0.1904
7133.300	0.2036
7134.200	0.2149
7135.100	0.2180
7136.000	0.2157
7136.900	0.2189
7137.800	0.2217
7138.700	0.2122
7139.600	0.1992
7140.500	0.2008
7141.400	0.2129
7142.300	0.2177
7143.200	0.2138
7144.100	0.2103
7145.000	0.2101
7145.900	0.2111
7146.800	0.2064
7147.700	0.1927
7148.600	0.1820
7149.500	0.1837
7150.400	0.1903
7151.300	0.1971
7152.200	0.2080
7153.100	0.2184
7154.000	0.2181
7154.900	0.2074
7155.800	0.2016
7156.700	0.2112
7157.600	0.2222
7158.500	0.2206
7159.400	0.2110
7160.300	0.2039
7161.200	0.2071
7162.100	0.2169
7163.000	0.2174
7163.900	0.2022
7164.800	0.1855
7165.700	0.1837
7166.600	0.1968
7167.500	0.2136
7168.400	0.2224
7169.300	0.2193
7170.200	0.2126
7171.100	0.2128
7172.000	0.2199
7172.900	0.2272
7173.800	0.2277
7174.700	0.2191
7175.600	0.2073
7176.500	0.2051
7177.400	0.2174
7178.300	0.2269
7179.200	0.2165
7180.100	0.1931
7181.000	0.1778
7181.900	0.1844
7182.800	0.2051
7183.700	0.2221
7184.600	0.2262
7185.500	0.2197
7186.400	0.2055
7187.300	0.1869
7188.200	0.1744
7189.100	0.1743
7190.000	0.1841
7190.900	0.1976
7191.800	0.2047
7192.700	0.2023
7193.600	0.1988
7194.500	0.2028
7195.400	0.2108
7196.300	0.2107
7197.200	0.2028
7198.100	0.1987
7199.000	0.1995
7199.900	0.1993
7200.800	0.1969
7201.700	0.1950
7202.600	0.1979
7203.500	0.2081
7204.400	0.2184
7205.300	0.2179
7206.200	0.2037
7207.100	0.1837
7208.000	0.1726
7208.900	0.1772
7209.800	0.1942
7210.700	0.2160
7211.600	0.2275
7212.500	0.2204
7213.400	0.2048
7214.300	0.1949
7215.200	0.1942
7216.100	0.1988
7217.000	0.2072
7217.900	0.2167
7218.800	0.2207
7219.700	0.2173
7220.600	0.2098
7221.500	0.2031
7222.400	0.1979
7223.300	0.1944
7224.200	0.1988
7225.100	0.2127
7226.000	0.2260
7226.900	0.2299
7227.800	0.2224
7228.700	0.2103
7229.600	0.2070
7230.500	0.2164
7231.400	0.2276
7232.300	0.2318
7233.200	0.2311
7234.100	0.2318
7235.000	0.2307
7235.900	0.2214
7236.800	0.2099
7237.700	0.2059
7238.600	0.2081
7239.500	0.2102
7240.400	0.2129
7241.300	0.2192
7242.200	0.2262
7243.100	0.2265
7244.000	0.2145
7244.900	0.1977
7245.800	0.1926
7246.700	0.2055
7247.600	0.2245
7248.500	0.2350
7249.400	0.2322
7250.300	0.2201
7251.200	0.2062
7252.100	0.1977
7253.000	0.1984
7253.900	0.2029
7254.800	0.2056
7255.700	0.2115
7256.600	0.2225
7257.500	0.2289
7258.400	0.2243
7259.300	0.2144
7260.200	0.2023
7261.100	0.1883
7262.000	0.1828
7262.900	0.1914
7263.800	0.2020
7264.700	0.2082
7265.600	0.2137
7266.500	0.2192
7267.400	0.2233
7268.300	0.2254
7269.200	0.2250
7270.100	0.2215
7271.000	0.2154
7271.900	0.2104
7272.800	0.2085
7273.700	0.2091
7274.600	0.2120
7275.500	0.2183
7276.400	0.2234
7277.300	0.2198
7278.200	0.2102
7279.100	0.2048
7280.000	0.2045
7280.900	0.2003
7281.800	0.1874
7282.700	0.1759
7283.600	0.1756
7284.500	0.1839
7285.400	0.1968
7286.300	0.2091
7287.200	0.2111
7288.100	0.2005
7289.000	0.1887
7289.900	0.1842
7290.800	0.1798
7291.700	0.1717
7292.600	0.1698
7293.500	0.1800
7294.400	0.1966
7295.300	0.2128
7296.200	0.2236
7297.100	0.2235
7298.000	0.2131
7298.900	0.2035
7299.800	0.2009
7300.700	0.2023
7301.600	0.2030
7302.500	0.2035
7303.400	0.2063
7304.300	0.2121
7305.200	0.2163
7306.100	0.2136
7307.000	0.2050
7307.900	0.1970
7308.800	0.1986
7309.700	0.2085
7310.600	0.2103
7311.500	0.2021
7312.400	0.1982
7313.300	0.2045
7314.200	0.2145
7315.100	0.2179
7316.000	0.2117
7316.900	0.2027
7317.800	0.1982
7318.700	0.2004
7319.600	0.2058
7320.500	0.2098
7321.400	0.2114
7322.300	0.2076
7323.200	0.1959
7324.100	0.1847
7325.000	0.1827
7325.900	0.1873
7326.800	0.1968
7327.700	0.2085
7328.600	0.2132
7329.500	0.2096
7330.400	0.2075
7331.300	0.2096
7332.200	0.2109
7333.100	0.2075
7334.000	0.2037
7334.900	0.2064
7335.800	0.2145
7336.700	0.2216
7337.600	0.2232
7338.500	0.2199
7339.400	0.2151
7340.300	0.2143
7341.200	0.2201
7342.100	0.2249
7343.000	0.2182
7343.900	0.2013
7344.800	0.1910
7345.700	0.1977
7346.600	0.2106
7347.500	0.2187
7348.400	0.2209
7349.300	0.2155
7350.200	0.2053
7351.100	0.2004
7352.000	0.2046
7352.900	0.2092
7353.800	0.2058
7354.700	0.1935
7355.600	0.1783
7356.500	0.1731
7357.400	0.1840
7358.300	0.2034
7359.200	0.2196
7360.100	0.2243
7361.000	0.2180
7361.900	0.2065
7362.800	0.1964
7363.700	0.1937
7364.600	0.1992
7365.500	0.2077
7366.400	0.2127
7367.300	0.2139
7368.200	0.2118
7369.100	0.2067
7370.000	0.2059
7370.900	0.2139
7371.800	0.2222
7372.700	0.2245
7373.600	0.2223
7374.500	0.2178
7375.400	0.2133
7376.300	0.2111
7377.200	0.2133
7378.100	0.2204
7379.000	0.2270
7379.900	0.2263
7380.800	0.2168
7381.700	0.2050
7382.600	0.1987
7383.500	0.1985
7384.400	0.1972
7385.300	0.1918
7386.200	0.1902
7387.100	0.1936
7388.000	0.1933
7388.900	0.1862
7389.800	0.1814
7390.700	0.1880
7391.600	0.1984
7392.500	0.1999
7393.400	0.1962
7394.300	0.1996
7395.200	0.2088
7396.100	0.2129
7397.000	0.2103
7397.900	0.2060
7398.800	0.2018
7399.700	0.1969
7400.600	0.1944
7401.500	0.1989
7402.400	0.2092
7403.300	0.2194
7404.200	0.2241
7405.100	0.2199
7406.000	0.2122
7406.900	0.2090
7407.800	0.2075
7408.700	0.2014
7409.600	0.1948
7410.500	0.1948
7411.400	0.2007
7412.300	0.1695
7413.200	0.0394
7414.100	0.0008
7415.000	0.0000
7415.900	0.0000
7416.800	0.0000
7417.700	0.0000
7418.600	0.0000
7419.500	0.0000
7420.400	0.0000
7421.300	0.0000
7422.200	0.0000
7423.100	0.0000
7424.000	0.0000
7424.900	0.0000
7425.800	0.0000
7426.700	0.0000
7427.600	0.0000
7428.500	0.0000
