3500.0000 0
3500.9000 0
3501.8000 0
3502.7000 0
3503.6000 0
3504.5000 0
3505.4000 0
3506.3000 0
3507.2000 0
3508.1000 0
3509.0000 0
3509.9000 0
3510.8000 0
3511.7000 0
3512.6000 0
3513.5000 0
3514.4000 0
3515.3000 0
3516.2000 0
3517.1000 0
3518.0000 0
3518.9000 0
3519.8000 0
3520.7000 0
3521.6000 0
3522.5000 0
3523.4000 0
3524.3000 0
3525.2000 0
3526.1000 0
3527.0000 0
3527.9000 0
3528.8000 0
3529.7000 0
3530.6000 0
3531.5000 0
3532.4000 0
3533.3000 0
3534.2000 0
3535.1000 0.00240494
3536.0000 0.07433363
3536.9000 0.07739256
3537.8000 0.08011304
3538.7000 0.08684473
3539.6000 0.08928224
3540.5000 0.0834817
3541.4000 0.07604877
3542.3000 0.07395726
3543.2000 0.07529736
3544.1000 0.07947818
3545.0000 0.08258259
3545.9000 0.08103604
3546.8000 0.07419731
3547.7000 0.06803174
3548.6000 0.06845392
3549.5000 0.07117451
3550.4000 0.06970701
3551.3000 0.06672103
3552.2000 0.06413618
3553.1000 0.06002653
3554.0000 0.05987109
3554.9000 0.06751169
3555.8000 0.07296967
3556.7000 0.07084893
3557.6000 0.06488559
3558.5000 0.05929065
3559.4000 0.06059599
3560.3000 0.0639445
3561.2000 0.06576297
3562.1000 0.06883468
3563.0000 0.07060732
3563.9000 0.06285441
3564.8000 0.04821556
3565.7000 0.03973826
3566.6000 0.0420296
3567.5000 0.04628334
3568.4000 0.04341268
3569.3000 0.03608707
3570.2000 0.03242518
3571.1000 0.03355546
3572.0000 0.04175584
3572.9000 0.04991865
3573.8000 0.0522935
3574.7000 0.05062605
3575.6000 0.04964186
3576.5000 0.04762177
3577.4000 0.03980319
3578.3000 0.03072679
3579.2000 0.02730598
3580.1000 0.02473646
3581.0000 0.02336989
3581.9000 0.03063072
3582.8000 0.04278255
3583.7000 0.04607376
3584.6000 0.03741629
3585.5000 0.02993914
3586.4000 0.02975261
3587.3000 0.03503294
3588.2000 0.04074336
3589.1000 0.04362981
3590.0000 0.05084662
3590.9000 0.06082001
3591.8000 0.05828297
3592.7000 0.04370229
3593.6000 0.03778606
3594.5000 0.04640291
3595.4000 0.06084318
3596.3000 0.07335009
3597.2000 0.07796869
3598.1000 0.08158914
3599.0000 0.09040727
3599.9000 0.0964713
3600.8000 0.09026442
3601.7000 0.07538005
3602.6000 0.06161366
3603.5000 0.05134021
3604.4000 0.04190425
3605.3000 0.03761151
3606.2000 0.04406549
3607.1000 0.05018292
3608.0000 0.04225679
3608.9000 0.03156846
3609.8000 0.0338372
3610.7000 0.04642083
3611.6000 0.05552577
3612.5000 0.05536856
3613.4000 0.05935756
3614.3000 0.07109125
3615.2000 0.08070832
3616.1000 0.07756875
3617.0000 0.06104352
3617.9000 0.04093114
3618.8000 0.03199881
3619.7000 0.04061835
3620.6000 0.0564087
3621.5000 0.07549601
3622.4000 0.0881919
3623.3000 0.08267984
3624.2000 0.07616977
3625.1000 0.08889543
3626.0000 0.10983746
3626.9000 0.11329827
3627.8000 0.10342091
3628.7000 0.09301784
3629.6000 0.07687788
3630.5000 0.0523761
3631.4000 0.03916778
3632.3000 0.04635993
3633.2000 0.05693816
3634.1000 0.05918077
3635.0000 0.0607195
3635.9000 0.06837764
3636.8000 0.07747579
3637.7000 0.08728703
3638.6000 0.09978821
3639.5000 0.10630603
3640.4000 0.10350372
3641.3000 0.09413489
3642.2000 0.08633669
3643.1000 0.08420749
3644.0000 0.07835484
3644.9000 0.06873265
3645.8000 0.06329064
3646.7000 0.05637642
3647.6000 0.04598078
3648.5000 0.0461611
3649.4000 0.05869369
3650.3000 0.07246056
3651.2000 0.08073633
3652.1000 0.08491971
3653.0000 0.08698601
3653.9000 0.08974365
3654.8000 0.09617386
3655.7000 0.10369752
3656.6000 0.10937609
3657.5000 0.11394314
3658.4000 0.11851454
3659.3000 0.11696294
3660.2000 0.11297715
3661.1000 0.11041565
3662.0000 0.10231591
3662.9000 0.09271749
3663.8000 0.09384371
3664.7000 0.1043376
3665.6000 0.10797187
3666.5000 0.10435187
3667.4000 0.09896732
3668.3000 0.08761397
3669.2000 0.07625806
3670.1000 0.07776561
3671.0000 0.09093096
3671.9000 0.10403669
3672.8000 0.108554
3673.7000 0.10553074
3674.6000 0.10538998
3675.5000 0.10520767
3676.4000 0.09504908
3677.3000 0.08749344
3678.2000 0.08128534
3679.1000 0.0697301
3680.0000 0.06869865
3680.9000 0.08119308
3681.8000 0.09071118
3682.7000 0.09234818
3683.6000 0.09156278
3684.5000 0.08340306
3685.4000 0.06908439
3686.3000 0.05410474
3687.2000 0.04577997
3688.1000 0.05327718
3689.0000 0.06980088
3689.9000 0.09099506
3690.8000 0.11424042
3691.7000 0.11885427
3692.6000 0.1002963
3693.5000 0.08611219
3694.4000 0.08815702
3695.3000 0.09352036
3696.2000 0.0966608
3697.1000 0.10346346
3698.0000 0.11595444
3698.9000 0.12377368
3699.8000 0.12050595
3700.7000 0.11280262
3701.6000 0.10783657
3702.5000 0.09930189
3703.4000 0.07852859
3704.3000 0.05579914
3705.2000 0.04735034
3706.1000 0.05250925
3707.0000 0.05596457
3707.9000 0.05087009
3708.8000 0.04914857
3709.7000 0.06406111
3710.6000 0.08948099
3711.5000 0.10849058
3712.4000 0.1188249
3713.3000 0.12619258
3714.2000 0.12454393
3715.1000 0.1119071
3716.0000 0.09748268
3716.9000 0.08322618
3717.8000 0.06504086
3718.7000 0.04428539
3719.6000 0.03081027
3720.5000 0.0295403
3721.4000 0.03431809
3722.3000 0.04428109
3723.2000 0.05854093
3724.1000 0.07144299
3725.0000 0.08117118
3725.9000 0.07936618
3726.8000 0.06423616
3727.7000 0.05708183
3728.6000 0.06592521
3729.5000 0.06962129
3730.4000 0.06322959
3731.3000 0.05581915
3732.2000 0.04633732
3733.1000 0.03494653
3734.0000 0.02616154
3734.9000 0.02472713
3735.8000 0.02722372
3736.7000 0.03065311
3737.6000 0.03880752
3738.5000 0.05086291
3739.4000 0.06270947
3740.3000 0.06931789
3741.2000 0.06774411
3742.1000 0.05958014
3743.0000 0.05049607
3743.9000 0.04486406
3744.8000 0.03816771
3745.7000 0.03438027
3746.6000 0.03623746
3747.5000 0.0337334
3748.4000 0.02724989
3749.3000 0.02802198
3750.2000 0.04135597
3751.1000 0.05683843
3752.0000 0.06518213
3752.9000 0.07233976
3753.8000 0.08507838
3754.7000 0.09561768
3755.6000 0.09320083
3756.5000 0.07487394
3757.4000 0.05189094
3758.3000 0.04306537
3759.2000 0.05098176
3760.1000 0.06348304
3761.0000 0.07081468
3761.9000 0.07016559
3762.8000 0.06114546
3763.7000 0.05617489
3764.6000 0.06253149
3765.5000 0.06427394
3766.4000 0.05720092
3767.3000 0.05783569
3768.2000 0.07523379
3769.1000 0.09630363
3770.0000 0.10365923
3770.9000 0.10358912
3771.8000 0.1102725
3772.7000 0.11618345
3773.6000 0.1110277
3774.5000 0.1018642
3775.4000 0.09823082
3776.3000 0.099605
3777.2000 0.10055834
3778.1000 0.10316722
3779.0000 0.11061115
3779.9000 0.11611705
3780.8000 0.1150583
3781.7000 0.11310985
3782.6000 0.11541405
3783.5000 0.12044261
3784.4000 0.11750877
3785.3000 0.09943386
3786.2000 0.0768735
3787.1000 0.06228377
3788.0000 0.05729128
3788.9000 0.05735801
3789.8000 0.06205193
3790.7000 0.07292478
3791.6000 0.08042688
3792.5000 0.07745455
3793.4000 0.06895837
3794.3000 0.06295869
3795.2000 0.06513094
3796.1000 0.0698671
3797.0000 0.06590606
3797.9000 0.05326369
3798.8000 0.04734679
3799.7000 0.05829682
3800.6000 0.07624669
3801.5000 0.09030706
3802.4000 0.0991783
3803.3000 0.10527039
3804.2000 0.10741454
3805.1000 0.10279997
3806.0000 0.09134847
3806.9000 0.07859076
3807.8000 0.07929716
3808.7000 0.09139635
3809.6000 0.09792563
3810.5000 0.0962634
3811.4000 0.08994513
3812.3000 0.08150403
3813.2000 0.07118795
3814.1000 0.06195484
3815.0000 0.05486723
3815.9000 0.05365742
3816.8000 0.05987957
3817.7000 0.05908157
3818.6000 0.04920126
3819.5000 0.03776374
3820.4000 0.03260201
3821.3000 0.04040214
3822.2000 0.04871251
3823.1000 0.04586941
3824.0000 0.03814713
3824.9000 0.0326295
3825.8000 0.03278821
3826.7000 0.03841954
3827.6000 0.04489207
3828.5000 0.05171204
3829.4000 0.05995784
3830.3000 0.06383306
3831.2000 0.05802729
3832.1000 0.04746292
3833.0000 0.03968356
3833.9000 0.03937751
3834.8000 0.04910751
3835.7000 0.06172774
3836.6000 0.06497675
3837.5000 0.05930939
3838.4000 0.05210504
3839.3000 0.04534145
3840.2000 0.04118412
3841.1000 0.04666208
3842.0000 0.06317275
3842.9000 0.07883865
3843.8000 0.08473138
3844.7000 0.08401588
3845.6000 0.08231065
3846.5000 0.08296753
3847.4000 0.08377452
3848.3000 0.07669114
3849.2000 0.0642243
3850.1000 0.0605251
3851.0000 0.06970822
3851.9000 0.0789849
3852.8000 0.0804825
3853.7000 0.07956322
3854.6000 0.07498144
3855.5000 0.06510455
3856.4000 0.06018016
3857.3000 0.06053996
3858.2000 0.05459263
3859.1000 0.04460502
3860.0000 0.04333088
3860.9000 0.05485217
3861.8000 0.07021149
3862.7000 0.07834888
3863.6000 0.07572164
3864.5000 0.06792959
3865.4000 0.06599464
3866.3000 0.07169302
3867.2000 0.07609167
3868.1000 0.07676665
3869.0000 0.07571719
3869.9000 0.07278734
3870.8000 0.0677267
3871.7000 0.05953228
3872.6000 0.05660223
3873.5000 0.06599417
3874.4000 0.07701832
3875.3000 0.07696954
3876.2000 0.06892255
3877.1000 0.05864608
3878.0000 0.05421858
3878.9000 0.0641367
3879.8000 0.07657302
3880.7000 0.07474669
3881.6000 0.06680351
3882.5000 0.07267997
3883.4000 0.08640485
3884.3000 0.08639039
3885.2000 0.06667688
3886.1000 0.04815016
3887.0000 0.04902457
3887.9000 0.06072309
3888.8000 0.07240441
3889.7000 0.08204617
3890.6000 0.0941156
3891.5000 0.11003376
3892.4000 0.11969887
3893.3000 0.11487424
3894.2000 0.10070826
3895.1000 0.08894783
3896.0000 0.09038495
3896.9000 0.09688541
3897.8000 0.09269001
3898.7000 0.08389591
3899.6000 0.08192524
3900.5000 0.09352221
3901.4000 0.10648859
3902.3000 0.10375631
3903.2000 0.09955292
3904.1000 0.10148585
3905.0000 0.09255777
3905.9000 0.07982042
3906.8000 0.08314664
3907.7000 0.09916343
3908.6000 0.11666766
3909.5000 0.12678337
3910.4000 0.12593195
3911.3000 0.12080639
3912.2000 0.11855083
3913.1000 0.11939464
3914.0000 0.11967672
3914.9000 0.11645238
3915.8000 0.10827486
3916.7000 0.1010619
3917.6000 0.09877972
3918.5000 0.09431754
3919.4000 0.08339027
3920.3000 0.07195256
3921.2000 0.06661216
3922.1000 0.06654838
3923.0000 0.0707622
3923.9000 0.07650267
3924.8000 0.07710607
3925.7000 0.07266154
3926.6000 0.06550319
3927.5000 0.05605371
3928.4000 0.0471045
3929.3000 0.03934044
3930.2000 0.03239193
3931.1000 0.02686695
3932.0000 0.02342935
3932.9000 0.02298386
3933.8000 0.02377988
3934.7000 0.02388193
3935.6000 0.02601303
3936.5000 0.03347642
3937.4000 0.04413902
3938.3000 0.05539853
3939.2000 0.06386506
3940.1000 0.06678368
3941.0000 0.06648291
3941.9000 0.06606437
3942.8000 0.06168116
3943.7000 0.05609224
3944.6000 0.06632262
3945.5000 0.0883723
3946.4000 0.10125451
3947.3000 0.09954237
3948.2000 0.094661
3949.1000 0.10125832
3950.0000 0.11850159
3950.9000 0.12867208
3951.8000 0.12077913
3952.7000 0.11464694
3953.6000 0.12815426
3954.5000 0.14110415
3955.4000 0.13060382
3956.3000 0.11154655
3957.2000 0.10455062
3958.1000 0.10562447
3959.0000 0.10652538
3959.9000 0.09504643
3960.8000 0.07060297
3961.7000 0.05303303
3962.6000 0.05316255
3963.5000 0.05802608
3964.4000 0.05547106
3965.3000 0.04767301
3966.2000 0.03686509
3967.1000 0.0277962
3968.0000 0.0255236
3968.9000 0.02789335
3969.8000 0.03309446
3970.7000 0.03994305
3971.6000 0.04808392
3972.5000 0.05673976
3973.4000 0.06651372
3974.3000 0.07992023
3975.2000 0.09221846
3976.1000 0.1014187
3977.0000 0.11138777
3977.9000 0.12313895
3978.8000 0.13542341
3979.7000 0.14518628
3980.6000 0.14470421
3981.5000 0.13385029
3982.4000 0.13024749
3983.3000 0.13832729
3984.2000 0.14959601
3985.1000 0.16313484
3986.0000 0.1739343
3986.9000 0.17839122
3987.8000 0.17932685
3988.7000 0.17074516
3989.6000 0.15679763
3990.5000 0.15686876
3991.4000 0.16794637
3992.3000 0.17787671
3993.2000 0.18443473
3994.1000 0.18103604
3995.0000 0.17068437
3995.9000 0.16361041
3996.8000 0.159981
3997.7000 0.15944071
3998.6000 0.1720788
3999.5000 0.19423506
4000.4000 0.20674455
4001.3000 0.21151564
4002.2000 0.21665895
4003.1000 0.21420304
4004.0000 0.19120115
4004.9000 0.15897495
4005.8000 0.15218256
4006.7000 0.17275843
4007.6000 0.19225125
4008.5000 0.20065753
4009.4000 0.20622368
4010.3000 0.20987332
4011.2000 0.20675683
4012.1000 0.20693
4013.0000 0.21524644
4013.9000 0.22403179
4014.8000 0.23469095
4015.7000 0.24273653
4016.6000 0.23565705
4017.5000 0.22439989
4018.4000 0.22839423
4019.3000 0.23577337
4020.2000 0.23164618
4021.1000 0.22276412
4022.0000 0.21662314
4022.9000 0.20944321
4023.8000 0.19604976
4024.7000 0.19600616
4025.6000 0.21785904
4026.5000 0.23864818
4027.4000 0.25507757
4028.3000 0.26568878
4029.2000 0.23928827
4030.1000 0.1807375
4031.0000 0.14311454
4031.9000 0.13561945
4032.8000 0.12998173
4033.7000 0.13387655
4034.6000 0.16060196
4035.5000 0.20128973
4036.4000 0.24239728
4037.3000 0.26542106
4038.2000 0.26634428
4039.1000 0.25446796
4040.0000 0.23815474
4040.9000 0.23186187
4041.8000 0.23507845
4042.7000 0.22678493
4043.6000 0.1910632
4044.5000 0.13910349
4045.4000 0.1073571
4046.3000 0.12159328
4047.2000 0.16971663
4048.1000 0.21572393
4049.0000 0.24239968
4049.9000 0.25726187
4050.8000 0.26468408
4051.7000 0.26427671
4052.6000 0.25695398
4053.5000 0.24257345
4054.4000 0.22451265
4055.3000 0.21653554
4056.2000 0.21500452
4057.1000 0.20264229
4058.0000 0.19385606
4058.9000 0.20762284
4059.8000 0.23309183
4060.7000 0.24427894
4061.6000 0.21962406
4062.5000 0.16768241
4063.4000 0.13299295
4064.3000 0.15303282
4065.2000 0.20070089
4066.1000 0.22238111
4067.0000 0.21922429
4067.9000 0.22975072
4068.8000 0.25703579
4069.7000 0.25971669
4070.6000 0.21694183
4071.5000 0.17591229
4072.4000 0.19060576
4073.3000 0.23675583
4074.2000 0.25447768
4075.1000 0.2275741
4076.0000 0.18215166
4076.9000 0.15259439
4077.8000 0.15978749
4078.7000 0.19715865
4079.6000 0.24491075
4080.5000 0.28427014
4081.4000 0.29341477
4082.3000 0.27370963
4083.2000 0.25894812
4084.1000 0.26014739
4085.0000 0.25911996
4085.9000 0.2602511
4086.8000 0.28285375
4087.7000 0.31954962
4088.6000 0.34104657
4089.5000 0.33516073
4090.4000 0.31614304
4091.3000 0.29554772
4092.2000 0.28505051
4093.1000 0.29581258
4094.0000 0.29974017
4094.9000 0.26542863
4095.8000 0.22108622
4096.7000 0.20814978
4097.6000 0.21942103
4098.5000 0.22549376
4099.4000 0.21173529
4100.3000 0.18376686
4101.2000 0.17146055
4102.1000 0.19115156
4103.0000 0.21740131
4103.9000 0.23158699
4104.8000 0.25159338
4105.7000 0.28054452
4106.6000 0.29332298
4107.5000 0.28803024
4108.4000 0.27829891
4109.3000 0.25838965
4110.2000 0.23056829
4111.1000 0.21192226
4112.0000 0.21484827
4112.9000 0.23669635
4113.8000 0.25496837
4114.7000 0.25664574
4115.6000 0.2537379
4116.5000 0.25389868
4117.4000 0.24144506
4118.3000 0.21551207
4119.2000 0.21362512
4120.1000 0.23730633
4121.0000 0.24601287
4121.9000 0.23871633
4122.8000 0.23706096
4123.7000 0.25607201
4124.6000 0.28945631
4125.5000 0.30300534
4126.4000 0.28944382
4127.3000 0.26714492
4128.2000 0.24658744
4129.1000 0.23057126
4130.0000 0.21955197
4130.9000 0.20819138
4131.8000 0.19229537
4132.7000 0.18798734
4133.6000 0.19979602
4134.5000 0.21910053
4135.4000 0.24641064
4136.3000 0.26207772
4137.2000 0.26102656
4138.1000 0.26382461
4139.0000 0.26440111
4139.9000 0.25803033
4140.8000 0.24573426
4141.7000 0.20483743
4142.6000 0.14800277
4143.5000 0.12769447
4144.4000 0.16001479
4145.3000 0.20933886
4146.2000 0.23924123
4147.1000 0.24909714
4148.0000 0.24758939
4148.9000 0.23474988
4149.8000 0.22190368
4150.7000 0.21940833
4151.6000 0.2181372
4152.5000 0.21777016
4153.4000 0.22639091
4154.3000 0.23431736
4155.2000 0.23315281
4156.1000 0.23384301
4157.0000 0.25030398
4157.9000 0.27494571
4158.8000 0.28356802
4159.7000 0.27541468
4160.6000 0.27079788
4161.5000 0.28303051
4162.4000 0.30031595
4163.3000 0.29421529
4164.2000 0.26346338
4165.1000 0.24193184
4166.0000 0.2399479
4166.9000 0.23671645
4167.8000 0.23249994
4168.7000 0.23960254
4169.6000 0.25332689
4170.5000 0.25252342
4171.4000 0.21988145
4172.3000 0.18061484
4173.2000 0.1719569
4174.1000 0.1897434
4175.0000 0.21189706
4175.9000 0.22594175
4176.8000 0.22738113
4177.7000 0.22926331
4178.6000 0.24546824
4179.5000 0.26218846
4180.4000 0.25806212
4181.3000 0.23959035
4182.2000 0.23485784
4183.1000 0.25432807
4184.0000 0.28310627
4184.9000 0.30099118
4185.8000 0.28786266
4186.7000 0.25349382
4187.6000 0.24404348
4188.5000 0.26511735
4189.4000 0.27129832
4190.3000 0.25292584
4191.2000 0.2462976
4192.1000 0.27215922
4193.0000 0.29991129
4193.9000 0.29660779
4194.8000 0.27275485
4195.7000 0.24724348
4196.6000 0.22816956
4197.5000 0.21373181
4198.4000 0.20523696
4199.3000 0.21067956
4200.2000 0.2140017
4201.1000 0.2006738
4202.0000 0.19727869
4202.9000 0.22103101
4203.8000 0.2387702
4204.7000 0.24082151
4205.6000 0.25429532
4206.5000 0.27858278
4207.4000 0.30361789
4208.3000 0.31692159
4209.2000 0.30588433
4210.1000 0.28818581
4211.0000 0.29145619
4211.9000 0.30183163
4212.8000 0.29244086
4213.7000 0.26290879
4214.6000 0.22594108
4215.5000 0.2207105
4216.4000 0.27178359
4217.3000 0.32895601
4218.2000 0.35012999
4219.1000 0.3531692
4220.0000 0.35260993
4220.9000 0.34411183
4221.8000 0.31288749
4222.7000 0.26271516
4223.6000 0.21196644
4224.5000 0.15752523
4225.4000 0.09992588
4226.3000 0.06321345
4227.2000 0.07449498
4228.1000 0.12918562
4229.0000 0.19494802
4229.9000 0.25492659
4230.8000 0.30063975
4231.7000 0.30519673
4232.6000 0.27667743
4233.5000 0.26285377
4234.4000 0.27053848
4235.3000 0.26971641
4236.2000 0.26647308
4237.1000 0.28165558
4238.0000 0.30008209
4238.9000 0.30440092
4239.8000 0.30320194
4240.7000 0.31147796
4241.6000 0.32959127
4242.5000 0.35394663
4243.4000 0.39212668
4244.3000 0.42589247
4245.2000 0.41726339
4246.1000 0.37389103
4247.0000 0.34027916
4247.9000 0.33069912
4248.8000 0.31673682
4249.7000 0.27731022
4250.6000 0.24470954
4251.5000 0.25410441
4252.4000 0.27204108
4253.3000 0.24903207
4254.2000 0.2158324
4255.1000 0.23591127
4256.0000 0.29864073
4256.9000 0.341847
4257.8000 0.33424324
4258.7000 0.29691982
4259.6000 0.26084462
4260.5000 0.24709105
4261.4000 0.27548382
4262.3000 0.33251485
4263.2000 0.38297096
4264.1000 0.41258064
4265.0000 0.42546013
4265.9000 0.42138624
4266.8000 0.39522851
4267.7000 0.35963321
4268.6000 0.33087748
4269.5000 0.29547876
4270.4000 0.23464805
4271.3000 0.18091291
4272.2000 0.18175185
4273.1000 0.20763721
4274.0000 0.20961654
4274.9000 0.21813935
4275.8000 0.26807055
4276.7000 0.33516431
4277.6000 0.38603947
4278.5000 0.39657372
4279.4000 0.36360297
4280.3000 0.32669392
4281.2000 0.31833744
4282.1000 0.32484034
4283.0000 0.33578607
4283.9000 0.34253451
4284.8000 0.33000648
4285.7000 0.31858799
4286.6000 0.32136276
4287.5000 0.31263861
4288.4000 0.26829553
4289.3000 0.21119742
4290.2000 0.19414461
4291.1000 0.22918074
4292.0000 0.28890648
4292.9000 0.32516277
4293.8000 0.31527761
4294.7000 0.31395844
4295.6000 0.33725554
4296.5000 0.34393874
4297.4000 0.32039812
4298.3000 0.26791143
4299.2000 0.21573949
4300.1000 0.21005078
4301.0000 0.24005872
4301.9000 0.25754473
4302.8000 0.26324698
4303.7000 0.27768967
4304.6000 0.27208331
4305.5000 0.23606919
4306.4000 0.1992085
4307.3000 0.17114174
4308.2000 0.16734987
4309.1000 0.19919875
4310.0000 0.25394401
4310.9000 0.313133
4311.8000 0.35045248
4312.7000 0.36041862
4313.6000 0.35004082
4314.5000 0.3601841
4315.4000 0.43941775
4316.3000 0.52417815
4317.2000 0.53909087
4318.1000 0.51348621
4319.0000 0.48724931
4319.9000 0.46178794
4320.8000 0.43330848
4321.7000 0.42606699
4322.6000 0.41462088
4323.5000 0.35918567
4324.4000 0.27781764
4325.3000 0.21494476
4326.2000 0.2374513
4327.1000 0.35050714
4328.0000 0.46371925
4328.9000 0.49898466
4329.8000 0.46846604
4330.7000 0.44618171
4331.6000 0.46559244
4332.5000 0.49275491
4333.4000 0.50986958
4334.3000 0.53423476
4335.2000 0.55419183
4336.1000 0.5140478
4337.0000 0.41266403
4337.9000 0.34590745
4338.8000 0.33174086
4339.7000 0.31334579
4340.6000 0.31740394
4341.5000 0.38181695
4342.4000 0.44598436
4343.3000 0.45586419
4344.2000 0.45702347
4345.1000 0.47823665
4346.0000 0.477727
4346.9000 0.46533576
4347.8000 0.49785417
4348.7000 0.55420417
4349.6000 0.54198718
4350.5000 0.44014353
4351.4000 0.3504554
4352.3000 0.35298944
4353.2000 0.40845162
4354.1000 0.44722897
4355.0000 0.4704344
4355.9000 0.50801861
4356.8000 0.53672194
4357.7000 0.51344776
4358.6000 0.45544809
4359.5000 0.42588988
4360.4000 0.44737357
4361.3000 0.48770773
4362.2000 0.51225173
4363.1000 0.5237655
4364.0000 0.55019361
4364.9000 0.57707506
4365.8000 0.55917096
4366.7000 0.49667606
4367.6000 0.44053456
4368.5000 0.43728948
4369.4000 0.47027633
4370.3000 0.49066684
4371.2000 0.49419066
4372.1000 0.48425058
4373.0000 0.4438875
4373.9000 0.38501447
4374.8000 0.35270834
4375.7000 0.38083988
4376.6000 0.45430464
4377.5000 0.51439369
4378.4000 0.52076501
4379.3000 0.48704928
4380.2000 0.45108065
4381.1000 0.41027698
4382.0000 0.32747564
4382.9000 0.22050063
4383.8000 0.17405166
4384.7000 0.23486692
4385.6000 0.34770885
4386.5000 0.41982922
4387.4000 0.43257275
4388.3000 0.42509845
4389.2000 0.41023895
4390.1000 0.39488092
4391.0000 0.40449253
4391.9000 0.43640199
4392.8000 0.4520447
4393.7000 0.43030825
4394.6000 0.41064316
4395.5000 0.45169771
4396.4000 0.53114462
4397.3000 0.56670552
4398.2000 0.5411225
4399.1000 0.48653024
4400.0000 0.43630815
4400.9000 0.4442341
4401.8000 0.49613139
4402.7000 0.47566736
4403.6000 0.35686985
4404.5000 0.25837708
4405.4000 0.26669076
4406.3000 0.32516775
4407.2000 0.34359157
4408.1000 0.34254223
4409.0000 0.3945457
4409.9000 0.48268184
4410.8000 0.53318268
4411.7000 0.54384661
4412.6000 0.53892291
4413.5000 0.48341367
4414.4000 0.38715392
4415.3000 0.3500903
4416.2000 0.39702836
4417.1000 0.46305001
4418.0000 0.51982051
4418.9000 0.5538184
4419.8000 0.54528201
4420.7000 0.50212544
4421.6000 0.45151162
4422.5000 0.43064716
4423.4000 0.46039066
4424.3000 0.50029713
4425.2000 0.50326812
4426.1000 0.48697111
4427.0000 0.48401359
4427.9000 0.49706322
4428.8000 0.4890511
4429.7000 0.44703543
4430.6000 0.4481858
4431.5000 0.50814056
4432.4000 0.5296191
4433.3000 0.4770965
4434.2000 0.40506789
4435.1000 0.37297305
4436.0000 0.4120976
4436.9000 0.49002576
4437.8000 0.55932719
4438.7000 0.60874355
4439.6000 0.60422653
4440.5000 0.53583193
4441.4000 0.46053678
4442.3000 0.42555052
4443.2000 0.43990347
4444.1000 0.49511033
4445.0000 0.56615645
4445.9000 0.59942043
4446.8000 0.58541989
4447.7000 0.58488488
4448.6000 0.58677387
4449.5000 0.54893363
4450.4000 0.5320363
4451.3000 0.55632722
4452.2000 0.55250114
4453.1000 0.51233816
4454.0000 0.46555334
4454.9000 0.43382645
4455.8000 0.44161677
4456.7000 0.46611986
4457.6000 0.464919
4458.5000 0.44262174
4459.4000 0.42289621
4460.3000 0.40653571
4461.2000 0.38620859
4462.1000 0.40828997
4463.0000 0.49046138
4463.9000 0.54313082
4464.8000 0.52658921
4465.7000 0.50580311
4466.6000 0.51134145
4467.5000 0.51193458
4468.4000 0.49211201
4469.3000 0.48225054
4470.2000 0.50088358
4471.1000 0.52426475
4472.0000 0.55513507
4472.9000 0.5976426
4473.8000 0.61305112
4474.7000 0.60035884
4475.6000 0.61412221
4476.5000 0.66542369
4477.4000 0.69622356
4478.3000 0.66665286
4479.2000 0.59558076
4480.1000 0.53049183
4481.0000 0.5012399
4481.9000 0.5094732
4482.8000 0.56062442
4483.7000 0.6309588
4484.6000 0.67875648
4485.5000 0.70218951
4486.4000 0.69459182
4487.3000 0.64404136
4488.2000 0.5712415
4489.1000 0.51827908
4490.0000 0.52105486
4490.9000 0.5750401
4491.8000 0.62651438
4492.7000 0.62358028
4493.6000 0.56090862
4494.5000 0.49045718
4495.4000 0.46441129
4496.3000 0.48919028
4497.2000 0.55387563
4498.1000 0.62858552
4499.0000 0.67443001
4499.9000 0.66713578
4500.8000 0.61970389
4501.7000 0.61349124
4502.6000 0.69052154
4503.5000 0.76957136
4504.4000 0.77927667
4505.3000 0.73429328
4506.2000 0.67984366
4507.1000 0.6566264
4508.0000 0.67295772
4508.9000 0.70096582
4509.8000 0.7168932
4510.7000 0.71203899
4511.6000 0.68219453
4512.5000 0.64356655
4513.4000 0.62256259
4514.3000 0.62511188
4515.2000 0.6428864
4516.1000 0.65183884
4517.0000 0.62764353
4517.9000 0.60230917
4518.8000 0.62674379
4519.7000 0.68706292
4520.6000 0.73416501
4521.5000 0.71338433
4522.4000 0.63829821
4523.3000 0.60167342
4524.2000 0.60760492
4525.1000 0.5878889
4526.0000 0.53619725
4526.9000 0.48520848
4527.8000 0.45495516
4528.7000 0.45934924
4529.6000 0.48931178
4530.5000 0.51735532
4531.4000 0.55306435
4532.3000 0.57940024
4533.2000 0.55301368
4534.1000 0.49496543
4535.0000 0.46690419
4535.9000 0.52821499
4536.8000 0.64529216
4537.7000 0.70060176
4538.6000 0.66955775
4539.5000 0.60878867
4540.4000 0.56339824
4541.3000 0.56838733
4542.2000 0.62063259
4543.1000 0.65300262
4544.0000 0.62263715
4544.9000 0.58669466
4545.8000 0.60067064
4546.7000 0.63368613
4547.6000 0.64357585
4548.5000 0.62109017
4549.4000 0.61416358
4550.3000 0.65209675
4551.2000 0.66504729
4552.1000 0.62348497
4553.0000 0.57970053
4553.9000 0.55358648
4554.8000 0.55560201
4555.7000 0.608482
4556.6000 0.68787998
4557.5000 0.73758024
4558.4000 0.74650586
4559.3000 0.72676766
4560.2000 0.69934982
4561.1000 0.70067108
4562.0000 0.69730693
4562.9000 0.64580262
4563.8000 0.59363341
4564.7000 0.58272821
4565.6000 0.61472905
4566.5000 0.68675363
4567.4000 0.74777722
4568.3000 0.75481194
4569.2000 0.72851402
4570.1000 0.67388326
4571.0000 0.60354561
4571.9000 0.6097123
4572.8000 0.69538635
4573.7000 0.73728126
4574.6000 0.70674443
4575.5000 0.69508964
4576.4000 0.71500617
4577.3000 0.70894945
4578.2000 0.66280776
4579.1000 0.60134768
4580.0000 0.57022828
4580.9000 0.59986198
4581.8000 0.66095638
4582.7000 0.68866229
4583.6000 0.67362356
4584.5000 0.65521324
4585.4000 0.63676733
4586.3000 0.63946295
4587.2000 0.69419199
4588.1000 0.75400788
4589.0000 0.77464461
4589.9000 0.75012088
4590.8000 0.69456732
4591.7000 0.65254688
4592.6000 0.64302307
4593.5000 0.62974513
4594.4000 0.60911977
4595.3000 0.61741078
4596.2000 0.63914299
4597.1000 0.64691848
4598.0000 0.66019899
4598.9000 0.6837399
4599.8000 0.66790658
4600.7000 0.64556378
4601.6000 0.66268665
4602.5000 0.6738646
4603.4000 0.66209066
4604.3000 0.64449811
4605.2000 0.6253553
4606.1000 0.6355319
4607.0000 0.70206314
4607.9000 0.79618132
4608.8000 0.84395516
4609.7000 0.82356769
4610.6000 0.77742237
4611.5000 0.74144
4612.4000 0.72521079
4613.3000 0.72497481
4614.2000 0.75364059
4615.1000 0.78095227
4616.0000 0.78328604
4616.9000 0.80456102
4617.8000 0.81942123
4618.7000 0.77863258
4619.6000 0.74285239
4620.5000 0.77459139
4621.4000 0.79844952
4622.3000 0.77574486
4623.2000 0.77012008
4624.1000 0.7777167
4625.0000 0.75870663
4625.9000 0.73738515
4626.8000 0.74821764
4627.7000 0.75937778
4628.6000 0.73823541
4629.5000 0.73554713
4630.4000 0.78480047
4631.3000 0.82307887
4632.2000 0.78242069
4633.1000 0.70957392
4634.0000 0.68557316
4634.9000 0.69645357
4635.8000 0.70636821
4636.7000 0.70180053
4637.6000 0.6790489
4638.5000 0.64741331
4639.4000 0.60870606
4640.3000 0.61552542
4641.2000 0.69252121
4642.1000 0.7498582
4643.0000 0.7398175
4643.9000 0.707524
4644.8000 0.66285127
4645.7000 0.58805591
4646.6000 0.54471779
4647.5000 0.57465267
4648.4000 0.63082075
4649.3000 0.67835253
4650.2000 0.71622992
4651.1000 0.74207282
4652.0000 0.75929451
4652.9000 0.75872797
4653.8000 0.71650213
4654.7000 0.66213924
4655.6000 0.64378095
4656.5000 0.67192996
4657.4000 0.74517173
4658.3000 0.82903498
4659.2000 0.88054657
4660.1000 0.88228822
4661.0000 0.83623552
4661.9000 0.76516789
4662.8000 0.71042848
4663.7000 0.703982
4664.6000 0.72158384
4665.5000 0.69481033
4666.4000 0.60932571
4667.3000 0.53940362
4668.2000 0.55042207
4669.1000 0.61948282
4670.0000 0.69134277
4670.9000 0.74267268
4671.8000 0.75986999
4672.7000 0.74346954
4673.6000 0.71322906
4674.5000 0.69836158
4675.4000 0.73378348
4676.3000 0.78758538
4677.2000 0.7964263
4678.1000 0.76810133
4679.0000 0.72881162
4679.9000 0.68320966
4680.8000 0.6485256
4681.7000 0.65398198
4682.6000 0.70336437
4683.5000 0.75051063
4684.4000 0.75867653
4685.3000 0.74545413
4686.2000 0.71873599
4687.1000 0.68530619
4688.0000 0.68738997
4688.9000 0.72123319
4689.8000 0.7312296
4690.7000 0.71149278
4691.6000 0.70712513
4692.5000 0.72207427
4693.4000 0.74169302
4694.3000 0.78000724
4695.2000 0.8280338
4696.1000 0.84338266
4697.0000 0.79709744
4697.9000 0.7101534
4698.8000 0.6556344
4699.7000 0.67184639
4700.6000 0.70582205
4701.5000 0.71372056
4702.4000 0.70689684
4703.3000 0.70978916
4704.2000 0.73414791
4705.1000 0.7478916
4706.0000 0.72675449
4706.9000 0.69293219
4707.8000 0.67126727
4708.7000 0.65883017
4709.6000 0.66830128
4710.5000 0.72155195
4711.4000 0.77145165
4712.3000 0.77115053
4713.2000 0.73575884
4714.1000 0.69020575
4715.0000 0.68056464
4715.9000 0.72793186
4716.8000 0.77754825
4717.7000 0.80048156
4718.6000 0.82218081
4719.5000 0.84615582
4720.4000 0.84954512
4721.3000 0.82296073
4722.2000 0.78305906
4723.1000 0.77726328
4724.0000 0.82006758
4724.9000 0.85473853
4725.8000 0.82624894
4726.7000 0.73198473
4727.6000 0.63300341
4728.5000 0.59936476
4729.4000 0.62308812
4730.3000 0.65540624
4731.2000 0.6812309
4732.1000 0.70854259
4733.0000 0.72560328
4733.9000 0.74603385
4734.8000 0.78521156
4735.7000 0.78815371
4736.6000 0.75368792
4737.5000 0.76078075
4738.4000 0.80084705
4739.3000 0.79922211
4740.2000 0.76026601
4741.1000 0.72803211
4742.0000 0.72834074
4742.9000 0.75932026
4743.8000 0.77341539
4744.7000 0.75913125
4745.6000 0.76873046
4746.5000 0.80066204
4747.4000 0.8121469
4748.3000 0.80585951
4749.2000 0.80758709
4750.1000 0.82001454
4751.0000 0.81299371
4751.9000 0.78347403
4752.8000 0.76204127
4753.7000 0.75645566
4754.6000 0.76382732
4755.5000 0.77033657
4756.4000 0.76154786
4757.3000 0.74385005
4758.2000 0.73355603
4759.1000 0.75039995
4760.0000 0.77886754
4760.9000 0.772654
4761.8000 0.73520547
4762.7000 0.71170986
4763.6000 0.70537639
4764.5000 0.68829346
4765.4000 0.65873253
4766.3000 0.65266097
4767.2000 0.68621343
4768.1000 0.7296176
4769.0000 0.77125543
4769.9000 0.78881782
4770.8000 0.76231652
4771.7000 0.72573209
4772.6000 0.72563356
4773.5000 0.76844728
4774.4000 0.81207573
4775.3000 0.81252599
4776.2000 0.79639387
4777.1000 0.79719341
4778.0000 0.79480588
4778.9000 0.77917039
4779.8000 0.76523465
4780.7000 0.75040978
4781.6000 0.72470164
4782.5000 0.68943071
4783.4000 0.67285919
4784.3000 0.70006847
4785.2000 0.72044641
4786.1000 0.70341355
4787.0000 0.70738232
4787.9000 0.72802222
4788.8000 0.71182907
4789.7000 0.69405097
4790.6000 0.70843059
4791.5000 0.73243767
4792.4000 0.76907539
4793.3000 0.82258326
4794.2000 0.86481965
4795.1000 0.86853415
4796.0000 0.83425009
4796.9000 0.79810953
4797.8000 0.76840138
4798.7000 0.73570335
4799.6000 0.72331548
4800.5000 0.74954927
4801.4000 0.80825698
4802.3000 0.8606835
4803.2000 0.87390643
4804.1000 0.8400619
4805.0000 0.78739727
4805.9000 0.76209652
4806.8000 0.74848413
4807.7000 0.73361969
4808.6000 0.74980289
4809.5000 0.78878355
4810.4000 0.80716199
4811.3000 0.79808229
4812.2000 0.79215407
4813.1000 0.79520071
4814.0000 0.79269511
4814.9000 0.77814788
4815.8000 0.78183615
4816.7000 0.82208961
4817.6000 0.85861921
4818.5000 0.87829936
4819.4000 0.88160068
4820.3000 0.87140256
4821.2000 0.85986429
4822.1000 0.82433331
4823.0000 0.75609022
4823.9000 0.73166859
4824.8000 0.7845208
4825.7000 0.83417785
4826.6000 0.82950264
4827.5000 0.7914083
4828.4000 0.77567929
4829.3000 0.7982136
4830.2000 0.81467533
4831.1000 0.76717359
4832.0000 0.70695454
4832.9000 0.73856401
4833.8000 0.81625408
4834.7000 0.84320962
4835.6000 0.82325596
4836.5000 0.81323731
4837.4000 0.81906873
4838.3000 0.79531997
4839.2000 0.75809759
4840.1000 0.75011951
4841.0000 0.77612948
4841.9000 0.78828371
4842.8000 0.75628936
4843.7000 0.74544102
4844.6000 0.79770583
4845.5000 0.85413343
4846.4000 0.85991573
4847.3000 0.81483322
4848.2000 0.76252383
4849.1000 0.77028012
4850.0000 0.82362789
4850.9000 0.83688712
4851.8000 0.82529056
4852.7000 0.83731782
4853.6000 0.81737524
4854.5000 0.74564844
4855.4000 0.70854807
4856.3000 0.76289684
4857.2000 0.82877582
4858.1000 0.82608557
4859.0000 0.77133358
4859.9000 0.6897735
4860.8000 0.60572225
4861.7000 0.60038382
4862.6000 0.68745327
4863.5000 0.73563278
4864.4000 0.73075932
4865.3000 0.75463372
4866.2000 0.78517967
4867.1000 0.78181106
4868.0000 0.77008355
4868.9000 0.78719497
4869.8000 0.77886891
4870.7000 0.70637065
4871.6000 0.65884173
4872.5000 0.70112622
4873.4000 0.76203549
4874.3000 0.76751274
4875.2000 0.75146896
4876.1000 0.77612585
4877.0000 0.82423145
4877.9000 0.85046422
4878.8000 0.87654841
4879.7000 0.86500192
4880.6000 0.77632028
4881.5000 0.71745056
4882.4000 0.75575441
4883.3000 0.80821127
4884.2000 0.79040879
4885.1000 0.7271747
4886.0000 0.6911546
4886.9000 0.71543843
4887.8000 0.75711733
4888.7000 0.76590633
4889.6000 0.73459339
4890.5000 0.67928541
4891.4000 0.67132974
4892.3000 0.7577402
4893.2000 0.84879017
4894.1000 0.90328217
4895.0000 0.94958657
4895.9000 0.97088325
4896.8000 0.96610534
4897.7000 0.95590329
4898.6000 0.91550952
4899.5000 0.84592748
4900.4000 0.82077813
4901.3000 0.8511892
4902.2000 0.8548066
4903.1000 0.82415688
4904.0000 0.82452995
4904.9000 0.87790138
4905.8000 0.9361192
4906.7000 0.93395156
4907.6000 0.87771833
4908.5000 0.82150537
4909.4000 0.78731257
4910.3000 0.78008687
4911.2000 0.80358213
4912.1000 0.83350128
4913.0000 0.84972626
4913.9000 0.86442506
4914.8000 0.89732391
4915.7000 0.92877263
4916.6000 0.91890991
4917.5000 0.85245216
4918.4000 0.74620742
4919.3000 0.65093577
4920.2000 0.61790252
4921.1000 0.66960841
4922.0000 0.77113867
4922.9000 0.83358765
4923.8000 0.81310469
4924.7000 0.76754969
4925.6000 0.78467202
4926.5000 0.85528195
4927.4000 0.90263629
4928.3000 0.92597866
4929.2000 0.95408279
4930.1000 0.9609893
4931.0000 0.95007581
4931.9000 0.91696
4932.8000 0.84034449
4933.7000 0.78620684
4934.6000 0.82385916
4935.5000 0.8841179
4936.4000 0.86508375
4937.3000 0.7778663
4938.2000 0.70321918
4939.1000 0.70826697
4940.0000 0.78330886
4940.9000 0.85370332
4941.8000 0.87616414
4942.7000 0.8879137
4943.6000 0.91494197
4944.5000 0.91843164
4945.4000 0.89669955
4946.3000 0.89816606
4947.2000 0.92577904
4948.1000 0.93943095
4949.0000 0.94596428
4949.9000 0.96645403
4950.8000 0.98643291
4951.7000 0.97732872
4952.6000 0.93678069
4953.5000 0.91095859
4954.4000 0.91204256
4955.3000 0.89797091
4956.2000 0.81652451
4957.1000 0.69188988
4958.0000 0.66699463
4958.9000 0.77984667
4959.8000 0.89283592
4960.7000 0.92037088
4961.6000 0.89932096
4962.5000 0.8929708
4963.4000 0.8934055
4964.3000 0.84982628
4965.2000 0.78280324
4966.1000 0.75243342
4967.0000 0.76128137
4967.9000 0.7853508
4968.8000 0.81878591
4969.7000 0.84444845
4970.6000 0.85954154
4971.5000 0.88809311
4972.4000 0.91671699
4973.3000 0.93036699
4974.2000 0.93730319
4975.1000 0.92941493
4976.0000 0.9101159
4976.9000 0.88312489
4977.8000 0.84083772
4978.7000 0.81338662
4979.6000 0.81723517
4980.5000 0.80184466
4981.4000 0.73753047
4982.3000 0.68185896
4983.2000 0.69693387
4984.1000 0.74804574
4985.0000 0.7734015
4985.9000 0.78571951
4986.8000 0.82160807
4987.7000 0.85198861
4988.6000 0.84510124
4989.5000 0.82387322
4990.4000 0.81348729
4991.3000 0.83169812
4992.2000 0.86818111
4993.1000 0.86381018
4994.0000 0.83074862
4994.9000 0.83870149
4995.8000 0.86377048
4996.7000 0.8639223
4997.6000 0.85395175
4998.5000 0.82134354
4999.4000 0.76313794
5000.3000 0.74262732
5001.2000 0.77129233
5002.1000 0.79848218
5003.0000 0.80441481
5003.9000 0.78956634
5004.8000 0.75254399
5005.7000 0.71338171
5006.6000 0.71688682
5007.5000 0.77677268
5008.4000 0.83308941
5009.3000 0.8383497
5010.2000 0.82434976
5011.1000 0.79697633
5012.0000 0.73567545
5012.9000 0.6722647
5013.8000 0.63711786
5014.7000 0.65704805
5015.6000 0.72646028
5016.5000 0.7762298
5017.4000 0.78092366
5018.3000 0.77817732
5019.2000 0.78308916
5020.1000 0.77779776
5021.0000 0.74998963
5021.9000 0.7135545
5022.8000 0.72353518
5023.7000 0.78495371
5024.6000 0.82528228
5025.5000 0.82831711
5026.4000 0.80538338
5027.3000 0.76234835
5028.2000 0.76229984
5029.1000 0.8144272
5030.0000 0.8532452
5030.9000 0.87501508
5031.8000 0.91078961
5032.7000 0.94798893
5033.6000 0.94517177
5034.5000 0.87983322
5035.4000 0.78775716
5036.3000 0.75478333
5037.2000 0.79041588
5038.1000 0.79223931
5039.0000 0.71699953
5039.9000 0.61746705
5040.8000 0.56283092
5041.7000 0.61516804
5042.6000 0.73250824
5043.5000 0.81916261
5044.4000 0.88025856
5045.3000 0.93793684
5046.2000 0.95887935
5047.1000 0.91572928
5048.0000 0.82703602
5048.9000 0.75609028
5049.8000 0.74175942
5050.7000 0.75846261
5051.6000 0.77218759
5052.5000 0.7934593
5053.4000 0.83252031
5054.3000 0.87360615
5055.2000 0.89690834
5056.1000 0.89830768
5057.0000 0.90098745
5057.9000 0.91259366
5058.8000 0.9107641
5059.7000 0.90981072
5060.6000 0.93416804
5061.5000 0.95036697
5062.4000 0.92424065
5063.3000 0.84529364
5064.2000 0.74281222
5065.1000 0.71139598
5066.0000 0.76755142
5066.9000 0.80381197
5067.8000 0.7844581
5068.7000 0.77807438
5069.6000 0.81144136
5070.5000 0.83100557
5071.4000 0.80114365
5072.3000 0.78132272
5073.2000 0.82784891
5074.1000 0.87312067
5075.0000 0.84637195
5075.9000 0.80013645
5076.8000 0.80801141
5077.7000 0.82089192
5078.6000 0.7505939
5079.5000 0.65381366
5080.4000 0.63894153
5081.3000 0.68088961
5082.2000 0.70622551
5083.1000 0.7153421
5084.0000 0.74184394
5084.9000 0.77557558
5085.8000 0.79746085
5086.7000 0.80637521
5087.6000 0.81154191
5088.5000 0.82555801
5089.4000 0.8390547
5090.3000 0.83756143
5091.2000 0.83840853
5092.1000 0.86530811
5093.0000 0.89916182
5093.9000 0.89044338
5094.8000 0.83417028
5095.7000 0.79199517
5096.6000 0.79422337
5097.5000 0.78789377
5098.4000 0.73433632
5099.3000 0.70245212
5100.2000 0.74115902
5101.1000 0.79052067
5102.0000 0.80960578
5102.9000 0.80104965
5103.8000 0.78005469
5104.7000 0.76591128
5105.6000 0.76152426
5106.5000 0.74496442
5107.4000 0.72440571
5108.3000 0.73049247
5109.2000 0.73387301
5110.1000 0.72387403
5111.0000 0.73629254
5111.9000 0.75474542
5112.8000 0.75696361
5113.7000 0.78510273
5114.6000 0.83465928
5115.5000 0.85507065
5116.4000 0.86365783
5117.3000 0.88296556
5118.2000 0.8777824
5119.1000 0.84781396
5120.0000 0.81756717
5120.9000 0.79131901
5121.8000 0.76058298
5122.7000 0.6958316
5123.6000 0.63617414
5124.5000 0.651999
5125.4000 0.70442492
5126.3000 0.72118366
5127.2000 0.70719814
5128.1000 0.69510531
5129.0000 0.68293637
5129.9000 0.68638301
5130.8000 0.74082232
5131.7000 0.79935175
5132.6000 0.81298751
5133.5000 0.80746418
5134.4000 0.83208328
5135.3000 0.85947156
5136.2000 0.84254074
5137.1000 0.80649048
5138.0000 0.76973397
5138.9000 0.73666656
5139.8000 0.7669394
5140.7000 0.81837279
5141.6000 0.78176606
5142.5000 0.71363348
5143.4000 0.72214121
5144.3000 0.75617242
5145.2000 0.73896283
5146.1000 0.70934647
5147.0000 0.70779252
5147.9000 0.72847611
5148.8000 0.74861062
5149.7000 0.74005288
5150.6000 0.71048105
5151.5000 0.6831373
5152.4000 0.66561091
5153.3000 0.66267866
5154.2000 0.69157451
5155.1000 0.75881016
5156.0000 0.8256197
5156.9000 0.87137133
5157.8000 0.89054364
5158.7000 0.87043995
5159.6000 0.85829222
5160.5000 0.88418669
5161.4000 0.88570589
5162.3000 0.84720081
5163.2000 0.83064276
5164.1000 0.8063792
5165.0000 0.7043671
5165.9000 0.56490922
5166.8000 0.46532083
5167.7000 0.45032087
5168.6000 0.52667814
5169.5000 0.62951225
5170.4000 0.64724499
5171.3000 0.54167074
5172.2000 0.42542106
5173.1000 0.43439808
5174.0000 0.56539345
5174.9000 0.6856975
5175.8000 0.72952664
5176.7000 0.74328804
5177.6000 0.75007272
5178.5000 0.73945993
5179.4000 0.71857947
5180.3000 0.68640643
5181.2000 0.62661695
5182.1000 0.5296132
5183.0000 0.43462637
5183.9000 0.44818813
5184.8000 0.598279
5185.7000 0.76237923
5186.6000 0.84776193
5187.5000 0.86175931
5188.4000 0.86263263
5189.3000 0.89521331
5190.2000 0.89385885
5191.1000 0.78874403
5192.0000 0.67071909
5192.9000 0.65921611
5193.8000 0.7179727
5194.7000 0.75106108
5195.6000 0.77346939
5196.5000 0.82366711
5197.4000 0.86401576
5198.3000 0.87827563
5199.2000 0.88224828
5200.1000 0.87117338
5201.0000 0.84779805
5201.9000 0.82909608
5202.8000 0.80682874
5203.7000 0.74202925
5204.6000 0.63872361
5205.5000 0.57953799
5206.4000 0.58397305
5207.3000 0.57552475
5208.2000 0.53145868
5209.1000 0.5388
5210.0000 0.6100142
5210.9000 0.71507519
5211.8000 0.8303895
5212.7000 0.90236253
5213.6000 0.92703927
5214.5000 0.90609962
5215.4000 0.86357677
5216.3000 0.85313278
5217.2000 0.88815904
5218.1000 0.93101937
5219.0000 0.94388652
5219.9000 0.94079804
5220.8000 0.95276183
5221.7000 0.95124793
5222.6000 0.90098971
5223.5000 0.81347823
5224.4000 0.72805506
5225.3000 0.67833233
5226.2000 0.65367973
5227.1000 0.68714356
5228.0000 0.81421512
5228.9000 0.93214089
5229.8000 0.96391582
5230.7000 0.97121519
5231.6000 0.95884746
5232.5000 0.89003569
5233.4000 0.83438909
5234.3000 0.84771305
5235.2000 0.90402776
5236.1000 0.97589308
5237.0000 1.01731348
5237.9000 1.00445688
5238.8000 0.96922988
5239.7000 0.94771904
5240.6000 0.9602319
5241.5000 0.98539191
5242.4000 0.99350601
5243.3000 1.00878465
5244.2000 1.0387814
5245.1000 1.00395977
5246.0000 0.8642239
5246.9000 0.74778235
5247.8000 0.77408665
5248.7000 0.84567583
5249.6000 0.81844914
5250.5000 0.75962394
5251.4000 0.78658116
5252.3000 0.86319339
5253.2000 0.90272206
5254.1000 0.87308401
5255.0000 0.82821691
5255.9000 0.87761515
5256.8000 0.98467499
5257.7000 1.04209995
5258.6000 1.04713094
5259.5000 1.01216698
5260.4000 0.96143627
5261.3000 0.90236855
5262.2000 0.82759601
5263.1000 0.76039034
5264.0000 0.71464682
5264.9000 0.68215644
5265.8000 0.67889512
5266.7000 0.75577664
5267.6000 0.81063634
5268.5000 0.70016116
5269.4000 0.55553722
5270.3000 0.59587342
5271.2000 0.77636898
5272.1000 0.89538115
5273.0000 0.91557962
5273.9000 0.90825778
5274.8000 0.88270366
5275.7000 0.87985116
5276.6000 0.95600599
5277.5000 1.04372787
5278.4000 1.06921303
5279.3000 1.03783965
5280.2000 0.97839963
5281.1000 0.9274677
5282.0000 0.8962729
5282.9000 0.87314147
5283.8000 0.88151026
5284.7000 0.96164644
5285.6000 1.06628191
5286.5000 1.10569072
5287.4000 1.07222331
5288.3000 1.02711546
5289.2000 1.02532685
5290.1000 1.05863917
5291.0000 1.07679915
5291.9000 1.05699062
5292.8000 1.02619398
5293.7000 1.02324808
5294.6000 1.01846564
5295.5000 0.95250928
5296.4000 0.84239942
5297.3000 0.75968295
5298.2000 0.78125936
5299.1000 0.88063216
5300.0000 0.92843646
5300.9000 0.90647298
5301.8000 0.91652864
5302.7000 0.98173761
5303.6000 1.05771399
5304.5000 1.1067785
5305.4000 1.11447048
5306.3000 1.07868373
5307.2000 1.04809284
5308.1000 1.06699562
5309.0000 1.10873377
5309.9000 1.12125385
5310.8000 1.10639703
5311.7000 1.08190167
5312.6000 1.05738819
5313.5000 1.05300844
5314.4000 1.06851947
5315.3000 1.06766391
5316.2000 1.04990184
5317.1000 1.0359565
5318.0000 1.02903891
5318.9000 1.01796317
5319.8000 1.02007318
5320.7000 1.03243303
5321.6000 1.03205943
5322.5000 1.00809526
5323.4000 0.96497601
5324.3000 0.95070261
5325.2000 0.98040366
5326.1000 0.94791883
5327.0000 0.79495811
5327.9000 0.63786983
5328.8000 0.65865964
5329.7000 0.82153553
5330.6000 0.94108057
5331.5000 0.97384357
5332.4000 0.9707455
5333.3000 0.99589229
5334.2000 1.05539775
5335.1000 1.0830611
5336.0000 1.06101739
5336.9000 1.04122472
5337.8000 1.04193389
5338.7000 1.0098834
5339.6000 0.92101884
5340.5000 0.85918462
5341.4000 0.90726626
5342.3000 0.99218804
5343.2000 1.02252924
5344.1000 1.0173676
5345.0000 0.98965591
5345.9000 0.97666907
5346.8000 1.00133765
5347.7000 0.98388904
5348.6000 0.9286443
5349.5000 0.93046904
5350.4000 0.99502331
5351.3000 1.06352556
5352.2000 1.08936238
5353.1000 1.09599626
5354.0000 1.12577438
5354.9000 1.15982914
5355.8000 1.16236544
5356.7000 1.1605798
5357.6000 1.16880214
5358.5000 1.174384
5359.4000 1.16521204
5360.3000 1.1291765
5361.2000 1.07552695
5362.1000 1.05543351
5363.0000 1.07573771
5363.9000 1.07926643
5364.8000 1.05591989
5365.7000 1.04833913
5366.6000 1.05815017
5367.5000 1.06139791
5368.4000 1.04065502
5369.3000 0.96099991
5370.2000 0.85712284
5371.1000 0.81454474
5372.0000 0.89613765
5372.9000 1.0415498
5373.8000 1.12547243
5374.7000 1.14394271
5375.6000 1.11962473
5376.5000 1.08208525
5377.4000 1.08828723
5378.3000 1.12988663
5379.2000 1.14568174
5380.1000 1.11706066
5381.0000 1.08662152
5381.9000 1.0762428
5382.8000 1.06651032
5383.7000 1.05563271
5384.6000 1.06512082
5385.5000 1.07608902
5386.4000 1.07688975
5387.3000 1.0665834
5388.2000 1.03680456
5389.1000 0.9897092
5390.0000 0.95644134
5390.9000 0.9575941
5391.8000 0.98467696
5392.7000 1.00679731
5393.6000 0.99991834
5394.5000 0.98150456
5395.4000 0.94565189
5396.3000 0.86501461
5397.2000 0.83273864
5398.1000 0.9350391
5399.0000 1.03789735
5399.9000 1.04188204
5400.8000 1.01981747
5401.7000 1.03430104
5402.6000 1.04209208
5403.5000 0.98364663
5404.4000 0.87980455
5405.3000 0.80437011
5406.2000 0.82015365
5407.1000 0.90037006
5408.0000 0.94048762
5408.9000 0.90661776
5409.8000 0.88425159
5410.7000 0.95313996
5411.6000 1.05306792
5412.5000 1.10238039
5413.4000 1.10769725
5414.3000 1.10336626
5415.2000 1.11128008
5416.1000 1.14249861
5417.0000 1.16515672
5417.9000 1.14985442
5418.8000 1.10853624
5419.7000 1.06466186
5420.6000 1.0537312
5421.5000 1.09161186
5422.4000 1.12525821
5423.3000 1.09323168
5424.2000 1.04685342
5425.1000 1.06356823
5426.0000 1.11782384
5426.9000 1.15713763
5427.8000 1.12256801
5428.7000 0.98718238
5429.6000 0.89563406
5430.5000 0.95321101
5431.4000 1.02429593
5432.3000 1.00134969
5433.2000 0.95357239
5434.1000 0.92112505
5435.0000 0.91341722
5435.9000 0.93775266
5436.8000 0.97867513
5437.7000 1.04513335
5438.6000 1.11317837
5439.5000 1.16100228
5440.4000 1.18352234
5441.3000 1.18337655
5442.2000 1.18504119
5443.1000 1.18662941
5444.0000 1.15415788
5444.9000 1.06343198
5445.8000 0.93724811
5446.7000 0.85790795
5447.6000 0.91117179
5448.5000 1.02171433
5449.4000 1.08897972
5450.3000 1.11294711
5451.2000 1.10293329
5452.1000 1.08460116
5453.0000 1.05538869
5453.9000 0.99473542
5454.8000 0.91368335
5455.7000 0.88452828
5456.6000 0.96269405
5457.5000 1.07019842
5458.4000 1.12395883
5459.3000 1.11066544
5460.2000 1.0625577
5461.1000 1.03984749
5462.0000 1.03286099
5462.9000 1.01390171
5463.8000 1.02780831
5464.7000 1.07490563
5465.6000 1.08839846
5466.5000 1.08010221
5467.4000 1.0895772
5468.3000 1.08853889
5469.2000 1.05095661
5470.1000 1.0083375
5471.0000 1.00800514
5471.9000 1.03072655
5472.8000 1.00397551
5473.7000 0.97018683
5474.6000 0.98048049
5475.5000 0.96365505
5476.4000 0.90100503
5477.3000 0.91619104
5478.2000 1.02412546
5479.1000 1.09039605
5480.0000 1.04497302
5480.9000 0.94682336
5481.8000 0.91671461
5482.7000 0.97081637
5483.6000 1.03855586
5484.5000 1.09653473
5485.4000 1.11992943
5486.3000 1.08247817
5487.2000 1.01938391
5488.1000 1.01078176
5489.0000 1.04129362
5489.9000 1.03573728
5490.8000 1.04192352
5491.7000 1.08292747
5492.6000 1.08236611
5493.5000 1.04946685
5494.4000 1.05416977
5495.3000 1.07825458
5496.2000 1.06140995
5497.1000 1.02496994
5498.0000 1.05029452
5498.9000 1.12661588
5499.8000 1.14028358
5500.7000 1.08057868
5501.6000 1.03594565
5502.5000 1.04321861
5503.4000 1.05581534
5504.3000 1.04806149
5505.2000 1.01468933
5506.1000 0.96634281
5507.0000 0.98445737
5507.9000 1.06511021
5508.8000 1.10467839
5509.7000 1.08771098
5510.6000 1.04743016
5511.5000 0.9838174
5512.4000 0.93128783
5513.3000 0.92441463
5514.2000 0.93031973
5515.1000 0.94817162
5516.0000 0.98971307
5516.9000 1.03362596
5517.8000 1.10088193
5518.7000 1.15578735
5519.6000 1.15396082
5520.5000 1.13329566
5521.4000 1.12769651
5522.3000 1.13039124
5523.2000 1.13370788
5524.1000 1.13916135
5525.0000 1.13206482
5525.9000 1.103001
5526.8000 1.05577111
5527.7000 1.00777924
5528.6000 1.0113318
5529.5000 1.07351577
5530.4000 1.12255442
5531.3000 1.11984062
5532.2000 1.09615934
5533.1000 1.08458388
5534.0000 1.08393657
5534.9000 1.07213581
5535.8000 1.07380307
5536.7000 1.08843601
5537.6000 1.08550477
5538.5000 1.09715903
5539.4000 1.14606583
5540.3000 1.1880796
5541.2000 1.18761694
5542.1000 1.14904797
5543.0000 1.1123414
5543.9000 1.10967684
5544.8000 1.11337745
5545.7000 1.09526515
5546.6000 1.09576309
5547.5000 1.1425879
5548.4000 1.18812692
5549.3000 1.19469309
5550.2000 1.19210112
5551.1000 1.19418395
5552.0000 1.18613911
5552.9000 1.15838933
5553.8000 1.13109386
5554.7000 1.1285336
5555.6000 1.14231205
5556.5000 1.13526273
5557.4000 1.11354566
5558.3000 1.11727977
5559.2000 1.13485658
5560.1000 1.13113117
5561.0000 1.11786735
5561.9000 1.10547936
5562.8000 1.09300017
5563.7000 1.09709084
5564.6000 1.09968817
5565.5000 1.07125831
5566.4000 1.05077255
5567.3000 1.06596923
5568.2000 1.08720398
5569.1000 1.08545101
5570.0000 1.09131908
5570.9000 1.13207519
5571.8000 1.13894641
5572.7000 1.09854543
5573.6000 1.10262847
5574.5000 1.14953673
5575.4000 1.15617859
5576.3000 1.1396662
5577.2000 1.14871359
5578.1000 1.1469295
5579.0000 1.13612103
5579.9000 1.15705013
5580.8000 1.16869426
5581.7000 1.14472961
5582.6000 1.13147748
5583.5000 1.1320473
5584.4000 1.11420238
5585.3000 1.08832145
5586.2000 1.04571998
5587.1000 0.9870801
5588.0000 0.95632774
5588.9000 0.95956212
5589.8000 0.9828313
5590.7000 1.01745272
5591.6000 1.03379953
5592.5000 1.02593362
5593.4000 1.03393495
5594.3000 1.05685759
5595.2000 1.11077273
5596.1000 1.17479944
5597.0000 1.16758645
5597.9000 1.09413731
5598.8000 1.0496918
5599.7000 1.05191112
5600.6000 1.03758168
5601.5000 1.01732516
5602.4000 1.01177466
5603.3000 1.02797556
5604.2000 1.08019698
5605.1000 1.1376003
5606.0000 1.1811682
5606.9000 1.20302975
5607.8000 1.19900572
5608.7000 1.18605304
5609.6000 1.17594814
5610.5000 1.17777228
5611.4000 1.19460905
5612.3000 1.21579182
5613.2000 1.20978022
5614.1000 1.13417351
5615.0000 1.02315772
5615.9000 0.99369264
5616.8000 1.0589
5617.7000 1.10031676
5618.6000 1.08847368
5619.5000 1.06479263
5620.4000 1.07076037
5621.3000 1.1153183
5622.2000 1.15092456
5623.1000 1.11981213
5624.0000 1.03011751
5624.9000 0.97303689
5625.8000 1.00685227
5626.7000 1.06332839
5627.6000 1.09117162
5628.5000 1.11777794
5629.4000 1.156811
5630.3000 1.18425214
5631.2000 1.19035482
5632.1000 1.18137717
5633.0000 1.17786682
5633.9000 1.17600465
5634.8000 1.16289091
5635.7000 1.13161075
5636.6000 1.09436393
5637.5000 1.08064449
5638.4000 1.09343112
5639.3000 1.10996664
5640.2000 1.09778738
5641.1000 1.07045794
5642.0000 1.07004952
5642.9000 1.09270799
5643.8000 1.10047197
5644.7000 1.1031872
5645.6000 1.10620797
5646.5000 1.10469007
5647.4000 1.10932457
5648.3000 1.10703731
5649.2000 1.1027168
5650.1000 1.1180172
5651.0000 1.15187395
5651.9000 1.18439889
5652.8000 1.1990428
5653.7000 1.18120182
5654.6000 1.14455271
5655.5000 1.13950062
5656.4000 1.14494407
5657.3000 1.07060933
5658.2000 0.95625496
5659.1000 0.96004277
5660.0000 1.06605434
5660.9000 1.10904467
5661.8000 1.06492698
5662.7000 1.03973758
5663.6000 1.07980156
5664.5000 1.132177
5665.4000 1.16205239
5666.3000 1.15487981
5667.2000 1.1028198
5668.1000 1.0648793
5669.0000 1.0736711
5669.9000 1.09248996
5670.8000 1.09047782
5671.7000 1.10368645
5672.6000 1.1630348
5673.5000 1.21264327
5674.4000 1.21159315
5675.3000 1.19515252
5676.2000 1.20454717
5677.1000 1.21966588
5678.0000 1.20079672
5678.9000 1.174101
5679.8000 1.16718888
5680.7000 1.16474986
5681.6000 1.1409322
5682.5000 1.10728848
5683.4000 1.11513269
5684.3000 1.15292776
5685.2000 1.16885257
5686.1000 1.13897741
5687.0000 1.087865
5687.9000 1.07353723
5688.8000 1.08945107
5689.7000 1.13506234
5690.6000 1.1778326
5691.5000 1.20537424
5692.4000 1.2306
5693.3000 1.23391569
5694.2000 1.21059477
5695.1000 1.19029033
5696.0000 1.18479729
5696.9000 1.17403173
5697.8000 1.13122749
5698.7000 1.08741164
5699.6000 1.08855712
5700.5000 1.07944262
5701.4000 1.04701471
5702.3000 1.03847182
5703.2000 1.0740087
5704.1000 1.12572372
5705.0000 1.14340675
5705.9000 1.10548627
5706.8000 1.05157351
5707.7000 1.00690293
5708.6000 0.96973169
5709.5000 0.97910655
5710.4000 1.02811205
5711.3000 1.03008938
5712.2000 1.02447331
5713.1000 1.09018326
5714.0000 1.15569997
5714.9000 1.17369187
5715.8000 1.18039036
5716.7000 1.18342328
5717.6000 1.18145072
5718.5000 1.19631505
5719.4000 1.21617389
5720.3000 1.218799
5721.2000 1.23167336
5722.1000 1.26058733
5723.0000 1.26946568
5723.9000 1.25309896
5724.8000 1.23493207
5725.7000 1.20777214
5726.6000 1.14391267
5727.5000 1.10421324
5728.4000 1.15348577
5729.3000 1.21514881
5730.2000 1.1989671
5731.1000 1.13952672
5732.0000 1.1311959
5732.9000 1.18866169
5733.8000 1.22680736
5734.7000 1.23185372
5735.6000 1.2226721
5736.5000 1.20150685
5737.4000 1.19280612
5738.3000 1.1968261
5739.2000 1.19194424
5740.1000 1.18761575
5741.0000 1.19550121
5741.9000 1.19087398
5742.8000 1.17070425
5743.7000 1.17366314
5744.6000 1.21873391
5745.5000 1.26476514
5746.4000 1.26354432
5747.3000 1.20876229
5748.2000 1.15247726
5749.1000 1.16475034
5750.0000 1.22663605
5750.9000 1.25298679
5751.8000 1.21417785
5752.7000 1.14734173
5753.6000 1.09914386
5754.5000 1.10902941
5755.4000 1.17733121
5756.3000 1.24740708
5757.2000 1.2778424
5758.1000 1.28036773
5759.0000 1.25491917
5759.9000 1.20311224
5760.8000 1.14378619
5761.7000 1.09903431
5762.6000 1.09550738
5763.5000 1.15687084
5764.4000 1.24266028
5765.3000 1.28218603
5766.2000 1.28340876
5767.1000 1.28395844
5768.0000 1.28083956
5768.9000 1.26835132
5769.8000 1.25931025
5770.7000 1.25168061
5771.6000 1.23455119
5772.5000 1.22334743
5773.4000 1.22198021
5774.3000 1.21273792
5775.2000 1.2073878
5776.1000 1.21270454
5777.0000 1.21957123
5777.9000 1.23080182
5778.8000 1.22733545
5779.7000 1.17530608
5780.6000 1.0802424
5781.5000 1.01635754
5782.4000 1.02608705
5783.3000 1.05946851
5784.2000 1.05089796
5785.1000 1.01517415
5786.0000 1.03642035
5786.9000 1.1134516
5787.8000 1.16755021
5788.7000 1.19455922
5789.6000 1.19491076
5790.5000 1.14919114
5791.4000 1.12889409
5792.3000 1.17903888
5793.2000 1.23884165
5794.1000 1.27263749
5795.0000 1.28796172
5795.9000 1.26599276
5796.8000 1.19789076
5797.7000 1.13345647
5798.6000 1.1557132
5799.5000 1.2448312
5800.4000 1.30229425
5801.3000 1.31573629
5802.2000 1.31264961
5803.1000 1.27503037
5804.0000 1.2139169
5804.9000 1.19085646
5805.8000 1.20629764
5806.7000 1.21897864
5807.6000 1.22718835
5808.5000 1.23151183
5809.4000 1.23788786
5810.3000 1.25545025
5811.2000 1.2696681
5812.1000 1.2671206
5813.0000 1.2571336
5813.9000 1.23905277
5814.8000 1.21060419
5815.7000 1.18424165
5816.6000 1.18523562
5817.5000 1.22854042
5818.4000 1.27741206
5819.3000 1.29953921
5820.2000 1.30465114
5821.1000 1.29951096
5822.0000 1.28063214
5822.9000 1.2568717
5823.8000 1.24636281
5824.7000 1.2609154
5825.6000 1.27636933
5826.5000 1.27838409
5827.4000 1.27685797
5828.3000 1.27877665
5829.2000 1.28753161
5830.1000 1.28892195
5831.0000 1.2798363
5831.9000 1.2753036
5832.8000 1.27432859
5833.7000 1.25020123
5834.6000 1.2190398
5835.5000 1.23114741
5836.4000 1.26792657
5837.3000 1.26220632
5838.2000 1.22362876
5839.1000 1.21954489
5840.0000 1.25584638
5840.9000 1.29119587
5841.8000 1.30421901
5842.7000 1.30539966
5843.6000 1.29578114
5844.5000 1.27807117
5845.4000 1.25652111
5846.3000 1.22763789
5847.2000 1.21040463
5848.1000 1.22293556
5849.0000 1.24599445
5849.9000 1.25334072
5850.8000 1.23918247
5851.7000 1.19997418
5852.6000 1.1494621
5853.5000 1.13707185
5854.4000 1.1785568
5855.3000 1.2109133
5856.2000 1.1854794
5857.1000 1.1311028
5858.0000 1.11093283
5858.9000 1.14885783
5859.8000 1.19886696
5860.7000 1.23378193
5861.6000 1.23364866
5862.5000 1.20684981
5863.4000 1.20179987
5864.3000 1.21640468
5865.2000 1.21033752
5866.1000 1.17175663
5867.0000 1.15509963
5867.9000 1.19241989
5868.8000 1.24446964
5869.7000 1.27776408
5870.6000 1.28980255
5871.5000 1.28088641
5872.4000 1.25412691
5873.3000 1.23841321
5874.2000 1.25785673
5875.1000 1.27851319
5876.0000 1.26707721
5876.9000 1.2421217
5877.8000 1.22326422
5878.7000 1.19626439
5879.6000 1.14366961
5880.5000 1.12220526
5881.4000 1.16980851
5882.3000 1.21214676
5883.2000 1.20593429
5884.1000 1.19006765
5885.0000 1.19892204
5885.9000 1.21389341
5886.8000 1.19396579
5887.7000 1.08978343
5888.6000 0.87421465
5889.5000 0.63942707
5890.4000 0.5851537
5891.3000 0.75650388
5892.2000 0.94213957
5893.1000 1.01993299
5894.0000 1.00562751
5894.9000 0.86686772
5895.8000 0.71637434
5896.7000 0.77319515
5897.6000 0.96796429
5898.5000 1.0781697
5899.4000 1.10658419
5900.3000 1.14761162
5901.2000 1.18518984
5902.1000 1.18954706
5903.0000 1.18292308
5903.9000 1.18902779
5904.8000 1.19275737
5905.7000 1.18262613
5906.6000 1.19074714
5907.5000 1.21625245
5908.4000 1.23076987
5909.3000 1.22351372
5910.2000 1.2214905
5911.1000 1.24641967
5912.0000 1.2489078
5912.9000 1.20420742
5913.8000 1.14321816
5914.7000 1.1195724
5915.6000 1.12050009
5916.5000 1.13637888
5917.4000 1.1771282
5918.3000 1.19219089
5919.2000 1.204669
5920.1000 1.23453748
5921.0000 1.22666371
5921.9000 1.19165945
5922.8000 1.18952084
5923.7000 1.21305561
5924.6000 1.2214365
5925.5000 1.23631895
5926.4000 1.25432611
5927.3000 1.25105226
5928.2000 1.23023582
5929.1000 1.20568717
5930.0000 1.19017076
5930.9000 1.21453798
5931.8000 1.25077796
5932.7000 1.25117469
5933.6000 1.20993543
5934.5000 1.15003657
5935.4000 1.14265132
5936.3000 1.18798816
5937.2000 1.21181774
5938.1000 1.22235835
5939.0000 1.24714768
5939.9000 1.22146046
5940.8000 1.15906465
5941.7000 1.14559376
5942.6000 1.18167269
5943.5000 1.21036458
5944.4000 1.22363234
5945.3000 1.25153291
5946.2000 1.28145301
5947.1000 1.27379262
5948.0000 1.23099208
5948.9000 1.19387543
5949.8000 1.20886481
5950.7000 1.24647903
5951.6000 1.23407757
5952.5000 1.18374395
5953.4000 1.17641079
5954.3000 1.21893144
5955.2000 1.22287726
5956.1000 1.18255007
5957.0000 1.15862346
5957.9000 1.18036306
5958.8000 1.21772826
5959.7000 1.25722218
5960.6000 1.28501403
5961.5000 1.29354525
5962.4000 1.28606188
5963.3000 1.27553391
5964.2000 1.26719904
5965.1000 1.24136758
5966.0000 1.22495246
5966.9000 1.25295544
5967.8000 1.28385222
5968.7000 1.29274583
5969.6000 1.29841256
5970.5000 1.30687237
5971.4000 1.31174457
5972.3000 1.31383634
5973.2000 1.31635273
5974.1000 1.30467141
5975.0000 1.26788676
5975.9000 1.23133755
5976.8000 1.21557558
5977.7000 1.206038
5978.6000 1.2015512
5979.5000 1.23283601
5980.4000 1.26466036
5981.3000 1.26412475
5982.2000 1.2465179
5983.1000 1.19671071
5984.0000 1.13825142
5984.9000 1.14836025
5985.8000 1.22163439
5986.7000 1.25904942
5987.6000 1.25525033
5988.5000 1.25456965
5989.4000 1.26290262
5990.3000 1.25829017
5991.2000 1.22622025
5992.1000 1.22094917
5993.0000 1.26898694
5993.9000 1.30767894
5994.8000 1.30417287
5995.7000 1.27218997
5996.6000 1.23813021
5997.5000 1.21953332
5998.4000 1.21325433
5999.3000 1.21720505
6000.2000 1.23525774
6001.1000 1.24672616
6002.0000 1.21682596
6002.9000 1.19095027
6003.8000 1.22531044
6004.7000 1.25507963
6005.6000 1.24152601
6006.5000 1.20960486
6007.4000 1.16553009
6008.3000 1.15500736
6009.2000 1.21109533
6010.1000 1.2743758
6011.0000 1.28345025
6011.9000 1.2415421
6012.8000 1.19100499
6013.7000 1.19041193
6014.6000 1.22782671
6015.5000 1.22978437
6016.4000 1.19548619
6017.3000 1.17764282
6018.2000 1.19137979
6019.1000 1.20066404
6020.0000 1.20324135
6020.9000 1.21052408
6021.8000 1.22461748
6022.7000 1.24189079
6023.6000 1.24733269
6024.5000 1.25231481
6025.4000 1.27452922
6026.3000 1.27563035
6027.2000 1.27283287
6028.1000 1.29808307
6029.0000 1.3217392
6029.9000 1.30955899
6030.8000 1.27851975
6031.7000 1.27275133
6032.6000 1.29920745
6033.5000 1.32271028
6034.4000 1.32258606
6035.3000 1.31941855
6036.2000 1.3255862
6037.1000 1.33354294
6038.0000 1.32996404
6038.9000 1.30647802
6039.8000 1.28317022
6040.7000 1.29148543
6041.6000 1.30482769
6042.5000 1.3122977
6043.4000 1.33636534
6044.3000 1.35421526
6045.2000 1.36226177
6046.1000 1.36915123
6047.0000 1.36522329
6047.9000 1.34809661
6048.8000 1.33370626
6049.7000 1.34077477
6050.6000 1.3545326
6051.5000 1.34901011
6052.4000 1.33571863
6053.3000 1.32527161
6054.2000 1.31419432
6055.1000 1.30422294
6056.0000 1.28280604
6056.9000 1.26428258
6057.8000 1.26033962
6058.7000 1.28194296
6059.6000 1.31948042
6060.5000 1.33743954
6061.4000 1.32546604
6062.3000 1.28999519
6063.2000 1.25601625
6064.1000 1.2243408
6065.0000 1.18353891
6065.9000 1.21073604
6066.8000 1.3008604
6067.7000 1.35730147
6068.6000 1.37077904
6069.5000 1.37223804
6070.4000 1.37663221
6071.3000 1.38585424
6072.2000 1.38892817
6073.1000 1.38864744
6074.0000 1.3893193
6074.9000 1.38386989
6075.8000 1.36731291
6076.7000 1.3482002
6077.6000 1.32134891
6078.5000 1.29720724
6079.4000 1.30166459
6080.3000 1.30169296
6081.2000 1.25207496
6082.1000 1.21086657
6083.0000 1.23791122
6083.9000 1.28070211
6084.8000 1.27736497
6085.7000 1.26612115
6086.6000 1.29191387
6087.5000 1.32085335
6088.4000 1.31855953
6089.3000 1.26648784
6090.2000 1.2092154
6091.1000 1.21136653
6092.0000 1.23720336
6092.9000 1.2405678
6093.8000 1.26036084
6094.7000 1.31503892
6095.6000 1.3374927
6096.5000 1.30477822
6097.4000 1.27695858
6098.3000 1.29536831
6099.2000 1.33349645
6100.1000 1.34988976
6101.0000 1.3095752
6101.9000 1.20914268
6102.8000 1.13695598
6103.7000 1.19015837
6104.6000 1.28012538
6105.5000 1.31075907
6106.4000 1.30208957
6107.3000 1.27363193
6108.2000 1.26989126
6109.1000 1.30779529
6110.0000 1.32257211
6110.9000 1.27915585
6111.8000 1.25886321
6112.7000 1.30399323
6113.6000 1.35171676
6114.5000 1.36292231
6115.4000 1.33866346
6116.3000 1.30598497
6117.2000 1.30773401
6118.1000 1.31994617
6119.0000 1.27697086
6119.9000 1.20902634
6120.8000 1.17007303
6121.7000 1.15113699
6122.6000 1.18532574
6123.5000 1.28243959
6124.4000 1.32754946
6125.3000 1.29719198
6126.2000 1.25337815
6127.1000 1.21832645
6128.0000 1.19942379
6128.9000 1.21875417
6129.8000 1.27684665
6130.7000 1.33502781
6131.6000 1.36196625
6132.5000 1.36369157
6133.4000 1.32954144
6134.3000 1.24336421
6135.2000 1.13970864
6136.1000 1.04294348
6137.0000 0.99083745
6137.9000 1.06941772
6138.8000 1.23034918
6139.7000 1.31793296
6140.6000 1.29262269
6141.5000 1.23537803
6142.4000 1.23071849
6143.3000 1.2858485
6144.2000 1.33421946
6145.1000 1.33849716
6146.0000 1.31971765
6146.9000 1.30966568
6147.8000 1.29863882
6148.7000 1.26813853
6149.6000 1.22512078
6150.5000 1.21313143
6151.4000 1.25257492
6152.3000 1.29844439
6153.2000 1.31198311
6154.1000 1.28504837
6155.0000 1.26784325
6155.9000 1.27704251
6156.8000 1.28155529
6157.7000 1.27410126
6158.6000 1.26847708
6159.5000 1.2421428
6160.4000 1.15772521
6161.3000 1.04426122
6162.2000 0.99838769
6163.1000 1.03906929
6164.0000 1.11512721
6164.9000 1.17910767
6165.8000 1.20122457
6166.7000 1.22077572
6167.6000 1.23232079
6168.5000 1.16731358
6169.4000 1.07655013
6170.3000 1.08126056
6171.2000 1.17529869
6172.1000 1.23605323
6173.0000 1.22439718
6173.9000 1.21969831
6174.8000 1.2400943
6175.7000 1.24292111
6176.6000 1.23067868
6177.5000 1.23633778
6178.4000 1.26742315
6179.3000 1.27458334
6180.2000 1.25714672
6181.1000 1.26945448
6182.0000 1.29241335
6182.9000 1.29122043
6183.8000 1.28485084
6184.7000 1.27902889
6185.6000 1.24420309
6186.5000 1.19223118
6187.4000 1.16709197
6188.3000 1.15409291
6189.2000 1.13710976
6190.1000 1.10524786
6191.0000 1.04746127
6191.9000 1.04711449
6192.8000 1.14340246
6193.7000 1.22052515
6194.6000 1.2545085
6195.5000 1.27782381
6196.4000 1.29306972
6197.3000 1.28498292
6198.2000 1.22962797
6199.1000 1.15155125
6200.0000 1.13160765
6200.9000 1.1894989
6201.8000 1.25823271
6202.7000 1.2924614
6203.6000 1.29052985
6204.5000 1.27341855
6205.4000 1.27021241
6206.3000 1.2859453
6207.2000 1.29538465
6208.1000 1.29449332
6209.0000 1.27821398
6209.9000 1.23742652
6210.8000 1.20333254
6211.7000 1.1931237
6212.6000 1.14714766
6213.5000 1.06998646
6214.4000 1.04157388
6215.3000 1.0581075
6216.2000 1.09159088
6217.1000 1.14718688
6218.0000 1.17733181
6218.9000 1.14461637
6219.8000 1.09988773
6220.7000 1.08952594
6221.6000 1.10596013
6222.5000 1.13426566
6223.4000 1.14067161
6224.3000 1.1333524
6225.2000 1.15941715
6226.1000 1.190799
6227.0000 1.19468415
6227.9000 1.18828011
6228.8000 1.15056837
6229.7000 1.06659019
6230.6000 0.9997431
6231.5000 1.01966417
6232.4000 1.07593668
6233.3000 1.12700105
6234.2000 1.20700073
6235.1000 1.25996232
6236.0000 1.26057935
6236.9000 1.23473954
6237.8000 1.19147968
6238.7000 1.1163708
6239.6000 1.03365934
6240.5000 1.03405631
6241.4000 1.08862257
6242.3000 1.0612855
6243.2000 1.01172698
6244.1000 1.0536406
6245.0000 1.10194051
6245.9000 1.11654115
6246.8000 1.15986955
6247.7000 1.21436238
6248.6000 1.22533607
6249.5000 1.20556569
6250.4000 1.18269706
6251.3000 1.12985504
6252.2000 1.06859279
6253.1000 1.07050753
6254.0000 1.10633075
6254.9000 1.1181767
6255.8000 1.07986367
6256.7000 0.99288082
6257.6000 0.91944933
6258.5000 0.90674394
6259.4000 1.00025046
6260.3000 1.09263313
6261.2000 1.11166203
6262.1000 1.15830243
6263.0000 1.22621083
6263.9000 1.22441781
6264.8000 1.15466344
6265.7000 1.11238587
6266.6000 1.14089978
6267.5000 1.1689868
6268.4000 1.15041912
6269.3000 1.14277089
6270.2000 1.17529333
6271.1000 1.20399964
6272.0000 1.22014177
6272.9000 1.21288371
6273.8000 1.18671691
6274.7000 1.18060672
6275.6000 1.19695067
6276.5000 1.21827054
6277.4000 1.23521626
6278.3000 1.2498306
6279.2000 1.23235476
6280.1000 1.18200576
6281.0000 1.16573453
6281.9000 1.18916273
6282.8000 1.21988356
6283.7000 1.25097895
6284.6000 1.24313998
6285.5000 1.23132408
6286.4000 1.26600802
6287.3000 1.30742145
6288.2000 1.33107376
6289.1000 1.32682037
6290.0000 1.29516447
6290.9000 1.25767815
6291.8000 1.23167908
6292.7000 1.21066678
6293.6000 1.22656798
6294.5000 1.24546123
6295.4000 1.19582653
6296.3000 1.12398446
6297.2000 1.11776853
6298.1000 1.17415237
6299.0000 1.22354376
6299.9000 1.22651756
6300.8000 1.19591486
6301.7000 1.1757319
6302.6000 1.18233597
6303.5000 1.20018435
6304.4000 1.19960368
6305.3000 1.17224336
6306.2000 1.18537366
6307.1000 1.26220453
6308.0000 1.30796003
6308.9000 1.30350292
6309.8000 1.26667786
6310.7000 1.21834242
6311.6000 1.18790472
6312.5000 1.19920433
6313.4000 1.21792948
6314.3000 1.19037831
6315.2000 1.16616559
6316.1000 1.19548225
6317.0000 1.19806731
6317.9000 1.15333581
6318.8000 1.14921772
6319.7000 1.1969049
6320.6000 1.2283107
6321.5000 1.23075283
6322.4000 1.22677267
6323.3000 1.24400556
6324.2000 1.25820482
6325.1000 1.24448049
6326.0000 1.23696721
6326.9000 1.22980142
6327.8000 1.24338937
6328.7000 1.27637756
6329.6000 1.26818752
6330.5000 1.25072992
6331.4000 1.27896023
6332.3000 1.31590819
6333.2000 1.32327497
6334.1000 1.27456212
6335.0000 1.18304229
6335.9000 1.13563097
6336.8000 1.17803502
6337.7000 1.23474407
6338.6000 1.24927509
6339.5000 1.25825787
6340.4000 1.28913665
6341.3000 1.29661667
6342.2000 1.26999724
6343.1000 1.2173481
6344.0000 1.17338526
6344.9000 1.19613588
6345.8000 1.25363803
6346.7000 1.28677428
6347.6000 1.29730403
6348.5000 1.29839611
6349.4000 1.29148591
6350.3000 1.29471791
6351.2000 1.30634904
6352.1000 1.30505168
6353.0000 1.27768457
6353.9000 1.23069155
6354.8000 1.20228577
6355.7000 1.22406936
6356.6000 1.24469423
6357.5000 1.20334816
6358.4000 1.13894296
6359.3000 1.11835206
6360.2000 1.13502789
6361.1000 1.13894856
6362.0000 1.12561285
6362.9000 1.12268066
6363.8000 1.1430397
6364.7000 1.17077827
6365.6000 1.1988641
6366.5000 1.22703624
6367.4000 1.27894294
6368.3000 1.31607223
6369.2000 1.3136816
6370.1000 1.30142093
6371.0000 1.30742919
6371.9000 1.336321
6372.8000 1.35716832
6373.7000 1.34916592
6374.6000 1.335549
6375.5000 1.33486652
6376.4000 1.33469987
6377.3000 1.31340086
6378.2000 1.2723465
6379.1000 1.25177014
6380.0000 1.26151323
6380.9000 1.27074659
6381.8000 1.29578197
6382.7000 1.32184434
6383.6000 1.32021224
6384.5000 1.30155563
6385.4000 1.30465865
6386.3000 1.32215357
6387.2000 1.3265233
6388.1000 1.32292116
6389.0000 1.32470608
6389.9000 1.32291532
6390.8000 1.30975974
6391.7000 1.27616751
6392.6000 1.20262074
6393.5000 1.16050959
6394.4000 1.21043766
6395.3000 1.28293753
6396.2000 1.3287096
6397.1000 1.34653473
6398.0000 1.32776666
6398.9000 1.2498976
6399.8000 1.157951
6400.7000 1.17870879
6401.6000 1.28228462
6402.5000 1.3383112
6403.4000 1.34809017
6404.3000 1.34701002
6405.2000 1.33517122
6406.1000 1.31098962
6407.0000 1.27460515
6407.9000 1.24964142
6408.8000 1.2815429
6409.7000 1.31201351
6410.6000 1.28259373
6411.5000 1.23986757
6412.4000 1.23379278
6413.3000 1.24453247
6414.2000 1.27067184
6415.1000 1.30705249
6416.0000 1.32604074
6416.9000 1.31394196
6417.8000 1.2879281
6418.7000 1.26031303
6419.6000 1.22341657
6420.5000 1.19715142
6421.4000 1.21194029
6422.3000 1.28658009
6423.2000 1.34813857
6424.1000 1.34979963
6425.0000 1.33352363
6425.9000 1.34123611
6426.8000 1.36053967
6427.7000 1.36445677
6428.6000 1.33288872
6429.5000 1.25904083
6430.4000 1.17845702
6431.3000 1.1788516
6432.2000 1.25080228
6433.1000 1.30437768
6434.0000 1.31787789
6434.9000 1.3156631
6435.8000 1.32565999
6436.7000 1.33190846
6437.6000 1.30036998
6438.5000 1.24195278
6439.4000 1.23846984
6440.3000 1.30441403
6441.2000 1.36039412
6442.1000 1.38034582
6443.0000 1.37599957
6443.9000 1.36800992
6444.8000 1.3697536
6445.7000 1.3798883
6446.6000 1.38204026
6447.5000 1.34842682
6448.4000 1.25446248
6449.3000 1.12525177
6450.2000 1.07368529
6451.1000 1.14943457
6452.0000 1.24173582
6452.9000 1.30301142
6453.8000 1.32380724
6454.7000 1.29385662
6455.6000 1.2668891
6456.5000 1.29248083
6457.4000 1.33886373
6458.3000 1.37282646
6459.2000 1.39236808
6460.1000 1.39089048
6461.0000 1.3404609
6461.9000 1.24312925
6462.8000 1.18717444
6463.7000 1.23450089
6464.6000 1.29526901
6465.5000 1.32580197
6466.4000 1.33504605
6467.3000 1.34133458
6468.2000 1.34153104
6469.1000 1.32236564
6470.0000 1.30623913
6470.9000 1.28874183
6471.8000 1.28906476
6472.7000 1.32685614
6473.6000 1.34444821
6474.5000 1.31840038
6475.4000 1.29503298
6476.3000 1.31545663
6477.2000 1.34680021
6478.1000 1.35357726
6479.0000 1.35261142
6479.9000 1.34340537
6480.8000 1.29567266
6481.7000 1.22565401
6482.6000 1.19965827
6483.5000 1.23670042
6484.4000 1.29471552
6485.3000 1.33280146
6486.2000 1.34208941
6487.1000 1.34076035
6488.0000 1.33861649
6488.9000 1.32013762
6489.8000 1.28323305
6490.7000 1.2664386
6491.6000 1.27250874
6492.5000 1.25123084
6493.4000 1.15856671
6494.3000 1.05511343
6495.2000 1.02832317
6496.1000 1.0552032
6497.0000 1.08920503
6497.9000 1.11964393
6498.8000 1.13460159
6499.7000 1.16616035
6500.6000 1.21513498
6501.5000 1.25025809
6502.4000 1.27581072
6503.3000 1.28612447
6504.2000 1.28817785
6505.1000 1.30647397
6506.0000 1.32240033
6506.9000 1.30839527
6507.8000 1.27427208
6508.7000 1.26322889
6509.6000 1.29331374
6510.5000 1.33083069
6511.4000 1.34487271
6512.3000 1.34028256
6513.2000 1.33634555
6514.1000 1.32877398
6515.0000 1.31289577
6515.9000 1.30339539
6516.8000 1.29772723
6517.7000 1.27677619
6518.6000 1.26422918
6519.5000 1.29181623
6520.4000 1.3315773
6521.3000 1.34534609
6522.2000 1.33993542
6523.1000 1.33661592
6524.0000 1.34392023
6524.9000 1.34505725
6525.8000 1.31948698
6526.7000 1.28475761
6527.6000 1.28186607
6528.5000 1.3071605
6529.4000 1.32591009
6530.3000 1.31585026
6531.2000 1.28049254
6532.1000 1.25322962
6533.0000 1.25486684
6533.9000 1.28454995
6534.8000 1.32631576
6535.7000 1.34412444
6536.6000 1.32198513
6537.5000 1.29443908
6538.4000 1.30396056
6539.3000 1.33644545
6540.2000 1.35469341
6541.1000 1.34367537
6542.0000 1.31389892
6542.9000 1.28765583
6543.8000 1.27901185
6544.7000 1.2688185
6545.6000 1.23259306
6546.5000 1.21481431
6547.4000 1.24880898
6548.3000 1.29080987
6549.2000 1.30446875
6550.1000 1.28676569
6551.0000 1.25976741
6551.9000 1.25303698
6552.8000 1.25321198
6553.7000 1.22847259
6554.6000 1.19533467
6555.5000 1.18299639
6556.4000 1.20208311
6557.3000 1.23982382
6558.2000 1.26746631
6559.1000 1.27897072
6560.0000 1.26599824
6560.9000 1.16960287
6561.8000 0.94925213
6562.7000 0.77682954
6563.6000 0.86922395
6564.5000 1.10435843
6565.4000 1.2467097
6566.3000 1.29447258
6567.2000 1.31428635
6568.1000 1.30032599
6569.0000 1.26288438
6569.9000 1.25441623
6570.8000 1.26590335
6571.7000 1.2399826
6572.6000 1.18351161
6573.5000 1.14720118
6574.4000 1.14843607
6575.3000 1.18957722
6576.2000 1.25969946
6577.1000 1.3110851
6578.0000 1.33097076
6578.9000 1.32029653
6579.8000 1.27939343
6580.7000 1.23515201
6581.6000 1.23935378
6582.5000 1.28832972
6583.4000 1.32116258
6584.3000 1.31892729
6585.2000 1.29671872
6586.1000 1.28281116
6587.0000 1.302315
6587.9000 1.3328228
6588.8000 1.34085608
6589.7000 1.33975613
6590.6000 1.32400215
6591.5000 1.26493216
6592.4000 1.17691541
6593.3000 1.13547003
6594.2000 1.1863519
6595.1000 1.26721668
6596.0000 1.30374515
6596.9000 1.29440165
6597.8000 1.26121509
6598.7000 1.24098027
6599.6000 1.27121568
6600.5000 1.3288182
6601.4000 1.35709357
6602.3000 1.35227346
6603.2000 1.32927775
6604.1000 1.29296839
6605.0000 1.25693035
6605.9000 1.24223661
6606.8000 1.23972988
6607.7000 1.22040451
6608.6000 1.18558979
6609.5000 1.19378603
6610.4000 1.26653945
6611.3000 1.33104706
6612.2000 1.33505297
6613.1000 1.30040836
6614.0000 1.28674376
6614.9000 1.32114875
6615.8000 1.34930229
6616.7000 1.34613609
6617.6000 1.33522165
6618.5000 1.33618796
6619.4000 1.34375548
6620.3000 1.35088229
6621.2000 1.35231411
6622.1000 1.33492517
6623.0000 1.29245627
6623.9000 1.23423254
6624.8000 1.20528674
6625.7000 1.24434555
6626.6000 1.29730833
6627.5000 1.31018424
6628.4000 1.30185294
6629.3000 1.28478134
6630.2000 1.27425301
6631.1000 1.27498353
6632.0000 1.25553191
6632.9000 1.22105598
6633.8000 1.21390057
6634.7000 1.25265813
6635.6000 1.29997659
6636.5000 1.32555234
6637.4000 1.33088636
6638.3000 1.31863916
6639.2000 1.2948631
6640.1000 1.29205668
6641.0000 1.31792462
6641.9000 1.31380963
6642.8000 1.26262021
6643.7000 1.22894335
6644.6000 1.25993764
6645.5000 1.29470897
6646.4000 1.29018891
6647.3000 1.26902974
6648.2000 1.27289236
6649.1000 1.30021906
6650.0000 1.31023085
6650.9000 1.30509841
6651.8000 1.30169427
6652.7000 1.30375922
6653.6000 1.29963696
6654.5000 1.2998302
6655.4000 1.30087841
6656.3000 1.29247439
6657.2000 1.29329109
6658.1000 1.30179107
6659.0000 1.30111492
6659.9000 1.28993797
6660.8000 1.27494824
6661.7000 1.25503719
6662.6000 1.21782386
6663.5000 1.19666898
6664.4000 1.22303438
6665.3000 1.23668277
6666.2000 1.22263634
6667.1000 1.21540475
6668.0000 1.23474765
6668.9000 1.27603424
6669.8000 1.30750716
6670.7000 1.32156694
6671.6000 1.31862438
6672.5000 1.31322801
6673.4000 1.30832827
6674.3000 1.30770099
6675.2000 1.30792224
6676.1000 1.27801704
6677.0000 1.2021879
6677.9000 1.13578463
6678.8000 1.16586113
6679.7000 1.24357283
6680.6000 1.27747428
6681.5000 1.27971315
6682.4000 1.28489983
6683.3000 1.29414082
6684.2000 1.30119181
6685.1000 1.30681098
6686.0000 1.30450928
6686.9000 1.2913034
6687.8000 1.27831829
6688.7000 1.28194976
6689.6000 1.293226
6690.5000 1.30268002
6691.4000 1.30473614
6692.3000 1.3023355
6693.2000 1.30220556
6694.1000 1.30064249
6695.0000 1.27058041
6695.9000 1.23284447
6696.8000 1.22808313
6697.7000 1.24646842
6698.6000 1.26566112
6699.5000 1.29013658
6700.4000 1.3087064
6701.3000 1.30969691
6702.2000 1.29579699
6703.1000 1.2654537
6704.0000 1.24734545
6704.9000 1.25752497
6705.8000 1.27956069
6706.7000 1.29354477
6707.6000 1.298015
6708.5000 1.28893805
6709.4000 1.26083314
6710.3000 1.24077702
6711.2000 1.25589633
6712.1000 1.26599073
6713.0000 1.2541126
6713.9000 1.23862398
6714.8000 1.2153393
6715.7000 1.18536532
6716.6000 1.15883803
6717.5000 1.15290201
6718.4000 1.20341158
6719.3000 1.26146984
6720.2000 1.28014433
6721.1000 1.27136397
6722.0000 1.26460803
6722.9000 1.2756896
6723.8000 1.28536832
6724.7000 1.27228284
6725.6000 1.24758685
6726.5000 1.24046052
6727.4000 1.25540078
6728.3000 1.26929224
6729.2000 1.2790612
6730.1000 1.28361917
6731.0000 1.28332019
6731.9000 1.27567697
6732.8000 1.26803231
6733.7000 1.27303731
6734.6000 1.28373194
6735.5000 1.29543519
6736.4000 1.29627752
6737.3000 1.27216613
6738.2000 1.23499835
6739.1000 1.21382248
6740.0000 1.2269901
6740.9000 1.25615323
6741.8000 1.2492857
6742.7000 1.21858466
6743.6000 1.22157526
6744.5000 1.23945701
6745.4000 1.23299038
6746.3000 1.225492
6747.2000 1.23213494
6748.1000 1.23946202
6749.0000 1.23071432
6749.9000 1.21768451
6750.8000 1.22541225
6751.7000 1.21152234
6752.6000 1.1715157
6753.5000 1.18076956
6754.4000 1.22752094
6755.3000 1.25826013
6756.2000 1.28124583
6757.1000 1.30163574
6758.0000 1.30869913
6758.9000 1.31045055
6759.8000 1.30914211
6760.7000 1.29766405
6761.6000 1.27786458
6762.5000 1.27156222
6763.4000 1.28431201
6764.3000 1.2877593
6765.2000 1.25944674
6766.1000 1.21070957
6767.0000 1.18662548
6767.9000 1.20757735
6768.8000 1.24454558
6769.7000 1.25163758
6770.6000 1.23080516
6771.5000 1.23127007
6772.4000 1.2604655
6773.3000 1.28877819
6774.2000 1.30635357
6775.1000 1.32068813
6776.0000 1.32251549
6776.9000 1.3164444
6777.8000 1.31946504
6778.7000 1.33569551
6779.6000 1.34327924
6780.5000 1.33152699
6781.4000 1.30330873
6782.3000 1.25790298
6783.2000 1.20950234
6784.1000 1.18779767
6785.0000 1.19634295
6785.9000 1.21942806
6786.8000 1.24984598
6787.7000 1.27803993
6788.6000 1.27880406
6789.5000 1.2661947
6790.4000 1.27105522
6791.3000 1.28303814
6792.2000 1.27603877
6793.1000 1.25340402
6794.0000 1.2490133
6794.9000 1.2630074
6795.8000 1.27202952
6796.7000 1.28031659
6797.6000 1.28566444
6798.5000 1.2877562
6799.4000 1.29854441
6800.3000 1.30426705
6801.2000 1.30136812
6802.1000 1.30166113
6803.0000 1.29594803
6803.9000 1.28910637
6804.8000 1.29721677
6805.7000 1.29601216
6806.6000 1.27950895
6807.5000 1.2815032
6808.4000 1.29230654
6809.3000 1.28492355
6810.2000 1.27701247
6811.1000 1.27885902
6812.0000 1.27718854
6812.9000 1.27340603
6813.8000 1.25724852
6814.7000 1.23585188
6815.6000 1.25025344
6816.5000 1.28897107
6817.4000 1.30595398
6818.3000 1.29601014
6819.2000 1.28029609
6820.1000 1.27432907
6821.0000 1.28511155
6821.9000 1.30428803
6822.8000 1.32085288
6823.7000 1.32720232
6824.6000 1.32616806
6825.5000 1.32794356
6826.4000 1.32136667
6827.3000 1.29392815
6828.2000 1.26740611
6829.1000 1.27003789
6830.0000 1.29294968
6830.9000 1.30685961
6831.8000 1.2954601
6832.7000 1.27794325
6833.6000 1.28748882
6834.5000 1.31421375
6835.4000 1.32869112
6836.3000 1.32178605
6837.2000 1.30655408
6838.1000 1.28754389
6839.0000 1.25873244
6839.9000 1.22884107
6840.8000 1.20687485
6841.7000 1.20096314
6842.6000 1.22139442
6843.5000 1.25517142
6844.4000 1.28446746
6845.3000 1.3005656
6846.2000 1.30180848
6847.1000 1.30265212
6848.0000 1.30948329
6848.9000 1.30455935
6849.8000 1.29035819
6850.7000 1.28472626
6851.6000 1.29145229
6852.5000 1.30183685
6853.4000 1.29035628
6854.3000 1.24976695
6855.2000 1.22650778
6856.1000 1.24474871
6857.0000 1.26745296
6857.9000 1.2751776
6858.8000 1.2757405
6859.7000 1.25514543
6860.6000 1.21113992
6861.5000 1.19204938
6862.4000 1.23265302
6863.3000 1.29271317
6864.2000 1.3195312
6865.1000 1.31790531
6866.0000 1.301265
6866.9000 1.26290131
6867.8000 1.21172082
6868.7000 1.20293009
6869.6000 1.26572871
6870.5000 1.30297589
6871.4000 1.25282001
6872.3000 1.2033453
6873.2000 1.22146392
6874.1000 1.25764227
6875.0000 1.27339232
6875.9000 1.28034723
6876.8000 1.29379749
6877.7000 1.30957401
6878.6000 1.31647646
6879.5000 1.3098855
6880.4000 1.28817761
6881.3000 1.2617861
6882.2000 1.23649645
6883.1000 1.23419857
6884.0000 1.25958347
6884.9000 1.28035057
6885.8000 1.28115106
6886.7000 1.28958666
6887.6000 1.32404852
6888.5000 1.33707523
6889.4000 1.31630814
6890.3000 1.32376027
6891.2000 1.3548528
6892.1000 1.33835268
6893.0000 1.30429554
6893.9000 1.31675434
6894.8000 1.3348
6895.7000 1.30518377
6896.6000 1.26924956
6897.5000 1.28935397
6898.4000 1.32653129
6899.3000 1.30342793
6900.2000 1.25374997
6901.1000 1.26994443
6902.0000 1.33843613
6902.9000 1.35438013
6903.8000 1.31261766
6904.7000 1.27938414
6905.6000 1.30335391
6906.5000 1.35434234
6907.4000 1.35582364
6908.3000 1.32604718
6909.2000 1.31340611
6910.1000 1.32108581
6911.0000 1.32462537
6911.9000 1.30567336
6912.8000 1.26608169
6913.7000 1.22519958
6914.6000 1.2378453
6915.5000 1.29446876
6916.4000 1.30679464
6917.3000 1.30008781
6918.2000 1.31298864
6919.1000 1.33379364
6920.0000 1.35829663
6920.9000 1.36907828
6921.8000 1.35774338
6922.7000 1.3308481
6923.6000 1.28055441
6924.5000 1.23362696
6925.4000 1.22845149
6926.3000 1.25798476
6927.2000 1.29768658
6928.1000 1.31361055
6929.0000 1.31572449
6929.9000 1.31999087
6930.8000 1.32113516
6931.7000 1.30581582
6932.6000 1.26699603
6933.5000 1.25620067
6934.4000 1.28746378
6935.3000 1.3050766
6936.2000 1.30304372
6937.1000 1.30133259
6938.0000 1.30383599
6938.9000 1.31583416
6939.8000 1.33593452
6940.7000 1.34714687
6941.6000 1.34145725
6942.5000 1.31560254
6943.4000 1.28491175
6944.3000 1.25155747
6945.2000 1.23562765
6946.1000 1.26950061
6947.0000 1.30288494
6947.9000 1.31705725
6948.8000 1.32809031
6949.7000 1.31474352
6950.6000 1.27976477
6951.5000 1.26756477
6952.4000 1.27112818
6953.3000 1.25996315
6954.2000 1.25866282
6955.1000 1.2797848
6956.0000 1.31255865
6956.9000 1.32868242
6957.8000 1.33133936
6958.7000 1.33013773
6959.6000 1.32818007
6960.5000 1.33297074
6961.4000 1.3395499
6962.3000 1.33437932
6963.2000 1.33408535
6964.1000 1.33017325
6965.0000 1.31493878
6965.9000 1.31175971
6966.8000 1.33004439
6967.7000 1.34982431
6968.6000 1.35238922
6969.5000 1.33641279
6970.4000 1.30752385
6971.3000 1.30002248
6972.2000 1.32522213
6973.1000 1.34227741
6974.0000 1.32441425
6974.9000 1.29821706
6975.8000 1.2773627
6976.7000 1.24020922
6977.6000 1.17149091
6978.5000 1.11785662
6979.4000 1.15386474
6980.3000 1.2319622
6981.2000 1.28565657
6982.1000 1.31712055
6983.0000 1.33432341
6983.9000 1.33821344
6984.8000 1.3356508
6985.7000 1.33422112
6986.6000 1.33205605
6987.5000 1.31707931
6988.4000 1.2890898
6989.3000 1.27503574
6990.2000 1.28861487
6991.1000 1.31765366
6992.0000 1.33443356
6992.9000 1.32854831
6993.8000 1.31417084
6994.7000 1.30640697
6995.6000 1.30730557
6996.5000 1.30405366
6997.4000 1.30465508
6998.3000 1.29253554
6999.2000 1.2638557
7000.1000 1.25070727
7001.0000 1.26696932
7001.9000 1.29740572
7002.8000 1.30947709
7003.7000 1.29010963
7004.6000 1.27294612
7005.5000 1.27846158
7006.4000 1.29225373
7007.3000 1.29474139
7008.2000 1.29889083
7009.1000 1.30717039
7010.0000 1.29637015
7010.9000 1.28591371
7011.8000 1.30217469
7012.7000 1.32514179
7013.6000 1.31429195
7014.5000 1.25470769
7015.4000 1.17363679
7016.3000 1.14507329
7017.2000 1.21678913
7018.1000 1.29871225
7019.0000 1.32750225
7019.9000 1.32812381
7020.8000 1.32361412
7021.7000 1.30479693
7022.6000 1.26429319
7023.5000 1.23001528
7024.4000 1.23290038
7025.3000 1.26596892
7026.2000 1.28643262
7027.1000 1.28220904
7028.0000 1.27637696
7028.9000 1.28250909
7029.8000 1.29584467
7030.7000 1.30711317
7031.6000 1.30855095
7032.5000 1.30204177
7033.4000 1.2953465
7034.3000 1.30171621
7035.2000 1.32321322
7036.1000 1.32617188
7037.0000 1.28041029
7037.9000 1.22176838
7038.8000 1.22619116
7039.7000 1.29748583
7040.6000 1.3642602
7041.5000 1.38946545
7042.4000 1.38543284
7043.3000 1.36303854
7044.2000 1.32773483
7045.1000 1.30729032
7046.0000 1.32017696
7046.9000 1.34671974
7047.8000 1.36749399
7048.7000 1.37586784
7049.6000 1.36309505
7050.5000 1.33259654
7051.4000 1.2842387
7052.3000 1.22257614
7053.2000 1.1960994
7054.1000 1.21504045
7055.0000 1.25299156
7055.9000 1.29602289
7056.8000 1.32321966
7057.7000 1.32262325
7058.6000 1.29883325
7059.5000 1.26780665
7060.4000 1.25476086
7061.3000 1.26218116
7062.2000 1.26553869
7063.1000 1.26639676
7064.0000 1.26977789
7064.9000 1.25490665
7065.8000 1.22601366
7066.7000 1.20644152
7067.6000 1.19453084
7068.5000 1.1967113
7069.4000 1.23380935
7070.3000 1.28666043
7071.2000 1.31400204
7072.1000 1.31562781
7073.0000 1.31753933
7073.9000 1.32219577
7074.8000 1.31914568
7075.7000 1.3108505
7076.6000 1.30934083
7077.5000 1.32036901
7078.4000 1.32990968
7079.3000 1.33741248
7080.2000 1.3479743
7081.1000 1.34112048
7082.0000 1.3058902
7082.9000 1.25075555
7083.8000 1.18895304
7084.7000 1.16245759
7085.6000 1.18985343
7086.5000 1.2100476
7087.4000 1.20023048
7088.3000 1.19959033
7089.2000 1.20728004
7090.1000 1.21092081
7091.0000 1.22109675
7091.9000 1.22695744
7092.8000 1.21931875
7093.7000 1.22135139
7094.6000 1.22655296
7095.5000 1.22671342
7096.4000 1.23097765
7097.3000 1.23660767
7098.2000 1.24809086
7099.1000 1.26242697
7100.0000 1.26466966
7100.9000 1.24609709
7101.8000 1.21018529
7102.7000 1.18663776
7103.6000 1.20622492
7104.5000 1.25434971
7105.4000 1.27390921
7106.3000 1.2539382
7107.2000 1.23456669
7108.1000 1.23535275
7109.0000 1.23229861
7109.9000 1.19875216
7110.8000 1.16129673
7111.7000 1.16202343
7112.6000 1.19478655
7113.5000 1.22540593
7114.4000 1.24168468
7115.3000 1.25477111
7116.2000 1.26583076
7117.1000 1.26356173
7118.0000 1.25581872
7118.9000 1.24963152
7119.8000 1.24542761
7120.7000 1.24125302
7121.6000 1.22647202
7122.5000 1.22275841
7123.4000 1.2384423
7124.3000 1.21994388
7125.2000 1.1739198
7126.1000 1.15178001
7127.0000 1.16786861
7127.9000 1.19597661
7128.8000 1.18415785
7129.7000 1.13470626
7130.6000 1.10280991
7131.5000 1.12014806
7132.4000 1.15948331
7133.3000 1.19115639
7134.2000 1.21538627
7135.1000 1.22211218
7136.0000 1.22015977
7136.9000 1.21676719
7137.8000 1.19259429
7138.7000 1.16482043
7139.6000 1.17494237
7140.5000 1.21405709
7141.4000 1.23698747
7142.3000 1.23201931
7143.2000 1.22361016
7144.1000 1.22118914
7145.0000 1.22264874
7145.9000 1.22584963
7146.8000 1.20122826
7147.7000 1.15576613
7148.6000 1.15363026
7149.5000 1.18806946
7150.4000 1.2043252
7151.3000 1.21398604
7152.2000 1.24260664
7153.1000 1.25729322
7154.0000 1.23174942
7154.9000 1.1990279
7155.8000 1.21542239
7156.7000 1.2609247
7157.6000 1.26611555
7158.5000 1.23443854
7159.4000 1.20814979
7160.3000 1.20930731
7161.2000 1.23835588
7162.1000 1.26141798
7163.0000 1.24490082
7163.9000 1.20040572
7164.8000 1.18054652
7165.7000 1.2128253
7166.6000 1.25573814
7167.5000 1.27099335
7168.4000 1.25743842
7169.3000 1.24052644
7170.2000 1.25493574
7171.1000 1.28294456
7172.0000 1.30567312
7172.9000 1.31568038
7173.8000 1.31081963
7174.7000 1.29027283
7175.6000 1.26251352
7176.5000 1.25769651
7177.4000 1.28963912
7178.3000 1.29702342
7179.2000 1.25994694
7180.1000 1.20255947
7181.0000 1.18063521
7181.9000 1.21767592
7182.8000 1.28855503
7183.7000 1.3239454
7184.6000 1.31419265
7185.5000 1.28892958
7186.4000 1.23605347
7187.3000 1.15824997
7188.2000 1.12481678
7189.1000 1.1391809
7190.0000 1.18947053
7190.9000 1.24264646
7191.8000 1.24645007
7192.7000 1.23652279
7193.6000 1.24817634
7194.5000 1.26698959
7195.4000 1.26754379
7196.3000 1.23506176
7197.2000 1.21412373
7198.1000 1.2428385
7199.0000 1.27163601
7199.9000 1.27800405
7200.8000 1.25794387
7201.7000 1.22940123
7202.6000 1.24503672
7203.5000 1.2859019
7204.4000 1.30027092
7205.3000 1.27752614
7206.2000 1.21497059
7207.1000 1.15258026
7208.0000 1.14923275
7208.9000 1.17269456
7209.8000 1.21532261
7210.7000 1.27277851
7211.6000 1.28376329
7212.5000 1.2499851
7213.4000 1.22233987
7214.3000 1.21629918
7215.2000 1.20975447
7216.1000 1.21106052
7217.0000 1.24816656
7217.9000 1.28579211
7218.8000 1.28613007
7219.7000 1.26552951
7220.6000 1.25267923
7221.5000 1.25105953
7222.4000 1.24368191
7223.3000 1.23798144
7224.2000 1.26195192
7225.1000 1.29401636
7226.0000 1.30589592
7226.9000 1.30476892
7227.8000 1.28089154
7228.7000 1.25898397
7229.6000 1.27641773
7230.5000 1.30905902
7231.4000 1.32898831
7232.3000 1.32879734
7233.2000 1.3237772
7234.1000 1.32682359
7235.0000 1.30938256
7235.9000 1.27631283
7236.8000 1.26760459
7237.7000 1.28230715
7238.6000 1.28401387
7239.5000 1.27625954
7240.4000 1.28579974
7241.3000 1.30576718
7242.2000 1.3137728
7243.1000 1.29187536
7244.0000 1.24822557
7244.9000 1.23293602
7245.8000 1.27157259
7246.7000 1.32139981
7247.6000 1.35239553
7248.5000 1.35372043
7249.4000 1.32551765
7250.3000 1.27847922
7251.2000 1.23995805
7252.1000 1.23924148
7253.0000 1.25859714
7253.9000 1.27154362
7254.8000 1.28843093
7255.7000 1.31691325
7256.6000 1.34141517
7257.5000 1.34419322
7258.4000 1.32789958
7259.3000 1.2988596
7260.2000 1.23908925
7261.1000 1.17780459
7262.0000 1.19334221
7262.9000 1.26035345
7263.8000 1.29690945
7264.7000 1.30099642
7265.6000 1.29522061
7266.5000 1.29856122
7267.4000 1.31484151
7268.3000 1.32237387
7269.2000 1.32316756
7270.1000 1.31145787
7271.0000 1.2913897
7271.9000 1.28738022
7272.8000 1.29813397
7273.7000 1.31327569
7274.6000 1.33179045
7275.5000 1.35016382
7276.4000 1.35779345
7277.3000 1.34317851
7278.2000 1.3197757
7279.1000 1.30990136
7280.0000 1.30056572
7280.9000 1.27194929
7281.8000 1.2420572
7282.7000 1.23978531
7283.6000 1.24924159
7284.5000 1.25905144
7285.4000 1.28913569
7286.3000 1.31705439
7287.2000 1.30772889
7288.1000 1.27316368
7289.0000 1.25500095
7289.9000 1.2469418
7290.8000 1.21784127
7291.7000 1.19854605
7292.6000 1.21631217
7293.5000 1.25548458
7294.4000 1.29602575
7295.3000 1.32889163
7296.2000 1.34779644
7297.1000 1.33681464
7298.0000 1.30398071
7298.9000 1.27546561
7299.8000 1.27117336
7300.7000 1.28996778
7301.6000 1.30633008
7302.5000 1.31231534
7303.4000 1.31939507
7304.3000 1.32597053
7305.2000 1.31604052
7306.1000 1.28874528
7307.0000 1.26559567
7307.9000 1.26720476
7308.8000 1.29478312
7309.7000 1.31217778
7310.6000 1.29110384
7311.5000 1.27751076
7312.4000 1.29866254
7313.3000 1.32070327
7314.2000 1.31906104
7315.1000 1.29346597
7316.0000 1.26615894
7316.9000 1.25697017
7317.8000 1.26356518
7318.7000 1.28524232
7319.6000 1.30699873
7320.5000 1.31525099
7321.4000 1.32061267
7322.3000 1.30956173
7323.2000 1.27716112
7324.1000 1.25218368
7325.0000 1.23594558
7325.9000 1.23057222
7326.8000 1.26456821
7327.7000 1.31095839
7328.6000 1.31543624
7329.5000 1.29254055
7330.4000 1.27338564
7331.3000 1.26477182
7332.2000 1.2695154
7333.1000 1.28570569
7334.0000 1.30214524
7334.9000 1.314955
7335.8000 1.32612288
7336.7000 1.33161592
7337.6000 1.32987463
7338.5000 1.32831299
7339.4000 1.33662522
7340.3000 1.35594332
7341.2000 1.37164128
7342.1000 1.35472596
7343.0000 1.29550815
7343.9000 1.23188925
7344.8000 1.23184955
7345.7000 1.28556049
7346.6000 1.32008052
7347.5000 1.33396208
7348.4000 1.34127033
7349.3000 1.32461834
7350.2000 1.28941166
7351.1000 1.26712012
7352.0000 1.27297211
7352.9000 1.27830899
7353.8000 1.25308776
7354.7000 1.20642114
7355.6000 1.16647863
7356.5000 1.16542494
7357.4000 1.20415282
7358.3000 1.2590735
7359.2000 1.30294001
7360.1000 1.29877746
7361.0000 1.25550127
7361.9000 1.21094954
7362.8000 1.19799459
7363.7000 1.21631193
7364.6000 1.2456826
7365.5000 1.26882303
7366.4000 1.27893031
7367.3000 1.29969108
7368.2000 1.3198241
7369.1000 1.32279611
7370.0000 1.33150637
7370.9000 1.35298157
7371.8000 1.36377227
7372.7000 1.35907722
7373.6000 1.35049701
7374.5000 1.34117782
7375.4000 1.33558416
7376.3000 1.33658922
7377.2000 1.35331273
7378.1000 1.3721211
7379.0000 1.37299919
7379.9000 1.35501778
7380.8000 1.3244251
7381.7000 1.29555964
7382.6000 1.2832973
7383.5000 1.28285897
7384.4000 1.26412904
7385.3000 1.23457992
7386.2000 1.23292768
7387.1000 1.24393022
7388.0000 1.22772646
7388.9000 1.2008884
7389.8000 1.20771027
7390.7000 1.24236286
7391.6000 1.25877988
7392.5000 1.25551128
7393.4000 1.25619268
7394.3000 1.2813344
7395.2000 1.30728972
7396.1000 1.30812013
7397.0000 1.3002907
7397.9000 1.28819418
7398.8000 1.26748395
7399.7000 1.23955727
7400.6000 1.23073125
7401.5000 1.25769055
7402.4000 1.3000946
7403.3000 1.33236933
7404.2000 1.34113884
7405.1000 1.32885671
7406.0000 1.31553304
7406.9000 1.31201744
7407.8000 1.29789531
7408.7000 1.27124488
7409.6000 1.25614727
7410.5000 1.26160729
7411.4000 1.27103984
7412.3000 1.0462712
7413.2000 0.24159439
7414.1000 0.00501331
7415.0000 0.00000588
7415.9000 0
7416.8000 0
7417.7000 0
7418.6000 0
7419.5000 0
7420.4000 0
7421.3000 0
7422.2000 0
7423.1000 0
7424.0000 0
7424.9000 0
7425.8000 0
7426.7000 0
7427.6000 0
7428.5000 0
7429.4000 0
