3500.000	0.0000
3500.900	0.0000
3501.800	0.0000
3502.700	0.0000
3503.600	0.0000
3504.500	0.0000
3505.400	0.0000
3506.300	0.0000
3507.200	0.0000
3508.100	0.0000
3509.000	0.0000
3509.900	0.0000
3510.800	0.0000
3511.700	0.0000
3512.600	0.0000
3513.500	0.0000
3514.400	0.0000
3515.300	0.0000
3516.200	0.0000
3517.100	0.0000
3518.000	0.0000
3518.900	0.0000
3519.800	0.0000
3520.700	0.0000
3521.600	0.0000
3522.500	0.0000
3523.400	0.0000
3524.300	0.0000
3525.200	0.0000
3526.100	0.0000
3527.000	0.0000
3527.900	0.0000
3528.800	0.0000
3529.700	0.0000
3530.600	0.0000
3531.500	0.0000
3532.400	0.0000
3533.300	0.0000
3534.200	0.0000
3535.100	0.0000
3536.000	0.0758
3536.900	0.0722
3537.800	0.0747
3538.700	0.0853
3539.600	0.0894
3540.500	0.0767
3541.400	0.0693
3542.300	0.0721
3543.200	0.0747
3544.100	0.0754
3545.000	0.0812
3545.900	0.0835
3546.800	0.0754
3547.700	0.0621
3548.600	0.0625
3549.500	0.0690
3550.400	0.0794
3551.300	0.0773
3552.200	0.0713
3553.100	0.0605
3554.000	0.0566
3554.900	0.0648
3555.800	0.0683
3556.700	0.0650
3557.600	0.0635
3558.500	0.0644
3559.400	0.0625
3560.300	0.0586
3561.200	0.0576
3562.100	0.0626
3563.000	0.0701
3563.900	0.0605
3564.800	0.0449
3565.700	0.0385
3566.600	0.0401
3567.500	0.0459
3568.400	0.0455
3569.300	0.0426
3570.200	0.0444
3571.100	0.0299
3572.000	0.0396
3572.900	0.0490
3573.800	0.0564
3574.700	0.0622
3575.600	0.0583
3576.500	0.0514
3577.400	0.0501
3578.300	0.0409
3579.200	0.0289
3580.100	0.0269
3581.000	0.0264
3581.900	0.0243
3582.800	0.0304
3583.700	0.0437
3584.600	0.0487
3585.500	0.0390
3586.400	0.0314
3587.300	0.0311
3588.200	0.0336
3589.100	0.0411
3590.000	0.0502
3590.900	0.0582
3591.800	0.0653
3592.700	0.0624
3593.600	0.0502
3594.500	0.0486
3595.400	0.0609
3596.300	0.0751
3597.200	0.0817
3598.100	0.0840
3599.000	0.0918
3599.900	0.1002
3600.800	0.0972
3601.700	0.0831
3602.600	0.0697
3603.500	0.0616
3604.400	0.0513
3605.300	0.0402
3606.200	0.0411
3607.100	0.0497
3608.000	0.0513
3608.900	0.0427
3609.800	0.0366
3610.700	0.0434
3611.600	0.0551
3612.500	0.0571
3613.400	0.0569
3614.300	0.0689
3615.200	0.0834
3616.100	0.0872
3617.000	0.0787
3617.900	0.0587
3618.800	0.0392
3619.700	0.0358
3620.600	0.0506
3621.500	0.0728
3622.400	0.0905
3623.300	0.0972
3624.200	0.0951
3625.100	0.0985
3626.000	0.1138
3626.900	0.1259
3627.800	0.1227
3628.700	0.1140
3629.600	0.1018
3630.500	0.0712
3631.400	0.0418
3632.300	0.0390
3633.200	0.0536
3634.100	0.0653
3635.000	0.0672
3635.900	0.0723
3636.800	0.0869
3637.700	0.1030
3638.600	0.1134
3639.500	0.1219
3640.400	0.1275
3641.300	0.1235
3642.200	0.1116
3643.100	0.1007
3644.000	0.0976
3644.900	0.0873
3645.800	0.0726
3646.700	0.0629
3647.600	0.0522
3648.500	0.0484
3649.400	0.0578
3650.300	0.0735
3651.200	0.0862
3652.100	0.0974
3653.000	0.1079
3653.900	0.1120
3654.800	0.1160
3655.700	0.1245
3656.600	0.1293
3657.500	0.1290
3658.400	0.1319
3659.300	0.1419
3660.200	0.1451
3661.100	0.1362
3662.000	0.1279
3662.900	0.1204
3663.800	0.1121
3664.700	0.1150
3665.600	0.1273
3666.500	0.1299
3667.400	0.1232
3668.300	0.1158
3669.200	0.1012
3670.100	0.0853
3671.000	0.0892
3671.900	0.1097
3672.800	0.1251
3673.700	0.1272
3674.600	0.1248
3675.500	0.1250
3676.400	0.1211
3677.300	0.1088
3678.200	0.0948
3679.100	0.0838
3680.000	0.0742
3680.900	0.0745
3681.800	0.0885
3682.700	0.1028
3683.600	0.1068
3684.500	0.1035
3685.400	0.0933
3686.300	0.0766
3687.200	0.0570
3688.100	0.0484
3689.000	0.0659
3689.900	0.0973
3690.800	0.1251
3691.700	0.1377
3692.600	0.1301
3693.500	0.1107
3694.400	0.0987
3695.300	0.0979
3696.200	0.0997
3697.100	0.1070
3698.000	0.1263
3698.900	0.1430
3699.800	0.1449
3700.700	0.1368
3701.600	0.1288
3702.500	0.1258
3703.400	0.1124
3704.300	0.0807
3705.200	0.0569
3706.100	0.0589
3707.000	0.0676
3707.900	0.0639
3708.800	0.0534
3709.700	0.0552
3710.600	0.0783
3711.500	0.1076
3712.400	0.1280
3713.300	0.1403
3714.200	0.1425
3715.100	0.1335
3716.000	0.1182
3716.900	0.1017
3717.800	0.0863
3718.700	0.0670
3719.600	0.0439
3720.500	0.0290
3721.400	0.0302
3722.300	0.0405
3723.200	0.0541
3724.100	0.0716
3725.000	0.0873
3725.900	0.0918
3726.800	0.0821
3727.700	0.0668
3728.600	0.0644
3729.500	0.0721
3730.400	0.0718
3731.300	0.0637
3732.200	0.0551
3733.100	0.0458
3734.000	0.0361
3734.900	0.0311
3735.800	0.0291
3736.700	0.0261
3737.600	0.0278
3738.500	0.0412
3739.400	0.0604
3740.300	0.0744
3741.200	0.0787
3742.100	0.0738
3743.000	0.0626
3743.900	0.0516
3744.800	0.0465
3745.700	0.0448
3746.600	0.0433
3747.500	0.0423
3748.400	0.0363
3749.300	0.0300
3750.200	0.0352
3751.100	0.0515
3752.000	0.0676
3752.900	0.0769
3753.800	0.0887
3754.700	0.1023
3755.600	0.1050
3756.500	0.0940
3757.400	0.0714
3758.300	0.0508
3759.200	0.0473
3760.100	0.0612
3761.000	0.0723
3761.900	0.0744
3762.800	0.0704
3763.700	0.0592
3764.600	0.0543
3765.500	0.0615
3766.400	0.0647
3767.300	0.0584
3768.200	0.0623
3769.100	0.0849
3770.000	0.1079
3770.900	0.1160
3771.800	0.1189
3772.700	0.1235
3773.600	0.1237
3774.500	0.1155
3775.400	0.1049
3776.300	0.1006
3777.200	0.1026
3778.100	0.1048
3779.000	0.1067
3779.900	0.1159
3780.800	0.1236
3781.700	0.1226
3782.600	0.1234
3783.500	0.1276
3784.400	0.1277
3785.300	0.1184
3786.200	0.0958
3787.100	0.0717
3788.000	0.0628
3788.900	0.0624
3789.800	0.0618
3790.700	0.0665
3791.600	0.0773
3792.500	0.0866
3793.400	0.0864
3794.300	0.0745
3795.200	0.0644
3796.100	0.0673
3797.000	0.0729
3797.900	0.0677
3798.800	0.0559
3799.700	0.0547
3800.600	0.0695
3801.500	0.0866
3802.400	0.0978
3803.300	0.1055
3804.200	0.1101
3805.100	0.1115
3806.000	0.1051
3806.900	0.0892
3807.800	0.0784
3808.700	0.0840
3809.600	0.0958
3810.500	0.1003
3811.400	0.1016
3812.300	0.0985
3813.200	0.0858
3814.100	0.0711
3815.000	0.0617
3815.900	0.0572
3816.800	0.0559
3817.700	0.0580
3818.600	0.0566
3819.500	0.0477
3820.400	0.0362
3821.300	0.0322
3822.200	0.0391
3823.100	0.0477
3824.000	0.0459
3824.900	0.0368
3825.800	0.0329
3826.700	0.0364
3827.600	0.0434
3828.500	0.0493
3829.400	0.0548
3830.300	0.0623
3831.200	0.0671
3832.100	0.0627
3833.000	0.0523
3833.900	0.0450
3834.800	0.0454
3835.700	0.0549
3836.600	0.0672
3837.500	0.0701
3838.400	0.0629
3839.300	0.0552
3840.200	0.0479
3841.100	0.0436
3842.000	0.0522
3842.900	0.0696
3843.800	0.0812
3844.700	0.0834
3845.600	0.0839
3846.500	0.0845
3847.400	0.0846
3848.300	0.0832
3849.200	0.0741
3850.100	0.0615
3851.000	0.0583
3851.900	0.0696
3852.800	0.0812
3853.700	0.0815
3854.600	0.0775
3855.500	0.0701
3856.400	0.0588
3857.300	0.0564
3858.200	0.0594
3859.100	0.0534
3860.000	0.0440
3860.900	0.0444
3861.800	0.0573
3862.700	0.0747
3863.600	0.0837
3864.500	0.0777
3865.400	0.0669
3866.300	0.0656
3867.200	0.0723
3868.100	0.0769
3869.000	0.0770
3869.900	0.0737
3870.800	0.0683
3871.700	0.0617
3872.600	0.0564
3873.500	0.0591
3874.400	0.0702
3875.300	0.0785
3876.200	0.0798
3877.100	0.0745
3878.000	0.0622
3878.900	0.0566
3879.800	0.0662
3880.700	0.0762
3881.600	0.0722
3882.500	0.0668
3883.400	0.0798
3884.300	0.0975
3885.200	0.0913
3886.100	0.0667
3887.000	0.0529
3887.900	0.0589
3888.800	0.0724
3889.700	0.0856
3890.600	0.1008
3891.500	0.1174
3892.400	0.1329
3893.300	0.1364
3894.200	0.1260
3895.100	0.1116
3896.000	0.1014
3896.900	0.1039
3897.800	0.1098
3898.700	0.1023
3899.600	0.0933
3900.500	0.0933
3901.400	0.1052
3902.300	0.1164
3903.200	0.1109
3904.100	0.1058
3905.000	0.1055
3905.900	0.0966
3906.800	0.0917
3907.700	0.1034
3908.600	0.1230
3909.500	0.1374
3910.400	0.1419
3911.300	0.1412
3912.200	0.1386
3913.100	0.1363
3914.000	0.1367
3914.900	0.1389
3915.800	0.1360
3916.700	0.1258
3917.600	0.1181
3918.500	0.1157
3919.400	0.1070
3920.300	0.0908
3921.200	0.0772
3922.100	0.0720
3923.000	0.0740
3923.900	0.0796
3924.800	0.0836
3925.700	0.0831
3926.600	0.0799
3927.500	0.0726
3928.400	0.0610
3929.300	0.0511
3930.200	0.0424
3931.100	0.0343
3932.000	0.0296
3932.900	0.0262
3933.800	0.0232
3934.700	0.0222
3935.600	0.0236
3936.500	0.0304
3937.400	0.0413
3938.300	0.0519
3939.200	0.0638
3940.100	0.0740
3941.000	0.0770
3941.900	0.0787
3942.800	0.0792
3943.700	0.0707
3944.600	0.0646
3945.500	0.0797
3946.400	0.1052
3947.300	0.1172
3948.200	0.1133
3949.100	0.1128
3950.000	0.1294
3950.900	0.1492
3951.800	0.1500
3952.700	0.1362
3953.600	0.1380
3954.500	0.1620
3955.400	0.1738
3956.300	0.1548
3957.200	0.1308
3958.100	0.1247
3959.000	0.1281
3959.900	0.1245
3960.800	0.1035
3961.700	0.0726
3962.600	0.0589
3963.500	0.0622
3964.400	0.0638
3965.300	0.0589
3966.200	0.0494
3967.100	0.0368
3968.000	0.0272
3968.900	0.0263
3969.800	0.0317
3970.700	0.0386
3971.600	0.0474
3972.500	0.0589
3973.400	0.0701
3974.300	0.0825
3975.200	0.1001
3976.100	0.1163
3977.000	0.1256
3977.900	0.1354
3978.800	0.1500
3979.700	0.1640
3980.600	0.1728
3981.500	0.1710
3982.400	0.1643
3983.300	0.1665
3984.200	0.1745
3985.100	0.1850
3986.000	0.2001
3986.900	0.2118
3987.800	0.2182
3988.700	0.2201
3989.600	0.2054
3990.500	0.1834
3991.400	0.1841
3992.300	0.2018
3993.200	0.2165
3994.100	0.2231
3995.000	0.2191
3995.900	0.2111
3996.800	0.2050
3997.700	0.1982
3998.600	0.1980
3999.500	0.2185
4000.400	0.2462
4001.300	0.2567
4002.200	0.2592
4003.100	0.2666
4004.000	0.2572
4004.900	0.2178
4005.800	0.1780
4006.700	0.1768
4007.600	0.2092
4008.500	0.2384
4009.400	0.2532
4010.300	0.2632
4011.200	0.2617
4012.100	0.2499
4013.000	0.2488
4013.900	0.2620
4014.800	0.2756
4015.700	0.2896
4016.600	0.2947
4017.500	0.2819
4018.400	0.2766
4019.300	0.2919
4020.200	0.3004
4021.100	0.2879
4022.000	0.2747
4022.900	0.2734
4023.800	0.2622
4024.700	0.2419
4025.600	0.2431
4026.500	0.2680
4027.400	0.2920
4028.300	0.3078
4029.200	0.3061
4030.100	0.2623
4031.000	0.1954
4031.900	0.1583
4032.800	0.1500
4033.700	0.1405
4034.600	0.1444
4035.500	0.1799
4036.400	0.2368
4037.300	0.2916
4038.200	0.3171
4039.100	0.3126
4040.000	0.2940
4040.900	0.2767
4041.800	0.2735
4042.700	0.2770
4043.600	0.2616
4044.500	0.2114
4045.400	0.1468
4046.300	0.1141
4047.200	0.1399
4048.100	0.1999
4049.000	0.2509
4049.900	0.2808
4050.800	0.3007
4051.700	0.3116
4052.600	0.3094
4053.500	0.2984
4054.400	0.2774
4055.300	0.2513
4056.200	0.2417
4057.100	0.2385
4058.000	0.2219
4058.900	0.2156
4059.800	0.2399
4060.700	0.2673
4061.600	0.2679
4062.500	0.2296
4063.400	0.1713
4064.300	0.1446
4065.200	0.1787
4066.100	0.2295
4067.000	0.2447
4067.900	0.2404
4068.800	0.2611
4069.700	0.2955
4070.600	0.2867
4071.500	0.2270
4072.400	0.1892
4073.300	0.2228
4074.200	0.2792
4075.100	0.2898
4076.000	0.2515
4076.900	0.1988
4077.800	0.1709
4078.700	0.1895
4079.600	0.2384
4080.500	0.2941
4081.400	0.3389
4082.300	0.3439
4083.200	0.3156
4084.100	0.2963
4085.000	0.2924
4085.900	0.2891
4086.800	0.2987
4087.700	0.3345
4088.600	0.3733
4089.500	0.3849
4090.400	0.3678
4091.300	0.3432
4092.200	0.3243
4093.100	0.3197
4094.000	0.3300
4094.900	0.3250
4095.800	0.2818
4096.700	0.2385
4097.600	0.2338
4098.500	0.2512
4099.400	0.2581
4100.300	0.2421
4101.200	0.2138
4102.100	0.2091
4103.000	0.2377
4103.900	0.2578
4104.800	0.2602
4105.700	0.2828
4106.600	0.3216
4107.500	0.3374
4108.400	0.3277
4109.300	0.3076
4110.200	0.2797
4111.100	0.2503
4112.000	0.2326
4112.900	0.2371
4113.800	0.2612
4114.700	0.2828
4115.600	0.2869
4116.500	0.2837
4117.400	0.2816
4118.300	0.2627
4119.200	0.2344
4120.100	0.2349
4121.000	0.2561
4121.900	0.2596
4122.800	0.2492
4123.700	0.2497
4124.600	0.2767
4125.500	0.3148
4126.400	0.3257
4127.300	0.3075
4128.200	0.2801
4129.100	0.2588
4130.000	0.2478
4130.900	0.2344
4131.800	0.2146
4132.700	0.1946
4133.600	0.1949
4134.500	0.2156
4135.400	0.2423
4136.300	0.2705
4137.200	0.2813
4138.100	0.2780
4139.000	0.2771
4139.900	0.2775
4140.800	0.2781
4141.700	0.2625
4142.600	0.2100
4143.500	0.1485
4144.400	0.1360
4145.300	0.1794
4146.200	0.2295
4147.100	0.2540
4148.000	0.2581
4148.900	0.2499
4149.800	0.2324
4150.700	0.2182
4151.600	0.2137
4152.500	0.2149
4153.400	0.2198
4154.300	0.2282
4155.200	0.2314
4156.100	0.2275
4157.000	0.2277
4157.900	0.2468
4158.800	0.2790
4159.700	0.2964
4160.600	0.2914
4161.500	0.2868
4162.400	0.2988
4163.300	0.3126
4164.200	0.3008
4165.100	0.2711
4166.000	0.2529
4166.900	0.2455
4167.800	0.2394
4168.700	0.2456
4169.600	0.2635
4170.500	0.2796
4171.400	0.2715
4172.300	0.2273
4173.200	0.1871
4174.100	0.1880
4175.000	0.2123
4175.900	0.2319
4176.800	0.2380
4177.700	0.2336
4178.600	0.2377
4179.500	0.2575
4180.400	0.2674
4181.300	0.2547
4182.200	0.2452
4183.100	0.2553
4184.000	0.2817
4184.900	0.3160
4185.800	0.3317
4186.700	0.3021
4187.600	0.2566
4188.500	0.2528
4189.400	0.2845
4190.300	0.2937
4191.200	0.2730
4192.100	0.2691
4193.000	0.2997
4193.900	0.3256
4194.800	0.3150
4195.700	0.2796
4196.600	0.2476
4197.500	0.2331
4198.400	0.2287
4199.300	0.2285
4200.200	0.2358
4201.100	0.2351
4202.000	0.2170
4202.900	0.2159
4203.800	0.2424
4204.700	0.2611
4205.600	0.2677
4206.500	0.2852
4207.400	0.3112
4208.300	0.3357
4209.200	0.3428
4210.100	0.3218
4211.000	0.3057
4211.900	0.3148
4212.800	0.3189
4213.700	0.2967
4214.600	0.2577
4215.500	0.2218
4216.400	0.2395
4217.300	0.3195
4218.200	0.3845
4219.100	0.4019
4220.000	0.4039
4220.900	0.3994
4221.800	0.3807
4222.700	0.3345
4223.600	0.2707
4224.500	0.2082
4225.400	0.1471
4226.300	0.0901
4227.200	0.0613
4228.100	0.0823
4229.000	0.1456
4229.900	0.2219
4230.800	0.2935
4231.700	0.3416
4232.600	0.3352
4233.500	0.2998
4234.400	0.2946
4235.300	0.3076
4236.200	0.3021
4237.100	0.2996
4238.000	0.3218
4238.900	0.3409
4239.800	0.3408
4240.700	0.3424
4241.600	0.3586
4242.500	0.3811
4243.400	0.4125
4244.300	0.4647
4245.200	0.5043
4246.100	0.4888
4247.000	0.4356
4247.900	0.3919
4248.800	0.3690
4249.700	0.3388
4250.600	0.2861
4251.500	0.2573
4252.400	0.2788
4253.300	0.2927
4254.200	0.2565
4255.100	0.2272
4256.000	0.2677
4256.900	0.3501
4257.800	0.3975
4258.700	0.3781
4259.600	0.3250
4260.500	0.2798
4261.400	0.2705
4262.300	0.3151
4263.200	0.3917
4264.100	0.4558
4265.000	0.4848
4265.900	0.4910
4266.800	0.4810
4267.700	0.4429
4268.600	0.3955
4269.500	0.3584
4270.400	0.3095
4271.300	0.2354
4272.200	0.1831
4273.100	0.1927
4274.000	0.2200
4274.900	0.2195
4275.800	0.2365
4276.700	0.3059
4277.600	0.3881
4278.500	0.4446
4279.400	0.4531
4280.300	0.4078
4281.200	0.3656
4282.100	0.3594
4283.000	0.3647
4283.900	0.3781
4284.800	0.3862
4285.700	0.3714
4286.600	0.3639
4287.500	0.3718
4288.400	0.3551
4289.300	0.2886
4290.200	0.2208
4291.100	0.2139
4292.000	0.2664
4292.900	0.3402
4293.800	0.3718
4294.700	0.3478
4295.600	0.3520
4296.500	0.3816
4297.400	0.3789
4298.300	0.3441
4299.200	0.2825
4300.100	0.2296
4301.000	0.2358
4301.900	0.2745
4302.800	0.2879
4303.700	0.2888
4304.600	0.3010
4305.500	0.2873
4306.400	0.2434
4307.300	0.2039
4308.200	0.1733
4309.100	0.1733
4310.000	0.2195
4310.900	0.2874
4311.800	0.3450
4312.700	0.3768
4313.600	0.3904
4314.500	0.3944
4315.400	0.4296
4316.300	0.5303
4317.200	0.6164
4318.100	0.6166
4319.000	0.5778
4319.900	0.5453
4320.800	0.5119
4321.700	0.4875
4322.600	0.4826
4323.500	0.4507
4324.400	0.3623
4325.300	0.2630
4326.200	0.2151
4327.100	0.2767
4328.000	0.4244
4328.900	0.5499
4329.800	0.5776
4330.700	0.5341
4331.600	0.5102
4332.500	0.5342
4333.400	0.5606
4334.300	0.5839
4335.200	0.6191
4336.100	0.6263
4337.000	0.5486
4337.900	0.4318
4338.800	0.3790
4339.700	0.3790
4340.600	0.3708
4341.500	0.3923
4342.400	0.4625
4343.300	0.5090
4344.200	0.5061
4345.100	0.5157
4346.000	0.5445
4346.900	0.5422
4347.800	0.5388
4348.700	0.5911
4349.600	0.6459
4350.500	0.6020
4351.400	0.4689
4352.300	0.3762
4353.200	0.3938
4354.100	0.4571
4355.000	0.4974
4355.900	0.5290
4356.800	0.5765
4357.700	0.5971
4358.600	0.5536
4359.500	0.4898
4360.400	0.4770
4361.300	0.5233
4362.200	0.5737
4363.100	0.5871
4364.000	0.5975
4364.900	0.6383
4365.800	0.6647
4366.700	0.6231
4367.600	0.5409
4368.500	0.4882
4369.400	0.4981
4370.300	0.5335
4371.200	0.5528
4372.100	0.5594
4373.000	0.5417
4373.900	0.4825
4374.800	0.4169
4375.700	0.3910
4376.600	0.4363
4377.500	0.5272
4378.400	0.5900
4379.300	0.5831
4380.200	0.5297
4381.100	0.4761
4382.000	0.4142
4382.900	0.3070
4383.800	0.1973
4384.700	0.1790
4385.600	0.2755
4386.500	0.4019
4387.400	0.4625
4388.300	0.4638
4389.200	0.4569
4390.100	0.4460
4391.000	0.4379
4391.900	0.4524
4392.800	0.4792
4393.700	0.4841
4394.600	0.4628
4395.500	0.4607
4396.400	0.5268
4397.300	0.6179
4398.200	0.6420
4399.100	0.6007
4400.000	0.5374
4400.900	0.4905
4401.800	0.5145
4402.700	0.5625
4403.600	0.4977
4404.500	0.3401
4405.400	0.2520
4406.300	0.2945
4407.200	0.3678
4408.100	0.3817
4409.000	0.3910
4409.900	0.4737
4410.800	0.5753
4411.700	0.6181
4412.600	0.6210
4413.500	0.5981
4414.400	0.5079
4415.300	0.3975
4416.200	0.3878
4417.100	0.4661
4418.000	0.5468
4418.900	0.6103
4419.800	0.6438
4420.700	0.6261
4421.600	0.5662
4422.500	0.5030
4423.400	0.4868
4424.300	0.5283
4425.200	0.5663
4426.100	0.5609
4427.000	0.5466
4427.900	0.5565
4428.800	0.5792
4429.700	0.5632
4430.600	0.5112
4431.500	0.5248
4432.400	0.5895
4433.300	0.5906
4434.200	0.5108
4435.100	0.4280
4436.000	0.4109
4436.900	0.4790
4437.800	0.5815
4438.700	0.6615
4439.600	0.7040
4440.500	0.6758
4441.400	0.5784
4442.300	0.4896
4443.200	0.4685
4444.100	0.5140
4445.000	0.6006
4445.900	0.6767
4446.800	0.6878
4447.700	0.6649
4448.600	0.6701
4449.500	0.6643
4450.400	0.6244
4451.300	0.6187
4452.200	0.6430
4453.100	0.6234
4454.000	0.5634
4454.900	0.5002
4455.800	0.4750
4456.700	0.4989
4457.600	0.5196
4458.500	0.5034
4459.400	0.4774
4460.300	0.4612
4461.200	0.4385
4462.100	0.4242
4463.000	0.4858
4463.900	0.5915
4464.800	0.6242
4465.700	0.5865
4466.600	0.5685
4467.500	0.5816
4468.400	0.5800
4469.300	0.5568
4470.200	0.5563
4471.100	0.5849
4472.000	0.6171
4472.900	0.6538
4473.800	0.6858
4474.700	0.6806
4475.600	0.6657
4476.500	0.7007
4477.400	0.7647
4478.300	0.7856
4479.200	0.7346
4480.100	0.6426
4481.000	0.5720
4481.900	0.5470
4482.800	0.5711
4483.700	0.6456
4484.600	0.7251
4485.500	0.7795
4486.400	0.8043
4487.300	0.7762
4488.200	0.6997
4489.100	0.6143
4490.000	0.5655
4490.900	0.5881
4491.800	0.6562
4492.700	0.7024
4493.600	0.6696
4494.500	0.5720
4495.400	0.4993
4496.300	0.5027
4497.200	0.5617
4498.100	0.6492
4499.000	0.7234
4499.900	0.7531
4500.800	0.7188
4501.700	0.6588
4502.600	0.6873
4503.500	0.8035
4504.400	0.8747
4505.300	0.8512
4506.200	0.7822
4507.100	0.7255
4508.000	0.7173
4508.900	0.7518
4509.800	0.7886
4510.700	0.8020
4511.600	0.7790
4512.500	0.7243
4513.400	0.6750
4514.300	0.6560
4515.200	0.6681
4516.100	0.7029
4517.000	0.7199
4517.900	0.6924
4518.800	0.6727
4519.700	0.7145
4520.600	0.7861
4521.500	0.8265
4522.400	0.7808
4523.300	0.6975
4524.200	0.6780
4525.100	0.6757
4526.000	0.6224
4526.900	0.5554
4527.800	0.5049
4528.700	0.4771
4529.600	0.4913
4530.500	0.5313
4531.400	0.5627
4532.300	0.6087
4533.200	0.6379
4534.100	0.5949
4535.000	0.5299
4535.900	0.5246
4536.800	0.6290
4537.700	0.7625
4538.600	0.7882
4539.500	0.7183
4540.400	0.6406
4541.300	0.6054
4542.200	0.6359
4543.100	0.7015
4544.000	0.7213
4544.900	0.6698
4545.800	0.6339
4546.700	0.6656
4547.600	0.7066
4548.500	0.7068
4549.400	0.6751
4550.300	0.6747
4551.200	0.7216
4552.100	0.7183
4553.000	0.6612
4553.900	0.6280
4554.800	0.6215
4555.700	0.6439
4556.600	0.7190
4557.500	0.8019
4558.400	0.8387
4559.300	0.8330
4560.200	0.8061
4561.100	0.7891
4562.000	0.8044
4562.900	0.7908
4563.800	0.7147
4564.700	0.6487
4565.600	0.6496
4566.500	0.7165
4567.400	0.8137
4568.300	0.8643
4569.200	0.8455
4570.100	0.7930
4571.000	0.7150
4571.900	0.6571
4572.800	0.7057
4573.700	0.7985
4574.600	0.8075
4575.500	0.7675
4576.400	0.7638
4577.300	0.7757
4578.200	0.7556
4579.100	0.6993
4580.000	0.6380
4580.900	0.6271
4581.800	0.6811
4582.700	0.7475
4583.600	0.7668
4584.500	0.7428
4585.400	0.7081
4586.300	0.6862
4587.200	0.7149
4588.100	0.7930
4589.000	0.8565
4589.900	0.8654
4590.800	0.8158
4591.700	0.7480
4592.600	0.7153
4593.500	0.7101
4594.400	0.6868
4595.300	0.6646
4596.200	0.6782
4597.100	0.6978
4598.000	0.7054
4598.900	0.7314
4599.800	0.7446
4600.700	0.7169
4601.600	0.7108
4602.500	0.7344
4603.400	0.7323
4604.300	0.7094
4605.200	0.6778
4606.100	0.6664
4607.000	0.7230
4607.900	0.8362
4608.800	0.9343
4609.700	0.9516
4610.600	0.8966
4611.500	0.8357
4612.400	0.8041
4613.300	0.7923
4614.200	0.8074
4615.100	0.8557
4616.000	0.8851
4616.900	0.8989
4617.800	0.9229
4618.700	0.9051
4619.600	0.8453
4620.500	0.8427
4621.400	0.8896
4622.300	0.8866
4623.200	0.8617
4624.100	0.8700
4625.000	0.8634
4625.900	0.8229
4626.800	0.8158
4627.700	0.8512
4628.600	0.8570
4629.500	0.8282
4630.400	0.8443
4631.300	0.9091
4632.200	0.9192
4633.100	0.8429
4634.000	0.7795
4634.900	0.7748
4635.800	0.7952
4636.700	0.8011
4637.600	0.7761
4638.500	0.7442
4639.400	0.6994
4640.300	0.6542
4641.200	0.6940
4642.100	0.7830
4643.000	0.8046
4643.900	0.7663
4644.800	0.7286
4645.700	0.6652
4646.600	0.5882
4647.500	0.5798
4648.400	0.6340
4649.300	0.6949
4650.200	0.7509
4651.100	0.7943
4652.000	0.8237
4652.900	0.8470
4653.800	0.8303
4654.700	0.7631
4655.600	0.7133
4656.500	0.7119
4657.400	0.7648
4658.300	0.8580
4659.200	0.9419
4660.100	0.9847
4661.000	0.9650
4661.900	0.8882
4662.800	0.8084
4663.700	0.7703
4664.600	0.7773
4665.500	0.7771
4666.400	0.7018
4667.300	0.5979
4668.200	0.5693
4669.100	0.6411
4670.000	0.7412
4670.900	0.8162
4671.800	0.8520
4672.700	0.8392
4673.600	0.8027
4674.500	0.7672
4675.400	0.7706
4676.300	0.8314
4677.200	0.8718
4678.100	0.8481
4679.000	0.8048
4679.900	0.7679
4680.800	0.7311
4681.700	0.7124
4682.600	0.7402
4683.500	0.8025
4684.400	0.8302
4685.300	0.8200
4686.200	0.8043
4687.100	0.7695
4688.000	0.7395
4688.900	0.7600
4689.800	0.7961
4690.700	0.7867
4691.600	0.7559
4692.500	0.7530
4693.400	0.7657
4694.300	0.7932
4695.200	0.8417
4696.100	0.8837
4697.000	0.8733
4697.900	0.7959
4698.800	0.7078
4699.700	0.6917
4700.600	0.7331
4701.500	0.7557
4702.400	0.7480
4703.300	0.7432
4704.200	0.7679
4705.100	0.8012
4706.000	0.7904
4706.900	0.7539
4707.800	0.7309
4708.700	0.7178
4709.600	0.7137
4710.500	0.7514
4711.400	0.8214
4712.300	0.8407
4713.200	0.8002
4714.100	0.7438
4715.000	0.7142
4715.900	0.7592
4716.800	0.8380
4717.700	0.8746
4718.600	0.8908
4719.500	0.9261
4720.400	0.9526
4721.300	0.9349
4722.200	0.8873
4723.100	0.8554
4724.000	0.8861
4724.900	0.9466
4725.800	0.9571
4726.700	0.8800
4727.600	0.7454
4728.500	0.6487
4729.400	0.6443
4730.300	0.6855
4731.200	0.7248
4732.100	0.7584
4733.000	0.7894
4733.900	0.8060
4734.800	0.8328
4735.700	0.8571
4736.600	0.8303
4737.500	0.8162
4738.400	0.8751
4739.300	0.9187
4740.200	0.8857
4741.100	0.8329
4742.000	0.8132
4742.900	0.8333
4743.800	0.8638
4744.700	0.8556
4745.600	0.8432
4746.500	0.8751
4747.400	0.9033
4748.300	0.8954
4749.200	0.8937
4750.100	0.9047
4751.000	0.8980
4751.900	0.8636
4752.800	0.8304
4753.700	0.8183
4754.600	0.8226
4755.500	0.8371
4756.400	0.8399
4757.300	0.8298
4758.200	0.8233
4759.100	0.8335
4760.000	0.8604
4760.900	0.8708
4761.800	0.8390
4762.700	0.8059
4763.600	0.7973
4764.500	0.7795
4765.400	0.7359
4766.300	0.7079
4767.200	0.7309
4768.100	0.7857
4769.000	0.8443
4769.900	0.8912
4770.800	0.8866
4771.700	0.8368
4772.600	0.8084
4773.500	0.8384
4774.400	0.8959
4775.300	0.9171
4776.200	0.8955
4777.100	0.8935
4778.000	0.9105
4778.900	0.9029
4779.800	0.8765
4780.700	0.8559
4781.600	0.8305
4782.500	0.7867
4783.400	0.7473
4784.300	0.7592
4785.200	0.7970
4786.100	0.7945
4787.000	0.7803
4787.900	0.8022
4788.800	0.8086
4789.700	0.7829
4790.600	0.7786
4791.500	0.8040
4792.400	0.8408
4793.300	0.8975
4794.200	0.9618
4795.100	0.9911
4796.000	0.9647
4796.900	0.9172
4797.800	0.8768
4798.700	0.8367
4799.600	0.8065
4800.500	0.8182
4801.400	0.8776
4802.300	0.9510
4803.200	0.9921
4804.100	0.9697
4805.000	0.9027
4805.900	0.8548
4806.800	0.8365
4807.700	0.8198
4808.600	0.8244
4809.500	0.8674
4810.400	0.9120
4811.300	0.9148
4812.200	0.8958
4813.100	0.8816
4814.000	0.8752
4814.900	0.8661
4815.800	0.8705
4816.700	0.9094
4817.600	0.9540
4818.500	0.9786
4819.400	0.9969
4820.300	0.9972
4821.200	0.9795
4822.100	0.9409
4823.000	0.8591
4823.900	0.7929
4824.800	0.8232
4825.700	0.8991
4826.600	0.9298
4827.500	0.8987
4828.400	0.8641
4829.300	0.8743
4830.200	0.9109
4831.100	0.8878
4832.000	0.8035
4832.900	0.7888
4833.800	0.8660
4834.700	0.9332
4835.600	0.9376
4836.500	0.9120
4837.400	0.9078
4838.300	0.8962
4839.200	0.8522
4840.100	0.8300
4841.000	0.8581
4841.900	0.8855
4842.800	0.8533
4843.700	0.8148
4844.600	0.8560
4845.500	0.9377
4846.400	0.9695
4847.300	0.9319
4848.200	0.8608
4849.100	0.8343
4850.000	0.8925
4850.900	0.9420
4851.800	0.9279
4852.700	0.9294
4853.600	0.9276
4854.500	0.8527
4855.400	0.7706
4856.300	0.7946
4857.200	0.8825
4858.100	0.9141
4859.000	0.8739
4859.900	0.8009
4860.800	0.7099
4861.700	0.6678
4862.600	0.7385
4863.500	0.8148
4864.400	0.8099
4865.300	0.8185
4866.200	0.8635
4867.100	0.8788
4868.000	0.8584
4868.900	0.8620
4869.800	0.8743
4870.700	0.8039
4871.600	0.6985
4872.500	0.7088
4873.400	0.8087
4874.300	0.8547
4875.200	0.8318
4876.100	0.8371
4877.000	0.8916
4877.900	0.9264
4878.800	0.9574
4879.700	0.9829
4880.600	0.9104
4881.500	0.8089
4882.400	0.8117
4883.300	0.8801
4884.200	0.8892
4885.100	0.8177
4886.000	0.7448
4886.900	0.7452
4887.800	0.8010
4888.700	0.8369
4889.600	0.8236
4890.500	0.7528
4891.400	0.6876
4892.300	0.7521
4893.200	0.8817
4894.100	0.9628
4895.000	1.0287
4895.900	1.0712
4896.800	1.0643
4897.700	1.0465
4898.600	1.0169
4899.500	0.9427
4900.400	0.8903
4901.300	0.9170
4902.200	0.9403
4903.100	0.9021
4904.000	0.8772
4904.900	0.9214
4905.800	1.0018
4906.700	1.0347
4907.600	0.9839
4908.500	0.9051
4909.400	0.8515
4910.300	0.8340
4911.200	0.8564
4912.100	0.8934
4913.000	0.9204
4913.900	0.9383
4914.800	0.9709
4915.700	1.0111
4916.600	1.0141
4917.500	0.9530
4918.400	0.8344
4919.300	0.7023
4920.200	0.6301
4921.100	0.6624
4922.000	0.7763
4922.900	0.8755
4923.800	0.8852
4924.700	0.8353
4925.600	0.8305
4926.500	0.9011
4927.400	0.9613
4928.300	0.9898
4929.200	1.0289
4930.100	1.0441
4931.000	1.0305
4931.900	1.0087
4932.800	0.9402
4933.700	0.8592
4934.600	0.8675
4935.500	0.9391
4936.400	0.9465
4937.300	0.8580
4938.200	0.7498
4939.100	0.7146
4940.000	0.7800
4940.900	0.8810
4941.800	0.9320
4942.700	0.9519
4943.600	0.9874
4944.500	1.0007
4945.400	0.9691
4946.300	0.9557
4947.200	0.9818
4948.100	0.9984
4949.000	0.9963
4949.900	1.0096
4950.800	1.0414
4951.700	1.0581
4952.600	1.0252
4953.500	0.9820
4954.400	0.9793
4955.300	0.9929
4956.200	0.9343
4957.100	0.7768
4958.000	0.6801
4958.900	0.7790
4959.800	0.9452
4960.700	1.0161
4961.600	0.9976
4962.500	0.9831
4963.400	0.9949
4964.300	0.9645
4965.200	0.8807
4966.100	0.8250
4967.000	0.8261
4967.900	0.8493
4968.800	0.8820
4969.700	0.9161
4970.600	0.9352
4971.500	0.9605
4972.400	0.9906
4973.300	1.0043
4974.200	1.0110
4975.100	1.0115
4976.000	1.0041
4976.900	0.9949
4977.800	0.9507
4978.700	0.8830
4979.600	0.8640
4980.500	0.8713
4981.400	0.8228
4982.300	0.7368
4983.200	0.7129
4984.100	0.7651
4985.000	0.8168
4985.900	0.8372
4986.800	0.8717
4987.700	0.9162
4988.600	0.9275
4989.500	0.9074
4990.400	0.8820
4991.300	0.8816
4992.200	0.9222
4993.100	0.9369
4994.000	0.8991
4994.900	0.8905
4995.800	0.9224
4996.700	0.9326
4997.600	0.9268
4998.500	0.9024
4999.400	0.8398
5000.300	0.7951
5001.200	0.8078
5002.100	0.8361
5003.000	0.8476
5003.900	0.8371
5004.800	0.8013
5005.700	0.7437
5006.600	0.7201
5007.500	0.7780
5008.400	0.8630
5009.300	0.8914
5010.200	0.8805
5011.100	0.8615
5012.000	0.8106
5012.900	0.7398
5013.800	0.6831
5014.700	0.6784
5015.600	0.7471
5016.500	0.8145
5017.400	0.8224
5018.300	0.8128
5019.200	0.8209
5020.100	0.8238
5021.000	0.8042
5021.900	0.7644
5022.800	0.7543
5023.700	0.8163
5024.600	0.8836
5025.500	0.9078
5026.400	0.8845
5027.300	0.8123
5028.200	0.7786
5029.100	0.8356
5030.000	0.8970
5030.900	0.9233
5031.800	0.9573
5032.700	1.0090
5033.600	1.0341
5034.500	0.9884
5035.400	0.8764
5036.300	0.8024
5037.200	0.8351
5038.100	0.8686
5039.000	0.8077
5039.900	0.6976
5040.800	0.6049
5041.700	0.6135
5042.600	0.7335
5043.500	0.8489
5044.400	0.9192
5045.300	0.9861
5046.200	1.0313
5047.100	1.0064
5048.000	0.9057
5048.900	0.8034
5049.800	0.7704
5050.700	0.7946
5051.600	0.8148
5052.500	0.8249
5053.400	0.8519
5054.300	0.8996
5055.200	0.9420
5056.100	0.9478
5057.000	0.9434
5057.900	0.9604
5058.800	0.9700
5059.700	0.9704
5060.600	1.0001
5061.500	1.0356
5062.400	1.0246
5063.300	0.9557
5064.200	0.8331
5065.100	0.7536
5066.000	0.7967
5066.900	0.8559
5067.800	0.8435
5068.700	0.8183
5069.600	0.8457
5070.500	0.8876
5071.400	0.8690
5072.300	0.8219
5073.200	0.8492
5074.100	0.9204
5075.000	0.9203
5075.900	0.8594
5076.800	0.8457
5077.700	0.8761
5078.600	0.8321
5079.500	0.7147
5080.400	0.6657
5081.300	0.7093
5082.200	0.7498
5083.100	0.7545
5084.000	0.7749
5084.900	0.8143
5085.800	0.8435
5086.700	0.8582
5087.600	0.8618
5088.500	0.8720
5089.400	0.8931
5090.300	0.8999
5091.200	0.8914
5092.100	0.9097
5093.000	0.9582
5093.900	0.9677
5094.800	0.9155
5095.700	0.8572
5096.600	0.8398
5097.500	0.8368
5098.400	0.7834
5099.300	0.7247
5100.200	0.7567
5101.100	0.8313
5102.000	0.8696
5102.900	0.8666
5103.800	0.8431
5104.700	0.8240
5105.600	0.8259
5106.500	0.8187
5107.400	0.7868
5108.300	0.7710
5109.200	0.7748
5110.100	0.7611
5111.000	0.7668
5111.900	0.8003
5112.800	0.8082
5113.700	0.8251
5114.600	0.8811
5115.500	0.9103
5116.400	0.9104
5117.300	0.9368
5118.200	0.9521
5119.100	0.9276
5120.000	0.8908
5120.900	0.8539
5121.800	0.8284
5122.700	0.7797
5123.600	0.6955
5124.500	0.6711
5125.400	0.7181
5126.300	0.7551
5127.200	0.7499
5128.100	0.7374
5129.000	0.7262
5129.900	0.7181
5130.800	0.7665
5131.700	0.8405
5132.600	0.8695
5133.500	0.8595
5134.400	0.8664
5135.300	0.9086
5136.200	0.9107
5137.100	0.8638
5138.000	0.8185
5138.900	0.7691
5139.800	0.7733
5140.700	0.8512
5141.600	0.8523
5142.500	0.7688
5143.400	0.7578
5144.300	0.8106
5145.200	0.8052
5146.100	0.7600
5147.000	0.7398
5147.900	0.7526
5148.800	0.7797
5149.700	0.7854
5150.600	0.7625
5151.500	0.7423
5152.400	0.7274
5153.300	0.7138
5154.200	0.7175
5155.100	0.7713
5156.000	0.8433
5156.900	0.8924
5157.800	0.9286
5158.700	0.9172
5159.600	0.8806
5160.500	0.9003
5161.400	0.9248
5162.300	0.8809
5163.200	0.8384
5164.100	0.8252
5165.000	0.7561
5165.900	0.6228
5166.800	0.4985
5167.700	0.4481
5168.600	0.5074
5169.500	0.6347
5170.400	0.7043
5171.300	0.6173
5172.200	0.4604
5173.100	0.4119
5174.000	0.5346
5174.900	0.7048
5175.800	0.7853
5176.700	0.7960
5177.600	0.8060
5178.500	0.8075
5179.400	0.7890
5180.300	0.7572
5181.200	0.6986
5182.100	0.5971
5183.000	0.4693
5183.900	0.4194
5184.800	0.5430
5185.700	0.7476
5186.600	0.8885
5187.500	0.9327
5188.400	0.9251
5189.300	0.9509
5190.200	0.9881
5191.100	0.9077
5192.000	0.7505
5192.900	0.6895
5193.800	0.7502
5194.700	0.8038
5195.600	0.8175
5196.500	0.8582
5197.400	0.9197
5198.300	0.9529
5199.200	0.9623
5200.100	0.9539
5201.000	0.9243
5201.900	0.8933
5202.800	0.8724
5203.700	0.8256
5204.600	0.7084
5205.500	0.6005
5206.400	0.5862
5207.300	0.6011
5208.200	0.5625
5209.100	0.5446
5210.000	0.6107
5210.900	0.7221
5211.800	0.8505
5212.700	0.9484
5213.600	0.9858
5214.500	0.9683
5215.400	0.9131
5216.300	0.8847
5217.200	0.9177
5218.100	0.9796
5219.000	1.0214
5219.900	1.0265
5220.800	1.0276
5221.700	1.0309
5222.600	0.9900
5223.500	0.9052
5224.400	0.8106
5225.300	0.7404
5226.200	0.6898
5227.100	0.6786
5228.000	0.7802
5228.900	0.9404
5229.800	1.0155
5230.700	1.0262
5231.600	1.0261
5232.500	0.9615
5233.400	0.8759
5234.300	0.8724
5235.200	0.9343
5236.100	1.0134
5237.000	1.0750
5237.900	1.0843
5238.800	1.0537
5239.700	1.0220
5240.600	1.0209
5241.500	1.0477
5242.400	1.0587
5243.300	1.0668
5244.200	1.1055
5245.100	1.1123
5246.000	0.9983
5246.900	0.8382
5247.800	0.8107
5248.700	0.8960
5249.600	0.9105
5250.500	0.8361
5251.400	0.8282
5252.300	0.9083
5253.200	0.9718
5254.100	0.9550
5255.000	0.8921
5255.900	0.9051
5256.800	1.0209
5257.700	1.1156
5258.600	1.1389
5259.500	1.1135
5260.400	1.0596
5261.300	0.9945
5262.200	0.9162
5263.100	0.8322
5264.000	0.7683
5264.900	0.7194
5265.800	0.6849
5266.700	0.7339
5267.600	0.8348
5268.500	0.7869
5269.400	0.6017
5270.300	0.5495
5271.200	0.7167
5272.100	0.8980
5273.000	0.9653
5273.900	0.9673
5274.800	0.9387
5275.700	0.9160
5276.600	0.9744
5277.500	1.0781
5278.400	1.1337
5279.300	1.1172
5280.200	1.0531
5281.100	0.9880
5282.000	0.9515
5282.900	0.9270
5283.800	0.9164
5284.700	0.9728
5285.600	1.0954
5286.500	1.1816
5287.400	1.1715
5288.300	1.1131
5289.200	1.0908
5290.100	1.1254
5291.000	1.1649
5291.900	1.1644
5292.800	1.1244
5293.700	1.0974
5294.600	1.0957
5295.500	1.0591
5296.400	0.9506
5297.300	0.8262
5298.200	0.7969
5299.100	0.8953
5300.000	0.9886
5300.900	0.9861
5301.800	0.9730
5302.700	1.0241
5303.600	1.1080
5304.500	1.1795
5305.400	1.2079
5306.300	1.1829
5307.200	1.1381
5308.100	1.1360
5309.000	1.1786
5309.900	1.2090
5310.800	1.2023
5311.700	1.1818
5312.600	1.1520
5313.500	1.1294
5314.400	1.1328
5315.300	1.1393
5316.200	1.1254
5317.100	1.1105
5318.000	1.1042
5318.900	1.0939
5319.800	1.0873
5320.700	1.0975
5321.600	1.1057
5322.500	1.0916
5323.400	1.0343
5324.300	0.9837
5325.200	1.0085
5326.100	1.0267
5327.000	0.9011
5327.900	0.6961
5328.800	0.6380
5329.700	0.7882
5330.600	0.9661
5331.500	1.0384
5332.400	1.0323
5333.300	1.0424
5334.200	1.1088
5335.100	1.1637
5336.000	1.1591
5336.900	1.1371
5337.800	1.1375
5338.700	1.1114
5339.600	1.0094
5340.500	0.9061
5341.400	0.9274
5342.300	1.0349
5343.200	1.1004
5344.100	1.1009
5345.000	1.0626
5345.900	1.0288
5346.800	1.0496
5347.700	1.0540
5348.600	0.9952
5349.500	0.9621
5350.400	1.0156
5351.300	1.1065
5352.200	1.1654
5353.100	1.1800
5354.000	1.2017
5354.900	1.2392
5355.800	1.2555
5356.700	1.2522
5357.600	1.2554
5358.500	1.2617
5359.400	1.2626
5360.300	1.2388
5361.200	1.1831
5362.100	1.1392
5363.000	1.1469
5363.900	1.1587
5364.800	1.1322
5365.700	1.1093
5366.600	1.1135
5367.500	1.1232
5368.400	1.1152
5369.300	1.0480
5370.200	0.9251
5371.100	0.8302
5372.000	0.8744
5372.900	1.0352
5373.800	1.1703
5374.700	1.2186
5375.600	1.2035
5376.500	1.1514
5377.400	1.1340
5378.300	1.1841
5379.200	1.2255
5380.100	1.2055
5381.000	1.1648
5381.900	1.1446
5382.800	1.1270
5383.700	1.1181
5384.600	1.1335
5385.500	1.1534
5386.400	1.1557
5387.300	1.1430
5388.200	1.1154
5389.100	1.0642
5390.000	1.0110
5390.900	0.9911
5391.800	1.0128
5392.700	1.0479
5393.600	1.0562
5394.500	1.0460
5395.400	1.0191
5396.300	0.9291
5397.200	0.8571
5398.100	0.9406
5399.000	1.0721
5399.900	1.0996
5400.800	1.0688
5401.700	1.0776
5402.600	1.1004
5403.500	1.0539
5404.400	0.9324
5405.300	0.8230
5406.200	0.8164
5407.100	0.9116
5408.000	0.9908
5408.900	0.9646
5409.800	0.9135
5410.700	0.9674
5411.600	1.0875
5412.500	1.1587
5413.400	1.1664
5414.300	1.1589
5415.200	1.1692
5416.100	1.2100
5417.000	1.2415
5417.900	1.2318
5418.800	1.1871
5419.700	1.1296
5420.600	1.0990
5421.500	1.1359
5422.400	1.1849
5423.300	1.1572
5424.200	1.1000
5425.100	1.1153
5426.000	1.1827
5426.900	1.2375
5427.800	1.2112
5428.700	1.0515
5429.600	0.9169
5430.500	0.9725
5431.400	1.0779
5432.300	1.0680
5433.200	1.0016
5434.100	0.9481
5435.000	0.9397
5435.900	0.9674
5436.800	1.0147
5437.700	1.0879
5438.600	1.1638
5439.500	1.2205
5440.400	1.2495
5441.300	1.2531
5442.200	1.2492
5443.100	1.2515
5444.000	1.2287
5444.900	1.1468
5445.800	1.0020
5446.700	0.8862
5447.600	0.9294
5448.500	1.0643
5449.400	1.1671
5450.300	1.2016
5451.200	1.1875
5452.100	1.1649
5453.000	1.1375
5453.900	1.0753
5454.800	0.9740
5455.700	0.9164
5456.600	0.9901
5457.500	1.1243
5458.400	1.2140
5459.300	1.2147
5460.200	1.1577
5461.100	1.1258
5462.000	1.1092
5462.900	1.0710
5463.800	1.0779
5464.700	1.1381
5465.600	1.1594
5466.500	1.1467
5467.400	1.1588
5468.300	1.1685
5469.200	1.1344
5470.100	1.0785
5471.000	1.0768
5471.900	1.1075
5472.800	1.0761
5473.700	1.0276
5474.600	1.0458
5475.500	1.0377
5476.400	0.9403
5477.300	0.9291
5478.200	1.0590
5479.100	1.1680
5480.000	1.1306
5480.900	1.0081
5481.800	0.9596
5482.700	1.0132
5483.600	1.0934
5484.500	1.1742
5485.400	1.2130
5486.300	1.1656
5487.200	1.0706
5488.100	1.0545
5489.000	1.1023
5489.900	1.0969
5490.800	1.1035
5491.700	1.1582
5492.600	1.1526
5493.500	1.1005
5494.400	1.1031
5495.300	1.1444
5496.200	1.1314
5497.100	1.0755
5498.000	1.1016
5498.900	1.2058
5499.800	1.2399
5500.700	1.1704
5501.600	1.0996
5502.500	1.0960
5503.400	1.1055
5504.300	1.1075
5505.200	1.0764
5506.100	1.0116
5507.000	1.0257
5507.900	1.1236
5508.800	1.1778
5509.700	1.1622
5510.600	1.1238
5511.500	1.0517
5512.400	0.9871
5513.300	0.9841
5514.200	0.9880
5515.100	1.0026
5516.000	1.0369
5516.900	1.0754
5517.800	1.1568
5518.700	1.2317
5519.600	1.2339
5520.500	1.2011
5521.400	1.1912
5522.300	1.1997
5523.200	1.2026
5524.100	1.2020
5525.000	1.1945
5525.900	1.1716
5526.800	1.1237
5527.700	1.0537
5528.600	1.0441
5529.500	1.1190
5530.400	1.1852
5531.300	1.1896
5532.200	1.1620
5533.100	1.1519
5534.000	1.1541
5534.900	1.1349
5535.800	1.1369
5536.700	1.1506
5537.600	1.1396
5538.500	1.1486
5539.400	1.1964
5540.300	1.2447
5541.200	1.2558
5542.100	1.2169
5543.000	1.1705
5543.900	1.1695
5544.800	1.1859
5545.700	1.1620
5546.600	1.1479
5547.500	1.2034
5548.400	1.2660
5549.300	1.2750
5550.200	1.2714
5551.100	1.2697
5552.000	1.2530
5552.900	1.2209
5553.800	1.1916
5554.700	1.1891
5555.600	1.2024
5556.500	1.1949
5557.400	1.1706
5558.300	1.1775
5559.200	1.1976
5560.100	1.1968
5561.000	1.1769
5561.900	1.1550
5562.800	1.1464
5563.700	1.1660
5564.600	1.1724
5565.500	1.1347
5566.400	1.1041
5567.300	1.1216
5568.200	1.1470
5569.100	1.1408
5570.000	1.1551
5570.900	1.2064
5571.800	1.1963
5572.700	1.1369
5573.600	1.1546
5574.500	1.2181
5575.400	1.2192
5576.300	1.2035
5577.200	1.2122
5578.100	1.1965
5579.000	1.1778
5579.900	1.2100
5580.800	1.2300
5581.700	1.2021
5582.600	1.1834
5583.500	1.1776
5584.400	1.1492
5585.300	1.1116
5586.200	1.0581
5587.100	1.0021
5588.000	0.9786
5588.900	0.9871
5589.800	1.0197
5590.700	1.0660
5591.600	1.0807
5592.500	1.0719
5593.400	1.0776
5594.300	1.1025
5595.200	1.1739
5596.100	1.2546
5597.000	1.2406
5597.900	1.1531
5598.800	1.1109
5599.700	1.1075
5600.600	1.0776
5601.500	1.0509
5602.400	1.0435
5603.300	1.0754
5604.200	1.1457
5605.100	1.2169
5606.000	1.2700
5606.900	1.2850
5607.800	1.2733
5608.700	1.2542
5609.600	1.2409
5610.500	1.2439
5611.400	1.2680
5612.300	1.2959
5613.200	1.2884
5614.100	1.1856
5615.000	1.0370
5615.900	1.0094
5616.800	1.0994
5617.700	1.1552
5618.600	1.1367
5619.500	1.1019
5620.400	1.1151
5621.300	1.1776
5622.200	1.2145
5623.100	1.1628
5624.000	1.0495
5624.900	0.9891
5625.800	1.0326
5626.700	1.1009
5627.600	1.1336
5628.500	1.1699
5629.400	1.2210
5630.300	1.2471
5631.200	1.2456
5632.100	1.2330
5633.000	1.2290
5633.900	1.2166
5634.800	1.1960
5635.700	1.1617
5636.600	1.1310
5637.500	1.1281
5638.400	1.1431
5639.300	1.1612
5640.200	1.1449
5641.100	1.0998
5642.000	1.0997
5642.900	1.1294
5643.800	1.1359
5644.700	1.1459
5645.600	1.1532
5646.500	1.1523
5647.400	1.1607
5648.300	1.1555
5649.200	1.1411
5650.100	1.1566
5651.000	1.2067
5651.900	1.2469
5652.800	1.2559
5653.700	1.2145
5654.600	1.1619
5655.500	1.1747
5656.400	1.2006
5657.300	1.1187
5658.200	0.9886
5659.100	1.0032
5660.000	1.1205
5660.900	1.1579
5661.800	1.1100
5662.700	1.0875
5663.600	1.1327
5664.500	1.1895
5665.400	1.2242
5666.300	1.2120
5667.200	1.1535
5668.100	1.1242
5669.000	1.1456
5669.900	1.1640
5670.800	1.1544
5671.700	1.1739
5672.600	1.2410
5673.500	1.2863
5674.400	1.2735
5675.300	1.2566
5676.200	1.2807
5677.100	1.2993
5678.000	1.2710
5678.900	1.2315
5679.800	1.2162
5680.700	1.2173
5681.600	1.1850
5682.500	1.1345
5683.400	1.1487
5684.300	1.2047
5685.200	1.2268
5686.100	1.1847
5687.000	1.1309
5687.900	1.1155
5688.800	1.1393
5689.700	1.1894
5690.600	1.2318
5691.500	1.2613
5692.400	1.2869
5693.300	1.2890
5694.200	1.2666
5695.100	1.2456
5696.000	1.2418
5696.900	1.2280
5697.800	1.1690
5698.700	1.1222
5699.600	1.1315
5700.500	1.1161
5701.400	1.0742
5702.300	1.0654
5703.200	1.1137
5704.100	1.1797
5705.000	1.1943
5705.900	1.1378
5706.800	1.0754
5707.700	1.0287
5708.600	0.9898
5709.500	1.0131
5710.400	1.0724
5711.300	1.0618
5712.200	1.0531
5713.100	1.1295
5714.000	1.1956
5714.900	1.2093
5715.800	1.2195
5716.700	1.2214
5717.600	1.2181
5718.500	1.2389
5719.400	1.2580
5720.300	1.2562
5721.200	1.2713
5722.100	1.3084
5723.000	1.3218
5723.900	1.3059
5724.800	1.2933
5725.700	1.2618
5726.600	1.1897
5727.500	1.1501
5728.400	1.2099
5729.300	1.2787
5730.200	1.2538
5731.100	1.1709
5732.000	1.1612
5732.900	1.2244
5733.800	1.2672
5734.700	1.2724
5735.600	1.2609
5736.500	1.2387
5737.400	1.2264
5738.300	1.2293
5739.200	1.2259
5740.100	1.2335
5741.000	1.2447
5741.900	1.2309
5742.800	1.1988
5743.700	1.2049
5744.600	1.2631
5745.500	1.3102
5746.400	1.2964
5747.300	1.2174
5748.200	1.1514
5749.100	1.1846
5750.000	1.2640
5750.900	1.2863
5751.800	1.2370
5752.700	1.1571
5753.600	1.0982
5754.500	1.1154
5755.400	1.2041
5756.300	1.2888
5757.200	1.3202
5758.100	1.3162
5759.000	1.2828
5759.900	1.2245
5760.800	1.1536
5761.700	1.1000
5762.600	1.1019
5763.500	1.1870
5764.400	1.2911
5765.300	1.3290
5766.200	1.3191
5767.100	1.3188
5768.000	1.3209
5768.900	1.3072
5769.800	1.2896
5770.700	1.2711
5771.600	1.2427
5772.500	1.2345
5773.400	1.2389
5774.300	1.2298
5775.200	1.2238
5776.100	1.2303
5777.000	1.2424
5777.900	1.2611
5778.800	1.2670
5779.700	1.2061
5780.600	1.0822
5781.500	1.0055
5782.400	1.0312
5783.300	1.0781
5784.200	1.0582
5785.100	1.0027
5786.000	1.0324
5786.900	1.1262
5787.800	1.1853
5788.700	1.2135
5789.600	1.2116
5790.500	1.1570
5791.400	1.1437
5792.300	1.2070
5793.200	1.2649
5794.100	1.3058
5795.000	1.3355
5795.900	1.3080
5796.800	1.2162
5797.700	1.1365
5798.600	1.1792
5799.500	1.2903
5800.400	1.3507
5801.300	1.3656
5802.200	1.3725
5803.100	1.3314
5804.000	1.2560
5804.900	1.2310
5805.800	1.2505
5806.700	1.2632
5807.600	1.2719
5808.500	1.2807
5809.400	1.2971
5810.300	1.3257
5811.200	1.3391
5812.100	1.3350
5813.000	1.3254
5813.900	1.3038
5814.800	1.2705
5815.700	1.2283
5816.600	1.2240
5817.500	1.2839
5818.400	1.3549
5819.300	1.3872
5820.200	1.3936
5821.100	1.3813
5822.000	1.3526
5822.900	1.3183
5823.800	1.3059
5824.700	1.3274
5825.600	1.3418
5826.500	1.3416
5827.400	1.3390
5828.300	1.3486
5829.200	1.3642
5830.100	1.3619
5831.000	1.3425
5831.900	1.3360
5832.800	1.3364
5833.700	1.3004
5834.600	1.2577
5835.500	1.2784
5836.400	1.3268
5837.300	1.3160
5838.200	1.2633
5839.100	1.2650
5840.000	1.3202
5840.900	1.3663
5841.800	1.3878
5842.700	1.3873
5843.600	1.3711
5844.500	1.3436
5845.400	1.3142
5846.300	1.2816
5847.200	1.2637
5848.100	1.2815
5849.000	1.3055
5849.900	1.3141
5850.800	1.3085
5851.700	1.2697
5852.600	1.2140
5853.500	1.2054
5854.400	1.2576
5855.300	1.2920
5856.200	1.2520
5857.100	1.1680
5858.000	1.1417
5858.900	1.1943
5859.800	1.2589
5860.700	1.3037
5861.600	1.3001
5862.500	1.2636
5863.400	1.2552
5864.300	1.2794
5865.200	1.2826
5866.100	1.2283
5867.000	1.2077
5867.900	1.2557
5868.800	1.3172
5869.700	1.3574
5870.600	1.3563
5871.500	1.3301
5872.400	1.2966
5873.300	1.2834
5874.200	1.3186
5875.100	1.3445
5876.000	1.3216
5876.900	1.2926
5877.800	1.2786
5878.700	1.2508
5879.600	1.1739
5880.500	1.1364
5881.400	1.1972
5882.300	1.2560
5883.200	1.2396
5884.100	1.2025
5885.000	1.2068
5885.900	1.2121
5886.800	1.1740
5887.700	1.0421
5888.600	0.7916
5889.500	0.5236
5890.400	0.4821
5891.300	0.6899
5892.200	0.8882
5893.100	0.9783
5894.000	0.9747
5894.900	0.8042
5895.800	0.6062
5896.700	0.6849
5897.600	0.9355
5898.500	1.0753
5899.400	1.1146
5900.300	1.1724
5901.200	1.2186
5902.100	1.2271
5903.000	1.2336
5903.900	1.2540
5904.800	1.2622
5905.700	1.2488
5906.600	1.2593
5907.500	1.2813
5908.400	1.2891
5909.300	1.2844
5910.200	1.2908
5911.100	1.3224
5912.000	1.3323
5912.900	1.2852
5913.800	1.2113
5914.700	1.1845
5915.600	1.1701
5916.500	1.1860
5917.400	1.2388
5918.300	1.2460
5919.200	1.2466
5920.100	1.2835
5921.000	1.2911
5921.900	1.2576
5922.800	1.2502
5923.700	1.2568
5924.600	1.2535
5925.500	1.2873
5926.400	1.3314
5927.300	1.3308
5928.200	1.3004
5929.100	1.2704
5930.000	1.2527
5930.900	1.2845
5931.800	1.3260
5932.700	1.3278
5933.600	1.2786
5934.500	1.2063
5935.400	1.2049
5936.300	1.2758
5937.200	1.3015
5938.100	1.3091
5939.000	1.3418
5939.900	1.3101
5940.800	1.2103
5941.700	1.1681
5942.600	1.2107
5943.500	1.2586
5944.400	1.2836
5945.300	1.3068
5946.200	1.3276
5947.100	1.3292
5948.000	1.2943
5948.900	1.2496
5949.800	1.2652
5950.700	1.3244
5951.600	1.3270
5952.500	1.2653
5953.400	1.2417
5954.300	1.2876
5955.200	1.2992
5956.100	1.2638
5957.000	1.2280
5957.900	1.2266
5958.800	1.2557
5959.700	1.3027
5960.600	1.3511
5961.500	1.3713
5962.400	1.3639
5963.300	1.3517
5964.200	1.3412
5965.100	1.3009
5966.000	1.2672
5966.900	1.2946
5967.800	1.3284
5968.700	1.3368
5969.600	1.3522
5970.500	1.3737
5971.400	1.3772
5972.300	1.3804
5973.200	1.3837
5974.100	1.3649
5975.000	1.3215
5975.900	1.2749
5976.800	1.2450
5977.700	1.2322
5978.600	1.2378
5979.500	1.2823
5980.400	1.3208
5981.300	1.3169
5982.200	1.2941
5983.100	1.2349
5984.000	1.1664
5984.900	1.1787
5985.800	1.2700
5986.700	1.3100
5987.600	1.3007
5988.500	1.3050
5989.400	1.3239
5990.300	1.3201
5991.200	1.2731
5992.100	1.2582
5993.000	1.3193
5993.900	1.3695
5994.800	1.3697
5995.700	1.3332
5996.600	1.2840
5997.500	1.2499
5998.400	1.2436
5999.300	1.2528
6000.200	1.2924
6001.100	1.3207
6002.000	1.2859
6002.900	1.2477
6003.800	1.2876
6004.700	1.3190
6005.600	1.2967
6006.500	1.2604
6007.400	1.2096
6008.300	1.1910
6009.200	1.2545
6010.100	1.3451
6011.000	1.3662
6011.900	1.3100
6012.800	1.2371
6013.700	1.2258
6014.600	1.2682
6015.500	1.2720
6016.400	1.2250
6017.300	1.2099
6018.200	1.2350
6019.100	1.2399
6020.000	1.2302
6020.900	1.2413
6021.800	1.2644
6022.700	1.2875
6023.600	1.2867
6024.500	1.2914
6025.400	1.3174
6026.300	1.3166
6027.200	1.3115
6028.100	1.3409
6029.000	1.3681
6029.900	1.3599
6030.800	1.3245
6031.700	1.3152
6032.600	1.3481
6033.500	1.3734
6034.400	1.3702
6035.300	1.3701
6036.200	1.3752
6037.100	1.3820
6038.000	1.3813
6038.900	1.3527
6039.800	1.3159
6040.700	1.3194
6041.600	1.3282
6042.500	1.3395
6043.400	1.3749
6044.300	1.3969
6045.200	1.3961
6046.100	1.4025
6047.000	1.4058
6047.900	1.3806
6048.800	1.3610
6049.700	1.3772
6050.600	1.4033
6051.500	1.4052
6052.400	1.3809
6053.300	1.3505
6054.200	1.3358
6055.100	1.3265
6056.000	1.3033
6056.900	1.2815
6057.800	1.2749
6058.700	1.3015
6059.600	1.3498
6060.500	1.3721
6061.400	1.3656
6062.300	1.3266
6063.200	1.2935
6064.100	1.2667
6065.000	1.2189
6065.900	1.2384
6066.800	1.3424
6067.700	1.4103
6068.600	1.4249
6069.500	1.4219
6070.400	1.4193
6071.300	1.4257
6072.200	1.4325
6073.100	1.4360
6074.000	1.4336
6074.900	1.4189
6075.800	1.3993
6076.700	1.3834
6077.600	1.3555
6078.500	1.3207
6079.400	1.3347
6080.300	1.3516
6081.200	1.2995
6082.100	1.2412
6083.000	1.2670
6083.900	1.3234
6084.800	1.3239
6085.700	1.2965
6086.600	1.3005
6087.500	1.3326
6088.400	1.3471
6089.300	1.2981
6090.200	1.2360
6091.100	1.2397
6092.000	1.2609
6092.900	1.2509
6093.800	1.2714
6094.700	1.3465
6095.600	1.3801
6096.500	1.3316
6097.400	1.2897
6098.300	1.3107
6099.200	1.3576
6100.100	1.3909
6101.000	1.3649
6101.900	1.2340
6102.800	1.1264
6103.700	1.1887
6104.600	1.2986
6105.500	1.3397
6106.400	1.3252
6107.300	1.2898
6108.200	1.2922
6109.100	1.3547
6110.000	1.3798
6110.900	1.3203
6111.800	1.2838
6112.700	1.3294
6113.600	1.3892
6114.500	1.4126
6115.400	1.3781
6116.300	1.3265
6117.200	1.3305
6118.100	1.3594
6119.000	1.3243
6119.900	1.2584
6120.800	1.2129
6121.700	1.1537
6122.600	1.1648
6123.500	1.2887
6124.400	1.3634
6125.300	1.3391
6126.200	1.2966
6127.100	1.2571
6128.000	1.2215
6128.900	1.2367
6129.800	1.3080
6130.700	1.3778
6131.600	1.4046
6132.500	1.4100
6133.400	1.3829
6134.300	1.2997
6135.200	1.1870
6136.100	1.0634
6137.000	0.9758
6137.900	1.0459
6138.800	1.2344
6139.700	1.3556
6140.600	1.3435
6141.500	1.2757
6142.400	1.2645
6143.300	1.3221
6144.200	1.3693
6145.100	1.3655
6146.000	1.3476
6146.900	1.3411
6147.800	1.3393
6148.700	1.3082
6149.600	1.2522
6150.500	1.2401
6151.400	1.2846
6152.300	1.3385
6153.200	1.3564
6154.100	1.3192
6155.000	1.2907
6155.900	1.3022
6156.800	1.3091
6157.700	1.3017
6158.600	1.3101
6159.500	1.2976
6160.400	1.1967
6161.300	1.0476
6162.200	0.9886
6163.100	1.0371
6164.000	1.1409
6164.900	1.2241
6165.800	1.2484
6166.700	1.2831
6167.600	1.3216
6168.500	1.2484
6169.400	1.1121
6170.300	1.0942
6171.200	1.2087
6172.100	1.2909
6173.000	1.2795
6173.900	1.2745
6174.800	1.2979
6175.700	1.2952
6176.600	1.2659
6177.500	1.2706
6178.400	1.3165
6179.300	1.3172
6180.200	1.2869
6181.100	1.3011
6182.000	1.3363
6182.900	1.3440
6183.800	1.3430
6184.700	1.3440
6185.600	1.3041
6186.500	1.2516
6187.400	1.2273
6188.300	1.2122
6189.200	1.2033
6190.100	1.1781
6191.000	1.0825
6191.900	1.0609
6192.800	1.1749
6193.700	1.2767
6194.600	1.3189
6195.500	1.3426
6196.400	1.3674
6197.300	1.3773
6198.200	1.3207
6199.100	1.2122
6200.000	1.1685
6200.900	1.2331
6201.800	1.3230
6202.700	1.3696
6203.600	1.3655
6204.500	1.3378
6205.400	1.3296
6206.300	1.3431
6207.200	1.3463
6208.100	1.3498
6209.000	1.3430
6209.900	1.3034
6210.800	1.2733
6211.700	1.2730
6212.600	1.2255
6213.500	1.1304
6214.400	1.0834
6215.300	1.0951
6216.200	1.1326
6217.100	1.2063
6218.000	1.2546
6218.900	1.2143
6219.800	1.1501
6220.700	1.1242
6221.600	1.1568
6222.500	1.2162
6223.400	1.2226
6224.300	1.1953
6225.200	1.2168
6226.100	1.2612
6227.000	1.2749
6227.900	1.2784
6228.800	1.2410
6229.700	1.1301
6230.600	1.0361
6231.500	1.0648
6232.400	1.1257
6233.300	1.1807
6234.200	1.2759
6235.100	1.3449
6236.000	1.3495
6236.900	1.3184
6237.800	1.2794
6238.700	1.1992
6239.600	1.0895
6240.500	1.0913
6241.400	1.1747
6242.300	1.1350
6243.200	1.0567
6244.100	1.0987
6245.000	1.1577
6245.900	1.1707
6246.800	1.2239
6247.700	1.2939
6248.600	1.3016
6249.500	1.2724
6250.400	1.2585
6251.300	1.2013
6252.200	1.1196
6253.100	1.1118
6254.000	1.1443
6254.900	1.1630
6255.800	1.1275
6256.700	1.0506
6257.600	0.9608
6258.500	0.9242
6259.400	1.0316
6260.300	1.1457
6261.200	1.1733
6262.100	1.2198
6263.000	1.2995
6263.900	1.2954
6264.800	1.1992
6265.700	1.1435
6266.600	1.1927
6267.500	1.2350
6268.400	1.2021
6269.300	1.1917
6270.200	1.2279
6271.100	1.2486
6272.000	1.2575
6272.900	1.2536
6273.800	1.2273
6274.700	1.2162
6275.600	1.2247
6276.500	1.2206
6277.400	1.2289
6278.300	1.2724
6279.200	1.2685
6280.100	1.1971
6281.000	1.1679
6281.900	1.1875
6282.800	1.2391
6283.700	1.2975
6284.600	1.2858
6285.500	1.2577
6286.400	1.2765
6287.300	1.3164
6288.200	1.3524
6289.100	1.3670
6290.000	1.3305
6290.900	1.2846
6291.800	1.2464
6292.700	1.2091
6293.600	1.2352
6294.500	1.2832
6295.400	1.2402
6296.300	1.1434
6297.200	1.1131
6298.100	1.1669
6299.000	1.2375
6299.900	1.2656
6300.800	1.2358
6301.700	1.1935
6302.600	1.1976
6303.500	1.2346
6304.400	1.2423
6305.300	1.1965
6306.200	1.2025
6307.100	1.2962
6308.000	1.3575
6308.900	1.3544
6309.800	1.3139
6310.700	1.2581
6311.600	1.2163
6312.500	1.2272
6313.400	1.2626
6314.300	1.2369
6315.200	1.1930
6316.100	1.2153
6317.000	1.2161
6317.900	1.1524
6318.800	1.1363
6319.700	1.1946
6320.600	1.2540
6321.500	1.2748
6322.400	1.2693
6323.300	1.2896
6324.200	1.3046
6325.100	1.3010
6326.000	1.3005
6326.900	1.2804
6327.800	1.2999
6328.700	1.3518
6329.600	1.3400
6330.500	1.3033
6331.400	1.3133
6332.300	1.3502
6333.200	1.3775
6334.100	1.3354
6335.000	1.2193
6335.900	1.1487
6336.800	1.1998
6337.700	1.2740
6338.600	1.2743
6339.500	1.2713
6340.400	1.3115
6341.300	1.3174
6342.200	1.2686
6343.100	1.1989
6344.000	1.1586
6344.900	1.1970
6345.800	1.2707
6346.700	1.3008
6347.600	1.3109
6348.500	1.3244
6349.400	1.3181
6350.300	1.3181
6351.200	1.3430
6352.100	1.3598
6353.000	1.3367
6353.900	1.2755
6354.800	1.2275
6355.700	1.2457
6356.600	1.2779
6357.500	1.2404
6358.400	1.1573
6359.300	1.1121
6360.200	1.1173
6361.100	1.1079
6362.000	1.0811
6362.900	1.0909
6363.800	1.1302
6364.700	1.1748
6365.600	1.2124
6366.500	1.2509
6367.400	1.3138
6368.300	1.3635
6369.200	1.3537
6370.100	1.3234
6371.000	1.3215
6371.900	1.3624
6372.800	1.3999
6373.700	1.3876
6374.600	1.3558
6375.500	1.3513
6376.400	1.3671
6377.300	1.3508
6378.200	1.2907
6379.100	1.2600
6380.000	1.2732
6380.900	1.2827
6381.800	1.3046
6382.700	1.3409
6383.600	1.3415
6384.500	1.3267
6385.400	1.3402
6386.300	1.3694
6387.200	1.3713
6388.100	1.3573
6389.000	1.3577
6389.900	1.3685
6390.800	1.3658
6391.700	1.3184
6392.600	1.2153
6393.500	1.1539
6394.400	1.2022
6395.300	1.2860
6396.200	1.3414
6397.100	1.3741
6398.000	1.3704
6398.900	1.2860
6399.800	1.1614
6400.700	1.1757
6401.600	1.3032
6402.500	1.3698
6403.400	1.3797
6404.300	1.3804
6405.200	1.3610
6406.100	1.3405
6407.000	1.2957
6407.900	1.2464
6408.800	1.2899
6409.700	1.3521
6410.600	1.3206
6411.500	1.2662
6412.400	1.2580
6413.300	1.2620
6414.200	1.2754
6415.100	1.3189
6416.000	1.3644
6416.900	1.3608
6417.800	1.3322
6418.700	1.2944
6419.600	1.2488
6420.500	1.2170
6421.400	1.2413
6422.300	1.3336
6423.200	1.4077
6424.100	1.3961
6425.000	1.3566
6425.900	1.3648
6426.800	1.4064
6427.700	1.4253
6428.600	1.4005
6429.500	1.3139
6430.400	1.1946
6431.300	1.1743
6432.200	1.2645
6433.100	1.3412
6434.000	1.3617
6434.900	1.3625
6435.800	1.3764
6436.700	1.3849
6437.600	1.3450
6438.500	1.2576
6439.400	1.2510
6440.300	1.3457
6441.200	1.4164
6442.100	1.4276
6443.000	1.4128
6443.900	1.3930
6444.800	1.3946
6445.700	1.4240
6446.600	1.4542
6447.500	1.4289
6448.400	1.3048
6449.300	1.1171
6450.200	1.0479
6451.100	1.1563
6452.000	1.2709
6452.900	1.3488
6453.800	1.3918
6454.700	1.3530
6455.600	1.3044
6456.500	1.3283
6457.400	1.3827
6458.300	1.4189
6459.200	1.4330
6460.100	1.4392
6461.000	1.4050
6461.900	1.2838
6462.800	1.1942
6463.700	1.2374
6464.600	1.3060
6465.500	1.3458
6466.400	1.3550
6467.300	1.3691
6468.200	1.3749
6469.100	1.3526
6470.000	1.3359
6470.900	1.3126
6471.800	1.3042
6472.700	1.3548
6473.600	1.3859
6474.500	1.3453
6475.400	1.2972
6476.300	1.3255
6477.200	1.3755
6478.100	1.3766
6479.000	1.3680
6479.900	1.3725
6480.800	1.3381
6481.700	1.2588
6482.600	1.2098
6483.500	1.2405
6484.400	1.3037
6485.300	1.3432
6486.200	1.3471
6487.100	1.3573
6488.000	1.3734
6488.900	1.3544
6489.800	1.2952
6490.700	1.2559
6491.600	1.2751
6492.500	1.2727
6493.400	1.1636
6494.300	1.0232
6495.200	0.9913
6496.100	1.0478
6497.000	1.1082
6497.900	1.1587
6498.800	1.1708
6499.700	1.1951
6500.600	1.2467
6501.500	1.2693
6502.400	1.2858
6503.300	1.2919
6504.200	1.2971
6505.100	1.3313
6506.000	1.3587
6506.900	1.3426
6507.800	1.2883
6508.700	1.2607
6509.600	1.2989
6510.500	1.3469
6511.400	1.3560
6512.300	1.3479
6513.200	1.3608
6514.100	1.3474
6515.000	1.3075
6515.900	1.2805
6516.800	1.2776
6517.700	1.2713
6518.600	1.2577
6519.500	1.2913
6520.400	1.3521
6521.300	1.3825
6522.200	1.3660
6523.100	1.3419
6524.000	1.3658
6524.900	1.4004
6525.800	1.3703
6526.700	1.3086
6527.600	1.3005
6528.500	1.3344
6529.400	1.3622
6530.300	1.3581
6531.200	1.3125
6532.100	1.2658
6533.000	1.2636
6533.900	1.3116
6534.800	1.3763
6535.700	1.3990
6536.600	1.3646
6537.500	1.3285
6538.400	1.3516
6539.300	1.4086
6540.200	1.4281
6541.100	1.3952
6542.000	1.3481
6542.900	1.3045
6543.800	1.2926
6544.700	1.3046
6545.600	1.2725
6546.500	1.2404
6547.400	1.2615
6548.300	1.3059
6549.200	1.3458
6550.100	1.3478
6551.000	1.3057
6551.900	1.2725
6552.800	1.2735
6553.700	1.2599
6554.600	1.2244
6555.500	1.2120
6556.400	1.2286
6557.300	1.2605
6558.200	1.2862
6559.100	1.3100
6560.000	1.3161
6560.900	1.2561
6561.800	1.0234
6562.700	0.7764
6563.600	0.8611
6564.500	1.1268
6565.400	1.2777
6566.300	1.3390
6567.200	1.3709
6568.100	1.3437
6569.000	1.2701
6569.900	1.2524
6570.800	1.2762
6571.700	1.2590
6572.600	1.2019
6573.500	1.1797
6574.400	1.1570
6575.300	1.1824
6576.200	1.2669
6577.100	1.3395
6578.000	1.3704
6578.900	1.3587
6579.800	1.3114
6580.700	1.2461
6581.600	1.2450
6582.500	1.2967
6583.400	1.3272
6584.300	1.3398
6585.200	1.3177
6586.100	1.2847
6587.000	1.3196
6587.900	1.3629
6588.800	1.3642
6589.700	1.3616
6590.600	1.3562
6591.500	1.2924
6592.400	1.1797
6593.300	1.1212
6594.200	1.1792
6595.100	1.2637
6596.000	1.2974
6596.900	1.2979
6597.800	1.2729
6598.700	1.2443
6599.600	1.2810
6600.500	1.3431
6601.400	1.3666
6602.300	1.3624
6603.200	1.3515
6604.100	1.3300
6605.000	1.2925
6605.900	1.2609
6606.800	1.2629
6607.700	1.2415
6608.600	1.2001
6609.500	1.1984
6610.400	1.2928
6611.300	1.3711
6612.200	1.3744
6613.100	1.3300
6614.000	1.3194
6614.900	1.3740
6615.800	1.4066
6616.700	1.3792
6617.600	1.3580
6618.500	1.3685
6619.400	1.3884
6620.300	1.4073
6621.200	1.4105
6622.100	1.3842
6623.000	1.3291
6623.900	1.2486
6624.800	1.1998
6625.700	1.2777
6626.600	1.3562
6627.500	1.3581
6628.400	1.3460
6629.300	1.3240
6630.200	1.3000
6631.100	1.2913
6632.000	1.2669
6632.900	1.2325
6633.800	1.2153
6634.700	1.2651
6635.600	1.3322
6636.500	1.3698
6637.400	1.3779
6638.300	1.3616
6639.200	1.3232
6640.100	1.3123
6641.000	1.3554
6641.900	1.3675
6642.800	1.3053
6643.700	1.2539
6644.600	1.2933
6645.500	1.3457
6646.400	1.3403
6647.300	1.3081
6648.200	1.3030
6649.100	1.3404
6650.000	1.3537
6650.900	1.3452
6651.800	1.3427
6652.700	1.3415
6653.600	1.3352
6654.500	1.3467
6655.400	1.3523
6656.300	1.3276
6657.200	1.3222
6658.100	1.3418
6659.000	1.3401
6659.900	1.3168
6660.800	1.2972
6661.700	1.2886
6662.600	1.2468
6663.500	1.2115
6664.400	1.2453
6665.300	1.2549
6666.200	1.2332
6667.100	1.2225
6668.000	1.2396
6668.900	1.2820
6669.800	1.3363
6670.700	1.3684
6671.600	1.3609
6672.500	1.3483
6673.400	1.3429
6674.300	1.3419
6675.200	1.3501
6676.100	1.3324
6677.000	1.2372
6677.900	1.1256
6678.800	1.1752
6679.700	1.2912
6680.600	1.3292
6681.500	1.3233
6682.400	1.3273
6683.300	1.3419
6684.200	1.3592
6685.100	1.3628
6686.000	1.3610
6686.900	1.3347
6687.800	1.3057
6688.700	1.3151
6689.600	1.3444
6690.500	1.3515
6691.400	1.3564
6692.300	1.3488
6693.200	1.3497
6694.100	1.3534
6695.000	1.3200
6695.900	1.2445
6696.800	1.2375
6697.700	1.2650
6698.600	1.2852
6699.500	1.3348
6700.400	1.3646
6701.300	1.3645
6702.200	1.3523
6703.100	1.3120
6704.000	1.2892
6704.900	1.2992
6705.800	1.3318
6706.700	1.3174
6707.600	1.2662
6708.500	1.2806
6709.400	1.2931
6710.300	1.2766
6711.200	1.2999
6712.100	1.3166
6713.000	1.3044
6713.900	1.2992
6714.800	1.2673
6715.700	1.2278
6716.600	1.2031
6717.500	1.1932
6718.400	1.2731
6719.300	1.3483
6720.200	1.3615
6721.100	1.3389
6722.000	1.3260
6722.900	1.3494
6723.800	1.3686
6724.700	1.3461
6725.600	1.3075
6726.500	1.2922
6727.400	1.3174
6728.300	1.3322
6729.200	1.3408
6730.100	1.3561
6731.000	1.3567
6731.900	1.3423
6732.800	1.3180
6733.700	1.3084
6734.600	1.3186
6735.500	1.3455
6736.400	1.3514
6737.300	1.3220
6738.200	1.2746
6739.100	1.2482
6740.000	1.2755
6740.900	1.3159
6741.800	1.3064
6742.700	1.2534
6743.600	1.2655
6744.500	1.2981
6745.400	1.2792
6746.300	1.2625
6747.200	1.2661
6748.100	1.2868
6749.000	1.2946
6749.900	1.2747
6750.800	1.2939
6751.700	1.2791
6752.600	1.1974
6753.500	1.2128
6754.400	1.2724
6755.300	1.3024
6756.200	1.3303
6757.100	1.3618
6758.000	1.3747
6758.900	1.3714
6759.800	1.3816
6760.700	1.3745
6761.600	1.3378
6762.500	1.3309
6763.400	1.3473
6764.300	1.3589
6765.200	1.3287
6766.100	1.2549
6767.000	1.2225
6767.900	1.2573
6768.800	1.3006
6769.700	1.3002
6770.600	1.2610
6771.500	1.2603
6772.400	1.3018
6773.300	1.3442
6774.200	1.3648
6775.100	1.3786
6776.000	1.3727
6776.900	1.3515
6777.800	1.3575
6778.700	1.3856
6779.600	1.3990
6780.500	1.3935
6781.400	1.3719
6782.300	1.3245
6783.200	1.2417
6784.100	1.1974
6785.000	1.2114
6785.900	1.2401
6786.800	1.2899
6787.700	1.3372
6788.600	1.3319
6789.500	1.3056
6790.400	1.3152
6791.300	1.3530
6792.200	1.3551
6793.100	1.2906
6794.000	1.2650
6794.900	1.2759
6795.800	1.2802
6796.700	1.3053
6797.600	1.3217
6798.500	1.3212
6799.400	1.3322
6800.300	1.3388
6801.200	1.3316
6802.100	1.3327
6803.000	1.3211
6803.900	1.3148
6804.800	1.3402
6805.700	1.3415
6806.600	1.3196
6807.500	1.3273
6808.400	1.3417
6809.300	1.3269
6810.200	1.3168
6811.100	1.3229
6812.000	1.3226
6812.900	1.3216
6813.800	1.2970
6814.700	1.2654
6815.600	1.2930
6816.500	1.3506
6817.400	1.3667
6818.300	1.3562
6819.200	1.3260
6820.100	1.3046
6821.000	1.3180
6821.900	1.3521
6822.800	1.3834
6823.700	1.3907
6824.600	1.3834
6825.500	1.3801
6826.400	1.3682
6827.300	1.3349
6828.200	1.3019
6829.100	1.3003
6830.000	1.3278
6830.900	1.3497
6831.800	1.3305
6832.700	1.3074
6833.600	1.3289
6834.500	1.3652
6835.400	1.3760
6836.300	1.3583
6837.200	1.3464
6838.100	1.3330
6839.000	1.2865
6839.900	1.2519
6840.800	1.2261
6841.700	1.2164
6842.600	1.2417
6843.500	1.2839
6844.400	1.3177
6845.300	1.3275
6846.200	1.3177
6847.100	1.3242
6848.000	1.3383
6848.900	1.3405
6849.800	1.3374
6850.700	1.3251
6851.600	1.3285
6852.500	1.3576
6853.400	1.3505
6854.300	1.2862
6855.200	1.2455
6856.100	1.2711
6857.000	1.2971
6857.900	1.3078
6858.800	1.3244
6859.700	1.3008
6860.600	1.2341
6861.500	1.1959
6862.400	1.2492
6863.300	1.3369
6864.200	1.3748
6865.100	1.3732
6866.000	1.3419
6866.900	1.2567
6867.800	1.1776
6868.700	1.2421
6869.600	1.3676
6870.500	1.3525
6871.400	1.2906
6872.300	1.2830
6873.200	1.3096
6874.100	1.3162
6875.000	1.3030
6875.900	1.3025
6876.800	1.3320
6877.700	1.3658
6878.600	1.3599
6879.500	1.3431
6880.400	1.3371
6881.300	1.2959
6882.200	1.2400
6883.100	1.2329
6884.000	1.3058
6884.900	1.3494
6885.800	1.3098
6886.700	1.3213
6887.600	1.3710
6888.500	1.3515
6889.400	1.3328
6890.300	1.3865
6891.200	1.4030
6892.100	1.3343
6893.000	1.3294
6893.900	1.3949
6894.800	1.3719
6895.700	1.2961
6896.600	1.3062
6897.500	1.3926
6898.400	1.4097
6899.300	1.3402
6900.200	1.2903
6901.100	1.3639
6902.000	1.4347
6902.900	1.4098
6903.800	1.3604
6904.700	1.3457
6905.600	1.3757
6906.500	1.3984
6907.400	1.3809
6908.300	1.3526
6909.200	1.3691
6910.100	1.3877
6911.000	1.3613
6911.900	1.3250
6912.800	1.2873
6913.700	1.2528
6914.600	1.2818
6915.500	1.3340
6916.400	1.3136
6917.300	1.2955
6918.200	1.3152
6919.100	1.3587
6920.000	1.3887
6920.900	1.3892
6921.800	1.3770
6922.700	1.3530
6923.600	1.3098
6924.500	1.2723
6925.400	1.2534
6926.300	1.2739
6927.200	1.3294
6928.100	1.3399
6929.000	1.3110
6929.900	1.3170
6930.800	1.3408
6931.700	1.3241
6932.600	1.2772
6933.500	1.2612
6934.400	1.3192
6935.300	1.3642
6936.200	1.3556
6937.100	1.3164
6938.000	1.2949
6938.900	1.3009
6939.800	1.2989
6940.700	1.3148
6941.600	1.3064
6942.500	1.2592
6943.400	1.2295
6944.300	1.2225
6945.200	1.2272
6946.100	1.2646
6947.000	1.2704
6947.900	1.2658
6948.800	1.2993
6949.700	1.3186
6950.600	1.2877
6951.500	1.2677
6952.400	1.2731
6953.300	1.2452
6954.200	1.2370
6955.100	1.2513
6956.000	1.2670
6956.900	1.2939
6957.800	1.3216
6958.700	1.3241
6959.600	1.3014
6960.500	1.2967
6961.400	1.3090
6962.300	1.3344
6963.200	1.3503
6964.100	1.3604
6965.000	1.3370
6965.900	1.3109
6966.800	1.3312
6967.700	1.3715
6968.600	1.3912
6969.500	1.3735
6970.400	1.3087
6971.300	1.2853
6972.200	1.3429
6973.100	1.3837
6974.000	1.3471
6974.900	1.3046
6975.800	1.2948
6976.700	1.2510
6977.600	1.1640
6978.500	1.0894
6979.400	1.1366
6980.300	1.2387
6981.200	1.2782
6982.100	1.3157
6983.000	1.3498
6983.900	1.3530
6984.800	1.3431
6985.700	1.3214
6986.600	1.3102
6987.500	1.3246
6988.400	1.2870
6989.300	1.2406
6990.200	1.2521
6991.100	1.3139
6992.000	1.3588
6992.900	1.3505
6993.800	1.3030
6994.700	1.3045
6995.600	1.3634
6996.500	1.3669
6997.400	1.3517
6998.300	1.3111
6999.200	1.2519
7000.100	1.2544
7001.000	1.3011
7001.900	1.3576
7002.800	1.3774
7003.700	1.3029
7004.600	1.2315
7005.500	1.2435
7006.400	1.2870
7007.300	1.3074
7008.200	1.3196
7009.100	1.3332
7010.000	1.3153
7010.900	1.2780
7011.800	1.3019
7012.700	1.3604
7013.600	1.3661
7014.500	1.2978
7015.400	1.1799
7016.300	1.0955
7017.200	1.2019
7018.100	1.3293
7019.000	1.3534
7019.900	1.3495
7020.800	1.3526
7021.700	1.3427
7022.600	1.2750
7023.500	1.2078
7024.400	1.1998
7025.300	1.2485
7026.200	1.2615
7027.100	1.2278
7028.000	1.2475
7028.900	1.2859
7029.800	1.3230
7030.700	1.3317
7031.600	1.3171
7032.500	1.3070
7033.400	1.3139
7034.300	1.3232
7035.200	1.3584
7036.100	1.3788
7037.000	1.3106
7037.900	1.2016
7038.800	1.1799
7039.700	1.2650
7040.600	1.3893
7041.500	1.4497
7042.400	1.4587
7043.300	1.4321
7044.200	1.3601
7045.100	1.3185
7046.000	1.3505
7046.900	1.3859
7047.800	1.4289
7048.700	1.4460
7049.600	1.4221
7050.500	1.3703
7051.400	1.3150
7052.300	1.2141
7053.200	1.2013
7054.100	1.2424
7055.000	1.3005
7055.900	1.3528
7056.800	1.3758
7057.700	1.3666
7058.600	1.3414
7059.500	1.2826
7060.400	1.2607
7061.300	1.2973
7062.200	1.3130
7063.100	1.3255
7064.000	1.3637
7064.900	1.3493
7065.800	1.2891
7066.700	1.2506
7067.600	1.2038
7068.500	1.1810
7069.400	1.2390
7070.300	1.3242
7071.200	1.3631
7072.100	1.3579
7073.000	1.3575
7073.900	1.3522
7074.800	1.3477
7075.700	1.3306
7076.600	1.3218
7077.500	1.3295
7078.400	1.3259
7079.300	1.3407
7080.200	1.3765
7081.100	1.3892
7082.000	1.3506
7082.900	1.2832
7083.800	1.1881
7084.700	1.1319
7085.600	1.1957
7086.500	1.2409
7087.400	1.2290
7088.300	1.2211
7089.200	1.2203
7090.100	1.2005
7091.000	1.2196
7091.900	1.2338
7092.800	1.2162
7093.700	1.2256
7094.600	1.2323
7095.500	1.2366
7096.400	1.2477
7097.300	1.2496
7098.200	1.2626
7099.100	1.2820
7100.000	1.2877
7100.900	1.2626
7101.800	1.2124
7102.700	1.1672
7103.600	1.1976
7104.500	1.2707
7105.400	1.2913
7106.300	1.2538
7107.200	1.2188
7108.100	1.2372
7109.000	1.2568
7109.900	1.2275
7110.800	1.1844
7111.700	1.1813
7112.600	1.2207
7113.500	1.2739
7114.400	1.2849
7115.300	1.2951
7116.200	1.3040
7117.100	1.2898
7118.000	1.2749
7118.900	1.2622
7119.800	1.2626
7120.700	1.2837
7121.600	1.2579
7122.500	1.2482
7123.400	1.2860
7124.300	1.2922
7125.200	1.2495
7126.100	1.2106
7127.000	1.2347
7127.900	1.2733
7128.800	1.2625
7129.700	1.1922
7130.600	1.1528
7131.500	1.1941
7132.400	1.2548
7133.300	1.3041
7134.200	1.3333
7135.100	1.3182
7136.000	1.3106
7136.900	1.3334
7137.800	1.3167
7138.700	1.2482
7139.600	1.2359
7140.500	1.3067
7141.400	1.3535
7142.300	1.3324
7143.200	1.3165
7144.100	1.3216
7145.000	1.3290
7145.900	1.3473
7146.800	1.3178
7147.700	1.2383
7148.600	1.2329
7149.500	1.2689
7150.400	1.2753
7151.300	1.2954
7152.200	1.3561
7153.100	1.4047
7154.000	1.3788
7154.900	1.3048
7155.800	1.3166
7156.700	1.4014
7157.600	1.4107
7158.500	1.3525
7159.400	1.3014
7160.300	1.2962
7161.200	1.3448
7162.100	1.3920
7163.000	1.3735
7163.900	1.2864
7164.800	1.2321
7165.700	1.2650
7166.600	1.3078
7167.500	1.3303
7168.400	1.3451
7169.300	1.3130
7170.200	1.2804
7171.100	1.3353
7172.000	1.3736
7172.900	1.3262
7173.800	1.3104
7174.700	1.3387
7175.600	1.3027
7176.500	1.2332
7177.400	1.2608
7178.300	1.3365
7179.200	1.3266
7180.100	1.2607
7181.000	1.1879
7181.900	1.2586
7182.800	1.4211
7183.700	1.4484
7184.600	1.4063
7185.500	1.3799
7186.400	1.2820
7187.300	1.2085
7188.200	1.2086
7189.100	1.2218
7190.000	1.2810
7190.900	1.3255
7191.800	1.3094
7192.700	1.2795
7193.600	1.2778
7194.500	1.3227
7195.400	1.3480
7196.300	1.2967
7197.200	1.2324
7198.100	1.2757
7199.000	1.3745
7199.900	1.3802
7200.800	1.3047
7201.700	1.3157
7202.600	1.3895
7203.500	1.4169
7204.400	1.4380
7205.300	1.4387
7206.200	1.3048
7207.100	1.2182
7208.000	1.2707
7208.900	1.3062
7209.800	1.3555
7210.700	1.4426
7211.600	1.4408
7212.500	1.3694
7213.400	1.3297
7214.300	1.3345
7215.200	1.3352
7216.100	1.3407
7217.000	1.3917
7217.900	1.4372
7218.800	1.4325
7219.700	1.4095
7220.600	1.3976
7221.500	1.4006
7222.400	1.4028
7223.300	1.3946
7224.200	1.4433
7225.100	1.4999
7226.000	1.5002
7226.900	1.4578
7227.800	1.3845
7228.700	1.3544
7229.600	1.3954
7230.500	1.4555
7231.400	1.4775
7232.300	1.4449
7233.200	1.4532
7234.100	1.4841
7235.000	1.4378
7235.900	1.3860
7236.800	1.3678
7237.700	1.3880
7238.600	1.4121
7239.500	1.3824
7240.400	1.3487
7241.300	1.4304
7242.200	1.4782
7243.100	1.3887
7244.000	1.2901
7244.900	1.2579
7245.800	1.2761
7246.700	1.3351
7247.600	1.3921
7248.500	1.4161
7249.400	1.3903
7250.300	1.3593
7251.200	1.3279
7252.100	1.2750
7253.000	1.2899
7253.900	1.3763
7254.800	1.4334
7255.700	1.4529
7256.600	1.4558
7257.500	1.4205
7258.400	1.4126
7259.300	1.4320
7260.200	1.3626
7261.100	1.2464
7262.000	1.2787
7262.900	1.4069
7263.800	1.4492
7264.700	1.4104
7265.600	1.4051
7266.500	1.4688
7267.400	1.4911
7268.300	1.4631
7269.200	1.4184
7270.100	1.3867
7271.000	1.4069
7271.900	1.4053
7272.800	1.3876
7273.700	1.4349
7274.600	1.4594
7275.500	1.4359
7276.400	1.4011
7277.300	1.3439
7278.200	1.3504
7279.100	1.3898
7280.000	1.4080
7280.900	1.3806
7281.800	1.3271
7282.700	1.2975
7283.600	1.2992
7284.500	1.3307
7285.400	1.4010
7286.300	1.4290
7287.200	1.3697
7288.100	1.3459
7289.000	1.3630
7289.900	1.3279
7290.800	1.2530
7291.700	1.2431
7292.600	1.2692
7293.500	1.3273
7294.400	1.3626
7295.300	1.4095
7296.200	1.4755
7297.100	1.4581
7298.000	1.3995
7298.900	1.3468
7299.800	1.3198
7300.700	1.3693
7301.600	1.3903
7302.500	1.3355
7303.400	1.3159
7304.300	1.3682
7305.200	1.3992
7306.100	1.3815
7307.000	1.3571
7307.900	1.3217
7308.800	1.3367
7309.700	1.3741
7310.600	1.3564
7311.500	1.3302
7312.400	1.3438
7313.300	1.4018
7314.200	1.4313
7315.100	1.3900
7316.000	1.3586
7316.900	1.3270
7317.800	1.3121
7318.700	1.3762
7319.600	1.4485
7320.500	1.4435
7321.400	1.4619
7322.300	1.4446
7323.200	1.3692
7324.100	1.3380
7325.000	1.3312
7325.900	1.2916
7326.800	1.3389
7327.700	1.4193
7328.600	1.4445
7329.500	1.4249
7330.400	1.4049
7331.300	1.4027
7332.200	1.3802
7333.100	1.3586
7334.000	1.3622
7334.900	1.3795
7335.800	1.4221
7336.700	1.4516
7337.600	1.4414
7338.500	1.4173
7339.400	1.4134
7340.300	1.4323
7341.200	1.4513
7342.100	1.4633
7343.000	1.3946
7343.900	1.2776
7344.800	1.3017
7345.700	1.3952
7346.600	1.4325
7347.500	1.4660
7348.400	1.4508
7349.300	1.3854
7350.200	1.3376
7351.100	1.3512
7352.000	1.3872
7352.900	1.3861
7353.800	1.3552
7354.700	1.2821
7355.600	1.2034
7356.500	1.2064
7357.400	1.2814
7358.300	1.3962
7359.200	1.4350
7360.100	1.3908
7361.000	1.3055
7361.900	1.2337
7362.800	1.2238
7363.700	1.2380
7364.600	1.2860
7365.500	1.2953
7366.400	1.3035
7367.300	1.3436
7368.200	1.3222
7369.100	1.2949
7370.000	1.3417
7370.900	1.3753
7371.800	1.3727
7372.700	1.3632
7373.600	1.3526
7374.500	1.3500
7375.400	1.3350
7376.300	1.3180
7377.200	1.3267
7378.100	1.3649
7379.000	1.3885
7379.900	1.3643
7380.800	1.3071
7381.700	1.2414
7382.600	1.2242
7383.500	1.2489
7384.400	1.2410
7385.300	1.2135
7386.200	1.2241
7387.100	1.2463
7388.000	1.2218
7388.900	1.1647
7389.800	1.1790
7390.700	1.2255
7391.600	1.2573
7392.500	1.2397
7393.400	1.2500
7394.300	1.3120
7395.200	1.3281
7396.100	1.3096
7397.000	1.2918
7397.900	1.2911
7398.800	1.2589
7399.700	1.2197
7400.600	1.2370
7401.500	1.2971
7402.400	1.3657
7403.300	1.4076
7404.200	1.4050
7405.100	1.3742
7406.000	1.3799
7406.900	1.3933
7407.800	1.3565
7408.700	1.3188
7409.600	1.3175
7410.500	1.3337
7411.400	1.3829
7412.300	1.3852
7413.200	0.0017
7414.100	0.0000
7415.000	0.0000
7415.900	0.0000
7416.800	0.0000
7417.700	0.0000
7418.600	0.0000
7419.500	0.0000
7420.400	0.0000
7421.300	0.0000
7422.200	0.0000
7423.100	0.0000
7424.000	0.0000
7424.900	0.0000
7425.800	0.0000
7426.700	0.0000
7427.600	0.0000
7428.500	0.0000
