3500.0000 0
3500.9000 0
3501.8000 0
3502.7000 0
3503.6000 0
3504.5000 0
3505.4000 0
3506.3000 0
3507.2000 0
3508.1000 0
3509.0000 0
3509.9000 0
3510.8000 0
3511.7000 0
3512.6000 0
3513.5000 0
3514.4000 0
3515.3000 0
3516.2000 0
3517.1000 0
3518.0000 0
3518.9000 0
3519.8000 0
3520.7000 0
3521.6000 0
3522.5000 0
3523.4000 0
3524.3000 0
3525.2000 0
3526.1000 0
3527.0000 0
3527.9000 0
3528.8000 0
3529.7000 0
3530.6000 0
3531.5000 0
3532.4000 0
3533.3000 0
3534.2000 0
3535.1000 0
3536.0000 0.05238743
3536.9000 0.05116402
3537.8000 0.05237987
3538.7000 0.05689788
3539.6000 0.0579719
3540.5000 0.05483983
3541.4000 0.05365952
3542.3000 0.05503862
3543.2000 0.05583788
3544.1000 0.05752704
3545.0000 0.05817164
3545.9000 0.05463894
3546.8000 0.04846102
3547.7000 0.04251884
3548.6000 0.04306735
3549.5000 0.04991558
3550.4000 0.05524629
3551.3000 0.05619024
3552.2000 0.04981423
3553.1000 0.04049779
3554.0000 0.04325444
3554.9000 0.05392705
3555.8000 0.05772642
3556.7000 0.0590906
3557.6000 0.05495703
3558.5000 0.04663468
3559.4000 0.04527745
3560.3000 0.04494371
3561.2000 0.04597137
3562.1000 0.05129235
3563.0000 0.05291482
3563.9000 0.04320448
3564.8000 0.03305694
3565.7000 0.03280263
3566.6000 0.03516639
3567.5000 0.03499567
3568.4000 0.03237609
3569.3000 0.02510328
3570.2000 0.02226971
3571.1000 0.02576999
3572.0000 0.02549199
3572.9000 0.03110149
3573.8000 0.04023552
3574.7000 0.0420471
3575.6000 0.04122526
3576.5000 0.03624662
3577.4000 0.0303491
3578.3000 0.02712782
3579.2000 0.02319374
3580.1000 0.02139156
3581.0000 0.01979969
3581.9000 0.01815124
3582.8000 0.02069773
3583.7000 0.02398993
3584.6000 0.02545572
3585.5000 0.02697673
3586.4000 0.02346596
3587.3000 0.01820337
3588.2000 0.02460425
3589.1000 0.0359614
3590.0000 0.04407956
3590.9000 0.04930362
3591.8000 0.04208721
3592.7000 0.02694229
3593.6000 0.020616
3594.5000 0.0248278
3595.4000 0.03255975
3596.3000 0.04503074
3597.2000 0.05068665
3598.1000 0.05146547
3599.0000 0.05870312
3599.9000 0.05795443
3600.8000 0.05389417
3601.7000 0.04574039
3602.6000 0.03743852
3603.5000 0.03328024
3604.4000 0.02665146
3605.3000 0.02355084
3606.2000 0.02796839
3607.1000 0.03164609
3608.0000 0.02774574
3608.9000 0.02287528
3609.8000 0.02263436
3610.7000 0.02896462
3611.6000 0.04128034
3612.5000 0.04600119
3613.4000 0.04518503
3614.3000 0.05301765
3615.2000 0.05331566
3616.1000 0.05144019
3617.0000 0.04981875
3617.9000 0.04073172
3618.8000 0.02948767
3619.7000 0.02517355
3620.6000 0.03814706
3621.5000 0.05205689
3622.4000 0.05494671
3623.3000 0.05139637
3624.2000 0.05052768
3625.1000 0.05930335
3626.0000 0.06558244
3626.9000 0.06714598
3627.8000 0.06494283
3628.7000 0.06080908
3629.6000 0.05416181
3630.5000 0.03834494
3631.4000 0.02608892
3632.3000 0.02775875
3633.2000 0.03809317
3634.1000 0.04222078
3635.0000 0.04045649
3635.9000 0.04705973
3636.8000 0.05726497
3637.7000 0.06109938
3638.6000 0.06373312
3639.5000 0.06773318
3640.4000 0.06477355
3641.3000 0.05864123
3642.2000 0.05647877
3643.1000 0.05218991
3644.0000 0.04966422
3644.9000 0.05027125
3645.8000 0.05127927
3646.7000 0.04672012
3647.6000 0.03848362
3648.5000 0.03805676
3649.4000 0.04504005
3650.3000 0.05273947
3651.2000 0.05576809
3652.1000 0.05346242
3653.0000 0.05568841
3653.9000 0.06096602
3654.8000 0.06393126
3655.7000 0.06885601
3656.6000 0.0724845
3657.5000 0.0727703
3658.4000 0.07972006
3659.3000 0.08531626
3660.2000 0.08196487
3661.1000 0.07719007
3662.0000 0.07261785
3662.9000 0.06885356
3663.8000 0.06992289
3664.7000 0.07303023
3665.6000 0.07629748
3666.5000 0.07318881
3667.4000 0.06816757
3668.3000 0.0641529
3669.2000 0.05933291
3670.1000 0.05864968
3671.0000 0.06255084
3671.9000 0.07038798
3672.8000 0.07247323
3673.7000 0.06878369
3674.6000 0.06929975
3675.5000 0.07141949
3676.4000 0.07024852
3677.3000 0.06728054
3678.2000 0.06086776
3679.1000 0.05169586
3680.0000 0.04910094
3680.9000 0.05815794
3681.8000 0.06563054
3682.7000 0.06467434
3683.6000 0.06335728
3684.5000 0.06289227
3685.4000 0.05696041
3686.3000 0.04607776
3687.2000 0.03636865
3688.1000 0.03952355
3689.0000 0.05396446
3689.9000 0.06595621
3690.8000 0.07348867
3691.7000 0.07905132
3692.6000 0.07430251
3693.5000 0.06245181
3694.4000 0.05499514
3695.3000 0.05819437
3696.2000 0.06358969
3697.1000 0.06632336
3698.0000 0.07479945
3698.9000 0.08521659
3699.8000 0.08148489
3700.7000 0.07334577
3701.6000 0.07065859
3702.5000 0.06579228
3703.4000 0.05651443
3704.3000 0.04330555
3705.2000 0.03510839
3706.1000 0.03707343
3707.0000 0.04035272
3707.9000 0.0388518
3708.8000 0.03461381
3709.7000 0.04077158
3710.6000 0.05585436
3711.5000 0.06852861
3712.4000 0.07565153
3713.3000 0.07674397
3714.2000 0.07465341
3715.1000 0.06985578
3716.0000 0.06280305
3716.9000 0.05597621
3717.8000 0.04615143
3718.7000 0.03182323
3719.6000 0.02145542
3720.5000 0.02459555
3721.4000 0.02996101
3722.3000 0.03372222
3723.2000 0.03925165
3724.1000 0.04817273
3725.0000 0.05501667
3725.9000 0.05471796
3726.8000 0.04338162
3727.7000 0.03699478
3728.6000 0.04542902
3729.5000 0.05016739
3730.4000 0.04705555
3731.3000 0.03821883
3732.2000 0.0345906
3733.1000 0.03066744
3734.0000 0.02537136
3734.9000 0.02351283
3735.8000 0.02184783
3736.7000 0.02351101
3737.6000 0.02922707
3738.5000 0.03876566
3739.4000 0.04242279
3740.3000 0.04634123
3741.2000 0.0495581
3742.1000 0.04396291
3743.0000 0.03654309
3743.9000 0.0313205
3744.8000 0.0272603
3745.7000 0.0252606
3746.6000 0.02815611
3747.5000 0.02858678
3748.4000 0.02570298
3749.3000 0.02552843
3750.2000 0.03138779
3751.1000 0.04021912
3752.0000 0.04441084
3752.9000 0.04653589
3753.8000 0.05542659
3754.7000 0.0639639
3755.6000 0.06031336
3756.5000 0.04918945
3757.4000 0.03827526
3758.3000 0.03220026
3759.2000 0.03549924
3760.1000 0.04165025
3761.0000 0.04750821
3761.9000 0.04942035
3762.8000 0.04587863
3763.7000 0.04286484
3764.6000 0.04664293
3765.5000 0.0493201
3766.4000 0.04501241
3767.3000 0.04670488
3768.2000 0.05878747
3769.1000 0.07010526
3770.0000 0.07646701
3770.9000 0.0745676
3771.8000 0.07578199
3772.7000 0.08359572
3773.6000 0.08355721
3774.5000 0.07385645
3775.4000 0.06735819
3776.3000 0.06617111
3777.2000 0.06597049
3778.1000 0.06828176
3779.0000 0.07467918
3779.9000 0.07899738
3780.8000 0.07755473
3781.7000 0.07978086
3782.6000 0.08349723
3783.5000 0.08498582
3784.4000 0.08126143
3785.3000 0.07019473
3786.2000 0.0566841
3787.1000 0.04526372
3788.0000 0.0411275
3788.9000 0.0428265
3789.8000 0.04786305
3790.7000 0.05606484
3791.6000 0.06083579
3792.5000 0.06109797
3793.4000 0.05775955
3794.3000 0.0505553
3795.2000 0.04794921
3796.1000 0.05314308
3797.0000 0.05265645
3797.9000 0.0420954
3798.8000 0.03633894
3799.7000 0.04134891
3800.6000 0.05451102
3801.5000 0.0667209
3802.4000 0.07065164
3803.3000 0.07024337
3804.2000 0.07162085
3805.1000 0.07336357
3806.0000 0.06883103
3806.9000 0.06088142
3807.8000 0.06073352
3808.7000 0.0671696
3809.6000 0.07328022
3810.5000 0.07125135
3811.4000 0.06707764
3812.3000 0.06213108
3813.2000 0.05738401
3814.1000 0.05341997
3815.0000 0.04718366
3815.9000 0.04389491
3816.8000 0.04675538
3817.7000 0.04716688
3818.6000 0.04070541
3819.5000 0.03149419
3820.4000 0.02626464
3821.3000 0.02930498
3822.2000 0.03936201
3823.1000 0.04117317
3824.0000 0.03423846
3824.9000 0.0302246
3825.8000 0.03006249
3826.7000 0.03231116
3827.6000 0.03526786
3828.5000 0.03927209
3829.4000 0.0458554
3830.3000 0.05134094
3831.2000 0.0474632
3832.1000 0.04190072
3833.0000 0.03866056
3833.9000 0.03588791
3834.8000 0.03976789
3835.7000 0.05047438
3836.6000 0.05749526
3837.5000 0.05472853
3838.4000 0.04869811
3839.3000 0.042529
3840.2000 0.03681709
3841.1000 0.03928176
3842.0000 0.04864632
3842.9000 0.05825337
3843.8000 0.06397471
3844.7000 0.06598024
3845.6000 0.06596699
3846.5000 0.06506975
3847.4000 0.06271879
3848.3000 0.05673857
3849.2000 0.0475821
3850.1000 0.04364301
3851.0000 0.05247062
3851.9000 0.06278998
3852.8000 0.06616794
3853.7000 0.06701044
3854.6000 0.06185979
3855.5000 0.04980646
3856.4000 0.04546415
3857.3000 0.04844522
3858.2000 0.04570722
3859.1000 0.03842407
3860.0000 0.03423348
3860.9000 0.04268843
3861.8000 0.05584312
3862.7000 0.06070691
3863.6000 0.05866759
3864.5000 0.05290299
3865.4000 0.05048566
3866.3000 0.05525667
3867.2000 0.06204309
3868.1000 0.06397337
3869.0000 0.06248013
3869.9000 0.06241442
3870.8000 0.06013571
3871.7000 0.05525923
3872.6000 0.05047962
3873.5000 0.05174328
3874.4000 0.05433846
3875.3000 0.05599696
3876.2000 0.05590738
3877.1000 0.04835509
3878.0000 0.04300673
3878.9000 0.04897196
3879.8000 0.06241218
3880.7000 0.06488843
3881.6000 0.05621761
3882.5000 0.05453313
3883.4000 0.06329264
3884.3000 0.0665227
3885.2000 0.0537324
3886.1000 0.04003385
3887.0000 0.03941382
3887.9000 0.04724925
3888.8000 0.05456399
3889.7000 0.06217397
3890.6000 0.07004032
3891.5000 0.07591151
3892.4000 0.08078826
3893.3000 0.07969929
3894.2000 0.07353589
3895.1000 0.06764044
3896.0000 0.06829351
3896.9000 0.07232023
3897.8000 0.06957747
3898.7000 0.06169669
3899.6000 0.0588029
3900.5000 0.06786256
3901.4000 0.07880085
3902.3000 0.0758853
3903.2000 0.06999282
3904.1000 0.07371183
3905.0000 0.07298256
3905.9000 0.06498808
3906.8000 0.06330474
3907.7000 0.07280902
3908.6000 0.08388532
3909.5000 0.08730325
3910.4000 0.08401506
3911.3000 0.08063135
3912.2000 0.08048924
3913.1000 0.08234963
3914.0000 0.08384123
3914.9000 0.08333585
3915.8000 0.0776357
3916.7000 0.07282153
3917.6000 0.07342167
3918.5000 0.07179885
3919.4000 0.06431956
3920.3000 0.05515653
3921.2000 0.05140294
3922.1000 0.05238309
3923.0000 0.05498406
3923.9000 0.0560258
3924.8000 0.05660244
3925.7000 0.05564452
3926.6000 0.05261778
3927.5000 0.0468816
3928.4000 0.03955624
3929.3000 0.03402828
3930.2000 0.03001438
3931.1000 0.02463851
3932.0000 0.02012464
3932.9000 0.02244286
3933.8000 0.02421981
3934.7000 0.0227755
3935.6000 0.02316566
3936.5000 0.02747953
3937.4000 0.0339982
3938.3000 0.04162359
3939.2000 0.04770897
3940.1000 0.05039479
3941.0000 0.04988578
3941.9000 0.04847034
3942.8000 0.04701506
3943.7000 0.04168363
3944.6000 0.04254622
3945.5000 0.0568586
3946.4000 0.07020681
3947.3000 0.07138053
3948.2000 0.06629245
3949.1000 0.06969039
3950.0000 0.08020489
3950.9000 0.0866977
3951.8000 0.08559235
3952.7000 0.0844589
3953.6000 0.09030637
3954.5000 0.09671913
3955.4000 0.09084249
3956.3000 0.07764655
3957.2000 0.07050639
3958.1000 0.06875925
3959.0000 0.06827278
3959.9000 0.0622142
3960.8000 0.04710283
3961.7000 0.03465614
3962.6000 0.03647314
3963.5000 0.04262623
3964.4000 0.04502157
3965.3000 0.04219085
3966.2000 0.03409414
3967.1000 0.02639075
3968.0000 0.02414878
3968.9000 0.02683961
3969.8000 0.03194878
3970.7000 0.0359596
3971.6000 0.04232543
3972.5000 0.05139502
3973.4000 0.05829749
3974.3000 0.06316852
3975.2000 0.07268784
3976.1000 0.08038229
3977.0000 0.08424482
3977.9000 0.08929906
3978.8000 0.09479657
3979.7000 0.0998878
3980.6000 0.10147627
3981.5000 0.09699276
3982.4000 0.09741686
3983.3000 0.10497867
3984.2000 0.10978199
3985.1000 0.11708728
3986.0000 0.12497926
3986.9000 0.12713885
3987.8000 0.12946558
3988.7000 0.12220696
3989.6000 0.10881142
3990.5000 0.11021545
3991.4000 0.12109677
3992.3000 0.12981445
3993.2000 0.135704
3994.1000 0.13593574
3995.0000 0.13215666
3995.9000 0.12862934
3996.8000 0.12306082
3997.7000 0.11578374
3998.6000 0.11722797
3999.5000 0.13349834
4000.4000 0.14904013
4001.3000 0.15615891
4002.2000 0.16068764
4003.1000 0.15973136
4004.0000 0.14703134
4004.9000 0.12658642
4005.8000 0.11940899
4006.7000 0.13163552
4007.6000 0.14382505
4008.5000 0.14890248
4009.4000 0.15225786
4010.3000 0.15402214
4011.2000 0.1521129
4012.1000 0.151241
4013.0000 0.15816048
4013.9000 0.16712391
4014.8000 0.17661552
4015.7000 0.18779989
4016.6000 0.18482281
4017.5000 0.17360307
4018.4000 0.17590867
4019.3000 0.18367362
4020.2000 0.1768277
4021.1000 0.1661389
4022.0000 0.16294414
4022.9000 0.15701717
4023.8000 0.14551674
4024.7000 0.14363904
4025.6000 0.1586048
4026.5000 0.17453204
4027.4000 0.18734209
4028.3000 0.19485372
4029.2000 0.17933232
4030.1000 0.14017089
4031.0000 0.11175632
4031.9000 0.10513049
4032.8000 0.10026666
4033.7000 0.097348
4034.6000 0.10939342
4035.5000 0.14134111
4036.4000 0.17762341
4037.3000 0.20108104
4038.2000 0.20574522
4039.1000 0.19778569
4040.0000 0.18658586
4040.9000 0.17795178
4041.8000 0.17740215
4042.7000 0.17461698
4043.6000 0.15333223
4044.5000 0.1192897
4045.4000 0.09383509
4046.3000 0.09675803
4047.2000 0.12624262
4048.1000 0.15838358
4049.0000 0.17924049
4049.9000 0.1929867
4050.8000 0.20261173
4051.7000 0.2069207
4052.6000 0.20531501
4053.5000 0.19315684
4054.4000 0.17697865
4055.3000 0.17284714
4056.2000 0.17544773
4057.1000 0.16439049
4058.0000 0.15348208
4058.9000 0.16092257
4059.8000 0.17984031
4060.7000 0.18961118
4061.6000 0.17611566
4062.5000 0.139929
4063.4000 0.10914973
4064.3000 0.11791527
4065.2000 0.15276399
4066.1000 0.17546824
4067.0000 0.17696355
4067.9000 0.17767608
4068.8000 0.193653
4069.7000 0.20413874
4070.6000 0.17801103
4071.5000 0.1428009
4072.4000 0.14625308
4073.3000 0.1811879
4074.2000 0.20287798
4075.1000 0.1875298
4076.0000 0.15488745
4076.9000 0.12800491
4077.8000 0.12295531
4078.7000 0.14670236
4079.6000 0.18493186
4080.5000 0.22421651
4081.4000 0.23982289
4082.3000 0.2223295
4083.2000 0.20464954
4084.1000 0.20528162
4085.0000 0.20734575
4085.9000 0.21094491
4086.8000 0.22507358
4087.7000 0.25125149
4088.6000 0.27281073
4089.5000 0.27040374
4090.4000 0.25259879
4091.3000 0.23670729
4092.2000 0.22244266
4093.1000 0.22643156
4094.0000 0.23933889
4094.9000 0.21910629
4095.8000 0.18218537
4096.7000 0.16850159
4097.6000 0.17496105
4098.5000 0.17943388
4099.4000 0.17032015
4100.3000 0.15099078
4101.2000 0.14326373
4102.1000 0.1587619
4103.0000 0.17780906
4103.9000 0.18645115
4104.8000 0.19867596
4105.7000 0.22138025
4106.6000 0.23681107
4107.5000 0.23417024
4108.4000 0.22633412
4109.3000 0.2139238
4110.2000 0.19272764
4111.1000 0.17430346
4112.0000 0.16887215
4112.9000 0.18168481
4113.8000 0.20165193
4114.7000 0.20381649
4115.6000 0.19522235
4116.5000 0.19591908
4117.4000 0.19571522
4118.3000 0.18133374
4119.2000 0.17510377
4120.1000 0.18760188
4121.0000 0.19584164
4121.9000 0.19267927
4122.8000 0.19026811
4123.7000 0.2032616
4124.6000 0.23047577
4125.5000 0.24741501
4126.4000 0.241244
4127.3000 0.219466
4128.2000 0.20048319
4129.1000 0.18874542
4130.0000 0.17904747
4130.9000 0.16685912
4131.8000 0.15387417
4132.7000 0.1517569
4133.6000 0.16043696
4134.5000 0.17549729
4135.4000 0.19570616
4136.3000 0.20591713
4137.2000 0.20532921
4138.1000 0.20699334
4139.0000 0.2061916
4139.9000 0.20433955
4140.8000 0.20290785
4141.7000 0.17930554
4142.6000 0.13440061
4143.5000 0.1096274
4144.4000 0.12909393
4145.3000 0.16919985
4146.2000 0.19580017
4147.1000 0.20553717
4148.0000 0.20256126
4148.9000 0.19092613
4149.8000 0.18184415
4150.7000 0.18100671
4151.6000 0.18110088
4152.5000 0.18040578
4153.4000 0.18656357
4154.3000 0.19573118
4155.2000 0.19742556
4156.1000 0.1952946
4157.0000 0.2064295
4157.9000 0.22945984
4158.8000 0.23848979
4159.7000 0.23225494
4160.6000 0.22755587
4161.5000 0.23373038
4162.4000 0.25141287
4163.3000 0.25293815
4164.2000 0.22414818
4165.1000 0.2007039
4166.0000 0.19973829
4166.9000 0.19721951
4167.8000 0.18792458
4168.7000 0.19148533
4169.6000 0.20525591
4170.5000 0.21022813
4171.4000 0.1870978
4172.3000 0.15227023
4173.2000 0.14332949
4174.1000 0.15586266
4175.0000 0.17378902
4175.9000 0.18987383
4176.8000 0.19456233
4177.7000 0.19589852
4178.6000 0.21117312
4179.5000 0.23031373
4180.4000 0.22969493
4181.3000 0.21231224
4182.2000 0.20292816
4183.1000 0.21383303
4184.0000 0.2343504
4184.9000 0.25044617
4185.8000 0.24721393
4186.7000 0.2190596
4187.6000 0.20221013
4188.5000 0.21906537
4189.4000 0.23124106
4190.3000 0.21539563
4191.2000 0.20233202
4192.1000 0.22365895
4193.0000 0.25333324
4193.9000 0.25240147
4194.8000 0.2310801
4195.7000 0.21146175
4196.6000 0.19887891
4197.5000 0.18893279
4198.4000 0.17810802
4199.3000 0.1743373
4200.2000 0.17585243
4201.1000 0.16879508
4202.0000 0.16553469
4202.9000 0.18265504
4203.8000 0.19893616
4204.7000 0.20286509
4205.6000 0.21094353
4206.5000 0.22761799
4207.4000 0.24321516
4208.3000 0.25532654
4209.2000 0.25416002
4210.1000 0.24164496
4211.0000 0.23862533
4211.9000 0.24223033
4212.8000 0.23808561
4213.7000 0.21710142
4214.6000 0.18491687
4215.5000 0.17286845
4216.4000 0.20001481
4217.3000 0.23483741
4218.2000 0.24742301
4219.1000 0.24992906
4220.0000 0.24786979
4220.9000 0.2361351
4221.8000 0.21144272
4222.7000 0.17669947
4223.6000 0.13951597
4224.5000 0.10622158
4225.4000 0.07637563
4226.3000 0.0544171
4227.2000 0.05300917
4228.1000 0.07407735
4229.0000 0.10546282
4229.9000 0.14341888
4230.8000 0.18390945
4231.7000 0.1996289
4232.6000 0.1892093
4233.5000 0.18644109
4234.4000 0.19875364
4235.3000 0.20711549
4236.2000 0.2097268
4237.1000 0.22137025
4238.0000 0.23790522
4238.9000 0.24312928
4239.8000 0.23921487
4240.7000 0.240279
4241.6000 0.2491508
4242.5000 0.26986265
4243.4000 0.31028917
4244.3000 0.34959608
4245.2000 0.35086885
4246.1000 0.31646052
4247.0000 0.28179204
4247.9000 0.27270952
4248.8000 0.27159816
4249.7000 0.24076691
4250.6000 0.19934717
4251.5000 0.19186141
4252.4000 0.19959074
4253.3000 0.18074495
4254.2000 0.15189469
4255.1000 0.16404083
4256.0000 0.21752656
4256.9000 0.26434645
4257.8000 0.26868686
4258.7000 0.24255845
4259.6000 0.21638288
4260.5000 0.20372768
4261.4000 0.21943161
4262.3000 0.25895816
4263.2000 0.30208793
4264.1000 0.33276495
4265.0000 0.34696841
4265.9000 0.34400278
4266.8000 0.32398376
4267.7000 0.296179
4268.6000 0.274454
4269.5000 0.25321582
4270.4000 0.21070571
4271.3000 0.16046934
4272.2000 0.14617096
4273.1000 0.1607953
4274.0000 0.15977755
4274.9000 0.15467089
4275.8000 0.18822058
4276.7000 0.24237333
4277.6000 0.29056841
4278.5000 0.32013434
4279.4000 0.3092429
4280.3000 0.27607724
4281.2000 0.26065472
4282.1000 0.2589936
4283.0000 0.26145262
4283.9000 0.27333155
4284.8000 0.27350947
4285.7000 0.2614105
4286.6000 0.25461489
4287.5000 0.24213591
4288.4000 0.20757571
4289.3000 0.16324359
4290.2000 0.14355135
4291.1000 0.16758221
4292.0000 0.22177821
4292.9000 0.26479799
4293.8000 0.26447272
4294.7000 0.25627816
4295.6000 0.27401116
4296.5000 0.29070809
4297.4000 0.28136203
4298.3000 0.24150226
4299.2000 0.1941883
4300.1000 0.1811969
4301.0000 0.19988574
4301.9000 0.21538313
4302.8000 0.22551355
4303.7000 0.24394633
4304.6000 0.24609771
4305.5000 0.21725243
4306.4000 0.18094978
4307.3000 0.15564536
4308.2000 0.14994307
4309.1000 0.17444827
4310.0000 0.22382693
4310.9000 0.27839124
4311.8000 0.31338412
4312.7000 0.31911871
4313.6000 0.30096263
4314.5000 0.29210523
4315.4000 0.34065789
4316.3000 0.41454491
4317.2000 0.43982834
4318.1000 0.41727757
4319.0000 0.39081296
4319.9000 0.36973622
4320.8000 0.34917113
4321.7000 0.34917271
4322.6000 0.35333627
4323.5000 0.32407212
4324.4000 0.26115161
4325.3000 0.20054524
4326.2000 0.20223449
4327.1000 0.28244415
4328.0000 0.37894425
4328.9000 0.42011687
4329.8000 0.3994951
4330.7000 0.37788329
4331.6000 0.38959107
4332.5000 0.41366452
4333.4000 0.43701535
4334.3000 0.46288866
4335.2000 0.48029098
4336.1000 0.44222388
4337.0000 0.3537066
4337.9000 0.29985482
4338.8000 0.30002797
4339.7000 0.29491547
4340.6000 0.29148576
4341.5000 0.33324483
4342.4000 0.38287228
4343.3000 0.38974205
4344.2000 0.38477477
4345.1000 0.40298587
4346.0000 0.40718758
4346.9000 0.39574093
4347.8000 0.42454666
4348.7000 0.47928917
4349.6000 0.48120791
4350.5000 0.40061828
4351.4000 0.31350473
4352.3000 0.30135098
4353.2000 0.34124503
4354.1000 0.37880963
4355.0000 0.404053
4355.9000 0.43148822
4356.8000 0.45771909
4357.7000 0.44814301
4358.6000 0.4019745
4359.5000 0.3699829
4360.4000 0.3790606
4361.3000 0.41303107
4362.2000 0.44170097
4363.1000 0.45377296
4364.0000 0.47116596
4364.9000 0.49046388
4365.8000 0.48247784
4366.7000 0.44209239
4367.6000 0.39295441
4368.5000 0.37941033
4369.4000 0.4065077
4370.3000 0.42926916
4371.2000 0.43403122
4372.1000 0.42781395
4373.0000 0.39752215
4373.9000 0.3521674
4374.8000 0.31749758
4375.7000 0.32615793
4376.6000 0.38651553
4377.5000 0.4436737
4378.4000 0.44853941
4379.3000 0.41201615
4380.2000 0.37566969
4381.1000 0.34594867
4382.0000 0.28955442
4382.9000 0.20918399
4383.8000 0.16683593
4384.7000 0.20443973
4385.6000 0.29438794
4386.5000 0.36264119
4387.4000 0.37575614
4388.3000 0.36768395
4389.2000 0.35711774
4390.1000 0.34656146
4391.0000 0.35339537
4391.9000 0.37932369
4392.8000 0.39537698
4393.7000 0.37982813
4394.6000 0.35746753
4395.5000 0.38591555
4396.4000 0.46082377
4397.3000 0.50212198
4398.2000 0.48229703
4399.1000 0.43712705
4400.0000 0.39295977
4400.9000 0.38772711
4401.8000 0.426963
4402.7000 0.42057171
4403.6000 0.32369545
4404.5000 0.22903456
4405.4000 0.22245604
4406.3000 0.26920533
4407.2000 0.29062665
4408.1000 0.29338059
4409.0000 0.34149969
4409.9000 0.42300034
4410.8000 0.46988985
4411.7000 0.47782698
4412.6000 0.4741621
4413.5000 0.43172166
4414.4000 0.35115966
4415.3000 0.30959913
4416.2000 0.34114814
4417.1000 0.40520164
4418.0000 0.4661541
4418.9000 0.49887818
4419.8000 0.49066159
4420.7000 0.45476851
4421.6000 0.40688407
4422.5000 0.38127765
4423.4000 0.40464571
4424.3000 0.43932533
4425.2000 0.44304779
4426.1000 0.42786604
4427.0000 0.42240298
4427.9000 0.43957728
4428.8000 0.44213066
4429.7000 0.40624076
4430.6000 0.40292948
4431.5000 0.45686483
4432.4000 0.48225355
4433.3000 0.43594992
4434.2000 0.36266583
4435.1000 0.32182765
4436.0000 0.35020632
4436.9000 0.42265975
4437.8000 0.49131626
4438.7000 0.54372078
4439.6000 0.55170768
4440.5000 0.49756488
4441.4000 0.4242036
4442.3000 0.38331324
4443.2000 0.3907429
4444.1000 0.4405874
4445.0000 0.51185364
4445.9000 0.54981661
4446.8000 0.5368672
4447.7000 0.53434384
4448.6000 0.53679949
4449.5000 0.50052875
4450.4000 0.48614624
4451.3000 0.51189739
4452.2000 0.50605249
4453.1000 0.46511242
4454.0000 0.4216187
4454.9000 0.3865298
4455.8000 0.38713309
4456.7000 0.41012076
4457.6000 0.41664121
4458.5000 0.4008165
4459.4000 0.38090616
4460.3000 0.36638597
4461.2000 0.34733009
4462.1000 0.36499768
4463.0000 0.4472644
4463.9000 0.50213897
4464.8000 0.47780225
4465.7000 0.44840258
4466.6000 0.45571667
4467.5000 0.46510905
4468.4000 0.44896361
4469.3000 0.43955764
4470.2000 0.45597193
4471.1000 0.47269404
4472.0000 0.49707693
4472.9000 0.53471178
4473.8000 0.54433846
4474.7000 0.52228051
4475.6000 0.53020251
4476.5000 0.57680756
4477.4000 0.61336142
4478.3000 0.60455608
4479.2000 0.55295873
4480.1000 0.49123675
4481.0000 0.45410252
4481.9000 0.45070955
4482.8000 0.49692973
4483.7000 0.56782889
4484.6000 0.61527324
4485.5000 0.64391243
4486.4000 0.64259917
4487.3000 0.59674448
4488.2000 0.53198779
4489.1000 0.47767314
4490.0000 0.46921334
4490.9000 0.51407611
4491.8000 0.56377941
4492.7000 0.57228017
4493.6000 0.51996636
4494.5000 0.44678542
4495.4000 0.41675407
4496.3000 0.43526039
4497.2000 0.49270713
4498.1000 0.56570566
4499.0000 0.61201096
4499.9000 0.60797602
4500.8000 0.56190819
4501.7000 0.55118811
4502.6000 0.62264973
4503.5000 0.69785613
4504.4000 0.70192313
4505.3000 0.64851409
4506.2000 0.58981574
4507.1000 0.57094151
4508.0000 0.59449714
4508.9000 0.62596488
4509.8000 0.63961548
4510.7000 0.62660217
4511.6000 0.59116995
4512.5000 0.55716521
4513.4000 0.54589188
4514.3000 0.55787998
4515.2000 0.58127815
4516.1000 0.5978632
4517.0000 0.57964927
4517.9000 0.5465942
4518.8000 0.55847812
4519.7000 0.6109395
4520.6000 0.6577217
4521.5000 0.64849645
4522.4000 0.58121598
4523.3000 0.54393023
4524.2000 0.5561257
4525.1000 0.54256779
4526.0000 0.48880449
4526.9000 0.43563497
4527.8000 0.40444711
4528.7000 0.40744433
4529.6000 0.43694103
4530.5000 0.46205872
4531.4000 0.48993927
4532.3000 0.51303625
4533.2000 0.48732409
4534.1000 0.4286384
4535.0000 0.3963699
4535.9000 0.45414105
4536.8000 0.57567698
4537.7000 0.64166242
4538.6000 0.61858004
4539.5000 0.55702394
4540.4000 0.50651604
4541.3000 0.511087
4542.2000 0.56527913
4543.1000 0.60081393
4544.0000 0.57159412
4544.9000 0.53313899
4545.8000 0.545178
4546.7000 0.57826728
4547.6000 0.58355117
4548.5000 0.55814743
4549.4000 0.55986029
4550.3000 0.60649329
4551.2000 0.61598784
4552.1000 0.56678736
4553.0000 0.52369976
4553.9000 0.50445956
4554.8000 0.51029021
4555.7000 0.56592816
4556.6000 0.64482355
4557.5000 0.69583005
4558.4000 0.71095395
4559.3000 0.6926192
4560.2000 0.6624558
4561.1000 0.66766059
4562.0000 0.67083931
4562.9000 0.62471753
4563.8000 0.57672197
4564.7000 0.56624746
4565.6000 0.59928221
4566.5000 0.67440814
4567.4000 0.74173725
4568.3000 0.74670827
4569.2000 0.71016026
4570.1000 0.64497983
4571.0000 0.56879777
4571.9000 0.57335091
4572.8000 0.66135973
4573.7000 0.7037136
4574.6000 0.67028266
4575.5000 0.65571374
4576.4000 0.67293113
4577.3000 0.66969144
4578.2000 0.6287775
4579.1000 0.56977725
4580.0000 0.54361874
4580.9000 0.57934743
4581.8000 0.64525336
4582.7000 0.67762244
4583.6000 0.6549015
4584.5000 0.61882812
4585.4000 0.58938402
4586.3000 0.58808869
4587.2000 0.64009732
4588.1000 0.6978488
4589.0000 0.71543503
4589.9000 0.68645847
4590.8000 0.62898731
4591.7000 0.59325445
4592.6000 0.59296238
4593.5000 0.58140224
4594.4000 0.55921733
4595.3000 0.57340342
4596.2000 0.6064918
4597.1000 0.61610293
4598.0000 0.62311286
4598.9000 0.63774669
4599.8000 0.61934179
4600.7000 0.60071844
4601.6000 0.62203848
4602.5000 0.62937504
4603.4000 0.6173892
4604.3000 0.60361165
4605.2000 0.58217156
4606.1000 0.58674234
4607.0000 0.65272647
4607.9000 0.75283515
4608.8000 0.80211526
4609.7000 0.77731299
4610.6000 0.7327106
4611.5000 0.7053445
4612.4000 0.69423169
4613.3000 0.69634539
4614.2000 0.73121333
4615.1000 0.76380968
4616.0000 0.76857489
4616.9000 0.79352754
4617.8000 0.81107593
4618.7000 0.76084983
4619.6000 0.71872699
4620.5000 0.74896449
4621.4000 0.77341163
4622.3000 0.75505602
4623.2000 0.75453889
4624.1000 0.7595948
4625.0000 0.72673428
4625.9000 0.68852705
4626.8000 0.69268095
4627.7000 0.70823628
4628.6000 0.68874878
4629.5000 0.6809625
4630.4000 0.73067051
4631.3000 0.77006209
4632.2000 0.72877049
4633.1000 0.65946722
4634.0000 0.63995993
4634.9000 0.65450484
4635.8000 0.66440707
4636.7000 0.65344191
4637.6000 0.62839568
4638.5000 0.5958569
4639.4000 0.5487904
4640.3000 0.5425452
4641.2000 0.61198777
4642.1000 0.67210835
4643.0000 0.66433477
4643.9000 0.63223827
4644.8000 0.58878577
4645.7000 0.52383405
4646.6000 0.49595174
4647.5000 0.53162557
4648.4000 0.58477372
4649.3000 0.62591273
4650.2000 0.6557973
4651.1000 0.67239863
4652.0000 0.68423688
4652.9000 0.68787283
4653.8000 0.65715355
4654.7000 0.61514544
4655.6000 0.60255563
4656.5000 0.63265038
4657.4000 0.70367336
4658.3000 0.77857572
4659.2000 0.82464224
4660.1000 0.83206242
4661.0000 0.79196286
4661.9000 0.72323257
4662.8000 0.67412525
4663.7000 0.67317826
4664.6000 0.68733203
4665.5000 0.65676534
4666.4000 0.57462448
4667.3000 0.51112378
4668.2000 0.5244804
4669.1000 0.59017813
4670.0000 0.65337133
4670.9000 0.68632609
4671.8000 0.68559754
4672.7000 0.66871202
4673.6000 0.64338231
4674.5000 0.62792951
4675.4000 0.66210926
4676.3000 0.71401083
4677.2000 0.72266614
4678.1000 0.69798696
4679.0000 0.66336155
4679.9000 0.6262067
4680.8000 0.60013366
4681.7000 0.60638052
4682.6000 0.65098464
4683.5000 0.68862432
4684.4000 0.69152784
4685.3000 0.68510813
4686.2000 0.66591001
4687.1000 0.63746643
4688.0000 0.6429503
4688.9000 0.68032503
4689.8000 0.68733138
4690.7000 0.66300613
4691.6000 0.65853494
4692.5000 0.67288023
4693.4000 0.69242138
4694.3000 0.72826546
4695.2000 0.76928598
4696.1000 0.77853757
4697.0000 0.73069006
4697.9000 0.65075684
4698.8000 0.61900592
4699.7000 0.65269786
4700.6000 0.68216068
4701.5000 0.68313122
4702.4000 0.6755715
4703.3000 0.68605047
4704.2000 0.7122069
4705.1000 0.7122519
4706.0000 0.67965066
4706.9000 0.64841825
4707.8000 0.6381886
4708.7000 0.63501072
4709.6000 0.65180922
4710.5000 0.70862293
4711.4000 0.74289858
4712.3000 0.72463989
4713.2000 0.68015832
4714.1000 0.63058788
4715.0000 0.63087028
4715.9000 0.68532914
4716.8000 0.72826266
4717.7000 0.7463848
4718.6000 0.77189589
4719.5000 0.80089533
4720.4000 0.80851889
4721.3000 0.77804178
4722.2000 0.73224318
4723.1000 0.73644429
4724.0000 0.7928853
4724.9000 0.82932752
4725.8000 0.79598033
4726.7000 0.69337302
4727.6000 0.59357089
4728.5000 0.56721443
4729.4000 0.59787554
4730.3000 0.63217682
4731.2000 0.65621388
4732.1000 0.68309301
4733.0000 0.69089592
4733.9000 0.70530492
4734.8000 0.75408882
4735.7000 0.75708449
4736.6000 0.71673197
4737.5000 0.73608327
4738.4000 0.78901565
4739.3000 0.78874242
4740.2000 0.74746841
4741.1000 0.70457697
4742.0000 0.69407243
4742.9000 0.73124349
4743.8000 0.75510329
4744.7000 0.74110454
4745.6000 0.75447929
4746.5000 0.78291446
4747.4000 0.77809209
4748.3000 0.76984262
4749.2000 0.78391725
4750.1000 0.79474062
4751.0000 0.77265471
4751.9000 0.73990095
4752.8000 0.72655207
4753.7000 0.73003763
4754.6000 0.75010419
4755.5000 0.76155639
4756.4000 0.74497759
4757.3000 0.71711665
4758.2000 0.69579488
4759.1000 0.70279402
4760.0000 0.71791303
4760.9000 0.68858576
4761.8000 0.64283133
4762.7000 0.62819624
4763.6000 0.62229609
4764.5000 0.59859139
4765.4000 0.57009697
4766.3000 0.57251602
4767.2000 0.60696435
4768.1000 0.64355522
4769.0000 0.67114758
4769.9000 0.67728758
4770.8000 0.65226871
4771.7000 0.62836987
4772.6000 0.63937914
4773.5000 0.67736137
4774.4000 0.70566767
4775.3000 0.69868898
4776.2000 0.68307471
4777.1000 0.68660635
4778.0000 0.68353641
4778.9000 0.66898167
4779.8000 0.65793669
4780.7000 0.6398738
4781.6000 0.61228067
4782.5000 0.58574003
4783.4000 0.58210361
4784.3000 0.61681706
4785.2000 0.6412344
4786.1000 0.63185734
4787.0000 0.63602167
4787.9000 0.64827806
4788.8000 0.63576221
4789.7000 0.63245147
4790.6000 0.65133023
4791.5000 0.67147619
4792.4000 0.70847076
4793.3000 0.76267946
4794.2000 0.79884678
4795.1000 0.79434019
4796.0000 0.76182669
4796.9000 0.73231113
4797.8000 0.70641798
4798.7000 0.6741395
4799.6000 0.66695446
4800.5000 0.70574486
4801.4000 0.76634836
4802.3000 0.80674076
4803.2000 0.79792583
4804.1000 0.74143445
4805.0000 0.68459356
4805.9000 0.66252029
4806.8000 0.6477465
4807.7000 0.64022803
4808.6000 0.66600037
4809.5000 0.70406878
4810.4000 0.7141481
4811.3000 0.70259356
4812.2000 0.69949585
4813.1000 0.70419151
4814.0000 0.70029587
4814.9000 0.68824875
4815.8000 0.69712627
4816.7000 0.73655915
4817.6000 0.77366471
4818.5000 0.79069835
4819.4000 0.7905705
4820.3000 0.7783516
4821.2000 0.76295447
4822.1000 0.7226243
4823.0000 0.66628653
4823.9000 0.66742033
4824.8000 0.72622478
4825.7000 0.76529455
4826.6000 0.74918592
4827.5000 0.71210682
4828.4000 0.7083059
4829.3000 0.73746425
4830.2000 0.73613816
4831.1000 0.674128
4832.0000 0.63084406
4832.9000 0.67779058
4833.8000 0.75422704
4834.7000 0.77660573
4835.6000 0.750929
4836.5000 0.74048239
4837.4000 0.74646902
4838.3000 0.72749692
4839.2000 0.70085007
4840.1000 0.70966476
4841.0000 0.73700875
4841.9000 0.72402889
4842.8000 0.68332994
4843.7000 0.68884474
4844.6000 0.74722892
4845.5000 0.79158425
4846.4000 0.7819975
4847.3000 0.73017001
4848.2000 0.689937
4849.1000 0.71204412
4850.0000 0.75242019
4850.9000 0.74848425
4851.8000 0.74167323
4852.7000 0.75041509
4853.6000 0.71762818
4854.5000 0.65952605
4855.4000 0.65640187
4856.3000 0.71418327
4857.2000 0.75488031
4858.1000 0.74367636
4859.0000 0.70558232
4859.9000 0.64509219
4860.8000 0.59008527
4861.7000 0.61350244
4862.6000 0.68082964
4863.5000 0.69771171
4864.4000 0.69176042
4865.3000 0.71464461
4866.2000 0.73424441
4867.1000 0.72437733
4868.0000 0.72590637
4868.9000 0.751212
4869.8000 0.72879374
4870.7000 0.65251505
4871.6000 0.62920266
4872.5000 0.68949944
4873.4000 0.73809308
4874.3000 0.72035575
4875.2000 0.70180148
4876.1000 0.73829752
4877.0000 0.77851021
4877.9000 0.8031975
4878.8000 0.82752866
4879.7000 0.78688431
4880.6000 0.69427288
4881.5000 0.67097497
4882.4000 0.73365712
4883.3000 0.77710938
4884.2000 0.7414555
4885.1000 0.67451102
4886.0000 0.6530993
4886.9000 0.69022667
4887.8000 0.72929102
4888.7000 0.73146033
4889.6000 0.68713343
4890.5000 0.62701333
4891.4000 0.64596194
4892.3000 0.73185843
4893.2000 0.79581928
4894.1000 0.84614348
4895.0000 0.89547771
4895.9000 0.91207612
4896.8000 0.91119432
4897.7000 0.90334499
4898.6000 0.8513118
4899.5000 0.78416955
4900.4000 0.78616768
4901.3000 0.81501997
4902.2000 0.79519832
4903.1000 0.76502812
4904.0000 0.78320199
4904.9000 0.85209656
4905.8000 0.90364343
4906.7000 0.88407153
4907.6000 0.82896084
4908.5000 0.78308249
4909.4000 0.76252502
4910.3000 0.77794898
4911.2000 0.81164861
4912.1000 0.83389747
4913.0000 0.83745611
4913.9000 0.85279727
4914.8000 0.88831323
4915.7000 0.90814555
4916.6000 0.88880724
4917.5000 0.81739539
4918.4000 0.7108109
4919.3000 0.62487346
4920.2000 0.61384124
4921.1000 0.69431311
4922.0000 0.79908586
4922.9000 0.83951902
4923.8000 0.79796159
4924.7000 0.75821912
4925.6000 0.80702531
4926.5000 0.88449645
4927.4000 0.91289622
4928.3000 0.93495595
4929.2000 0.9564513
4930.1000 0.95101869
4931.0000 0.93355119
4931.9000 0.88013411
4932.8000 0.79457182
4933.7000 0.77264547
4934.6000 0.83970374
4935.5000 0.88724238
4936.4000 0.8377474
4937.3000 0.73604292
4938.2000 0.67964709
4939.1000 0.71693522
4940.0000 0.79848015
4940.9000 0.84409529
4941.8000 0.85060155
4942.7000 0.87222606
4943.6000 0.90320551
4944.5000 0.8959648
4945.4000 0.8802132
4946.3000 0.90661621
4947.2000 0.93329746
4948.1000 0.92935508
4949.0000 0.9350096
4949.9000 0.96327817
4950.8000 0.98750031
4951.7000 0.96691006
4952.6000 0.9087947
4953.5000 0.8455705
4954.4000 0.78657448
4955.3000 0.73378062
4956.2000 0.64244843
4957.1000 0.55050927
4958.0000 0.57643723
4958.9000 0.68590605
4959.8000 0.75765508
4960.7000 0.76094335
4961.6000 0.7384482
4962.5000 0.73702323
4963.4000 0.72902292
4964.3000 0.68646681
4965.2000 0.65106505
4966.1000 0.64523447
4967.0000 0.65148008
4967.9000 0.67764992
4968.8000 0.72353393
4969.7000 0.75183529
4970.6000 0.76767665
4971.5000 0.79193759
4972.4000 0.8048656
4973.3000 0.81126982
4974.2000 0.82149935
4975.1000 0.82801521
4976.0000 0.83008069
4976.9000 0.79895902
4977.8000 0.7399109
4978.7000 0.71629816
4979.6000 0.7233988
4980.5000 0.69196135
4981.4000 0.61529487
4982.3000 0.58349377
4983.2000 0.63725698
4984.1000 0.70224893
4985.0000 0.71808815
4985.9000 0.72045714
4986.8000 0.75438666
4987.7000 0.78107411
4988.6000 0.76894093
4989.5000 0.74555415
4990.4000 0.73526222
4991.3000 0.76651651
4992.2000 0.80741686
4993.1000 0.780931
4994.0000 0.73937362
4994.9000 0.75647283
4995.8000 0.78012216
4996.7000 0.77536607
4997.6000 0.76440144
4998.5000 0.71087819
4999.4000 0.64592606
5000.3000 0.65319407
5001.2000 0.69189715
5002.1000 0.70354241
5003.0000 0.69706154
5003.9000 0.68376625
5004.8000 0.65475184
5005.7000 0.620107
5006.6000 0.62562758
5007.5000 0.68217224
5008.4000 0.7276969
5009.3000 0.73500645
5010.2000 0.73350823
5011.1000 0.70077264
5012.0000 0.63403475
5012.9000 0.58480406
5013.8000 0.55891263
5014.7000 0.58778691
5015.6000 0.66517431
5016.5000 0.709104
5017.4000 0.71147078
5018.3000 0.7126357
5019.2000 0.71318167
5020.1000 0.70201236
5021.0000 0.67219263
5021.9000 0.63684368
5022.8000 0.66067791
5023.7000 0.7251848
5024.6000 0.75352615
5025.5000 0.75326526
5026.4000 0.72404122
5027.3000 0.68180871
5028.2000 0.70179939
5029.1000 0.75791663
5030.0000 0.78674376
5030.9000 0.80916381
5031.8000 0.8441233
5032.7000 0.86953998
5033.6000 0.85374933
5034.5000 0.77782542
5035.4000 0.690337
5036.3000 0.68946624
5037.2000 0.74131906
5038.1000 0.72252047
5039.0000 0.63797432
5039.9000 0.56154025
5040.8000 0.54623115
5041.7000 0.62726772
5042.6000 0.73340285
5043.5000 0.79482961
5044.4000 0.8446039
5045.3000 0.88753456
5046.2000 0.89047986
5047.1000 0.83862638
5048.0000 0.75484794
5048.9000 0.69585496
5049.8000 0.68795466
5050.7000 0.70891428
5051.6000 0.73042309
5052.5000 0.75064647
5053.4000 0.77621555
5054.3000 0.80512565
5055.2000 0.82384914
5056.1000 0.82702374
5057.0000 0.83964074
5057.9000 0.85548711
5058.8000 0.85401517
5059.7000 0.8670764
5060.6000 0.90347463
5061.5000 0.90675181
5062.4000 0.85480046
5063.3000 0.75276214
5064.2000 0.6603545
5065.1000 0.67602444
5066.0000 0.75293881
5066.9000 0.76678985
5067.8000 0.73235536
5068.7000 0.73507071
5069.6000 0.7724756
5070.5000 0.77883458
5071.4000 0.74569976
5072.3000 0.74732113
5073.2000 0.80811936
5074.1000 0.83942878
5075.0000 0.79091889
5075.9000 0.74512631
5076.8000 0.76989675
5077.7000 0.78024817
5078.6000 0.69816917
5079.5000 0.6218698
5080.4000 0.63190663
5081.3000 0.66275018
5082.2000 0.66492605
5083.1000 0.67525971
5084.0000 0.71190482
5084.9000 0.74349487
5085.8000 0.76207727
5086.7000 0.77106243
5087.6000 0.77574462
5088.5000 0.7899226
5089.4000 0.7971158
5090.3000 0.79011434
5091.2000 0.79949057
5092.1000 0.84364581
5093.0000 0.87554622
5093.9000 0.83460617
5094.8000 0.75702196
5095.7000 0.73375934
5096.6000 0.769979
5097.5000 0.76835775
5098.4000 0.70167899
5099.3000 0.67429078
5100.2000 0.71488816
5101.1000 0.75270611
5102.0000 0.76328611
5102.9000 0.75358319
5103.8000 0.73845553
5104.7000 0.73394281
5105.6000 0.72901279
5106.5000 0.70737195
5107.4000 0.69510573
5108.3000 0.70700705
5109.2000 0.70372379
5110.1000 0.69430774
5111.0000 0.70919222
5111.9000 0.71406335
5112.8000 0.71412677
5113.7000 0.76409912
5114.6000 0.82125974
5115.5000 0.83124787
5116.4000 0.84276235
5117.3000 0.86167681
5118.2000 0.84249228
5119.1000 0.80473292
5120.0000 0.77628547
5120.9000 0.758057
5121.8000 0.73266882
5122.7000 0.66826731
5123.6000 0.62647015
5124.5000 0.66189378
5125.4000 0.7009964
5126.3000 0.69160604
5127.2000 0.6729688
5128.1000 0.66859466
5129.0000 0.66073555
5129.9000 0.68136948
5130.8000 0.75315106
5131.7000 0.8064068
5132.6000 0.80069661
5133.5000 0.79531777
5134.4000 0.82877052
5135.3000 0.85235482
5136.2000 0.83429879
5137.1000 0.80036658
5138.0000 0.75262117
5138.9000 0.7281633
5139.8000 0.78519654
5140.7000 0.82720226
5141.6000 0.77148658
5142.5000 0.72343075
5143.4000 0.74857277
5144.3000 0.75781423
5145.2000 0.71623296
5146.1000 0.68758553
5147.0000 0.69985974
5147.9000 0.73196268
5148.8000 0.74614441
5149.7000 0.72373229
5150.6000 0.69113111
5151.5000 0.66367257
5152.4000 0.64286107
5153.3000 0.64246053
5154.2000 0.68453968
5155.1000 0.76212257
5156.0000 0.83136326
5156.9000 0.87677318
5157.8000 0.88168192
5158.7000 0.84307253
5159.6000 0.83723682
5160.5000 0.8772828
5161.4000 0.869497
5162.3000 0.825544
5163.2000 0.81502628
5164.1000 0.77688706
5165.0000 0.6539802
5165.9000 0.51237041
5166.8000 0.4294315
5167.7000 0.42313474
5168.6000 0.47519681
5169.5000 0.53698337
5170.4000 0.53454059
5171.3000 0.45830911
5172.2000 0.39803997
5173.1000 0.43188819
5174.0000 0.53177786
5174.9000 0.60918403
5175.8000 0.63835716
5176.7000 0.64594114
5177.6000 0.63832641
5178.5000 0.62523019
5179.4000 0.60971135
5180.3000 0.58146989
5181.2000 0.53664452
5182.1000 0.46914348
5183.0000 0.41811326
5183.9000 0.46911541
5184.8000 0.60497743
5185.7000 0.71897638
5186.6000 0.76824611
5187.5000 0.7723189
5188.4000 0.77915204
5189.3000 0.80616498
5190.2000 0.77751571
5191.1000 0.66577011
5192.0000 0.58149487
5192.9000 0.60076034
5193.8000 0.65746957
5194.7000 0.69063717
5195.6000 0.73917872
5196.5000 0.80233312
5197.4000 0.8231414
5198.3000 0.81826574
5199.2000 0.81651968
5200.1000 0.79823112
5201.0000 0.76667494
5201.9000 0.74362171
5202.8000 0.70846695
5203.7000 0.62035751
5204.6000 0.51953185
5205.5000 0.483895
5206.4000 0.50048244
5207.3000 0.4918099
5208.2000 0.46790478
5209.1000 0.49487758
5210.0000 0.57741535
5210.9000 0.70279551
5211.8000 0.8122443
5212.7000 0.86220312
5213.6000 0.87097561
5214.5000 0.84764969
5215.4000 0.82185447
5216.3000 0.83430612
5217.2000 0.87744033
5218.1000 0.90926027
5219.0000 0.91021925
5219.9000 0.91793668
5220.8000 0.94325304
5221.7000 0.92978883
5222.6000 0.8612569
5223.5000 0.77037013
5224.4000 0.69952905
5225.3000 0.65774614
5226.2000 0.64135414
5227.1000 0.71227437
5228.0000 0.86034542
5228.9000 0.95303094
5229.8000 0.96849382
5230.7000 0.97607833
5231.6000 0.93938881
5232.5000 0.85390329
5233.4000 0.82124281
5234.3000 0.86393005
5235.2000 0.93452877
5236.1000 0.99292129
5237.0000 1.00749457
5237.9000 0.98583388
5238.8000 0.94676441
5239.7000 0.91194028
5240.6000 0.91802144
5241.5000 0.94714963
5242.4000 0.96413106
5243.3000 0.98943579
5244.2000 1.01056767
5245.1000 0.93279386
5246.0000 0.76744354
5246.9000 0.69402754
5247.8000 0.78036267
5248.7000 0.84614182
5249.6000 0.78907895
5250.5000 0.74270535
5251.4000 0.79468012
5252.3000 0.87609613
5253.2000 0.89946109
5254.1000 0.84830952
5255.0000 0.82774955
5255.9000 0.91107023
5256.8000 1.005916
5257.7000 1.04298747
5258.6000 1.02885389
5259.5000 0.98361361
5260.4000 0.94155431
5261.3000 0.89125091
5262.2000 0.82012212
5263.1000 0.75102186
5264.0000 0.70785517
5264.9000 0.67420357
5265.8000 0.68828142
5266.7000 0.78233004
5267.6000 0.79328173
5268.5000 0.63968176
5269.4000 0.53015363
5270.3000 0.62920338
5271.2000 0.81185377
5272.1000 0.90926272
5273.0000 0.93277317
5273.9000 0.92704529
5274.8000 0.89511508
5275.7000 0.91173857
5276.6000 0.99609733
5277.5000 1.06058562
5278.4000 1.06784165
5279.3000 1.03063762
5280.2000 0.9791196
5281.1000 0.93497032
5282.0000 0.90022916
5282.9000 0.88662261
5283.8000 0.9292649
5284.7000 1.03370011
5285.6000 1.12335074
5286.5000 1.13379073
5287.4000 1.08224356
5288.3000 1.03767514
5289.2000 1.04150903
5290.1000 1.07430661
5291.0000 1.0950321
5291.9000 1.0781889
5292.8000 1.05616188
5293.7000 1.06366789
5294.6000 1.05016494
5295.5000 0.95616257
5296.4000 0.8226198
5297.3000 0.76042229
5298.2000 0.82793379
5299.1000 0.93215001
5300.0000 0.94854027
5300.9000 0.92712277
5301.8000 0.96381193
5302.7000 1.04550874
5303.6000 1.12417924
5304.5000 1.16565394
5305.4000 1.14850283
5306.3000 1.08701944
5307.2000 1.05878937
5308.1000 1.09240043
5309.0000 1.13638723
5309.9000 1.1381675
5310.8000 1.11431038
5311.7000 1.09187937
5312.6000 1.06469643
5313.5000 1.06010783
5314.4000 1.08164144
5315.3000 1.0871048
5316.2000 1.07101178
5317.1000 1.05850077
5318.0000 1.04402852
5318.9000 1.03300726
5319.8000 1.04654062
5320.7000 1.06011701
5321.6000 1.0546093
5322.5000 1.01979232
5323.4000 0.9710328
5324.3000 0.9865666
5325.2000 1.02847588
5326.1000 0.94846815
5327.0000 0.74764687
5327.9000 0.62176174
5328.8000 0.71453571
5329.7000 0.88466907
5330.6000 0.97592974
5331.5000 0.99515098
5332.4000 0.99844956
5333.3000 1.0451138
5334.2000 1.10528409
5335.1000 1.10757375
5336.0000 1.07757008
5336.9000 1.06949449
5337.8000 1.06775701
5338.7000 1.01191175
5339.6000 0.90839338
5340.5000 0.87891394
5341.4000 0.96808493
5342.3000 1.04072773
5343.2000 1.04461491
5344.1000 1.02125967
5345.0000 0.98572111
5345.9000 0.99748456
5346.8000 1.02848518
5347.7000 0.98216683
5348.6000 0.92721039
5349.5000 0.95526361
5350.4000 1.04958498
5351.3000 1.1385088
5352.2000 1.16306078
5353.1000 1.17010856
5354.0000 1.20366228
5354.9000 1.22150314
5355.8000 1.21444309
5356.7000 1.2228229
5357.6000 1.23481512
5358.5000 1.2238822
5359.4000 1.1989944
5360.3000 1.15508807
5361.2000 1.10500896
5362.1000 1.10140097
5363.0000 1.12873304
5363.9000 1.12498975
5364.8000 1.10348666
5365.7000 1.10430312
5366.6000 1.1143105
5367.5000 1.11468482
5368.4000 1.06939089
5369.3000 0.96122557
5370.2000 0.84844512
5371.1000 0.83296001
5372.0000 0.96660405
5372.9000 1.12783277
5373.8000 1.19525504
5374.7000 1.19339216
5375.6000 1.14521778
5376.5000 1.11336589
5377.4000 1.16542256
5378.3000 1.23068571
5379.2000 1.22859251
5380.1000 1.17578375
5381.0000 1.13952672
5381.9000 1.12494743
5382.8000 1.10916686
5383.7000 1.10996175
5384.6000 1.13168764
5385.5000 1.15049601
5386.4000 1.15329623
5387.3000 1.13385749
5388.2000 1.08785129
5389.1000 1.02301371
5390.0000 0.98152888
5390.9000 0.9931426
5391.8000 1.04234791
5392.7000 1.07006538
5393.6000 1.05275214
5394.5000 1.02799833
5395.4000 0.96754587
5396.3000 0.86678648
5397.2000 0.88771218
5398.1000 1.04389858
5399.0000 1.12223601
5399.9000 1.09295356
5400.8000 1.07287776
5401.7000 1.09623432
5402.6000 1.09134734
5403.5000 1.00540662
5404.4000 0.88382602
5405.3000 0.82598704
5406.2000 0.88665825
5407.1000 0.97745138
5408.0000 0.9746331
5408.9000 0.90938717
5409.8000 0.92078286
5410.7000 1.03525233
5411.6000 1.12825716
5412.5000 1.15785646
5413.4000 1.16841578
5414.3000 1.17753291
5415.2000 1.19767213
5416.1000 1.23492587
5417.0000 1.24532115
5417.9000 1.21452951
5418.8000 1.16513407
5419.7000 1.12913668
5420.6000 1.14513052
5421.5000 1.19907749
5422.4000 1.20988357
5423.3000 1.15394473
5424.2000 1.12354207
5425.1000 1.16700721
5426.0000 1.22740805
5426.9000 1.25223577
5427.8000 1.15613151
5428.7000 0.98040259
5429.6000 0.94470197
5430.5000 1.05347872
5431.4000 1.09178102
5432.3000 1.03137624
5433.2000 0.97981811
5434.1000 0.95922029
5435.0000 0.98331076
5435.9000 1.02581656
5436.8000 1.06162179
5437.7000 1.11704063
5438.6000 1.18734932
5439.5000 1.2444303
5440.4000 1.27050912
5441.3000 1.27228606
5442.2000 1.27693176
5443.1000 1.27743626
5444.0000 1.21859348
5444.9000 1.08043694
5445.8000 0.92057091
5446.7000 0.85714626
5447.6000 0.91546607
5448.5000 0.98709112
5449.4000 1.02059495
5450.3000 1.02407217
5451.2000 1.01148295
5452.1000 0.99985379
5453.0000 0.96709812
5453.9000 0.90080529
5454.8000 0.83479983
5455.7000 0.84715229
5456.6000 0.94160932
5457.5000 1.03367221
5458.4000 1.06245315
5459.3000 1.02787983
5460.2000 0.99636477
5461.1000 1.00633442
5462.0000 1.00678658
5462.9000 0.99757493
5463.8000 1.02229309
5464.7000 1.04760134
5465.6000 1.04759443
5466.5000 1.0602597
5467.4000 1.08314753
5468.3000 1.06783891
5469.2000 1.01955414
5470.1000 0.99878514
5471.0000 1.02429545
5471.9000 1.02639163
5472.8000 0.98190135
5473.7000 0.96987242
5474.6000 0.98432678
5475.5000 0.94435889
5476.4000 0.9082914
5477.3000 0.97517121
5478.2000 1.0789572
5479.1000 1.09832811
5480.0000 1.01510847
5480.9000 0.93684804
5481.8000 0.95317173
5482.7000 1.02681434
5483.6000 1.09666884
5484.5000 1.13714218
5485.4000 1.12206721
5486.3000 1.05699372
5487.2000 1.02206564
5488.1000 1.05000556
5489.0000 1.06061161
5489.9000 1.05075526
5490.8000 1.08446836
5491.7000 1.11220336
5492.6000 1.086169
5493.5000 1.06592667
5494.4000 1.0801754
5495.3000 1.07297266
5496.2000 1.02267945
5497.1000 1.00805712
5498.0000 1.07503498
5498.9000 1.12646675
5499.8000 1.08523345
5500.7000 1.02723384
5501.6000 1.02856672
5502.5000 1.05177259
5503.4000 1.05202699
5504.3000 1.03042519
5505.2000 0.978854
5506.1000 0.95858234
5507.0000 1.02537322
5507.9000 1.10220504
5508.8000 1.11298013
5509.7000 1.07902586
5510.6000 1.01815295
5511.5000 0.95834285
5512.4000 0.94049567
5513.3000 0.93135232
5514.2000 0.92113215
5515.1000 0.95211911
5516.0000 1.01106465
5516.9000 1.08748889
5517.8000 1.16439712
5518.7000 1.18883502
5519.6000 1.16746008
5520.5000 1.16253972
5521.4000 1.1735692
5522.3000 1.17255187
5523.2000 1.16836476
5524.1000 1.16520476
5525.0000 1.15005469
5525.9000 1.10915482
5526.8000 1.04873073
5527.7000 1.02904308
5528.6000 1.08831728
5529.5000 1.15826738
5530.4000 1.16762578
5531.3000 1.13610923
5532.2000 1.11562443
5533.1000 1.11843562
5534.0000 1.11135495
5534.9000 1.11202049
5535.8000 1.13093996
5536.7000 1.12549365
5537.6000 1.11840701
5538.5000 1.15577579
5539.4000 1.20972407
5540.3000 1.22994304
5541.2000 1.20313919
5542.1000 1.16493881
5543.0000 1.15656781
5543.9000 1.16425359
5544.8000 1.14768243
5545.7000 1.13225031
5546.6000 1.16648352
5547.5000 1.22454345
5548.4000 1.24647927
5549.3000 1.23741472
5550.2000 1.22791827
5551.1000 1.21533597
5552.0000 1.21030819
5552.9000 1.17713773
5553.8000 1.16409564
5554.7000 1.16890049
5555.6000 1.16038549
5556.5000 1.13225329
5557.4000 1.11331439
5558.3000 1.13644385
5559.2000 1.16377056
5560.1000 1.15350497
5561.0000 1.13228822
5561.9000 1.12154806
5562.8000 1.1265682
5563.7000 1.14805448
5564.6000 1.14030015
5565.5000 1.09848273
5566.4000 1.07471514
5567.3000 1.08997262
5568.2000 1.12081313
5569.1000 1.13257921
5570.0000 1.1477201
5570.9000 1.18761456
5571.8000 1.17705655
5572.7000 1.1234597
5573.6000 1.13210642
5574.5000 1.1816994
5575.4000 1.18545318
5576.3000 1.18098366
5577.2000 1.19600677
5578.1000 1.17439139
5579.0000 1.1599406
5579.9000 1.19828272
5580.8000 1.20650053
5581.7000 1.16350722
5582.6000 1.14657021
5583.5000 1.14958715
5584.4000 1.12834215
5585.3000 1.10063577
5586.2000 1.06054294
5587.1000 1.00975323
5588.0000 0.98051572
5588.9000 0.97811449
5589.8000 1.01459336
5590.7000 1.05621731
5591.6000 1.06112921
5592.5000 1.05763757
5593.4000 1.07625782
5594.3000 1.11286128
5595.2000 1.17680383
5596.1000 1.21690023
5597.0000 1.14832282
5597.9000 1.0300926
5598.8000 0.9890123
5599.7000 1.01059091
5600.6000 1.0221988
5601.5000 1.02435434
5602.4000 1.02616692
5603.3000 1.03456128
5604.2000 1.0623467
5605.1000 1.11272025
5606.0000 1.16413283
5606.9000 1.18585825
5607.8000 1.18110645
5608.7000 1.16931617
5609.6000 1.15762007
5610.5000 1.16305816
5611.4000 1.19348013
5612.3000 1.22253764
5613.2000 1.20976651
5614.1000 1.12425148
5615.0000 1.01309383
5615.9000 0.99537468
5616.8000 1.0594008
5617.7000 1.08889532
5618.6000 1.0684402
5619.5000 1.04688108
5620.4000 1.06217146
5621.3000 1.11487019
5622.2000 1.148651
5623.1000 1.10718858
5624.0000 1.01178336
5624.9000 0.96993715
5625.8000 1.0206722
5626.7000 1.07508183
5627.6000 1.08261025
5628.5000 1.07402897
5629.4000 1.07283032
5630.3000 1.0915041
5631.2000 1.11527348
5632.1000 1.13001454
5633.0000 1.14440262
5633.9000 1.15165281
5634.8000 1.13271642
5635.7000 1.08637273
5636.6000 1.05417776
5637.5000 1.05640733
5638.4000 1.06607652
5639.3000 1.07245874
5640.2000 1.06240845
5641.1000 1.04440606
5642.0000 1.05203986
5642.9000 1.06778038
5643.8000 1.07429087
5644.7000 1.08553874
5645.6000 1.09394217
5646.5000 1.09844935
5647.4000 1.1048063
5648.3000 1.10777986
5649.2000 1.10869205
5650.1000 1.12850976
5651.0000 1.17094624
5651.9000 1.20826924
5652.8000 1.22127616
5653.7000 1.19607186
5654.6000 1.16841066
5655.5000 1.17702115
5656.4000 1.17298889
5657.3000 1.08593392
5658.2000 0.98628885
5659.1000 1.02000964
5660.0000 1.12310243
5660.9000 1.12868929
5661.8000 1.06794
5662.7000 1.05524099
5663.6000 1.09017885
5664.5000 1.12112868
5665.4000 1.15339756
5666.3000 1.15706158
5667.2000 1.10497463
5668.1000 1.05986547
5669.0000 1.06671131
5669.9000 1.09122598
5670.8000 1.08411801
5671.7000 1.10303128
5672.6000 1.16930819
5673.5000 1.21373558
5674.4000 1.20409048
5675.3000 1.19703102
5676.2000 1.22645795
5677.1000 1.2460959
5678.0000 1.22412694
5678.9000 1.19222522
5679.8000 1.18661547
5680.7000 1.18930328
5681.6000 1.16469371
5682.5000 1.13579464
5683.4000 1.15960562
5684.3000 1.21715462
5685.2000 1.23842919
5686.1000 1.18455863
5687.0000 1.12861729
5687.9000 1.11433363
5688.8000 1.13629329
5689.7000 1.18946087
5690.6000 1.23713124
5691.5000 1.26032698
5692.4000 1.28062451
5693.3000 1.28049564
5694.2000 1.25300872
5695.1000 1.22934437
5696.0000 1.22049212
5696.9000 1.21419799
5697.8000 1.16785419
5698.7000 1.12591612
5699.6000 1.14094198
5700.5000 1.12838304
5701.4000 1.08967054
5702.3000 1.08027351
5703.2000 1.11712992
5704.1000 1.17646408
5705.0000 1.19818807
5705.9000 1.15357745
5706.8000 1.09523666
5707.7000 1.04437029
5708.6000 1.00924337
5709.5000 1.04725277
5710.4000 1.11216378
5711.3000 1.09690773
5712.2000 1.08849609
5713.1000 1.16297555
5714.0000 1.22635949
5714.9000 1.23930085
5715.8000 1.23563492
5716.7000 1.2249521
5717.6000 1.20660627
5718.5000 1.21225381
5719.4000 1.23627925
5720.3000 1.25206566
5721.2000 1.27732134
5722.1000 1.31442904
5723.0000 1.31816888
5723.9000 1.27773869
5724.8000 1.24793506
5725.7000 1.22594225
5726.6000 1.15946329
5727.5000 1.11507201
5728.4000 1.18134177
5729.3000 1.25336957
5730.2000 1.23130071
5731.1000 1.16696191
5732.0000 1.17731214
5732.9000 1.24462652
5733.8000 1.26832032
5734.7000 1.26559556
5735.6000 1.25938296
5736.5000 1.23471093
5737.4000 1.22925091
5738.3000 1.23608661
5739.2000 1.22392356
5740.1000 1.22701085
5741.0000 1.24857306
5741.9000 1.24904358
5742.8000 1.21963799
5743.7000 1.21762645
5744.6000 1.27333534
5745.5000 1.32643723
5746.4000 1.32127726
5747.3000 1.25372899
5748.2000 1.18484938
5749.1000 1.2008872
5750.0000 1.27895927
5750.9000 1.31746721
5751.8000 1.27874684
5752.7000 1.20696044
5753.6000 1.16468036
5754.5000 1.18514729
5755.4000 1.26285541
5756.3000 1.33507776
5757.2000 1.35729349
5758.1000 1.35016596
5759.0000 1.30732441
5759.9000 1.23117673
5760.8000 1.16081107
5761.7000 1.11254632
5762.6000 1.11388326
5763.5000 1.18590403
5764.4000 1.27888227
5765.3000 1.32181418
5766.2000 1.32362759
5767.1000 1.32557142
5768.0000 1.32652545
5768.9000 1.31375337
5769.8000 1.304618
5770.7000 1.29678404
5771.6000 1.27478814
5772.5000 1.26349497
5773.4000 1.26754117
5774.3000 1.25994396
5775.2000 1.2536546
5776.1000 1.25587392
5777.0000 1.26348412
5777.9000 1.28606713
5778.8000 1.29239476
5779.7000 1.24064195
5780.6000 1.13629377
5781.5000 1.06017125
5782.4000 1.07007921
5783.3000 1.11649203
5784.2000 1.11481905
5785.1000 1.06864643
5786.0000 1.08101976
5786.9000 1.16048169
5787.8000 1.21933722
5788.7000 1.24885309
5789.6000 1.24471498
5790.5000 1.18588364
5791.4000 1.17243493
5792.3000 1.25457215
5793.2000 1.33490396
5794.1000 1.37842286
5795.0000 1.40474558
5795.9000 1.38187981
5796.8000 1.29652822
5797.7000 1.22110546
5798.6000 1.2500695
5799.5000 1.35838115
5800.4000 1.4235332
5801.3000 1.43835521
5802.2000 1.45081139
5803.1000 1.42243278
5804.0000 1.35210812
5804.9000 1.32126474
5805.8000 1.33822799
5806.7000 1.35579598
5807.6000 1.36336267
5808.5000 1.36236608
5809.4000 1.35972881
5810.3000 1.360183
5811.2000 1.35176539
5812.1000 1.33724034
5813.0000 1.32373965
5813.9000 1.29859507
5814.8000 1.26460564
5815.7000 1.23898435
5816.6000 1.23810887
5817.5000 1.2774719
5818.4000 1.33147538
5819.3000 1.35742795
5820.2000 1.36174524
5821.1000 1.36162877
5822.0000 1.34219706
5822.9000 1.30781507
5823.8000 1.29465568
5824.7000 1.31473219
5825.6000 1.33485043
5826.5000 1.33670008
5827.4000 1.33685637
5828.3000 1.35131359
5829.2000 1.3738519
5830.1000 1.37547684
5831.0000 1.36500871
5831.9000 1.36703753
5832.8000 1.372679
5833.7000 1.34272861
5834.6000 1.29789627
5835.5000 1.31367993
5836.4000 1.36330628
5837.3000 1.35584497
5838.2000 1.30215335
5839.1000 1.2818917
5840.0000 1.32146537
5840.9000 1.38238597
5841.8000 1.41750491
5842.7000 1.41886592
5843.6000 1.4005568
5844.5000 1.37538147
5845.4000 1.34506702
5846.3000 1.30395699
5847.2000 1.27581441
5848.1000 1.27616537
5849.0000 1.28074181
5849.9000 1.2693069
5850.8000 1.24782336
5851.7000 1.21011341
5852.6000 1.17134869
5853.5000 1.18043351
5854.4000 1.2290231
5855.3000 1.24447143
5856.2000 1.21087503
5857.1000 1.16126907
5858.0000 1.14077532
5858.9000 1.174456
5859.8000 1.22770643
5860.7000 1.26348376
5861.6000 1.24735582
5862.5000 1.19492006
5863.4000 1.17621386
5864.3000 1.20197725
5865.2000 1.21353292
5866.1000 1.16981399
5867.0000 1.13881469
5867.9000 1.17762065
5868.8000 1.24420667
5869.7000 1.27721751
5870.6000 1.27297592
5871.5000 1.24827278
5872.4000 1.2090838
5873.3000 1.19166577
5874.2000 1.2228632
5875.1000 1.24991
5876.0000 1.23066735
5876.9000 1.19719625
5877.8000 1.18789005
5878.7000 1.16744554
5879.6000 1.11050904
5880.5000 1.08755863
5881.4000 1.13423765
5882.3000 1.18023348
5883.2000 1.17445862
5884.1000 1.15255296
5885.0000 1.15298545
5885.9000 1.1559
5886.8000 1.12348342
5887.7000 1.01323485
5888.6000 0.80445546
5889.5000 0.58615369
5890.4000 0.54657382
5891.3000 0.71518773
5892.2000 0.88812679
5893.1000 0.96210796
5894.0000 0.943878
5894.9000 0.80077529
5895.8000 0.64852327
5896.7000 0.70045561
5897.6000 0.88368374
5898.5000 0.9802618
5899.4000 0.99446785
5900.3000 1.03374469
5901.2000 1.0816859
5902.1000 1.10325706
5903.0000 1.11461079
5903.9000 1.12482393
5904.8000 1.11175728
5905.7000 1.08931971
5906.6000 1.101704
5907.5000 1.13430417
5908.4000 1.15101111
5909.3000 1.15029621
5910.2000 1.15144706
5911.1000 1.17247856
5912.0000 1.17166698
5912.9000 1.12100017
5913.8000 1.06937301
5914.7000 1.0625031
5915.6000 1.0623759
5916.5000 1.07455921
5917.4000 1.10946202
5918.3000 1.11691558
5919.2000 1.11559653
5920.1000 1.14194822
5921.0000 1.14280033
5921.9000 1.10719144
5922.8000 1.09144485
5923.7000 1.10594261
5924.6000 1.11251378
5925.5000 1.13450408
5926.4000 1.16818738
5927.3000 1.1817131
5928.2000 1.17375064
5929.1000 1.15297568
5930.0000 1.14414215
5930.9000 1.16630912
5931.8000 1.19849694
5932.7000 1.20341575
5933.6000 1.16868258
5934.5000 1.11259484
5935.4000 1.10517514
5936.3000 1.1597091
5937.2000 1.18514776
5938.1000 1.19721711
5939.0000 1.23238409
5939.9000 1.21616697
5940.8000 1.14697146
5941.7000 1.11253417
5942.6000 1.14286602
5943.5000 1.18604124
5944.4000 1.21590078
5945.3000 1.24583471
5946.2000 1.2707361
5947.1000 1.2582165
5948.0000 1.20634091
5948.9000 1.14867389
5949.8000 1.14074063
5950.7000 1.18307924
5951.6000 1.20406532
5952.5000 1.17385721
5953.4000 1.16266513
5954.3000 1.19616044
5955.2000 1.18738067
5956.1000 1.13217413
5957.0000 1.0991292
5957.9000 1.11601448
5958.8000 1.15351772
5959.7000 1.19924843
5960.6000 1.24207628
5961.5000 1.26594007
5962.4000 1.25848019
5963.3000 1.23681521
5964.2000 1.22601104
5965.1000 1.21022713
5966.0000 1.2049979
5966.9000 1.23921311
5967.8000 1.26618659
5968.7000 1.27458584
5969.6000 1.28550708
5970.5000 1.29373705
5971.4000 1.2846117
5972.3000 1.27415335
5973.2000 1.27263725
5974.1000 1.27559841
5975.0000 1.25794804
5975.9000 1.22661257
5976.8000 1.21152747
5977.7000 1.17937887
5978.6000 1.16098261
5979.5000 1.20459163
5980.4000 1.24836349
5981.3000 1.24482477
5982.2000 1.22920346
5983.1000 1.19007194
5984.0000 1.14059007
5984.9000 1.15409553
5985.8000 1.24140692
5986.7000 1.29007339
5987.6000 1.27912593
5988.5000 1.27173603
5989.4000 1.28330767
5990.3000 1.29181969
5991.2000 1.25979042
5992.1000 1.25472379
5993.0000 1.31600618
5993.9000 1.37394083
5994.8000 1.3814919
5995.7000 1.33785963
5996.6000 1.29495203
5997.5000 1.27923751
5998.4000 1.27022624
5999.3000 1.26051199
6000.2000 1.26372588
6001.1000 1.27628565
6002.0000 1.25129271
6002.9000 1.22894824
6003.8000 1.27692246
6004.7000 1.31261897
6005.6000 1.2873292
6006.5000 1.25182354
6007.4000 1.21073854
6008.3000 1.19366336
6009.2000 1.2415967
6010.1000 1.31560504
6011.0000 1.34116054
6011.9000 1.3011539
6012.8000 1.24308896
6013.7000 1.24009717
6014.6000 1.28325427
6015.5000 1.2860359
6016.4000 1.23716748
6017.3000 1.20982015
6018.2000 1.22735071
6019.1000 1.25258255
6020.0000 1.27036607
6020.9000 1.28066123
6021.8000 1.29489541
6022.7000 1.30645108
6023.6000 1.30402112
6024.5000 1.31475103
6025.4000 1.34191644
6026.3000 1.34906757
6027.2000 1.35405457
6028.1000 1.37599325
6029.0000 1.39827263
6029.9000 1.39321685
6030.8000 1.35568976
6031.7000 1.33208179
6032.6000 1.36459303
6033.5000 1.41490304
6034.4000 1.42694759
6035.3000 1.41272199
6036.2000 1.39694905
6037.1000 1.39757073
6038.0000 1.4056102
6038.9000 1.38643992
6039.8000 1.35751164
6040.7000 1.36849165
6041.6000 1.38723922
6042.5000 1.40745699
6043.4000 1.44491577
6044.3000 1.47049296
6045.2000 1.47095537
6046.1000 1.47165084
6047.0000 1.48361444
6047.9000 1.47193801
6048.8000 1.44712627
6049.7000 1.451249
6050.6000 1.47535741
6051.5000 1.47527003
6052.4000 1.46167004
6053.3000 1.43872523
6054.2000 1.42248368
6055.1000 1.41913748
6056.0000 1.39907598
6056.9000 1.36095428
6057.8000 1.3336575
6058.7000 1.35450065
6059.6000 1.4123373
6060.5000 1.44269991
6061.4000 1.43160033
6062.3000 1.39732742
6063.2000 1.36056793
6064.1000 1.32713842
6065.0000 1.28801739
6065.9000 1.31644535
6066.8000 1.42295635
6067.7000 1.49438167
6068.6000 1.51307344
6069.5000 1.51120293
6070.4000 1.51483142
6071.3000 1.52561903
6072.2000 1.51778018
6073.1000 1.50757074
6074.0000 1.5131892
6074.9000 1.51298034
6075.8000 1.50177658
6076.7000 1.48554039
6077.6000 1.45751369
6078.5000 1.42368221
6079.4000 1.4169091
6080.3000 1.42022407
6081.2000 1.37133443
6082.1000 1.32252312
6083.0000 1.36226845
6083.9000 1.42638814
6084.8000 1.42596149
6085.7000 1.40480232
6086.6000 1.41506231
6087.5000 1.43741322
6088.4000 1.44900715
6089.3000 1.40422392
6090.2000 1.33809185
6091.1000 1.34481776
6092.0000 1.38187945
6092.9000 1.37711859
6093.8000 1.39003193
6094.7000 1.46356356
6095.6000 1.50304174
6096.5000 1.45724297
6097.4000 1.41147304
6098.3000 1.4386909
6099.2000 1.50436854
6100.1000 1.54127049
6101.0000 1.49819624
6101.9000 1.36925459
6102.8000 1.25729132
6103.7000 1.30041254
6104.6000 1.40169871
6105.5000 1.44629872
6106.4000 1.45097148
6107.3000 1.42668796
6108.2000 1.42046654
6109.1000 1.45555031
6110.0000 1.47043049
6110.9000 1.42699432
6111.8000 1.40492511
6112.7000 1.45643973
6113.6000 1.52004278
6114.5000 1.54728293
6115.4000 1.5297457
6116.3000 1.48320246
6117.2000 1.46855378
6118.1000 1.48730934
6119.0000 1.4518733
6119.9000 1.36771357
6120.8000 1.29695344
6121.7000 1.23949134
6122.6000 1.26505983
6123.5000 1.40970361
6124.4000 1.5060159
6125.3000 1.48696566
6126.2000 1.43391895
6127.1000 1.38016427
6128.0000 1.33755672
6128.9000 1.35653079
6129.8000 1.45339739
6130.7000 1.53256178
6131.6000 1.5508014
6132.5000 1.54372442
6133.4000 1.51183212
6134.3000 1.41473079
6135.2000 1.28532732
6136.1000 1.18169451
6137.0000 1.12543356
6137.9000 1.19484127
6138.8000 1.37592125
6139.7000 1.50114536
6140.6000 1.49085116
6141.5000 1.41707611
6142.4000 1.41007411
6143.3000 1.47853565
6144.2000 1.53758562
6145.1000 1.5449506
6146.0000 1.51773846
6146.9000 1.51048708
6147.8000 1.49197614
6148.7000 1.41340339
6149.6000 1.32622361
6150.5000 1.32669103
6151.4000 1.40140212
6152.3000 1.46386325
6153.2000 1.47438478
6154.1000 1.42836249
6155.0000 1.39306462
6155.9000 1.39780331
6156.8000 1.39431524
6157.7000 1.35070682
6158.6000 1.28145242
6159.5000 1.22128236
6160.4000 1.1391567
6161.3000 1.0211271
6162.2000 0.95191401
6163.1000 0.99181336
6164.0000 1.08877528
6164.9000 1.15883672
6165.8000 1.17782617
6166.7000 1.19733036
6167.6000 1.22271144
6168.5000 1.18356681
6169.4000 1.08937931
6170.3000 1.07899165
6171.2000 1.17432415
6172.1000 1.23547113
6173.0000 1.20856798
6173.9000 1.17248154
6174.8000 1.17101252
6175.7000 1.18622446
6176.6000 1.19118607
6177.5000 1.20110619
6178.4000 1.24279213
6179.3000 1.26900876
6180.2000 1.25778461
6181.1000 1.26070738
6182.0000 1.28032446
6182.9000 1.27826583
6183.8000 1.2684871
6184.7000 1.25793016
6185.6000 1.20041323
6186.5000 1.11327875
6187.4000 1.07441211
6188.3000 1.07781494
6189.2000 1.06792116
6190.1000 1.03059113
6191.0000 0.97210312
6191.9000 0.96468776
6192.8000 1.03911233
6193.7000 1.10743356
6194.6000 1.14799392
6195.5000 1.18257916
6196.4000 1.20176542
6197.3000 1.20715821
6198.2000 1.18158913
6199.1000 1.11568546
6200.0000 1.08560395
6200.9000 1.13165867
6201.8000 1.19313145
6202.7000 1.22772241
6203.6000 1.23016798
6204.5000 1.21348703
6205.4000 1.20679057
6206.3000 1.22089529
6207.2000 1.23487532
6208.1000 1.2385819
6209.0000 1.22751963
6209.9000 1.18670809
6210.8000 1.14444268
6211.7000 1.13919652
6212.6000 1.1162076
6213.5000 1.03498876
6214.4000 0.96438074
6215.3000 0.94265747
6216.2000 0.95571172
6217.1000 1.01435053
6218.0000 1.06769264
6218.9000 1.06101859
6219.8000 1.0380125
6220.7000 1.02769196
6221.6000 1.01203525
6222.5000 0.99257571
6223.4000 0.96818179
6224.3000 0.95750988
6225.2000 0.98400396
6226.1000 1.02018392
6227.0000 1.03161204
6227.9000 1.03087914
6228.8000 1.00838971
6229.7000 0.94876963
6230.6000 0.8966645
6231.5000 0.91773391
6232.4000 0.97117126
6233.3000 1.01384509
6234.2000 1.07433999
6235.1000 1.12100804
6236.0000 1.12568045
6236.9000 1.11228132
6237.8000 1.08298147
6238.7000 1.01344538
6239.6000 0.93188471
6240.5000 0.93683124
6241.4000 0.99921131
6242.3000 0.98107868
6243.2000 0.92354935
6244.1000 0.95046854
6245.0000 1.01335669
6245.9000 1.04344773
6246.8000 1.0852946
6247.7000 1.1325407
6248.6000 1.14092731
6249.5000 1.12864482
6250.4000 1.12173378
6251.3000 1.09126949
6252.2000 1.04004776
6253.1000 1.03230858
6254.0000 1.06467426
6254.9000 1.0924046
6255.8000 1.06630468
6256.7000 0.98053956
6257.6000 0.89338887
6258.5000 0.87160575
6259.4000 0.96660441
6260.3000 1.07223105
6261.2000 1.09472156
6262.1000 1.1302892
6263.0000 1.20302856
6263.9000 1.21579719
6264.8000 1.15359139
6265.7000 1.11261141
6266.6000 1.13362062
6267.5000 1.13822269
6268.4000 1.10271585
6269.3000 1.09928465
6270.2000 1.15108299
6271.1000 1.19283628
6272.0000 1.20598185
6272.9000 1.19169712
6273.8000 1.15657425
6274.7000 1.13691747
6275.6000 1.1425494
6276.5000 1.16268218
6277.4000 1.19232392
6278.3000 1.22448874
6279.2000 1.22376585
6280.1000 1.1746186
6281.0000 1.14180171
6281.9000 1.15552473
6282.8000 1.19437087
6283.7000 1.24421
6284.6000 1.24812794
6285.5000 1.23147738
6286.4000 1.26072204
6287.3000 1.30686271
6288.2000 1.33780122
6289.1000 1.34811652
6290.0000 1.32594025
6290.9000 1.29252481
6291.8000 1.26519251
6292.7000 1.22541237
6293.6000 1.22457457
6294.5000 1.25378108
6295.4000 1.21566284
6296.3000 1.1426487
6297.2000 1.13932538
6298.1000 1.20992136
6299.0000 1.27379966
6299.9000 1.29108155
6300.8000 1.27382553
6301.7000 1.255759
6302.6000 1.25756049
6303.5000 1.27205944
6304.4000 1.26976442
6305.3000 1.23809779
6306.2000 1.24688661
6307.1000 1.33902788
6308.0000 1.40681171
6308.9000 1.41172969
6309.8000 1.37704015
6310.7000 1.31893277
6311.6000 1.28152001
6312.5000 1.29585266
6313.4000 1.33597302
6314.3000 1.32533264
6315.2000 1.29430711
6316.1000 1.32052362
6317.0000 1.32561493
6317.9000 1.26203036
6318.8000 1.24701595
6319.7000 1.31247079
6320.6000 1.35376847
6321.5000 1.34971666
6322.4000 1.34914672
6323.3000 1.37435138
6324.2000 1.38241398
6325.1000 1.35831344
6326.0000 1.35549128
6326.9000 1.3660816
6327.8000 1.40161109
6328.7000 1.45414817
6329.6000 1.43908143
6330.5000 1.40407479
6331.4000 1.43210304
6332.3000 1.47527552
6333.2000 1.48760104
6334.1000 1.44658506
6335.0000 1.34157693
6335.9000 1.27229428
6336.8000 1.31925404
6337.7000 1.39600062
6338.6000 1.4163779
6339.5000 1.42535615
6340.4000 1.45921433
6341.3000 1.46239614
6342.2000 1.41533875
6343.1000 1.34170282
6344.0000 1.27406478
6344.9000 1.27438664
6345.8000 1.34536028
6346.7000 1.41284847
6347.6000 1.44564402
6348.5000 1.4528358
6349.4000 1.44671249
6350.3000 1.45192444
6351.2000 1.46558464
6352.1000 1.45975184
6353.0000 1.4297204
6353.9000 1.3812505
6354.8000 1.34380901
6355.7000 1.35614169
6356.6000 1.37577581
6357.5000 1.32702649
6358.4000 1.24162042
6359.3000 1.20240104
6360.2000 1.21523154
6361.1000 1.22073472
6362.0000 1.20831394
6362.9000 1.21678448
6363.8000 1.25277209
6364.7000 1.29027355
6365.6000 1.33122492
6366.5000 1.3770752
6367.4000 1.43281913
6368.3000 1.48358774
6369.2000 1.49289453
6370.1000 1.47897065
6371.0000 1.47934842
6371.9000 1.51536632
6372.8000 1.54605758
6373.7000 1.52932417
6374.6000 1.50014639
6375.5000 1.50127327
6376.4000 1.52153015
6377.3000 1.4984647
6378.2000 1.41360986
6379.1000 1.35902154
6380.0000 1.38625515
6380.9000 1.42158628
6381.8000 1.45524836
6382.7000 1.49166238
6383.6000 1.48404753
6384.5000 1.45763075
6385.4000 1.46363056
6386.3000 1.48598337
6387.2000 1.48709667
6388.1000 1.47565126
6389.0000 1.4750092
6389.9000 1.48837924
6390.8000 1.49177897
6391.7000 1.45538449
6392.6000 1.36443758
6393.5000 1.2979753
6394.4000 1.33566952
6395.3000 1.42240787
6396.2000 1.49243593
6397.1000 1.5365659
6398.0000 1.53014278
6398.9000 1.45702899
6399.8000 1.34193599
6400.7000 1.34024334
6401.6000 1.47153974
6402.5000 1.55069041
6403.4000 1.56349993
6404.3000 1.56791806
6405.2000 1.55632746
6406.1000 1.53104079
6407.0000 1.49350393
6407.9000 1.46561491
6408.8000 1.49766386
6409.7000 1.54479373
6410.6000 1.51298904
6411.5000 1.43826151
6412.4000 1.39936745
6413.3000 1.39807081
6414.2000 1.42806733
6415.1000 1.4916178
6416.0000 1.53906798
6416.9000 1.53160858
6417.8000 1.49150395
6418.7000 1.45266986
6419.6000 1.4118185
6420.5000 1.38017082
6421.4000 1.39229369
6422.3000 1.47437608
6423.2000 1.55510247
6424.1000 1.5548526
6425.0000 1.52468336
6425.9000 1.53340971
6426.8000 1.56588924
6427.7000 1.57838964
6428.6000 1.54598558
6429.5000 1.45153594
6430.4000 1.33403397
6431.3000 1.32390094
6432.2000 1.43832469
6433.1000 1.52585089
6434.0000 1.53935158
6434.9000 1.52948999
6435.8000 1.54683173
6436.7000 1.57991946
6437.6000 1.54389536
6438.5000 1.45672286
6439.4000 1.45433223
6440.3000 1.56073105
6441.2000 1.63418615
6442.1000 1.64082682
6443.0000 1.63152134
6443.9000 1.62742555
6444.8000 1.62097752
6445.7000 1.62672889
6446.6000 1.63203192
6447.5000 1.58315408
6448.4000 1.45309854
6449.3000 1.29279006
6450.2000 1.23895371
6451.1000 1.33339715
6452.0000 1.44470954
6452.9000 1.54462409
6453.8000 1.60743558
6454.7000 1.56915092
6455.6000 1.52402127
6456.5000 1.56156552
6457.4000 1.62663186
6458.3000 1.65688074
6459.2000 1.6652298
6460.1000 1.66975379
6461.0000 1.62609446
6461.9000 1.50134265
6462.8000 1.40804148
6463.7000 1.4567436
6464.6000 1.53622425
6465.5000 1.57535911
6466.4000 1.58309853
6467.3000 1.59785414
6468.2000 1.61900663
6469.1000 1.60102189
6470.0000 1.57756042
6470.9000 1.55877173
6471.8000 1.55820501
6472.7000 1.57203281
6473.6000 1.53676176
6474.5000 1.48133886
6475.4000 1.46348
6476.3000 1.50243759
6477.2000 1.5627712
6478.1000 1.5693562
6479.0000 1.55498183
6479.9000 1.5439713
6480.8000 1.48955047
6481.7000 1.40309405
6482.6000 1.3630538
6483.5000 1.39216065
6484.4000 1.43434799
6485.3000 1.46971011
6486.2000 1.48923767
6487.1000 1.50042522
6488.0000 1.50885129
6488.9000 1.48973882
6489.8000 1.43714488
6490.7000 1.41352928
6491.6000 1.43670142
6492.5000 1.42905283
6493.4000 1.32200491
6494.3000 1.18314254
6495.2000 1.14779449
6496.1000 1.19055784
6497.0000 1.22943389
6497.9000 1.27175796
6498.8000 1.29193783
6499.7000 1.3232305
6500.6000 1.38816285
6501.5000 1.42605913
6502.4000 1.44495964
6503.3000 1.44829559
6504.2000 1.45104253
6505.1000 1.48462224
6506.0000 1.51026678
6506.9000 1.48550439
6507.8000 1.42592013
6508.7000 1.39907682
6509.6000 1.44824231
6510.5000 1.51317847
6511.4000 1.5250771
6512.3000 1.51425219
6513.2000 1.52021456
6514.1000 1.51311815
6515.0000 1.47800946
6515.9000 1.46533322
6516.8000 1.46111357
6517.7000 1.43393147
6518.6000 1.42037749
6519.5000 1.46166909
6520.4000 1.52513278
6521.3000 1.55845761
6522.2000 1.54996264
6523.1000 1.53187263
6524.0000 1.54452503
6524.9000 1.56141889
6525.8000 1.54068077
6526.7000 1.49441576
6527.6000 1.49186301
6528.5000 1.53492343
6529.4000 1.56692314
6530.3000 1.56564498
6531.2000 1.51349235
6532.1000 1.46361053
6533.0000 1.47884881
6533.9000 1.53075206
6534.8000 1.58725309
6535.7000 1.62208378
6536.6000 1.58693993
6537.5000 1.53261209
6538.4000 1.55265486
6539.3000 1.6259762
6540.2000 1.65927601
6541.1000 1.63590705
6542.0000 1.57028198
6542.9000 1.49350202
6543.8000 1.46226823
6544.7000 1.47468102
6545.6000 1.45108259
6546.5000 1.43335211
6547.4000 1.48069024
6548.3000 1.52280927
6549.2000 1.51929426
6550.1000 1.48639429
6551.0000 1.44623899
6551.9000 1.43357098
6552.8000 1.45986903
6553.7000 1.433164
6554.6000 1.38476503
6555.5000 1.37805212
6556.4000 1.40203798
6557.3000 1.44238901
6558.2000 1.47301543
6559.1000 1.51313984
6560.0000 1.53365374
6560.9000 1.46626556
6561.8000 1.22165346
6562.7000 0.96168381
6563.6000 1.04788518
6564.5000 1.33132696
6565.4000 1.47159016
6566.3000 1.50723732
6567.2000 1.5475198
6568.1000 1.53470898
6569.0000 1.47434032
6569.9000 1.46584308
6570.8000 1.49740148
6571.7000 1.46901095
6572.6000 1.39830744
6573.5000 1.35883534
6574.4000 1.34461582
6575.3000 1.38335228
6576.2000 1.46843517
6577.1000 1.52615845
6578.0000 1.53443086
6578.9000 1.51173306
6579.8000 1.47187603
6580.7000 1.41896272
6581.6000 1.43333972
6582.5000 1.51792157
6583.4000 1.55876005
6584.3000 1.55725551
6585.2000 1.53029001
6586.1000 1.50356889
6587.0000 1.53366816
6587.9000 1.58845401
6588.8000 1.59634948
6589.7000 1.57561469
6590.6000 1.55208611
6591.5000 1.48942077
6592.4000 1.3800633
6593.3000 1.30937588
6594.2000 1.37032938
6595.1000 1.47298777
6596.0000 1.51840067
6596.9000 1.51421368
6597.8000 1.47488356
6598.7000 1.43621886
6599.6000 1.46083426
6600.5000 1.53411269
6601.4000 1.57761443
6602.3000 1.57608807
6603.2000 1.55651474
6604.1000 1.52407169
6605.0000 1.46985888
6605.9000 1.43717539
6606.8000 1.44322646
6607.7000 1.42711651
6608.6000 1.37490511
6609.5000 1.3758682
6610.4000 1.48600864
6611.3000 1.57237613
6612.2000 1.5680331
6613.1000 1.51253021
6614.0000 1.48940718
6614.9000 1.54642153
6615.8000 1.58412266
6616.7000 1.57018971
6617.6000 1.54561186
6618.5000 1.54655659
6619.4000 1.56502295
6620.3000 1.57886326
6621.2000 1.57276785
6622.1000 1.54042375
6623.0000 1.47730041
6623.9000 1.39168632
6624.8000 1.35675585
6625.7000 1.42221522
6626.6000 1.48480439
6627.5000 1.49772787
6628.4000 1.49338138
6629.3000 1.47595453
6630.2000 1.46392012
6631.1000 1.46916735
6632.0000 1.45877862
6632.9000 1.43567657
6633.8000 1.42432415
6634.7000 1.45663142
6635.6000 1.48894322
6636.5000 1.50961804
6637.4000 1.5319196
6638.3000 1.53055859
6639.2000 1.50311303
6640.1000 1.49961376
6641.0000 1.54275453
6641.9000 1.5555923
6642.8000 1.48752093
6643.7000 1.4342134
6644.6000 1.48240864
6645.5000 1.53561652
6646.4000 1.52458477
6647.3000 1.48958099
6648.2000 1.48329127
6649.1000 1.49973154
6650.0000 1.4725517
6650.9000 1.41019547
6651.8000 1.37748039
6652.7000 1.40018272
6653.6000 1.42583668
6654.5000 1.43954444
6655.4000 1.4389168
6656.3000 1.41754448
6657.2000 1.40985453
6658.1000 1.42804182
6659.0000 1.4371568
6659.9000 1.42066956
6660.8000 1.41082001
6661.7000 1.40411162
6662.6000 1.36599946
6663.5000 1.34269965
6664.4000 1.3840518
6665.3000 1.39814305
6666.2000 1.37421811
6667.1000 1.36976993
6668.0000 1.39951468
6668.9000 1.44468868
6669.8000 1.48540902
6670.7000 1.51101494
6671.6000 1.51674044
6672.5000 1.50687337
6673.4000 1.49376869
6674.3000 1.49126184
6675.2000 1.49903119
6676.1000 1.4772197
6677.0000 1.38075209
6677.9000 1.27877963
6678.8000 1.30757439
6679.7000 1.38885343
6680.6000 1.37955487
6681.5000 1.33068514
6682.4000 1.33756435
6683.3000 1.38028586
6684.2000 1.41032112
6685.1000 1.4148035
6686.0000 1.41105223
6686.9000 1.39301407
6687.8000 1.36717248
6688.7000 1.37769127
6689.6000 1.40566814
6690.5000 1.41514277
6691.4000 1.41959155
6692.3000 1.42600441
6693.2000 1.42722881
6694.1000 1.4262625
6695.0000 1.40481913
6695.9000 1.36302745
6696.8000 1.35476995
6697.7000 1.38046479
6698.6000 1.4108572
6699.5000 1.44621432
6700.4000 1.4756912
6701.3000 1.47793162
6702.2000 1.45840681
6703.1000 1.42816985
6704.0000 1.40859437
6704.9000 1.41630733
6705.8000 1.43980181
6706.7000 1.45812511
6707.6000 1.47098148
6708.5000 1.46738458
6709.4000 1.43521893
6710.3000 1.40459454
6711.2000 1.42378533
6712.1000 1.44217372
6713.0000 1.41583323
6713.9000 1.36889362
6714.8000 1.31184351
6715.7000 1.26801896
6716.6000 1.23975563
6717.5000 1.22063506
6718.4000 1.26060903
6719.3000 1.31816006
6720.2000 1.34572232
6721.1000 1.34214747
6722.0000 1.33263218
6722.9000 1.34333873
6723.8000 1.35231054
6724.7000 1.33816624
6725.6000 1.32017553
6726.5000 1.32308745
6727.4000 1.34894669
6728.3000 1.36783934
6729.2000 1.37941456
6730.1000 1.38715386
6731.0000 1.39028955
6731.9000 1.39001095
6732.8000 1.38852251
6733.7000 1.38717651
6734.6000 1.38494563
6735.5000 1.39111006
6736.4000 1.39420879
6737.3000 1.37808502
6738.2000 1.34786725
6739.1000 1.3209852
6740.0000 1.33670521
6740.9000 1.38072538
6741.8000 1.37136555
6742.7000 1.32178223
6743.6000 1.32614815
6744.5000 1.36569715
6745.4000 1.37024212
6746.3000 1.34236217
6747.2000 1.31405759
6748.1000 1.29408216
6749.0000 1.28373265
6749.9000 1.29761195
6750.8000 1.32932687
6751.7000 1.30418634
6752.6000 1.2313056
6753.5000 1.24418128
6754.4000 1.32204032
6755.3000 1.36474931
6756.2000 1.38584805
6757.1000 1.41716647
6758.0000 1.43486774
6758.9000 1.43447828
6759.8000 1.43878675
6760.7000 1.42955887
6761.6000 1.39855003
6762.5000 1.39128649
6763.4000 1.42003715
6764.3000 1.43211401
6765.2000 1.40096939
6766.1000 1.3443507
6767.0000 1.32934344
6767.9000 1.3703078
6768.8000 1.40663958
6769.7000 1.40857279
6770.6000 1.38953507
6771.5000 1.39639235
6772.4000 1.43756068
6773.3000 1.46896744
6774.2000 1.48303831
6775.1000 1.49353278
6776.0000 1.50132704
6776.9000 1.50186884
6777.8000 1.49727952
6778.7000 1.51107371
6779.6000 1.52386928
6780.5000 1.49894869
6781.4000 1.43921924
6782.3000 1.36660826
6783.2000 1.29736924
6784.1000 1.25643981
6785.0000 1.2581476
6785.9000 1.29452479
6786.8000 1.34496057
6787.7000 1.38743627
6788.6000 1.39055765
6789.5000 1.36580527
6790.4000 1.37554729
6791.3000 1.40703344
6792.2000 1.39848852
6793.1000 1.35303879
6794.0000 1.34169865
6794.9000 1.3748579
6795.8000 1.39762282
6796.7000 1.41446185
6797.6000 1.42192245
6798.5000 1.41355383
6799.4000 1.42643583
6800.3000 1.44698417
6801.2000 1.45579267
6802.1000 1.46641755
6803.0000 1.45812297
6803.9000 1.43967593
6804.8000 1.45154893
6805.7000 1.46436071
6806.6000 1.44618583
6807.5000 1.44535053
6808.4000 1.47059202
6809.3000 1.47417676
6810.2000 1.46398985
6811.1000 1.4598335
6812.0000 1.44925582
6812.9000 1.44416988
6813.8000 1.42882061
6814.7000 1.37226439
6815.6000 1.36142874
6816.5000 1.42086422
6817.4000 1.46556616
6818.3000 1.46610272
6819.2000 1.44097209
6820.1000 1.42892158
6821.0000 1.44774497
6821.9000 1.47464299
6822.8000 1.49183559
6823.7000 1.50099599
6824.6000 1.5057292
6825.5000 1.51585174
6826.4000 1.51272142
6827.3000 1.47446036
6828.2000 1.43019032
6829.1000 1.42024934
6830.0000 1.45038569
6830.9000 1.48211968
6831.8000 1.4709301
6832.7000 1.4430449
6833.6000 1.46122074
6834.5000 1.50470662
6835.4000 1.52482808
6836.3000 1.51824021
6837.2000 1.51372385
6838.1000 1.50992203
6839.0000 1.48761797
6839.9000 1.45634615
6840.8000 1.42485166
6841.7000 1.40387464
6842.6000 1.4374454
6843.5000 1.49274623
6844.4000 1.51561844
6845.3000 1.51954865
6846.2000 1.5117656
6847.1000 1.50915289
6848.0000 1.52208221
6848.9000 1.50815475
6849.8000 1.46624458
6850.7000 1.44683349
6851.6000 1.45513415
6852.5000 1.4704746
6853.4000 1.47252953
6854.3000 1.44020402
6855.2000 1.41063583
6856.1000 1.42962861
6857.0000 1.45858049
6857.9000 1.4730581
6858.8000 1.48484373
6859.7000 1.46165311
6860.6000 1.39947295
6861.5000 1.36633015
6862.4000 1.41121542
6863.3000 1.49913824
6864.2000 1.54600215
6865.1000 1.53905308
6866.0000 1.52241862
6866.9000 1.49515045
6867.8000 1.43872869
6868.7000 1.39305174
6869.6000 1.44299352
6870.5000 1.50102711
6871.4000 1.45546901
6872.3000 1.40680206
6873.2000 1.44272375
6874.1000 1.48408329
6875.0000 1.50450623
6875.9000 1.5146091
6876.8000 1.53063273
6877.7000 1.55350959
6878.6000 1.57799816
6879.5000 1.57879233
6880.4000 1.53797245
6881.3000 1.4985404
6882.2000 1.46826613
6883.1000 1.45903313
6884.0000 1.48766518
6884.9000 1.52651238
6885.8000 1.52989399
6886.7000 1.51462197
6887.6000 1.54990411
6888.5000 1.59733582
6889.4000 1.58643568
6890.3000 1.56642234
6891.2000 1.5967555
6892.1000 1.60516047
6893.0000 1.57042289
6893.9000 1.57079101
6894.8000 1.60283732
6895.7000 1.59992671
6896.6000 1.56239474
6897.5000 1.56613731
6898.4000 1.61521447
6899.3000 1.621647
6900.2000 1.56473219
6901.1000 1.54517639
6902.0000 1.62140596
6902.9000 1.68718553
6903.8000 1.66706979
6904.7000 1.60226119
6905.6000 1.58587289
6906.5000 1.63462424
6907.4000 1.66775429
6908.3000 1.65401936
6909.2000 1.6364814
6910.1000 1.62489915
6911.0000 1.59980369
6911.9000 1.56981289
6912.8000 1.55466425
6913.7000 1.5170536
6914.6000 1.51273119
6915.5000 1.57876217
6916.4000 1.59866214
6917.3000 1.5936085
6918.2000 1.5862149
6919.1000 1.57632279
6920.0000 1.60212815
6920.9000 1.62969828
6921.8000 1.64795637
6922.7000 1.64498305
6923.6000 1.580621
6924.5000 1.4993546
6925.4000 1.48791444
6926.3000 1.52913141
6927.2000 1.5870856
6928.1000 1.62204599
6929.0000 1.61900544
6929.9000 1.59099293
6930.8000 1.58898675
6931.7000 1.59290481
6932.6000 1.5515399
6933.5000 1.52841616
6934.4000 1.57187378
6935.3000 1.60785162
6936.2000 1.61088765
6937.1000 1.59900284
6938.0000 1.58337784
6938.9000 1.57136357
6939.8000 1.59134912
6940.7000 1.60534441
6941.6000 1.59702539
6942.5000 1.56294036
6943.4000 1.52919734
6944.3000 1.51289475
6945.2000 1.51789117
6946.1000 1.58879519
6947.0000 1.62687802
6947.9000 1.60793734
6948.8000 1.61181605
6949.7000 1.61948597
6950.6000 1.5916909
6951.5000 1.56556833
6952.4000 1.57249975
6953.3000 1.54450035
6954.2000 1.52001286
6955.1000 1.56746566
6956.0000 1.61840177
6956.9000 1.61360812
6957.8000 1.61986244
6958.7000 1.65653348
6959.6000 1.65377128
6960.5000 1.65026474
6961.4000 1.65823019
6962.3000 1.65095377
6963.2000 1.67041683
6964.1000 1.69363117
6965.0000 1.67237115
6965.9000 1.63880908
6966.8000 1.65243578
6967.7000 1.7070632
6968.6000 1.72674525
6969.5000 1.70922482
6970.4000 1.65515125
6971.3000 1.623469
6972.2000 1.65616548
6973.1000 1.69521141
6974.0000 1.68242884
6974.9000 1.6562624
6975.8000 1.64802873
6976.7000 1.61796367
6977.6000 1.51474321
6978.5000 1.40437782
6979.4000 1.44686067
6980.3000 1.57553172
6981.2000 1.64076662
6982.1000 1.67533565
6983.0000 1.70478952
6983.9000 1.70954108
6984.8000 1.71333885
6985.7000 1.71946967
6986.6000 1.70273948
6987.5000 1.67365766
6988.4000 1.63995695
6989.3000 1.59753036
6990.2000 1.57215822
6991.1000 1.6227417
6992.0000 1.68578815
6992.9000 1.71108758
6993.8000 1.68389189
6994.7000 1.6499548
6995.6000 1.67269075
6996.5000 1.68793023
6997.4000 1.69906235
6998.3000 1.68528163
6999.2000 1.61584139
7000.1000 1.59290361
7001.0000 1.64485669
7001.9000 1.69836593
7002.8000 1.71919382
7003.7000 1.67672718
7004.6000 1.62613761
7005.5000 1.62827086
7006.4000 1.66046417
7007.3000 1.67304873
7008.2000 1.67462587
7009.1000 1.70337939
7010.0000 1.69553268
7010.9000 1.64987898
7011.8000 1.65132642
7012.7000 1.71096468
7013.6000 1.73449445
7014.5000 1.66492379
7015.4000 1.54010236
7016.3000 1.45745456
7017.2000 1.54214954
7018.1000 1.68321323
7019.0000 1.73566389
7019.9000 1.73133278
7020.8000 1.72689557
7021.7000 1.7176429
7022.6000 1.66670775
7023.5000 1.59078932
7024.4000 1.5703584
7025.3000 1.62929916
7026.2000 1.66167355
7027.1000 1.63234711
7028.0000 1.60570574
7028.9000 1.63430238
7029.8000 1.69335842
7030.7000 1.72322285
7031.6000 1.72707236
7032.5000 1.71276605
7033.4000 1.70958078
7034.3000 1.73498285
7035.2000 1.77523005
7036.1000 1.78802776
7037.0000 1.71933603
7037.9000 1.59861887
7038.8000 1.56852365
7039.7000 1.66377234
7040.6000 1.78213096
7041.5000 1.85104978
7042.4000 1.8668915
7043.3000 1.84748352
7044.2000 1.78615308
7045.1000 1.73838866
7046.0000 1.75131702
7046.9000 1.79262209
7047.8000 1.83898234
7048.7000 1.859689
7049.6000 1.83896089
7050.5000 1.78355503
7051.4000 1.71024418
7052.3000 1.60198045
7053.2000 1.47736764
7054.1000 1.36243176
7055.0000 1.33194828
7055.9000 1.42429864
7056.8000 1.53614271
7057.7000 1.57430923
7058.6000 1.54763877
7059.5000 1.4818145
7060.4000 1.43941963
7061.3000 1.45054972
7062.2000 1.47017407
7063.1000 1.48313546
7064.0000 1.50376201
7064.9000 1.4933933
7065.8000 1.45146322
7066.7000 1.43028522
7067.6000 1.41628969
7068.5000 1.39525688
7069.4000 1.43305349
7070.3000 1.51525652
7071.2000 1.56081402
7072.1000 1.56536531
7073.0000 1.56036162
7073.9000 1.56079495
7074.8000 1.56065023
7075.7000 1.55273235
7076.6000 1.54710233
7077.5000 1.55947018
7078.4000 1.57600331
7079.3000 1.58789408
7080.2000 1.60919631
7081.1000 1.62691033
7082.0000 1.60541606
7082.9000 1.53573263
7083.8000 1.42959082
7084.7000 1.37454438
7085.6000 1.4282825
7086.5000 1.42732418
7087.4000 1.29407418
7088.3000 1.19905508
7089.2000 1.21783125
7090.1000 1.27535784
7091.0000 1.33741581
7091.9000 1.35801184
7092.8000 1.3239007
7093.7000 1.3040154
7094.6000 1.30073595
7095.5000 1.2937932
7096.4000 1.30280721
7097.3000 1.32186449
7098.2000 1.34825718
7099.1000 1.36962891
7100.0000 1.3688972
7100.9000 1.34797788
7101.8000 1.31050301
7102.7000 1.2713263
7103.6000 1.28587854
7104.5000 1.36074233
7105.4000 1.41116679
7106.3000 1.3993938
7107.2000 1.38625574
7108.1000 1.40246105
7109.0000 1.40860343
7109.9000 1.36935258
7110.8000 1.31535149
7111.7000 1.30822122
7112.6000 1.36450279
7113.5000 1.42156601
7114.4000 1.43042719
7115.3000 1.43280303
7116.2000 1.46036327
7117.1000 1.47423255
7118.0000 1.46525872
7118.9000 1.4656713
7119.8000 1.47100496
7120.7000 1.47772121
7121.6000 1.47342372
7122.5000 1.47447312
7123.4000 1.4849546
7124.3000 1.41672194
7125.2000 1.24739444
7126.1000 1.11674941
7127.0000 1.1285547
7127.9000 1.21855259
7128.8000 1.25274575
7129.7000 1.2222904
7130.6000 1.17594457
7131.5000 1.16990149
7132.4000 1.20598018
7133.3000 1.24181163
7134.2000 1.26626658
7135.1000 1.27461708
7136.0000 1.28283477
7136.9000 1.29441881
7137.8000 1.2688731
7138.7000 1.2304492
7139.6000 1.24785817
7140.5000 1.30595458
7141.4000 1.3391732
7142.3000 1.33456171
7143.2000 1.33187199
7144.1000 1.34344506
7145.0000 1.35357881
7145.9000 1.36297655
7146.8000 1.35516489
7147.7000 1.32333696
7148.6000 1.31785297
7149.5000 1.34281969
7150.4000 1.35227394
7151.3000 1.36141038
7152.2000 1.40334618
7153.1000 1.44270241
7154.0000 1.42963755
7154.9000 1.39270043
7155.8000 1.4113934
7156.7000 1.47275102
7157.6000 1.47429848
7158.5000 1.40219164
7159.4000 1.33764505
7160.3000 1.33825827
7161.2000 1.38970149
7162.1000 1.43692601
7163.0000 1.42890787
7163.9000 1.37356949
7164.8000 1.33336937
7165.7000 1.35821176
7166.6000 1.40781379
7167.5000 1.42431748
7168.4000 1.40205455
7169.3000 1.3834939
7170.2000 1.40046215
7171.1000 1.42866397
7172.0000 1.46187985
7172.9000 1.46068788
7173.8000 1.40948224
7174.7000 1.39395797
7175.6000 1.42060494
7176.5000 1.42067766
7177.4000 1.40683317
7178.3000 1.40217125
7179.2000 1.38703215
7180.1000 1.34883964
7181.0000 1.33030367
7181.9000 1.34526896
7182.8000 1.42183375
7183.7000 1.52967262
7184.6000 1.56128514
7185.5000 1.53600359
7186.4000 1.48374116
7187.3000 1.35493433
7188.2000 1.28222525
7189.1000 1.31503201
7190.0000 1.39006734
7190.9000 1.46388936
7191.8000 1.45388937
7192.7000 1.40383053
7193.6000 1.43068397
7194.5000 1.46468747
7195.4000 1.46746087
7196.3000 1.41725302
7197.2000 1.34506595
7198.1000 1.33508837
7199.0000 1.39416075
7199.9000 1.46522391
7200.8000 1.47376919
7201.7000 1.42169166
7202.6000 1.46931291
7203.5000 1.55273247
7204.4000 1.55312049
7205.3000 1.53339946
7206.2000 1.50835431
7207.1000 1.43013871
7208.0000 1.39561415
7208.9000 1.40976799
7209.8000 1.43127716
7210.7000 1.49233174
7211.6000 1.52691686
7212.5000 1.49375737
7213.4000 1.46303093
7214.3000 1.46265745
7215.2000 1.46996355
7216.1000 1.47628093
7217.0000 1.50749588
7217.9000 1.564605
7218.8000 1.59290743
7219.7000 1.57801068
7220.6000 1.5651294
7221.5000 1.57219636
7222.4000 1.57756579
7223.3000 1.55764914
7224.2000 1.56784534
7225.1000 1.62933624
7226.0000 1.66823626
7226.9000 1.66845024
7227.8000 1.61141706
7228.7000 1.55350637
7229.6000 1.58700907
7230.5000 1.63568902
7231.4000 1.66594195
7232.3000 1.67523432
7233.2000 1.65545785
7234.1000 1.68665767
7235.0000 1.69455671
7235.9000 1.59064877
7236.8000 1.55296934
7237.7000 1.59983933
7238.6000 1.63186884
7239.5000 1.62433743
7240.4000 1.59625959
7241.3000 1.59258378
7242.2000 1.64362729
7243.1000 1.63863981
7244.0000 1.52962434
7244.9000 1.47135711
7245.8000 1.53897977
7246.7000 1.5930258
7247.6000 1.63478351
7248.5000 1.65916419
7249.4000 1.64305937
7250.3000 1.59559047
7251.2000 1.53689313
7252.1000 1.52950418
7253.0000 1.55518484
7253.9000 1.55509198
7254.8000 1.6024909
7255.7000 1.689623
7256.6000 1.73665762
7257.5000 1.71538174
7258.4000 1.66480577
7259.3000 1.65681386
7260.2000 1.63413429
7261.1000 1.53373921
7262.0000 1.52710438
7262.9000 1.64330292
7263.8000 1.71250093
7264.7000 1.74360621
7265.6000 1.72926307
7266.5000 1.71804595
7267.4000 1.76764572
7268.3000 1.76383734
7269.2000 1.71895921
7270.1000 1.66133654
7271.0000 1.62149417
7271.9000 1.65410888
7272.8000 1.69051194
7273.7000 1.70773995
7274.6000 1.76340878
7275.5000 1.78968692
7276.4000 1.76980841
7277.3000 1.71600759
7278.2000 1.67094302
7279.1000 1.71288037
7280.0000 1.73415685
7280.9000 1.67946351
7281.8000 1.62343562
7282.7000 1.62060297
7283.6000 1.65645325
7284.5000 1.67917061
7285.4000 1.72941077
7286.3000 1.79178846
7287.2000 1.77799284
7288.1000 1.71033204
7289.0000 1.72814679
7289.9000 1.76080573
7290.8000 1.66258574
7291.7000 1.58752418
7292.6000 1.63582182
7293.5000 1.7124536
7294.4000 1.77392757
7295.3000 1.80438745
7296.2000 1.83676243
7297.1000 1.82613325
7298.0000 1.78250909
7298.9000 1.72968256
7299.8000 1.70028675
7300.7000 1.74359167
7301.6000 1.79834533
7302.5000 1.77608597
7303.4000 1.73080671
7304.3000 1.7230984
7305.2000 1.72749233
7306.1000 1.71396542
7307.0000 1.70225596
7307.9000 1.70857716
7308.8000 1.74607992
7309.7000 1.75249946
7310.6000 1.70756114
7311.5000 1.68873787
7312.4000 1.72111404
7313.3000 1.75346959
7314.2000 1.76472867
7315.1000 1.72425497
7316.0000 1.68119955
7316.9000 1.68872571
7317.8000 1.68247736
7318.7000 1.69471562
7319.6000 1.77411652
7320.5000 1.82438791
7321.4000 1.84025586
7322.3000 1.82575047
7323.2000 1.76281083
7324.1000 1.72660232
7325.0000 1.72867978
7325.9000 1.72415304
7326.8000 1.78151667
7327.7000 1.85329843
7328.6000 1.87503481
7329.5000 1.85875738
7330.4000 1.82761896
7331.3000 1.79511237
7332.2000 1.79304075
7333.1000 1.81521857
7334.0000 1.83398652
7334.9000 1.84373188
7335.8000 1.85588455
7336.7000 1.8702302
7337.6000 1.84290802
7338.5000 1.82205403
7339.4000 1.84594214
7340.3000 1.89340413
7341.2000 1.92832315
7342.1000 1.91453779
7343.0000 1.83307672
7343.9000 1.71668768
7344.8000 1.71321678
7345.7000 1.81776166
7346.6000 1.8887651
7347.5000 1.93338394
7348.4000 1.9464972
7349.3000 1.90619552
7350.2000 1.82562244
7351.1000 1.77923954
7352.0000 1.79409373
7352.9000 1.80913019
7353.8000 1.78305066
7354.7000 1.71003473
7355.6000 1.6148001
7356.5000 1.60263383
7357.4000 1.6962738
7358.3000 1.84559715
7359.2000 1.93018711
7360.1000 1.88948166
7361.0000 1.77887619
7361.9000 1.69015849
7362.8000 1.66655612
7363.7000 1.67872691
7364.6000 1.73060703
7365.5000 1.76382756
7366.4000 1.75683582
7367.3000 1.80243886
7368.2000 1.81871116
7369.1000 1.79186487
7370.0000 1.80716479
7370.9000 1.84616029
7371.8000 1.84656608
7372.7000 1.83167231
7373.6000 1.82000983
7374.5000 1.81301916
7375.4000 1.80677652
7376.3000 1.80171394
7377.2000 1.82378554
7378.1000 1.85008085
7379.0000 1.86878264
7379.9000 1.84717524
7380.8000 1.78495026
7381.7000 1.71782267
7382.6000 1.69538069
7383.5000 1.70793664
7384.4000 1.68569982
7385.3000 1.65300691
7386.2000 1.66305959
7387.1000 1.68582463
7388.0000 1.66623509
7388.9000 1.61970007
7389.8000 1.62159932
7390.7000 1.66433716
7391.6000 1.692523
7392.5000 1.69887578
7393.4000 1.71423638
7394.3000 1.77657676
7395.2000 1.81106925
7396.1000 1.78555751
7397.0000 1.77004814
7397.9000 1.76647949
7398.8000 1.73756313
7399.7000 1.70466077
7400.6000 1.73213899
7401.5000 1.81772733
7402.4000 1.89598656
7403.3000 1.94404995
7404.2000 1.95977199
7405.1000 1.94724846
7406.0000 1.94783628
7406.9000 1.95948052
7407.8000 1.92731249
7408.7000 1.87996173
7409.6000 1.86636293
7410.5000 1.87342489
7411.4000 1.90130615
7412.3000 1.91502631
7413.2000 0.00231081
7414.1000 0
7415.0000 0
7415.9000 0
7416.8000 0
7417.7000 0
7418.6000 0
7419.5000 0
7420.4000 0
7421.3000 0
7422.2000 0
7423.1000 0
7424.0000 0
7424.9000 0
7425.8000 0
7426.7000 0
7427.6000 0
7428.5000 0
7429.4000 0
