3500.0000 0
3500.9000 0
3501.8000 0
3502.7000 0
3503.6000 0
3504.5000 0
3505.4000 0
3506.3000 0
3507.2000 0
3508.1000 0
3509.0000 0
3509.9000 0
3510.8000 0
3511.7000 0
3512.6000 0
3513.5000 0
3514.4000 0
3515.3000 0
3516.2000 0
3517.1000 0
3518.0000 0
3518.9000 0
3519.8000 0
3520.7000 0
3521.6000 0
3522.5000 0
3523.4000 0
3524.3000 0
3525.2000 0
3526.1000 0
3527.0000 0
3527.9000 0
3528.8000 0
3529.7000 0
3530.6000 0
3531.5000 0
3532.4000 0
3533.3000 0
3534.2000 0
3535.1000 0.00458226
3536.0000 0.14184514
3536.9000 0.1540558
3537.8000 0.15827832
3538.7000 0.16257359
3539.6000 0.16081817
3540.5000 0.15089244
3541.4000 0.13638356
3542.3000 0.14074132
3543.2000 0.15540059
3544.1000 0.1585339
3545.0000 0.15736893
3545.9000 0.15040822
3546.8000 0.13095839
3547.7000 0.12103138
3548.6000 0.12938972
3549.5000 0.13058077
3550.4000 0.12818138
3551.3000 0.13397805
3552.2000 0.12282714
3553.1000 0.11634102
3554.0000 0.12227733
3554.9000 0.1300759
3555.8000 0.13287263
3556.7000 0.1252691
3557.6000 0.11362837
3558.5000 0.10980259
3559.4000 0.12001678
3560.3000 0.12879652
3561.2000 0.12943466
3562.1000 0.13429163
3563.0000 0.1327939
3563.9000 0.11197162
3564.8000 0.09067369
3565.7000 0.08051637
3566.6000 0.08298405
3567.5000 0.09400385
3568.4000 0.09313579
3569.3000 0.07919661
3570.2000 0.0706058
3571.1000 0.07018149
3572.0000 0.08057346
3572.9000 0.09119204
3573.8000 0.0998923
3574.7000 0.10148054
3575.6000 0.09834909
3576.5000 0.0904613
3577.4000 0.07771609
3578.3000 0.06259617
3579.2000 0.04933399
3580.1000 0.04568522
3581.0000 0.04830194
3581.9000 0.05571809
3582.8000 0.07415845
3583.7000 0.08989527
3584.6000 0.08688172
3585.5000 0.07452788
3586.4000 0.07160054
3587.3000 0.08010675
3588.2000 0.09377129
3589.1000 0.10632467
3590.0000 0.11246537
3590.9000 0.1107817
3591.8000 0.09683514
3592.7000 0.0750093
3593.6000 0.06241038
3594.5000 0.06964367
3595.4000 0.09052825
3596.3000 0.11034817
3597.2000 0.11674242
3598.1000 0.11567202
3599.0000 0.1244285
3599.9000 0.13917583
3600.8000 0.13889718
3601.7000 0.12210181
3602.6000 0.10798613
3603.5000 0.09823876
3604.4000 0.08114313
3605.3000 0.06613519
3606.2000 0.06973257
3607.1000 0.08393279
3608.0000 0.08623254
3608.9000 0.07462587
3609.8000 0.0729095
3610.7000 0.09050137
3611.6000 0.10909935
3612.5000 0.11938614
3613.4000 0.12603451
3614.3000 0.12996407
3615.2000 0.13193053
3616.1000 0.13053998
3617.0000 0.12017176
3617.9000 0.096623
3618.8000 0.07319862
3619.7000 0.07295294
3620.6000 0.09202819
3621.5000 0.11319591
3622.4000 0.13034512
3623.3000 0.13732389
3624.2000 0.13087569
3625.1000 0.12049563
3626.0000 0.12375107
3626.9000 0.13854298
3627.8000 0.14254911
3628.7000 0.13216378
3629.6000 0.11384083
3630.5000 0.09265162
3631.4000 0.07831204
3632.3000 0.08160641
3633.2000 0.09718194
3634.1000 0.10312711
3635.0000 0.09854851
3635.9000 0.10015159
3636.8000 0.11514518
3637.7000 0.12940785
3638.6000 0.13150266
3639.5000 0.13201085
3640.4000 0.13306031
3641.3000 0.1269103
3642.2000 0.11406298
3643.1000 0.10250375
3644.0000 0.09295999
3644.9000 0.08797497
3645.8000 0.09375231
3646.7000 0.09416783
3647.6000 0.08501798
3648.5000 0.08304846
3649.4000 0.09271757
3650.3000 0.11042777
3651.2000 0.12585697
3652.1000 0.12843201
3653.0000 0.11896535
3653.9000 0.11128168
3654.8000 0.11953513
3655.7000 0.13279755
3656.6000 0.13654269
3657.5000 0.13848528
3658.4000 0.14431913
3659.3000 0.14766778
3660.2000 0.14996947
3661.1000 0.1559974
3662.0000 0.15812671
3662.9000 0.15504487
3663.8000 0.15470175
3664.7000 0.15214783
3665.6000 0.14752534
3666.5000 0.14856488
3667.4000 0.15125684
3668.3000 0.14649525
3669.2000 0.13197996
3670.1000 0.12268597
3671.0000 0.12904474
3671.9000 0.13798927
3672.8000 0.14051768
3673.7000 0.13811477
3674.6000 0.13325825
3675.5000 0.13479447
3676.4000 0.14126344
3677.3000 0.13858427
3678.2000 0.12500866
3679.1000 0.10959172
3680.0000 0.1022676
3680.9000 0.1086163
3681.8000 0.12000366
3682.7000 0.12672664
3683.6000 0.13250789
3684.5000 0.14125197
3685.4000 0.14301735
3686.3000 0.12921387
3687.2000 0.10943348
3688.1000 0.10499708
3689.0000 0.11530557
3689.9000 0.12821527
3690.8000 0.14565793
3691.7000 0.15517965
3692.6000 0.1526372
3693.5000 0.15118943
3694.4000 0.14959088
3695.3000 0.14819305
3696.2000 0.14951432
3697.1000 0.14866047
3698.0000 0.14867009
3698.9000 0.15599795
3699.8000 0.16497304
3700.7000 0.16335899
3701.6000 0.15326703
3702.5000 0.14502023
3703.4000 0.13323286
3704.3000 0.11087646
3705.2000 0.09255949
3706.1000 0.09410495
3707.0000 0.10511
3707.9000 0.10817007
3708.8000 0.10572091
3709.7000 0.11193694
3710.6000 0.13171835
3711.5000 0.15544151
3712.4000 0.1681553
3713.3000 0.16651599
3714.2000 0.15935728
3715.1000 0.14882205
3716.0000 0.13211966
3716.9000 0.11436964
3717.8000 0.09950484
3718.7000 0.0827001
3719.6000 0.0663485
3720.5000 0.06241946
3721.4000 0.06918419
3722.3000 0.0762697
3723.2000 0.08686479
3724.1000 0.10356481
3725.0000 0.11683886
3725.9000 0.12067733
3726.8000 0.11745488
3727.7000 0.11287419
3728.6000 0.11072784
3729.5000 0.11058886
3730.4000 0.11036129
3731.3000 0.1068679
3732.2000 0.09881721
3733.1000 0.0884093
3734.0000 0.07837309
3734.9000 0.070995
3735.8000 0.06664604
3736.7000 0.06378044
3737.6000 0.06670783
3738.5000 0.08010573
3739.4000 0.09629125
3740.3000 0.10763011
3741.2000 0.11427727
3742.1000 0.11333592
3743.0000 0.10298757
3743.9000 0.08887941
3744.8000 0.0781895
3745.7000 0.07414322
3746.6000 0.07489065
3747.5000 0.07356878
3748.4000 0.06921113
3749.3000 0.07001066
3750.2000 0.08342766
3751.1000 0.10605285
3752.0000 0.12025367
3752.9000 0.11944859
3753.8000 0.12236362
3754.7000 0.13962907
3755.6000 0.15151468
3756.5000 0.14255637
3757.4000 0.11855847
3758.3000 0.098556
3759.2000 0.10270634
3760.1000 0.12562795
3761.0000 0.14341448
3761.9000 0.14072813
3762.8000 0.12375167
3763.7000 0.11176627
3764.6000 0.11502975
3765.5000 0.12328462
3766.4000 0.12054447
3767.3000 0.11380439
3768.2000 0.12296452
3769.1000 0.14538933
3770.0000 0.15713426
3770.9000 0.15768656
3771.8000 0.15863067
3772.7000 0.15820658
3773.6000 0.16095783
3774.5000 0.16211814
3775.4000 0.15722118
3776.3000 0.15461408
3777.2000 0.15536283
3778.1000 0.15542375
3779.0000 0.15424067
3779.9000 0.154698
3780.8000 0.15694688
3781.7000 0.15935263
3782.6000 0.16096771
3783.5000 0.16217363
3784.4000 0.16189849
3785.3000 0.1573894
3786.2000 0.14837264
3787.1000 0.13667615
3788.0000 0.12738517
3788.9000 0.12599227
3789.8000 0.12918572
3790.7000 0.13550276
3791.6000 0.14828755
3792.5000 0.15584858
3793.4000 0.14723983
3794.3000 0.13270015
3795.2000 0.13027003
3796.1000 0.14421637
3797.0000 0.15481922
3797.9000 0.1444193
3798.8000 0.12458662
3799.7000 0.12202691
3800.6000 0.14213331
3801.5000 0.16217472
3802.4000 0.16842914
3803.3000 0.167473
3804.2000 0.16908917
3805.1000 0.17466505
3806.0000 0.16767256
3806.9000 0.14582355
3807.8000 0.1366591
3808.7000 0.14803374
3809.6000 0.16183607
3810.5000 0.16650279
3811.4000 0.16078471
3812.3000 0.14834078
3813.2000 0.13786714
3814.1000 0.13259937
3815.0000 0.12561771
3815.9000 0.11889692
3816.8000 0.12299934
3817.7000 0.12927462
3818.6000 0.12231852
3819.5000 0.10450888
3820.4000 0.09009319
3821.3000 0.09135385
3822.2000 0.10231037
3823.1000 0.1060677
3824.0000 0.09737042
3824.9000 0.08433498
3825.8000 0.08061554
3826.7000 0.08819307
3827.6000 0.09479367
3828.5000 0.10097838
3829.4000 0.11502971
3830.3000 0.12916592
3831.2000 0.13137287
3832.1000 0.12249491
3833.0000 0.1099885
3833.9000 0.10448866
3834.8000 0.11600559
3835.7000 0.1364959
3836.6000 0.14575076
3837.5000 0.13773213
3838.4000 0.12087232
3839.3000 0.10696416
3840.2000 0.10076618
3841.1000 0.10373857
3842.0000 0.12334721
3842.9000 0.15108956
3843.8000 0.16712004
3844.7000 0.17055079
3845.6000 0.16885738
3846.5000 0.16578707
3847.4000 0.16635586
3848.3000 0.16395785
3849.2000 0.14892185
3850.1000 0.13484408
3851.0000 0.13953078
3851.9000 0.15137623
3852.8000 0.15347292
3853.7000 0.15034156
3854.6000 0.14217789
3855.5000 0.12270968
3856.4000 0.10541554
3857.3000 0.10179313
3858.2000 0.09868989
3859.1000 0.08966618
3860.0000 0.08800889
3860.9000 0.099433
3861.8000 0.11755754
3862.7000 0.13703957
3863.6000 0.14732286
3864.5000 0.14223491
3865.4000 0.13724388
3866.3000 0.14505316
3867.2000 0.15677591
3868.1000 0.16285798
3869.0000 0.16521487
3869.9000 0.16333936
3870.8000 0.15669028
3871.7000 0.1497829
3872.6000 0.14325017
3873.5000 0.1404075
3874.4000 0.14433306
3875.3000 0.14484373
3876.2000 0.13830967
3877.1000 0.12923859
3878.0000 0.1185758
3878.9000 0.11869491
3879.8000 0.13756272
3880.7000 0.158508
3881.6000 0.16350068
3882.5000 0.15769072
3883.4000 0.15195036
3884.3000 0.14264907
3885.2000 0.12402593
3886.1000 0.10571654
3887.0000 0.10549737
3887.9000 0.1221524
3888.8000 0.14302096
3889.7000 0.1620011
3890.6000 0.1764508
3891.5000 0.18334728
3892.4000 0.18017803
3893.3000 0.17053555
3894.2000 0.15816601
3895.1000 0.14629447
3896.0000 0.14260863
3896.9000 0.14884146
3897.8000 0.15393056
3898.7000 0.14880332
3899.6000 0.14018396
3900.5000 0.14170405
3901.4000 0.15366061
3902.3000 0.1611308
3903.2000 0.16366664
3904.1000 0.16984227
3905.0000 0.17049503
3905.9000 0.1620658
3906.8000 0.15769735
3907.7000 0.16277537
3908.6000 0.17370863
3909.5000 0.18377547
3910.4000 0.18564524
3911.3000 0.1823563
3912.2000 0.18306711
3913.1000 0.18954866
3914.0000 0.19514403
3914.9000 0.19521375
3915.8000 0.19221269
3916.7000 0.18708801
3917.6000 0.180015
3918.5000 0.16975287
3919.4000 0.15279342
3920.3000 0.13645701
3921.2000 0.13146162
3922.1000 0.13282216
3923.0000 0.13361298
3923.9000 0.14002772
3924.8000 0.1535335
3925.7000 0.16270934
3926.6000 0.15705608
3927.5000 0.14026849
3928.4000 0.12548961
3929.3000 0.11665034
3930.2000 0.10891392
3931.1000 0.10847934
3932.0000 0.13994518
3932.9000 0.21015622
3933.8000 0.25781998
3934.7000 0.22300141
3935.6000 0.15581107
3936.5000 0.13199252
3937.4000 0.14504346
3938.3000 0.16161636
3939.2000 0.17127247
3940.1000 0.16961628
3941.0000 0.1581313
3941.9000 0.14259534
3942.8000 0.12175169
3943.7000 0.10042774
3944.6000 0.09748352
3945.5000 0.12062582
3946.4000 0.1512523
3947.3000 0.16432177
3948.2000 0.1596996
3949.1000 0.16281378
3950.0000 0.18220663
3950.9000 0.20026742
3951.8000 0.20308347
3952.7000 0.19711068
3953.6000 0.19873416
3954.5000 0.20356493
3955.4000 0.19263197
3956.3000 0.16919993
3957.2000 0.15096453
3958.1000 0.1435145
3959.0000 0.13889864
3959.9000 0.12394548
3960.8000 0.0993738
3961.7000 0.08464097
3962.6000 0.09217775
3963.5000 0.11411665
3964.4000 0.13459645
3965.3000 0.14382657
3966.2000 0.14539307
3967.1000 0.16262777
3968.0000 0.20879559
3968.9000 0.23388489
3969.8000 0.20410831
3970.7000 0.17008179
3971.6000 0.16467662
3972.5000 0.16886348
3973.4000 0.17616339
3974.3000 0.19413559
3975.2000 0.21414469
3976.1000 0.22312029
3977.0000 0.22646216
3977.9000 0.23473769
3978.8000 0.24221867
3979.7000 0.23955728
3980.6000 0.22693938
3981.5000 0.21221909
3982.4000 0.21014366
3983.3000 0.22237718
3984.2000 0.23607515
3985.1000 0.24690081
3986.0000 0.25418231
3986.9000 0.25680295
3987.8000 0.25426057
3988.7000 0.23988436
3989.6000 0.21804889
3990.5000 0.21442717
3991.4000 0.23714228
3992.3000 0.26134077
3993.2000 0.26940954
3994.1000 0.26621518
3995.0000 0.2586787
3995.9000 0.2508297
3996.8000 0.24075165
3997.7000 0.22360815
3998.6000 0.21611415
3999.5000 0.23696089
4000.4000 0.26507393
4001.3000 0.27751496
4002.2000 0.28489712
4003.1000 0.28925252
4004.0000 0.27518064
4004.9000 0.25035876
4005.8000 0.24234904
4006.7000 0.255512
4007.6000 0.26809782
4008.5000 0.27002624
4009.4000 0.27347329
4010.3000 0.28592774
4011.2000 0.29805708
4012.1000 0.30347449
4013.0000 0.30223441
4013.9000 0.29756778
4014.8000 0.2972095
4015.7000 0.30009159
4016.6000 0.29750714
4017.5000 0.29097122
4018.4000 0.29019991
4019.3000 0.290977
4020.2000 0.28334931
4021.1000 0.27847373
4022.0000 0.28369674
4022.9000 0.28109565
4023.8000 0.26401624
4024.7000 0.25770122
4025.6000 0.27375188
4026.5000 0.28937852
4027.4000 0.29545408
4028.3000 0.29581845
4029.2000 0.27449119
4030.1000 0.22732997
4031.0000 0.18868667
4031.9000 0.17816578
4032.8000 0.17338005
4033.7000 0.16947907
4034.6000 0.187429
4035.5000 0.23040363
4036.4000 0.28115046
4037.3000 0.31791079
4038.2000 0.33056769
4039.1000 0.32727265
4040.0000 0.31642038
4040.9000 0.30318162
4041.8000 0.29725537
4042.7000 0.29606169
4043.6000 0.27836281
4044.5000 0.23760274
4045.4000 0.19731909
4046.3000 0.19123408
4047.2000 0.22250895
4048.1000 0.26215053
4049.0000 0.29276618
4049.9000 0.31394839
4050.8000 0.32787442
4051.7000 0.33525413
4052.6000 0.33471733
4053.5000 0.32511196
4054.4000 0.31098276
4055.3000 0.30600107
4056.2000 0.31437412
4057.1000 0.31205133
4058.0000 0.29645917
4058.9000 0.29586869
4059.8000 0.30581081
4060.7000 0.30939665
4061.6000 0.2989001
4062.5000 0.26661044
4063.4000 0.23169811
4064.3000 0.22780275
4065.2000 0.25416759
4066.1000 0.27921161
4067.0000 0.28801903
4067.9000 0.29546869
4068.8000 0.30920359
4069.7000 0.30987182
4070.6000 0.28357235
4071.5000 0.25242132
4072.4000 0.25117716
4073.3000 0.28038368
4074.2000 0.3080835
4075.1000 0.31433749
4076.0000 0.30037934
4076.9000 0.27503505
4077.8000 0.25718772
4078.7000 0.26328683
4079.6000 0.29002309
4080.5000 0.3157945
4081.4000 0.32078859
4082.3000 0.3138279
4083.2000 0.3123118
4084.1000 0.31712624
4085.0000 0.32668647
4085.9000 0.33890802
4086.8000 0.3502638
4087.7000 0.36002949
4088.6000 0.36531368
4089.5000 0.36134836
4090.4000 0.34684956
4091.3000 0.32567999
4092.2000 0.31110796
4093.1000 0.31777054
4094.0000 0.33384743
4094.9000 0.32939386
4095.8000 0.30327645
4096.7000 0.28421548
4097.6000 0.28294304
4098.5000 0.28335115
4099.4000 0.27905175
4100.3000 0.27467954
4101.2000 0.27504194
4102.1000 0.28123283
4103.0000 0.29197907
4103.9000 0.30268326
4104.8000 0.30973408
4105.7000 0.31953493
4106.6000 0.32886052
4107.5000 0.32477671
4108.4000 0.30749404
4109.3000 0.29218149
4110.2000 0.28802866
4111.1000 0.28542665
4112.0000 0.28327349
4112.9000 0.29374129
4113.8000 0.30576825
4114.7000 0.2995277
4115.6000 0.28979185
4116.5000 0.29799595
4117.4000 0.31293464
4118.3000 0.31307715
4119.2000 0.30570206
4120.1000 0.30882549
4121.0000 0.31466377
4121.9000 0.3148835
4122.8000 0.31637189
4123.7000 0.32969359
4124.6000 0.35723099
4125.5000 0.37694019
4126.4000 0.36849517
4127.3000 0.34128037
4128.2000 0.31888688
4129.1000 0.31494382
4130.0000 0.31755653
4130.9000 0.3043052
4131.8000 0.27949011
4132.7000 0.26985738
4133.6000 0.27867553
4134.5000 0.29261729
4135.4000 0.31366676
4136.3000 0.32945904
4137.2000 0.33019221
4138.1000 0.33414701
4139.0000 0.3439362
4139.9000 0.34886926
4140.8000 0.34415656
4141.7000 0.3134191
4142.6000 0.26014802
4143.5000 0.2287401
4144.4000 0.24589004
4145.3000 0.28867766
4146.2000 0.32046661
4147.1000 0.33280936
4148.0000 0.33921704
4148.9000 0.34433961
4149.8000 0.34642926
4150.7000 0.34515357
4151.6000 0.34146097
4152.5000 0.33776245
4153.4000 0.3345941
4154.3000 0.33490664
4155.2000 0.3439517
4156.1000 0.35563046
4157.0000 0.3580991
4157.9000 0.35465789
4158.8000 0.35510826
4159.7000 0.3627837
4160.6000 0.37553474
4161.5000 0.38412029
4162.4000 0.38790354
4163.3000 0.38749996
4164.2000 0.36971468
4165.1000 0.34451833
4166.0000 0.33485228
4166.9000 0.33464959
4167.8000 0.33305594
4168.7000 0.33538881
4169.6000 0.34330586
4170.5000 0.34141216
4171.4000 0.31798869
4172.3000 0.2911382
4173.2000 0.28706995
4174.1000 0.30097994
4175.0000 0.31423309
4175.9000 0.32579535
4176.8000 0.3346777
4177.7000 0.34088367
4178.6000 0.35511577
4179.5000 0.37179828
4180.4000 0.37158179
4181.3000 0.35521188
4182.2000 0.34552807
4183.1000 0.35259727
4184.0000 0.36263099
4184.9000 0.36475626
4185.8000 0.35514209
4186.7000 0.33197188
4187.6000 0.31651405
4188.5000 0.32799628
4189.4000 0.34457019
4190.3000 0.34217083
4191.2000 0.33420387
4192.1000 0.34412032
4193.0000 0.3672381
4193.9000 0.3794443
4194.8000 0.37220836
4195.7000 0.35743958
4196.6000 0.34284139
4197.5000 0.32212529
4198.4000 0.30089799
4199.3000 0.2951315
4200.2000 0.29815897
4201.1000 0.29230326
4202.0000 0.28551182
4202.9000 0.2955274
4203.8000 0.31607729
4204.7000 0.33364418
4205.6000 0.3421452
4206.5000 0.3404806
4207.4000 0.34071094
4208.3000 0.34400898
4209.2000 0.33537042
4210.1000 0.32098982
4211.0000 0.31979734
4211.9000 0.32615155
4212.8000 0.32137027
4213.7000 0.30627394
4214.6000 0.28750494
4215.5000 0.26742989
4216.4000 0.2556293
4217.3000 0.2546902
4218.2000 0.25358373
4219.1000 0.24351318
4220.0000 0.2285382
4220.9000 0.21140714
4221.8000 0.19022374
4222.7000 0.16822587
4223.6000 0.14536166
4224.5000 0.11944197
4225.4000 0.09123369
4226.3000 0.06746628
4227.2000 0.0611501
4228.1000 0.07796046
4229.0000 0.10669544
4229.9000 0.133867
4230.8000 0.1572451
4231.7000 0.17611328
4232.6000 0.19131622
4233.5000 0.20564574
4234.4000 0.21784247
4235.3000 0.22707409
4236.2000 0.23913692
4237.1000 0.25949872
4238.0000 0.27802694
4238.9000 0.28130677
4239.8000 0.27418074
4240.7000 0.26879683
4241.6000 0.27059147
4242.5000 0.28334153
4243.4000 0.30490917
4244.3000 0.32209122
4245.2000 0.32416004
4246.1000 0.31703162
4247.0000 0.31203073
4247.9000 0.31447822
4248.8000 0.31484193
4249.7000 0.29577136
4250.6000 0.27018026
4251.5000 0.26365647
4252.4000 0.26035976
4253.3000 0.23303309
4254.2000 0.19975905
4255.1000 0.202766
4256.0000 0.24660437
4256.9000 0.28948346
4257.8000 0.30257347
4258.7000 0.29556561
4259.6000 0.28283685
4260.5000 0.27888584
4261.4000 0.29355711
4262.3000 0.3129552
4263.2000 0.32570624
4264.1000 0.33646372
4265.0000 0.34464386
4265.9000 0.34758022
4266.8000 0.34839186
4267.7000 0.34834844
4268.6000 0.34536916
4269.5000 0.33400697
4270.4000 0.30423144
4271.3000 0.26270765
4272.2000 0.23951134
4273.1000 0.23791991
4274.0000 0.22844937
4274.9000 0.21507998
4275.8000 0.23049165
4276.7000 0.27429166
4277.6000 0.32173112
4278.5000 0.35791001
4279.4000 0.37180498
4280.3000 0.36242723
4281.2000 0.34389153
4282.1000 0.32301435
4283.0000 0.31083074
4283.9000 0.32491502
4284.8000 0.35030162
4285.7000 0.3551563
4286.6000 0.33654165
4287.5000 0.30728307
4288.4000 0.26739344
4289.3000 0.22301652
4290.2000 0.20539734
4291.1000 0.23364876
4292.0000 0.28928748
4292.9000 0.33766735
4293.8000 0.35720712
4294.7000 0.360452
4295.6000 0.361974
4296.5000 0.35739839
4297.4000 0.34230614
4298.3000 0.31420606
4299.2000 0.28499267
4300.1000 0.27508897
4301.0000 0.27796
4301.9000 0.27713302
4302.8000 0.29025829
4303.7000 0.33138138
4304.6000 0.36192223
4305.5000 0.34781855
4306.4000 0.30845585
4307.3000 0.27317268
4308.2000 0.25708282
4309.1000 0.27624768
4310.0000 0.3263371
4310.9000 0.3820186
4311.8000 0.42073047
4312.7000 0.43233997
4313.6000 0.41615206
4314.5000 0.38303199
4315.4000 0.36679301
4316.3000 0.38335741
4317.2000 0.39607507
4318.1000 0.38352796
4319.0000 0.3777664
4319.9000 0.39552233
4320.8000 0.41430295
4321.7000 0.42196509
4322.6000 0.42495522
4323.5000 0.41391098
4324.4000 0.37151903
4325.3000 0.31496853
4326.2000 0.29722285
4327.1000 0.34433535
4328.0000 0.41353807
4328.9000 0.45338035
4329.8000 0.45976135
4330.7000 0.45752561
4331.6000 0.45465973
4332.5000 0.45248997
4333.4000 0.46276692
4334.3000 0.47903648
4335.2000 0.48643288
4336.1000 0.47024643
4337.0000 0.42572653
4337.9000 0.38569885
4338.8000 0.37887132
4339.7000 0.39113986
4340.6000 0.41258085
4341.5000 0.44079816
4342.4000 0.45804632
4343.3000 0.44847515
4344.2000 0.41548628
4345.1000 0.39899176
4346.0000 0.41968819
4346.9000 0.45230475
4347.8000 0.48087308
4348.7000 0.50045329
4349.6000 0.49454269
4350.5000 0.45210698
4351.4000 0.39052308
4352.3000 0.34446323
4353.2000 0.33952001
4354.1000 0.3702381
4355.0000 0.40296337
4355.9000 0.42107132
4356.8000 0.4390609
4357.7000 0.45242468
4358.6000 0.44491872
4359.5000 0.42767161
4360.4000 0.41762432
4361.3000 0.41686994
4362.2000 0.42612287
4363.1000 0.44612822
4364.0000 0.46575713
4364.9000 0.47559538
4365.8000 0.47898936
4366.7000 0.47600907
4367.6000 0.46192551
4368.5000 0.45140126
4369.4000 0.45382312
4370.3000 0.45547426
4371.2000 0.45190683
4372.1000 0.45036945
4373.0000 0.45335311
4373.9000 0.45015842
4374.8000 0.43058518
4375.7000 0.41028008
4376.6000 0.41952735
4377.5000 0.44953606
4378.4000 0.45061743
4379.3000 0.42026615
4380.2000 0.40979999
4381.1000 0.42123154
4382.0000 0.39936742
4382.9000 0.33049527
4383.8000 0.27327245
4384.7000 0.28925306
4385.6000 0.37076232
4386.5000 0.45121455
4387.4000 0.47903925
4388.3000 0.45958927
4389.2000 0.43146622
4390.1000 0.42564851
4391.0000 0.44923395
4391.9000 0.48042795
4392.8000 0.49058908
4393.7000 0.47662374
4394.6000 0.45285317
4395.5000 0.44722545
4396.4000 0.47742224
4397.3000 0.514862
4398.2000 0.52659506
4399.1000 0.51524264
4400.0000 0.49469373
4400.9000 0.47990671
4401.8000 0.48029342
4402.7000 0.47203737
4403.6000 0.42127022
4404.5000 0.35364771
4405.4000 0.33633497
4406.3000 0.37211284
4407.2000 0.39973027
4408.1000 0.40933898
4409.0000 0.44882256
4409.9000 0.51411074
4410.8000 0.54670626
4411.7000 0.53537369
4412.6000 0.51995945
4413.5000 0.50744843
4414.4000 0.471495
4415.3000 0.43453166
4416.2000 0.44809777
4417.1000 0.50232184
4418.0000 0.55075586
4418.9000 0.56726521
4419.8000 0.55950123
4420.7000 0.54540163
4421.6000 0.52465379
4422.5000 0.50211084
4423.4000 0.48998851
4424.3000 0.4704361
4425.2000 0.42803642
4426.1000 0.39790422
4427.0000 0.41029954
4427.9000 0.4510017
4428.8000 0.4905296
4429.7000 0.5046978
4430.6000 0.51257336
4431.5000 0.54316509
4432.4000 0.5561592
4433.3000 0.50756598
4434.2000 0.41694391
4435.1000 0.34738189
4436.0000 0.35696611
4436.9000 0.43255207
4437.8000 0.51369482
4438.7000 0.56936163
4439.6000 0.5954935
4440.5000 0.58766514
4441.4000 0.55139881
4442.3000 0.52024752
4443.2000 0.52547014
4444.1000 0.56004077
4445.0000 0.59952909
4445.9000 0.62234092
4446.8000 0.61535591
4447.7000 0.59623384
4448.6000 0.59041029
4449.5000 0.59001833
4450.4000 0.58076775
4451.3000 0.5659166
4452.2000 0.53991306
4453.1000 0.48601374
4454.0000 0.40566608
4454.9000 0.33719632
4455.8000 0.32883599
4456.7000 0.37877554
4457.6000 0.43972987
4458.5000 0.47364745
4459.4000 0.47549951
4460.3000 0.46610984
4461.2000 0.45968637
4462.1000 0.47385776
4463.0000 0.5275405
4463.9000 0.58456492
4464.8000 0.59847039
4465.7000 0.58311969
4466.6000 0.58078331
4467.5000 0.60477018
4468.4000 0.62074906
4469.3000 0.60984123
4470.2000 0.60195827
4471.1000 0.61192268
4472.0000 0.6312753
4472.9000 0.6484803
4473.8000 0.64511615
4474.7000 0.62352258
4475.6000 0.61310881
4476.5000 0.63295299
4477.4000 0.66663629
4478.3000 0.67882007
4479.2000 0.65828258
4480.1000 0.617028
4481.0000 0.57038051
4481.9000 0.54012448
4482.8000 0.55484384
4483.7000 0.61326301
4484.6000 0.6637361
4485.5000 0.68242997
4486.4000 0.69014603
4487.3000 0.6829071
4488.2000 0.64989227
4489.1000 0.60816991
4490.0000 0.59270024
4490.9000 0.6213097
4491.8000 0.66141891
4492.7000 0.67371899
4493.6000 0.64894968
4494.5000 0.6042257
4495.4000 0.5714041
4496.3000 0.55864388
4497.2000 0.57208985
4498.1000 0.62141013
4499.0000 0.67312378
4499.9000 0.6934455
4500.8000 0.68669975
4501.7000 0.67987561
4502.6000 0.69428074
4503.5000 0.71860713
4504.4000 0.73134434
4505.3000 0.72180444
4506.2000 0.6956898
4507.1000 0.67389411
4508.0000 0.66790354
4508.9000 0.674981
4509.8000 0.68650842
4510.7000 0.68778211
4511.6000 0.66429478
4512.5000 0.63368928
4513.4000 0.63594359
4514.3000 0.67010266
4515.2000 0.6991455
4516.1000 0.70020616
4517.0000 0.66963196
4517.9000 0.63473558
4518.8000 0.63981777
4519.7000 0.68626899
4520.6000 0.73040026
4521.5000 0.73419505
4522.4000 0.69970673
4523.3000 0.67311406
4524.2000 0.67812949
4525.1000 0.67335629
4526.0000 0.62176889
4526.9000 0.55286074
4527.8000 0.52485472
4528.7000 0.54930449
4529.6000 0.58741063
4530.5000 0.60593045
4531.4000 0.6032207
4532.3000 0.58425504
4533.2000 0.53980219
4534.1000 0.47802129
4535.0000 0.43413484
4535.9000 0.45752931
4536.8000 0.5641377
4537.7000 0.68323749
4538.6000 0.73940212
4539.5000 0.7339384
4540.4000 0.70419568
4541.3000 0.69084167
4542.2000 0.70947838
4543.1000 0.72646445
4544.0000 0.70129418
4544.9000 0.6459415
4545.8000 0.61850989
4546.7000 0.63429397
4547.6000 0.64693975
4548.5000 0.64337218
4549.4000 0.65939713
4550.3000 0.70071208
4551.2000 0.72173625
4552.1000 0.69996578
4553.0000 0.67145312
4553.9000 0.65684164
4554.8000 0.64674449
4555.7000 0.66311139
4556.6000 0.72175235
4557.5000 0.78414297
4558.4000 0.81391227
4559.3000 0.81549805
4560.2000 0.81106943
4561.1000 0.81239945
4562.0000 0.8108601
4562.9000 0.79909307
4563.8000 0.7901842
4564.7000 0.7880916
4565.6000 0.78991956
4566.5000 0.8171463
4567.4000 0.86175126
4568.3000 0.88083148
4569.2000 0.85924166
4570.1000 0.80459517
4571.0000 0.74904925
4571.9000 0.74577558
4572.8000 0.7974841
4573.7000 0.84276056
4574.6000 0.84662348
4575.5000 0.83339971
4576.4000 0.81858015
4577.3000 0.78959352
4578.2000 0.74945652
4579.1000 0.7126255
4580.0000 0.6809805
4580.9000 0.67013997
4581.8000 0.71755636
4582.7000 0.79764915
4583.6000 0.82691014
4584.5000 0.77293712
4585.4000 0.68017936
4586.3000 0.63913476
4587.2000 0.69429809
4588.1000 0.78241777
4589.0000 0.82730484
4589.9000 0.82032979
4590.8000 0.78586572
4591.7000 0.75396162
4592.6000 0.74017239
4593.5000 0.73515058
4594.4000 0.74795783
4595.3000 0.78448337
4596.2000 0.81704158
4597.1000 0.82786751
4598.0000 0.82436568
4598.9000 0.81364733
4599.8000 0.78027242
4600.7000 0.73775178
4601.6000 0.73032361
4602.5000 0.75116324
4603.4000 0.77891278
4604.3000 0.80684227
4605.2000 0.80357945
4606.1000 0.75704777
4607.0000 0.71404129
4607.9000 0.74701041
4608.8000 0.83902913
4609.7000 0.8961488
4610.6000 0.89339727
4611.5000 0.8684395
4612.4000 0.84211272
4613.3000 0.82454711
4614.2000 0.83344048
4615.1000 0.84590364
4616.0000 0.82733035
4616.9000 0.81588024
4617.8000 0.83952934
4618.7000 0.85549504
4619.6000 0.85573727
4620.5000 0.87270814
4621.4000 0.87971884
4622.3000 0.85002822
4623.2000 0.8259294
4624.1000 0.82720309
4625.0000 0.81225139
4625.9000 0.76909161
4626.8000 0.75438291
4627.7000 0.78294003
4628.6000 0.79250801
4629.5000 0.77767456
4630.4000 0.78924751
4631.3000 0.8186053
4632.2000 0.81869793
4633.1000 0.79499155
4634.0000 0.7834242
4634.9000 0.78692228
4635.8000 0.7925154
4636.7000 0.78156948
4637.6000 0.75087112
4638.5000 0.72379965
4639.4000 0.70162719
4640.3000 0.70786858
4641.2000 0.76866984
4642.1000 0.82559484
4643.0000 0.83132571
4643.9000 0.81106526
4644.8000 0.7718662
4645.7000 0.7050522
4646.6000 0.66736966
4647.5000 0.69831163
4648.4000 0.73945099
4649.3000 0.75201893
4650.2000 0.74831676
4651.1000 0.72478986
4652.0000 0.7073682
4652.9000 0.73535335
4653.8000 0.76332003
4654.7000 0.75151032
4655.6000 0.73479724
4656.5000 0.7450341
4657.4000 0.79622823
4658.3000 0.86400336
4659.2000 0.90892571
4660.1000 0.92804718
4661.0000 0.92458183
4661.9000 0.89929318
4662.8000 0.86308795
4663.7000 0.82837713
4664.6000 0.80658293
4665.5000 0.79450673
4666.4000 0.75406742
4667.3000 0.6763559
4668.2000 0.62979251
4669.1000 0.66239148
4670.0000 0.72627568
4670.9000 0.76108938
4671.8000 0.76139492
4672.7000 0.75216186
4673.6000 0.74473906
4674.5000 0.73776418
4675.4000 0.75220978
4676.3000 0.79487169
4677.2000 0.82484037
4678.1000 0.81811571
4679.0000 0.79313445
4679.9000 0.76394516
4680.8000 0.72202981
4681.7000 0.68104225
4682.6000 0.68641418
4683.5000 0.73297715
4684.4000 0.75722235
4685.3000 0.74900472
4686.2000 0.75050861
4687.1000 0.76519328
4688.0000 0.77654237
4688.9000 0.78339672
4689.8000 0.77982908
4690.7000 0.76617742
4691.6000 0.7612772
4692.5000 0.77438509
4693.4000 0.78812438
4694.3000 0.79636204
4695.2000 0.81316483
4696.1000 0.82956666
4697.0000 0.82553911
4697.9000 0.79607791
4698.8000 0.76943564
4699.7000 0.77850211
4700.6000 0.80541325
4701.5000 0.80943531
4702.4000 0.78755927
4703.3000 0.77367568
4704.2000 0.78834313
4705.1000 0.80291498
4706.0000 0.7897827
4706.9000 0.7616573
4707.8000 0.74742949
4708.7000 0.75158668
4709.6000 0.75746524
4710.5000 0.77983254
4711.4000 0.82536572
4712.3000 0.85133839
4713.2000 0.83311462
4714.1000 0.79241592
4715.0000 0.76183438
4715.9000 0.76042229
4716.8000 0.77643847
4717.7000 0.78402191
4718.6000 0.78852516
4719.5000 0.80894077
4720.4000 0.82769001
4721.3000 0.82217413
4722.2000 0.79482061
4723.1000 0.7726388
4724.0000 0.78830153
4724.9000 0.82503426
4725.8000 0.83075017
4726.7000 0.79209459
4727.6000 0.74674976
4728.5000 0.7306264
4729.4000 0.74228215
4730.3000 0.7629596
4731.2000 0.78291827
4732.1000 0.79615378
4733.0000 0.78924769
4733.9000 0.77305555
4734.8000 0.7791326
4735.7000 0.78813183
4736.6000 0.76675576
4737.5000 0.74895084
4738.4000 0.76744539
4739.3000 0.7912938
4740.2000 0.78454316
4741.1000 0.75960708
4742.0000 0.75221515
4742.9000 0.76720315
4743.8000 0.78275621
4744.7000 0.78897536
4745.6000 0.79471385
4746.5000 0.8018322
4747.4000 0.79992509
4748.3000 0.79843217
4749.2000 0.80985916
4750.1000 0.81901473
4751.0000 0.81402487
4751.9000 0.79559481
4752.8000 0.76571637
4753.7000 0.74766779
4754.6000 0.76886207
4755.5000 0.79951262
4756.4000 0.79606354
4757.3000 0.76561821
4758.2000 0.73191303
4759.1000 0.71077973
4760.0000 0.70251691
4760.9000 0.68472028
4761.8000 0.64994991
4762.7000 0.62563449
4763.6000 0.62417853
4764.5000 0.62236124
4765.4000 0.60450184
4766.3000 0.58573389
4767.2000 0.58971781
4768.1000 0.60793328
4769.0000 0.61452895
4769.9000 0.60838169
4770.8000 0.60045052
4771.7000 0.59425271
4772.6000 0.59170401
4773.5000 0.59864968
4774.4000 0.6139667
4775.3000 0.620951
4776.2000 0.61138701
4777.1000 0.59588784
4778.0000 0.58274412
4778.9000 0.57451105
4779.8000 0.57186073
4780.7000 0.57179636
4781.6000 0.57186192
4782.5000 0.56786436
4783.4000 0.56647468
4784.3000 0.58705705
4785.2000 0.62225431
4786.1000 0.64203238
4787.0000 0.64161396
4787.9000 0.63918459
4788.8000 0.64292544
4789.7000 0.65479434
4790.6000 0.67106873
4791.5000 0.67951977
4792.4000 0.68517929
4793.3000 0.69869334
4794.2000 0.71726459
4795.1000 0.73319608
4796.0000 0.74110287
4796.9000 0.74547791
4797.8000 0.74562073
4798.7000 0.7342425
4799.6000 0.72251332
4800.5000 0.72416049
4801.4000 0.73837268
4802.3000 0.75668728
4803.2000 0.76942396
4804.1000 0.75798523
4805.0000 0.72257555
4805.9000 0.69481677
4806.8000 0.6801672
4807.7000 0.66953319
4808.6000 0.67021799
4809.5000 0.68106353
4810.4000 0.68375951
4811.3000 0.67705745
4812.2000 0.6772064
4813.1000 0.68755388
4814.0000 0.69970632
4814.9000 0.70653659
4815.8000 0.71097702
4816.7000 0.71544588
4817.6000 0.71850401
4818.5000 0.7181049
4819.4000 0.70880735
4820.3000 0.70102936
4821.2000 0.70595527
4822.1000 0.69971228
4823.0000 0.67197341
4823.9000 0.65853232
4824.8000 0.67967713
4825.7000 0.70554304
4826.6000 0.70980591
4827.5000 0.69806749
4828.4000 0.68779838
4829.3000 0.68602061
4830.2000 0.68633628
4831.1000 0.67464954
4832.0000 0.66156483
4832.9000 0.68014604
4833.8000 0.7178182
4834.7000 0.73315221
4835.6000 0.72037899
4836.5000 0.7124359
4837.4000 0.72637969
4838.3000 0.7405929
4839.2000 0.74293298
4840.1000 0.73461872
4841.0000 0.71880507
4841.9000 0.69522429
4842.8000 0.6628893
4843.7000 0.6516642
4844.6000 0.68127835
4845.5000 0.72615314
4846.4000 0.75075948
4847.3000 0.74414313
4848.2000 0.72939152
4849.1000 0.73278421
4850.0000 0.73949575
4850.9000 0.71706748
4851.8000 0.69155586
4852.7000 0.69923198
4853.6000 0.71646696
4854.5000 0.71690762
4855.4000 0.71239734
4856.3000 0.72429723
4857.2000 0.74391103
4858.1000 0.74487853
4859.0000 0.72745162
4859.9000 0.71328902
4860.8000 0.70864218
4861.7000 0.70532298
4862.6000 0.71166015
4863.5000 0.72625023
4864.4000 0.73553956
4865.3000 0.74208939
4866.2000 0.74057227
4867.1000 0.72841442
4868.0000 0.72575545
4868.9000 0.74049801
4869.8000 0.73844093
4870.7000 0.69542128
4871.6000 0.66197789
4872.5000 0.68877655
4873.4000 0.74300635
4874.3000 0.76354223
4875.2000 0.74791187
4876.1000 0.73684013
4877.0000 0.73211598
4877.9000 0.71927327
4878.8000 0.73582208
4879.7000 0.77293766
4880.6000 0.76429701
4881.5000 0.73138064
4882.4000 0.73410857
4883.3000 0.7578721
4884.2000 0.76129723
4885.1000 0.74582309
4886.0000 0.73418397
4886.9000 0.73965198
4887.8000 0.75684178
4888.7000 0.76818478
4889.6000 0.75368118
4890.5000 0.71471626
4891.4000 0.69395328
4892.3000 0.73487115
4893.2000 0.7963202
4894.1000 0.82905966
4895.0000 0.84560853
4895.9000 0.86068195
4896.8000 0.86699313
4897.7000 0.85314935
4898.6000 0.82729816
4899.5000 0.80444634
4900.4000 0.80405402
4901.3000 0.82217789
4902.2000 0.82267714
4903.1000 0.80780375
4904.0000 0.80943954
4904.9000 0.83774781
4905.8000 0.87270683
4906.7000 0.89340198
4907.6000 0.89747638
4908.5000 0.89014286
4909.4000 0.87737107
4910.3000 0.87595838
4911.2000 0.8932153
4912.1000 0.90480077
4913.0000 0.88723147
4913.9000 0.86428434
4914.8000 0.86293024
4915.7000 0.87008184
4916.6000 0.87683427
4917.5000 0.86476892
4918.4000 0.81110173
4919.3000 0.73579395
4920.2000 0.69542307
4921.1000 0.72906494
4922.0000 0.80965173
4922.9000 0.87602603
4923.8000 0.8864907
4924.7000 0.85256284
4925.6000 0.8488397
4926.5000 0.90702975
4927.4000 0.96446455
4928.3000 0.98107922
4929.2000 0.97936064
4930.1000 0.97211647
4931.0000 0.95869082
4931.9000 0.92669672
4932.8000 0.87806237
4933.7000 0.85206777
4934.6000 0.87034518
4935.5000 0.90345961
4936.4000 0.90957546
4937.3000 0.87840021
4938.2000 0.83430564
4939.1000 0.81727993
4940.0000 0.84129196
4940.9000 0.87257767
4941.8000 0.88297367
4942.7000 0.89872253
4943.6000 0.92835289
4944.5000 0.93303907
4945.4000 0.91396004
4946.3000 0.9204157
4947.2000 0.96219373
4948.1000 0.99897289
4949.0000 1.01608372
4949.9000 1.01782262
4950.8000 1.00944865
4951.7000 1.00682557
4952.6000 0.99186158
4953.5000 0.92820072
4954.4000 0.82066464
4955.3000 0.71906918
4956.2000 0.64537627
4957.1000 0.58716363
4958.0000 0.57861882
4958.9000 0.63763797
4959.8000 0.69706666
4960.7000 0.71407306
4961.6000 0.7049064
4962.5000 0.69243681
4963.4000 0.68546885
4964.3000 0.68326092
4965.2000 0.69455481
4966.1000 0.71106559
4967.0000 0.7069813
4967.9000 0.69366235
4968.8000 0.70588946
4969.7000 0.7415024
4970.6000 0.7725141
4971.5000 0.79130399
4972.4000 0.80691087
4973.3000 0.8139571
4974.2000 0.80539572
4975.1000 0.79552686
4976.0000 0.79591233
4976.9000 0.79340082
4977.8000 0.76898837
4978.7000 0.74118215
4979.6000 0.73619556
4980.5000 0.71555263
4981.4000 0.64345205
4982.3000 0.58836627
4983.2000 0.62264329
4984.1000 0.70734602
4985.0000 0.76576066
4985.9000 0.78371036
4986.8000 0.78842676
4987.7000 0.78712362
4988.6000 0.76809907
4989.5000 0.73451471
4990.4000 0.70682544
4991.3000 0.71477425
4992.2000 0.76005113
4993.1000 0.78405523
4994.0000 0.76605088
4994.9000 0.76598883
4995.8000 0.79460585
4996.7000 0.80843675
4997.6000 0.79729789
4998.5000 0.75296211
4999.4000 0.67703992
5000.3000 0.63931268
5001.2000 0.66755408
5002.1000 0.70647508
5003.0000 0.72509795
5003.9000 0.73414683
5004.8000 0.73011249
5005.7000 0.69284892
5006.6000 0.6403001
5007.5000 0.62183505
5008.4000 0.6495527
5009.3000 0.69892693
5010.2000 0.74225938
5011.1000 0.7486819
5012.0000 0.70677394
5012.9000 0.64886028
5013.8000 0.60343713
5014.7000 0.58960223
5015.6000 0.62496018
5016.5000 0.68140209
5017.4000 0.72677487
5018.3000 0.76208848
5019.2000 0.77638471
5020.1000 0.75859219
5021.0000 0.72361082
5021.9000 0.68198365
5022.8000 0.66446537
5023.7000 0.69748175
5024.6000 0.73881263
5025.5000 0.75437605
5026.4000 0.74883223
5027.3000 0.72509462
5028.2000 0.70679855
5029.1000 0.72510755
5030.0000 0.76973248
5030.9000 0.80218738
5031.8000 0.80249989
5032.7000 0.78999388
5033.6000 0.78428984
5034.5000 0.76321477
5035.4000 0.71735841
5036.3000 0.69101524
5037.2000 0.71533334
5038.1000 0.73920959
5039.0000 0.70684224
5039.9000 0.64424366
5040.8000 0.613675
5041.7000 0.64449513
5042.6000 0.70331222
5043.5000 0.74230659
5044.4000 0.77246934
5045.3000 0.81181139
5046.2000 0.83888775
5047.1000 0.84482563
5048.0000 0.82267207
5048.9000 0.7617479
5049.8000 0.69568366
5050.7000 0.68847185
5051.6000 0.7362712
5052.5000 0.77002001
5053.4000 0.75958353
5054.3000 0.73253268
5055.2000 0.72180951
5056.1000 0.73618662
5057.0000 0.76813257
5057.9000 0.7924453
5058.8000 0.78924
5059.7000 0.78758913
5060.6000 0.80713731
5061.5000 0.81000191
5062.4000 0.77961707
5063.3000 0.73336589
5064.2000 0.683101
5065.1000 0.66433424
5066.0000 0.6943211
5066.9000 0.72637188
5067.8000 0.72249275
5068.7000 0.70799214
5069.6000 0.71314412
5070.5000 0.71994758
5071.4000 0.70646513
5072.3000 0.69949895
5073.2000 0.7355864
5074.1000 0.78658652
5075.0000 0.7872265
5075.9000 0.73597628
5076.8000 0.70946103
5077.7000 0.74239135
5078.6000 0.7641176
5079.5000 0.73088551
5080.4000 0.69334382
5081.3000 0.67267847
5082.2000 0.65385801
5083.1000 0.65988714
5084.0000 0.69702792
5084.9000 0.73531318
5085.8000 0.76358056
5086.7000 0.77383733
5087.6000 0.75300372
5088.5000 0.72445399
5089.4000 0.7158801
5090.3000 0.72337097
5091.2000 0.74522287
5092.1000 0.78937608
5093.0000 0.82887417
5093.9000 0.81009769
5094.8000 0.73599499
5095.7000 0.6948728
5096.6000 0.7422781
5097.5000 0.80382591
5098.4000 0.78286606
5099.3000 0.71503299
5100.2000 0.67715919
5101.1000 0.667566
5102.0000 0.67220914
5102.9000 0.68545109
5103.8000 0.68849015
5104.7000 0.68064559
5105.6000 0.67205101
5106.5000 0.66784179
5107.4000 0.67924196
5108.3000 0.70726854
5109.2000 0.72640562
5110.1000 0.72345549
5111.0000 0.71321023
5111.9000 0.70585638
5112.8000 0.70534241
5113.7000 0.73617989
5114.6000 0.79468423
5115.5000 0.82058281
5116.4000 0.8059811
5117.3000 0.80264783
5118.2000 0.80064422
5119.1000 0.77245331
5120.0000 0.7409364
5120.9000 0.73110801
5121.8000 0.74741489
5122.7000 0.74717426
5123.6000 0.7065652
5124.5000 0.6791172
5125.4000 0.68698186
5126.3000 0.69353908
5127.2000 0.69014317
5128.1000 0.68716925
5129.0000 0.67449337
5129.9000 0.66505754
5130.8000 0.70529318
5131.7000 0.78101379
5132.6000 0.81393588
5133.5000 0.79055595
5134.4000 0.77373034
5135.3000 0.78942746
5136.2000 0.81282353
5137.1000 0.82296389
5138.0000 0.79961818
5138.9000 0.75298518
5139.8000 0.75241083
5140.7000 0.79840505
5141.6000 0.81210905
5142.5000 0.78961718
5143.4000 0.77800769
5144.3000 0.76738167
5145.2000 0.72873229
5146.1000 0.69714773
5147.0000 0.71386647
5147.9000 0.75616604
5148.8000 0.76971895
5149.7000 0.74304831
5150.6000 0.71569276
5151.5000 0.69459122
5152.4000 0.65409821
5153.3000 0.61354476
5154.2000 0.62564158
5155.1000 0.69845778
5156.0000 0.78012419
5156.9000 0.84178573
5157.8000 0.88688242
5158.7000 0.89583039
5159.6000 0.8921358
5160.5000 0.91809273
5161.4000 0.93113732
5162.3000 0.89307684
5163.2000 0.87004215
5164.1000 0.88592231
5165.0000 0.83542532
5165.9000 0.69462985
5166.8000 0.56156224
5167.7000 0.50267512
5168.6000 0.51323962
5169.5000 0.54432523
5170.4000 0.54948634
5171.3000 0.51963103
5172.2000 0.48074517
5173.1000 0.47197926
5174.0000 0.51028842
5174.9000 0.57156277
5175.8000 0.61990464
5176.7000 0.63546669
5177.6000 0.62281287
5178.5000 0.60818166
5179.4000 0.59910721
5180.3000 0.57902092
5181.2000 0.54826927
5182.1000 0.52070439
5183.0000 0.50004655
5183.9000 0.51659673
5184.8000 0.59864247
5185.7000 0.70090008
5186.6000 0.76453817
5187.5000 0.77999365
5188.4000 0.77201539
5189.3000 0.77579802
5190.2000 0.78492123
5191.1000 0.75697351
5192.0000 0.70220423
5192.9000 0.68220472
5193.8000 0.71799523
5194.7000 0.76630193
5195.6000 0.80661559
5196.5000 0.85090429
5197.4000 0.87823731
5198.3000 0.86898309
5199.2000 0.84821838
5200.1000 0.83177358
5201.0000 0.80936313
5201.9000 0.78098238
5202.8000 0.73848605
5203.7000 0.66678488
5204.6000 0.58298618
5205.5000 0.53062332
5206.4000 0.52275932
5207.3000 0.52463418
5208.2000 0.51244706
5209.1000 0.51519424
5210.0000 0.56544566
5210.9000 0.68049788
5211.8000 0.82779533
5212.7000 0.92896312
5213.6000 0.95975798
5214.5000 0.9486956
5215.4000 0.92421299
5216.3000 0.91630965
5217.2000 0.94461882
5218.1000 0.98793989
5219.0000 1.01626909
5219.9000 1.03835034
5220.8000 1.06283915
5221.7000 1.05804467
5222.6000 1.0108124
5223.5000 0.94082713
5224.4000 0.88058078
5225.3000 0.84689605
5226.2000 0.82555896
5227.1000 0.83398324
5228.0000 0.90623236
5228.9000 0.99638808
5229.8000 1.04275537
5230.7000 1.05176449
5231.6000 1.0217061
5232.5000 0.96212733
5233.4000 0.94312137
5234.3000 0.98917133
5235.2000 1.04503369
5236.1000 1.07980156
5237.0000 1.09026372
5237.9000 1.08074808
5238.8000 1.06310368
5239.7000 1.03257048
5240.6000 0.99216938
5241.5000 0.97690284
5242.4000 0.99564266
5243.3000 1.02069664
5244.2000 1.03767121
5245.1000 1.02366173
5246.0000 0.95555681
5246.9000 0.88327986
5247.8000 0.88933098
5248.7000 0.94467962
5249.6000 0.9535833
5250.5000 0.92490441
5251.4000 0.92478526
5252.3000 0.9590224
5253.2000 0.99287927
5254.1000 0.99403965
5255.0000 0.97973132
5255.9000 0.99576652
5256.8000 1.03402436
5257.7000 1.05771637
5258.6000 1.05826533
5259.5000 1.02932644
5260.4000 0.96549881
5261.3000 0.88827008
5262.2000 0.8306123
5263.1000 0.79953182
5264.0000 0.76774627
5264.9000 0.73336804
5265.8000 0.7353158
5266.7000 0.79564458
5267.6000 0.83274913
5268.5000 0.75990772
5269.4000 0.65107882
5270.3000 0.65769124
5271.2000 0.78500259
5272.1000 0.90730846
5273.0000 0.96642816
5273.9000 0.99404114
5274.8000 1.001454
5275.7000 1.00007081
5276.6000 1.03173172
5277.5000 1.08222854
5278.4000 1.1044091
5279.3000 1.08699882
5280.2000 1.04787707
5281.1000 1.00193691
5282.0000 0.95758396
5282.9000 0.93995357
5283.8000 0.97422326
5284.7000 1.05024683
5285.6000 1.11774874
5286.5000 1.14850426
5287.4000 1.1431247
5288.3000 1.1174072
5289.2000 1.09556723
5290.1000 1.08697426
5291.0000 1.09008932
5291.9000 1.10438085
5292.8000 1.12037587
5293.7000 1.13000035
5294.6000 1.11862993
5295.5000 1.05349565
5296.4000 0.93582147
5297.3000 0.84410757
5298.2000 0.84676039
5299.1000 0.9177494
5300.0000 0.98007017
5300.9000 1.00999522
5301.8000 1.03927362
5302.7000 1.08882749
5303.6000 1.14211988
5304.5000 1.16727102
5305.4000 1.15321076
5306.3000 1.11107981
5307.2000 1.07519805
5308.1000 1.07985318
5309.0000 1.11190033
5309.9000 1.1251775
5310.8000 1.11884296
5311.7000 1.11679709
5312.6000 1.10801542
5313.5000 1.09250867
5314.4000 1.09678876
5315.3000 1.11494732
5316.2000 1.12741876
5317.1000 1.13483667
5318.0000 1.1305486
5318.9000 1.10977459
5319.8000 1.08975458
5320.7000 1.08654642
5321.6000 1.09371018
5322.5000 1.07817113
5323.4000 1.0318588
5324.3000 1.012025
5325.2000 1.03606355
5326.1000 1.01162755
5327.0000 0.88653982
5327.9000 0.75830734
5328.8000 0.76259857
5329.7000 0.88036436
5330.6000 0.99413377
5331.5000 1.04856873
5332.4000 1.063357
5333.3000 1.0772059
5334.2000 1.10280192
5335.1000 1.11916029
5336.0000 1.10730636
5336.9000 1.08502078
5337.8000 1.07475901
5338.7000 1.05911517
5339.6000 1.01867747
5340.5000 0.98374015
5341.4000 1.00080252
5342.3000 1.05045199
5343.2000 1.08616972
5344.1000 1.08485293
5345.0000 1.03947806
5345.9000 1.00518203
5346.8000 1.02407658
5347.7000 1.02122629
5348.6000 0.98455703
5349.5000 1.00901175
5350.4000 1.10905004
5351.3000 1.20213056
5352.2000 1.23083985
5353.1000 1.20622671
5354.0000 1.18297839
5354.9000 1.19267035
5355.8000 1.21964836
5356.7000 1.24713552
5357.6000 1.25765073
5358.5000 1.24227571
5359.4000 1.21550369
5360.3000 1.19707596
5361.2000 1.1937021
5362.1000 1.19378054
5363.0000 1.18240106
5363.9000 1.16520882
5364.8000 1.154001
5365.7000 1.15406811
5366.6000 1.16931951
5367.5000 1.18684208
5368.4000 1.17075753
5369.3000 1.08550143
5370.2000 0.96097636
5371.1000 0.88487732
5372.0000 0.93390369
5372.9000 1.0704993
5373.8000 1.18070233
5374.7000 1.23246741
5375.6000 1.23442578
5376.5000 1.22183955
5377.4000 1.2433635
5378.3000 1.2902993
5379.2000 1.3192426
5380.1000 1.31159782
5381.0000 1.29037213
5381.9000 1.25577891
5382.8000 1.20202696
5383.7000 1.18188775
5384.6000 1.22579741
5385.5000 1.29070461
5386.4000 1.32499743
5387.3000 1.31641877
5388.2000 1.28237796
5389.1000 1.24139619
5390.0000 1.21283698
5390.9000 1.19960737
5391.8000 1.19006646
5392.7000 1.17453277
5393.6000 1.15043783
5394.5000 1.12960577
5395.4000 1.09183574
5396.3000 1.01878524
5397.2000 0.99926931
5398.1000 1.10121536
5399.0000 1.21474266
5399.9000 1.24260938
5400.8000 1.22737157
5401.7000 1.23231637
5402.6000 1.22696388
5403.5000 1.16034639
5404.4000 1.055305
5405.3000 0.97891688
5406.2000 0.99947482
5407.1000 1.08889759
5408.0000 1.1143229
5408.9000 1.03856575
5409.8000 0.98459065
5410.7000 1.04120886
5411.6000 1.13803434
5412.5000 1.22004294
5413.4000 1.2853415
5414.3000 1.2965585
5415.2000 1.27459264
5416.1000 1.28469038
5417.0000 1.32701445
5417.9000 1.34932303
5418.8000 1.32069886
5419.7000 1.26834226
5420.6000 1.24706495
5421.5000 1.2774483
5422.4000 1.30300379
5423.3000 1.27659512
5424.2000 1.24412096
5425.1000 1.25928068
5426.0000 1.30783188
5426.9000 1.34475827
5427.8000 1.29127836
5428.7000 1.13395011
5429.6000 1.02592456
5430.5000 1.06752372
5431.4000 1.14221168
5432.3000 1.14398372
5433.2000 1.10334599
5434.1000 1.06683278
5435.0000 1.09097064
5435.9000 1.18253148
5436.8000 1.25263512
5437.7000 1.2532444
5438.6000 1.24170732
5439.5000 1.28980029
5440.4000 1.35780156
5441.3000 1.38560593
5442.2000 1.38324487
5443.1000 1.37328613
5444.0000 1.32321572
5444.9000 1.20436013
5445.8000 1.05618083
5446.7000 0.95886743
5447.6000 0.95818317
5448.5000 0.99645215
5449.4000 1.01676047
5450.3000 1.01932514
5451.2000 1.0160042
5452.1000 1.01987958
5453.0000 1.00880349
5453.9000 0.96432412
5454.8000 0.90610242
5455.7000 0.89523345
5456.6000 0.96093434
5457.5000 1.03930175
5458.4000 1.07982528
5459.3000 1.07897103
5460.2000 1.04979908
5461.1000 1.02929127
5462.0000 1.0312686
5462.9000 1.02978849
5463.8000 1.03829539
5464.7000 1.07011175
5465.6000 1.1061697
5466.5000 1.14190352
5467.4000 1.16695225
5468.3000 1.1520164
5469.2000 1.10994899
5470.1000 1.08255446
5471.0000 1.09857869
5471.9000 1.13467836
5472.8000 1.12804294
5473.7000 1.08802974
5474.6000 1.06764615
5475.5000 1.06258154
5476.4000 1.0445112
5477.3000 1.04586959
5478.2000 1.0862627
5479.1000 1.12935531
5480.0000 1.13765037
5480.9000 1.10496151
5481.8000 1.08820462
5482.7000 1.12765455
5483.6000 1.18056881
5484.5000 1.20234978
5485.4000 1.19731307
5486.3000 1.16772187
5487.2000 1.13213325
5488.1000 1.13418329
5489.0000 1.16944194
5489.9000 1.19966078
5490.8000 1.22622216
5491.7000 1.25343513
5492.6000 1.25134242
5493.5000 1.22317934
5494.4000 1.20011342
5495.3000 1.18041742
5496.2000 1.13542068
5497.1000 1.07651079
5498.0000 1.06947148
5498.9000 1.09493113
5499.8000 1.07958567
5500.7000 1.04970169
5501.6000 1.05944443
5502.5000 1.08759356
5503.4000 1.09265876
5504.3000 1.08175063
5505.2000 1.05327773
5506.1000 1.02484155
5507.0000 1.05598676
5507.9000 1.1353358
5508.8000 1.17716002
5509.7000 1.15014875
5510.6000 1.07721341
5511.5000 0.99958509
5512.4000 0.95905733
5513.3000 0.96185267
5514.2000 0.98367691
5515.1000 1.01913488
5516.0000 1.07690358
5516.9000 1.14466763
5517.8000 1.19461441
5518.7000 1.20839882
5519.6000 1.20183849
5520.5000 1.21190059
5521.4000 1.24077201
5522.3000 1.25084496
5523.2000 1.23722529
5524.1000 1.21753418
5525.0000 1.20831692
5525.9000 1.2065649
5526.8000 1.16838777
5527.7000 1.11453462
5528.6000 1.13047099
5529.5000 1.20706248
5530.4000 1.24854863
5531.3000 1.22467256
5532.2000 1.19245827
5533.1000 1.18554246
5534.0000 1.18069983
5534.9000 1.16642332
5535.8000 1.17812312
5536.7000 1.19525242
5537.6000 1.18142629
5538.5000 1.18542361
5539.4000 1.22682273
5540.3000 1.25387061
5541.2000 1.24098766
5542.1000 1.21762443
5543.0000 1.20730031
5543.9000 1.2120856
5544.8000 1.21767378
5545.7000 1.21028793
5546.6000 1.20752442
5547.5000 1.22815049
5548.4000 1.24882603
5549.3000 1.24457836
5550.2000 1.23680532
5551.1000 1.24966741
5552.0000 1.26644695
5552.9000 1.26544249
5553.8000 1.25156808
5554.7000 1.23615611
5555.6000 1.21405518
5556.5000 1.20345163
5557.4000 1.21724391
5558.3000 1.24628019
5559.2000 1.26181448
5560.1000 1.24339652
5561.0000 1.2104156
5561.9000 1.19017851
5562.8000 1.18908322
5563.7000 1.19155455
5564.6000 1.1802901
5565.5000 1.15302634
5566.4000 1.12930977
5567.3000 1.13247788
5568.2000 1.16522872
5569.1000 1.19188094
5570.0000 1.20176244
5570.9000 1.20849633
5571.8000 1.19999218
5572.7000 1.18090045
5573.6000 1.18206072
5574.5000 1.20062912
5575.4000 1.21308887
5576.3000 1.24176407
5577.2000 1.28447819
5578.1000 1.28632796
5579.0000 1.26173973
5579.9000 1.24515116
5580.8000 1.21436012
5581.7000 1.16272545
5582.6000 1.14893186
5583.5000 1.19225633
5584.4000 1.22596574
5585.3000 1.20323217
5586.2000 1.13709462
5587.1000 1.06099045
5588.0000 0.99369478
5588.9000 0.95753163
5589.8000 0.99673569
5590.7000 1.09062052
5591.6000 1.15593255
5592.5000 1.15466559
5593.4000 1.11117136
5594.3000 1.07392108
5595.2000 1.10052991
5596.1000 1.14069569
5597.0000 1.08470058
5597.9000 0.97004485
5598.8000 0.92498899
5599.7000 0.9675253
5600.6000 1.00666928
5601.5000 1.01280522
5602.4000 1.02255392
5603.3000 1.04956186
5604.2000 1.08716214
5605.1000 1.12542057
5606.0000 1.14986718
5606.9000 1.15847313
5607.8000 1.16321397
5608.7000 1.17026961
5609.6000 1.17550266
5610.5000 1.17624652
5611.4000 1.18458784
5612.3000 1.19447529
5613.2000 1.18178117
5614.1000 1.1320225
5615.0000 1.06647146
5615.9000 1.03809452
5616.8000 1.06768441
5617.7000 1.10744715
5618.6000 1.11412275
5619.5000 1.09972036
5620.4000 1.09967566
5621.3000 1.13176906
5622.2000 1.16931057
5623.1000 1.16913605
5624.0000 1.13014722
5624.9000 1.10844731
5625.8000 1.12797391
5626.7000 1.15511894
5627.6000 1.15311921
5628.5000 1.11887455
5629.4000 1.07759297
5630.3000 1.06669235
5631.2000 1.10437381
5632.1000 1.15751886
5633.0000 1.19490409
5633.9000 1.20637298
5634.8000 1.19306672
5635.7000 1.17273712
5636.6000 1.16061914
5637.5000 1.15837574
5638.4000 1.16167986
5639.3000 1.16341865
5640.2000 1.15861225
5641.1000 1.15444374
5642.0000 1.1554296
5642.9000 1.15186501
5643.8000 1.1448437
5644.7000 1.15569735
5645.6000 1.17756987
5646.5000 1.18697715
5647.4000 1.18736064
5648.3000 1.19018614
5649.2000 1.20421064
5650.1000 1.22771847
5651.0000 1.25024652
5651.9000 1.26927924
5652.8000 1.28552711
5653.7000 1.2916342
5654.6000 1.28582776
5655.5000 1.27994156
5656.4000 1.26573598
5657.3000 1.22646058
5658.2000 1.18296623
5659.1000 1.18289971
5660.0000 1.21871948
5660.9000 1.21238315
5661.8000 1.15770698
5662.7000 1.13450325
5663.6000 1.16342402
5664.5000 1.20651007
5665.4000 1.24153233
5666.3000 1.25320518
5667.2000 1.23602438
5668.1000 1.20784509
5669.0000 1.19098413
5669.9000 1.17952061
5670.8000 1.1621753
5671.7000 1.16360319
5672.6000 1.19286036
5673.5000 1.22114289
5674.4000 1.22685325
5675.3000 1.23008704
5676.2000 1.25610781
5677.1000 1.28250372
5678.0000 1.28783536
5678.9000 1.27719474
5679.8000 1.26091981
5680.7000 1.23717093
5681.6000 1.18844569
5682.5000 1.14558995
5683.4000 1.17633355
5684.3000 1.25748158
5685.2000 1.29823267
5686.1000 1.25606477
5687.0000 1.16850531
5687.9000 1.11145568
5688.8000 1.13217783
5689.7000 1.20940006
5690.6000 1.27393806
5691.5000 1.30697405
5692.4000 1.32928216
5693.3000 1.33037496
5694.2000 1.30683935
5695.1000 1.28808582
5696.0000 1.28922975
5696.9000 1.28457892
5697.8000 1.26282048
5698.7000 1.25295758
5699.6000 1.26380384
5700.5000 1.26951885
5701.4000 1.26079786
5702.3000 1.24862552
5703.2000 1.25073838
5704.1000 1.2801106
5705.0000 1.31412613
5705.9000 1.31496263
5706.8000 1.29325283
5707.7000 1.27970827
5708.6000 1.269485
5709.5000 1.26381493
5710.4000 1.26514685
5711.3000 1.2556833
5712.2000 1.26088297
5713.1000 1.29704201
5714.0000 1.32964277
5714.9000 1.3388561
5715.8000 1.33547294
5716.7000 1.32794869
5717.6000 1.31982481
5718.5000 1.32712114
5719.4000 1.34324682
5720.3000 1.35725701
5721.2000 1.37339056
5722.1000 1.38807333
5723.0000 1.38702273
5723.9000 1.37572384
5724.8000 1.36548734
5725.7000 1.3345691
5726.6000 1.28019893
5727.5000 1.25573206
5728.4000 1.29697669
5729.3000 1.34856439
5730.2000 1.35230458
5731.1000 1.33323538
5732.0000 1.34712708
5732.9000 1.38535643
5733.8000 1.40730846
5734.7000 1.40878999
5735.6000 1.39449465
5736.5000 1.37600648
5737.4000 1.37033844
5738.3000 1.37996972
5739.2000 1.38606822
5740.1000 1.39386332
5741.0000 1.40921795
5741.9000 1.41001248
5742.8000 1.39399016
5743.7000 1.39086604
5744.6000 1.41444743
5745.5000 1.44415939
5746.4000 1.45589924
5747.3000 1.44604838
5748.2000 1.43519449
5749.1000 1.44431782
5750.0000 1.46666431
5750.9000 1.47952151
5751.8000 1.46745157
5752.7000 1.44180191
5753.6000 1.43261158
5754.5000 1.44798791
5755.4000 1.47337759
5756.3000 1.49524236
5757.2000 1.49999726
5758.1000 1.48257148
5759.0000 1.44574702
5759.9000 1.4068383
5760.8000 1.36735177
5761.7000 1.31918383
5762.6000 1.2860707
5763.5000 1.29743755
5764.4000 1.33870876
5765.3000 1.36008453
5766.2000 1.3628161
5767.1000 1.37046576
5768.0000 1.38128352
5768.9000 1.39110792
5769.8000 1.39750373
5770.7000 1.39970315
5771.6000 1.39234912
5772.5000 1.38242495
5773.4000 1.38230419
5774.3000 1.37290239
5775.2000 1.35970747
5776.1000 1.36037874
5777.0000 1.36710215
5777.9000 1.37204564
5778.8000 1.36961174
5779.7000 1.36126399
5780.6000 1.33874571
5781.5000 1.3109194
5782.4000 1.30667663
5783.3000 1.31989777
5784.2000 1.32493329
5785.1000 1.3157897
5786.0000 1.32227194
5786.9000 1.3527503
5787.8000 1.37648499
5788.7000 1.38589549
5789.6000 1.3785435
5790.5000 1.35291588
5791.4000 1.36085594
5792.3000 1.41465926
5793.2000 1.46385682
5794.1000 1.49014902
5795.0000 1.50000942
5795.9000 1.49557769
5796.8000 1.47776186
5797.7000 1.46117282
5798.6000 1.46239305
5799.5000 1.4892807
5800.4000 1.51108634
5801.3000 1.51537561
5802.2000 1.51563704
5803.1000 1.50744736
5804.0000 1.4892689
5804.9000 1.48404205
5805.8000 1.4935869
5806.7000 1.50508404
5807.6000 1.51151037
5808.5000 1.50360215
5809.4000 1.47335351
5810.3000 1.44148433
5811.2000 1.42687523
5812.1000 1.41799569
5813.0000 1.39286065
5813.9000 1.35989058
5814.8000 1.33397901
5815.7000 1.32609725
5816.6000 1.33502984
5817.5000 1.34840238
5818.4000 1.35340881
5819.3000 1.35305464
5820.2000 1.35728788
5821.1000 1.35462844
5822.0000 1.34334004
5822.9000 1.34131789
5823.8000 1.35180426
5824.7000 1.36477518
5825.6000 1.37682688
5826.5000 1.38184571
5827.4000 1.37185073
5828.3000 1.36433423
5829.2000 1.3794049
5830.1000 1.40271366
5831.0000 1.41121113
5831.9000 1.41723835
5832.8000 1.42430449
5833.7000 1.42280471
5834.6000 1.40794039
5835.5000 1.39664853
5836.4000 1.39357245
5837.3000 1.39180279
5838.2000 1.38589478
5839.1000 1.37783468
5840.0000 1.39249158
5840.9000 1.41721487
5841.8000 1.42661774
5842.7000 1.41994131
5843.6000 1.40389872
5844.5000 1.39478219
5845.4000 1.39980781
5846.3000 1.3961271
5847.2000 1.37112749
5848.1000 1.33880925
5849.0000 1.31040716
5849.9000 1.29101694
5850.8000 1.26740289
5851.7000 1.24810171
5852.6000 1.24553478
5853.5000 1.25561988
5854.4000 1.26253486
5855.3000 1.23743987
5856.2000 1.16554558
5857.1000 1.09308386
5858.0000 1.10143268
5858.9000 1.18419981
5859.8000 1.25525129
5860.7000 1.26889813
5861.6000 1.23771954
5862.5000 1.19596732
5863.4000 1.17951858
5864.3000 1.18620026
5865.2000 1.17691684
5866.1000 1.14530325
5867.0000 1.12782609
5867.9000 1.15014052
5868.8000 1.18743944
5869.7000 1.20128727
5870.6000 1.19133914
5871.5000 1.16490948
5872.4000 1.13265228
5873.3000 1.11114931
5874.2000 1.1036607
5875.1000 1.09368658
5876.0000 1.07331192
5876.9000 1.05149889
5877.8000 1.02999127
5878.7000 1.00656784
5879.6000 0.97982776
5880.5000 0.9573878
5881.4000 0.94391817
5882.3000 0.9214552
5883.2000 0.88237453
5884.1000 0.83761024
5885.0000 0.78845364
5885.9000 0.73378158
5886.8000 0.66865212
5887.7000 0.58939844
5888.6000 0.49439359
5889.5000 0.41006708
5890.4000 0.39651528
5891.3000 0.45982122
5892.2000 0.53888988
5893.1000 0.57736379
5894.0000 0.55573541
5894.9000 0.48834616
5895.8000 0.43677381
5896.7000 0.46588209
5897.6000 0.5561924
5898.5000 0.64219868
5899.4000 0.702757
5900.3000 0.75923914
5901.2000 0.81905168
5902.1000 0.8673504
5903.0000 0.90121824
5903.9000 0.92672908
5904.8000 0.9425239
5905.7000 0.95505321
5906.6000 0.97537237
5907.5000 0.99908912
5908.4000 1.0225333
5909.3000 1.04030335
5910.2000 1.05062306
5911.1000 1.05498171
5912.0000 1.05410028
5912.9000 1.05348802
5913.8000 1.05635631
5914.7000 1.06449187
5915.6000 1.07612777
5916.5000 1.0929147
5917.4000 1.1078676
5918.3000 1.11513138
5919.2000 1.12129152
5920.1000 1.12600136
5921.0000 1.11776245
5921.9000 1.09730625
5922.8000 1.09013283
5923.7000 1.10720682
5924.6000 1.12500465
5925.5000 1.13184357
5926.4000 1.13447618
5927.3000 1.1356132
5928.2000 1.14167154
5929.1000 1.14719701
5930.0000 1.14421105
5930.9000 1.14857495
5931.8000 1.167189
5932.7000 1.1859585
5933.6000 1.19105649
5934.5000 1.19366539
5935.4000 1.20739198
5936.3000 1.22300303
5937.2000 1.23099637
5938.1000 1.2345984
5939.0000 1.24167478
5939.9000 1.236974
5940.8000 1.21317244
5941.7000 1.20636284
5942.6000 1.23254132
5943.5000 1.26241159
5944.4000 1.27855611
5945.3000 1.28826392
5946.2000 1.28981996
5947.1000 1.27290666
5948.0000 1.23879755
5948.9000 1.19695115
5949.8000 1.17037714
5950.7000 1.17822802
5951.6000 1.19322979
5952.5000 1.195328
5953.4000 1.19875073
5954.3000 1.20200682
5955.2000 1.18968046
5956.1000 1.16588044
5957.0000 1.15268362
5957.9000 1.16254306
5958.8000 1.18780327
5959.7000 1.21461451
5960.6000 1.23426044
5961.5000 1.24126744
5962.4000 1.2340771
5963.3000 1.2212981
5964.2000 1.2105999
5965.1000 1.20429456
5966.0000 1.2114054
5966.9000 1.23554909
5967.8000 1.25935161
5968.7000 1.27415395
5969.6000 1.27651799
5970.5000 1.26252615
5971.4000 1.2377243
5972.3000 1.21654594
5973.2000 1.21474731
5974.1000 1.22495091
5975.0000 1.23675752
5975.9000 1.23844659
5976.8000 1.23049843
5977.7000 1.22454703
5978.6000 1.22625065
5979.5000 1.24246824
5980.4000 1.26559126
5981.3000 1.2827673
5982.2000 1.28491628
5983.1000 1.2736007
5984.0000 1.26145244
5984.9000 1.2700752
5985.8000 1.295416
5986.7000 1.30266523
5987.6000 1.28248954
5988.5000 1.27001691
5989.4000 1.28652227
5990.3000 1.31556702
5991.2000 1.34287763
5992.1000 1.36288309
5993.0000 1.38049519
5993.9000 1.39446473
5994.8000 1.39476144
5995.7000 1.38031137
5996.6000 1.36161184
5997.5000 1.34963214
5998.4000 1.33725119
5999.3000 1.31945384
6000.2000 1.301983
6001.1000 1.28955245
6002.0000 1.27626562
6002.9000 1.27367878
6003.8000 1.29221892
6004.7000 1.30965149
6005.6000 1.30384827
6006.5000 1.28099835
6007.4000 1.2682364
6008.3000 1.28189743
6009.2000 1.31557429
6010.1000 1.3462193
6011.0000 1.35889769
6011.9000 1.35247874
6012.8000 1.33130682
6013.7000 1.32452762
6014.6000 1.34322643
6015.5000 1.35145295
6016.4000 1.3294642
6017.3000 1.31603885
6018.2000 1.3353101
6019.1000 1.35050261
6020.0000 1.34159195
6020.9000 1.33054733
6021.8000 1.33575392
6022.7000 1.35192049
6023.6000 1.36417079
6024.5000 1.38044178
6025.4000 1.40962577
6026.3000 1.42507052
6027.2000 1.42542255
6028.1000 1.43602622
6029.0000 1.44849467
6029.9000 1.44687545
6030.8000 1.43962526
6031.7000 1.445328
6032.6000 1.46327603
6033.5000 1.48138511
6034.4000 1.47706151
6035.3000 1.43673277
6036.2000 1.37866342
6037.1000 1.35205698
6038.0000 1.37005019
6038.9000 1.39673078
6039.8000 1.40560591
6040.7000 1.41715825
6041.6000 1.44183421
6042.5000 1.46613348
6043.4000 1.49017441
6044.3000 1.50743032
6045.2000 1.51481521
6046.1000 1.51827979
6047.0000 1.52064407
6047.9000 1.51966083
6048.8000 1.50912511
6049.7000 1.50577092
6050.6000 1.50557756
6051.5000 1.4954052
6052.4000 1.48230207
6053.3000 1.46761656
6054.2000 1.46157646
6055.1000 1.4689368
6056.0000 1.46739745
6056.9000 1.44873405
6057.8000 1.43720043
6058.7000 1.45712781
6059.6000 1.49231279
6060.5000 1.50689161
6061.4000 1.49798858
6062.3000 1.47685242
6063.2000 1.44216168
6064.1000 1.38712597
6065.0000 1.3471874
6065.9000 1.37431586
6066.8000 1.44051611
6067.7000 1.49169576
6068.6000 1.52266145
6069.5000 1.5449208
6070.4000 1.55903494
6071.3000 1.54889774
6072.2000 1.51882887
6073.1000 1.50071347
6074.0000 1.51323104
6074.9000 1.5400672
6075.8000 1.56520796
6076.7000 1.57041299
6077.6000 1.53972864
6078.5000 1.48979139
6079.4000 1.44784284
6080.3000 1.42636657
6081.2000 1.42568827
6082.1000 1.43527567
6083.0000 1.46250963
6083.9000 1.49289775
6084.8000 1.49577498
6085.7000 1.49454248
6086.6000 1.50895977
6087.5000 1.5169487
6088.4000 1.5058372
6089.3000 1.47857368
6090.2000 1.45838225
6091.1000 1.4725554
6092.0000 1.50484979
6092.9000 1.52703094
6093.8000 1.54479432
6094.7000 1.56473112
6095.6000 1.5649004
6096.5000 1.54240501
6097.4000 1.5232749
6098.3000 1.527933
6099.2000 1.54075015
6100.1000 1.5213393
6101.0000 1.4163419
6101.9000 1.24072385
6102.8000 1.14663053
6103.7000 1.23839915
6104.6000 1.41098225
6105.5000 1.5273155
6106.4000 1.56300843
6107.3000 1.55533493
6108.2000 1.54280841
6109.1000 1.53581524
6110.0000 1.51699567
6110.9000 1.49372506
6111.8000 1.50588214
6112.7000 1.5510416
6113.6000 1.5808928
6114.5000 1.5802362
6115.4000 1.54939163
6116.3000 1.50833607
6117.2000 1.49765813
6118.1000 1.49367344
6119.0000 1.44885731
6119.9000 1.35328925
6120.8000 1.20056212
6121.7000 1.04966509
6122.6000 1.04272318
6123.5000 1.20465827
6124.4000 1.3838712
6125.3000 1.47540009
6126.2000 1.50550544
6127.1000 1.52278852
6128.0000 1.54408288
6128.9000 1.57629037
6129.8000 1.60889244
6130.7000 1.61204779
6131.6000 1.57679319
6132.5000 1.54323316
6133.4000 1.53386772
6134.3000 1.52219868
6135.2000 1.48086154
6136.1000 1.4126339
6137.0000 1.37265241
6137.9000 1.42150128
6138.8000 1.52183163
6139.7000 1.5865097
6140.6000 1.59064329
6141.5000 1.57985556
6142.4000 1.59356475
6143.3000 1.61855018
6144.2000 1.63727844
6145.1000 1.65075302
6146.0000 1.6630125
6146.9000 1.65704989
6147.8000 1.59347844
6148.7000 1.47956645
6149.6000 1.4130162
6150.5000 1.44154549
6151.4000 1.50805771
6152.3000 1.52867663
6153.2000 1.4831388
6154.1000 1.42779279
6155.0000 1.43311453
6155.9000 1.46435416
6156.8000 1.44958115
6157.7000 1.37410629
6158.6000 1.25436342
6159.5000 1.12335837
6160.4000 0.98684573
6161.3000 0.8479507
6162.2000 0.78774267
6163.1000 0.84846222
6164.0000 0.96047723
6164.9000 1.04045105
6165.8000 1.07504368
6166.7000 1.09838033
6167.6000 1.09790885
6168.5000 1.0371393
6169.4000 0.99226332
6170.3000 1.05637896
6171.2000 1.17202783
6172.1000 1.23153436
6173.0000 1.22075248
6173.9000 1.19177127
6174.8000 1.18595147
6175.7000 1.2120198
6176.6000 1.24449778
6177.5000 1.26818013
6178.4000 1.28936839
6179.3000 1.29760158
6180.2000 1.2974546
6181.1000 1.30261171
6182.0000 1.29668939
6182.9000 1.26707399
6183.8000 1.23858809
6184.7000 1.22241652
6185.6000 1.18382895
6186.5000 1.13014257
6187.4000 1.11434877
6188.3000 1.12804508
6189.2000 1.12409079
6190.1000 1.0846771
6191.0000 1.03510857
6191.9000 1.02720022
6192.8000 1.06494534
6193.7000 1.10629213
6194.6000 1.13507652
6195.5000 1.15329623
6196.4000 1.1612103
6197.3000 1.1634059
6198.2000 1.15525079
6199.1000 1.13707888
6200.0000 1.13472629
6200.9000 1.16137981
6201.8000 1.19612193
6202.7000 1.22474945
6203.6000 1.23858643
6204.5000 1.23764873
6205.4000 1.23711514
6206.3000 1.24987912
6207.2000 1.26364839
6208.1000 1.26285398
6209.0000 1.24072421
6209.9000 1.19992113
6210.8000 1.16669488
6211.7000 1.16256857
6212.6000 1.14726436
6213.5000 1.09471548
6214.4000 1.02605247
6215.3000 0.96977925
6216.2000 0.96528363
6217.1000 1.00780332
6218.0000 1.04293537
6218.9000 1.05141079
6219.8000 1.05521941
6220.7000 1.06001246
6221.6000 1.04500771
6222.5000 1.00499678
6223.4000 0.96584588
6224.3000 0.95151693
6225.2000 0.9618839
6226.1000 0.9786557
6227.0000 0.99111813
6227.9000 1.00168693
6228.8000 1.00016224
6229.7000 0.97360742
6230.6000 0.94763213
6231.5000 0.95982105
6232.4000 0.99512148
6233.3000 1.02637362
6234.2000 1.06233037
6235.1000 1.08816481
6236.0000 1.09010828
6236.9000 1.0791111
6237.8000 1.05741751
6238.7000 1.02113676
6239.6000 0.99387562
6240.5000 1.01015306
6241.4000 1.03335369
6242.3000 1.01531124
6243.2000 0.99692076
6244.1000 1.02140677
6245.0000 1.05842781
6245.9000 1.08507895
6246.8000 1.10889339
6247.7000 1.12553656
6248.6000 1.12451816
6249.5000 1.12554097
6250.4000 1.1315614
6251.3000 1.1176244
6252.2000 1.09471536
6253.1000 1.09142029
6254.0000 1.11206841
6254.9000 1.13629055
6255.8000 1.13623512
6256.7000 1.10204041
6257.6000 1.04259479
6258.5000 1.00141513
6259.4000 1.02174783
6260.3000 1.07616806
6261.2000 1.12855029
6262.1000 1.18767226
6263.0000 1.23410666
6263.9000 1.23510695
6264.8000 1.2059778
6265.7000 1.18959546
6266.6000 1.19256043
6267.5000 1.17850316
6268.4000 1.14559484
6269.3000 1.14057219
6270.2000 1.17551124
6271.1000 1.22506022
6272.0000 1.25855589
6272.9000 1.25893736
6273.8000 1.23000515
6274.7000 1.18983889
6275.6000 1.16346312
6276.5000 1.17728066
6277.4000 1.21839476
6278.3000 1.24274158
6279.2000 1.23020732
6280.1000 1.20149314
6281.0000 1.19832766
6281.9000 1.2354033
6282.8000 1.27536154
6283.7000 1.27991796
6284.6000 1.25622582
6285.5000 1.25423598
6286.4000 1.29465699
6287.3000 1.34036541
6288.2000 1.35148633
6289.1000 1.33378685
6290.0000 1.31885171
6290.9000 1.31299365
6291.8000 1.29424131
6292.7000 1.27460217
6293.6000 1.28151393
6294.5000 1.28603148
6295.4000 1.25994921
6296.3000 1.23539114
6297.2000 1.24576318
6298.1000 1.2931273
6299.0000 1.33939373
6299.9000 1.34407485
6300.8000 1.31464934
6301.7000 1.29803932
6302.6000 1.32268202
6303.5000 1.35271561
6304.4000 1.34622586
6305.3000 1.31640244
6306.2000 1.32692051
6307.1000 1.38159549
6308.0000 1.41786897
6308.9000 1.41882133
6309.8000 1.40609753
6310.7000 1.39531219
6311.6000 1.39514196
6312.5000 1.4103229
6313.4000 1.42194927
6314.3000 1.4151125
6315.2000 1.41121757
6316.1000 1.41654992
6317.0000 1.40011251
6317.9000 1.37381101
6318.8000 1.38633907
6319.7000 1.43193614
6320.6000 1.4539392
6321.5000 1.42594063
6322.4000 1.41048384
6323.3000 1.43192172
6324.2000 1.45104682
6325.1000 1.44711351
6326.0000 1.44602633
6326.9000 1.46417677
6327.8000 1.48638773
6328.7000 1.48728883
6329.6000 1.46120453
6330.5000 1.45635581
6331.4000 1.49962902
6332.3000 1.54371715
6333.2000 1.54892254
6334.1000 1.50663149
6335.0000 1.44733417
6335.9000 1.42274725
6336.8000 1.44589603
6337.7000 1.49118543
6338.6000 1.52852285
6339.5000 1.55116224
6340.4000 1.56394172
6341.3000 1.55495691
6342.2000 1.51572263
6343.1000 1.46811354
6344.0000 1.44290352
6344.9000 1.46239877
6345.8000 1.51391613
6346.7000 1.56479156
6347.6000 1.59159243
6348.5000 1.59132981
6349.4000 1.58483183
6350.3000 1.58735549
6351.2000 1.58862853
6352.1000 1.56582344
6353.0000 1.531075
6353.9000 1.50345504
6354.8000 1.49070609
6355.7000 1.4952805
6356.6000 1.482831
6357.5000 1.44292128
6358.4000 1.41109025
6359.3000 1.40399241
6360.2000 1.40192759
6361.1000 1.38250577
6362.0000 1.35829628
6362.9000 1.36146426
6363.8000 1.39694607
6364.7000 1.4392221
6365.6000 1.46268272
6366.5000 1.47158647
6367.4000 1.47674024
6368.3000 1.47090709
6369.2000 1.46929765
6370.1000 1.49074638
6371.0000 1.52436614
6371.9000 1.54041207
6372.8000 1.53235245
6373.7000 1.51468253
6374.6000 1.4947902
6375.5000 1.48197341
6376.4000 1.48076129
6377.3000 1.47248912
6378.2000 1.43036389
6379.1000 1.36705089
6380.0000 1.30631864
6380.9000 1.26124179
6381.8000 1.2740854
6382.7000 1.35106218
6383.6000 1.41069996
6384.5000 1.40967286
6385.4000 1.39211154
6386.3000 1.37310386
6387.2000 1.33401299
6388.1000 1.30138433
6389.0000 1.33362651
6389.9000 1.41279173
6390.8000 1.45286167
6391.7000 1.42645931
6392.6000 1.37685525
6393.5000 1.37509847
6394.4000 1.4437629
6395.3000 1.52107728
6396.2000 1.56013036
6397.1000 1.56477392
6398.0000 1.54510844
6398.9000 1.50315368
6399.8000 1.45833075
6400.7000 1.46564174
6401.6000 1.52963269
6402.5000 1.5926162
6403.4000 1.62808299
6404.3000 1.63495255
6405.2000 1.62712348
6406.1000 1.62550771
6407.0000 1.62429035
6407.9000 1.6211468
6408.8000 1.63666534
6409.7000 1.65493774
6410.6000 1.63343167
6411.5000 1.59598863
6412.4000 1.58612132
6413.3000 1.60113239
6414.2000 1.6318059
6415.1000 1.66313469
6416.0000 1.67399096
6416.9000 1.65940535
6417.8000 1.63235557
6418.7000 1.61204398
6419.6000 1.58627486
6420.5000 1.55081284
6421.4000 1.55212939
6422.3000 1.61242294
6423.2000 1.66854334
6424.1000 1.67486405
6425.0000 1.67576134
6425.9000 1.69570208
6426.8000 1.7000469
6427.7000 1.68260562
6428.6000 1.66158772
6429.5000 1.63904512
6430.4000 1.61682248
6431.3000 1.6172452
6432.2000 1.64727199
6433.1000 1.67994261
6434.0000 1.6986388
6434.9000 1.70344615
6435.8000 1.68990481
6436.7000 1.62932682
6437.6000 1.5031743
6438.5000 1.36599886
6439.4000 1.35321987
6440.3000 1.50006711
6441.2000 1.65789199
6442.1000 1.74202192
6443.0000 1.78786278
6443.9000 1.81328356
6444.8000 1.81488895
6445.7000 1.80836177
6446.6000 1.78139257
6447.5000 1.69787359
6448.4000 1.56610036
6449.3000 1.45608604
6450.2000 1.46796227
6451.1000 1.59061491
6452.0000 1.70379305
6452.9000 1.76876926
6453.8000 1.78647864
6454.7000 1.74314499
6455.6000 1.70855045
6456.5000 1.7463907
6457.4000 1.80213356
6458.3000 1.81420839
6459.2000 1.79632211
6460.1000 1.74456346
6461.0000 1.61231148
6461.9000 1.43739963
6462.8000 1.37981927
6463.7000 1.50585175
6464.6000 1.66834378
6465.5000 1.76349199
6466.4000 1.80853188
6467.3000 1.82963359
6468.2000 1.84459901
6469.1000 1.83618844
6470.0000 1.78408837
6470.9000 1.70971787
6471.8000 1.68130112
6472.7000 1.74541497
6473.6000 1.80656636
6474.5000 1.81385648
6475.4000 1.82432497
6476.3000 1.85638595
6477.2000 1.87535238
6478.1000 1.84937131
6479.0000 1.80944312
6479.9000 1.78942215
6480.8000 1.77136099
6481.7000 1.74349046
6482.6000 1.7241255
6483.5000 1.72456837
6484.4000 1.73435807
6485.3000 1.74127042
6486.2000 1.75432456
6487.1000 1.7712388
6488.0000 1.78192806
6488.9000 1.78521359
6489.8000 1.78527319
6490.7000 1.78275287
6491.6000 1.73311901
6492.5000 1.6029582
6493.4000 1.442132
6494.3000 1.37583447
6495.2000 1.44664025
6496.1000 1.55363381
6497.0000 1.62145424
6497.9000 1.62507284
6498.8000 1.57541668
6499.7000 1.56373918
6500.6000 1.64812934
6501.5000 1.74770355
6502.4000 1.79579997
6503.3000 1.80415022
6504.2000 1.8006959
6505.1000 1.81914103
6506.0000 1.84783018
6506.9000 1.84961212
6507.8000 1.81656361
6508.7000 1.79221523
6509.6000 1.81954634
6510.5000 1.85710633
6511.4000 1.85737836
6512.3000 1.82911932
6513.2000 1.81215751
6514.1000 1.81816304
6515.0000 1.83446085
6515.9000 1.84462333
6516.8000 1.83739841
6517.7000 1.82831478
6518.6000 1.8267101
6519.5000 1.84372866
6520.4000 1.87447214
6521.3000 1.88992381
6522.2000 1.88066304
6523.1000 1.86175954
6524.0000 1.86313319
6524.9000 1.87961268
6525.8000 1.89146781
6526.7000 1.9061414
6527.6000 1.92319107
6528.5000 1.92779899
6529.4000 1.90856612
6530.3000 1.87678027
6531.2000 1.86073911
6532.1000 1.86125135
6533.0000 1.87674999
6533.9000 1.9021914
6534.8000 1.92766929
6535.7000 1.94841552
6536.6000 1.94392884
6537.5000 1.92576981
6538.4000 1.93177414
6539.3000 1.96164584
6540.2000 1.9759227
6541.1000 1.95917439
6542.0000 1.91635525
6542.9000 1.86763883
6543.8000 1.83545947
6544.7000 1.81941223
6545.6000 1.78452539
6546.5000 1.76481152
6547.4000 1.79795158
6548.3000 1.83167136
6549.2000 1.84104061
6550.1000 1.83277333
6551.0000 1.81435037
6551.9000 1.79743564
6552.8000 1.78163612
6553.7000 1.75386775
6554.6000 1.72937548
6555.5000 1.73001945
6556.4000 1.74872768
6557.3000 1.78550243
6558.2000 1.82912076
6559.1000 1.86330903
6560.0000 1.86730325
6560.9000 1.80952251
6561.8000 1.65997028
6562.7000 1.53269768
6563.6000 1.58477116
6564.5000 1.72435427
6565.4000 1.78266513
6566.3000 1.78799844
6567.2000 1.79299915
6568.1000 1.78769982
6569.0000 1.76644182
6569.9000 1.76847005
6570.8000 1.76721394
6571.7000 1.70161891
6572.6000 1.62296009
6573.5000 1.6259073
6574.4000 1.69748104
6575.3000 1.75816321
6576.2000 1.79733086
6577.1000 1.80482924
6578.0000 1.78454781
6578.9000 1.75642598
6579.8000 1.73803461
6580.7000 1.73163795
6581.6000 1.75633907
6582.5000 1.80138743
6583.4000 1.82105362
6584.3000 1.82349396
6585.2000 1.82212508
6586.1000 1.82246327
6587.0000 1.83725536
6587.9000 1.85248482
6588.8000 1.8513602
6589.7000 1.84526861
6590.6000 1.826406
6591.5000 1.76396203
6592.4000 1.67878437
6593.3000 1.62990689
6594.2000 1.65891469
6595.1000 1.73241901
6596.0000 1.78791237
6596.9000 1.80175483
6597.8000 1.78660524
6598.7000 1.77103209
6599.6000 1.78047919
6600.5000 1.81430268
6601.4000 1.83835626
6602.3000 1.84032333
6603.2000 1.83139145
6604.1000 1.81031966
6605.0000 1.77452028
6605.9000 1.7475673
6606.8000 1.74839115
6607.7000 1.75422275
6608.6000 1.73734879
6609.5000 1.73452914
6610.4000 1.76717985
6611.3000 1.80013049
6612.2000 1.8064456
6613.1000 1.79760468
6614.0000 1.79255652
6614.9000 1.78988695
6615.8000 1.77837646
6616.7000 1.76824105
6617.6000 1.75582755
6618.5000 1.74465764
6619.4000 1.7460289
6620.3000 1.74586666
6621.2000 1.73756003
6622.1000 1.7304709
6623.0000 1.72087002
6623.9000 1.69526148
6624.8000 1.65431321
6625.7000 1.63105464
6626.6000 1.63856614
6627.5000 1.66129589
6628.4000 1.67753088
6629.3000 1.67839575
6630.2000 1.68650842
6631.1000 1.70409715
6632.0000 1.70838904
6632.9000 1.70136702
6633.8000 1.68317211
6634.7000 1.66145563
6635.6000 1.65305221
6636.5000 1.65739048
6637.4000 1.66839039
6638.3000 1.68019247
6639.2000 1.68763816
6640.1000 1.69487464
6641.0000 1.70707643
6641.9000 1.70592976
6642.8000 1.67805862
6643.7000 1.65988028
6644.6000 1.67810225
6645.5000 1.70150352
6646.4000 1.70984352
6647.3000 1.70875597
6648.2000 1.69516087
6649.1000 1.65888977
6650.0000 1.60604703
6650.9000 1.55024838
6651.8000 1.51897156
6652.7000 1.53477252
6653.6000 1.56381917
6654.5000 1.57860053
6655.4000 1.58028996
6656.3000 1.57517898
6657.2000 1.56821191
6658.1000 1.56136739
6659.0000 1.56145132
6659.9000 1.56195056
6660.8000 1.55462885
6661.7000 1.54203892
6662.6000 1.52869415
6663.5000 1.52974164
6664.4000 1.54986727
6665.3000 1.5692457
6666.2000 1.5844053
6667.1000 1.59899235
6668.0000 1.60884142
6668.9000 1.61995792
6669.8000 1.63338649
6670.7000 1.64877617
6671.6000 1.65101171
6672.5000 1.63386095
6673.4000 1.60634947
6674.3000 1.59301734
6675.2000 1.59668529
6676.1000 1.58538759
6677.0000 1.54049373
6677.9000 1.49450743
6678.8000 1.48689342
6679.7000 1.48505557
6680.6000 1.44660771
6681.5000 1.39969349
6682.4000 1.39645207
6683.3000 1.43151176
6684.2000 1.4602226
6685.1000 1.46326971
6686.0000 1.46225119
6686.9000 1.47509813
6687.8000 1.48864651
6688.7000 1.4868927
6689.6000 1.46585536
6690.5000 1.44353437
6691.4000 1.44298029
6692.3000 1.45454645
6693.2000 1.46086264
6694.1000 1.45337284
6695.0000 1.4419477
6695.9000 1.44290054
6696.8000 1.45898449
6697.7000 1.47548378
6698.6000 1.48461139
6699.5000 1.49903142
6700.4000 1.51886725
6701.3000 1.5329119
6702.2000 1.5349859
6703.1000 1.52612662
6704.0000 1.51892984
6704.9000 1.51779687
6705.8000 1.51496375
6706.7000 1.51831031
6707.6000 1.52683151
6708.5000 1.53128827
6709.4000 1.53097975
6710.3000 1.5182668
6711.2000 1.49563527
6712.1000 1.47304046
6713.0000 1.45413041
6713.9000 1.41575718
6714.8000 1.35864723
6715.7000 1.30981398
6716.6000 1.25140071
6717.5000 1.19686067
6718.4000 1.21023917
6719.3000 1.26895177
6720.2000 1.31147242
6721.1000 1.33368015
6722.0000 1.34041178
6722.9000 1.33632743
6723.8000 1.33118498
6724.7000 1.33792853
6725.6000 1.34988594
6726.5000 1.35588682
6727.4000 1.36897159
6728.3000 1.38261902
6729.2000 1.38270748
6730.1000 1.37237561
6731.0000 1.36553705
6731.9000 1.36667669
6732.8000 1.36720121
6733.7000 1.37075019
6734.6000 1.37692893
6735.5000 1.3837254
6736.4000 1.39671636
6737.3000 1.41458309
6738.2000 1.41658735
6739.1000 1.4062264
6740.0000 1.41044414
6740.9000 1.4142164
6741.8000 1.39397562
6742.7000 1.37595963
6743.6000 1.38609445
6744.5000 1.40485823
6745.4000 1.40160668
6746.3000 1.36741447
6747.2000 1.32045066
6748.1000 1.27962506
6749.0000 1.26164365
6749.9000 1.27237952
6750.8000 1.29213345
6751.7000 1.30099952
6752.6000 1.30998552
6753.5000 1.33167243
6754.4000 1.34577417
6755.3000 1.34513438
6756.2000 1.35251296
6757.1000 1.37740052
6758.0000 1.39044118
6758.9000 1.36589634
6759.8000 1.33114159
6760.7000 1.33653939
6761.6000 1.37712419
6762.5000 1.4061867
6763.4000 1.39578331
6764.3000 1.36719739
6765.2000 1.37345409
6766.1000 1.40107131
6767.0000 1.39013481
6767.9000 1.34788287
6768.8000 1.32723892
6769.7000 1.35703695
6770.6000 1.39768219
6771.5000 1.39729178
6772.4000 1.36974239
6773.3000 1.37162554
6774.2000 1.42092001
6775.1000 1.46238315
6776.0000 1.44984889
6776.9000 1.41030633
6777.8000 1.38649333
6778.7000 1.39347494
6779.6000 1.40725911
6780.5000 1.3828882
6781.4000 1.32673967
6782.3000 1.2766999
6783.2000 1.25926399
6784.1000 1.26051044
6785.0000 1.26058769
6785.9000 1.26410604
6786.8000 1.27370048
6787.7000 1.28340101
6788.6000 1.29421604
6789.5000 1.30022287
6790.4000 1.30213094
6791.3000 1.30280495
6792.2000 1.29764628
6793.1000 1.28653669
6794.0000 1.28391039
6794.9000 1.29922283
6795.8000 1.30324423
6796.7000 1.29195929
6797.6000 1.28595102
6798.5000 1.29289591
6799.4000 1.32159936
6800.3000 1.34422934
6801.2000 1.34938109
6802.1000 1.35005856
6803.0000 1.34725189
6803.9000 1.34178793
6804.8000 1.32510448
6805.7000 1.30556071
6806.6000 1.29007638
6807.5000 1.28796685
6808.4000 1.30746329
6809.3000 1.31950772
6810.2000 1.30923653
6811.1000 1.3077935
6812.0000 1.334566
6812.9000 1.37208033
6813.8000 1.37740719
6814.7000 1.32473528
6815.6000 1.26852524
6816.5000 1.26917231
6817.4000 1.29438436
6818.3000 1.29805183
6819.2000 1.27778947
6820.1000 1.28563321
6821.0000 1.32650018
6821.9000 1.33105659
6822.8000 1.29285526
6823.7000 1.27142549
6824.6000 1.31353557
6825.5000 1.36450362
6826.4000 1.34363794
6827.3000 1.30445492
6828.2000 1.3295511
6829.1000 1.37907505
6830.0000 1.37332356
6830.9000 1.3263036
6831.8000 1.3010937
6832.7000 1.31998408
6833.6000 1.34967458
6834.5000 1.3536911
6835.4000 1.33215714
6836.3000 1.31151652
6837.2000 1.32182252
6838.1000 1.34633374
6839.0000 1.35574722
6839.9000 1.35231102
6840.8000 1.34954202
6841.7000 1.35798621
6842.6000 1.37562406
6843.5000 1.37529838
6844.4000 1.35627532
6845.3000 1.33235919
6846.2000 1.31765103
6847.1000 1.32233417
6848.0000 1.34181654
6848.9000 1.34685349
6849.8000 1.30854225
6850.7000 1.27225149
6851.6000 1.260028
6852.5000 1.25624299
6853.4000 1.27217042
6854.3000 1.30503082
6855.2000 1.31330669
6856.1000 1.29500782
6857.0000 1.28771961
6857.9000 1.28338385
6858.8000 1.26909328
6859.7000 1.26318634
6860.6000 1.26351559
6861.5000 1.26148915
6862.4000 1.28295279
6863.3000 1.33728981
6864.2000 1.37144077
6865.1000 1.33952403
6866.0000 1.29500425
6866.9000 1.3116976
6867.8000 1.36021137
6868.7000 1.33816648
6869.6000 1.2619549
6870.5000 1.22651601
6871.4000 1.27606022
6872.3000 1.36309099
6873.2000 1.40995169
6874.1000 1.40024257
6875.0000 1.392609
6875.9000 1.40675306
6876.8000 1.40148199
6877.7000 1.4078474
6878.6000 1.44110334
6879.5000 1.42938101
6880.4000 1.3648771
6881.3000 1.33224535
6882.2000 1.34584582
6883.1000 1.35528672
6884.0000 1.36537981
6884.9000 1.36183381
6885.8000 1.32863069
6886.7000 1.36479247
6887.6000 1.43521798
6888.5000 1.4382484
6889.4000 1.40030324
6890.3000 1.39071715
6891.2000 1.41512668
6892.1000 1.44146514
6893.0000 1.4664253
6893.9000 1.48429155
6894.8000 1.48323596
6895.7000 1.46484518
6896.6000 1.44640458
6897.5000 1.44346309
6898.4000 1.45293486
6899.3000 1.43155086
6900.2000 1.35540748
6901.1000 1.29068828
6902.0000 1.2981745
6902.9000 1.38114095
6903.8000 1.47244632
6904.7000 1.50017691
6905.6000 1.48539126
6906.5000 1.49343812
6907.4000 1.53344572
6908.3000 1.55585253
6909.2000 1.54493344
6910.1000 1.50757635
6911.0000 1.47018564
6911.9000 1.48299146
6912.8000 1.53467453
6913.7000 1.56575274
6914.6000 1.55527258
6915.5000 1.50992477
6916.4000 1.46797693
6917.3000 1.44329107
6918.2000 1.38568878
6919.1000 1.33069861
6920.0000 1.37483311
6920.9000 1.48641777
6921.8000 1.55794156
6922.7000 1.5749104
6923.6000 1.56640875
6924.5000 1.54876924
6925.4000 1.55146277
6926.3000 1.57872009
6927.2000 1.60752022
6928.1000 1.62556148
6929.0000 1.64437258
6929.9000 1.65755296
6930.8000 1.66481757
6931.7000 1.66975713
6932.6000 1.65712392
6933.5000 1.65046132
6934.4000 1.65353227
6935.3000 1.63204372
6936.2000 1.61722076
6937.1000 1.63973403
6938.0000 1.64961052
6938.9000 1.6352396
6939.8000 1.65633118
6940.7000 1.70982027
6941.6000 1.74492073
6942.5000 1.75274932
6943.4000 1.73323512
6944.3000 1.70259678
6945.2000 1.70883334
6946.1000 1.75545764
6947.0000 1.79618871
6947.9000 1.79526865
6948.8000 1.7692908
6949.7000 1.7701894
6950.6000 1.78130579
6951.5000 1.76146448
6952.4000 1.72194767
6953.3000 1.68587887
6954.2000 1.68076396
6955.1000 1.70531905
6956.0000 1.72686589
6956.9000 1.73334908
6957.8000 1.73982322
6958.7000 1.75956786
6959.6000 1.76544523
6960.5000 1.74813259
6961.4000 1.74448121
6962.3000 1.75782323
6963.2000 1.76371217
6964.1000 1.7710557
6965.0000 1.77599061
6965.9000 1.74770749
6966.8000 1.73259819
6967.7000 1.76816821
6968.6000 1.77807319
6969.5000 1.748456
6970.4000 1.74294937
6971.3000 1.74619484
6972.2000 1.73815954
6973.1000 1.73679769
6974.0000 1.73800254
6974.9000 1.74798727
6975.8000 1.76929283
6976.7000 1.74776709
6977.6000 1.6793443
6978.5000 1.65214491
6979.4000 1.68149173
6980.3000 1.71377909
6981.2000 1.74574447
6982.1000 1.78741717
6983.0000 1.80507934
6983.9000 1.80017853
6984.8000 1.81886995
6985.7000 1.84114146
6986.6000 1.83466506
6987.5000 1.81883359
6988.4000 1.80120027
6989.3000 1.78991771
6990.2000 1.79021049
6991.1000 1.76999116
6992.0000 1.75714087
6992.9000 1.77426493
6993.8000 1.78666663
6994.7000 1.79587007
6995.6000 1.81281054
6996.5000 1.82048297
6997.4000 1.81975067
6998.3000 1.81370604
6999.2000 1.80371439
7000.1000 1.81190789
7001.0000 1.83355844
7001.9000 1.85276747
7002.8000 1.85270858
7003.7000 1.82976842
7004.6000 1.81203353
7005.5000 1.8126415
7006.4000 1.82230401
7007.3000 1.83361125
7008.2000 1.83089256
7009.1000 1.81299043
7010.0000 1.79584134
7010.9000 1.80910623
7011.8000 1.86462379
7012.7000 1.9234103
7013.6000 1.92815769
7014.5000 1.88961768
7015.4000 1.84637702
7016.3000 1.81941545
7017.2000 1.82972801
7018.1000 1.86223602
7019.0000 1.90024126
7019.9000 1.92808676
7020.8000 1.92455423
7021.7000 1.90151882
7022.6000 1.86693537
7023.5000 1.83825755
7024.4000 1.81967556
7025.3000 1.81449175
7026.2000 1.84325695
7027.1000 1.90913582
7028.0000 1.98045945
7028.9000 2.0215416
7029.8000 2.01962304
7030.7000 1.99230206
7031.6000 1.95078278
7032.5000 1.91931534
7033.4000 1.93154728
7034.3000 1.98718166
7035.2000 2.03964448
7036.1000 2.04728246
7037.0000 2.01731658
7037.9000 1.98436117
7038.8000 1.99457741
7039.7000 2.05717707
7040.6000 2.11441135
7041.5000 2.13876152
7042.4000 2.16026902
7043.3000 2.16807652
7044.2000 2.15466857
7045.1000 2.14238024
7046.0000 2.14300704
7046.9000 2.15767264
7047.8000 2.1598618
7048.7000 2.14705372
7049.6000 2.1300838
7050.5000 2.12690377
7051.4000 2.12772036
7052.3000 2.0762217
7053.2000 1.92965961
7054.1000 1.70927119
7055.0000 1.57640791
7055.9000 1.62713552
7056.8000 1.74522781
7057.7000 1.80217338
7058.6000 1.76592326
7059.5000 1.69370055
7060.4000 1.64394414
7061.3000 1.62898147
7062.2000 1.65551853
7063.1000 1.70342863
7064.0000 1.74278259
7064.9000 1.75952578
7065.8000 1.7569108
7066.7000 1.75217283
7067.6000 1.74365401
7068.5000 1.7355628
7069.4000 1.74106252
7070.3000 1.76333928
7071.2000 1.80120873
7072.1000 1.83398092
7073.0000 1.84479153
7073.9000 1.83449721
7074.8000 1.82296121
7075.7000 1.83039141
7076.6000 1.8405726
7077.5000 1.83965468
7078.4000 1.83601451
7079.3000 1.83676052
7080.2000 1.84347379
7081.1000 1.85484195
7082.0000 1.85024297
7082.9000 1.81620848
7083.8000 1.76088858
7084.7000 1.72895598
7085.6000 1.73576975
7086.5000 1.68201697
7087.4000 1.50851095
7088.3000 1.36901271
7089.2000 1.38363731
7090.1000 1.47048438
7091.0000 1.55278969
7091.9000 1.5889473
7092.8000 1.56974971
7093.7000 1.54148495
7094.6000 1.52389014
7095.5000 1.51480746
7096.4000 1.52666163
7097.3000 1.55177259
7098.2000 1.57683969
7099.1000 1.59775054
7100.0000 1.60278785
7100.9000 1.58985114
7101.8000 1.57701552
7102.7000 1.5735563
7103.6000 1.5795126
7104.5000 1.59763658
7105.4000 1.62039196
7106.3000 1.64243615
7107.2000 1.66121185
7108.1000 1.67778885
7109.0000 1.68866944
7109.9000 1.68082249
7110.8000 1.6602304
7111.7000 1.65685058
7112.6000 1.68173516
7113.5000 1.6999203
7114.4000 1.69051611
7115.3000 1.67940581
7116.2000 1.69674599
7117.1000 1.72220755
7118.0000 1.73965144
7118.9000 1.76058793
7119.8000 1.78164554
7120.7000 1.77634466
7121.6000 1.75852323
7122.5000 1.74936283
7123.4000 1.72569227
7124.3000 1.61119294
7125.2000 1.39969325
7126.1000 1.2481302
7127.0000 1.2639209
7127.9000 1.35223341
7128.8000 1.41613293
7129.7000 1.42258811
7130.6000 1.38305271
7131.5000 1.34401584
7132.4000 1.33761454
7133.3000 1.35676408
7134.2000 1.37841547
7135.1000 1.38565433
7136.0000 1.38853836
7136.9000 1.3887527
7137.8000 1.3736496
7138.7000 1.36124945
7139.6000 1.37780607
7140.5000 1.41137874
7141.4000 1.43992233
7142.3000 1.4585526
7143.2000 1.46633685
7144.1000 1.4637301
7145.0000 1.45334697
7145.9000 1.43341625
7146.8000 1.37727594
7147.7000 1.30391729
7148.6000 1.30148268
7149.5000 1.38912582
7150.4000 1.47725534
7151.3000 1.51649225
7152.2000 1.53818381
7153.1000 1.55853283
7154.0000 1.57820606
7154.9000 1.6001575
7155.8000 1.61630797
7156.7000 1.61367381
7157.6000 1.58103859
7158.5000 1.52966368
7159.4000 1.4950037
7160.3000 1.50159454
7161.2000 1.53382742
7162.1000 1.56133783
7163.0000 1.56402946
7163.9000 1.54104459
7164.8000 1.51979113
7165.7000 1.5399121
7166.6000 1.58345163
7167.5000 1.60504913
7168.4000 1.59744787
7169.3000 1.58273661
7170.2000 1.59744513
7171.1000 1.62757182
7172.0000 1.63401783
7172.9000 1.61908436
7173.8000 1.60694313
7174.7000 1.60880208
7175.6000 1.60967147
7176.5000 1.60188413
7177.4000 1.60606813
7178.3000 1.62865353
7179.2000 1.64319432
7180.1000 1.63567996
7181.0000 1.62989879
7181.9000 1.64668393
7182.8000 1.67379868
7183.7000 1.69530165
7184.6000 1.70102382
7185.5000 1.67707479
7186.4000 1.62688446
7187.3000 1.58848524
7188.2000 1.5884161
7189.1000 1.61181939
7190.0000 1.6518141
7190.9000 1.69077814
7191.8000 1.70734489
7192.7000 1.7117666
7193.6000 1.71910858
7194.5000 1.72333193
7195.4000 1.71423924
7196.3000 1.67204142
7197.2000 1.60441387
7198.1000 1.57237136
7199.0000 1.59196603
7199.9000 1.58808553
7200.8000 1.51956213
7201.7000 1.44185889
7202.6000 1.44011867
7203.5000 1.51907575
7204.4000 1.59668994
7205.3000 1.61804199
7206.2000 1.58689511
7207.1000 1.54870081
7208.0000 1.53039038
7208.9000 1.52326107
7209.8000 1.54481685
7210.7000 1.60567617
7211.6000 1.66544223
7212.5000 1.68908453
7213.4000 1.69047856
7214.3000 1.68475974
7215.2000 1.67834568
7216.1000 1.67653894
7217.0000 1.69580686
7217.9000 1.73403478
7218.8000 1.74925089
7219.7000 1.73715019
7220.6000 1.74066281
7221.5000 1.7642597
7222.4000 1.76448083
7223.3000 1.74458933
7224.2000 1.75513446
7225.1000 1.78734374
7226.0000 1.80259788
7226.9000 1.80789363
7227.8000 1.80126405
7228.7000 1.78105748
7229.6000 1.76643133
7230.5000 1.76772773
7231.4000 1.77286053
7232.3000 1.7738564
7233.2000 1.77427292
7234.1000 1.78371751
7235.0000 1.80263436
7235.9000 1.81432164
7236.8000 1.81777871
7237.7000 1.82436693
7238.6000 1.82748961
7239.5000 1.81600964
7240.4000 1.79568207
7241.3000 1.79987502
7242.2000 1.81225777
7243.1000 1.78609407
7244.0000 1.74590027
7244.9000 1.7491107
7245.8000 1.80655468
7246.7000 1.87016702
7247.6000 1.91027701
7248.5000 1.92905045
7249.4000 1.9185859
7250.3000 1.8833735
7251.2000 1.8346163
7252.1000 1.80776548
7253.0000 1.82561624
7253.9000 1.8591367
7254.8000 1.88674974
7255.7000 1.90407681
7256.6000 1.90578103
7257.5000 1.90995204
7258.4000 1.93275905
7259.3000 1.9434433
7260.2000 1.92300844
7261.1000 1.8907522
7262.0000 1.88712537
7262.9000 1.93082881
7263.8000 1.97669601
7264.7000 1.98688197
7265.6000 1.9669764
7266.5000 1.95984995
7267.4000 1.98751533
7268.3000 2.01174641
7269.2000 1.98747039
7270.1000 1.94417584
7271.0000 1.91812921
7271.9000 1.9249388
7272.8000 1.95231616
7273.7000 1.98027492
7274.6000 2.00117254
7275.5000 2.00910568
7276.4000 1.99636853
7277.3000 1.96681833
7278.2000 1.96853936
7279.1000 1.99237442
7280.0000 1.9937762
7280.9000 1.98220968
7281.8000 1.99143863
7282.7000 2.01756287
7283.6000 2.01889753
7284.5000 2.00258374
7285.4000 2.00457692
7286.3000 2.02322912
7287.2000 2.02278876
7288.1000 2.00532722
7289.0000 2.00089669
7289.9000 1.99259543
7290.8000 1.96858442
7291.7000 1.95688188
7292.6000 1.95884526
7293.5000 1.96973145
7294.4000 2.00111437
7295.3000 2.04641867
7296.2000 2.08290243
7297.1000 2.08877134
7298.0000 2.06559134
7298.9000 2.03800297
7299.8000 2.03135586
7300.7000 2.06902766
7301.6000 2.10130286
7302.5000 2.09141445
7303.4000 2.06577182
7304.3000 2.05855966
7305.2000 2.05902267
7306.1000 2.06078076
7307.0000 2.06920385
7307.9000 2.08653784
7308.8000 2.09951901
7309.7000 2.08747339
7310.6000 2.06795335
7311.5000 2.08407664
7312.4000 2.1273818
7313.3000 2.15198398
7314.2000 2.14888191
7315.1000 2.12763977
7316.0000 2.10744262
7316.9000 2.10620022
7317.8000 2.10439229
7318.7000 2.1215198
7319.6000 2.14464283
7320.5000 2.14409065
7321.4000 2.13614821
7322.3000 2.13619852
7323.2000 2.12997985
7324.1000 2.07165289
7325.0000 1.94420421
7325.9000 1.83348119
7326.8000 1.87973237
7327.7000 2.03723407
7328.6000 2.14721084
7329.5000 2.17342639
7330.4000 2.15002656
7331.3000 2.12203312
7332.2000 2.1244812
7333.1000 2.15077782
7334.0000 2.16942453
7334.9000 2.17478204
7335.8000 2.19576716
7336.7000 2.21646357
7337.6000 2.20737815
7338.5000 2.19659138
7339.4000 2.20666242
7340.3000 2.21905684
7341.2000 2.21622348
7342.1000 2.19823217
7343.0000 2.16200686
7343.9000 2.11038661
7344.8000 2.09793353
7345.7000 2.14569235
7346.6000 2.19316506
7347.5000 2.21528864
7348.4000 2.21870661
7349.3000 2.20410156
7350.2000 2.18609953
7351.1000 2.17216706
7352.0000 2.1546278
7352.9000 2.13994122
7353.8000 2.12319183
7354.7000 2.07047749
7355.6000 1.99108922
7356.5000 1.96085548
7357.4000 2.01031804
7358.3000 2.10047936
7359.2000 2.16828084
7360.1000 2.162184
7361.0000 2.11399698
7361.9000 2.08235431
7362.8000 2.08373165
7363.7000 2.10721469
7364.6000 2.1394043
7365.5000 2.16581416
7366.4000 2.17803025
7367.3000 2.20615149
7368.2000 2.24204445
7369.1000 2.25708079
7370.0000 2.25973368
7370.9000 2.26689458
7371.8000 2.27198267
7372.7000 2.26805711
7373.6000 2.25745988
7374.5000 2.24076796
7375.4000 2.23108888
7376.3000 2.23944569
7377.2000 2.25642967
7378.1000 2.27098918
7379.0000 2.28110433
7379.9000 2.27545619
7380.8000 2.25054836
7381.7000 2.22901392
7382.6000 2.22913408
7383.5000 2.24014926
7384.4000 2.23904943
7385.3000 2.21512914
7386.2000 2.18900919
7387.1000 2.179986
7388.0000 2.17792726
7388.9000 2.16392493
7389.8000 2.14941382
7390.7000 2.15519285
7391.6000 2.17577791
7392.5000 2.19154882
7393.4000 2.19440532
7394.3000 2.20253825
7395.2000 2.22470951
7396.1000 2.23579884
7397.0000 2.21849036
7397.9000 2.18792033
7398.8000 2.13444805
7399.7000 2.0855279
7400.6000 2.09575391
7401.5000 2.16144776
7402.4000 2.22776246
7403.3000 2.25993609
7404.2000 2.26563621
7405.1000 2.26113224
7406.0000 2.25805736
7406.9000 2.25596952
7407.8000 2.24608016
7408.7000 2.23367357
7409.6000 2.22501755
7410.5000 2.21953654
7411.4000 2.2173233
7412.3000 1.82149529
7413.2000 0.42056134
7414.1000 0.00872696
7415.0000 0.00001023
7415.9000 0
7416.8000 0
7417.7000 0
7418.6000 0
7419.5000 0
7420.4000 0
7421.3000 0
7422.2000 0
7423.1000 0
7424.0000 0
7424.9000 0
7425.8000 0
7426.7000 0
7427.6000 0
7428.5000 0
7429.4000 0
