3500.000	0.0000
3500.900	0.0000
3501.800	0.0000
3502.700	0.0000
3503.600	0.0000
3504.500	0.0000
3505.400	0.0000
3506.300	0.0000
3507.200	0.0000
3508.100	0.0000
3509.000	0.0000
3509.900	0.0000
3510.800	0.0000
3511.700	0.0000
3512.600	0.0000
3513.500	0.0000
3514.400	0.0000
3515.300	0.0000
3516.200	0.0000
3517.100	0.0000
3518.000	0.0000
3518.900	0.0000
3519.800	0.0000
3520.700	0.0000
3521.600	0.0000
3522.500	0.0000
3523.400	0.0000
3524.300	0.0000
3525.200	0.0000
3526.100	0.0000
3527.000	0.0000
3527.900	0.0000
3528.800	0.0000
3529.700	0.0000
3530.600	0.0000
3531.500	0.0000
3532.400	0.0000
3533.300	0.0000
3534.200	0.0000
3535.100	0.0000
3536.000	0.0021
3536.900	0.0640
3537.800	0.0695
3538.700	0.0695
3539.600	0.0664
3540.500	0.0612
3541.400	0.0667
3542.300	0.0679
3543.200	0.0650
3544.100	0.0736
3545.000	0.0825
3545.900	0.0832
3546.800	0.0734
3547.700	0.0598
3548.600	0.0553
3549.500	0.0514
3550.400	0.0485
3551.300	0.0466
3552.200	0.0532
3553.100	0.0573
3554.000	0.0611
3554.900	0.0673
3555.800	0.0768
3556.700	0.0832
3557.600	0.0754
3558.500	0.0734
3559.400	0.0727
3560.300	0.0750
3561.200	0.0739
3562.100	0.0735
3563.000	0.0722
3563.900	0.0627
3564.800	0.0496
3565.700	0.0461
3566.600	0.0469
3567.500	0.0516
3568.400	0.0507
3569.300	0.0508
3570.200	0.0473
3571.100	0.0366
3572.000	0.0457
3572.900	0.0507
3573.800	0.0490
3574.700	0.0465
3575.600	0.0394
3576.500	0.0331
3577.400	0.0261
3578.300	0.0246
3579.200	0.0251
3580.100	0.0262
3581.000	0.0275
3581.900	0.0368
3582.800	0.0485
3583.700	0.0529
3584.600	0.0407
3585.500	0.0344
3586.400	0.0373
3587.300	0.0368
3588.200	0.0409
3589.100	0.0433
3590.000	0.0487
3590.900	0.0524
3591.800	0.0503
3592.700	0.0372
3593.600	0.0305
3594.500	0.0374
3595.400	0.0440
3596.300	0.0511
3597.200	0.0609
3598.100	0.0642
3599.000	0.0694
3599.900	0.0689
3600.800	0.0635
3601.700	0.0541
3602.600	0.0461
3603.500	0.0445
3604.400	0.0350
3605.300	0.0291
3606.200	0.0379
3607.100	0.0443
3608.000	0.0464
3608.900	0.0432
3609.800	0.0372
3610.700	0.0405
3611.600	0.0504
3612.500	0.0571
3613.400	0.0605
3614.300	0.0681
3615.200	0.0765
3616.100	0.0770
3617.000	0.0710
3617.900	0.0547
3618.800	0.0439
3619.700	0.0495
3620.600	0.0622
3621.500	0.0785
3622.400	0.0932
3623.300	0.0857
3624.200	0.0778
3625.100	0.0808
3626.000	0.0918
3626.900	0.0949
3627.800	0.0999
3628.700	0.0996
3629.600	0.0796
3630.500	0.0592
3631.400	0.0477
3632.300	0.0537
3633.200	0.0606
3634.100	0.0691
3635.000	0.0601
3635.900	0.0624
3636.800	0.0772
3637.700	0.0848
3638.600	0.0955
3639.500	0.1054
3640.400	0.1000
3641.300	0.0932
3642.200	0.0820
3643.100	0.0700
3644.000	0.0636
3644.900	0.0684
3645.800	0.0693
3646.700	0.0674
3647.600	0.0584
3648.500	0.0590
3649.400	0.0651
3650.300	0.0782
3651.200	0.0786
3652.100	0.0785
3653.000	0.0638
3653.900	0.0627
3654.800	0.0818
3655.700	0.0988
3656.600	0.0961
3657.500	0.1048
3658.400	0.1073
3659.300	0.1069
3660.200	0.1085
3661.100	0.0983
3662.000	0.0932
3662.900	0.0914
3663.800	0.0927
3664.700	0.1009
3665.600	0.1114
3666.500	0.1111
3667.400	0.1058
3668.300	0.0930
3669.200	0.0792
3670.100	0.0763
3671.000	0.0852
3671.900	0.1078
3672.800	0.1204
3673.700	0.1148
3674.600	0.1033
3675.500	0.1043
3676.400	0.1099
3677.300	0.1065
3678.200	0.0991
3679.100	0.0928
3680.000	0.0820
3680.900	0.0922
3681.800	0.1049
3682.700	0.0928
3683.600	0.0866
3684.500	0.0911
3685.400	0.0828
3686.300	0.0685
3687.200	0.0626
3688.100	0.0623
3689.000	0.0653
3689.900	0.0804
3690.800	0.1037
3691.700	0.1080
3692.600	0.0972
3693.500	0.0943
3694.400	0.0874
3695.300	0.0878
3696.200	0.1016
3697.100	0.1100
3698.000	0.1186
3698.900	0.1358
3699.800	0.1371
3700.700	0.1264
3701.600	0.1203
3702.500	0.1070
3703.400	0.0826
3704.300	0.0597
3705.200	0.0456
3706.100	0.0590
3707.000	0.0777
3707.900	0.0764
3708.800	0.0684
3709.700	0.0779
3710.600	0.1081
3711.500	0.1321
3712.400	0.1372
3713.300	0.1346
3714.200	0.1319
3715.100	0.1259
3716.000	0.1105
3716.900	0.1009
3717.800	0.0870
3718.700	0.0666
3719.600	0.0484
3720.500	0.0371
3721.400	0.0426
3722.300	0.0556
3723.200	0.0732
3724.100	0.0936
3725.000	0.1022
3725.900	0.1049
3726.800	0.0935
3727.700	0.0802
3728.600	0.0845
3729.500	0.0829
3730.400	0.0743
3731.300	0.0681
3732.200	0.0614
3733.100	0.0560
3734.000	0.0490
3734.900	0.0494
3735.800	0.0506
3736.700	0.0502
3737.600	0.0541
3738.500	0.0684
3739.400	0.0844
3740.300	0.0932
3741.200	0.0937
3742.100	0.0892
3743.000	0.0838
3743.900	0.0716
3744.800	0.0653
3745.700	0.0573
3746.600	0.0586
3747.500	0.0597
3748.400	0.0494
3749.300	0.0512
3750.200	0.0607
3751.100	0.0859
3752.000	0.0958
3752.900	0.0872
3753.800	0.1087
3754.700	0.1299
3755.600	0.1377
3756.500	0.1260
3757.400	0.0927
3758.300	0.0714
3759.200	0.0751
3760.100	0.0882
3761.000	0.1039
3761.900	0.1073
3762.800	0.1002
3763.700	0.0889
3764.600	0.0944
3765.500	0.1045
3766.400	0.0968
3767.300	0.0936
3768.200	0.1024
3769.100	0.1232
3770.000	0.1419
3770.900	0.1434
3771.800	0.1373
3772.700	0.1379
3773.600	0.1516
3774.500	0.1467
3775.400	0.1353
3776.300	0.1288
3777.200	0.1268
3778.100	0.1268
3779.000	0.1313
3779.900	0.1452
3780.800	0.1518
3781.700	0.1591
3782.600	0.1587
3783.500	0.1502
3784.400	0.1541
3785.300	0.1549
3786.200	0.1384
3787.100	0.1066
3788.000	0.0862
3788.900	0.0907
3789.800	0.0997
3790.700	0.1063
3791.600	0.1219
3792.500	0.1296
3793.400	0.1158
3794.300	0.1063
3795.200	0.1063
3796.100	0.1094
3797.000	0.1124
3797.900	0.1006
3798.800	0.0815
3799.700	0.0868
3800.600	0.1203
3801.500	0.1536
3802.400	0.1662
3803.300	0.1580
3804.200	0.1513
3805.100	0.1479
3806.000	0.1343
3806.900	0.1204
3807.800	0.1134
3808.700	0.1207
3809.600	0.1472
3810.500	0.1588
3811.400	0.1515
3812.300	0.1422
3813.200	0.1287
3814.100	0.1091
3815.000	0.1014
3815.900	0.0948
3816.800	0.0939
3817.700	0.0973
3818.600	0.0954
3819.500	0.0810
3820.400	0.0653
3821.300	0.0638
3822.200	0.0690
3823.100	0.0750
3824.000	0.0705
3824.900	0.0623
3825.800	0.0679
3826.700	0.0786
3827.600	0.0943
3828.500	0.0985
3829.400	0.1069
3830.300	0.1126
3831.200	0.1208
3832.100	0.1038
3833.000	0.0885
3833.900	0.0900
3834.800	0.1040
3835.700	0.1279
3836.600	0.1401
3837.500	0.1328
3838.400	0.1214
3839.300	0.1127
3840.200	0.0899
3841.100	0.0852
3842.000	0.1039
3842.900	0.1232
3843.800	0.1306
3844.700	0.1371
3845.600	0.1431
3846.500	0.1488
3847.400	0.1464
3848.300	0.1344
3849.200	0.1170
3850.100	0.1053
3851.000	0.1129
3851.900	0.1375
3852.800	0.1509
3853.700	0.1489
3854.600	0.1334
3855.500	0.1067
3856.400	0.0901
3857.300	0.0943
3858.200	0.0948
3859.100	0.0791
3860.000	0.0716
3860.900	0.0848
3861.800	0.1099
3862.700	0.1251
3863.600	0.1215
3864.500	0.1103
3865.400	0.1093
3866.300	0.1242
3867.200	0.1406
3868.100	0.1520
3869.000	0.1636
3869.900	0.1633
3870.800	0.1568
3871.700	0.1399
3872.600	0.1169
3873.500	0.1074
3874.400	0.1096
3875.300	0.1147
3876.200	0.1079
3877.100	0.0954
3878.000	0.0921
3878.900	0.1042
3879.800	0.1297
3880.700	0.1526
3881.600	0.1439
3882.500	0.1368
3883.400	0.1511
3884.300	0.1488
3885.200	0.1169
3886.100	0.0783
3887.000	0.0776
3887.900	0.1031
3888.800	0.1165
3889.700	0.1204
3890.600	0.1275
3891.500	0.1517
3892.400	0.1676
3893.300	0.1597
3894.200	0.1470
3895.100	0.1319
3896.000	0.1312
3896.900	0.1416
3897.800	0.1409
3898.700	0.1313
3899.600	0.1263
3900.500	0.1365
3901.400	0.1505
3902.300	0.1493
3903.200	0.1518
3904.100	0.1604
3905.000	0.1615
3905.900	0.1500
3906.800	0.1357
3907.700	0.1413
3908.600	0.1652
3909.500	0.1847
3910.400	0.1846
3911.300	0.1712
3912.200	0.1653
3913.100	0.1570
3914.000	0.1524
3914.900	0.1535
3915.800	0.1520
3916.700	0.1494
3917.600	0.1496
3918.500	0.1407
3919.400	0.1242
3920.300	0.1071
3921.200	0.1001
3922.100	0.1017
3923.000	0.1038
3923.900	0.1026
3924.800	0.1062
3925.700	0.1070
3926.600	0.1031
3927.500	0.0911
3928.400	0.0687
3929.300	0.0575
3930.200	0.0479
3931.100	0.0374
3932.000	0.0314
3932.900	0.0263
3933.800	0.0257
3934.700	0.0265
3935.600	0.0343
3936.500	0.0520
3937.400	0.0649
3938.300	0.0824
3939.200	0.0932
3940.100	0.0960
3941.000	0.0920
3941.900	0.0897
3942.800	0.0859
3943.700	0.0773
3944.600	0.0844
3945.500	0.1113
3946.400	0.1338
3947.300	0.1290
3948.200	0.1220
3949.100	0.1321
3950.000	0.1604
3950.900	0.1829
3951.800	0.1749
3952.700	0.1697
3953.600	0.1815
3954.500	0.1935
3955.400	0.1763
3956.300	0.1458
3957.200	0.1186
3958.100	0.1166
3959.000	0.1146
3959.900	0.1041
3960.800	0.0781
3961.700	0.0653
3962.600	0.0621
3963.500	0.0720
3964.400	0.0760
3965.300	0.0653
3966.200	0.0515
3967.100	0.0421
3968.000	0.0356
3968.900	0.0327
3969.800	0.0384
3970.700	0.0511
3971.600	0.0730
3972.500	0.0895
3973.400	0.1004
3974.300	0.1198
3975.200	0.1404
3976.100	0.1527
3977.000	0.1619
3977.900	0.1661
3978.800	0.1764
3979.700	0.1910
3980.600	0.1947
3981.500	0.1766
3982.400	0.1645
3983.300	0.1835
3984.200	0.2034
3985.100	0.2284
3986.000	0.2414
3986.900	0.2318
3987.800	0.2264
3988.700	0.2173
3989.600	0.1955
3990.500	0.1965
3991.400	0.2245
3992.300	0.2422
3993.200	0.2419
3994.100	0.2392
3995.000	0.2338
3995.900	0.2253
3996.800	0.2128
3997.700	0.2024
3998.600	0.2060
3999.500	0.2290
4000.400	0.2619
4001.300	0.2902
4002.200	0.3043
4003.100	0.2979
4004.000	0.2753
4004.900	0.2427
4005.800	0.2364
4006.700	0.2585
4007.600	0.2629
4008.500	0.2459
4009.400	0.2373
4010.300	0.2527
4011.200	0.2650
4012.100	0.2664
4013.000	0.2857
4013.900	0.3061
4014.800	0.3249
4015.700	0.3376
4016.600	0.3407
4017.500	0.3281
4018.400	0.3157
4019.300	0.3088
4020.200	0.2920
4021.100	0.2681
4022.000	0.2671
4022.900	0.2541
4023.800	0.2326
4024.700	0.2391
4025.600	0.2765
4026.500	0.3114
4027.400	0.3373
4028.300	0.3622
4029.200	0.3381
4030.100	0.2628
4031.000	0.2140
4031.900	0.2078
4032.800	0.1947
4033.700	0.1868
4034.600	0.2138
4035.500	0.2769
4036.400	0.3492
4037.300	0.3858
4038.200	0.4044
4039.100	0.3823
4040.000	0.3564
4040.900	0.3381
4041.800	0.3331
4042.700	0.3302
4043.600	0.2982
4044.500	0.2521
4045.400	0.2130
4046.300	0.2142
4047.200	0.2610
4048.100	0.2975
4049.000	0.3224
4049.900	0.3469
4050.800	0.3696
4051.700	0.3707
4052.600	0.3686
4053.500	0.3469
4054.400	0.3145
4055.300	0.3091
4056.200	0.3257
4057.100	0.3235
4058.000	0.3101
4058.900	0.3053
4059.800	0.3144
4060.700	0.3444
4061.600	0.3542
4062.500	0.3116
4063.400	0.2584
4064.300	0.2470
4065.200	0.2900
4066.100	0.3298
4067.000	0.3297
4067.900	0.3346
4068.800	0.3660
4069.700	0.3884
4070.600	0.3518
4071.500	0.2984
4072.400	0.3052
4073.300	0.3481
4074.200	0.3779
4075.100	0.3529
4076.000	0.2938
4076.900	0.2386
4077.800	0.2119
4078.700	0.2470
4079.600	0.3172
4080.500	0.3796
4081.400	0.3914
4082.300	0.3624
4083.200	0.3478
4084.100	0.3649
4085.000	0.3761
4085.900	0.3753
4086.800	0.3857
4087.700	0.4147
4088.600	0.4549
4089.500	0.4726
4090.400	0.4397
4091.300	0.4025
4092.200	0.3808
4093.100	0.3832
4094.000	0.4088
4094.900	0.3992
4095.800	0.3619
4096.700	0.3454
4097.600	0.3552
4098.500	0.3510
4099.400	0.3221
4100.300	0.2795
4101.200	0.2692
4102.100	0.2966
4103.000	0.3203
4103.900	0.3396
4104.800	0.3594
4105.700	0.4048
4106.600	0.4335
4107.500	0.4196
4108.400	0.3961
4109.300	0.3590
4110.200	0.3294
4111.100	0.3211
4112.000	0.3211
4112.900	0.3332
4113.800	0.3604
4114.700	0.3583
4115.600	0.3450
4116.500	0.3510
4117.400	0.3581
4118.300	0.3439
4119.200	0.3362
4120.100	0.3569
4121.000	0.3419
4121.900	0.3397
4122.800	0.3511
4123.700	0.3743
4124.600	0.4125
4125.500	0.4437
4126.400	0.4198
4127.300	0.3735
4128.200	0.3277
4129.100	0.3274
4130.000	0.3228
4130.900	0.3234
4131.800	0.3168
4132.700	0.3037
4133.600	0.3066
4134.500	0.3109
4135.400	0.3355
4136.300	0.3565
4137.200	0.3726
4138.100	0.3938
4139.000	0.3964
4139.900	0.3809
4140.800	0.3766
4141.700	0.3589
4142.600	0.2966
4143.500	0.2601
4144.400	0.2953
4145.300	0.3637
4146.200	0.4075
4147.100	0.4181
4148.000	0.4116
4148.900	0.3894
4149.800	0.3648
4150.700	0.3532
4151.600	0.3592
4152.500	0.3627
4153.400	0.3789
4154.300	0.4084
4155.200	0.4266
4156.100	0.4160
4157.000	0.4381
4157.900	0.4707
4158.800	0.4787
4159.700	0.4747
4160.600	0.4731
4161.500	0.4961
4162.400	0.5202
4163.300	0.4974
4164.200	0.4472
4165.100	0.4137
4166.000	0.4138
4166.900	0.4107
4167.800	0.3955
4168.700	0.3967
4169.600	0.4174
4170.500	0.4184
4171.400	0.3689
4172.300	0.3125
4173.200	0.2874
4174.100	0.2889
4175.000	0.3174
4175.900	0.3520
4176.800	0.3624
4177.700	0.3671
4178.600	0.3928
4179.500	0.4268
4180.400	0.4495
4181.300	0.4341
4182.200	0.4035
4183.100	0.4059
4184.000	0.4318
4184.900	0.4485
4185.800	0.4341
4186.700	0.3945
4187.600	0.3821
4188.500	0.4100
4189.400	0.4138
4190.300	0.3804
4191.200	0.3728
4192.100	0.4263
4193.000	0.4865
4193.900	0.4955
4194.800	0.4678
4195.700	0.4378
4196.600	0.4135
4197.500	0.3900
4198.400	0.3584
4199.300	0.3434
4200.200	0.3382
4201.100	0.3480
4202.000	0.3675
4202.900	0.3758
4203.800	0.3849
4204.700	0.3756
4205.600	0.3726
4206.500	0.4025
4207.400	0.4435
4208.300	0.4844
4209.200	0.4765
4210.100	0.4390
4211.000	0.4266
4211.900	0.4271
4212.800	0.4165
4213.700	0.3863
4214.600	0.3325
4215.500	0.2763
4216.400	0.2770
4217.300	0.3269
4218.200	0.3552
4219.100	0.3517
4220.000	0.3392
4220.900	0.3240
4221.800	0.2998
4222.700	0.2631
4223.600	0.2196
4224.500	0.1761
4225.400	0.1240
4226.300	0.0791
4227.200	0.0739
4228.100	0.1138
4229.000	0.1645
4229.900	0.2172
4230.800	0.2671
4231.700	0.2806
4232.600	0.2731
4233.500	0.2638
4234.400	0.2800
4235.300	0.3165
4236.200	0.3511
4237.100	0.3739
4238.000	0.3953
4238.900	0.4046
4239.800	0.3872
4240.700	0.3782
4241.600	0.3984
4242.500	0.4337
4243.400	0.4730
4244.300	0.5070
4245.200	0.5066
4246.100	0.4711
4247.000	0.4480
4247.900	0.4396
4248.800	0.4505
4249.700	0.4331
4250.600	0.3782
4251.500	0.3573
4252.400	0.3539
4253.300	0.3124
4254.200	0.2588
4255.100	0.2671
4256.000	0.3305
4256.900	0.3794
4257.800	0.3770
4258.700	0.3457
4259.600	0.3371
4260.500	0.3488
4261.400	0.3732
4262.300	0.4073
4263.200	0.4452
4264.100	0.4699
4265.000	0.4756
4265.900	0.4663
4266.800	0.4600
4267.700	0.4564
4268.600	0.4430
4269.500	0.4209
4270.400	0.3729
4271.300	0.3065
4272.200	0.2775
4273.100	0.2919
4274.000	0.2775
4274.900	0.2575
4275.800	0.2962
4276.700	0.3664
4277.600	0.4215
4278.500	0.4531
4279.400	0.4555
4280.300	0.4244
4281.200	0.3997
4282.100	0.3886
4283.000	0.3819
4283.900	0.3961
4284.800	0.4080
4285.700	0.3919
4286.600	0.3806
4287.500	0.3607
4288.400	0.3079
4289.300	0.2431
4290.200	0.2223
4291.100	0.2542
4292.000	0.3301
4292.900	0.4154
4293.800	0.4428
4294.700	0.4310
4295.600	0.4419
4296.500	0.4472
4297.400	0.4269
4298.300	0.3657
4299.200	0.2987
4300.100	0.2730
4301.000	0.3052
4301.900	0.3347
4302.800	0.3624
4303.700	0.4063
4304.600	0.4288
4305.500	0.3831
4306.400	0.3176
4307.300	0.2915
4308.200	0.2987
4309.100	0.3346
4310.000	0.3879
4310.900	0.4616
4311.800	0.4887
4312.700	0.4692
4313.600	0.4060
4314.500	0.3499
4315.400	0.3660
4316.300	0.4379
4317.200	0.4704
4318.100	0.4644
4319.000	0.4473
4319.900	0.4458
4320.800	0.4500
4321.700	0.4508
4322.600	0.4763
4323.500	0.4666
4324.400	0.4196
4325.300	0.3455
4326.200	0.3308
4327.100	0.4154
4328.000	0.5157
4328.900	0.5417
4329.800	0.5076
4330.700	0.4832
4331.600	0.5004
4332.500	0.5262
4333.400	0.5545
4334.300	0.5882
4335.200	0.6199
4336.100	0.5959
4337.000	0.4892
4337.900	0.4045
4338.800	0.3930
4339.700	0.3721
4340.600	0.3607
4341.500	0.4105
4342.400	0.4865
4343.300	0.5014
4344.200	0.4759
4345.100	0.4806
4346.000	0.4968
4346.900	0.4735
4347.800	0.4952
4348.700	0.5613
4349.600	0.5709
4350.500	0.4983
4351.400	0.4003
4352.300	0.3600
4353.200	0.3752
4354.100	0.3991
4355.000	0.4151
4355.900	0.4381
4356.800	0.4739
4357.700	0.4862
4358.600	0.4600
4359.500	0.4314
4360.400	0.4363
4361.300	0.4574
4362.200	0.4842
4363.100	0.4992
4364.000	0.5099
4364.900	0.5182
4365.800	0.5208
4366.700	0.5008
4367.600	0.4665
4368.500	0.4474
4369.400	0.4692
4370.300	0.4961
4371.200	0.4998
4372.100	0.4999
4373.000	0.4888
4373.900	0.4606
4374.800	0.4307
4375.700	0.4393
4376.600	0.5032
4377.500	0.5764
4378.400	0.5789
4379.300	0.5265
4380.200	0.5083
4381.100	0.5205
4382.000	0.4911
4382.900	0.3980
4383.800	0.3134
4384.700	0.3284
4385.600	0.4236
4386.500	0.5118
4387.400	0.5305
4388.300	0.5001
4389.200	0.4520
4390.100	0.4301
4391.000	0.4689
4391.900	0.5154
4392.800	0.5375
4393.700	0.5092
4394.600	0.4446
4395.500	0.4224
4396.400	0.4666
4397.300	0.5146
4398.200	0.5079
4399.100	0.4764
4400.000	0.4459
4400.900	0.4490
4401.800	0.4997
4402.700	0.5167
4403.600	0.4530
4404.500	0.3661
4405.400	0.3380
4406.300	0.3622
4407.200	0.3700
4408.100	0.3599
4409.000	0.4118
4409.900	0.5140
4410.800	0.5666
4411.700	0.5687
4412.600	0.5681
4413.500	0.5611
4414.400	0.5085
4415.300	0.4659
4416.200	0.4858
4417.100	0.5241
4418.000	0.5650
4418.900	0.5908
4419.800	0.5676
4420.700	0.5092
4421.600	0.4414
4422.500	0.3936
4423.400	0.3939
4424.300	0.4095
4425.200	0.3983
4426.100	0.3712
4427.000	0.3652
4427.900	0.3766
4428.800	0.3903
4429.700	0.3845
4430.600	0.3938
4431.500	0.4445
4432.400	0.4716
4433.300	0.4417
4434.200	0.3798
4435.100	0.3282
4436.000	0.3343
4436.900	0.3882
4437.800	0.4224
4438.700	0.4501
4439.600	0.4668
4440.500	0.4450
4441.400	0.4103
4442.300	0.3840
4443.200	0.3848
4444.100	0.4129
4445.000	0.4481
4445.900	0.4910
4446.800	0.5103
4447.700	0.5242
4448.600	0.5418
4449.500	0.5131
4450.400	0.4931
4451.300	0.5026
4452.200	0.5073
4453.100	0.4990
4454.000	0.4597
4454.900	0.4229
4455.800	0.4153
4456.700	0.4434
4457.600	0.4534
4458.500	0.4551
4459.400	0.4140
4460.300	0.3694
4461.200	0.3334
4462.100	0.3071
4463.000	0.3258
4463.900	0.3583
4464.800	0.3452
4465.700	0.3250
4466.600	0.3139
4467.500	0.3203
4468.400	0.3398
4469.300	0.3397
4470.200	0.3406
4471.100	0.3481
4472.000	0.3629
4472.900	0.3872
4473.800	0.4030
4474.700	0.4072
4475.600	0.4194
4476.500	0.4441
4477.400	0.4654
4478.300	0.4748
4479.200	0.4579
4480.100	0.4313
4481.000	0.3989
4481.900	0.3722
4482.800	0.4003
4483.700	0.4482
4484.600	0.4684
4485.500	0.4816
4486.400	0.4998
4487.300	0.4970
4488.200	0.4656
4489.100	0.4227
4490.000	0.4130
4490.900	0.4616
4491.800	0.5127
4492.700	0.5323
4493.600	0.5169
4494.500	0.4785
4495.400	0.4452
4496.300	0.4132
4497.200	0.4301
4498.100	0.4899
4499.000	0.5299
4499.900	0.5198
4500.800	0.4876
4501.700	0.4737
4502.600	0.5002
4503.500	0.5204
4504.400	0.4957
4505.300	0.4532
4506.200	0.4141
4507.100	0.3895
4508.000	0.3957
4508.900	0.4138
4509.800	0.4254
4510.700	0.4317
4511.600	0.4241
4512.500	0.4024
4513.400	0.4043
4514.300	0.4296
4515.200	0.4545
4516.100	0.4712
4517.000	0.4632
4517.900	0.4312
4518.800	0.4327
4519.700	0.4713
4520.600	0.5095
4521.500	0.5224
4522.400	0.4857
4523.300	0.4563
4524.200	0.4783
4525.100	0.4890
4526.000	0.4479
4526.900	0.4027
4527.800	0.3879
4528.700	0.4086
4529.600	0.4393
4530.500	0.4583
4531.400	0.4779
4532.300	0.4865
4533.200	0.4572
4534.100	0.3978
4535.000	0.3525
4535.900	0.3768
4536.800	0.4790
4537.700	0.5685
4538.600	0.5793
4539.500	0.5459
4540.400	0.5182
4541.300	0.5192
4542.200	0.5406
4543.100	0.5579
4544.000	0.5384
4544.900	0.5032
4545.800	0.4960
4546.700	0.4933
4547.600	0.4595
4548.500	0.4112
4549.400	0.4035
4550.300	0.4422
4551.200	0.4632
4552.100	0.4408
4553.000	0.4083
4553.900	0.3899
4554.800	0.3926
4555.700	0.4241
4556.600	0.4827
4557.500	0.5302
4558.400	0.5523
4559.300	0.5666
4560.200	0.5663
4561.100	0.5595
4562.000	0.5469
4562.900	0.5255
4563.800	0.5254
4564.700	0.5531
4565.600	0.5869
4566.500	0.6253
4567.400	0.6660
4568.300	0.6850
4569.200	0.6713
4570.100	0.6338
4571.000	0.5781
4571.900	0.5729
4572.800	0.6400
4573.700	0.6872
4574.600	0.6629
4575.500	0.6496
4576.400	0.6604
4577.300	0.6673
4578.200	0.6634
4579.100	0.6250
4580.000	0.5733
4580.900	0.5755
4581.800	0.6289
4582.700	0.6231
4583.600	0.5222
4584.500	0.3953
4585.400	0.3245
4586.300	0.2869
4587.200	0.2842
4588.100	0.3025
4589.000	0.3191
4589.900	0.3234
4590.800	0.3197
4591.700	0.3160
4592.600	0.3186
4593.500	0.3099
4594.400	0.3035
4595.300	0.3271
4596.200	0.3596
4597.100	0.3747
4598.000	0.3799
4598.900	0.3809
4599.800	0.3782
4600.700	0.3721
4601.600	0.3844
4602.500	0.3970
4603.400	0.4096
4604.300	0.4219
4605.200	0.4146
4606.100	0.3941
4607.000	0.3876
4607.900	0.4439
4608.800	0.5227
4609.700	0.5710
4610.600	0.5919
4611.500	0.5743
4612.400	0.5547
4613.300	0.5472
4614.200	0.5642
4615.100	0.6000
4616.000	0.6063
4616.900	0.6206
4617.800	0.6391
4618.700	0.6077
4619.600	0.5696
4620.500	0.5694
4621.400	0.5850
4622.300	0.5658
4623.200	0.5391
4624.100	0.5265
4625.000	0.4962
4625.900	0.4254
4626.800	0.3544
4627.700	0.3216
4628.600	0.3074
4629.500	0.3011
4630.400	0.3186
4631.300	0.3409
4632.200	0.3427
4633.100	0.3361
4634.000	0.3345
4634.900	0.3299
4635.800	0.3312
4636.700	0.3306
4637.600	0.3285
4638.500	0.3334
4639.400	0.3256
4640.300	0.3309
4641.200	0.3492
4642.100	0.3575
4643.000	0.3573
4643.900	0.3565
4644.800	0.3613
4645.700	0.3512
4646.600	0.3492
4647.500	0.3727
4648.400	0.3913
4649.300	0.4037
4650.200	0.4194
4651.100	0.4280
4652.000	0.4279
4652.900	0.4410
4653.800	0.4466
4654.700	0.4260
4655.600	0.4089
4656.500	0.4119
4657.400	0.4489
4658.300	0.5061
4659.200	0.5346
4660.100	0.5526
4661.000	0.5496
4661.900	0.5376
4662.800	0.5343
4663.700	0.5421
4664.600	0.5493
4665.500	0.5332
4666.400	0.4969
4667.300	0.4389
4668.200	0.3885
4669.100	0.3679
4670.000	0.3651
4670.900	0.3611
4671.800	0.3618
4672.700	0.3650
4673.600	0.3628
4674.500	0.3651
4675.400	0.3749
4676.300	0.3965
4677.200	0.4150
4678.100	0.4214
4679.000	0.4083
4679.900	0.3909
4680.800	0.3831
4681.700	0.3728
4682.600	0.3827
4683.500	0.4210
4684.400	0.4541
4685.300	0.4690
4686.200	0.4656
4687.100	0.4548
4688.000	0.4658
4688.900	0.4947
4689.800	0.5068
4690.700	0.5076
4691.600	0.5178
4692.500	0.5400
4693.400	0.5567
4694.300	0.5688
4695.200	0.5889
4696.100	0.5965
4697.000	0.5886
4697.900	0.5705
4698.800	0.5501
4699.700	0.5592
4700.600	0.6008
4701.500	0.6297
4702.400	0.6398
4703.300	0.6380
4704.200	0.6348
4705.100	0.6284
4706.000	0.6061
4706.900	0.5603
4707.800	0.5389
4708.700	0.5582
4709.600	0.5803
4710.500	0.6047
4711.400	0.6215
4712.300	0.6059
4713.200	0.5677
4714.100	0.5218
4715.000	0.4811
4715.900	0.4783
4716.800	0.5060
4717.700	0.5253
4718.600	0.5415
4719.500	0.5680
4720.400	0.5865
4721.300	0.5825
4722.200	0.5568
4723.100	0.5464
4724.000	0.5727
4724.900	0.6064
4725.800	0.6165
4726.700	0.5952
4727.600	0.5611
4728.500	0.5566
4729.400	0.5937
4730.300	0.6193
4731.200	0.6184
4732.100	0.6165
4733.000	0.6159
4733.900	0.6224
4734.800	0.6565
4735.700	0.6730
4736.600	0.6191
4737.500	0.5468
4738.400	0.5394
4739.300	0.5880
4740.200	0.6172
4741.100	0.6099
4742.000	0.6127
4742.900	0.6386
4743.800	0.6680
4744.700	0.6810
4745.600	0.6968
4746.500	0.7215
4747.400	0.7438
4748.300	0.7568
4749.200	0.7717
4750.100	0.7956
4751.000	0.8161
4751.900	0.8235
4752.800	0.8138
4753.700	0.8064
4754.600	0.8446
4755.500	0.8880
4756.400	0.8665
4757.300	0.7789
4758.200	0.6519
4759.100	0.5444
4760.000	0.4662
4760.900	0.3679
4761.800	0.2761
4762.700	0.2405
4763.600	0.2309
4764.500	0.2210
4765.400	0.2163
4766.300	0.2243
4767.200	0.2378
4768.100	0.2512
4769.000	0.2610
4769.900	0.2634
4770.800	0.2664
4771.700	0.2693
4772.600	0.2766
4773.500	0.3049
4774.400	0.3529
4775.300	0.4041
4776.200	0.4316
4777.100	0.4307
4778.000	0.3922
4778.900	0.3459
4779.800	0.3312
4780.700	0.3473
4781.600	0.3599
4782.500	0.3535
4783.400	0.3495
4784.300	0.3683
4785.200	0.3937
4786.100	0.4009
4787.000	0.4021
4787.900	0.4143
4788.800	0.4124
4789.700	0.4144
4790.600	0.4390
4791.500	0.4598
4792.400	0.4738
4793.300	0.4958
4794.200	0.5149
4795.100	0.5237
4796.000	0.5150
4796.900	0.5128
4797.800	0.5136
4798.700	0.5088
4799.600	0.5251
4800.500	0.5660
4801.400	0.6035
4802.300	0.5868
4803.200	0.5113
4804.100	0.4123
4805.000	0.3352
4805.900	0.3062
4806.800	0.2930
4807.700	0.2858
4808.600	0.2885
4809.500	0.2938
4810.400	0.3029
4811.300	0.3100
4812.200	0.3152
4813.100	0.3268
4814.000	0.3370
4814.900	0.3528
4815.800	0.3655
4816.700	0.3847
4817.600	0.4127
4818.500	0.4383
4819.400	0.4402
4820.300	0.4246
4821.200	0.4144
4822.100	0.4098
4823.000	0.4072
4823.900	0.4134
4824.800	0.4303
4825.700	0.4369
4826.600	0.4325
4827.500	0.4291
4828.400	0.4307
4829.300	0.4437
4830.200	0.4444
4831.100	0.4245
4832.000	0.4083
4832.900	0.4393
4833.800	0.4945
4834.700	0.5205
4835.600	0.5218
4836.500	0.5261
4837.400	0.5631
4838.300	0.5961
4839.200	0.5814
4840.100	0.5518
4841.000	0.5413
4841.900	0.5305
4842.800	0.5060
4843.700	0.5011
4844.600	0.5258
4845.500	0.5571
4846.400	0.5578
4847.300	0.5128
4848.200	0.4476
4849.100	0.4089
4850.000	0.4062
4850.900	0.3950
4851.800	0.3947
4852.700	0.4251
4853.600	0.4498
4854.500	0.4485
4855.400	0.4441
4856.300	0.4503
4857.200	0.4568
4858.100	0.4531
4859.000	0.4511
4859.900	0.4357
4860.800	0.4139
4861.700	0.4177
4862.600	0.4593
4863.500	0.4740
4864.400	0.4769
4865.300	0.4886
4866.200	0.5051
4867.100	0.5210
4868.000	0.5232
4868.900	0.5290
4869.800	0.5365
4870.700	0.5318
4871.600	0.5340
4872.500	0.5531
4873.400	0.5775
4874.300	0.5814
4875.200	0.5685
4876.100	0.5804
4877.000	0.6110
4877.900	0.6186
4878.800	0.6203
4879.700	0.6224
4880.600	0.5952
4881.500	0.5835
4882.400	0.6129
4883.300	0.6654
4884.200	0.6818
4885.100	0.6679
4886.000	0.6691
4886.900	0.6809
4887.800	0.6958
4888.700	0.7120
4889.600	0.7005
4890.500	0.6857
4891.400	0.6770
4892.300	0.6955
4893.200	0.6986
4894.100	0.6955
4895.000	0.7165
4895.900	0.7197
4896.800	0.7329
4897.700	0.7530
4898.600	0.7499
4899.500	0.7300
4900.400	0.7355
4901.300	0.7804
4902.200	0.7890
4903.100	0.7684
4904.000	0.7742
4904.900	0.8099
4905.800	0.8655
4906.700	0.8907
4907.600	0.8777
4908.500	0.8589
4909.400	0.8448
4910.300	0.8708
4911.200	0.9264
4912.100	0.9648
4913.000	0.9668
4913.900	0.9568
4914.800	0.9782
4915.700	0.9856
4916.600	0.9764
4917.500	0.9699
4918.400	0.9301
4919.300	0.8723
4920.200	0.8541
4921.100	0.8846
4922.000	0.9543
4922.900	0.9938
4923.800	0.9885
4924.700	0.9554
4925.600	0.9760
4926.500	1.0626
4927.400	1.1380
4928.300	1.1562
4929.200	1.1715
4930.100	1.1864
4931.000	1.1772
4931.900	1.1501
4932.800	1.0695
4933.700	0.9857
4934.600	1.0349
4935.500	1.1468
4936.400	1.1812
4937.300	1.1252
4938.200	1.0372
4939.100	1.0311
4940.000	1.0935
4940.900	1.1497
4941.800	1.1488
4942.700	1.1618
4943.600	1.2318
4944.500	1.3000
4945.400	1.3218
4946.300	1.3255
4947.200	1.3152
4948.100	1.3175
4949.000	1.3579
4949.900	1.4280
4950.800	1.4793
4951.700	1.4549
4952.600	1.2800
4953.500	0.9483
4954.400	0.5657
4955.300	0.3152
4956.200	0.2286
4957.100	0.2103
4958.000	0.2133
4958.900	0.2295
4959.800	0.2432
4960.700	0.2486
4961.600	0.2455
4962.500	0.2393
4963.400	0.2413
4964.300	0.2495
4965.200	0.2566
4966.100	0.2676
4967.000	0.2767
4967.900	0.3009
4968.800	0.3384
4969.700	0.3602
4970.600	0.3524
4971.500	0.3281
4972.400	0.3210
4973.300	0.3319
4974.200	0.3495
4975.100	0.3654
4976.000	0.3730
4976.900	0.3806
4977.800	0.3779
4978.700	0.3661
4979.600	0.3604
4980.500	0.3441
4981.400	0.3256
4982.300	0.3397
4983.200	0.3768
4984.100	0.4137
4985.000	0.4346
4985.900	0.4423
4986.800	0.4585
4987.700	0.4824
4988.600	0.4956
4989.500	0.4886
4990.400	0.4722
4991.300	0.4781
4992.200	0.5083
4993.100	0.5208
4994.000	0.5180
4994.900	0.5282
4995.800	0.5447
4996.700	0.5468
4997.600	0.5261
4998.500	0.4577
4999.400	0.3705
5000.300	0.3400
5001.200	0.3589
5002.100	0.3691
5003.000	0.3604
5003.900	0.3480
5004.800	0.3442
5005.700	0.3422
5006.600	0.3426
5007.500	0.3540
5008.400	0.3739
5009.300	0.3894
5010.200	0.3947
5011.100	0.3836
5012.000	0.3614
5012.900	0.3522
5013.800	0.3525
5014.700	0.3651
5015.600	0.3913
5016.500	0.4117
5017.400	0.4235
5018.300	0.4282
5019.200	0.4278
5020.100	0.4317
5021.000	0.4419
5021.900	0.4412
5022.800	0.4348
5023.700	0.4454
5024.600	0.4616
5025.500	0.4865
5026.400	0.5182
5027.300	0.5455
5028.200	0.5691
5029.100	0.5776
5030.000	0.5739
5030.900	0.5758
5031.800	0.5838
5032.700	0.6040
5033.600	0.6273
5034.500	0.6333
5035.400	0.6093
5036.300	0.5925
5037.200	0.6058
5038.100	0.6139
5039.000	0.6115
5039.900	0.6016
5040.800	0.6042
5041.700	0.6538
5042.600	0.7391
5043.500	0.7938
5044.400	0.8072
5045.300	0.8267
5046.200	0.8385
5047.100	0.8225
5048.000	0.7799
5048.900	0.7382
5049.800	0.6964
5050.700	0.6598
5051.600	0.6478
5052.500	0.6696
5053.400	0.7168
5054.300	0.7626
5055.200	0.8103
5056.100	0.8561
5057.000	0.8648
5057.900	0.8583
5058.800	0.8616
5059.700	0.8625
5060.600	0.8777
5061.500	0.8896
5062.400	0.9000
5063.300	0.8917
5064.200	0.8138
5065.100	0.7596
5066.000	0.7952
5066.900	0.8493
5067.800	0.8771
5068.700	0.8924
5069.600	0.9449
5070.500	0.9928
5071.400	0.9606
5072.300	0.9253
5073.200	0.9489
5074.100	0.9975
5075.000	1.0231
5075.900	1.0079
5076.800	1.0088
5077.700	1.0305
5078.600	0.9716
5079.500	0.8697
5080.400	0.8587
5081.300	0.9079
5082.200	0.9384
5083.100	0.9472
5084.000	0.9670
5084.900	1.0266
5085.800	1.0771
5086.700	1.0715
5087.600	1.0539
5088.500	1.0617
5089.400	1.0675
5090.300	1.0673
5091.200	1.0904
5092.100	1.1212
5093.000	1.1532
5093.900	1.1811
5094.800	1.1664
5095.700	1.1282
5096.600	1.1012
5097.500	1.0772
5098.400	1.0625
5099.300	1.0731
5100.200	1.1137
5101.100	1.1548
5102.000	1.1651
5102.900	1.1499
5103.800	1.1404
5104.700	1.1480
5105.600	1.1553
5106.500	1.1250
5107.400	1.0934
5108.300	1.1101
5109.200	1.0949
5110.100	1.0459
5111.000	1.0687
5111.900	1.1431
5112.800	1.1764
5113.700	1.2238
5114.600	1.3062
5115.500	1.3530
5116.400	1.3817
5117.300	1.4283
5118.200	1.4517
5119.100	1.4384
5120.000	1.4211
5120.900	1.3950
5121.800	1.3741
5122.700	1.3163
5123.600	1.2554
5124.500	1.3133
5125.400	1.3961
5126.300	1.3485
5127.200	1.2430
5128.100	1.2744
5129.000	1.3586
5129.900	1.3908
5130.800	1.4353
5131.700	1.4733
5132.600	1.4640
5133.500	1.4240
5134.400	1.4304
5135.300	1.4683
5136.200	1.4444
5137.100	1.3615
5138.000	1.2779
5138.900	1.2473
5139.800	1.2765
5140.700	1.3332
5141.600	1.3074
5142.500	1.2126
5143.400	1.2073
5144.300	1.2501
5145.200	1.2337
5146.100	1.2019
5147.000	1.1774
5147.900	1.2166
5148.800	1.3102
5149.700	1.3031
5150.600	1.1914
5151.500	1.0941
5152.400	1.0989
5153.300	1.1961
5154.200	1.2988
5155.100	1.3949
5156.000	1.4876
5156.900	1.5599
5157.800	1.5995
5158.700	1.5881
5159.600	1.5829
5160.500	1.6187
5161.400	1.6346
5162.300	1.6069
5163.200	1.6017
5164.100	1.5800
5165.000	1.3684
5165.900	0.9477
5166.800	0.5249
5167.700	0.2964
5168.600	0.2335
5169.500	0.2357
5170.400	0.2544
5171.300	0.2626
5172.200	0.2554
5173.100	0.2487
5174.000	0.2603
5174.900	0.2833
5175.800	0.3026
5176.700	0.3152
5177.600	0.3268
5178.500	0.3385
5179.400	0.3439
5180.300	0.3556
5181.200	0.3643
5182.100	0.3681
5183.000	0.3630
5183.900	0.3731
5184.800	0.4010
5185.700	0.4296
5186.600	0.4468
5187.500	0.4530
5188.400	0.4669
5189.300	0.4893
5190.200	0.5034
5191.100	0.4927
5192.000	0.4770
5192.900	0.4860
5193.800	0.5139
5194.700	0.5370
5195.600	0.5796
5196.500	0.6328
5197.400	0.6533
5198.300	0.6532
5199.200	0.6520
5200.100	0.6484
5201.000	0.6421
5201.900	0.6278
5202.800	0.6167
5203.700	0.5702
5204.600	0.5065
5205.500	0.4852
5206.400	0.5166
5207.300	0.5615
5208.200	0.5618
5209.100	0.5586
5210.000	0.5662
5210.900	0.5979
5211.800	0.6667
5212.700	0.7182
5213.600	0.7227
5214.500	0.7180
5215.400	0.6981
5216.300	0.6916
5217.200	0.7088
5218.100	0.7244
5219.000	0.7113
5219.900	0.7179
5220.800	0.7673
5221.700	0.8070
5222.600	0.8010
5223.500	0.7555
5224.400	0.6964
5225.300	0.6667
5226.200	0.6672
5227.100	0.7121
5228.000	0.8091
5228.900	0.9012
5229.800	0.9569
5230.700	0.9840
5231.600	0.9855
5232.500	0.9500
5233.400	0.9251
5234.300	0.9377
5235.200	0.9666
5236.100	0.9952
5237.000	0.9945
5237.900	0.9617
5238.800	0.9060
5239.700	0.8211
5240.600	0.7403
5241.500	0.7239
5242.400	0.7623
5243.300	0.7961
5244.200	0.8184
5245.100	0.8007
5246.000	0.7165
5246.900	0.6459
5247.800	0.6776
5248.700	0.7495
5249.600	0.7497
5250.500	0.7214
5251.400	0.7542
5252.300	0.8210
5253.200	0.8700
5254.100	0.8548
5255.000	0.8362
5255.900	0.8985
5256.800	0.9925
5257.700	1.0585
5258.600	1.0679
5259.500	0.9987
5260.400	0.9162
5261.300	0.8772
5262.200	0.8711
5263.100	0.8300
5264.000	0.7691
5264.900	0.7351
5265.800	0.7376
5266.700	0.7954
5267.600	0.8423
5268.500	0.7726
5269.400	0.6688
5270.300	0.6915
5271.200	0.8445
5272.100	0.9719
5273.000	1.0081
5273.900	0.9978
5274.800	0.9866
5275.700	0.9785
5276.600	0.9967
5277.500	1.0330
5278.400	1.0549
5279.300	1.0412
5280.200	1.0297
5281.100	1.0296
5282.000	1.0212
5282.900	1.0191
5283.800	1.0455
5284.700	1.0990
5285.600	1.1527
5286.500	1.1800
5287.400	1.1721
5288.300	1.1519
5289.200	1.1273
5290.100	1.1331
5291.000	1.1621
5291.900	1.1871
5292.800	1.2039
5293.700	1.2331
5294.600	1.2494
5295.500	1.2127
5296.400	1.1026
5297.300	1.0170
5298.200	1.0416
5299.100	1.1274
5300.000	1.1568
5300.900	1.1530
5301.800	1.1916
5302.700	1.2519
5303.600	1.3113
5304.500	1.3586
5305.400	1.3509
5306.300	1.2624
5307.200	1.1279
5308.100	1.0537
5309.000	1.0743
5309.900	1.0939
5310.800	1.0413
5311.700	0.9923
5312.600	0.9929
5313.500	1.0150
5314.400	1.0440
5315.300	1.0815
5316.200	1.0962
5317.100	1.0992
5318.000	1.1008
5318.900	1.0994
5319.800	1.0946
5320.700	1.1057
5321.600	1.1057
5322.500	1.0913
5323.400	1.0853
5324.300	1.0975
5325.200	1.1251
5326.100	1.1075
5327.000	0.9815
5327.900	0.8530
5328.800	0.8813
5329.700	1.0086
5330.600	1.0890
5331.500	1.1119
5332.400	1.0895
5333.300	1.0864
5334.200	1.1306
5335.100	1.1552
5336.000	1.1553
5336.900	1.1424
5337.800	1.1365
5338.700	1.1346
5339.600	1.1027
5340.500	1.0567
5341.400	1.0752
5342.300	1.1391
5343.200	1.1759
5344.100	1.1843
5345.000	1.1497
5345.900	1.1335
5346.800	1.1706
5347.700	1.1791
5348.600	1.1614
5349.500	1.2021
5350.400	1.2986
5351.300	1.3928
5352.200	1.4368
5353.100	1.4607
5354.000	1.4827
5354.900	1.4575
5355.800	1.3647
5356.700	1.2921
5357.600	1.2443
5358.500	1.1737
5359.400	1.1069
5360.300	1.0843
5361.200	1.0960
5362.100	1.1089
5363.000	1.1104
5363.900	1.0860
5364.800	1.0590
5365.700	1.0573
5366.600	1.0737
5367.500	1.0882
5368.400	1.0913
5369.300	1.0597
5370.200	1.0018
5371.100	0.9613
5372.000	1.0051
5372.900	1.1236
5373.800	1.1999
5374.700	1.2202
5375.600	1.1951
5376.500	1.1868
5377.400	1.2241
5378.300	1.2817
5379.200	1.2985
5380.100	1.2783
5381.000	1.2776
5381.900	1.2847
5382.800	1.2762
5383.700	1.2646
5384.600	1.2726
5385.500	1.2868
5386.400	1.2986
5387.300	1.2953
5388.200	1.2691
5389.100	1.2225
5390.000	1.1740
5390.900	1.1605
5391.800	1.1960
5392.700	1.2341
5393.600	1.2209
5394.500	1.1927
5395.400	1.1585
5396.300	1.0844
5397.200	1.0931
5398.100	1.2494
5399.000	1.3822
5399.900	1.4118
5400.800	1.4145
5401.700	1.4420
5402.600	1.4511
5403.500	1.3995
5404.400	1.2951
5405.300	1.1844
5406.200	1.1803
5407.100	1.2247
5408.000	1.2087
5408.900	1.1329
5409.800	1.0919
5410.700	1.1509
5411.600	1.2185
5412.500	1.2432
5413.400	1.2621
5414.300	1.2813
5415.200	1.2931
5416.100	1.3180
5417.000	1.3446
5417.900	1.3634
5418.800	1.3662
5419.700	1.3563
5420.600	1.3673
5421.500	1.3872
5422.400	1.3578
5423.300	1.2970
5424.200	1.2804
5425.100	1.3158
5426.000	1.3521
5426.900	1.4014
5427.800	1.3707
5428.700	1.2460
5429.600	1.1674
5430.500	1.2106
5431.400	1.2421
5432.300	1.2049
5433.200	1.1611
5434.100	1.1508
5435.000	1.1921
5435.900	1.2609
5436.800	1.3151
5437.700	1.3706
5438.600	1.4240
5439.500	1.4868
5440.400	1.5411
5441.300	1.5654
5442.200	1.5877
5443.100	1.6308
5444.000	1.6309
5444.900	1.5401
5445.800	1.3340
5446.700	1.0508
5447.600	0.8278
5448.500	0.6688
5449.400	0.5719
5450.300	0.5443
5451.200	0.5438
5452.100	0.5550
5453.000	0.5638
5453.900	0.5678
5454.800	0.5595
5455.700	0.5588
5456.600	0.5832
5457.500	0.5995
5458.400	0.6014
5459.300	0.6038
5460.200	0.6150
5461.100	0.6412
5462.000	0.6788
5462.900	0.7012
5463.800	0.7123
5464.700	0.7254
5465.600	0.7312
5466.500	0.7369
5467.400	0.7404
5468.300	0.7365
5469.200	0.7219
5470.100	0.7142
5471.000	0.7299
5471.900	0.7506
5472.800	0.7587
5473.700	0.7661
5474.600	0.7743
5475.500	0.7776
5476.400	0.7735
5477.300	0.7890
5478.200	0.8162
5479.100	0.8382
5480.000	0.8468
5480.900	0.8490
5481.800	0.8632
5482.700	0.8955
5483.600	0.9280
5484.500	0.9432
5485.400	0.9620
5486.300	0.9598
5487.200	0.9536
5488.100	0.9532
5489.000	0.9472
5489.900	0.9272
5490.800	0.9330
5491.700	0.9708
5492.600	0.9966
5493.500	1.0151
5494.400	1.0130
5495.300	0.9722
5496.200	0.8761
5497.100	0.7768
5498.000	0.7370
5498.900	0.7405
5499.800	0.7302
5500.700	0.7106
5501.600	0.7170
5502.500	0.7453
5503.400	0.7725
5504.300	0.7804
5505.200	0.7710
5506.100	0.7633
5507.000	0.7735
5507.900	0.8155
5508.800	0.8407
5509.700	0.8415
5510.600	0.8393
5511.500	0.8302
5512.400	0.8247
5513.300	0.8276
5514.200	0.8303
5515.100	0.8457
5516.000	0.8900
5516.900	0.9395
5517.800	0.9892
5518.700	1.0172
5519.600	1.0190
5520.500	1.0105
5521.400	1.0096
5522.300	1.0151
5523.200	1.0068
5524.100	0.9831
5525.000	0.9586
5525.900	0.9481
5526.800	0.9338
5527.700	0.9284
5528.600	0.9445
5529.500	0.9698
5530.400	0.9800
5531.300	0.9735
5532.200	0.9652
5533.100	0.9658
5534.000	0.9703
5534.900	0.9769
5535.800	1.0140
5536.700	1.0620
5537.600	1.0739
5538.500	1.0665
5539.400	1.0681
5540.300	1.0962
5541.200	1.1220
5542.100	1.1277
5543.000	1.1176
5543.900	1.1029
5544.800	1.0810
5545.700	1.0577
5546.600	1.0520
5547.500	1.0705
5548.400	1.0913
5549.300	1.0927
5550.200	1.0721
5551.100	1.0502
5552.000	1.0329
5552.900	1.0211
5553.800	1.0363
5554.700	1.0565
5555.600	1.0544
5556.500	1.0465
5557.400	1.0424
5558.300	1.0438
5559.200	1.0405
5560.100	1.0321
5561.000	1.0297
5561.900	1.0348
5562.800	1.0370
5563.700	1.0454
5564.600	1.0545
5565.500	1.0552
5566.400	1.0584
5567.300	1.0487
5568.200	1.0223
5569.100	0.9798
5570.000	0.9441
5570.900	0.9407
5571.800	0.9358
5572.700	0.9157
5573.600	0.9102
5574.500	0.9228
5575.400	0.9381
5576.300	0.9618
5577.200	0.9879
5578.100	0.9965
5579.000	1.0033
5579.900	1.0096
5580.800	1.0015
5581.700	0.9880
5582.600	0.9827
5583.500	0.9884
5584.400	1.0005
5585.300	1.0141
5586.200	1.0160
5587.100	1.0049
5588.000	0.9912
5588.900	0.9812
5589.800	0.9885
5590.700	0.9896
5591.600	0.9611
5592.500	0.9363
5593.400	0.9274
5594.300	0.9240
5595.200	0.9241
5596.100	0.9011
5597.000	0.8161
5597.900	0.7113
5598.800	0.6687
5599.700	0.6999
5600.600	0.7550
5601.500	0.8014
5602.400	0.8230
5603.300	0.8040
5604.200	0.7715
5605.100	0.7484
5606.000	0.7420
5606.900	0.7531
5607.800	0.7658
5608.700	0.7746
5609.600	0.7863
5610.500	0.8054
5611.400	0.8256
5612.300	0.8371
5613.200	0.8385
5614.100	0.8190
5615.000	0.7760
5615.900	0.7412
5616.800	0.7374
5617.700	0.7469
5618.600	0.7515
5619.500	0.7476
5620.400	0.7374
5621.300	0.7322
5622.200	0.7408
5623.100	0.7468
5624.000	0.7409
5624.900	0.7399
5625.800	0.7538
5626.700	0.7694
5627.600	0.7646
5628.500	0.7345
5629.400	0.7038
5630.300	0.7007
5631.200	0.7275
5632.100	0.7612
5633.000	0.7901
5633.900	0.8052
5634.800	0.7971
5635.700	0.7777
5636.600	0.7645
5637.500	0.7588
5638.400	0.7540
5639.300	0.7486
5640.200	0.7497
5641.100	0.7558
5642.000	0.7648
5642.900	0.7722
5643.800	0.7800
5644.700	0.7951
5645.600	0.8120
5646.500	0.8212
5647.400	0.8280
5648.300	0.8447
5649.200	0.8709
5650.100	0.8909
5651.000	0.8990
5651.900	0.9095
5652.800	0.9242
5653.700	0.9366
5654.600	0.9482
5655.500	0.9579
5656.400	0.9546
5657.300	0.9422
5658.200	0.9373
5659.100	0.9538
5660.000	0.9671
5660.900	0.9391
5661.800	0.8904
5662.700	0.8613
5663.600	0.8487
5664.500	0.8443
5665.400	0.8531
5666.300	0.8573
5667.200	0.8413
5668.100	0.8125
5669.000	0.7888
5669.900	0.7821
5670.800	0.7872
5671.700	0.8047
5672.600	0.8300
5673.500	0.8546
5674.400	0.8714
5675.300	0.8830
5676.200	0.8956
5677.100	0.9039
5678.000	0.9063
5678.900	0.9105
5679.800	0.9231
5680.700	0.9433
5681.600	0.9608
5682.500	0.9778
5683.400	0.9938
5684.300	1.0025
5685.200	1.0013
5686.100	0.9894
5687.000	0.9746
5687.900	0.9644
5688.800	0.9654
5689.700	0.9812
5690.600	0.9968
5691.500	1.0059
5692.400	1.0098
5693.300	1.0059
5694.200	0.9980
5695.100	0.9969
5696.000	1.0048
5696.900	1.0203
5697.800	1.0218
5698.700	1.0223
5699.600	1.0412
5700.500	1.0623
5701.400	1.0698
5702.300	1.0607
5703.200	1.0579
5704.100	1.0777
5705.000	1.1073
5705.900	1.1196
5706.800	1.1141
5707.700	1.1285
5708.600	1.1599
5709.500	1.1827
5710.400	1.1772
5711.300	1.1472
5712.200	1.1117
5713.100	1.0851
5714.000	1.0818
5714.900	1.0962
5715.800	1.1036
5716.700	1.0887
5717.600	1.0555
5718.500	1.0360
5719.400	1.0448
5720.300	1.0692
5721.200	1.0955
5722.100	1.1153
5723.000	1.1130
5723.900	1.1051
5724.800	1.1049
5725.700	1.0953
5726.600	1.0746
5727.500	1.0634
5728.400	1.0866
5729.300	1.1254
5730.200	1.1433
5731.100	1.1565
5732.000	1.1795
5732.900	1.1949
5733.800	1.2026
5734.700	1.2069
5735.600	1.1828
5736.500	1.1306
5737.400	1.0993
5738.300	1.1052
5739.200	1.1258
5740.100	1.1453
5741.000	1.1647
5741.900	1.1729
5742.800	1.1738
5743.700	1.1943
5744.600	1.2276
5745.500	1.2589
5746.400	1.2784
5747.300	1.2756
5748.200	1.2703
5749.100	1.2756
5750.000	1.2924
5750.900	1.3170
5751.800	1.3297
5752.700	1.3267
5753.600	1.3258
5754.500	1.3298
5755.400	1.3369
5756.300	1.3539
5757.200	1.3577
5758.100	1.3059
5759.000	1.1929
5759.900	1.0984
5760.800	1.0559
5761.700	1.0250
5762.600	1.0011
5763.500	1.0028
5764.400	1.0254
5765.300	1.0460
5766.200	1.0537
5767.100	1.0549
5768.000	1.0582
5768.900	1.0676
5769.800	1.0779
5770.700	1.0917
5771.600	1.1059
5772.500	1.1184
5773.400	1.1241
5774.300	1.1212
5775.200	1.1226
5776.100	1.1314
5777.000	1.1406
5777.900	1.1459
5778.800	1.1605
5779.700	1.1807
5780.600	1.1901
5781.500	1.1935
5782.400	1.2045
5783.300	1.2198
5784.200	1.2225
5785.100	1.2094
5786.000	1.2128
5786.900	1.2315
5787.800	1.2417
5788.700	1.2494
5789.600	1.2589
5790.500	1.2627
5791.400	1.2768
5792.300	1.3083
5793.200	1.3408
5794.100	1.3734
5795.000	1.3965
5795.900	1.3989
5796.800	1.3869
5797.700	1.3861
5798.600	1.4248
5799.500	1.4660
5800.400	1.4852
5801.300	1.4967
5802.200	1.5033
5803.100	1.5006
5804.000	1.5052
5804.900	1.5243
5805.800	1.5443
5806.700	1.5534
5807.600	1.5402
5808.500	1.4991
5809.400	1.4156
5810.300	1.2970
5811.200	1.1954
5812.100	1.1417
5813.000	1.1266
5813.900	1.1056
5814.800	1.0671
5815.700	1.0560
5816.600	1.0742
5817.500	1.0798
5818.400	1.0652
5819.300	1.0599
5820.200	1.0682
5821.100	1.0708
5822.000	1.0765
5822.900	1.0941
5823.800	1.1154
5824.700	1.1324
5825.600	1.1437
5826.500	1.1443
5827.400	1.1473
5828.300	1.1612
5829.200	1.1782
5830.100	1.1987
5831.000	1.2188
5831.900	1.2526
5832.800	1.2733
5833.700	1.2637
5834.600	1.2484
5835.500	1.2408
5836.400	1.2344
5837.300	1.2088
5838.200	1.1542
5839.100	1.0989
5840.000	1.0888
5840.900	1.1302
5841.800	1.1686
5842.700	1.1848
5843.600	1.1914
5844.500	1.1786
5845.400	1.1464
5846.300	1.0801
5847.200	0.9662
5848.100	0.8548
5849.000	0.7912
5849.900	0.7617
5850.800	0.7428
5851.700	0.7359
5852.600	0.7420
5853.500	0.7534
5854.400	0.7653
5855.300	0.7735
5856.200	0.7811
5857.100	0.7879
5858.000	0.8042
5858.900	0.8256
5859.800	0.8339
5860.700	0.8244
5861.600	0.7934
5862.500	0.7525
5863.400	0.7348
5864.300	0.7503
5865.200	0.7750
5866.100	0.7884
5867.000	0.8026
5867.900	0.8239
5868.800	0.8267
5869.700	0.8080
5870.600	0.7771
5871.500	0.7395
5872.400	0.7062
5873.300	0.6951
5874.200	0.7009
5875.100	0.6921
5876.000	0.6728
5876.900	0.6633
5877.800	0.6643
5878.700	0.6748
5879.600	0.6910
5880.500	0.7124
5881.400	0.7312
5882.300	0.7381
5883.200	0.7459
5884.100	0.7573
5885.000	0.7593
5885.900	0.7591
5886.800	0.7603
5887.700	0.7411
5888.600	0.6727
5889.500	0.5927
5890.400	0.5942
5891.300	0.6724
5892.200	0.7402
5893.100	0.7676
5894.000	0.7519
5894.900	0.6818
5895.800	0.6175
5896.700	0.6284
5897.600	0.6591
5898.500	0.6425
5899.400	0.6104
5900.300	0.6049
5901.200	0.6259
5902.100	0.6524
5903.000	0.6644
5903.900	0.6507
5904.800	0.6175
5905.700	0.5937
5906.600	0.5925
5907.500	0.6023
5908.400	0.6131
5909.300	0.6220
5910.200	0.6303
5911.100	0.6348
5912.000	0.6296
5912.900	0.6244
5913.800	0.6344
5914.700	0.6550
5915.600	0.6717
5916.500	0.6815
5917.400	0.6902
5918.300	0.6993
5919.200	0.7021
5920.100	0.6985
5921.000	0.6861
5921.900	0.6672
5922.800	0.6586
5923.700	0.6675
5924.600	0.6803
5925.500	0.6886
5926.400	0.6928
5927.300	0.6885
5928.200	0.6850
5929.100	0.6927
5930.000	0.7071
5930.900	0.7225
5931.800	0.7337
5932.700	0.7389
5933.600	0.7430
5934.500	0.7539
5935.400	0.7648
5936.300	0.7699
5937.200	0.7817
5938.100	0.7994
5939.000	0.8066
5939.900	0.8021
5940.800	0.7981
5941.700	0.8071
5942.600	0.8267
5943.500	0.8434
5944.400	0.8532
5945.300	0.8609
5946.200	0.8605
5947.100	0.8419
5948.000	0.8077
5948.900	0.7683
5949.800	0.7394
5950.700	0.7419
5951.600	0.7675
5952.500	0.7943
5953.400	0.8100
5954.300	0.8034
5955.200	0.7725
5956.100	0.7378
5957.000	0.7261
5957.900	0.7391
5958.800	0.7575
5959.700	0.7759
5960.600	0.7925
5961.500	0.8027
5962.400	0.8067
5963.300	0.8059
5964.200	0.8117
5965.100	0.8213
5966.000	0.8283
5966.900	0.8440
5967.800	0.8621
5968.700	0.8749
5969.600	0.8856
5970.500	0.8885
5971.400	0.8815
5972.300	0.8713
5973.200	0.8659
5974.100	0.8719
5975.000	0.8828
5975.900	0.8817
5976.800	0.8744
5977.700	0.8752
5978.600	0.8854
5979.500	0.9005
5980.400	0.9146
5981.300	0.9239
5982.200	0.9284
5983.100	0.9303
5984.000	0.9364
5984.900	0.9520
5985.800	0.9752
5986.700	0.9917
5987.600	0.9964
5988.500	0.9957
5989.400	1.0001
5990.300	1.0154
5991.200	1.0326
5992.100	1.0518
5993.000	1.0767
5993.900	1.1011
5994.800	1.1131
5995.700	1.1082
5996.600	1.0967
5997.500	1.0837
5998.400	1.0700
5999.300	1.0420
6000.200	0.9985
6001.100	0.9737
6002.000	0.9847
6002.900	1.0177
6003.800	1.0485
6004.700	1.0495
6005.600	1.0212
6006.500	0.9929
6007.400	0.9837
6008.300	0.9867
6009.200	0.9979
6010.100	1.0219
6011.000	1.0484
6011.900	1.0606
6012.800	1.0613
6013.700	1.0631
6014.600	1.0761
6015.500	1.0950
6016.400	1.1065
6017.300	1.1116
6018.200	1.1240
6019.100	1.1449
6020.000	1.1595
6020.900	1.1638
6021.800	1.1701
6022.700	1.1737
6023.600	1.1683
6024.500	1.1709
6025.400	1.1843
6026.300	1.1866
6027.200	1.1813
6028.100	1.1858
6029.000	1.1983
6029.900	1.2076
6030.800	1.2098
6031.700	1.2176
6032.600	1.2423
6033.500	1.2681
6034.400	1.2609
6035.300	1.1976
6036.200	1.1154
6037.100	1.0907
6038.000	1.1305
6038.900	1.1731
6039.800	1.2016
6040.700	1.2247
6041.600	1.2385
6042.500	1.2570
6043.400	1.2805
6044.300	1.2999
6045.200	1.3161
6046.100	1.3282
6047.000	1.3395
6047.900	1.3462
6048.800	1.3500
6049.700	1.3562
6050.600	1.3445
6051.500	1.3118
6052.400	1.2981
6053.300	1.3167
6054.200	1.3430
6055.100	1.3697
6056.000	1.3895
6056.900	1.3681
6057.800	1.3237
6058.700	1.3129
6059.600	1.3332
6060.500	1.3515
6061.400	1.3611
6062.300	1.3565
6063.200	1.3262
6064.100	1.2767
6065.000	1.2479
6065.900	1.2746
6066.800	1.3315
6067.700	1.3842
6068.600	1.4281
6069.500	1.4576
6070.400	1.4675
6071.300	1.4492
6072.200	1.4006
6073.100	1.3730
6074.000	1.4079
6074.900	1.4607
6075.800	1.4895
6076.700	1.5015
6077.600	1.4792
6078.500	1.4056
6079.400	1.3158
6080.300	1.2718
6081.200	1.2860
6082.100	1.3175
6083.000	1.3580
6083.900	1.3961
6084.800	1.4054
6085.700	1.4030
6086.600	1.4080
6087.500	1.4155
6088.400	1.4137
6089.300	1.3971
6090.200	1.3919
6091.100	1.4221
6092.000	1.4603
6092.900	1.4814
6093.800	1.4996
6094.700	1.5272
6095.600	1.5422
6096.500	1.5368
6097.400	1.5466
6098.300	1.5727
6099.200	1.5896
6100.100	1.5898
6101.000	1.5404
6101.900	1.4424
6102.800	1.3804
6103.700	1.4028
6104.600	1.4656
6105.500	1.5320
6106.400	1.5794
6107.300	1.5951
6108.200	1.5881
6109.100	1.5489
6110.000	1.4994
6110.900	1.4914
6111.800	1.5315
6112.700	1.5927
6113.600	1.6421
6114.500	1.6569
6115.400	1.6098
6116.300	1.5408
6117.200	1.5298
6118.100	1.5519
6119.000	1.5453
6119.900	1.5199
6120.800	1.4850
6121.700	1.4543
6122.600	1.4912
6123.500	1.5955
6124.400	1.6737
6125.300	1.6759
6126.200	1.6508
6127.100	1.6589
6128.000	1.6896
6128.900	1.7240
6129.800	1.7632
6130.700	1.7723
6131.600	1.7193
6132.500	1.6477
6133.400	1.6065
6134.300	1.5806
6135.200	1.5659
6136.100	1.5753
6137.000	1.6094
6137.900	1.6821
6138.800	1.7650
6139.700	1.7938
6140.600	1.7590
6141.500	1.7353
6142.400	1.7857
6143.300	1.8801
6144.200	1.9589
6145.100	1.9757
6146.000	1.9350
6146.900	1.8580
6147.800	1.6712
6148.700	1.3772
6149.600	1.1794
6150.500	1.1972
6151.400	1.3125
6152.300	1.3826
6153.200	1.3741
6154.100	1.3184
6155.000	1.2680
6155.900	1.2519
6156.800	1.2171
6157.700	1.0998
6158.600	0.9317
6159.500	0.8118
6160.400	0.7624
6161.300	0.7271
6162.200	0.6958
6163.100	0.6958
6164.000	0.7200
6164.900	0.7427
6165.800	0.7581
6166.700	0.7709
6167.600	0.7788
6168.500	0.7841
6169.400	0.7912
6170.300	0.8028
6171.200	0.8217
6172.100	0.8313
6173.000	0.8092
6173.900	0.7613
6174.800	0.7216
6175.700	0.7198
6176.600	0.7497
6177.500	0.7848
6178.400	0.8172
6179.300	0.8432
6180.200	0.8585
6181.100	0.8722
6182.000	0.8729
6182.900	0.8419
6183.800	0.7966
6184.700	0.7630
6185.600	0.7312
6186.500	0.6916
6187.400	0.6785
6188.300	0.6959
6189.200	0.7010
6190.100	0.6745
6191.000	0.6442
6191.900	0.6393
6192.800	0.6531
6193.700	0.6694
6194.600	0.6831
6195.500	0.6925
6196.400	0.7023
6197.300	0.7182
6198.200	0.7375
6199.100	0.7456
6200.000	0.7415
6200.900	0.7446
6201.800	0.7604
6202.700	0.7799
6203.600	0.7923
6204.500	0.7958
6205.400	0.7993
6206.300	0.8039
6207.200	0.8111
6208.100	0.8196
6209.000	0.8259
6209.900	0.8255
6210.800	0.8148
6211.700	0.8021
6212.600	0.7883
6213.500	0.7622
6214.400	0.7124
6215.300	0.6565
6216.200	0.6404
6217.100	0.6640
6218.000	0.6948
6218.900	0.7261
6219.800	0.7587
6220.700	0.7745
6221.600	0.7446
6222.500	0.6764
6223.400	0.6236
6224.300	0.6116
6225.200	0.6208
6226.100	0.6332
6227.000	0.6451
6227.900	0.6561
6228.800	0.6669
6229.700	0.6771
6230.600	0.6814
6231.500	0.6852
6232.400	0.6969
6233.300	0.7131
6234.200	0.7298
6235.100	0.7385
6236.000	0.7381
6236.900	0.7349
6237.800	0.7321
6238.700	0.7290
6239.600	0.7274
6240.500	0.7387
6241.400	0.7554
6242.300	0.7531
6243.200	0.7466
6244.100	0.7569
6245.000	0.7722
6245.900	0.7856
6246.800	0.8007
6247.700	0.8155
6248.600	0.8261
6249.500	0.8342
6250.400	0.8402
6251.300	0.8418
6252.200	0.8464
6253.100	0.8593
6254.000	0.8737
6254.900	0.8800
6255.800	0.8790
6256.700	0.8771
6257.600	0.8734
6258.500	0.8776
6259.400	0.9020
6260.300	0.9311
6261.200	0.9512
6262.100	0.9709
6263.000	0.9894
6263.900	0.9952
6264.800	0.9917
6265.700	0.9831
6266.600	0.9696
6267.500	0.9532
6268.400	0.9337
6269.300	0.9297
6270.200	0.9562
6271.100	0.9923
6272.000	1.0146
6272.900	1.0201
6273.800	1.0104
6274.700	0.9877
6275.600	0.9624
6276.500	0.9527
6277.400	0.9582
6278.300	0.9649
6279.200	0.9693
6280.100	0.9746
6281.000	0.9922
6281.900	1.0225
6282.800	1.0459
6283.700	1.0539
6284.600	1.0519
6285.500	1.0591
6286.400	1.0856
6287.300	1.1113
6288.200	1.1285
6289.100	1.1434
6290.000	1.1439
6290.900	1.1307
6291.800	1.1164
6292.700	1.1137
6293.600	1.1211
6294.500	1.1123
6295.400	1.0807
6296.300	1.0629
6297.200	1.0844
6298.100	1.1204
6299.000	1.1469
6299.900	1.1689
6300.800	1.1815
6301.700	1.1834
6302.600	1.1856
6303.500	1.1963
6304.400	1.2071
6305.300	1.2155
6306.200	1.2327
6307.100	1.2552
6308.000	1.2780
6308.900	1.3023
6309.800	1.3153
6310.700	1.3131
6311.600	1.3172
6312.500	1.3400
6313.400	1.3620
6314.300	1.3752
6315.200	1.3928
6316.100	1.4176
6317.000	1.4337
6317.900	1.4348
6318.800	1.4274
6319.700	1.4078
6320.600	1.3650
6321.500	1.2974
6322.400	1.2715
6323.300	1.2957
6324.200	1.3152
6325.100	1.3253
6326.000	1.3529
6326.900	1.3851
6327.800	1.3920
6328.700	1.3736
6329.600	1.3553
6330.500	1.3635
6331.400	1.3885
6332.300	1.4156
6333.200	1.4480
6334.100	1.4649
6335.000	1.4508
6335.900	1.4341
6336.800	1.4472
6337.700	1.4929
6338.600	1.5417
6339.500	1.5742
6340.400	1.5993
6341.300	1.6223
6342.200	1.6347
6343.100	1.6306
6344.000	1.6100
6344.900	1.5817
6345.800	1.5715
6346.700	1.5895
6347.600	1.6137
6348.500	1.6349
6349.400	1.6410
6350.300	1.5911
6351.200	1.4973
6352.100	1.4396
6353.000	1.4461
6353.900	1.4660
6354.800	1.4615
6355.700	1.4413
6356.600	1.3995
6357.500	1.3370
6358.400	1.3021
6359.300	1.3226
6360.200	1.3679
6361.100	1.4066
6362.000	1.4319
6362.900	1.4415
6363.800	1.4507
6364.700	1.4766
6365.600	1.5000
6366.500	1.5146
6367.400	1.5382
6368.300	1.5724
6369.200	1.5977
6370.100	1.6059
6371.000	1.6068
6371.900	1.6151
6372.800	1.6409
6373.700	1.6721
6374.600	1.6989
6375.500	1.7332
6376.400	1.7661
6377.300	1.7628
6378.200	1.7229
6379.100	1.7116
6380.000	1.7446
6380.900	1.7676
6381.800	1.7766
6382.700	1.7598
6383.600	1.6763
6384.500	1.5793
6385.400	1.5618
6386.300	1.6077
6387.200	1.6419
6388.100	1.6524
6389.000	1.6642
6389.900	1.6779
6390.800	1.6957
6391.700	1.7173
6392.600	1.7278
6393.500	1.7440
6394.400	1.7881
6395.300	1.8423
6396.200	1.8704
6397.100	1.8694
6398.000	1.8736
6398.900	1.8637
6399.800	1.8311
6400.700	1.8473
6401.600	1.9253
6402.500	1.9979
6403.400	2.0379
6404.300	2.0600
6405.200	2.0699
6406.100	2.0559
6407.000	2.0385
6407.900	2.0447
6408.800	2.0582
6409.700	2.0580
6410.600	2.0516
6411.500	2.0255
6412.400	1.9665
6413.300	1.9049
6414.200	1.8428
6415.100	1.7754
6416.000	1.7754
6416.900	1.8348
6417.800	1.8452
6418.700	1.7998
6419.600	1.7367
6420.500	1.6459
6421.400	1.5851
6422.300	1.6114
6423.200	1.6617
6424.100	1.6798
6425.000	1.6919
6425.900	1.7215
6426.800	1.7494
6427.700	1.7715
6428.600	1.7875
6429.500	1.7840
6430.400	1.7675
6431.300	1.7738
6432.200	1.8248
6433.100	1.8755
6434.000	1.8938
6434.900	1.8922
6435.800	1.9233
6436.700	1.9835
6437.600	1.9958
6438.500	1.9612
6439.400	1.9591
6440.300	2.0170
6441.200	2.0928
6442.100	2.1426
6443.000	2.1712
6443.900	2.1931
6444.800	2.1914
6445.700	2.1611
6446.600	2.0987
6447.500	1.9830
6448.400	1.8742
6449.300	1.8493
6450.200	1.8901
6451.100	1.9275
6452.000	1.9493
6452.900	1.9830
6453.800	2.0118
6454.700	2.0210
6455.600	2.0325
6456.500	2.0725
6457.400	2.1161
6458.300	2.1402
6459.200	2.1595
6460.100	2.1680
6461.000	2.1551
6461.900	2.1135
6462.800	2.1052
6463.700	2.1841
6464.600	2.2692
6465.500	2.2969
6466.400	2.3167
6467.300	2.3838
6468.200	2.4288
6469.100	2.4092
6470.000	2.3915
6470.900	2.3917
6471.800	2.4005
6472.700	2.3736
6473.600	2.2708
6474.500	2.1805
6475.400	2.1933
6476.300	2.2607
6477.200	2.2749
6478.100	2.1612
6479.000	1.9946
6479.900	1.9010
6480.800	1.8820
6481.700	1.8749
6482.600	1.8480
6483.500	1.8097
6484.400	1.7727
6485.300	1.7574
6486.200	1.7931
6487.100	1.8535
6488.000	1.8952
6488.900	1.9000
6489.800	1.8885
6490.700	1.9105
6491.600	1.9574
6492.500	1.9819
6493.400	1.9602
6494.300	1.9111
6495.200	1.8482
6496.100	1.7840
6497.000	1.7800
6497.900	1.8433
6498.800	1.9046
6499.700	1.9588
6500.600	2.0138
6501.500	2.0506
6502.400	2.0757
6503.300	2.0946
6504.200	2.0974
6505.100	2.1028
6506.000	2.1361
6506.900	2.1506
6507.800	2.1128
6508.700	2.0855
6509.600	2.1141
6510.500	2.1611
6511.400	2.1507
6512.300	2.0742
6513.200	2.0249
6514.100	2.0369
6515.000	2.0616
6515.900	2.0707
6516.800	2.0621
6517.700	2.0650
6518.600	2.0829
6519.500	2.1014
6520.400	2.1238
6521.300	2.1630
6522.200	2.2140
6523.100	2.2447
6524.000	2.2573
6524.900	2.2675
6525.800	2.2722
6526.700	2.2788
6527.600	2.3019
6528.500	2.3535
6529.400	2.3994
6530.300	2.4132
6531.200	2.3984
6532.100	2.3661
6533.000	2.3602
6533.900	2.3990
6534.800	2.4483
6535.700	2.4913
6536.600	2.5057
6537.500	2.4876
6538.400	2.4950
6539.300	2.5482
6540.200	2.5967
6541.100	2.5826
6542.000	2.4956
6542.900	2.3737
6543.800	2.2486
6544.700	2.1695
6545.600	2.1632
6546.500	2.1925
6547.400	2.2016
6548.300	2.1632
6549.200	2.0906
6550.100	2.0123
6551.000	1.9552
6551.900	1.9560
6552.800	1.9946
6553.700	2.0140
6554.600	2.0227
6555.500	2.0379
6556.400	2.0674
6557.300	2.1085
6558.200	2.1531
6559.100	2.1837
6560.000	2.1774
6560.900	2.0997
6561.800	1.8639
6562.700	1.5910
6563.600	1.5582
6564.500	1.7333
6565.400	1.8503
6566.300	1.8493
6567.200	1.8333
6568.100	1.8316
6569.000	1.8366
6569.900	1.8624
6570.800	1.8737
6571.700	1.8256
6572.600	1.7794
6573.500	1.8123
6574.400	1.8841
6575.300	1.9244
6576.200	1.9304
6577.100	1.9085
6578.000	1.8485
6578.900	1.7826
6579.800	1.7556
6580.700	1.7789
6581.600	1.8420
6582.500	1.9141
6583.400	1.9548
6584.300	1.9682
6585.200	1.9849
6586.100	2.0103
6587.000	2.0392
6587.900	2.0599
6588.800	2.0586
6589.700	2.0394
6590.600	2.0057
6591.500	1.9543
6592.400	1.8894
6593.300	1.8167
6594.200	1.7614
6595.100	1.7617
6596.000	1.8094
6596.900	1.8397
6597.800	1.8198
6598.700	1.7826
6599.600	1.7673
6600.500	1.7771
6601.400	1.8014
6602.300	1.8290
6603.200	1.8495
6604.100	1.8487
6605.000	1.8272
6605.900	1.8152
6606.800	1.8248
6607.700	1.8309
6608.600	1.8175
6609.500	1.8044
6610.400	1.8233
6611.300	1.8713
6612.200	1.9099
6613.100	1.9052
6614.000	1.8764
6614.900	1.8558
6615.800	1.8460
6616.700	1.8380
6617.600	1.8031
6618.500	1.7477
6619.400	1.7177
6620.300	1.7174
6621.200	1.7223
6622.100	1.7149
6623.000	1.7028
6623.900	1.6793
6624.800	1.6219
6625.700	1.5591
6626.600	1.5393
6627.500	1.5714
6628.400	1.6244
6629.300	1.6643
6630.200	1.6943
6631.100	1.7233
6632.000	1.7470
6632.900	1.7565
6633.800	1.7196
6634.700	1.6253
6635.600	1.5376
6636.500	1.5088
6637.400	1.5256
6638.300	1.5529
6639.200	1.5766
6640.100	1.6065
6641.000	1.6405
6641.900	1.6606
6642.800	1.6610
6643.700	1.6559
6644.600	1.6618
6645.500	1.6672
6646.400	1.6574
6647.300	1.6409
6648.200	1.6194
6649.100	1.5552
6650.000	1.4258
6650.900	1.2616
6651.800	1.1367
6652.700	1.1227
6653.600	1.1923
6654.500	1.2480
6655.400	1.2514
6656.300	1.2338
6657.200	1.2284
6658.100	1.2387
6659.000	1.2563
6659.900	1.2742
6660.800	1.2897
6661.700	1.3053
6662.600	1.3188
6663.500	1.3369
6664.400	1.3732
6665.300	1.4081
6666.200	1.4239
6667.100	1.4288
6668.000	1.4312
6668.900	1.4315
6669.800	1.4300
6670.700	1.4348
6671.600	1.4518
6672.500	1.4669
6673.400	1.4660
6674.300	1.4599
6675.200	1.4688
6676.100	1.4787
6677.000	1.4672
6677.900	1.4348
6678.800	1.3847
6679.700	1.3028
6680.600	1.1815
6681.500	1.0772
6682.400	1.0598
6683.300	1.1098
6684.200	1.1546
6685.100	1.1544
6686.000	1.1348
6686.900	1.1344
6687.800	1.1542
6688.700	1.1738
6689.600	1.1815
6690.500	1.1830
6691.400	1.1816
6692.300	1.1806
6693.200	1.1877
6694.100	1.1990
6695.000	1.2132
6695.900	1.2316
6696.800	1.2510
6697.700	1.2713
6698.600	1.2895
6699.500	1.3070
6700.400	1.3208
6701.300	1.3312
6702.200	1.3418
6703.100	1.3506
6704.000	1.3513
6704.900	1.3494
6705.800	1.3578
6706.700	1.3821
6707.600	1.4087
6708.500	1.4256
6709.400	1.4346
6710.300	1.4342
6711.200	1.4217
6712.100	1.3907
6713.000	1.3270
6713.900	1.2196
6714.800	1.1089
6715.700	1.0644
6716.600	1.0649
6717.500	1.0516
6718.400	1.0335
6719.300	1.0346
6720.200	1.0491
6721.100	1.0612
6722.000	1.0668
6722.900	1.0762
6723.800	1.0909
6724.700	1.1028
6725.600	1.1144
6726.500	1.1336
6727.400	1.1544
6728.300	1.1609
6729.200	1.1577
6730.100	1.1607
6731.000	1.1768
6731.900	1.2029
6732.800	1.2263
6733.700	1.2366
6734.600	1.2326
6735.500	1.2310
6736.400	1.2439
6737.300	1.2652
6738.200	1.2795
6739.100	1.2773
6740.000	1.2863
6740.900	1.3162
6741.800	1.3346
6742.700	1.3369
6743.600	1.3467
6744.500	1.3713
6745.400	1.3790
6746.300	1.3386
6747.200	1.2573
6748.100	1.1934
6749.000	1.1922
6749.900	1.2284
6750.800	1.2640
6751.700	1.2814
6752.600	1.2722
6753.500	1.2689
6754.400	1.2855
6755.300	1.3007
6756.200	1.3146
6757.100	1.3341
6758.000	1.3468
6758.900	1.3459
6759.800	1.3529
6760.700	1.3743
6761.600	1.3860
6762.500	1.3943
6763.400	1.4084
6764.300	1.4263
6765.200	1.4482
6766.100	1.4641
6767.000	1.4872
6767.900	1.5208
6768.800	1.5357
6769.700	1.5332
6770.600	1.5329
6771.500	1.5459
6772.400	1.5830
6773.300	1.6285
6774.200	1.6547
6775.100	1.6637
6776.000	1.6815
6776.900	1.7030
6777.800	1.6860
6778.700	1.6585
6779.600	1.6447
6780.500	1.5762
6781.400	1.4424
6782.300	1.3373
6783.200	1.3082
6784.100	1.3124
6785.000	1.3104
6785.900	1.3190
6786.800	1.3409
6787.700	1.3575
6788.600	1.3674
6789.500	1.3708
6790.400	1.3678
6791.300	1.3746
6792.200	1.3943
6793.100	1.4123
6794.000	1.4271
6794.900	1.4546
6795.800	1.4843
6796.700	1.5084
6797.600	1.5152
6798.500	1.5063
6799.400	1.5151
6800.300	1.5433
6801.200	1.5794
6802.100	1.6060
6803.000	1.6089
6803.900	1.5936
6804.800	1.5861
6805.700	1.5959
6806.600	1.6083
6807.500	1.6292
6808.400	1.6600
6809.300	1.6705
6810.200	1.6737
6811.100	1.6991
6812.000	1.7114
6812.900	1.6989
6813.800	1.6744
6814.700	1.6075
6815.600	1.5386
6816.500	1.5430
6817.400	1.6036
6818.300	1.6501
6819.200	1.6581
6820.100	1.6492
6821.000	1.6562
6821.900	1.6823
6822.800	1.6975
6823.700	1.7047
6824.600	1.7206
6825.500	1.7483
6826.400	1.7749
6827.300	1.7835
6828.200	1.7945
6829.100	1.8161
6830.000	1.8314
6830.900	1.8392
6831.800	1.8400
6832.700	1.8330
6833.600	1.8468
6834.500	1.8765
6835.400	1.8961
6836.300	1.9133
6837.200	1.9248
6838.100	1.9264
6839.000	1.9308
6839.900	1.9367
6840.800	1.9472
6841.700	1.9692
6842.600	2.0003
6843.500	2.0465
6844.400	2.0869
6845.300	2.0950
6846.200	2.0917
6847.100	2.0825
6848.000	2.0548
6848.900	1.9852
6849.800	1.8766
6850.700	1.8061
6851.600	1.7888
6852.500	1.7800
6853.400	1.7901
6854.300	1.8161
6855.200	1.8312
6856.100	1.8299
6857.000	1.8400
6857.900	1.8654
6858.800	1.8895
6859.700	1.9106
6860.600	1.9185
6861.500	1.9103
6862.400	1.9118
6863.300	1.9483
6864.200	1.9911
6865.100	2.0032
6866.000	2.0078
6866.900	2.0029
6867.800	1.9530
6868.700	1.9033
6869.600	1.9173
6870.500	1.9667
6871.400	2.0206
6872.300	2.0863
6873.200	2.1479
6874.100	2.1923
6875.000	2.2352
6875.900	2.2526
6876.800	2.2308
6877.700	2.2015
6878.600	2.2111
6879.500	2.2622
6880.400	2.2940
6881.300	2.2914
6882.200	2.2714
6883.100	2.2051
6884.000	2.1344
6884.900	2.1584
6885.800	2.2701
6886.700	2.3670
6887.600	2.3588
6888.500	2.3008
6889.400	2.2947
6890.300	2.3143
6891.200	2.3261
6892.100	2.3536
6893.000	2.3804
6893.900	2.3932
6894.800	2.4294
6895.700	2.4829
6896.600	2.4982
6897.500	2.4867
6898.400	2.4965
6899.300	2.5096
6900.200	2.4899
6901.100	2.4696
6902.000	2.5070
6902.900	2.5752
6903.800	2.6091
6904.700	2.6295
6905.600	2.6999
6906.500	2.7808
6907.400	2.8036
6908.300	2.7916
6909.200	2.7982
6910.100	2.8189
6911.000	2.8508
6911.900	2.8974
6912.800	2.9334
6913.700	2.9536
6914.600	2.9554
6915.500	2.9506
6916.400	2.9777
6917.300	2.9881
6918.200	2.8479
6919.100	2.6082
6920.000	2.4829
6920.900	2.5123
6921.800	2.5776
6922.700	2.5995
6923.600	2.5810
6924.500	2.5689
6925.400	2.5716
6926.300	2.5798
6927.200	2.6154
6928.100	2.6718
6929.000	2.7019
6929.900	2.6926
6930.800	2.7012
6931.700	2.7395
6932.600	2.7584
6933.500	2.7830
6934.400	2.8418
6935.300	2.8982
6936.200	2.9229
6937.100	2.9328
6938.000	2.9577
6938.900	3.0022
6939.800	3.0796
6940.700	3.1607
6941.600	3.1689
6942.500	3.1481
6943.400	3.1697
6944.300	3.1670
6945.200	3.1170
6946.100	3.1200
6947.000	3.2288
6947.900	3.3441
6948.800	3.3730
6949.700	3.3884
6950.600	3.3736
6951.500	3.2453
6952.400	3.0893
6953.300	3.0276
6954.200	3.0794
6955.100	3.1988
6956.000	3.2751
6956.900	3.2692
6957.800	3.2569
6958.700	3.2659
6959.600	3.3443
6960.500	3.5050
6961.400	3.5838
6962.300	3.5551
6963.200	3.5580
6964.100	3.5859
6965.000	3.5862
6965.900	3.5901
6966.800	3.6433
6967.700	3.7525
6968.600	3.8094
6969.500	3.7728
6970.400	3.7610
6971.300	3.7698
6972.200	3.7235
6973.100	3.7207
6974.000	3.8157
6974.900	3.8830
6975.800	3.8926
6976.700	3.9177
6977.600	3.8935
6978.500	3.8323
6979.400	3.8654
6980.300	3.9441
6981.200	4.0015
6982.100	4.0672
6983.000	4.0731
6983.900	4.0407
6984.800	4.1234
6985.700	4.2333
6986.600	4.1766
6987.500	4.0099
6988.400	3.8059
6989.300	3.6133
6990.200	3.5455
6991.100	3.6126
6992.000	3.7442
6992.900	3.8498
6993.800	3.8827
6994.700	3.8410
6995.600	3.7772
6996.500	3.7702
6997.400	3.8427
6998.300	3.9019
6999.200	3.8895
7000.100	3.9104
7001.000	3.9550
7001.900	3.9504
7002.800	3.9227
7003.700	3.8898
7004.600	3.8549
7005.500	3.8543
7006.400	3.9120
7007.300	3.9639
7008.200	4.0163
7009.100	4.1430
7010.000	4.2019
7010.900	4.1230
7011.800	4.0865
7012.700	4.1471
7013.600	4.1679
7014.500	4.0809
7015.400	4.0191
7016.300	4.0666
7017.200	4.1340
7018.100	4.1431
7019.000	4.1444
7019.900	4.1617
7020.800	4.1991
7021.700	4.1991
7022.600	4.0747
7023.500	3.9598
7024.400	3.9685
7025.300	4.0546
7026.200	4.1253
7027.100	4.0975
7028.000	4.0598
7028.900	4.1255
7029.800	4.2181
7030.700	4.2643
7031.600	4.2745
7032.500	4.2360
7033.400	4.2157
7034.300	4.2553
7035.200	4.2766
7036.100	4.2790
7037.000	4.2043
7037.900	3.9846
7038.800	3.8579
7039.700	3.9890
7040.600	4.1506
7041.500	4.2026
7042.400	4.2550
7043.300	4.3219
7044.200	4.3235
7045.100	4.2790
7046.000	4.2735
7046.900	4.3020
7047.800	4.3470
7048.700	4.4035
7049.600	4.4112
7050.500	4.3595
7051.400	4.2750
7052.300	4.0473
7053.200	3.4985
7054.100	2.5984
7055.000	1.7582
7055.900	1.4247
7056.800	1.5106
7057.700	1.6654
7058.600	1.6827
7059.500	1.5839
7060.400	1.4977
7061.300	1.4792
7062.200	1.5010
7063.100	1.5411
7064.000	1.5859
7064.900	1.6161
7065.800	1.6412
7066.700	1.6726
7067.600	1.6825
7068.500	1.6718
7069.400	1.6907
7070.300	1.7602
7071.200	1.8520
7072.100	1.9083
7073.000	1.9001
7073.900	1.8567
7074.800	1.8242
7075.700	1.8228
7076.600	1.8494
7077.500	1.8931
7078.400	1.9417
7079.300	1.9831
7080.200	2.0369
7081.100	2.1038
7082.000	2.1477
7082.900	2.1483
7083.800	2.1195
7084.700	2.0939
7085.600	2.0567
7086.500	1.9024
7087.400	1.5835
7088.300	1.2683
7089.200	1.1448
7090.100	1.1906
7091.000	1.2830
7091.900	1.3282
7092.800	1.3008
7093.700	1.2558
7094.600	1.2382
7095.500	1.2452
7096.400	1.2682
7097.300	1.2992
7098.200	1.3276
7099.100	1.3458
7100.000	1.3511
7100.900	1.3493
7101.800	1.3598
7102.700	1.3819
7103.600	1.4008
7104.500	1.4183
7105.400	1.4436
7106.300	1.4871
7107.200	1.5498
7108.100	1.6097
7109.000	1.6501
7109.900	1.6489
7110.800	1.6092
7111.700	1.5829
7112.600	1.5923
7113.500	1.6053
7114.400	1.6020
7115.300	1.6237
7116.200	1.7025
7117.100	1.7786
7118.000	1.8010
7118.900	1.8049
7119.800	1.8310
7120.700	1.8684
7121.600	1.8799
7122.500	1.8672
7123.400	1.8205
7124.300	1.6695
7125.200	1.3962
7126.100	1.1416
7127.000	1.0519
7127.900	1.1009
7128.800	1.1767
7129.700	1.2201
7130.600	1.2105
7131.500	1.1650
7132.400	1.1322
7133.300	1.1282
7134.200	1.1365
7135.100	1.1464
7136.000	1.1560
7136.900	1.1706
7137.800	1.1906
7138.700	1.2137
7139.600	1.2341
7140.500	1.2464
7141.400	1.2579
7142.300	1.2756
7143.200	1.2994
7144.100	1.3155
7145.000	1.3194
7145.900	1.3326
7146.800	1.3669
7147.700	1.4017
7148.600	1.4073
7149.500	1.3981
7150.400	1.4016
7151.300	1.4187
7152.200	1.4521
7153.100	1.5038
7154.000	1.5578
7154.900	1.5962
7155.800	1.6237
7156.700	1.6317
7157.600	1.5877
7158.500	1.5008
7159.400	1.4285
7160.300	1.4169
7161.200	1.4467
7162.100	1.4805
7163.000	1.5055
7163.900	1.5097
7164.800	1.4974
7165.700	1.5047
7166.600	1.5283
7167.500	1.5501
7168.400	1.5663
7169.300	1.5746
7170.200	1.6009
7171.100	1.6459
7172.000	1.6685
7172.900	1.6562
7173.800	1.6509
7174.700	1.6808
7175.600	1.7087
7176.500	1.7111
7177.400	1.7104
7178.300	1.7380
7179.200	1.7910
7180.100	1.8237
7181.000	1.8272
7181.900	1.8459
7182.800	1.8781
7183.700	1.8916
7184.600	1.8883
7185.500	1.8819
7186.400	1.8787
7187.300	1.8929
7188.200	1.9288
7189.100	1.9798
7190.000	2.0137
7190.900	1.9873
7191.800	1.9498
7192.700	1.9590
7193.600	1.9868
7194.500	2.0056
7195.400	1.9916
7196.300	1.9150
7197.200	1.7712
7198.100	1.6498
7199.000	1.6522
7199.900	1.7026
7200.800	1.7214
7201.700	1.7524
7202.600	1.7929
7203.500	1.7719
7204.400	1.7324
7205.300	1.7350
7206.200	1.7377
7207.100	1.7547
7208.000	1.7827
7208.900	1.7766
7209.800	1.7726
7210.700	1.8083
7211.600	1.8574
7212.500	1.8982
7213.400	1.9218
7214.300	1.9247
7215.200	1.9313
7216.100	1.9484
7217.000	1.9742
7217.900	2.0113
7218.800	2.0396
7219.700	2.0558
7220.600	2.0846
7221.500	2.1216
7222.400	2.1359
7223.300	2.1294
7224.200	2.1575
7225.100	2.2092
7226.000	2.2318
7226.900	2.2564
7227.800	2.2809
7228.700	2.2676
7229.600	2.2530
7230.500	2.2458
7231.400	2.2178
7232.300	2.2066
7233.200	2.2443
7234.100	2.3124
7235.000	2.3863
7235.900	2.4220
7236.800	2.4248
7237.700	2.4314
7238.600	2.4497
7239.500	2.4617
7240.400	2.4422
7241.300	2.4606
7242.200	2.5400
7243.100	2.5612
7244.000	2.5308
7244.900	2.5548
7245.800	2.6203
7246.700	2.6817
7247.600	2.7811
7248.500	2.8952
7249.400	2.9233
7250.300	2.8676
7251.200	2.7808
7252.100	2.7009
7253.000	2.6763
7253.900	2.7482
7254.800	2.9044
7255.700	3.0106
7256.600	2.9673
7257.500	2.9137
7258.400	2.9593
7259.300	3.0031
7260.200	2.9895
7261.100	3.0021
7262.000	3.0947
7262.900	3.2176
7263.800	3.2878
7264.700	3.2685
7265.600	3.1881
7266.500	3.1890
7267.400	3.3611
7268.300	3.5225
7269.200	3.4456
7270.100	3.1662
7271.000	2.9347
7271.900	2.8863
7272.800	2.9685
7273.700	3.1013
7274.600	3.2068
7275.500	3.2434
7276.400	3.2017
7277.300	3.1168
7278.200	3.1118
7279.100	3.1920
7280.000	3.2260
7280.900	3.1756
7281.800	3.1468
7282.700	3.2071
7283.600	3.2584
7284.500	3.2562
7285.400	3.3032
7286.300	3.3858
7287.200	3.4017
7288.100	3.3920
7289.000	3.4404
7289.900	3.4525
7290.800	3.3707
7291.700	3.3515
7292.600	3.4416
7293.500	3.5458
7294.400	3.6436
7295.300	3.7613
7296.200	3.8789
7297.100	3.9227
7298.000	3.8995
7298.900	3.8541
7299.800	3.8351
7300.700	3.9409
7301.600	4.1154
7302.500	4.1733
7303.400	4.1447
7304.300	4.1620
7305.200	4.1965
7306.100	4.2252
7307.000	4.3044
7307.900	4.4252
7308.800	4.5025
7309.700	4.4872
7310.600	4.4246
7311.500	4.4031
7312.400	4.4312
7313.300	4.4510
7314.200	4.4569
7315.100	4.4281
7316.000	4.3867
7316.900	4.4114
7317.800	4.4909
7318.700	4.6297
7319.600	4.7999
7320.500	4.8432
7321.400	4.7575
7322.300	4.6783
7323.200	4.6230
7324.100	4.5996
7325.000	4.6391
7325.900	4.7027
7326.800	4.8173
7327.700	5.0105
7328.600	5.1299
7329.500	5.1006
7330.400	4.9982
7331.300	4.8873
7332.200	4.8505
7333.100	4.9389
7334.000	5.0558
7334.900	5.0956
7335.800	5.1716
7336.700	5.3382
7337.600	5.4030
7338.500	5.3836
7339.400	5.4883
7340.300	5.6503
7341.200	5.6490
7342.100	5.4551
7343.000	5.1709
7343.900	4.9137
7344.800	4.8388
7345.700	4.9864
7346.600	5.1999
7347.500	5.3589
7348.400	5.4360
7349.300	5.4540
7350.200	5.4439
7351.100	5.4020
7352.000	5.3552
7352.900	5.3610
7353.800	5.3984
7354.700	5.3765
7355.600	5.2078
7356.500	5.0007
7357.400	5.0101
7358.300	5.2944
7359.200	5.6017
7360.100	5.6697
7361.000	5.5678
7361.900	5.4897
7362.800	5.4474
7363.700	5.4572
7364.600	5.5745
7365.500	5.7249
7366.400	5.8292
7367.300	5.9624
7368.200	6.1246
7369.100	6.2133
7370.000	6.2630
7370.900	6.3206
7371.800	6.3182
7372.700	6.2440
7373.600	6.1676
7374.500	6.1331
7375.400	6.1520
7376.300	6.2193
7377.200	6.2928
7378.100	6.3584
7379.000	6.4310
7379.900	6.4692
7380.800	6.4095
7381.700	6.2702
7382.600	6.1700
7383.500	6.1788
7384.400	6.1825
7385.300	6.1012
7386.200	6.0595
7387.100	6.1275
7388.000	6.1983
7388.900	6.1634
7389.800	6.0534
7390.700	6.0098
7391.600	6.0948
7392.500	6.1995
7393.400	6.1953
7394.300	6.1507
7395.200	6.2126
7396.100	6.3496
7397.000	6.4431
7397.900	6.4128
7398.800	6.2967
7399.700	6.2225
7400.600	6.3135
7401.500	6.5109
7402.400	6.6510
7403.300	6.6943
7404.200	6.6781
7405.100	6.6278
7406.000	6.5892
7406.900	6.5834
7407.800	6.5804
7408.700	6.6096
7409.600	6.6447
7410.500	6.6439
7411.400	6.6288
7412.300	5.4388
7413.200	1.2553
7414.100	0.0260
7415.000	0.0000
7415.900	0.0000
7416.800	0.0000
7417.700	0.0000
7418.600	0.0000
7419.500	0.0000
7420.400	0.0000
7421.300	0.0000
7422.200	0.0000
7423.100	0.0000
7424.000	0.0000
7424.900	0.0000
7425.800	0.0000
7426.700	0.0000
7427.600	0.0000
7428.500	0.0000
