3500.000	0.0000
3500.900	0.0000
3501.800	0.0000
3502.700	0.0000
3503.600	0.0000
3504.500	0.0000
3505.400	0.0000
3506.300	0.0000
3507.200	0.0000
3508.100	0.0000
3509.000	0.0000
3509.900	0.0000
3510.800	0.0000
3511.700	0.0000
3512.600	0.0000
3513.500	0.0000
3514.400	0.0000
3515.300	0.0000
3516.200	0.0000
3517.100	0.0000
3518.000	0.0000
3518.900	0.0000
3519.800	0.0000
3520.700	0.0000
3521.600	0.0000
3522.500	0.0000
3523.400	0.0000
3524.300	0.0000
3525.200	0.0000
3526.100	0.0000
3527.000	0.0000
3527.900	0.0000
3528.800	0.0000
3529.700	0.0000
3530.600	0.0000
3531.500	0.0000
3532.400	0.0000
3533.300	0.0000
3534.200	0.0000
3535.100	0.0000
3536.000	0.0012
3536.900	0.0377
3537.800	0.0388
3538.700	0.0406
3539.600	0.0430
3540.500	0.0406
3541.400	0.0420
3542.300	0.0450
3543.200	0.0441
3544.100	0.0446
3545.000	0.0424
3545.900	0.0396
3546.800	0.0382
3547.700	0.0347
3548.600	0.0324
3549.500	0.0316
3550.400	0.0326
3551.300	0.0357
3552.200	0.0367
3553.100	0.0346
3554.000	0.0343
3554.900	0.0382
3555.800	0.0428
3556.700	0.0439
3557.600	0.0397
3558.500	0.0360
3559.400	0.0366
3560.300	0.0383
3561.200	0.0387
3562.100	0.0395
3563.000	0.0400
3563.900	0.0372
3564.800	0.0305
3565.700	0.0245
3566.600	0.0254
3567.500	0.0295
3568.400	0.0279
3569.300	0.0239
3570.200	0.0214
3571.100	0.0243
3572.000	0.0264
3572.900	0.0291
3573.800	0.0296
3574.700	0.0269
3575.600	0.0246
3576.500	0.0229
3577.400	0.0220
3578.300	0.0163
3579.200	0.0144
3580.100	0.0149
3581.000	0.0153
3581.900	0.0204
3582.800	0.0254
3583.700	0.0265
3584.600	0.0250
3585.500	0.0197
3586.400	0.0217
3587.300	0.0220
3588.200	0.0251
3589.100	0.0285
3590.000	0.0303
3590.900	0.0362
3591.800	0.0352
3592.700	0.0245
3593.600	0.0186
3594.500	0.0201
3595.400	0.0278
3596.300	0.0350
3597.200	0.0376
3598.100	0.0421
3599.000	0.0477
3599.900	0.0497
3600.800	0.0445
3601.700	0.0386
3602.600	0.0316
3603.500	0.0278
3604.400	0.0211
3605.300	0.0179
3606.200	0.0207
3607.100	0.0272
3608.000	0.0291
3608.900	0.0238
3609.800	0.0205
3610.700	0.0253
3611.600	0.0316
3612.500	0.0334
3613.400	0.0339
3614.300	0.0392
3615.200	0.0449
3616.100	0.0432
3617.000	0.0381
3617.900	0.0320
3618.800	0.0240
3619.700	0.0240
3620.600	0.0332
3621.500	0.0452
3622.400	0.0518
3623.300	0.0493
3624.200	0.0420
3625.100	0.0443
3626.000	0.0543
3626.900	0.0591
3627.800	0.0570
3628.700	0.0557
3629.600	0.0532
3630.500	0.0401
3631.400	0.0292
3632.300	0.0292
3633.200	0.0379
3634.100	0.0378
3635.000	0.0320
3635.900	0.0324
3636.800	0.0419
3637.700	0.0498
3638.600	0.0559
3639.500	0.0548
3640.400	0.0539
3641.300	0.0503
3642.200	0.0395
3643.100	0.0402
3644.000	0.0426
3644.900	0.0415
3645.800	0.0383
3646.700	0.0383
3647.600	0.0335
3648.500	0.0299
3649.400	0.0334
3650.300	0.0410
3651.200	0.0416
3652.100	0.0433
3653.000	0.0401
3653.900	0.0404
3654.800	0.0447
3655.700	0.0502
3656.600	0.0543
3657.500	0.0544
3658.400	0.0572
3659.300	0.0620
3660.200	0.0583
3661.100	0.0567
3662.000	0.0557
3662.900	0.0509
3663.800	0.0474
3664.700	0.0528
3665.600	0.0606
3666.500	0.0603
3667.400	0.0600
3668.300	0.0553
3669.200	0.0463
3670.100	0.0406
3671.000	0.0443
3671.900	0.0545
3672.800	0.0602
3673.700	0.0599
3674.600	0.0564
3675.500	0.0565
3676.400	0.0554
3677.300	0.0529
3678.200	0.0521
3679.100	0.0458
3680.000	0.0423
3680.900	0.0476
3681.800	0.0520
3682.700	0.0514
3683.600	0.0493
3684.500	0.0508
3685.400	0.0489
3686.300	0.0389
3687.200	0.0324
3688.100	0.0332
3689.000	0.0409
3689.900	0.0490
3690.800	0.0557
3691.700	0.0590
3692.600	0.0563
3693.500	0.0502
3694.400	0.0476
3695.300	0.0490
3696.200	0.0563
3697.100	0.0615
3698.000	0.0639
3698.900	0.0660
3699.800	0.0647
3700.700	0.0610
3701.600	0.0579
3702.500	0.0544
3703.400	0.0463
3704.300	0.0332
3705.200	0.0275
3706.100	0.0328
3707.000	0.0391
3707.900	0.0384
3708.800	0.0364
3709.700	0.0392
3710.600	0.0506
3711.500	0.0601
3712.400	0.0641
3713.300	0.0661
3714.200	0.0657
3715.100	0.0644
3716.000	0.0591
3716.900	0.0521
3717.800	0.0452
3718.700	0.0339
3719.600	0.0229
3720.500	0.0195
3721.400	0.0245
3722.300	0.0278
3723.200	0.0387
3724.100	0.0463
3725.000	0.0501
3725.900	0.0523
3726.800	0.0487
3727.700	0.0422
3728.600	0.0423
3729.500	0.0429
3730.400	0.0409
3731.300	0.0374
3732.200	0.0315
3733.100	0.0262
3734.000	0.0245
3734.900	0.0231
3735.800	0.0227
3736.700	0.0235
3737.600	0.0249
3738.500	0.0324
3739.400	0.0417
3740.300	0.0466
3741.200	0.0469
3742.100	0.0443
3743.000	0.0396
3743.900	0.0360
3744.800	0.0321
3745.700	0.0272
3746.600	0.0290
3747.500	0.0278
3748.400	0.0229
3749.300	0.0241
3750.200	0.0330
3751.100	0.0430
3752.000	0.0458
3752.900	0.0463
3753.800	0.0534
3754.700	0.0649
3755.600	0.0658
3756.500	0.0557
3757.400	0.0422
3758.300	0.0344
3759.200	0.0375
3760.100	0.0447
3761.000	0.0528
3761.900	0.0568
3762.800	0.0537
3763.700	0.0456
3764.600	0.0480
3765.500	0.0494
3766.400	0.0446
3767.300	0.0430
3768.200	0.0515
3769.100	0.0660
3770.000	0.0706
3770.900	0.0694
3771.800	0.0692
3772.700	0.0701
3773.600	0.0741
3774.500	0.0702
3775.400	0.0619
3776.300	0.0644
3777.200	0.0599
3778.100	0.0620
3779.000	0.0663
3779.900	0.0712
3780.800	0.0725
3781.700	0.0764
3782.600	0.0773
3783.500	0.0774
3784.400	0.0746
3785.300	0.0694
3786.200	0.0578
3787.100	0.0485
3788.000	0.0466
3788.900	0.0455
3789.800	0.0446
3790.700	0.0475
3791.600	0.0528
3792.500	0.0576
3793.400	0.0545
3794.300	0.0486
3795.200	0.0481
3796.100	0.0512
3797.000	0.0513
3797.900	0.0426
3798.800	0.0358
3799.700	0.0402
3800.600	0.0539
3801.500	0.0653
3802.400	0.0704
3803.300	0.0720
3804.200	0.0724
3805.100	0.0701
3806.000	0.0640
3806.900	0.0560
3807.800	0.0527
3808.700	0.0584
3809.600	0.0673
3810.500	0.0694
3811.400	0.0647
3812.300	0.0588
3813.200	0.0557
3814.100	0.0536
3815.000	0.0490
3815.900	0.0454
3816.800	0.0480
3817.700	0.0502
3818.600	0.0461
3819.500	0.0367
3820.400	0.0301
3821.300	0.0317
3822.200	0.0366
3823.100	0.0370
3824.000	0.0327
3824.900	0.0278
3825.800	0.0313
3826.700	0.0378
3827.600	0.0417
3828.500	0.0461
3829.400	0.0523
3830.300	0.0586
3831.200	0.0552
3832.100	0.0467
3833.000	0.0427
3833.900	0.0404
3834.800	0.0446
3835.700	0.0539
3836.600	0.0595
3837.500	0.0598
3838.400	0.0548
3839.300	0.0476
3840.200	0.0409
3841.100	0.0395
3842.000	0.0475
3842.900	0.0578
3843.800	0.0604
3844.700	0.0631
3845.600	0.0658
3846.500	0.0665
3847.400	0.0669
3848.300	0.0607
3849.200	0.0506
3850.100	0.0466
3851.000	0.0541
3851.900	0.0588
3852.800	0.0637
3853.700	0.0674
3854.600	0.0625
3855.500	0.0476
3856.400	0.0413
3857.300	0.0435
3858.200	0.0437
3859.100	0.0359
3860.000	0.0319
3860.900	0.0403
3861.800	0.0534
3862.700	0.0569
3863.600	0.0559
3864.500	0.0541
3865.400	0.0560
3866.300	0.0613
3867.200	0.0670
3868.100	0.0724
3869.000	0.0763
3869.900	0.0762
3870.800	0.0720
3871.700	0.0606
3872.600	0.0500
3873.500	0.0500
3874.400	0.0549
3875.300	0.0545
3876.200	0.0511
3877.100	0.0471
3878.000	0.0441
3878.900	0.0508
3879.800	0.0628
3880.700	0.0653
3881.600	0.0607
3882.500	0.0599
3883.400	0.0665
3884.300	0.0651
3885.200	0.0511
3886.100	0.0376
3887.000	0.0377
3887.900	0.0474
3888.800	0.0544
3889.700	0.0569
3890.600	0.0608
3891.500	0.0703
3892.400	0.0750
3893.300	0.0713
3894.200	0.0655
3895.100	0.0594
3896.000	0.0594
3896.900	0.0652
3897.800	0.0631
3898.700	0.0557
3899.600	0.0553
3900.500	0.0599
3901.400	0.0665
3902.300	0.0679
3903.200	0.0682
3904.100	0.0728
3905.000	0.0737
3905.900	0.0645
3906.800	0.0580
3907.700	0.0608
3908.600	0.0719
3909.500	0.0817
3910.400	0.0833
3911.300	0.0783
3912.200	0.0751
3913.100	0.0724
3914.000	0.0725
3914.900	0.0737
3915.800	0.0717
3916.700	0.0695
3917.600	0.0708
3918.500	0.0664
3919.400	0.0591
3920.300	0.0528
3921.200	0.0476
3922.100	0.0480
3923.000	0.0466
3923.900	0.0486
3924.800	0.0516
3925.700	0.0515
3926.600	0.0472
3927.500	0.0386
3928.400	0.0321
3929.300	0.0273
3930.200	0.0218
3931.100	0.0175
3932.000	0.0157
3932.900	0.0147
3933.800	0.0143
3934.700	0.0160
3935.600	0.0198
3936.500	0.0249
3937.400	0.0301
3938.300	0.0360
3939.200	0.0425
3940.100	0.0467
3941.000	0.0477
3941.900	0.0454
3942.800	0.0408
3943.700	0.0366
3944.600	0.0401
3945.500	0.0517
3946.400	0.0627
3947.300	0.0651
3948.200	0.0611
3949.100	0.0643
3950.000	0.0744
3950.900	0.0821
3951.800	0.0810
3952.700	0.0774
3953.600	0.0832
3954.500	0.0916
3955.400	0.0856
3956.300	0.0699
3957.200	0.0603
3958.100	0.0579
3959.000	0.0582
3959.900	0.0530
3960.800	0.0391
3961.700	0.0295
3962.600	0.0291
3963.500	0.0349
3964.400	0.0374
3965.300	0.0345
3966.200	0.0277
3967.100	0.0215
3968.000	0.0186
3968.900	0.0185
3969.800	0.0216
3970.700	0.0264
3971.600	0.0341
3972.500	0.0397
3973.400	0.0452
3974.300	0.0563
3975.200	0.0660
3976.100	0.0702
3977.000	0.0749
3977.900	0.0778
3978.800	0.0811
3979.700	0.0860
3980.600	0.0865
3981.500	0.0806
3982.400	0.0793
3983.300	0.0876
3984.200	0.0950
3985.100	0.1025
3986.000	0.1053
3986.900	0.1034
3987.800	0.0994
3988.700	0.0973
3989.600	0.0898
3990.500	0.0906
3991.400	0.1016
3992.300	0.1101
3993.200	0.1144
3994.100	0.1127
3995.000	0.1053
3995.900	0.1013
3996.800	0.0979
3997.700	0.0911
3998.600	0.0912
3999.500	0.1034
4000.400	0.1178
4001.300	0.1262
4002.200	0.1284
4003.100	0.1277
4004.000	0.1183
4004.900	0.1040
4005.800	0.1021
4006.700	0.1109
4007.600	0.1131
4008.500	0.1111
4009.400	0.1110
4010.300	0.1167
4011.200	0.1171
4012.100	0.1163
4013.000	0.1221
4013.900	0.1264
4014.800	0.1316
4015.700	0.1382
4016.600	0.1372
4017.500	0.1307
4018.400	0.1276
4019.300	0.1270
4020.200	0.1223
4021.100	0.1145
4022.000	0.1142
4022.900	0.1124
4023.800	0.1045
4024.700	0.1079
4025.600	0.1222
4026.500	0.1348
4027.400	0.1454
4028.300	0.1522
4029.200	0.1387
4030.100	0.1067
4031.000	0.0870
4031.900	0.0841
4032.800	0.0801
4033.700	0.0809
4034.600	0.0962
4035.500	0.1208
4036.400	0.1472
4037.300	0.1612
4038.200	0.1626
4039.100	0.1570
4040.000	0.1467
4040.900	0.1354
4041.800	0.1349
4042.700	0.1365
4043.600	0.1244
4044.500	0.1041
4045.400	0.0876
4046.300	0.0908
4047.200	0.1079
4048.100	0.1273
4049.000	0.1404
4049.900	0.1503
4050.800	0.1562
4051.700	0.1579
4052.600	0.1540
4053.500	0.1452
4054.400	0.1319
4055.300	0.1337
4056.200	0.1392
4057.100	0.1308
4058.000	0.1262
4058.900	0.1294
4059.800	0.1351
4060.700	0.1462
4061.600	0.1442
4062.500	0.1267
4063.400	0.1047
4064.300	0.1048
4065.200	0.1270
4066.100	0.1431
4067.000	0.1413
4067.900	0.1432
4068.800	0.1548
4069.700	0.1628
4070.600	0.1447
4071.500	0.1219
4072.400	0.1264
4073.300	0.1467
4074.200	0.1536
4075.100	0.1422
4076.000	0.1185
4076.900	0.0965
4077.800	0.0909
4078.700	0.1020
4079.600	0.1228
4080.500	0.1459
4081.400	0.1558
4082.300	0.1505
4083.200	0.1478
4084.100	0.1577
4085.000	0.1640
4085.900	0.1654
4086.800	0.1739
4087.700	0.1877
4088.600	0.1979
4089.500	0.1951
4090.400	0.1841
4091.300	0.1719
4092.200	0.1627
4093.100	0.1683
4094.000	0.1787
4094.900	0.1690
4095.800	0.1453
4096.700	0.1375
4097.600	0.1446
4098.500	0.1428
4099.400	0.1301
4100.300	0.1164
4101.200	0.1127
4102.100	0.1193
4103.000	0.1337
4103.900	0.1462
4104.800	0.1550
4105.700	0.1706
4106.600	0.1822
4107.500	0.1785
4108.400	0.1652
4109.300	0.1518
4110.200	0.1436
4111.100	0.1355
4112.000	0.1332
4112.900	0.1438
4113.800	0.1538
4114.700	0.1511
4115.600	0.1470
4116.500	0.1505
4117.400	0.1526
4118.300	0.1465
4119.200	0.1432
4120.100	0.1491
4121.000	0.1499
4121.900	0.1453
4122.800	0.1438
4123.700	0.1567
4124.600	0.1800
4125.500	0.1901
4126.400	0.1820
4127.300	0.1625
4128.200	0.1483
4129.100	0.1416
4130.000	0.1405
4130.900	0.1421
4131.800	0.1329
4132.700	0.1311
4133.600	0.1320
4134.500	0.1359
4135.400	0.1512
4136.300	0.1603
4137.200	0.1646
4138.100	0.1719
4139.000	0.1719
4139.900	0.1661
4140.800	0.1658
4141.700	0.1509
4142.600	0.1226
4143.500	0.1094
4144.400	0.1242
4145.300	0.1513
4146.200	0.1725
4147.100	0.1782
4148.000	0.1758
4148.900	0.1665
4149.800	0.1588
4150.700	0.1591
4151.600	0.1578
4152.500	0.1545
4153.400	0.1600
4154.300	0.1702
4155.200	0.1766
4156.100	0.1731
4157.000	0.1824
4157.900	0.1970
4158.800	0.1988
4159.700	0.1937
4160.600	0.1908
4161.500	0.1986
4162.400	0.2134
4163.300	0.2111
4164.200	0.1873
4165.100	0.1724
4166.000	0.1716
4166.900	0.1700
4167.800	0.1628
4168.700	0.1631
4169.600	0.1731
4170.500	0.1765
4171.400	0.1573
4172.300	0.1330
4173.200	0.1226
4174.100	0.1250
4175.000	0.1386
4175.900	0.1541
4176.800	0.1610
4177.700	0.1633
4178.600	0.1761
4179.500	0.1922
4180.400	0.1971
4181.300	0.1846
4182.200	0.1733
4183.100	0.1782
4184.000	0.1864
4184.900	0.1935
4185.800	0.1923
4186.700	0.1766
4187.600	0.1694
4188.500	0.1821
4189.400	0.1837
4190.300	0.1667
4191.200	0.1595
4192.100	0.1802
4193.000	0.2047
4193.900	0.2043
4194.800	0.1910
4195.700	0.1835
4196.600	0.1760
4197.500	0.1619
4198.400	0.1487
4199.300	0.1438
4200.200	0.1432
4201.100	0.1438
4202.000	0.1470
4202.900	0.1544
4203.800	0.1572
4204.700	0.1547
4205.600	0.1611
4206.500	0.1740
4207.400	0.1916
4208.300	0.2066
4209.200	0.2047
4210.100	0.1955
4211.000	0.1926
4211.900	0.1920
4212.800	0.1857
4213.700	0.1711
4214.600	0.1516
4215.500	0.1349
4216.400	0.1404
4217.300	0.1578
4218.200	0.1633
4219.100	0.1625
4220.000	0.1619
4220.900	0.1553
4221.800	0.1409
4222.700	0.1214
4223.600	0.1019
4224.500	0.0810
4225.400	0.0580
4226.300	0.0402
4227.200	0.0388
4228.100	0.0564
4229.000	0.0804
4229.900	0.1044
4230.800	0.1249
4231.700	0.1334
4232.600	0.1311
4233.500	0.1294
4234.400	0.1365
4235.300	0.1465
4236.200	0.1548
4237.100	0.1630
4238.000	0.1719
4238.900	0.1753
4239.800	0.1712
4240.700	0.1722
4241.600	0.1785
4242.500	0.1935
4243.400	0.2151
4244.300	0.2326
4245.200	0.2282
4246.100	0.2093
4247.000	0.1963
4247.900	0.1962
4248.800	0.2036
4249.700	0.1900
4250.600	0.1625
4251.500	0.1552
4252.400	0.1535
4253.300	0.1366
4254.200	0.1148
4255.100	0.1230
4256.000	0.1523
4256.900	0.1748
4257.800	0.1764
4258.700	0.1666
4259.600	0.1587
4260.500	0.1598
4261.400	0.1725
4262.300	0.1891
4263.200	0.2073
4264.100	0.2229
4265.000	0.2278
4265.900	0.2252
4266.800	0.2193
4267.700	0.2081
4268.600	0.2038
4269.500	0.1971
4270.400	0.1719
4271.300	0.1376
4272.200	0.1274
4273.100	0.1334
4274.000	0.1278
4274.900	0.1207
4275.800	0.1394
4276.700	0.1695
4277.600	0.1977
4278.500	0.2140
4279.400	0.2132
4280.300	0.2000
4281.200	0.1883
4282.100	0.1802
4283.000	0.1796
4283.900	0.1873
4284.800	0.1908
4285.700	0.1839
4286.600	0.1746
4287.500	0.1600
4288.400	0.1379
4289.300	0.1113
4290.200	0.1003
4291.100	0.1154
4292.000	0.1524
4292.900	0.1885
4293.800	0.1974
4294.700	0.1958
4295.600	0.2033
4296.500	0.2082
4297.400	0.1987
4298.300	0.1710
4299.200	0.1422
4300.100	0.1349
4301.000	0.1458
4301.900	0.1596
4302.800	0.1717
4303.700	0.1899
4304.600	0.1942
4305.500	0.1702
4306.400	0.1443
4307.300	0.1320
4308.200	0.1336
4309.100	0.1506
4310.000	0.1826
4310.900	0.2201
4311.800	0.2405
4312.700	0.2332
4313.600	0.2013
4314.500	0.1783
4315.400	0.1999
4316.300	0.2406
4317.200	0.2574
4318.100	0.2482
4319.000	0.2374
4319.900	0.2317
4320.800	0.2251
4321.700	0.2278
4322.600	0.2344
4323.500	0.2300
4324.400	0.2046
4325.300	0.1665
4326.200	0.1593
4327.100	0.1975
4328.000	0.2446
4328.900	0.2616
4329.800	0.2487
4330.700	0.2429
4331.600	0.2523
4332.500	0.2621
4333.400	0.2740
4334.300	0.2902
4335.200	0.3032
4336.100	0.2852
4337.000	0.2354
4337.900	0.1999
4338.800	0.1923
4339.700	0.1847
4340.600	0.1824
4341.500	0.2130
4342.400	0.2456
4343.300	0.2480
4344.200	0.2400
4345.100	0.2453
4346.000	0.2436
4346.900	0.2392
4347.800	0.2576
4348.700	0.2909
4349.600	0.2954
4350.500	0.2511
4351.400	0.2013
4352.300	0.1885
4353.200	0.2039
4354.100	0.2189
4355.000	0.2287
4355.900	0.2467
4356.800	0.2617
4357.700	0.2620
4358.600	0.2450
4359.500	0.2286
4360.400	0.2300
4361.300	0.2434
4362.200	0.2604
4363.100	0.2669
4364.000	0.2719
4364.900	0.2815
4365.800	0.2811
4366.700	0.2682
4367.600	0.2411
4368.500	0.2340
4369.400	0.2502
4370.300	0.2640
4371.200	0.2667
4372.100	0.2632
4373.000	0.2485
4373.900	0.2270
4374.800	0.2145
4375.700	0.2229
4376.600	0.2626
4377.500	0.2962
4378.400	0.2888
4379.300	0.2593
4380.200	0.2504
4381.100	0.2573
4382.000	0.2364
4382.900	0.1859
4383.800	0.1487
4384.700	0.1600
4385.600	0.2082
4386.500	0.2513
4387.400	0.2585
4388.300	0.2459
4389.200	0.2261
4390.100	0.2171
4391.000	0.2316
4391.900	0.2549
4392.800	0.2643
4393.700	0.2479
4394.600	0.2219
4395.500	0.2291
4396.400	0.2650
4397.300	0.2852
4398.200	0.2775
4399.100	0.2608
4400.000	0.2379
4400.900	0.2325
4401.800	0.2575
4402.700	0.2678
4403.600	0.2274
4404.500	0.1768
4405.400	0.1654
4406.300	0.1818
4407.200	0.1860
4408.100	0.1815
4409.000	0.2107
4409.900	0.2647
4410.800	0.2926
4411.700	0.2911
4412.600	0.2906
4413.500	0.2834
4414.400	0.2510
4415.300	0.2267
4416.200	0.2381
4417.100	0.2669
4418.000	0.2955
4418.900	0.3062
4419.800	0.2939
4420.700	0.2660
4421.600	0.2376
4422.500	0.2227
4423.400	0.2273
4424.300	0.2390
4425.200	0.2360
4426.100	0.2241
4427.000	0.2183
4427.900	0.2256
4428.800	0.2346
4429.700	0.2281
4430.600	0.2309
4431.500	0.2571
4432.400	0.2709
4433.300	0.2501
4434.200	0.2120
4435.100	0.1843
4436.000	0.1896
4436.900	0.2176
4437.800	0.2449
4438.700	0.2713
4439.600	0.2812
4440.500	0.2649
4441.400	0.2378
4442.300	0.2185
4443.200	0.2188
4444.100	0.2384
4445.000	0.2691
4445.900	0.2923
4446.800	0.2968
4447.700	0.3023
4448.600	0.3030
4449.500	0.2832
4450.400	0.2726
4451.300	0.2802
4452.200	0.2812
4453.100	0.2670
4454.000	0.2459
4454.900	0.2270
4455.800	0.2246
4456.700	0.2358
4457.600	0.2456
4458.500	0.2425
4459.400	0.2245
4460.300	0.2063
4461.200	0.1889
4462.100	0.1821
4463.000	0.2075
4463.900	0.2284
4464.800	0.2182
4465.700	0.2024
4466.600	0.2035
4467.500	0.2146
4468.400	0.2142
4469.300	0.2114
4470.200	0.2147
4471.100	0.2148
4472.000	0.2225
4472.900	0.2398
4473.800	0.2502
4474.700	0.2486
4475.600	0.2532
4476.500	0.2707
4477.400	0.2865
4478.300	0.2876
4479.200	0.2725
4480.100	0.2516
4481.000	0.2358
4481.900	0.2271
4482.800	0.2428
4483.700	0.2727
4484.600	0.2907
4485.500	0.3023
4486.400	0.3115
4487.300	0.3031
4488.200	0.2777
4489.100	0.2502
4490.000	0.2427
4490.900	0.2692
4491.800	0.2998
4492.700	0.3146
4493.600	0.3033
4494.500	0.2723
4495.400	0.2470
4496.300	0.2310
4497.200	0.2473
4498.100	0.2849
4499.000	0.3077
4499.900	0.3094
4500.800	0.2904
4501.700	0.2829
4502.600	0.3062
4503.500	0.3267
4504.400	0.3160
4505.300	0.2904
4506.200	0.2607
4507.100	0.2479
4508.000	0.2541
4508.900	0.2659
4509.800	0.2705
4510.700	0.2720
4511.600	0.2615
4512.500	0.2491
4513.400	0.2498
4514.300	0.2649
4515.200	0.2790
4516.100	0.2880
4517.000	0.2798
4517.900	0.2563
4518.800	0.2611
4519.700	0.2886
4520.600	0.3165
4521.500	0.3177
4522.400	0.2848
4523.300	0.2689
4524.200	0.2806
4525.100	0.2813
4526.000	0.2587
4526.900	0.2298
4527.800	0.2196
4528.700	0.2288
4529.600	0.2468
4530.500	0.2581
4531.400	0.2666
4532.300	0.2735
4533.200	0.2535
4534.100	0.2202
4535.000	0.1971
4535.900	0.2149
4536.800	0.2759
4537.700	0.3231
4538.600	0.3288
4539.500	0.3076
4540.400	0.2810
4541.300	0.2791
4542.200	0.2997
4543.100	0.3142
4544.000	0.3014
4544.900	0.2792
4545.800	0.2782
4546.700	0.2845
4547.600	0.2729
4548.500	0.2518
4549.400	0.2488
4550.300	0.2676
4551.200	0.2773
4552.100	0.2633
4553.000	0.2446
4553.900	0.2336
4554.800	0.2341
4555.700	0.2534
4556.600	0.2916
4557.500	0.3247
4558.400	0.3376
4559.300	0.3342
4560.200	0.3232
4561.100	0.3227
4562.000	0.3225
4562.900	0.3075
4563.800	0.3013
4564.700	0.3110
4565.600	0.3324
4566.500	0.3632
4567.400	0.3884
4568.300	0.3956
4569.200	0.3861
4570.100	0.3588
4571.000	0.3211
4571.900	0.3196
4572.800	0.3598
4573.700	0.3847
4574.600	0.3739
4575.500	0.3646
4576.400	0.3693
4577.300	0.3715
4578.200	0.3594
4579.100	0.3312
4580.000	0.3113
4580.900	0.3249
4581.800	0.3611
4582.700	0.3687
4583.600	0.3239
4584.500	0.2634
4585.400	0.2237
4586.300	0.2086
4587.200	0.2151
4588.100	0.2300
4589.000	0.2357
4589.900	0.2314
4590.800	0.2221
4591.700	0.2176
4592.600	0.2193
4593.500	0.2156
4594.400	0.2120
4595.300	0.2252
4596.200	0.2441
4597.100	0.2508
4598.000	0.2513
4598.900	0.2548
4599.800	0.2514
4600.700	0.2510
4601.600	0.2614
4602.500	0.2705
4603.400	0.2753
4604.300	0.2763
4605.200	0.2650
4606.100	0.2515
4607.000	0.2578
4607.900	0.2992
4608.800	0.3405
4609.700	0.3554
4610.600	0.3563
4611.500	0.3486
4612.400	0.3388
4613.300	0.3333
4614.200	0.3482
4615.100	0.3658
4616.000	0.3684
4616.900	0.3763
4617.800	0.3870
4618.700	0.3682
4619.600	0.3428
4620.500	0.3499
4621.400	0.3588
4622.300	0.3492
4623.200	0.3388
4624.100	0.3332
4625.000	0.3186
4625.900	0.2775
4626.800	0.2392
4627.700	0.2245
4628.600	0.2135
4629.500	0.2063
4630.400	0.2196
4631.300	0.2376
4632.200	0.2381
4633.100	0.2276
4634.000	0.2229
4634.900	0.2182
4635.800	0.2160
4636.700	0.2180
4637.600	0.2167
4638.500	0.2118
4639.400	0.2035
4640.300	0.2059
4641.200	0.2230
4642.100	0.2354
4643.000	0.2385
4643.900	0.2394
4644.800	0.2369
4645.700	0.2193
4646.600	0.2146
4647.500	0.2303
4648.400	0.2425
4649.300	0.2506
4650.200	0.2606
4651.100	0.2641
4652.000	0.2672
4652.900	0.2771
4653.800	0.2715
4654.700	0.2585
4655.600	0.2539
4656.500	0.2559
4657.400	0.2840
4658.300	0.3184
4659.200	0.3355
4660.100	0.3453
4661.000	0.3423
4661.900	0.3277
4662.800	0.3198
4663.700	0.3188
4664.600	0.3215
4665.500	0.3172
4666.400	0.2927
4667.300	0.2538
4668.200	0.2261
4669.100	0.2223
4670.000	0.2265
4670.900	0.2285
4671.800	0.2249
4672.700	0.2271
4673.600	0.2299
4674.500	0.2269
4675.400	0.2310
4676.300	0.2500
4677.200	0.2592
4678.100	0.2591
4679.000	0.2540
4679.900	0.2443
4680.800	0.2340
4681.700	0.2281
4682.600	0.2395
4683.500	0.2613
4684.400	0.2728
4685.300	0.2796
4686.200	0.2795
4687.100	0.2720
4688.000	0.2733
4688.900	0.2872
4689.800	0.2941
4690.700	0.2905
4691.600	0.2992
4692.500	0.3145
4693.400	0.3213
4694.300	0.3325
4695.200	0.3470
4696.100	0.3543
4697.000	0.3500
4697.900	0.3317
4698.800	0.3142
4699.700	0.3247
4700.600	0.3431
4701.500	0.3521
4702.400	0.3556
4703.300	0.3578
4704.200	0.3619
4705.100	0.3596
4706.000	0.3459
4706.900	0.3210
4707.800	0.3070
4708.700	0.3099
4709.600	0.3184
4710.500	0.3386
4711.400	0.3562
4712.300	0.3501
4713.200	0.3279
4714.100	0.2984
4715.000	0.2807
4715.900	0.2821
4716.800	0.2956
4717.700	0.3069
4718.600	0.3156
4719.500	0.3283
4720.400	0.3390
4721.300	0.3384
4722.200	0.3233
4723.100	0.3147
4724.000	0.3306
4724.900	0.3548
4725.800	0.3617
4726.700	0.3417
4727.600	0.3115
4728.500	0.3005
4729.400	0.3144
4730.300	0.3301
4731.200	0.3328
4732.100	0.3369
4733.000	0.3428
4733.900	0.3470
4734.800	0.3702
4735.700	0.3810
4736.600	0.3525
4737.500	0.3239
4738.400	0.3270
4739.300	0.3487
4740.200	0.3556
4741.100	0.3402
4742.000	0.3353
4742.900	0.3558
4743.800	0.3716
4744.700	0.3730
4745.600	0.3822
4746.500	0.3977
4747.400	0.4047
4748.300	0.4103
4749.200	0.4191
4750.100	0.4284
4751.000	0.4332
4751.900	0.4304
4752.800	0.4243
4753.700	0.4246
4754.600	0.4403
4755.500	0.4554
4756.400	0.4412
4757.300	0.4016
4758.200	0.3522
4759.100	0.3112
4760.000	0.2790
4760.900	0.2323
4761.800	0.1815
4762.700	0.1619
4763.600	0.1608
4764.500	0.1551
4765.400	0.1491
4766.300	0.1508
4767.200	0.1585
4768.100	0.1670
4769.000	0.1733
4769.900	0.1760
4770.800	0.1771
4771.700	0.1802
4772.600	0.1879
4773.500	0.2034
4774.400	0.2266
4775.300	0.2488
4776.200	0.2605
4777.100	0.2570
4778.000	0.2386
4778.900	0.2191
4779.800	0.2120
4780.700	0.2138
4781.600	0.2162
4782.500	0.2158
4783.400	0.2163
4784.300	0.2261
4785.200	0.2391
4786.100	0.2451
4787.000	0.2492
4787.900	0.2538
4788.800	0.2506
4789.700	0.2489
4790.600	0.2580
4791.500	0.2713
4792.400	0.2859
4793.300	0.3029
4794.200	0.3166
4795.100	0.3205
4796.000	0.3122
4796.900	0.3032
4797.800	0.2954
4798.700	0.2857
4799.600	0.2915
4800.500	0.3169
4801.400	0.3376
4802.300	0.3356
4803.200	0.3079
4804.100	0.2587
4805.000	0.2150
4805.900	0.1944
4806.800	0.1854
4807.700	0.1796
4808.600	0.1795
4809.500	0.1847
4810.400	0.1891
4811.300	0.1924
4812.200	0.1982
4813.100	0.2060
4814.000	0.2149
4814.900	0.2238
4815.800	0.2290
4816.700	0.2381
4817.600	0.2542
4818.500	0.2686
4819.400	0.2715
4820.300	0.2629
4821.200	0.2560
4822.100	0.2554
4823.000	0.2515
4823.900	0.2525
4824.800	0.2649
4825.700	0.2731
4826.600	0.2688
4827.500	0.2619
4828.400	0.2626
4829.300	0.2705
4830.200	0.2721
4831.100	0.2533
4832.000	0.2370
4832.900	0.2547
4833.800	0.2911
4834.700	0.3070
4835.600	0.3021
4836.500	0.3043
4837.400	0.3207
4838.300	0.3307
4839.200	0.3245
4840.100	0.3139
4841.000	0.3116
4841.900	0.3070
4842.800	0.2920
4843.700	0.2863
4844.600	0.2994
4845.500	0.3176
4846.400	0.3211
4847.300	0.2982
4848.200	0.2634
4849.100	0.2459
4850.000	0.2437
4850.900	0.2336
4851.800	0.2315
4852.700	0.2492
4853.600	0.2642
4854.500	0.2596
4855.400	0.2567
4856.300	0.2617
4857.200	0.2664
4858.100	0.2641
4859.000	0.2605
4859.900	0.2488
4860.800	0.2302
4861.700	0.2324
4862.600	0.2550
4863.500	0.2661
4864.400	0.2679
4865.300	0.2752
4866.200	0.2846
4867.100	0.2893
4868.000	0.2933
4868.900	0.3006
4869.800	0.2993
4870.700	0.2913
4871.600	0.2927
4872.500	0.3087
4873.400	0.3228
4874.300	0.3194
4875.200	0.3094
4876.100	0.3222
4877.000	0.3368
4877.900	0.3358
4878.800	0.3396
4879.700	0.3400
4880.600	0.3159
4881.500	0.3033
4882.400	0.3261
4883.300	0.3543
4884.200	0.3594
4885.100	0.3463
4886.000	0.3390
4886.900	0.3489
4887.800	0.3637
4888.700	0.3647
4889.600	0.3576
4890.500	0.3460
4891.400	0.3461
4892.300	0.3620
4893.200	0.3678
4894.100	0.3746
4895.000	0.3866
4895.900	0.3930
4896.800	0.4002
4897.700	0.4076
4898.600	0.4039
4899.500	0.3826
4900.400	0.3799
4901.300	0.3983
4902.200	0.4009
4903.100	0.3923
4904.000	0.3932
4904.900	0.4176
4905.800	0.4473
4906.700	0.4513
4907.600	0.4369
4908.500	0.4210
4909.400	0.4130
4910.300	0.4267
4911.200	0.4440
4912.100	0.4580
4913.000	0.4587
4913.900	0.4604
4914.800	0.4728
4915.700	0.4807
4916.600	0.4784
4917.500	0.4675
4918.400	0.4418
4919.300	0.4097
4920.200	0.3916
4921.100	0.4106
4922.000	0.4551
4922.900	0.4857
4923.800	0.4800
4924.700	0.4506
4925.600	0.4535
4926.500	0.4976
4927.400	0.5317
4928.300	0.5440
4929.200	0.5590
4930.100	0.5616
4931.000	0.5591
4931.900	0.5417
4932.800	0.5004
4933.700	0.4679
4934.600	0.4999
4935.500	0.5437
4936.400	0.5466
4937.300	0.5054
4938.200	0.4623
4939.100	0.4634
4940.000	0.4997
4940.900	0.5246
4941.800	0.5241
4942.700	0.5312
4943.600	0.5633
4944.500	0.5910
4945.400	0.5903
4946.300	0.5961
4947.200	0.6061
4948.100	0.6023
4949.000	0.6195
4949.900	0.6460
4950.800	0.6661
4951.700	0.6579
4952.600	0.5896
4953.500	0.4578
4954.400	0.3029
4955.300	0.1932
4956.200	0.1476
4957.100	0.1357
4958.000	0.1377
4958.900	0.1471
4959.800	0.1575
4960.700	0.1637
4961.600	0.1610
4962.500	0.1578
4963.400	0.1563
4964.300	0.1578
4965.200	0.1642
4966.100	0.1700
4967.000	0.1748
4967.900	0.1868
4968.800	0.2092
4969.700	0.2281
4970.600	0.2297
4971.500	0.2164
4972.400	0.2103
4973.300	0.2182
4974.200	0.2310
4975.100	0.2391
4976.000	0.2446
4976.900	0.2464
4977.800	0.2384
4978.700	0.2307
4979.600	0.2262
4980.500	0.2176
4981.400	0.1992
4982.300	0.2030
4983.200	0.2287
4984.100	0.2551
4985.000	0.2677
4985.900	0.2735
4986.800	0.2842
4987.700	0.2908
4988.600	0.2911
4989.500	0.2860
4990.400	0.2768
4991.300	0.2817
4992.200	0.3005
4993.100	0.3061
4994.000	0.2981
4994.900	0.3052
4995.800	0.3153
4996.700	0.3113
4997.600	0.2999
4998.500	0.2645
4999.400	0.2164
5000.300	0.2025
5001.200	0.2152
5002.100	0.2183
5003.000	0.2095
5003.900	0.2042
5004.800	0.2062
5005.700	0.2042
5006.600	0.2003
5007.500	0.2068
5008.400	0.2229
5009.300	0.2319
5010.200	0.2339
5011.100	0.2222
5012.000	0.2053
5012.900	0.1989
5013.800	0.1960
5014.700	0.2030
5015.600	0.2193
5016.500	0.2339
5017.400	0.2448
5018.300	0.2501
5019.200	0.2497
5020.100	0.2468
5021.000	0.2485
5021.900	0.2450
5022.800	0.2415
5023.700	0.2507
5024.600	0.2583
5025.500	0.2687
5026.400	0.2841
5027.300	0.2938
5028.200	0.3069
5029.100	0.3113
5030.000	0.3090
5030.900	0.3099
5031.800	0.3162
5032.700	0.3247
5033.600	0.3329
5034.500	0.3321
5035.400	0.3111
5036.300	0.2976
5037.200	0.3077
5038.100	0.3117
5039.000	0.3052
5039.900	0.2918
5040.800	0.2853
5041.700	0.3124
5042.600	0.3598
5043.500	0.3854
5044.400	0.4017
5045.300	0.4142
5046.200	0.4190
5047.100	0.4107
5048.000	0.3877
5048.900	0.3627
5049.800	0.3392
5050.700	0.3257
5051.600	0.3235
5052.500	0.3346
5053.400	0.3555
5054.300	0.3731
5055.200	0.3889
5056.100	0.4060
5057.000	0.4100
5057.900	0.4116
5058.800	0.4127
5059.700	0.4118
5060.600	0.4262
5061.500	0.4340
5062.400	0.4341
5063.300	0.4174
5064.200	0.3726
5065.100	0.3527
5066.000	0.3737
5066.900	0.3959
5067.800	0.4020
5068.700	0.4068
5069.600	0.4305
5070.500	0.4467
5071.400	0.4301
5072.300	0.4178
5073.200	0.4342
5074.100	0.4552
5075.000	0.4558
5075.900	0.4409
5076.800	0.4482
5077.700	0.4653
5078.600	0.4338
5079.500	0.3849
5080.400	0.3811
5081.300	0.3952
5082.200	0.3993
5083.100	0.3967
5084.000	0.4083
5084.900	0.4346
5085.800	0.4575
5086.700	0.4598
5087.600	0.4593
5088.500	0.4629
5089.400	0.4631
5090.300	0.4600
5091.200	0.4655
5092.100	0.4822
5093.000	0.5019
5093.900	0.5063
5094.800	0.4842
5095.700	0.4644
5096.600	0.4687
5097.500	0.4740
5098.400	0.4561
5099.300	0.4447
5100.200	0.4607
5101.100	0.4771
5102.000	0.4827
5102.900	0.4795
5103.800	0.4794
5104.700	0.4813
5105.600	0.4801
5106.500	0.4627
5107.400	0.4454
5108.300	0.4552
5109.200	0.4577
5110.100	0.4418
5111.000	0.4490
5111.900	0.4698
5112.800	0.4722
5113.700	0.4905
5114.600	0.5338
5115.500	0.5561
5116.400	0.5616
5117.300	0.5707
5118.200	0.5683
5119.100	0.5533
5120.000	0.5398
5120.900	0.5264
5121.800	0.5168
5122.700	0.4912
5123.600	0.4604
5124.500	0.4795
5125.400	0.5105
5126.300	0.4999
5127.200	0.4695
5128.100	0.4718
5129.000	0.4898
5129.900	0.5015
5130.800	0.5294
5131.700	0.5559
5132.600	0.5571
5133.500	0.5486
5134.400	0.5597
5135.300	0.5830
5136.200	0.5785
5137.100	0.5514
5138.000	0.5239
5138.900	0.5038
5139.800	0.5203
5140.700	0.5504
5141.600	0.5311
5142.500	0.4894
5143.400	0.4916
5144.300	0.5084
5145.200	0.4919
5146.100	0.4751
5147.000	0.4759
5147.900	0.4980
5148.800	0.5289
5149.700	0.5233
5150.600	0.4834
5151.500	0.4453
5152.400	0.4388
5153.300	0.4662
5154.200	0.5061
5155.100	0.5519
5156.000	0.5945
5156.900	0.6284
5157.800	0.6462
5158.700	0.6326
5159.600	0.6207
5160.500	0.6428
5161.400	0.6577
5162.300	0.6440
5163.200	0.6412
5164.100	0.6305
5165.000	0.5439
5165.900	0.3866
5166.800	0.2399
5167.700	0.1588
5168.600	0.1349
5169.500	0.1369
5170.400	0.1473
5171.300	0.1516
5172.200	0.1470
5173.100	0.1422
5174.000	0.1486
5174.900	0.1627
5175.800	0.1758
5176.700	0.1836
5177.600	0.1871
5178.500	0.1895
5179.400	0.1935
5180.300	0.1982
5181.200	0.2017
5182.100	0.2002
5183.000	0.1967
5183.900	0.2059
5184.800	0.2268
5185.700	0.2438
5186.600	0.2520
5187.500	0.2570
5188.400	0.2629
5189.300	0.2706
5190.200	0.2703
5191.100	0.2545
5192.000	0.2399
5192.900	0.2443
5193.800	0.2590
5194.700	0.2727
5195.600	0.2932
5196.500	0.3182
5197.400	0.3320
5198.300	0.3312
5199.200	0.3267
5200.100	0.3262
5201.000	0.3219
5201.900	0.3132
5202.800	0.3002
5203.700	0.2771
5204.600	0.2472
5205.500	0.2346
5206.400	0.2432
5207.300	0.2557
5208.200	0.2578
5209.100	0.2558
5210.000	0.2572
5210.900	0.2812
5211.800	0.3209
5212.700	0.3463
5213.600	0.3571
5214.500	0.3576
5215.400	0.3490
5216.300	0.3466
5217.200	0.3590
5218.100	0.3650
5219.000	0.3552
5219.900	0.3560
5220.800	0.3806
5221.700	0.4006
5222.600	0.3914
5223.500	0.3604
5224.400	0.3302
5225.300	0.3155
5226.200	0.3140
5227.100	0.3364
5228.000	0.3918
5228.900	0.4421
5229.800	0.4654
5230.700	0.4782
5231.600	0.4747
5232.500	0.4502
5233.400	0.4309
5234.300	0.4362
5235.200	0.4532
5236.100	0.4703
5237.000	0.4747
5237.900	0.4596
5238.800	0.4307
5239.700	0.3880
5240.600	0.3524
5241.500	0.3517
5242.400	0.3745
5243.300	0.3959
5244.200	0.4054
5245.100	0.3883
5246.000	0.3392
5246.900	0.3009
5247.800	0.3197
5248.700	0.3587
5249.600	0.3582
5250.500	0.3384
5251.400	0.3462
5252.300	0.3801
5253.200	0.4077
5254.100	0.4048
5255.000	0.3960
5255.900	0.4216
5256.800	0.4619
5257.700	0.4892
5258.600	0.4926
5259.500	0.4683
5260.400	0.4373
5261.300	0.4206
5262.200	0.4087
5263.100	0.3850
5264.000	0.3602
5264.900	0.3445
5265.800	0.3438
5266.700	0.3740
5267.600	0.3948
5268.500	0.3573
5269.400	0.3051
5270.300	0.3163
5271.200	0.3851
5272.100	0.4436
5273.000	0.4624
5273.900	0.4592
5274.800	0.4497
5275.700	0.4488
5276.600	0.4660
5277.500	0.4876
5278.400	0.4951
5279.300	0.4887
5280.200	0.4821
5281.100	0.4733
5282.000	0.4579
5282.900	0.4538
5283.800	0.4732
5284.700	0.5048
5285.600	0.5336
5286.500	0.5479
5287.400	0.5401
5288.300	0.5236
5289.200	0.5140
5290.100	0.5173
5291.000	0.5311
5291.900	0.5406
5292.800	0.5462
5293.700	0.5577
5294.600	0.5587
5295.500	0.5289
5296.400	0.4755
5297.300	0.4400
5298.200	0.4566
5299.100	0.4936
5300.000	0.5028
5300.900	0.4991
5301.800	0.5160
5302.700	0.5485
5303.600	0.5824
5304.500	0.6099
5305.400	0.6067
5306.300	0.5646
5307.200	0.5119
5308.100	0.4926
5309.000	0.5089
5309.900	0.5153
5310.800	0.4973
5311.700	0.4801
5312.600	0.4734
5313.500	0.4792
5314.400	0.4958
5315.300	0.5109
5316.200	0.5154
5317.100	0.5131
5318.000	0.5073
5318.900	0.4995
5319.800	0.5014
5320.700	0.5099
5321.600	0.5097
5322.500	0.5014
5323.400	0.4937
5324.300	0.5026
5325.200	0.5195
5326.100	0.5063
5327.000	0.4411
5327.900	0.3761
5328.800	0.3851
5329.700	0.4451
5330.600	0.4883
5331.500	0.4994
5332.400	0.4962
5333.300	0.5055
5334.200	0.5265
5335.100	0.5357
5336.000	0.5263
5336.900	0.5157
5337.800	0.5140
5338.700	0.5089
5339.600	0.4859
5340.500	0.4644
5341.400	0.4797
5342.300	0.5085
5343.200	0.5240
5344.100	0.5296
5345.000	0.5193
5345.900	0.5178
5346.800	0.5342
5347.700	0.5278
5348.600	0.5056
5349.500	0.5141
5350.400	0.5569
5351.300	0.6063
5352.200	0.6319
5353.100	0.6412
5354.000	0.6531
5354.900	0.6463
5355.800	0.6150
5356.700	0.5911
5357.600	0.5774
5358.500	0.5530
5359.400	0.5281
5360.300	0.5132
5361.200	0.5085
5362.100	0.5147
5363.000	0.5187
5363.900	0.5118
5364.800	0.5001
5365.700	0.4960
5366.600	0.5009
5367.500	0.5117
5368.400	0.5133
5369.300	0.4921
5370.200	0.4551
5371.100	0.4337
5372.000	0.4617
5372.900	0.5188
5373.800	0.5595
5374.700	0.5698
5375.600	0.5537
5376.500	0.5395
5377.400	0.5606
5378.300	0.5928
5379.200	0.6015
5380.100	0.5864
5381.000	0.5750
5381.900	0.5730
5382.800	0.5671
5383.700	0.5613
5384.600	0.5659
5385.500	0.5766
5386.400	0.5842
5387.300	0.5819
5388.200	0.5631
5389.100	0.5330
5390.000	0.5058
5390.900	0.5023
5391.800	0.5262
5392.700	0.5481
5393.600	0.5415
5394.500	0.5272
5395.400	0.5073
5396.300	0.4668
5397.200	0.4712
5398.100	0.5378
5399.000	0.5920
5399.900	0.5987
5400.800	0.5898
5401.700	0.5956
5402.600	0.6024
5403.500	0.5798
5404.400	0.5307
5405.300	0.4895
5406.200	0.4917
5407.100	0.5160
5408.000	0.5130
5408.900	0.4818
5409.800	0.4742
5410.700	0.5094
5411.600	0.5473
5412.500	0.5643
5413.400	0.5737
5414.300	0.5812
5415.200	0.5880
5416.100	0.6007
5417.000	0.6121
5417.900	0.6145
5418.800	0.6070
5419.700	0.5966
5420.600	0.5989
5421.500	0.6109
5422.400	0.6062
5423.300	0.5822
5424.200	0.5722
5425.100	0.5852
5426.000	0.6097
5426.900	0.6319
5427.800	0.6137
5428.700	0.5488
5429.600	0.5147
5430.500	0.5411
5431.400	0.5550
5432.300	0.5355
5433.200	0.5169
5434.100	0.5120
5435.000	0.5271
5435.900	0.5475
5436.800	0.5647
5437.700	0.5889
5438.600	0.6211
5439.500	0.6561
5440.400	0.6815
5441.300	0.6934
5442.200	0.7053
5443.100	0.7171
5444.000	0.7082
5444.900	0.6602
5445.800	0.5610
5446.700	0.4523
5447.600	0.3741
5448.500	0.3151
5449.400	0.2758
5450.300	0.2622
5451.200	0.2632
5452.100	0.2680
5453.000	0.2696
5453.900	0.2673
5454.800	0.2618
5455.700	0.2625
5456.600	0.2725
5457.500	0.2816
5458.400	0.2872
5459.300	0.2857
5460.200	0.2887
5461.100	0.3058
5462.000	0.3243
5462.900	0.3329
5463.800	0.3385
5464.700	0.3431
5465.600	0.3461
5466.500	0.3540
5467.400	0.3608
5468.300	0.3581
5469.200	0.3484
5470.100	0.3439
5471.000	0.3517
5471.900	0.3614
5472.800	0.3622
5473.700	0.3610
5474.600	0.3639
5475.500	0.3634
5476.400	0.3610
5477.300	0.3681
5478.200	0.3829
5479.100	0.3946
5480.000	0.3944
5480.900	0.3859
5481.800	0.3881
5482.700	0.4049
5483.600	0.4238
5484.500	0.4367
5485.400	0.4415
5486.300	0.4342
5487.200	0.4269
5488.100	0.4291
5489.000	0.4223
5489.900	0.4077
5490.800	0.4153
5491.700	0.4387
5492.600	0.4534
5493.500	0.4588
5494.400	0.4592
5495.300	0.4425
5496.200	0.3984
5497.100	0.3544
5498.000	0.3403
5498.900	0.3431
5499.800	0.3379
5500.700	0.3275
5501.600	0.3304
5502.500	0.3447
5503.400	0.3564
5504.300	0.3604
5505.200	0.3564
5506.100	0.3487
5507.000	0.3556
5507.900	0.3770
5508.800	0.3894
5509.700	0.3864
5510.600	0.3770
5511.500	0.3662
5512.400	0.3633
5513.300	0.3645
5514.200	0.3633
5515.100	0.3726
5516.000	0.3918
5516.900	0.4166
5517.800	0.4445
5518.700	0.4620
5519.600	0.4603
5520.500	0.4550
5521.400	0.4574
5522.300	0.4595
5523.200	0.4551
5524.100	0.4445
5525.000	0.4346
5525.900	0.4270
5526.800	0.4177
5527.700	0.4132
5528.600	0.4242
5529.500	0.4403
5530.400	0.4463
5531.300	0.4434
5532.200	0.4371
5533.100	0.4331
5534.000	0.4321
5534.900	0.4379
5535.800	0.4553
5536.700	0.4698
5537.600	0.4717
5538.500	0.4706
5539.400	0.4783
5540.300	0.4921
5541.200	0.4992
5542.100	0.4981
5543.000	0.4939
5543.900	0.4906
5544.800	0.4820
5545.700	0.4682
5546.600	0.4671
5547.500	0.4806
5548.400	0.4926
5549.300	0.4925
5550.200	0.4836
5551.100	0.4730
5552.000	0.4641
5552.900	0.4606
5553.800	0.4638
5554.700	0.4694
5555.600	0.4692
5556.500	0.4613
5557.400	0.4546
5558.300	0.4569
5559.200	0.4595
5560.100	0.4580
5561.000	0.4584
5561.900	0.4602
5562.800	0.4612
5563.700	0.4656
5564.600	0.4669
5565.500	0.4619
5566.400	0.4616
5567.300	0.4613
5568.200	0.4556
5569.100	0.4459
5570.000	0.4370
5570.900	0.4355
5571.800	0.4327
5572.700	0.4243
5573.600	0.4221
5574.500	0.4279
5575.400	0.4344
5576.300	0.4432
5577.200	0.4535
5578.100	0.4560
5579.000	0.4585
5579.900	0.4641
5580.800	0.4600
5581.700	0.4516
5582.600	0.4481
5583.500	0.4479
5584.400	0.4524
5585.300	0.4573
5586.200	0.4562
5587.100	0.4497
5588.000	0.4411
5588.900	0.4399
5589.800	0.4471
5590.700	0.4485
5591.600	0.4366
5592.500	0.4285
5593.400	0.4330
5594.300	0.4380
5595.200	0.4422
5596.100	0.4318
5597.000	0.3863
5597.900	0.3282
5598.800	0.3029
5599.700	0.3180
5600.600	0.3471
5601.500	0.3724
5602.400	0.3813
5603.300	0.3674
5604.200	0.3462
5605.100	0.3364
5606.000	0.3407
5606.900	0.3499
5607.800	0.3567
5608.700	0.3596
5609.600	0.3616
5610.500	0.3679
5611.400	0.3780
5612.300	0.3868
5613.200	0.3885
5614.100	0.3776
5615.000	0.3578
5615.900	0.3445
5616.800	0.3428
5617.700	0.3440
5618.600	0.3424
5619.500	0.3381
5620.400	0.3360
5621.300	0.3402
5622.200	0.3484
5623.100	0.3497
5624.000	0.3432
5624.900	0.3430
5625.800	0.3515
5626.700	0.3575
5627.600	0.3522
5628.500	0.3356
5629.400	0.3159
5630.300	0.3096
5631.200	0.3231
5632.100	0.3433
5633.000	0.3600
5633.900	0.3675
5634.800	0.3609
5635.700	0.3487
5636.600	0.3420
5637.500	0.3409
5638.400	0.3399
5639.300	0.3377
5640.200	0.3387
5641.100	0.3435
5642.000	0.3482
5642.900	0.3501
5643.800	0.3532
5644.700	0.3600
5645.600	0.3654
5646.500	0.3714
5647.400	0.3796
5648.300	0.3858
5649.200	0.3943
5650.100	0.4031
5651.000	0.4090
5651.900	0.4165
5652.800	0.4254
5653.700	0.4319
5654.600	0.4364
5655.500	0.4392
5656.400	0.4338
5657.300	0.4221
5658.200	0.4161
5659.100	0.4232
5660.000	0.4325
5660.900	0.4207
5661.800	0.3957
5662.700	0.3845
5663.600	0.3810
5664.500	0.3771
5665.400	0.3825
5666.300	0.3877
5667.200	0.3790
5668.100	0.3644
5669.000	0.3561
5669.900	0.3526
5670.800	0.3527
5671.700	0.3621
5672.600	0.3754
5673.500	0.3844
5674.400	0.3901
5675.300	0.3952
5676.200	0.4044
5677.100	0.4131
5678.000	0.4132
5678.900	0.4092
5679.800	0.4113
5680.700	0.4206
5681.600	0.4286
5682.500	0.4363
5683.400	0.4479
5684.300	0.4570
5685.200	0.4570
5686.100	0.4449
5687.000	0.4321
5687.900	0.4292
5688.800	0.4338
5689.700	0.4406
5690.600	0.4451
5691.500	0.4516
5692.400	0.4582
5693.300	0.4546
5694.200	0.4429
5695.100	0.4371
5696.000	0.4445
5696.900	0.4538
5697.800	0.4519
5698.700	0.4483
5699.600	0.4541
5700.500	0.4587
5701.400	0.4592
5702.300	0.4565
5703.200	0.4564
5704.100	0.4679
5705.000	0.4823
5705.900	0.4844
5706.800	0.4792
5707.700	0.4781
5708.600	0.4788
5709.500	0.4878
5710.400	0.4991
5711.300	0.4927
5712.200	0.4784
5713.100	0.4762
5714.000	0.4822
5714.900	0.4884
5715.800	0.4884
5716.700	0.4750
5717.600	0.4551
5718.500	0.4447
5719.400	0.4494
5720.300	0.4630
5721.200	0.4782
5722.100	0.4899
5723.000	0.4904
5723.900	0.4807
5724.800	0.4745
5725.700	0.4706
5726.600	0.4571
5727.500	0.4460
5728.400	0.4601
5729.300	0.4837
5730.200	0.4938
5731.100	0.4941
5732.000	0.5027
5732.900	0.5185
5733.800	0.5237
5734.700	0.5183
5735.600	0.5039
5736.500	0.4855
5737.400	0.4765
5738.300	0.4826
5739.200	0.4904
5740.100	0.4951
5741.000	0.5057
5741.900	0.5124
5742.800	0.5105
5743.700	0.5141
5744.600	0.5316
5745.500	0.5517
5746.400	0.5583
5747.300	0.5512
5748.200	0.5438
5749.100	0.5491
5750.000	0.5622
5750.900	0.5737
5751.800	0.5760
5752.700	0.5694
5753.600	0.5636
5754.500	0.5657
5755.400	0.5752
5756.300	0.5807
5757.200	0.5783
5758.100	0.5580
5759.000	0.5139
5759.900	0.4702
5760.800	0.4463
5761.700	0.4331
5762.600	0.4249
5763.500	0.4298
5764.400	0.4386
5765.300	0.4439
5766.200	0.4461
5767.100	0.4461
5768.000	0.4494
5768.900	0.4587
5769.800	0.4663
5770.700	0.4689
5771.600	0.4715
5772.500	0.4760
5773.400	0.4788
5774.300	0.4791
5775.200	0.4805
5776.100	0.4822
5777.000	0.4850
5777.900	0.4909
5778.800	0.4958
5779.700	0.5002
5780.600	0.5009
5781.500	0.4985
5782.400	0.5017
5783.300	0.5069
5784.200	0.5063
5785.100	0.5004
5786.000	0.5013
5786.900	0.5128
5787.800	0.5199
5788.700	0.5216
5789.600	0.5243
5790.500	0.5255
5791.400	0.5327
5792.300	0.5514
5793.200	0.5725
5794.100	0.5891
5795.000	0.6003
5795.900	0.5994
5796.800	0.5869
5797.700	0.5805
5798.600	0.5937
5799.500	0.6197
5800.400	0.6367
5801.300	0.6437
5802.200	0.6466
5803.100	0.6420
5804.000	0.6371
5804.900	0.6393
5805.800	0.6455
5806.700	0.6483
5807.600	0.6445
5808.500	0.6291
5809.400	0.5945
5810.300	0.5471
5811.200	0.5091
5812.100	0.4926
5813.000	0.4840
5813.900	0.4716
5814.800	0.4566
5815.700	0.4487
5816.600	0.4512
5817.500	0.4534
5818.400	0.4516
5819.300	0.4501
5820.200	0.4513
5821.100	0.4537
5822.000	0.4563
5822.900	0.4616
5823.800	0.4704
5824.700	0.4798
5825.600	0.4848
5826.500	0.4861
5827.400	0.4871
5828.300	0.4923
5829.200	0.5039
5830.100	0.5150
5831.000	0.5231
5831.900	0.5327
5832.800	0.5395
5833.700	0.5351
5834.600	0.5258
5835.500	0.5249
5836.400	0.5300
5837.300	0.5249
5838.200	0.5002
5839.100	0.4744
5840.000	0.4723
5840.900	0.4908
5841.800	0.5111
5842.700	0.5244
5843.600	0.5290
5844.500	0.5241
5845.400	0.5100
5846.300	0.4793
5847.200	0.4311
5848.100	0.3854
5849.000	0.3590
5849.900	0.3459
5850.800	0.3371
5851.700	0.3348
5852.600	0.3368
5853.500	0.3408
5854.400	0.3482
5855.300	0.3538
5856.200	0.3544
5857.100	0.3547
5858.000	0.3595
5858.900	0.3670
5859.800	0.3709
5860.700	0.3659
5861.600	0.3508
5862.500	0.3338
5863.400	0.3275
5864.300	0.3346
5865.200	0.3444
5866.100	0.3464
5867.000	0.3466
5867.900	0.3544
5868.800	0.3611
5869.700	0.3585
5870.600	0.3488
5871.500	0.3348
5872.400	0.3193
5873.300	0.3111
5874.200	0.3135
5875.100	0.3121
5876.000	0.3028
5876.900	0.2981
5877.800	0.3014
5878.700	0.3070
5879.600	0.3110
5880.500	0.3158
5881.400	0.3236
5882.300	0.3312
5883.200	0.3369
5884.100	0.3406
5885.000	0.3427
5885.900	0.3436
5886.800	0.3415
5887.700	0.3289
5888.600	0.2980
5889.500	0.2657
5890.400	0.2684
5891.300	0.3042
5892.200	0.3337
5893.100	0.3412
5894.000	0.3314
5894.900	0.3054
5895.800	0.2832
5896.700	0.2872
5897.600	0.2967
5898.500	0.2861
5899.400	0.2704
5900.300	0.2689
5901.200	0.2789
5902.100	0.2882
5903.000	0.2911
5903.900	0.2867
5904.800	0.2745
5905.700	0.2632
5906.600	0.2608
5907.500	0.2641
5908.400	0.2691
5909.300	0.2744
5910.200	0.2783
5911.100	0.2793
5912.000	0.2781
5912.900	0.2771
5913.800	0.2799
5914.700	0.2861
5915.600	0.2923
5916.500	0.2977
5917.400	0.3007
5918.300	0.3009
5919.200	0.3013
5920.100	0.3019
5921.000	0.2984
5921.900	0.2895
5922.800	0.2838
5923.700	0.2879
5924.600	0.2931
5925.500	0.2929
5926.400	0.2927
5927.300	0.2965
5928.200	0.3018
5929.100	0.3045
5930.000	0.3057
5930.900	0.3080
5931.800	0.3123
5932.700	0.3175
5933.600	0.3209
5934.500	0.3238
5935.400	0.3283
5936.300	0.3318
5937.200	0.3326
5938.100	0.3356
5939.000	0.3416
5939.900	0.3454
5940.800	0.3448
5941.700	0.3456
5942.600	0.3536
5943.500	0.3619
5944.400	0.3652
5945.300	0.3686
5946.200	0.3684
5947.100	0.3590
5948.000	0.3427
5948.900	0.3268
5949.800	0.3182
5950.700	0.3188
5951.600	0.3259
5952.500	0.3346
5953.400	0.3406
5954.300	0.3389
5955.200	0.3263
5956.100	0.3126
5957.000	0.3092
5957.900	0.3123
5958.800	0.3171
5959.700	0.3252
5960.600	0.3336
5961.500	0.3380
5962.400	0.3381
5963.300	0.3385
5964.200	0.3424
5965.100	0.3466
5966.000	0.3503
5966.900	0.3558
5967.800	0.3618
5968.700	0.3666
5969.600	0.3709
5970.500	0.3732
5971.400	0.3693
5972.300	0.3624
5973.200	0.3599
5974.100	0.3635
5975.000	0.3694
5975.900	0.3713
5976.800	0.3681
5977.700	0.3654
5978.600	0.3667
5979.500	0.3725
5980.400	0.3793
5981.300	0.3838
5982.200	0.3866
5983.100	0.3860
5984.000	0.3849
5984.900	0.3906
5985.800	0.4034
5986.700	0.4134
5987.600	0.4135
5988.500	0.4128
5989.400	0.4183
5990.300	0.4269
5991.200	0.4334
5992.100	0.4398
5993.000	0.4506
5993.900	0.4599
5994.800	0.4631
5995.700	0.4613
5996.600	0.4564
5997.500	0.4528
5998.400	0.4464
5999.300	0.4296
6000.200	0.4092
6001.100	0.3999
6002.000	0.4036
6002.900	0.4143
6003.800	0.4254
6004.700	0.4284
6005.600	0.4199
6006.500	0.4086
6007.400	0.4054
6008.300	0.4081
6009.200	0.4133
6010.100	0.4212
6011.000	0.4278
6011.900	0.4312
6012.800	0.4311
6013.700	0.4337
6014.600	0.4418
6015.500	0.4495
6016.400	0.4517
6017.300	0.4508
6018.200	0.4553
6019.100	0.4648
6020.000	0.4727
6020.900	0.4763
6021.800	0.4773
6022.700	0.4766
6023.600	0.4731
6024.500	0.4752
6025.400	0.4853
6026.300	0.4911
6027.200	0.4899
6028.100	0.4900
6029.000	0.4940
6029.900	0.4964
6030.800	0.4940
6031.700	0.4929
6032.600	0.5007
6033.500	0.5167
6034.400	0.5232
6035.300	0.5021
6036.200	0.4638
6037.100	0.4457
6038.000	0.4616
6038.900	0.4825
6039.800	0.4928
6040.700	0.5015
6041.600	0.5113
6042.500	0.5205
6043.400	0.5298
6044.300	0.5366
6045.200	0.5418
6046.100	0.5486
6047.000	0.5556
6047.900	0.5561
6048.800	0.5524
6049.700	0.5535
6050.600	0.5510
6051.500	0.5383
6052.400	0.5314
6053.300	0.5382
6054.200	0.5483
6055.100	0.5568
6056.000	0.5591
6056.900	0.5483
6057.800	0.5315
6058.700	0.5309
6059.600	0.5443
6060.500	0.5529
6061.400	0.5555
6062.300	0.5524
6063.200	0.5379
6064.100	0.5147
6065.000	0.4981
6065.900	0.5089
6066.800	0.5406
6067.700	0.5690
6068.600	0.5860
6069.500	0.5963
6070.400	0.6022
6071.300	0.5972
6072.200	0.5771
6073.100	0.5603
6074.000	0.5685
6074.900	0.5889
6075.800	0.6038
6076.700	0.6120
6077.600	0.6020
6078.500	0.5695
6079.400	0.5309
6080.300	0.5086
6081.200	0.5133
6082.100	0.5314
6083.000	0.5529
6083.900	0.5704
6084.800	0.5733
6085.700	0.5712
6086.600	0.5761
6087.500	0.5794
6088.400	0.5782
6089.300	0.5726
6090.200	0.5680
6091.100	0.5750
6092.000	0.5882
6092.900	0.5960
6093.800	0.6070
6094.700	0.6261
6095.600	0.6353
6096.500	0.6278
6097.400	0.6247
6098.300	0.6364
6099.200	0.6506
6100.100	0.6525
6101.000	0.6303
6101.900	0.5851
6102.800	0.5539
6103.700	0.5622
6104.600	0.5878
6105.500	0.6114
6106.400	0.6260
6107.300	0.6297
6108.200	0.6311
6109.100	0.6227
6110.000	0.6043
6110.900	0.5967
6111.800	0.6108
6112.700	0.6375
6113.600	0.6602
6114.500	0.6679
6115.400	0.6513
6116.300	0.6219
6117.200	0.6146
6118.100	0.6243
6119.000	0.6184
6119.900	0.5995
6120.800	0.5829
6121.700	0.5735
6122.600	0.5911
6123.500	0.6393
6124.400	0.6742
6125.300	0.6721
6126.200	0.6572
6127.100	0.6510
6128.000	0.6553
6128.900	0.6722
6129.800	0.7011
6130.700	0.7173
6131.600	0.7013
6132.500	0.6749
6133.400	0.6581
6134.300	0.6403
6135.200	0.6226
6136.100	0.6164
6137.000	0.6194
6137.900	0.6421
6138.800	0.6869
6139.700	0.7199
6140.600	0.7182
6141.500	0.7006
6142.400	0.7100
6143.300	0.7469
6144.200	0.7809
6145.100	0.7944
6146.000	0.7822
6146.900	0.7547
6147.800	0.6912
6148.700	0.5766
6149.600	0.4870
6150.500	0.4898
6151.400	0.5415
6152.300	0.5774
6153.200	0.5774
6154.100	0.5514
6155.000	0.5287
6155.900	0.5213
6156.800	0.5082
6157.700	0.4639
6158.600	0.3920
6159.500	0.3375
6160.400	0.3163
6161.300	0.3015
6162.200	0.2893
6163.100	0.2891
6164.000	0.2963
6164.900	0.3037
6165.800	0.3099
6166.700	0.3150
6167.600	0.3200
6168.500	0.3252
6169.400	0.3286
6170.300	0.3313
6171.200	0.3397
6172.100	0.3469
6173.000	0.3409
6173.900	0.3207
6174.800	0.3008
6175.700	0.2990
6176.600	0.3104
6177.500	0.3237
6178.400	0.3371
6179.300	0.3470
6180.200	0.3522
6181.100	0.3563
6182.000	0.3574
6182.900	0.3477
6183.800	0.3296
6184.700	0.3153
6185.600	0.3021
6186.500	0.2852
6187.400	0.2774
6188.300	0.2840
6189.200	0.2884
6190.100	0.2793
6191.000	0.2673
6191.900	0.2649
6192.800	0.2693
6193.700	0.2747
6194.600	0.2789
6195.500	0.2831
6196.400	0.2888
6197.300	0.2952
6198.200	0.3008
6199.100	0.3018
6200.000	0.3005
6200.900	0.3025
6201.800	0.3084
6202.700	0.3173
6203.600	0.3219
6204.500	0.3210
6205.400	0.3212
6206.300	0.3247
6207.200	0.3290
6208.100	0.3311
6209.000	0.3312
6209.900	0.3297
6210.800	0.3256
6211.700	0.3227
6212.600	0.3207
6213.500	0.3115
6214.400	0.2911
6215.300	0.2671
6216.200	0.2572
6217.100	0.2657
6218.000	0.2782
6218.900	0.2874
6219.800	0.2955
6220.700	0.3026
6221.600	0.2985
6222.500	0.2767
6223.400	0.2548
6224.300	0.2484
6225.200	0.2507
6226.100	0.2541
6227.000	0.2582
6227.900	0.2635
6228.800	0.2677
6229.700	0.2699
6230.600	0.2689
6231.500	0.2693
6232.400	0.2749
6233.300	0.2819
6234.200	0.2876
6235.100	0.2917
6236.000	0.2928
6236.900	0.2923
6237.800	0.2918
6238.700	0.2894
6239.600	0.2857
6240.500	0.2871
6241.400	0.2920
6242.300	0.2916
6243.200	0.2864
6244.100	0.2870
6245.000	0.2956
6245.900	0.3053
6246.800	0.3128
6247.700	0.3181
6248.600	0.3199
6249.500	0.3196
6250.400	0.3198
6251.300	0.3210
6252.200	0.3246
6253.100	0.3299
6254.000	0.3349
6254.900	0.3392
6255.800	0.3408
6256.700	0.3390
6257.600	0.3321
6258.500	0.3265
6259.400	0.3325
6260.300	0.3449
6261.200	0.3543
6262.100	0.3637
6263.000	0.3750
6263.900	0.3792
6264.800	0.3763
6265.700	0.3747
6266.600	0.3705
6267.500	0.3589
6268.400	0.3460
6269.300	0.3435
6270.200	0.3545
6271.100	0.3699
6272.000	0.3824
6272.900	0.3855
6273.800	0.3789
6274.700	0.3696
6275.600	0.3602
6276.500	0.3534
6277.400	0.3542
6278.300	0.3611
6279.200	0.3652
6280.100	0.3650
6281.000	0.3688
6281.900	0.3794
6282.800	0.3914
6283.700	0.3997
6284.600	0.4019
6285.500	0.4035
6286.400	0.4118
6287.300	0.4226
6288.200	0.4297
6289.100	0.4328
6290.000	0.4342
6290.900	0.4335
6291.800	0.4276
6292.700	0.4223
6293.600	0.4234
6294.500	0.4219
6295.400	0.4101
6296.300	0.4012
6297.200	0.4064
6298.100	0.4220
6299.000	0.4378
6299.900	0.4480
6300.800	0.4524
6301.700	0.4528
6302.600	0.4521
6303.500	0.4555
6304.400	0.4581
6305.300	0.4558
6306.200	0.4611
6307.100	0.4779
6308.000	0.4934
6308.900	0.5023
6309.800	0.5041
6310.700	0.5006
6311.600	0.4994
6312.500	0.5079
6313.400	0.5191
6314.300	0.5240
6315.200	0.5285
6316.100	0.5372
6317.000	0.5424
6317.900	0.5380
6318.800	0.5356
6319.700	0.5394
6320.600	0.5301
6321.500	0.5035
6322.400	0.4901
6323.300	0.5000
6324.200	0.5085
6325.100	0.5061
6326.000	0.5121
6326.900	0.5298
6327.800	0.5392
6328.700	0.5327
6329.600	0.5210
6330.500	0.5211
6331.400	0.5353
6332.300	0.5490
6333.200	0.5592
6334.100	0.5631
6335.000	0.5537
6335.900	0.5460
6336.800	0.5541
6337.700	0.5709
6338.600	0.5862
6339.500	0.5970
6340.400	0.6064
6341.300	0.6152
6342.200	0.6204
6343.100	0.6166
6344.000	0.6025
6344.900	0.5841
6345.800	0.5766
6346.700	0.5858
6347.600	0.5988
6348.500	0.6096
6349.400	0.6160
6350.300	0.6065
6351.200	0.5799
6352.100	0.5545
6353.000	0.5477
6353.900	0.5504
6354.800	0.5481
6355.700	0.5432
6356.600	0.5337
6357.500	0.5136
6358.400	0.4956
6359.300	0.4956
6360.200	0.5086
6361.100	0.5215
6362.000	0.5322
6362.900	0.5397
6363.800	0.5449
6364.700	0.5538
6365.600	0.5641
6366.500	0.5732
6367.400	0.5870
6368.300	0.6035
6369.200	0.6125
6370.100	0.6148
6371.000	0.6166
6371.900	0.6191
6372.800	0.6251
6373.700	0.6334
6374.600	0.6410
6375.500	0.6521
6376.400	0.6667
6377.300	0.6677
6378.200	0.6474
6379.100	0.6303
6380.000	0.6380
6380.900	0.6554
6381.800	0.6640
6382.700	0.6614
6383.600	0.6391
6384.500	0.6042
6385.400	0.5888
6386.300	0.6016
6387.200	0.6168
6388.100	0.6206
6389.000	0.6245
6389.900	0.6323
6390.800	0.6396
6391.700	0.6413
6392.600	0.6344
6393.500	0.6331
6394.400	0.6476
6395.300	0.6696
6396.200	0.6897
6397.100	0.7002
6398.000	0.7019
6398.900	0.6945
6399.800	0.6740
6400.700	0.6689
6401.600	0.6991
6402.500	0.7331
6403.400	0.7500
6404.300	0.7550
6405.200	0.7540
6406.100	0.7520
6407.000	0.7519
6407.900	0.7525
6408.800	0.7555
6409.700	0.7613
6410.600	0.7565
6411.500	0.7369
6412.400	0.7099
6413.300	0.6861
6414.200	0.6702
6415.100	0.6583
6416.000	0.6611
6416.900	0.6789
6417.800	0.6830
6418.700	0.6648
6419.600	0.6377
6420.500	0.6062
6421.400	0.5852
6422.300	0.5958
6423.200	0.6193
6424.100	0.6283
6425.000	0.6316
6425.900	0.6408
6426.800	0.6499
6427.700	0.6590
6428.600	0.6677
6429.500	0.6622
6430.400	0.6445
6431.300	0.6386
6432.200	0.6583
6433.100	0.6828
6434.000	0.6921
6434.900	0.6916
6435.800	0.6989
6436.700	0.7206
6437.600	0.7298
6438.500	0.7165
6439.400	0.7089
6440.300	0.7283
6441.200	0.7624
6442.100	0.7854
6443.000	0.7942
6443.900	0.7967
6444.800	0.7946
6445.700	0.7866
6446.600	0.7680
6447.500	0.7289
6448.400	0.6817
6449.300	0.6577
6450.200	0.6613
6451.100	0.6779
6452.000	0.6982
6452.900	0.7188
6453.800	0.7345
6454.700	0.7380
6455.600	0.7347
6456.500	0.7400
6457.400	0.7581
6458.300	0.7744
6459.200	0.7846
6460.100	0.7883
6461.000	0.7841
6461.900	0.7622
6462.800	0.7386
6463.700	0.7571
6464.600	0.7951
6465.500	0.8112
6466.400	0.8137
6467.300	0.8250
6468.200	0.8443
6469.100	0.8482
6470.000	0.8417
6470.900	0.8405
6471.800	0.8415
6472.700	0.8344
6473.600	0.7951
6474.500	0.7435
6475.400	0.7335
6476.300	0.7637
6477.200	0.7882
6478.100	0.7714
6479.000	0.7210
6479.900	0.6813
6480.800	0.6663
6481.700	0.6545
6482.600	0.6374
6483.500	0.6242
6484.400	0.6117
6485.300	0.6052
6486.200	0.6181
6487.100	0.6396
6488.000	0.6539
6488.900	0.6580
6489.800	0.6543
6490.700	0.6548
6491.600	0.6694
6492.500	0.6831
6493.400	0.6750
6494.300	0.6478
6495.200	0.6213
6496.100	0.6030
6497.000	0.5971
6497.900	0.6109
6498.800	0.6294
6499.700	0.6456
6500.600	0.6685
6501.500	0.6873
6502.400	0.6982
6503.300	0.7017
6504.200	0.6987
6505.100	0.7046
6506.000	0.7221
6506.900	0.7307
6507.800	0.7125
6508.700	0.6945
6509.600	0.7044
6510.500	0.7273
6511.400	0.7341
6512.300	0.7151
6513.200	0.6947
6514.100	0.6937
6515.000	0.7004
6515.900	0.7016
6516.800	0.6983
6517.700	0.6953
6518.600	0.6963
6519.500	0.7047
6520.400	0.7215
6521.300	0.7365
6522.200	0.7460
6523.100	0.7535
6524.000	0.7605
6524.900	0.7647
6525.800	0.7667
6526.700	0.7700
6527.600	0.7762
6528.500	0.7922
6529.400	0.8111
6530.300	0.8174
6531.200	0.8139
6532.100	0.8021
6533.000	0.7948
6533.900	0.8103
6534.800	0.8333
6535.700	0.8463
6536.600	0.8482
6537.500	0.8391
6538.400	0.8366
6539.300	0.8534
6540.200	0.8753
6541.100	0.8748
6542.000	0.8467
6542.900	0.7996
6543.800	0.7513
6544.700	0.7228
6545.600	0.7171
6546.500	0.7198
6547.400	0.7307
6548.300	0.7335
6549.200	0.7158
6550.100	0.6869
6551.000	0.6654
6551.900	0.6639
6552.800	0.6761
6553.700	0.6806
6554.600	0.6747
6555.500	0.6768
6556.400	0.6851
6557.300	0.7011
6558.200	0.7247
6559.100	0.7441
6560.000	0.7511
6560.900	0.7316
6561.800	0.6585
6562.700	0.5486
6563.600	0.5224
6564.500	0.5981
6565.400	0.6522
6566.300	0.6566
6567.200	0.6493
6568.100	0.6503
6569.000	0.6517
6569.900	0.6559
6570.800	0.6637
6571.700	0.6555
6572.600	0.6339
6573.500	0.6294
6574.400	0.6483
6575.300	0.6652
6576.200	0.6730
6577.100	0.6696
6578.000	0.6525
6578.900	0.6290
6579.800	0.6173
6580.700	0.6219
6581.600	0.6389
6582.500	0.6675
6583.400	0.6881
6584.300	0.6951
6585.200	0.7001
6586.100	0.7059
6587.000	0.7197
6587.900	0.7327
6588.800	0.7360
6589.700	0.7315
6590.600	0.7179
6591.500	0.6955
6592.400	0.6675
6593.300	0.6411
6594.200	0.6240
6595.100	0.6285
6596.000	0.6483
6596.900	0.6601
6597.800	0.6551
6598.700	0.6386
6599.600	0.6314
6600.500	0.6454
6601.400	0.6589
6602.300	0.6642
6603.200	0.6716
6604.100	0.6740
6605.000	0.6643
6605.900	0.6535
6606.800	0.6527
6607.700	0.6562
6608.600	0.6525
6609.500	0.6433
6610.400	0.6437
6611.300	0.6638
6612.200	0.6815
6613.100	0.6798
6614.000	0.6699
6614.900	0.6643
6615.800	0.6614
6616.700	0.6617
6617.600	0.6582
6618.500	0.6397
6619.400	0.6242
6620.300	0.6235
6621.200	0.6237
6622.100	0.6186
6623.000	0.6125
6623.900	0.6034
6624.800	0.5820
6625.700	0.5547
6626.600	0.5428
6627.500	0.5565
6628.400	0.5766
6629.300	0.5849
6630.200	0.5937
6631.100	0.6102
6632.000	0.6236
6632.900	0.6277
6633.800	0.6175
6634.700	0.5891
6635.600	0.5541
6636.500	0.5378
6637.400	0.5442
6638.300	0.5562
6639.200	0.5665
6640.100	0.5773
6641.000	0.5897
6641.900	0.5988
6642.800	0.5973
6643.700	0.5908
6644.600	0.5936
6645.500	0.6009
6646.400	0.6005
6647.300	0.5960
6648.200	0.5890
6649.100	0.5705
6650.000	0.5320
6650.900	0.4780
6651.800	0.4291
6652.700	0.4155
6653.600	0.4362
6654.500	0.4596
6655.400	0.4669
6656.300	0.4611
6657.200	0.4560
6658.100	0.4567
6659.000	0.4610
6659.900	0.4668
6660.800	0.4717
6661.700	0.4752
6662.600	0.4770
6663.500	0.4823
6664.400	0.4986
6665.300	0.5152
6666.200	0.5189
6667.100	0.5161
6668.000	0.5173
6668.900	0.5236
6669.800	0.5279
6670.700	0.5298
6671.600	0.5348
6672.500	0.5401
6673.400	0.5406
6674.300	0.5379
6675.200	0.5349
6676.100	0.5328
6677.000	0.5303
6677.900	0.5231
6678.800	0.5106
6679.700	0.4888
6680.600	0.4481
6681.500	0.4028
6682.400	0.3849
6683.300	0.3989
6684.200	0.4192
6685.100	0.4248
6686.000	0.4202
6686.900	0.4205
6687.800	0.4278
6688.700	0.4356
6689.600	0.4394
6690.500	0.4390
6691.400	0.4362
6692.300	0.4353
6693.200	0.4378
6694.100	0.4405
6695.000	0.4434
6695.900	0.4473
6696.800	0.4517
6697.700	0.4580
6698.600	0.4651
6699.500	0.4713
6700.400	0.4772
6701.300	0.4808
6702.200	0.4828
6703.100	0.4875
6704.000	0.4920
6704.900	0.4913
6705.800	0.4893
6706.700	0.4943
6707.600	0.5040
6708.500	0.5102
6709.400	0.5113
6710.300	0.5098
6711.200	0.5084
6712.100	0.5047
6713.000	0.4913
6713.900	0.4574
6714.800	0.4118
6715.700	0.3858
6716.600	0.3830
6717.500	0.3805
6718.400	0.3726
6719.300	0.3714
6720.200	0.3781
6721.100	0.3838
6722.000	0.3857
6722.900	0.3873
6723.800	0.3909
6724.700	0.3947
6725.600	0.3989
6726.500	0.4045
6727.400	0.4111
6728.300	0.4154
6729.200	0.4152
6730.100	0.4151
6731.000	0.4181
6731.900	0.4247
6732.800	0.4319
6733.700	0.4379
6734.600	0.4394
6735.500	0.4374
6736.400	0.4397
6737.300	0.4459
6738.200	0.4517
6739.100	0.4528
6740.000	0.4530
6740.900	0.4604
6741.800	0.4676
6742.700	0.4671
6743.600	0.4667
6744.500	0.4764
6745.400	0.4856
6746.300	0.4759
6747.200	0.4487
6748.100	0.4213
6749.000	0.4105
6749.900	0.4197
6750.800	0.4346
6751.700	0.4419
6752.600	0.4392
6753.500	0.4361
6754.400	0.4398
6755.300	0.4459
6756.200	0.4510
6757.100	0.4567
6758.000	0.4630
6758.900	0.4677
6759.800	0.4706
6760.700	0.4762
6761.600	0.4800
6762.500	0.4811
6763.400	0.4853
6764.300	0.4891
6765.200	0.4937
6766.100	0.4994
6767.000	0.5051
6767.900	0.5153
6768.800	0.5267
6769.700	0.5292
6770.600	0.5248
6771.500	0.5258
6772.400	0.5372
6773.300	0.5539
6774.200	0.5668
6775.100	0.5727
6776.000	0.5751
6776.900	0.5759
6777.800	0.5723
6778.700	0.5642
6779.600	0.5606
6780.500	0.5471
6781.400	0.5105
6782.300	0.4660
6783.200	0.4429
6784.100	0.4413
6785.000	0.4419
6785.900	0.4442
6786.800	0.4499
6787.700	0.4557
6788.600	0.4617
6789.500	0.4664
6790.400	0.4668
6791.300	0.4680
6792.200	0.4728
6793.100	0.4762
6794.000	0.4786
6794.900	0.4886
6795.800	0.5002
6796.700	0.5047
6797.600	0.5096
6798.500	0.5089
6799.400	0.5077
6800.300	0.5202
6801.200	0.5353
6802.100	0.5453
6803.000	0.5470
6803.900	0.5400
6804.800	0.5353
6805.700	0.5381
6806.600	0.5416
6807.500	0.5449
6808.400	0.5554
6809.300	0.5653
6810.200	0.5659
6811.100	0.5693
6812.000	0.5748
6812.900	0.5703
6813.800	0.5611
6814.700	0.5436
6815.600	0.5149
6816.500	0.5074
6817.400	0.5282
6818.300	0.5496
6819.200	0.5580
6820.100	0.5540
6821.000	0.5540
6821.900	0.5613
6822.800	0.5660
6823.700	0.5668
6824.600	0.5663
6825.500	0.5713
6826.400	0.5836
6827.300	0.5909
6828.200	0.5919
6829.100	0.5945
6830.000	0.5968
6830.900	0.5980
6831.800	0.6005
6832.700	0.5998
6833.600	0.6030
6834.500	0.6174
6835.400	0.6286
6836.300	0.6325
6837.200	0.6337
6838.100	0.6340
6839.000	0.6364
6839.900	0.6382
6840.800	0.6382
6841.700	0.6417
6842.600	0.6509
6843.500	0.6659
6844.400	0.6837
6845.300	0.6906
6846.200	0.6848
6847.100	0.6786
6848.000	0.6757
6848.900	0.6595
6849.800	0.6202
6850.700	0.5855
6851.600	0.5753
6852.500	0.5723
6853.400	0.5716
6854.300	0.5819
6855.200	0.5883
6856.100	0.5875
6857.000	0.5889
6857.900	0.6011
6858.800	0.6124
6859.700	0.6157
6860.600	0.6161
6861.500	0.6110
6862.400	0.6070
6863.300	0.6186
6864.200	0.6399
6865.100	0.6451
6866.000	0.6434
6866.900	0.6439
6867.800	0.6233
6868.700	0.5955
6869.600	0.5963
6870.500	0.6160
6871.400	0.6312
6872.300	0.6502
6873.200	0.6752
6874.100	0.6891
6875.000	0.7006
6875.900	0.7146
6876.800	0.7077
6877.700	0.6927
6878.600	0.6925
6879.500	0.7082
6880.400	0.7226
6881.300	0.7231
6882.200	0.7184
6883.100	0.7022
6884.000	0.6732
6884.900	0.6720
6885.800	0.7012
6886.700	0.7283
6887.600	0.7381
6888.500	0.7249
6889.400	0.7084
6890.300	0.7120
6891.200	0.7194
6892.100	0.7188
6893.000	0.7234
6893.900	0.7338
6894.800	0.7497
6895.700	0.7676
6896.600	0.7650
6897.500	0.7522
6898.400	0.7625
6899.300	0.7802
6900.200	0.7717
6901.100	0.7505
6902.000	0.7609
6902.900	0.7945
6903.800	0.8113
6904.700	0.8012
6905.600	0.8050
6906.500	0.8347
6907.400	0.8578
6908.300	0.8572
6909.200	0.8475
6910.100	0.8491
6911.000	0.8572
6911.900	0.8658
6912.800	0.8706
6913.700	0.8706
6914.600	0.8708
6915.500	0.8743
6916.400	0.8823
6917.300	0.8914
6918.200	0.8700
6919.100	0.8040
6920.000	0.7547
6920.900	0.7554
6921.800	0.7755
6922.700	0.7867
6923.600	0.7792
6924.500	0.7650
6925.400	0.7628
6926.300	0.7687
6927.200	0.7814
6928.100	0.8019
6929.000	0.8119
6929.900	0.8078
6930.800	0.8046
6931.700	0.8121
6932.600	0.8196
6933.500	0.8215
6934.400	0.8321
6935.300	0.8463
6936.200	0.8548
6937.100	0.8587
6938.000	0.8641
6938.900	0.8732
6939.800	0.8882
6940.700	0.9111
6941.600	0.9207
6942.500	0.9119
6943.400	0.9107
6944.300	0.9112
6945.200	0.8985
6946.100	0.8901
6947.000	0.9140
6947.900	0.9551
6948.800	0.9699
6949.700	0.9684
6950.600	0.9704
6951.500	0.9485
6952.400	0.9029
6953.300	0.8722
6954.200	0.8753
6955.100	0.9058
6956.000	0.9340
6956.900	0.9399
6957.800	0.9378
6958.700	0.9366
6959.600	0.9449
6960.500	0.9799
6961.400	1.0069
6962.300	1.0019
6963.200	1.0035
6964.100	1.0140
6965.000	1.0130
6965.900	1.0106
6966.800	1.0174
6967.700	1.0386
6968.600	1.0588
6969.500	1.0531
6970.400	1.0372
6971.300	1.0353
6972.200	1.0327
6973.100	1.0316
6974.000	1.0485
6974.900	1.0658
6975.800	1.0665
6976.700	1.0609
6977.600	1.0490
6978.500	1.0221
6979.400	1.0130
6980.300	1.0426
6981.200	1.0765
6982.100	1.0990
6983.000	1.1119
6983.900	1.1047
6984.800	1.1090
6985.700	1.1409
6986.600	1.1495
6987.500	1.1113
6988.400	1.0557
6989.300	1.0021
6990.200	0.9761
6991.100	0.9856
6992.000	1.0190
6992.900	1.0520
6993.800	1.0590
6994.700	1.0487
6995.600	1.0347
6996.500	1.0299
6997.400	1.0434
6998.300	1.0644
6999.200	1.0668
7000.100	1.0614
7001.000	1.0704
7001.900	1.0753
7002.800	1.0742
7003.700	1.0702
7004.600	1.0582
7005.500	1.0545
7006.400	1.0662
7007.300	1.0814
7008.200	1.0913
7009.100	1.1120
7010.000	1.1323
7010.900	1.1207
7011.800	1.1084
7012.700	1.1327
7013.600	1.1488
7014.500	1.1262
7015.400	1.0860
7016.300	1.0725
7017.200	1.1023
7018.100	1.1387
7019.000	1.1576
7019.900	1.1654
7020.800	1.1681
7021.700	1.1703
7022.600	1.1476
7023.500	1.1085
7024.400	1.1029
7025.300	1.1258
7026.200	1.1492
7027.100	1.1484
7028.000	1.1273
7028.900	1.1340
7029.800	1.1648
7030.700	1.1829
7031.600	1.1866
7032.500	1.1850
7033.400	1.1760
7034.300	1.1816
7035.200	1.2012
7036.100	1.2037
7037.000	1.1919
7037.900	1.1470
7038.800	1.0894
7039.700	1.1082
7040.600	1.1764
7041.500	1.2105
7042.400	1.2192
7043.300	1.2371
7044.200	1.2430
7045.100	1.2256
7046.000	1.2168
7046.900	1.2305
7047.800	1.2484
7048.700	1.2694
7049.600	1.2716
7050.500	1.2474
7051.400	1.2242
7052.300	1.1847
7053.200	1.0697
7054.100	0.8562
7055.000	0.6019
7055.900	0.4602
7056.800	0.4767
7057.700	0.5373
7058.600	0.5623
7059.500	0.5334
7060.400	0.4914
7061.300	0.4770
7062.200	0.4838
7063.100	0.4978
7064.000	0.5132
7064.900	0.5243
7065.800	0.5302
7066.700	0.5396
7067.600	0.5465
7068.500	0.5449
7069.400	0.5491
7070.300	0.5699
7071.200	0.5983
7072.100	0.6213
7073.000	0.6292
7073.900	0.6209
7074.800	0.6090
7075.700	0.6057
7076.600	0.6136
7077.500	0.6248
7078.400	0.6341
7079.300	0.6436
7080.200	0.6608
7081.100	0.6850
7082.000	0.7030
7082.900	0.7029
7083.800	0.6910
7084.700	0.6760
7085.600	0.6612
7086.500	0.6350
7087.400	0.5565
7088.300	0.4405
7089.200	0.3745
7090.100	0.3791
7091.000	0.4120
7091.900	0.4386
7092.800	0.4394
7093.700	0.4228
7094.600	0.4098
7095.500	0.4093
7096.400	0.4157
7097.300	0.4219
7098.200	0.4277
7099.100	0.4358
7100.000	0.4436
7100.900	0.4434
7101.800	0.4436
7102.700	0.4509
7103.600	0.4587
7104.500	0.4654
7105.400	0.4728
7106.300	0.4851
7107.200	0.5058
7108.100	0.5272
7109.000	0.5424
7109.900	0.5452
7110.800	0.5307
7111.700	0.5184
7112.600	0.5201
7113.500	0.5266
7114.400	0.5248
7115.300	0.5242
7116.200	0.5440
7117.100	0.5753
7118.000	0.5930
7118.900	0.5980
7119.800	0.6028
7120.700	0.6120
7121.600	0.6158
7122.500	0.6072
7123.400	0.5942
7124.300	0.5627
7125.200	0.4852
7126.100	0.3877
7127.000	0.3362
7127.900	0.3438
7128.800	0.3715
7129.700	0.3910
7130.600	0.3940
7131.500	0.3793
7132.400	0.3614
7133.300	0.3564
7134.200	0.3605
7135.100	0.3641
7136.000	0.3665
7136.900	0.3699
7137.800	0.3722
7138.700	0.3756
7139.600	0.3818
7140.500	0.3890
7141.400	0.3954
7142.300	0.4027
7143.200	0.4109
7144.100	0.4163
7145.000	0.4176
7145.900	0.4186
7146.800	0.4264
7147.700	0.4376
7148.600	0.4410
7149.500	0.4372
7150.400	0.4343
7151.300	0.4377
7152.200	0.4480
7153.100	0.4633
7154.000	0.4833
7154.900	0.4996
7155.800	0.5065
7156.700	0.5082
7157.600	0.5000
7158.500	0.4748
7159.400	0.4440
7160.300	0.4332
7161.200	0.4453
7162.100	0.4600
7163.000	0.4676
7163.900	0.4677
7164.800	0.4624
7165.700	0.4609
7166.600	0.4689
7167.500	0.4795
7168.400	0.4828
7169.300	0.4803
7170.200	0.4848
7171.100	0.5005
7172.000	0.5129
7172.900	0.5114
7173.800	0.5054
7174.700	0.5101
7175.600	0.5250
7176.500	0.5334
7177.400	0.5307
7178.300	0.5302
7179.200	0.5420
7180.100	0.5554
7181.000	0.5583
7181.900	0.5606
7182.800	0.5692
7183.700	0.5783
7184.600	0.5854
7185.500	0.5888
7186.400	0.5855
7187.300	0.5820
7188.200	0.5846
7189.100	0.5938
7190.000	0.6071
7190.900	0.6132
7191.800	0.6044
7192.700	0.5999
7193.600	0.6065
7194.500	0.6118
7195.400	0.6081
7196.300	0.5907
7197.200	0.5538
7198.100	0.5110
7199.000	0.4984
7199.900	0.5148
7200.800	0.5219
7201.700	0.5245
7202.600	0.5373
7203.500	0.5431
7204.400	0.5330
7205.300	0.5250
7206.200	0.5209
7207.100	0.5156
7208.000	0.5184
7208.900	0.5210
7209.800	0.5212
7210.700	0.5329
7211.600	0.5500
7212.500	0.5602
7213.400	0.5645
7214.300	0.5669
7215.200	0.5695
7216.100	0.5712
7217.000	0.5748
7217.900	0.5906
7218.800	0.6106
7219.700	0.6149
7220.600	0.6149
7221.500	0.6219
7222.400	0.6252
7223.300	0.6242
7224.200	0.6298
7225.100	0.6483
7226.000	0.6633
7226.900	0.6699
7227.800	0.6826
7228.700	0.6844
7229.600	0.6748
7230.500	0.6718
7231.400	0.6668
7232.300	0.6556
7233.200	0.6574
7234.100	0.6732
7235.000	0.6945
7235.900	0.7105
7236.800	0.7115
7237.700	0.7131
7238.600	0.7198
7239.500	0.7241
7240.400	0.7233
7241.300	0.7172
7242.200	0.7290
7243.100	0.7452
7244.000	0.7359
7244.900	0.7287
7245.800	0.7469
7246.700	0.7738
7247.600	0.8016
7248.500	0.8382
7249.400	0.8570
7250.300	0.8383
7251.200	0.8060
7252.100	0.7766
7253.000	0.7635
7253.900	0.7700
7254.800	0.7970
7255.700	0.8484
7256.600	0.8623
7257.500	0.8445
7258.400	0.8484
7259.300	0.8652
7260.200	0.8657
7261.100	0.8526
7262.000	0.8609
7262.900	0.8969
7263.800	0.9246
7264.700	0.9246
7265.600	0.9078
7266.500	0.8971
7267.400	0.9251
7268.300	0.9741
7269.200	0.9805
7270.100	0.9164
7271.000	0.8407
7271.900	0.8073
7272.800	0.8180
7273.700	0.8557
7274.600	0.9000
7275.500	0.9245
7276.400	0.9202
7277.300	0.8966
7278.200	0.8776
7279.100	0.8848
7280.000	0.8941
7280.900	0.8827
7281.800	0.8632
7282.700	0.8670
7283.600	0.8874
7284.500	0.8904
7285.400	0.8959
7286.300	0.9239
7287.200	0.9406
7288.100	0.9320
7289.000	0.9325
7289.900	0.9454
7290.800	0.9263
7291.700	0.8941
7292.600	0.9014
7293.500	0.9356
7294.400	0.9668
7295.300	0.9988
7296.200	1.0302
7297.100	1.0487
7298.000	1.0450
7298.900	1.0263
7299.800	1.0102
7300.700	1.0244
7301.600	1.0700
7302.500	1.0981
7303.400	1.0852
7304.300	1.0747
7305.200	1.0864
7306.100	1.0930
7307.000	1.0975
7307.900	1.1178
7308.800	1.1420
7309.700	1.1484
7310.600	1.1326
7311.500	1.1179
7312.400	1.1260
7313.300	1.1412
7314.200	1.1456
7315.100	1.1338
7316.000	1.1162
7316.900	1.1157
7317.800	1.1249
7318.700	1.1375
7319.600	1.1692
7320.500	1.1972
7321.400	1.1904
7322.300	1.1739
7323.200	1.1601
7324.100	1.1470
7325.000	1.1460
7325.900	1.1490
7326.800	1.1596
7327.700	1.2046
7328.600	1.2504
7329.500	1.2518
7330.400	1.2240
7331.300	1.1936
7332.200	1.1774
7333.100	1.1911
7334.000	1.2228
7334.900	1.2412
7335.800	1.2452
7336.700	1.2659
7337.600	1.2901
7338.500	1.2905
7339.400	1.2976
7340.300	1.3269
7341.200	1.3477
7342.100	1.3312
7343.000	1.2790
7343.900	1.2105
7344.800	1.1685
7345.700	1.1917
7346.600	1.2509
7347.500	1.2927
7348.400	1.3114
7349.300	1.3165
7350.200	1.3074
7351.100	1.2896
7352.000	1.2780
7352.900	1.2765
7353.800	1.2771
7354.700	1.2650
7355.600	1.2275
7356.500	1.1790
7357.400	1.1639
7358.300	1.2132
7359.200	1.2944
7360.100	1.3310
7361.000	1.3035
7361.900	1.2668
7362.800	1.2482
7363.700	1.2466
7364.600	1.2647
7365.500	1.2949
7366.400	1.3190
7367.300	1.3450
7368.200	1.3840
7369.100	1.4065
7370.000	1.4101
7370.900	1.4184
7371.800	1.4286
7372.700	1.4264
7373.600	1.4156
7374.500	1.4120
7375.400	1.4155
7376.300	1.4213
7377.200	1.4316
7378.100	1.4439
7379.000	1.4553
7379.900	1.4537
7380.800	1.4280
7381.700	1.3877
7382.600	1.3562
7383.500	1.3520
7384.400	1.3595
7385.300	1.3443
7386.200	1.3245
7387.100	1.3301
7388.000	1.3403
7388.900	1.3279
7389.800	1.3022
7390.700	1.2954
7391.600	1.3160
7392.500	1.3454
7393.400	1.3590
7394.300	1.3604
7395.200	1.3762
7396.100	1.4029
7397.000	1.4243
7397.900	1.4158
7398.800	1.3863
7399.700	1.3570
7400.600	1.3578
7401.500	1.3971
7402.400	1.4431
7403.300	1.4675
7404.200	1.4749
7405.100	1.4720
7406.000	1.4656
7406.900	1.4623
7407.800	1.4564
7408.700	1.4488
7409.600	1.4448
7410.500	1.4417
7411.400	1.4371
7412.300	1.1760
7413.200	0.2712
7414.100	0.0056
7415.000	0.0000
7415.900	0.0000
7416.800	0.0000
7417.700	0.0000
7418.600	0.0000
7419.500	0.0000
7420.400	0.0000
7421.300	0.0000
7422.200	0.0000
7423.100	0.0000
7424.000	0.0000
7424.900	0.0000
7425.800	0.0000
7426.700	0.0000
7427.600	0.0000
7428.500	0.0000
